instance: ../../../../../Master/consistency/data/FARZ_consistency_10.gml
nodes: 80
edges: 1923
runs: 5
operations per iteration: 100000
best solution:
[[0: 0, 1, 2, 3, 4, 5, 6, 7, 8, 9, 10, 11, 12, 13, 14, 15, 16, 17, 18, 19, 20, 21, 22, 23, 24, 25, 26, 27, 28, 29, 30, 31, 32, 33, 34, 35, 36, 37, 38, 39, 40, 41, 42, 43, 44, 45, 46, 47, 48, 49, 50, 51, 52, 53, 54, 55, 56, 59, ], [60: 4, 19, 21, 25, 57, 60, 62, 63, 64, 65, ], [63: 15, 19, 22, 25, 27, 28, 47, 50, 58, 61, ], [142: 1, 4, 5, 13, 20, 21, 23, 24, 28, 45, 61, 62, ], [151: 3, 10, 37, 57, 61, ], [384: 16, 19, 63, 66, 67, 68, 70, ], [428: 1, 9, 23, 27, 32, 35, 43, 48, 58, 60, 63, ], [456: 9, 20, 22, 32, 40, 57, 60, 65, ], [640: 3, 7, 12, 24, 26, 41, 46, 48, 51, 58, 59, 68, ], [647: 0, 2, 16, 17, 30, 35, 36, 38, 48, 55, 56, 57, 58, 59, 61, 62, 64, ], [820: 7, 32, 67, 71, ], [839: 21, 25, 42, 72, 75, ], [862: 5, 25, 69, 70, ], [958: 19, 25, 34, 66, 71, ], [1022: 6, 8, 29, 30, 37, 52, 54, 58, 60, ], [1026: 16, 65, 66, 69, ], [1089: 8, 73, 76, ], [1099: 7, 12, 14, 29, 31, 32, 42, 44, 54, 57, 62, ], [1176: 1, 43, 77, ], [1177: 79, ], [1178: 7, 62, 74, ], [1179: 21, 52, 78, ], ]
cost of best solution: 273
average cost of solutions: 274.4
average last operation finding best solution: 61108.8
average runtime: 37.6735
------------------
average time of add_all_nodes_to_neighbours: 0
average time of random_choice_split: 0
average time of weighted_random_merge: 0
average time of label_propagation_round 0
average time of remove_nodes_ 0
average time of add_node_to_all 0
------------------
average improvement of add_all_nodes_to_neighbours -0.124609
per second: -inf
average improvement of random_choice_split 0.0888039
per second: inf
average improvement of weighted_random_merge -0.261556
per second: -inf
average improvement of label_propagation_round -0.00587951
per second: -inf
average improvement of remove_nodes_ 0.281216
per second: inf
average improvement of add_node_to_all 0.251576
per second: inf
all solutions:
------------------
iteration 0: [[0: 0, 1, 2, 3, 4, 5, 6, 7, 8, 9, 10, 11, 12, 13, 14, 15, 16, 17, 18, 19, 20, 21, 22, 23, 24, 25, 26, 27, 28, 29, 30, 31, 32, 33, 34, 35, 36, 37, 38, 39, 40, 41, 42, 43, 44, 45, 46, 47, 48, 49, 50, 51, 52, 53, 54, 55, 56, 58, 59, ], [64: 1, 5, 13, 20, 23, 24, 28, 38, 45, 61, 62, ], [137: 3, 12, 16, 17, 22, 31, 37, 55, 57, 61, ], [372: 21, 29, 32, 44, 54, 57, 58, 60, 62, ], [417: 21, 25, 42, 72, 75, ], [443: 4, 19, 25, 30, 35, 48, 57, 60, 61, 62, 63, 64, ], [505: 7, 19, 34, 66, 67, 68, 71, ], [661: 0, 2, 14, 36, 56, 57, 62, 64, ], [736: 1, 23, 27, 43, 60, 63, ], [886: 56, 65, 73, ], [911: 8, 73, 76, ], [929: 16, 25, 65, 66, 69, 70, ], [939: 9, 20, 22, 40, 60, 65, ], [946: 12, 26, 31, 51, 59, 62, 68, ], [975: 10, 21, 47, 58, 61, 63, ], [994: 7, 62, 74, ], [1019: 16, 62, 63, 65, 68, 70, ], [1025: 77, ], [1027: 78, ], [1028: 79, ], ]
edge deletions: 93
edge additions: 93
vertex splittings: 90
cost of solution: 276
time used on iteration: 36.5271
best solution found at iteration 63845
omega: 0
ONMI: 0
Majority accuracy: 1
Majority inaccuracy: 0
EQ: 0.405871
------------------
iteration 1: [[0: 0, 1, 2, 3, 4, 5, 6, 7, 8, 9, 10, 11, 12, 13, 14, 15, 16, 17, 18, 19, 20, 21, 22, 23, 24, 25, 26, 27, 28, 29, 30, 31, 32, 33, 34, 35, 36, 37, 38, 39, 40, 41, 42, 43, 44, 45, 46, 47, 48, 49, 50, 51, 52, 53, 54, 55, 56, 58, 59, ], [15: 0, 1, 5, 13, 20, 23, 25, 28, 30, 45, 59, 61, 62, ], [81: 4, 19, 21, 25, 32, 57, 60, 62, 63, 64, 65, ], [113: 3, 10, 12, 16, 17, 31, 37, 38, 55, 57, 61, ], [333: 29, 44, 54, 57, 58, 60, 62, ], [385: 9, 22, 40, 57, 60, 65, ], [440: 0, 2, 14, 35, 36, 48, 56, 57, 62, 64, ], [531: 16, 19, 63, 65, 66, 68, ], [671: 8, 73, 76, ], [689: 58, 63, 75, ], [720: 5, 25, 69, 70, ], [759: 1, 23, 27, 35, 43, 48, 60, 63, ], [890: 56, 71, 73, ], [914: 7, 19, 32, 67, 71, ], [922: 66, 67, 68, 70, ], [949: 21, 25, 42, 72, 75, ], [961: 7, 12, 24, 26, 31, 51, 62, 68, ], [974: 74, ], [975: 77, ], [977: 25, 34, 66, 71, ], [978: 79, ], [979: 78, ], ]
edge deletions: 97
edge additions: 86
vertex splittings: 94
cost of solution: 277
time used on iteration: 35.4694
best solution found at iteration 50620
omega: 0
ONMI: 0
Majority accuracy: 1
Majority inaccuracy: 0
EQ: 0.407886
------------------
iteration 2: [[0: 0, 1, 2, 3, 4, 5, 6, 7, 8, 9, 10, 11, 12, 13, 14, 15, 16, 17, 18, 19, 20, 21, 22, 23, 24, 25, 26, 27, 28, 29, 30, 31, 32, 33, 34, 35, 36, 37, 38, 39, 40, 41, 42, 43, 44, 45, 46, 47, 48, 49, 50, 51, 52, 53, 54, 55, 56, 59, ], [60: 4, 19, 21, 25, 57, 60, 62, 63, 64, 65, ], [63: 15, 19, 22, 25, 27, 28, 47, 50, 58, 61, ], [142: 1, 4, 5, 13, 20, 21, 23, 24, 28, 45, 61, 62, ], [151: 3, 10, 37, 57, 61, ], [384: 16, 19, 63, 66, 67, 68, 70, ], [428: 1, 9, 23, 27, 32, 35, 43, 48, 58, 60, 63, ], [456: 9, 20, 22, 32, 40, 57, 60, 65, ], [640: 3, 7, 12, 24, 26, 41, 46, 48, 51, 58, 59, 68, ], [647: 0, 2, 16, 17, 30, 35, 36, 38, 48, 55, 56, 57, 58, 59, 61, 62, 64, ], [820: 7, 32, 67, 71, ], [839: 21, 25, 42, 72, 75, ], [862: 5, 25, 69, 70, ], [958: 19, 25, 34, 66, 71, ], [1022: 6, 8, 29, 30, 37, 52, 54, 58, 60, ], [1026: 16, 65, 66, 69, ], [1089: 8, 73, 76, ], [1099: 7, 12, 14, 29, 31, 32, 42, 44, 54, 57, 62, ], [1176: 1, 43, 77, ], [1177: 79, ], [1178: 7, 62, 74, ], [1179: 21, 52, 78, ], ]
edge deletions: 66
edge additions: 82
vertex splittings: 125
cost of solution: 273
time used on iteration: 38.087
best solution found at iteration 78629
omega: 0
ONMI: 0
Majority accuracy: 1
Majority inaccuracy: 0
EQ: 0.39141
------------------
iteration 3: [[48: 0, 1, 2, 3, 4, 5, 6, 7, 8, 9, 10, 11, 12, 13, 14, 15, 16, 17, 18, 19, 20, 21, 22, 23, 24, 25, 26, 27, 28, 29, 30, 31, 32, 33, 34, 35, 36, 37, 38, 39, 40, 41, 42, 43, 44, 45, 46, 47, 48, 49, 50, 51, 52, 53, 54, 55, 56, 58, 59, ], [64: 4, 19, 21, 25, 32, 35, 60, 62, 63, 64, 65, ], [68: 0, 4, 12, 16, 19, 21, 25, 31, 35, 38, 48, 56, 57, 58, 61, 62, ], [71: 7, 19, 34, 66, 67, 68, 71, ], [73: 1, 23, 27, 43, 48, 58, 60, 63, ], [305: 47, 63, 70, ], [428: 9, 20, 22, 40, 60, 65, ], [510: 21, 25, 42, 72, 75, ], [557: 16, 63, 65, 66, 68, ], [806: 1, 5, 13, 20, 23, 24, 28, 30, 45, 59, 61, 62, ], [816: 3, 10, 17, 22, 37, 55, 57, 61, ], [859: 25, 66, 69, 70, ], [876: 2, 30, 36, 48, 64, 67, ], [933: 46, 68, 70, ], [1047: 0, 64, 67, 70, ], [1074: 2, 14, 29, 36, 42, 44, 54, 57, 62, ], [1079: 8, 73, 76, ], [1116: 7, 62, 74, ], [1125: 56, 65, 73, ], [1129: 78, ], [1131: 79, ], [1132: 77, ], ]
edge deletions: 88
edge additions: 87
vertex splittings: 98
cost of solution: 273
time used on iteration: 38.4485
best solution found at iteration 63241
omega: 0
ONMI: 0
Majority accuracy: 1
Majority inaccuracy: 0
EQ: 0.409696
------------------
iteration 4: [[36: 1, 5, 13, 20, 23, 24, 28, 30, 45, 59, 61, 62, ], [50: 0, 1, 2, 3, 4, 5, 6, 7, 8, 9, 10, 11, 12, 13, 14, 15, 16, 17, 18, 19, 20, 21, 22, 23, 24, 25, 26, 27, 28, 29, 30, 31, 32, 33, 34, 35, 36, 37, 38, 39, 40, 41, 42, 43, 44, 45, 46, 47, 48, 49, 50, 51, 52, 53, 54, 55, 56, 58, 59, ], [57: 3, 17, 22, 37, 55, 57, 61, ], [63: 1, 23, 27, 43, 48, 58, 60, 63, ], [65: 2, 30, 36, 48, 64, 67, ], [93: 0, 4, 12, 16, 19, 21, 25, 31, 35, 38, 48, 56, 57, 58, 61, 62, ], [120: 16, 63, 65, 66, 68, ], [146: 4, 19, 21, 25, 35, 60, 62, 63, 64, 65, ], [193: 2, 7, 14, 29, 32, 36, 42, 44, 54, 57, 62, ], [235: 21, 25, 42, 72, 75, ], [379: 7, 19, 34, 66, 67, 68, 71, ], [782: 25, 66, 69, 70, ], [819: 0, 64, 67, 70, ], [823: 9, 20, 22, 32, 40, 60, 65, ], [859: 46, 68, 70, ], [931: 8, 73, 76, ], [942: 74, ], [943: 9, 10, 57, 63, ], [946: 77, ], [948: 52, 78, ], [949: 79, ], ]
edge deletions: 91
edge additions: 86
vertex splittings: 96
cost of solution: 273
time used on iteration: 39.8355
best solution found at iteration 49209
omega: 0
ONMI: 0
Majority accuracy: 1
Majority inaccuracy: 0
EQ: 0.410836
------------------
