instance: ../../../../../Master/consistency/data/FARZ_consistency_9.gml
nodes: 80
edges: 1955
runs: 5
operations per iteration: 100000
best solution:
[[35: 0, 1, 2, 3, 4, 5, 6, 7, 8, 9, 10, 11, 12, 13, 14, 15, 16, 17, 18, 19, 20, 21, 22, 23, 24, 25, 26, 27, 28, 29, 30, 31, 32, 33, 34, 35, 36, 37, 38, 39, 40, 41, 42, 43, 44, 45, 46, 47, 48, 49, 50, 51, 52, 53, 54, 55, 56, 59, ], [53: 1, 2, 3, 26, 28, 30, 35, 38, 40, 58, 63, 64, ], [60: 10, 24, 30, 31, 36, 49, 58, 60, 63, ], [65: 12, 16, 25, 27, 30, 40, 41, 46, 48, 57, 58, 63, 65, ], [66: 0, 4, 6, 42, 43, 54, 56, 57, 58, ], [72: 21, 67, 68, 69, 72, ], [92: 17, 18, 24, 39, 56, 57, 62, 65, ], [128: 1, 41, 55, 60, 72, ], [220: 11, 14, 24, 32, 61, 64, ], [288: 5, 10, 22, 23, 28, 31, 35, 36, 41, 42, 53, 61, 65, ], [347: 0, 2, 10, 38, 73, ], [416: 5, 7, 8, 9, 13, 20, 34, 57, 58, 63, ], [420: 4, 10, 13, 20, 21, 25, 43, 62, 64, ], [617: 27, 44, 72, 76, ], [745: 19, 51, 57, 59, 63, ], [746: 24, 26, 40, 63, 66, 68, ], [756: 4, 7, 16, 27, 29, 34, 61, 66, ], [864: 6, 69, 71, ], [882: 5, 9, 35, 74, ], [886: 18, 64, 78, ], [889: 0, 79, ], [890: 43, 77, ], [892: 5, 70, ], [893: 14, 39, 75, ], ]
cost of best solution: 244
average cost of solutions: 245.6
average last operation finding best solution: 75284.2
average runtime: 40.8028
------------------
average time of add_all_nodes_to_neighbours: 0
average time of random_choice_split: 0
average time of weighted_random_merge: 0
average time of label_propagation_round 0
average time of remove_nodes_ 0
average time of add_node_to_all 0
------------------
average improvement of add_all_nodes_to_neighbours -0.112252
per second: -inf
average improvement of random_choice_split 0.0802664
per second: inf
average improvement of weighted_random_merge -0.24574
per second: -inf
average improvement of label_propagation_round -0.0226148
per second: -inf
average improvement of remove_nodes_ 0.268668
per second: inf
average improvement of add_node_to_all 0.23104
per second: inf
all solutions:
------------------
iteration 0: [[0: 0, 1, 2, 3, 4, 5, 6, 7, 8, 9, 10, 11, 12, 13, 14, 15, 16, 17, 18, 19, 20, 21, 22, 23, 24, 25, 26, 27, 28, 29, 30, 31, 32, 33, 34, 35, 36, 37, 38, 39, 40, 41, 42, 43, 44, 45, 46, 47, 48, 49, 50, 51, 52, 53, 54, 55, 56, 59, ], [62: 1, 8, 16, 19, 30, 51, 57, 59, 63, ], [64: 4, 16, 27, 29, 34, 61, 66, ], [65: 5, 16, 22, 23, 28, 31, 36, 41, 42, 53, 61, 65, ], [84: 5, 12, 27, 34, 41, 46, 48, 57, 58, 63, 65, ], [92: 21, 67, 68, 69, 72, ], [94: 1, 41, 55, 60, 72, ], [113: 0, 4, 6, 7, 9, 13, 20, 23, 25, 43, 56, 57, 58, 62, ], [356: 4, 10, 11, 14, 21, 24, 32, 61, 64, ], [482: 17, 18, 24, 39, 56, 57, 62, 65, ], [545: 10, 20, 24, 30, 31, 36, 58, 60, 63, ], [714: 2, 3, 25, 28, 30, 35, 40, 58, 63, 64, 65, ], [754: 27, 44, 72, 76, ], [801: 1, 20, 26, 43, 45, 54, 58, 64, ], [822: 7, 24, 40, 63, 66, 68, ], [855: 13, 38, 49, 51, 63, 64, ], [857: 41, 67, 71, ], [883: 18, 64, 78, ], [936: 6, 69, 71, ], [939: 0, 24, 73, 79, ], [999: 1, 5, 20, 29, 41, 46, 70, ], [1000: 43, 46, 77, ], [1001: 5, 12, 74, ], [1002: 14, 75, ], ]
edge deletions: 80
edge additions: 37
vertex splittings: 130
cost of solution: 247
time used on iteration: 39.1788
best solution found at iteration 97081
omega: 0
ONMI: 0
Majority accuracy: 1
Majority inaccuracy: 0
EQ: 0.3772
------------------
iteration 1: [[49: 0, 1, 2, 3, 4, 5, 6, 7, 8, 9, 10, 11, 12, 13, 14, 15, 16, 17, 18, 19, 20, 21, 22, 23, 24, 25, 26, 27, 28, 29, 30, 31, 32, 33, 34, 35, 36, 37, 38, 39, 40, 41, 42, 43, 44, 45, 46, 47, 48, 49, 50, 51, 52, 53, 54, 55, 56, 59, ], [57: 16, 19, 41, 51, 57, 59, 63, ], [62: 17, 18, 24, 39, 57, 62, 65, ], [80: 21, 67, 68, 69, 72, ], [109: 26, 35, 45, 58, 64, ], [154: 5, 16, 22, 23, 27, 31, 35, 36, 41, 42, 53, 61, 65, ], [396: 1, 5, 6, 8, 12, 27, 34, 42, 48, 54, 57, 58, ], [425: 10, 20, 31, 36, 58, 60, 63, ], [451: 0, 4, 7, 9, 13, 20, 25, 43, 56, 57, 58, 62, ], [477: 4, 10, 11, 21, 32, 61, 64, ], [578: 27, 44, 72, 76, ], [633: 1, 3, 13, 38, 49, 63, 64, ], [664: 14, 24, 60, 61, 68, ], [684: 2, 24, 25, 28, 30, 40, 46, 58, 63, 64, 65, ], [754: 1, 41, 55, 60, 72, ], [782: 7, 27, 34, 63, 66, ], [796: 18, 64, 78, ], [807: 24, 66, 73, ], [831: 10, 65, 73, ], [832: 3, 41, 58, 67, ], [835: 6, 69, 71, ], [864: 5, 9, 12, 35, 63, 74, ], [888: 24, 27, 79, ], [889: 77, ], [890: 75, ], [891: 70, ], ]
edge deletions: 97
edge additions: 31
vertex splittings: 118
cost of solution: 246
time used on iteration: 39.5811
best solution found at iteration 85308
omega: 0
ONMI: 0
Majority accuracy: 1
Majority inaccuracy: 0
EQ: 0.382952
------------------
iteration 2: [[35: 0, 1, 2, 3, 4, 5, 6, 7, 8, 9, 10, 11, 12, 13, 14, 15, 16, 17, 18, 19, 20, 21, 22, 23, 24, 25, 26, 27, 28, 29, 30, 31, 32, 33, 34, 35, 36, 37, 38, 39, 40, 41, 42, 43, 44, 45, 46, 47, 48, 49, 50, 51, 52, 53, 54, 55, 56, 59, ], [53: 1, 2, 3, 26, 28, 30, 35, 38, 40, 58, 63, 64, ], [60: 10, 24, 30, 31, 36, 49, 58, 60, 63, ], [65: 12, 16, 25, 27, 30, 40, 41, 46, 48, 57, 58, 63, 65, ], [66: 0, 4, 6, 42, 43, 54, 56, 57, 58, ], [72: 21, 67, 68, 69, 72, ], [92: 17, 18, 24, 39, 56, 57, 62, 65, ], [128: 1, 41, 55, 60, 72, ], [220: 11, 14, 24, 32, 61, 64, ], [288: 5, 10, 22, 23, 28, 31, 35, 36, 41, 42, 53, 61, 65, ], [347: 0, 2, 10, 38, 73, ], [416: 5, 7, 8, 9, 13, 20, 34, 57, 58, 63, ], [420: 4, 10, 13, 20, 21, 25, 43, 62, 64, ], [617: 27, 44, 72, 76, ], [745: 19, 51, 57, 59, 63, ], [746: 24, 26, 40, 63, 66, 68, ], [756: 4, 7, 16, 27, 29, 34, 61, 66, ], [864: 6, 69, 71, ], [882: 5, 9, 35, 74, ], [886: 18, 64, 78, ], [889: 0, 79, ], [890: 43, 77, ], [892: 5, 70, ], [893: 14, 39, 75, ], ]
edge deletions: 86
edge additions: 34
vertex splittings: 124
cost of solution: 244
time used on iteration: 42.9505
best solution found at iteration 49625
omega: 0
ONMI: 0
Majority accuracy: 1
Majority inaccuracy: 0
EQ: 0.376937
------------------
iteration 3: [[45: 1, 6, 8, 12, 34, 42, 54, 57, 58, ], [49: 0, 1, 2, 3, 4, 5, 6, 7, 8, 9, 10, 11, 12, 13, 14, 15, 16, 17, 18, 19, 20, 21, 22, 23, 24, 25, 26, 27, 28, 29, 30, 31, 32, 33, 34, 35, 36, 37, 38, 39, 40, 41, 42, 43, 44, 45, 46, 47, 48, 49, 50, 51, 52, 53, 54, 55, 56, 59, ], [61: 12, 25, 28, 35, 46, 58, 63, 65, ], [62: 0, 4, 7, 9, 13, 20, 24, 43, 56, 57, 58, 62, ], [71: 21, 67, 68, 69, 72, ], [87: 4, 10, 11, 14, 21, 28, 32, 35, 61, 64, ], [99: 1, 41, 55, 60, 72, ], [116: 14, 24, 60, 68, ], [132: 1, 2, 3, 13, 20, 25, 38, 40, 49, 63, 64, ], [343: 5, 27, 30, 40, 41, 48, 56, 57, 58, 65, ], [365: 16, 17, 18, 25, 39, 57, 62, 65, ], [426: 9, 19, 39, 51, 57, 59, 63, ], [510: 10, 24, 65, 73, ], [530: 5, 8, 37, 41, 61, 63, ], [576: 7, 16, 24, 27, 34, 61, 63, 66, ], [618: 27, 44, 72, 76, ], [731: 22, 23, 31, 36, 42, 53, 61, 65, ], [747: 3, 9, 10, 30, 58, 67, ], [768: 41, 67, 71, ], [791: 10, 20, 30, 31, 36, 58, 60, 63, ], [814: 6, 69, 71, ], [858: 18, 64, 78, ], [861: 40, 66, 72, ], [872: 5, 20, 70, ], [876: 0, 79, ], [882: 5, 9, 12, 74, ], [884: 14, 39, 75, ], [885: 77, ], ]
edge deletions: 80
edge additions: 29
vertex splittings: 136
cost of solution: 245
time used on iteration: 42.1753
best solution found at iteration 53824
omega: 0
ONMI: 0
Majority accuracy: 1
Majority inaccuracy: 0
EQ: 0.371093
------------------
iteration 4: [[0: 0, 1, 2, 3, 4, 5, 6, 7, 8, 9, 10, 11, 12, 13, 14, 15, 16, 17, 18, 19, 20, 21, 22, 23, 24, 25, 26, 27, 28, 29, 30, 31, 32, 33, 34, 35, 36, 37, 38, 39, 40, 41, 42, 43, 44, 45, 46, 47, 48, 49, 50, 51, 52, 53, 54, 55, 56, 59, ], [43: 6, 30, 40, 42, 48, 56, 57, 58, 65, ], [62: 0, 4, 7, 13, 17, 20, 39, 43, 57, 62, ], [76: 5, 16, 22, 23, 31, 36, 41, 53, 61, 65, ], [83: 1, 5, 7, 8, 9, 12, 25, 27, 34, 41, 57, 58, 63, ], [88: 2, 3, 38, 40, 49, 51, 63, 64, ], [202: 4, 13, 26, 43, 45, 54, 58, 64, ], [356: 10, 20, 30, 31, 36, 58, 60, 63, ], [407: 28, 35, 46, 58, 63, 65, ], [477: 21, 67, 68, 69, 72, ], [530: 1, 41, 55, 60, 72, ], [533: 6, 69, 71, ], [548: 11, 14, 21, 28, 32, 35, 61, 64, ], [568: 40, 66, 72, ], [636: 10, 18, 24, 25, 62, 64, 65, ], [644: 27, 44, 72, 76, ], [695: 4, 7, 24, 27, 29, 34, 61, 66, ], [829: 13, 16, 19, 24, 57, 59, 63, ], [886: 3, 58, 67, ], [924: 14, 24, 60, 68, ], [949: 41, 67, 71, ], [995: 0, 2, 24, 47, 58, 73, ], [1013: 74, ], [1021: 5, 70, ], [1022: 14, 75, ], [1023: 78, ], [1024: 77, ], [1025: 79, ], ]
edge deletions: 93
edge additions: 29
vertex splittings: 124
cost of solution: 246
time used on iteration: 40.1283
best solution found at iteration 90583
omega: 0
ONMI: 0
Majority accuracy: 1
Majority inaccuracy: 0
EQ: 0.369409
------------------
