instance: ../../../../../Master/consistency/data/FARZ_consistency_11.gml
nodes: 80
edges: 1860
runs: 5
operations per iteration: 100000
best solution:
[[31: 0, 3, 7, 10, 11, 12, 14, 16, 17, 18, 20, 21, 25, 26, 30, 32, 36, 37, 38, 39, 46, 48, 49, 50, 52, 55, 56, 59, 62, ], [33: 2, 4, 5, 7, 9, 10, 14, 15, 18, 19, 23, 24, 25, 27, 28, 29, 31, 33, 34, 35, 37, 38, 40, 41, 42, 45, 46, 47, 49, 50, 51, 53, 54, 58, 60, 61, 62, ], [64: 0, 1, 3, 6, 8, 9, 13, 14, 17, 20, 22, 23, 25, 26, 30, 33, 43, 44, 45, 47, 51, 52, 54, 55, 58, 60, 61, 64, ], [66: 5, 7, 9, 10, 11, 12, 14, 16, 30, 36, 39, 48, 50, 65, 71, 72, ], [77: 3, 4, 15, 19, 24, 29, 36, 42, 63, 65, 68, 71, ], [81: 12, 13, 27, 35, 36, 47, 48, 57, ], [84: 0, 1, 2, 4, 6, 7, 8, 11, 12, 13, 15, 16, 18, 21, 22, 23, 24, 37, 38, 46, ], [96: 12, 29, 40, 41, 51, 52, 55, ], [97: 1, 2, 5, 6, 8, 10, 20, 23, 26, 48, 50, 51, ], [98: 22, 30, 44, 52, 64, 66, 73, ], [102: 40, 51, 63, 68, ], [133: 1, 2, 39, 49, 55, 68, ], [141: 0, 6, 8, 19, 20, 22, 23, 25, 26, 30, 33, 43, 54, 61, 70, ], [224: 3, 9, 11, 13, 20, 21, 33, 37, 46, 47, 66, ], [241: 6, 8, 43, 66, 73, 74, ], [254: 7, 27, 28, 36, 48, 58, 69, ], [257: 5, 24, 32, 35, 41, 45, 63, 67, ], [258: 0, 2, 3, 5, 17, 21, 22, 27, 30, 54, 71, ], [277: 18, 50, 62, 63, 69, ], [307: 9, 26, 37, 57, 76, 77, ], [315: 5, 14, 19, 34, 42, 50, 72, 76, ], [320: 4, 6, 13, 16, 29, 32, 33, 37, 43, 58, ], [330: 24, 41, 48, 50, 57, 65, 68, ], [332: 4, 11, 17, 18, 26, 37, 56, 59, 65, 68, ], [340: 0, 1, 6, 11, 12, 17, 19, 21, 26, 28, 31, 36, 38, 45, 73, ], [344: 12, 21, 25, 29, 32, 36, 69, 78, ], [361: 7, 11, 16, 36, 39, 73, 75, ], [362: 10, 19, 42, 67, 68, 69, ], [372: 0, 13, 20, 22, 28, 29, 36, 60, 74, ], [424: 2, 9, 31, 34, 53, 63, 67, ], [431: 3, 23, 28, 33, 34, 38, 39, 43, 44, 46, 47, 57, ], [434: 16, 25, 27, 47, 68, 71, ], [435: 16, 38, 55, 79, ], ]
cost of best solution: 418
average cost of solutions: 419.6
average last operation finding best solution: 66920
average runtime: 69.9976
------------------
average time of add_all_nodes_to_neighbours: 0
average time of random_choice_split: 0
average time of weighted_random_merge: 0
average time of label_propagation_round 0
average time of remove_nodes_ 0
average time of add_node_to_all 0
------------------
average improvement of add_all_nodes_to_neighbours -0.0677534
per second: -inf
average improvement of random_choice_split 0.0604603
per second: inf
average improvement of weighted_random_merge -0.223214
per second: -inf
average improvement of label_propagation_round 0.0427786
per second: inf
average improvement of remove_nodes_ 0.197931
per second: inf
average improvement of add_node_to_all 0.160487
per second: inf
all solutions:
------------------
iteration 0: [[0: 0, 2, 4, 5, 7, 9, 10, 14, 15, 18, 19, 23, 24, 25, 27, 28, 29, 31, 33, 34, 35, 37, 38, 40, 41, 42, 45, 46, 47, 49, 50, 51, 53, 54, 58, 60, 61, 62, ], [1: 0, 1, 3, 6, 8, 9, 13, 14, 20, 22, 23, 25, 26, 28, 30, 33, 43, 44, 45, 47, 51, 52, 54, 58, 60, 61, 64, ], [32: 8, 19, 20, 23, 25, 26, 30, 33, 43, 54, 61, 70, ], [56: 2, 5, 9, 24, 31, 34, 35, 41, 45, 53, 63, 67, ], [59: 0, 1, 3, 7, 10, 11, 12, 14, 16, 17, 18, 20, 21, 25, 26, 30, 32, 36, 37, 38, 39, 46, 48, 49, 50, 52, 55, 56, 59, 62, ], [65: 1, 2, 4, 6, 7, 8, 10, 11, 12, 13, 15, 16, 17, 18, 21, 22, 23, 33, 38, ], [67: 2, 3, 5, 14, 17, 26, 30, 65, 71, ], [73: 1, 17, 26, 32, 38, 43, 44, 45, 52, 55, 73, ], [79: 6, 8, 9, 13, 16, 20, 22, 29, 33, 37, 43, 46, 47, 52, 55, 58, 66, ], [81: 18, 37, 56, 59, 65, 68, ], [97: 1, 5, 14, 19, 25, 26, 28, 33, 51, 76, ], [98: 7, 9, 10, 11, 12, 16, 30, 36, 39, 48, 50, 65, 68, 71, 72, ], [99: 12, 13, 24, 27, 28, 35, 36, 38, 48, 57, ], [108: 5, 6, 8, 16, 24, 30, 32, 48, 50, 58, ], [132: 5, 6, 9, 11, 12, 17, 19, 21, 22, 26, 28, 31, 36, 45, 47, ], [151: 0, 3, 21, 27, 54, 71, ], [200: 18, 32, 33, 50, 62, 63, 69, ], [260: 2, 12, 25, 41, 47, 48, 55, 68, 71, ], [261: 3, 23, 28, 33, 34, 39, 43, 46, 47, 57, ], [336: 12, 17, 27, 30, 40, 51, 68, ], [338: 9, 37, 57, 76, 77, ], [340: 12, 21, 25, 29, 36, 69, 78, ], [341: 3, 4, 15, 19, 24, 29, 36, 42, 63, 65, 68, 71, ], [358: 17, 40, 52, 54, 55, 60, ], [377: 11, 21, 30, 66, 73, ], [382: 0, 6, 8, 13, 22, 43, 70, 73, 74, ], [428: 19, 34, 42, 50, 72, 76, ], [438: 21, 23, 24, 48, 53, 55, ], [439: 7, 11, 16, 32, 36, 39, 73, 75, ], [441: 19, 26, 49, 50, 57, 68, ], [449: 10, 19, 42, 67, 69, ], [457: 3, 64, 65, 66, ], [460: 4, 13, 26, 32, 56, ], [463: 38, 42, 79, ], ]
edge deletions: 68
edge additions: 64
vertex splittings: 287
cost of solution: 419
time used on iteration: 71.183
best solution found at iteration 81857
omega: 0.264782
ONMI: 0.126772
Majority accuracy: 0.95
Majority inaccuracy: 0.4125
EQ: 0.301169
------------------
iteration 1: [[0: 0, 1, 2, 3, 5, 6, 7, 8, 9, 10, 11, 12, 13, 14, 16, 17, 18, 20, 21, 22, 23, 26, 28, 30, 36, 37, 38, 45, 46, 47, 48, 52, 55, ], [2: 2, 4, 5, 7, 9, 10, 14, 15, 18, 19, 23, 24, 25, 27, 28, 29, 31, 33, 34, 35, 37, 38, 40, 41, 42, 45, 46, 47, 49, 50, 51, 53, 54, 58, 60, 61, 62, ], [18: 2, 3, 4, 15, 19, 29, 42, 63, 65, 68, 71, ], [32: 0, 4, 6, 8, 11, 12, 15, 16, 17, 19, 21, 24, 31, 36, 50, ], [35: 12, 13, 24, 27, 35, 36, 48, 49, 57, ], [59: 0, 3, 11, 16, 17, 20, 21, 25, 26, 32, 33, 37, 38, 39, 49, 52, 55, 56, 59, 62, ], [64: 0, 1, 6, 8, 13, 19, 20, 22, 23, 25, 26, 30, 33, 43, 44, 51, 54, 58, 60, 61, 64, 70, ], [72: 7, 10, 11, 12, 16, 18, 30, 36, 39, 48, 50, 56, 59, 65, 68, 71, 72, ], [78: 0, 6, 8, 14, 17, 32, 38, 43, 44, 45, 52, 55, 73, ], [80: 9, 64, 65, 66, ], [82: 3, 9, 23, 28, 39, 43, 44, 46, 47, 57, ], [89: 5, 9, 24, 31, 34, 35, 41, 45, 53, 63, 67, ], [119: 37, 41, 57, 65, 68, ], [188: 18, 32, 36, 48, 50, 58, 62, 63, 69, ], [241: 6, 8, 13, 20, 22, 43, 66, 74, ], [243: 3, 33, 52, 58, 61, 66, ], [272: 3, 17, 40, 50, 52, 54, 55, 60, ], [295: 7, 11, 16, 32, 36, 39, 73, 75, ], [302: 19, 26, 33, 50, 57, 76, ], [338: 0, 21, 27, 54, 71, ], [346: 3, 12, 17, 24, 27, 30, 40, 49, 51, 68, ], [356: 12, 21, 25, 29, 36, 69, 78, ], [388: 10, 19, 42, 67, 69, ], [398: 9, 42, 72, 76, 77, ], [406: 5, 14, 17, 26, 65, 71, ], [411: 0, 4, 6, 16, 22, 29, 43, ], [417: 12, 32, 41, 78, ], [432: 21, 30, 66, 73, ], [451: 4, 13, 32, 46, 56, ], [452: 24, 25, 41, 47, 48, 55, 68, 71, ], [453: 79, ], ]
edge deletions: 109
edge additions: 72
vertex splittings: 239
cost of solution: 420
time used on iteration: 65.7336
best solution found at iteration 48047
omega: 0.280542
ONMI: 0.118635
Majority accuracy: 0.975
Majority inaccuracy: 0.3125
EQ: 0.309382
------------------
iteration 2: [[0: 2, 3, 4, 5, 7, 9, 10, 14, 15, 18, 19, 23, 24, 25, 27, 28, 29, 31, 33, 34, 35, 37, 38, 40, 41, 42, 45, 46, 47, 49, 50, 51, 53, 54, 58, 60, 61, 62, ], [7: 15, 16, 22, 27, 29, 31, 62, ], [32: 3, 6, 8, 9, 13, 20, 22, 28, 30, 33, 37, 43, 44, 46, 47, 51, 52, 58, 61, 66, ], [44: 37, 56, 59, 65, 68, ], [57: 12, 13, 24, 27, 35, 36, 38, 46, 48, 57, ], [59: 0, 1, 3, 7, 10, 11, 12, 14, 16, 17, 18, 20, 21, 25, 26, 30, 32, 36, 37, 38, 39, 46, 48, 49, 50, 52, 55, 56, 59, 62, ], [70: 0, 1, 6, 8, 13, 14, 19, 20, 22, 23, 25, 26, 30, 33, 43, 44, 45, 54, 58, 60, 61, 64, 70, ], [72: 9, 10, 12, 18, 30, 48, 65, 68, 72, ], [73: 0, 1, 6, 8, 17, 22, 38, 43, 44, 45, 52, 55, 73, ], [76: 2, 4, 5, 15, 19, 29, 36, 42, 63, 65, 68, 71, ], [101: 0, 1, 2, 4, 5, 6, 7, 8, 9, 11, 12, 13, 15, 17, 18, 19, 21, 22, 28, 31, 36, 45, 47, ], [110: 0, 6, 13, 20, 22, 28, 29, 43, 60, 74, ], [115: 7, 11, 16, 36, 39, 65, 72, 73, 75, ], [120: 23, 29, 40, 41, 52, 54, 55, 58, 60, ], [149: 0, 7, 10, 14, 21, 27, 54, 71, ], [164: 2, 5, 9, 24, 31, 35, 41, 45, 53, 63, 67, ], [179: 19, 34, 42, 50, 72, 76, ], [188: 0, 33, 34, 41, 51, 63, ], [207: 7, 27, 28, 36, 48, 58, 69, ], [209: 26, 30, 64, 65, 66, 73, ], [228: 1, 5, 14, 25, 26, 28, 31, 33, 51, 76, ], [237: 3, 12, 24, 41, 48, 50, 57, 65, 68, 71, ], [247: 12, 17, 27, 30, 40, 49, 51, 68, ], [286: 10, 19, 42, 67, 69, ], [288: 2, 9, 11, 16, 25, 26, 30, 39, 47, 48, 55, 68, 71, ], [294: 12, 23, 26, 28, 33, 39, 43, 47, 57, ], [337: 0, 5, 6, 8, 10, 11, 13, 16, 21, 23, 24, 30, 32, 33, 48, 50, 55, ], [342: 9, 37, 57, 76, 77, ], [351: 4, 16, 26, 32, 43, 58, ], [364: 12, 21, 25, 29, 36, 69, 78, ], [370: 18, 32, 50, 62, 63, 69, ], [378: 14, 17, 23, 34, 35, 54, 60, 67, ], [379: 16, 38, 55, 79, ], ]
edge deletions: 53
edge additions: 77
vertex splittings: 290
cost of solution: 420
time used on iteration: 74.2271
best solution found at iteration 80324
omega: 0.253147
ONMI: 0.12367
Majority accuracy: 0.9625
Majority inaccuracy: 0.475
EQ: 0.301984
------------------
iteration 3: [[0: 0, 2, 4, 5, 7, 9, 10, 14, 15, 18, 19, 23, 24, 25, 27, 28, 29, 31, 33, 34, 35, 37, 38, 40, 41, 42, 45, 46, 47, 49, 50, 51, 53, 54, 58, 60, 61, 62, ], [1: 0, 1, 3, 6, 8, 9, 13, 14, 20, 22, 23, 25, 26, 30, 33, 43, 44, 45, 47, 51, 52, 54, 55, 58, 60, 61, 64, ], [21: 0, 3, 7, 10, 11, 12, 16, 17, 18, 20, 21, 25, 26, 30, 32, 36, 37, 38, 39, 46, 48, 49, 50, 52, 55, 56, 59, 62, ], [42: 3, 4, 15, 19, 24, 29, 36, 42, 63, 65, 68, 71, ], [77: 7, 28, 36, 48, 58, 69, ], [83: 1, 2, 4, 6, 7, 8, 10, 11, 12, 13, 15, 16, 17, 18, 21, 22, 23, 33, 37, 38, 46, ], [84: 1, 2, 11, 16, 17, 25, 26, 39, 47, 48, 49, 50, 55, 68, 71, ], [88: 2, 5, 9, 24, 31, 34, 41, 53, 63, 67, ], [97: 4, 6, 13, 16, 29, 32, 43, 58, ], [98: 1, 5, 6, 9, 11, 12, 14, 17, 19, 21, 28, 31, 36, 45, ], [99: 12, 13, 21, 24, 27, 35, 36, 38, 47, 48, 57, ], [101: 3, 9, 28, 33, 44, 46, 47, 52, 58, 61, 66, ], [111: 2, 3, 5, 7, 9, 10, 12, 14, 16, 24, 27, 30, 65, 71, ], [139: 30, 64, 65, 66, 73, ], [143: 12, 29, 40, 41, 51, 52, 55, ], [201: 19, 34, 42, 50, 72, 76, ], [217: 41, 48, 50, 57, 65, 68, ], [219: 3, 9, 23, 28, 33, 34, 37, 39, 43, 46, 57, ], [279: 0, 6, 8, 19, 20, 22, 23, 25, 26, 30, 33, 43, 54, 61, 70, ], [307: 17, 27, 40, 51, 68, ], [320: 4, 17, 18, 26, 37, 56, 59, 65, 68, ], [335: 10, 19, 42, 67, 68, 69, ], [344: 0, 1, 17, 22, 26, 38, 43, 44, 45, 52, 55, 73, ], [354: 12, 21, 25, 29, 32, 36, 69, 78, ], [377: 7, 11, 16, 36, 39, 65, 72, 73, 75, ], [382: 6, 8, 43, 66, 73, 74, ], [395: 18, 50, 62, 63, 69, ], [397: 5, 6, 8, 11, 14, 24, 32, 48, 50, ], [398: 9, 10, 18, 38, 48, 53, 72, ], [403: 13, 20, 22, 28, 66, 74, ], [405: 5, 20, 22, 29, 36, 60, 62, ], [406: 14, 17, 23, 34, 35, 45, 54, 60, 67, ], [410: 1, 5, 14, 25, 26, 28, 31, 33, 51, 76, ], [417: 0, 32, 33, 35, 41, 45, 63, ], [424: 9, 37, 57, 76, 77, ], [425: 38, 42, 79, ], ]
edge deletions: 55
edge additions: 58
vertex splittings: 308
cost of solution: 421
time used on iteration: 68.7308
best solution found at iteration 60264
omega: 0.255822
ONMI: 0.13177
Majority accuracy: 0.9625
Majority inaccuracy: 0.475
EQ: 0.290611
------------------
iteration 4: [[31: 0, 3, 7, 10, 11, 12, 14, 16, 17, 18, 20, 21, 25, 26, 30, 32, 36, 37, 38, 39, 46, 48, 49, 50, 52, 55, 56, 59, 62, ], [33: 2, 4, 5, 7, 9, 10, 14, 15, 18, 19, 23, 24, 25, 27, 28, 29, 31, 33, 34, 35, 37, 38, 40, 41, 42, 45, 46, 47, 49, 50, 51, 53, 54, 58, 60, 61, 62, ], [64: 0, 1, 3, 6, 8, 9, 13, 14, 17, 20, 22, 23, 25, 26, 30, 33, 43, 44, 45, 47, 51, 52, 54, 55, 58, 60, 61, 64, ], [66: 5, 7, 9, 10, 11, 12, 14, 16, 30, 36, 39, 48, 50, 65, 71, 72, ], [77: 3, 4, 15, 19, 24, 29, 36, 42, 63, 65, 68, 71, ], [81: 12, 13, 27, 35, 36, 47, 48, 57, ], [84: 0, 1, 2, 4, 6, 7, 8, 11, 12, 13, 15, 16, 18, 21, 22, 23, 24, 37, 38, 46, ], [96: 12, 29, 40, 41, 51, 52, 55, ], [97: 1, 2, 5, 6, 8, 10, 20, 23, 26, 48, 50, 51, ], [98: 22, 30, 44, 52, 64, 66, 73, ], [102: 40, 51, 63, 68, ], [133: 1, 2, 39, 49, 55, 68, ], [141: 0, 6, 8, 19, 20, 22, 23, 25, 26, 30, 33, 43, 54, 61, 70, ], [224: 3, 9, 11, 13, 20, 21, 33, 37, 46, 47, 66, ], [241: 6, 8, 43, 66, 73, 74, ], [254: 7, 27, 28, 36, 48, 58, 69, ], [257: 5, 24, 32, 35, 41, 45, 63, 67, ], [258: 0, 2, 3, 5, 17, 21, 22, 27, 30, 54, 71, ], [277: 18, 50, 62, 63, 69, ], [307: 9, 26, 37, 57, 76, 77, ], [315: 5, 14, 19, 34, 42, 50, 72, 76, ], [320: 4, 6, 13, 16, 29, 32, 33, 37, 43, 58, ], [330: 24, 41, 48, 50, 57, 65, 68, ], [332: 4, 11, 17, 18, 26, 37, 56, 59, 65, 68, ], [340: 0, 1, 6, 11, 12, 17, 19, 21, 26, 28, 31, 36, 38, 45, 73, ], [344: 12, 21, 25, 29, 32, 36, 69, 78, ], [361: 7, 11, 16, 36, 39, 73, 75, ], [362: 10, 19, 42, 67, 68, 69, ], [372: 0, 13, 20, 22, 28, 29, 36, 60, 74, ], [424: 2, 9, 31, 34, 53, 63, 67, ], [431: 3, 23, 28, 33, 34, 38, 39, 43, 44, 46, 47, 57, ], [434: 16, 25, 27, 47, 68, 71, ], [435: 16, 38, 55, 79, ], ]
edge deletions: 69
edge additions: 65
vertex splittings: 284
cost of solution: 418
time used on iteration: 70.1133
best solution found at iteration 64108
omega: 0.275241
ONMI: 0.138935
Majority accuracy: 0.975
Majority inaccuracy: 0.475
EQ: 0.299812
------------------
