instance: ../../../../../Master/consistency/data/FARZ_consistency_7.gml
nodes: 60
edges: 1170
runs: 5
operations per iteration: 100000
best solution:
[[0: 9, 13, 18, 24, 26, 28, 44, 46, 49, ], [1: 2, 20, 21, 30, 32, 37, 38, 49, 52, ], [2: 2, 5, 6, 10, 31, 38, 46, 50, ], [15: 11, 12, 14, 17, 23, 27, 29, 32, 36, 44, 45, 49, 50, ], [20: 0, 1, 2, 3, 4, 5, 6, 7, 8, 9, 10, 11, 12, 13, 14, 15, 16, 17, 18, 19, 20, 21, 22, 23, 24, 25, 26, 27, 28, 29, 30, 31, 32, 33, 34, 35, 37, 38, 39, 40, 41, 42, 43, 45, ], [60: 0, 12, 15, 39, 46, 47, 48, 52, 53, ], [70: 0, 1, 3, 28, 41, 42, 43, 44, 50, 52, ], [82: 23, 24, 32, 33, 43, 45, 46, 47, 50, ], [139: 3, 8, 11, 15, 16, 27, 32, 46, 49, 51, ], [309: 9, 50, 54, 56, ], [348: 17, 18, 52, 53, 58, ], [384: 2, 16, 42, 47, 48, ], [393: 22, 30, 34, 36, 50, ], [423: 59, ], [427: 49, 55, 57, ], ]
cost of best solution: 179
average cost of solutions: 180.4
average last operation finding best solution: 51790.2
average runtime: 27.3142
------------------
average time of add_all_nodes_to_neighbours: 0
average time of random_choice_split: 0
average time of weighted_random_merge: 0
average time of label_propagation_round 0
average time of remove_nodes_ 0
average time of add_node_to_all 0
------------------
average improvement of add_all_nodes_to_neighbours -0.0763067
per second: -inf
average improvement of random_choice_split 0.0763203
per second: inf
average improvement of weighted_random_merge -0.226878
per second: -inf
average improvement of label_propagation_round 0.0505373
per second: inf
average improvement of remove_nodes_ 0.23192
per second: inf
average improvement of add_node_to_all 0.107921
per second: inf
all solutions:
------------------
iteration 0: [[18: 0, 1, 2, 3, 4, 5, 6, 7, 8, 9, 10, 11, 12, 13, 14, 15, 16, 17, 18, 19, 20, 21, 22, 23, 24, 25, 26, 27, 28, 29, 30, 31, 32, 33, 34, 35, 37, 38, 39, 40, 41, 42, 43, 45, ], [36: 8, 9, 12, 14, 23, 29, 32, 36, 44, 45, 49, ], [49: 0, 1, 17, 41, 42, 43, 44, 50, 52, ], [81: 2, 13, 23, 32, 33, 43, 45, 46, 47, 50, ], [263: 8, 15, 17, 21, 30, 36, 37, 49, 52, ], [306: 3, 5, 11, 12, 13, 18, 24, 27, 28, 31, 38, 44, 46, 49, 50, ], [334: 0, 2, 12, 15, 39, 42, 47, 48, 52, ], [396: 8, 15, 16, 46, 48, 51, ], [400: 18, 20, 28, 32, 52, 58, ], [418: 14, 30, 50, 53, ], [444: 12, 17, 53, 58, ], [466: 6, 9, 10, 19, 46, 50, 54, 56, ], [477: 49, 55, 57, ], [479: 0, 15, 26, 39, 46, 53, ], [480: 59, ], ]
edge deletions: 55
edge additions: 41
vertex splittings: 85
cost of solution: 181
time used on iteration: 30.3221
best solution found at iteration 68856
omega: 0.0828102
ONMI: 0.0859829
Majority accuracy: 0.9
Majority inaccuracy: 0.116667
EQ: 0.406367
------------------
iteration 1: [[1: 1, 21, 41, 43, 44, 50, 52, ], [25: 0, 1, 2, 3, 4, 5, 6, 7, 8, 9, 10, 11, 12, 13, 14, 15, 16, 17, 18, 19, 20, 21, 22, 23, 24, 25, 26, 27, 28, 29, 30, 31, 32, 33, 34, 35, 37, 38, 39, 40, 41, 42, 43, 45, 50, ], [34: 11, 12, 14, 17, 23, 27, 29, 32, 36, 44, 45, 49, ], [48: 3, 8, 9, 13, 18, 24, 26, 28, 44, 46, 49, ], [51: 0, 2, 12, 15, 39, 42, 46, 47, 48, 52, ], [248: 9, 19, 20, 49, 50, 54, 56, ], [288: 13, 16, 23, 33, 43, 45, 46, 47, ], [354: 12, 17, 53, 58, ], [385: 8, 15, 21, 22, 30, 36, 37, 49, 52, ], [403: 8, 16, 48, 51, ], [441: 17, 18, 20, 28, 32, 52, 58, ], [447: 49, 55, 57, ], [449: 11, 27, 32, 46, 51, ], [450: 59, ], ]
edge deletions: 60
edge additions: 49
vertex splittings: 73
cost of solution: 182
time used on iteration: 24.3726
best solution found at iteration 60364
omega: 0.0809858
ONMI: 0.0787898
Majority accuracy: 0.933333
Majority inaccuracy: 0.15
EQ: 0.409937
------------------
iteration 2: [[0: 9, 13, 18, 24, 26, 28, 44, 46, 49, ], [1: 2, 20, 21, 30, 32, 37, 38, 49, 52, ], [2: 2, 5, 6, 10, 31, 38, 46, 50, ], [15: 11, 12, 14, 17, 23, 27, 29, 32, 36, 44, 45, 49, 50, ], [20: 0, 1, 2, 3, 4, 5, 6, 7, 8, 9, 10, 11, 12, 13, 14, 15, 16, 17, 18, 19, 20, 21, 22, 23, 24, 25, 26, 27, 28, 29, 30, 31, 32, 33, 34, 35, 37, 38, 39, 40, 41, 42, 43, 45, ], [60: 0, 12, 15, 39, 46, 47, 48, 52, 53, ], [70: 0, 1, 3, 28, 41, 42, 43, 44, 50, 52, ], [82: 23, 24, 32, 33, 43, 45, 46, 47, 50, ], [139: 3, 8, 11, 15, 16, 27, 32, 46, 49, 51, ], [309: 9, 50, 54, 56, ], [348: 17, 18, 52, 53, 58, ], [384: 2, 16, 42, 47, 48, ], [393: 22, 30, 34, 36, 50, ], [423: 59, ], [427: 49, 55, 57, ], ]
edge deletions: 59
edge additions: 36
vertex splittings: 84
cost of solution: 179
time used on iteration: 27.6981
best solution found at iteration 37958
omega: 0.0850873
ONMI: 0.0609768
Majority accuracy: 0.933333
Majority inaccuracy: 0.183333
EQ: 0.397103
------------------
iteration 3: [[24: 0, 1, 2, 3, 4, 5, 6, 7, 8, 9, 10, 11, 12, 13, 14, 15, 16, 17, 18, 19, 20, 21, 22, 23, 24, 25, 26, 27, 28, 29, 30, 31, 32, 33, 34, 35, 37, 38, 39, 40, 41, 42, 43, 45, ], [34: 9, 11, 12, 14, 17, 23, 29, 32, 36, 42, 44, 45, 49, 50, ], [123: 0, 2, 12, 15, 39, 42, 46, 47, 48, 52, ], [228: 1, 18, 41, 43, 44, 50, 52, ], [307: 3, 8, 9, 11, 13, 24, 26, 27, 28, 44, 46, 49, ], [322: 8, 15, 16, 46, 48, 51, ], [414: 2, 10, 18, 19, 31, 38, 46, 49, 50, ], [417: 7, 8, 15, 21, 30, 36, 37, 49, 52, ], [452: 0, 30, 41, 50, 53, ], [461: 9, 19, 50, 54, 56, ], [467: 12, 17, 18, 53, 58, ], [524: 49, 55, 57, ], [526: 1, 19, 22, 27, 33, 34, 36, 50, ], [531: 17, 20, 28, 32, 52, 58, ], [533: 3, 23, 24, 32, 33, 43, 45, 46, 47, 50, ], [536: 59, ], ]
edge deletions: 48
edge additions: 38
vertex splittings: 94
cost of solution: 180
time used on iteration: 27.6727
best solution found at iteration 45740
omega: 0.07091
ONMI: 0.0639415
Majority accuracy: 0.933333
Majority inaccuracy: 0.15
EQ: 0.396164
------------------
iteration 4: [[1: 0, 1, 2, 3, 4, 5, 6, 7, 8, 9, 10, 11, 12, 13, 14, 15, 16, 17, 18, 19, 20, 21, 22, 23, 24, 25, 26, 27, 28, 29, 30, 31, 32, 33, 34, 35, 37, 38, 39, 40, 41, 42, 43, 45, ], [53: 0, 1, 3, 41, 43, 44, 50, 52, ], [70: 6, 23, 24, 32, 33, 43, 45, 46, 47, 50, ], [126: 0, 2, 12, 39, 42, 46, 47, 48, 52, ], [184: 7, 8, 15, 21, 30, 36, 37, 49, 52, ], [191: 8, 9, 11, 13, 18, 24, 26, 44, 46, 49, ], [250: 9, 11, 12, 14, 17, 23, 27, 29, 32, 36, 44, 45, 49, 50, ], [345: 8, 15, 16, 46, 48, 51, ], [430: 12, 17, 18, 20, 28, 32, 52, 58, ], [474: 2, 3, 19, 28, 31, 38, 46, 49, 50, ], [503: 12, 18, 30, 50, 53, ], [509: 22, 34, 36, 42, 50, ], [517: 49, 55, 57, ], [520: 59, ], [521: 9, 19, 50, 54, 56, ], ]
edge deletions: 57
edge additions: 37
vertex splittings: 86
cost of solution: 180
time used on iteration: 26.5053
best solution found at iteration 46033
omega: 0.0913089
ONMI: 0.0651759
Majority accuracy: 0.9
Majority inaccuracy: 0.15
EQ: 0.39888
------------------
