instance: ../../../../../Master/consistency/data/FARZ_consistency_6.gml
nodes: 60
edges: 1110
runs: 5
operations per iteration: 100000
best solution:
[[0: 0, 1, 2, 4, 5, 6, 7, 8, 9, 10, 11, 12, 18, 19, 20, 21, 23, 24, 25, 26, 28, 30, 31, 32, 33, 34, 36, 37, 38, 39, 41, 43, 44, 49, ], [83: 0, 1, 2, 3, 4, 5, 7, 8, 9, 11, 13, 14, 15, 16, 17, 19, 20, 22, 25, 27, 28, 29, 30, 31, 32, 34, 35, 39, 40, 41, 44, 45, 48, ], [99: 5, 19, 25, 32, 37, 38, 39, 42, 57, ], [102: 13, 17, 25, 29, 37, 40, 51, 52, ], [174: 4, 13, 24, 42, 50, ], [354: 23, 24, 27, 37, 46, 49, ], [362: 6, 20, 21, 26, 28, 33, 42, 46, 47, ], [536: 3, 7, 8, 16, 27, 28, 34, 51, 52, 54, 56, ], [553: 3, 6, 10, 12, 13, 14, 15, 16, 17, 18, 21, 22, 23, 29, 35, 37, 49, ], [601: 6, 7, 49, 50, 53, ], [604: 1, 3, 6, 14, 55, 57, ], [614: 14, 16, 24, 26, ], [615: 40, 59, ], [619: 58, ], ]
cost of best solution: 206
average cost of solutions: 208
average last operation finding best solution: 58873.2
average runtime: 28.9904
------------------
average time of add_all_nodes_to_neighbours: 0
average time of random_choice_split: 0
average time of weighted_random_merge: 0
average time of label_propagation_round 0
average time of remove_nodes_ 0
average time of add_node_to_all 0
------------------
average improvement of add_all_nodes_to_neighbours -0.0626901
per second: -inf
average improvement of random_choice_split 0.0887599
per second: inf
average improvement of weighted_random_merge -0.222149
per second: -inf
average improvement of label_propagation_round 0.0433208
per second: inf
average improvement of remove_nodes_ 0.226273
per second: inf
average improvement of add_node_to_all 0.0880668
per second: inf
all solutions:
------------------
iteration 0: [[0: 0, 1, 2, 4, 5, 6, 7, 8, 9, 10, 11, 12, 18, 19, 20, 21, 23, 24, 25, 26, 28, 30, 31, 32, 33, 34, 36, 37, 38, 39, 41, 43, 44, 49, ], [83: 0, 1, 2, 3, 4, 5, 7, 8, 9, 11, 13, 14, 15, 16, 17, 19, 20, 22, 25, 27, 28, 29, 30, 31, 32, 34, 35, 39, 40, 41, 44, 45, 48, ], [99: 5, 19, 25, 32, 37, 38, 39, 42, 57, ], [102: 13, 17, 25, 29, 37, 40, 51, 52, ], [174: 4, 13, 24, 42, 50, ], [354: 23, 24, 27, 37, 46, 49, ], [362: 6, 20, 21, 26, 28, 33, 42, 46, 47, ], [536: 3, 7, 8, 16, 27, 28, 34, 51, 52, 54, 56, ], [553: 3, 6, 10, 12, 13, 14, 15, 16, 17, 18, 21, 22, 23, 29, 35, 37, 49, ], [601: 6, 7, 49, 50, 53, ], [604: 1, 3, 6, 14, 55, 57, ], [614: 14, 16, 24, 26, ], [615: 40, 59, ], [619: 58, ], ]
edge deletions: 67
edge additions: 49
vertex splittings: 90
cost of solution: 206
time used on iteration: 27.285
best solution found at iteration 44107
omega: 0.368226
ONMI: 0.164306
Majority accuracy: 1
Majority inaccuracy: 0.15
EQ: 0.451738
------------------
iteration 1: [[0: 0, 1, 2, 3, 4, 5, 6, 7, 8, 9, 11, 13, 14, 15, 16, 17, 19, 20, 22, 25, 27, 28, 29, 30, 31, 32, 34, 35, 37, 39, 40, 41, 44, 45, 48, 49, ], [27: 0, 1, 2, 4, 5, 6, 7, 8, 9, 10, 11, 12, 18, 19, 20, 21, 23, 24, 25, 26, 28, 30, 31, 32, 33, 34, 36, 37, 38, 39, 41, 43, 44, 49, ], [42: 4, 13, 24, 42, 50, ], [51: 13, 17, 25, 29, 37, 40, 51, 52, ], [89: 5, 19, 25, 32, 37, 38, 39, 42, 57, ], [181: 3, 7, 8, 16, 27, 28, 34, 51, 52, 54, 56, ], [314: 6, 20, 21, 26, 28, 33, 42, 46, 47, ], [374: 1, 3, 6, 14, 55, 57, ], [454: 3, 10, 12, 13, 14, 17, 21, 22, 23, ], [507: 23, 24, 27, 46, ], [508: 12, 14, 16, 18, 23, 26, 29, ], [567: 6, 7, 49, 50, 53, ], [568: 59, ], [570: 58, ], ]
edge deletions: 76
edge additions: 45
vertex splittings: 85
cost of solution: 206
time used on iteration: 25.8783
best solution found at iteration 44993
omega: 0.428961
ONMI: 0.166878
Majority accuracy: 0.983333
Majority inaccuracy: 0.183333
EQ: 0.460106
------------------
iteration 2: [[0: 0, 1, 2, 4, 5, 6, 7, 8, 9, 10, 11, 12, 14, 18, 19, 20, 21, 23, 24, 25, 26, 28, 30, 31, 32, 33, 34, 36, 37, 38, 39, 41, 43, 44, 49, ], [47: 2, 6, 20, 21, 26, 28, 33, 42, 46, 47, ], [66: 0, 1, 2, 3, 5, 7, 9, 11, 13, 14, 15, 16, 17, 19, 20, 22, 27, 28, 29, 30, 31, 35, 39, 40, 41, 44, 45, 48, 49, ], [89: 5, 19, 20, 25, 32, 37, 38, 39, 42, 57, ], [204: 4, 13, 18, 20, 24, 28, 42, 50, ], [209: 3, 4, 6, 8, 13, 15, 16, 17, 22, 25, 27, 29, 32, 34, 35, 37, 40, 51, ], [397: 3, 8, 16, 27, 28, 52, 54, 56, ], [414: 25, 39, 40, 48, 52, ], [422: 12, 16, 18, 23, 26, 29, ], [451: 3, 10, 12, 13, 17, 21, 22, 23, ], [478: 19, 23, 24, 27, 37, 46, 49, ], [494: 1, 3, 6, 14, 55, 57, ], [510: 11, 34, 54, 56, ], [543: 7, 17, 29, 51, 52, 56, ], [571: 6, 7, 49, 50, 53, ], [572: 17, 37, 58, ], [573: 39, 40, 59, ], ]
edge deletions: 57
edge additions: 40
vertex splittings: 111
cost of solution: 208
time used on iteration: 30.3371
best solution found at iteration 57693
omega: 0.308605
ONMI: 0.121698
Majority accuracy: 1
Majority inaccuracy: 0.116667
EQ: 0.40776
------------------
iteration 3: [[16: 0, 1, 2, 3, 4, 5, 6, 7, 8, 9, 11, 12, 13, 14, 15, 16, 17, 19, 20, 22, 23, 25, 27, 28, 29, 30, 31, 32, 34, 35, 37, 39, 40, 41, 44, 45, 49, ], [42: 6, 10, 18, 19, 20, 21, 23, 24, 26, 28, 31, 33, 36, 37, 38, 42, 43, 44, 46, 49, ], [101: 0, 1, 2, 4, 5, 7, 8, 9, 10, 11, 12, 18, 21, 24, 25, 26, 30, 32, 33, 34, 36, 38, 39, 41, 43, ], [169: 13, 17, 25, 37, 40, 51, 52, ], [236: 3, 7, 8, 27, 29, 34, 51, 56, ], [345: 11, 14, 16, 17, 19, 28, 31, 41, 48, 56, ], [446: 4, 13, 42, 50, ], [488: 10, 13, 14, 16, 18, 21, 22, 24, ], [506: 3, 7, 8, 16, 27, 28, 52, 54, ], [520: 5, 25, 32, 39, 42, 57, ], [529: 1, 7, 20, 30, 48, 49, 50, ], [556: 0, 2, 27, 29, 35, 48, 55, ], [567: 1, 3, 6, 14, 55, 57, ], [577: 6, 7, 18, 47, 53, ], [585: 3, 10, 17, 21, ], [640: 58, ], [641: 59, ], ]
edge deletions: 65
edge additions: 45
vertex splittings: 104
cost of solution: 214
time used on iteration: 31.9412
best solution found at iteration 98187
omega: 0.298304
ONMI: 0.10995
Majority accuracy: 0.983333
Majority inaccuracy: 0.0833333
EQ: 0.403682
------------------
iteration 4: [[19: 0, 1, 2, 4, 5, 6, 7, 8, 9, 10, 11, 12, 18, 19, 20, 21, 23, 24, 25, 26, 28, 30, 31, 32, 33, 34, 36, 37, 38, 39, 41, 43, 44, 49, ], [35: 0, 1, 2, 3, 4, 5, 6, 7, 8, 9, 11, 13, 14, 15, 16, 17, 19, 20, 22, 25, 27, 28, 29, 30, 31, 32, 34, 35, 39, 40, 41, 44, 45, 48, ], [39: 23, 24, 27, 37, 46, 49, ], [68: 4, 13, 24, 28, 42, 50, ], [252: 3, 10, 12, 13, 14, 15, 17, 21, 22, 23, 35, 37, 49, ], [279: 1, 3, 6, 14, 55, 57, ], [306: 5, 19, 25, 32, 37, 38, 39, 42, 57, ], [307: 13, 17, 25, 29, 37, 40, 51, 52, ], [420: 3, 7, 8, 16, 27, 28, 34, 51, 52, 54, 56, ], [527: 6, 20, 21, 26, 28, 33, 42, 46, 47, ], [558: 12, 14, 16, 18, 23, 24, 26, 29, ], [588: 6, 7, 49, 50, 53, ], [593: 59, ], [594: 58, ], ]
edge deletions: 70
edge additions: 45
vertex splittings: 91
cost of solution: 206
time used on iteration: 29.5106
best solution found at iteration 49386
omega: 0.403552
ONMI: 0.164406
Majority accuracy: 0.983333
Majority inaccuracy: 0.183333
EQ: 0.447658
------------------
