instance: ../../../../../Master/consistency/data/FARZ_consistency_8.gml
nodes: 60
edges: 1076
runs: 5
operations per iteration: 100000
best solution:
[[0: 0, 1, 2, 3, 4, 5, 6, 7, 8, 9, 10, 11, 12, 13, 14, 15, 16, 17, 18, 19, 20, 21, 22, 23, 24, 25, 26, 27, 28, 29, 30, 31, 32, 33, 34, 35, 36, 38, 39, 40, 41, 42, 44, ], [1: 7, 14, 16, 21, 29, 31, 37, 42, 44, 45, ], [49: 5, 20, 21, 24, 25, 40, 43, 46, 48, ], [51: 8, 10, 12, 23, 24, 28, 34, 36, 37, 45, 46, 49, ], [105: 2, 3, 7, 15, 16, 26, 32, 43, 46, ], [143: 8, 10, 12, 13, 38, 39, 42, 43, 45, 48, ], [511: 16, 51, 54, ], [622: 10, 25, 31, 33, 50, 52, ], [746: 27, 46, 52, ], [773: 10, 21, 35, 36, 53, 54, ], [822: 7, 57, ], [824: 36, 45, 56, ], [825: 47, 59, ], [826: 4, 37, 58, ], [831: 41, 55, ], ]
cost of best solution: 165
average cost of solutions: 165.2
average last operation finding best solution: 43016.4
average runtime: 24.5601
------------------
average time of add_all_nodes_to_neighbours: 0
average time of random_choice_split: 0
average time of weighted_random_merge: 0
average time of label_propagation_round 0
average time of remove_nodes_ 0
average time of add_node_to_all 0
------------------
average improvement of add_all_nodes_to_neighbours -0.0831759
per second: -inf
average improvement of random_choice_split 0.102265
per second: inf
average improvement of weighted_random_merge -0.233762
per second: -inf
average improvement of label_propagation_round 0.040513
per second: inf
average improvement of remove_nodes_ 0.240108
per second: inf
average improvement of add_node_to_all 0.138218
per second: inf
all solutions:
------------------
iteration 0: [[0: 0, 1, 2, 3, 4, 5, 6, 7, 8, 9, 10, 11, 12, 13, 14, 15, 16, 17, 18, 19, 20, 21, 22, 23, 24, 25, 26, 27, 28, 29, 30, 31, 32, 33, 34, 35, 36, 38, 39, 40, 41, 42, ], [104: 2, 3, 5, 7, 15, 16, 26, 32, 43, 46, ], [241: 1, 4, 23, 28, 38, 39, 44, 48, ], [255: 7, 14, 16, 21, 29, 31, 37, 44, 45, ], [381: 10, 12, 13, 20, 21, 24, 25, 40, 43, 44, 46, 48, ], [639: 38, 39, 42, 43, 45, ], [683: 10, 33, 50, 52, 53, ], [691: 8, 10, 12, 23, 28, 34, 36, 37, 45, 46, 49, ], [700: 22, 27, 41, 44, 46, ], [701: 19, 43, 49, ], [742: 5, 18, 47, 48, ], [764: 4, 37, 58, ], [775: 10, 16, 51, 54, ], [784: 7, 21, 35, 50, 53, ], [790: 56, ], [798: 57, ], [799: 59, ], [800: 55, ], ]
edge deletions: 75
edge additions: 21
vertex splittings: 70
cost of solution: 166
time used on iteration: 24.0978
best solution found at iteration 47205
omega: 0
ONMI: 0
Majority accuracy: 1
Majority inaccuracy: 0
EQ: 0.408427
------------------
iteration 1: [[0: 0, 1, 2, 3, 4, 5, 6, 7, 8, 9, 10, 11, 12, 13, 14, 15, 16, 17, 18, 19, 20, 21, 22, 23, 24, 25, 26, 27, 28, 29, 30, 31, 32, 33, 34, 35, 36, 38, 39, 40, 41, 42, 44, ], [1: 7, 14, 16, 21, 29, 31, 37, 42, 44, 45, ], [49: 5, 20, 21, 24, 25, 40, 43, 46, 48, ], [51: 8, 10, 12, 23, 24, 28, 34, 36, 37, 45, 46, 49, ], [105: 2, 3, 7, 15, 16, 26, 32, 43, 46, ], [143: 8, 10, 12, 13, 38, 39, 42, 43, 45, 48, ], [511: 16, 51, 54, ], [622: 10, 25, 31, 33, 50, 52, ], [746: 27, 46, 52, ], [773: 10, 21, 35, 36, 53, 54, ], [822: 7, 57, ], [824: 36, 45, 56, ], [825: 47, 59, ], [826: 4, 37, 58, ], [831: 41, 55, ], ]
edge deletions: 68
edge additions: 34
vertex splittings: 63
cost of solution: 165
time used on iteration: 24.6323
best solution found at iteration 41202
omega: 0
ONMI: 0
Majority accuracy: 1
Majority inaccuracy: 0
EQ: 0.429977
------------------
iteration 2: [[15: 0, 1, 2, 3, 4, 5, 6, 7, 8, 9, 10, 11, 12, 13, 14, 15, 16, 17, 18, 19, 20, 21, 22, 23, 24, 25, 26, 27, 28, 29, 30, 31, 32, 33, 34, 35, 36, 38, 39, 40, 41, 42, 44, ], [37: 2, 3, 15, 20, 26, 32, 40, 43, 46, ], [107: 13, 21, 38, 39, 42, 43, 45, 48, ], [255: 7, 12, 16, 21, 23, 29, 36, 37, 45, 46, ], [342: 5, 8, 10, 12, 24, 25, 43, 46, 48, 49, ], [415: 15, 27, 46, 52, ], [502: 1, 23, 28, 45, 48, 49, ], [535: 10, 16, 51, 54, ], [551: 8, 10, 14, 31, 37, 42, 44, 45, ], [566: 25, 31, 50, 52, ], [591: 7, 21, 33, 35, 50, 53, ], [596: 18, 47, 48, ], [600: 9, 36, 49, 54, ], [631: 10, 12, 52, 53, ], [664: 4, 37, 58, ], [691: 18, 56, ], [692: 57, ], [700: 55, ], [701: 59, ], ]
edge deletions: 62
edge additions: 32
vertex splittings: 71
cost of solution: 165
time used on iteration: 24.5022
best solution found at iteration 34036
omega: 0
ONMI: 0
Majority accuracy: 1
Majority inaccuracy: 0
EQ: 0.407194
------------------
iteration 3: [[24: 0, 1, 2, 3, 4, 5, 6, 7, 8, 9, 10, 11, 12, 13, 14, 15, 16, 17, 18, 19, 20, 21, 22, 23, 24, 25, 26, 27, 28, 29, 30, 31, 32, 33, 34, 35, 36, 38, 39, 40, 41, 42, 44, ], [190: 2, 3, 7, 13, 15, 16, 26, 32, 43, 46, ], [234: 0, 13, 21, 38, 39, 42, 43, 45, 48, ], [389: 8, 15, 27, 46, 52, ], [528: 1, 23, 28, 34, 45, 46, 48, 49, ], [563: 10, 16, 51, 54, ], [573: 10, 25, 31, 33, 50, 52, ], [633: 9, 36, 49, 54, ], [657: 16, 21, 23, 29, 36, 37, 45, 46, ], [698: 5, 8, 10, 12, 20, 24, 25, 40, 43, 46, 48, 49, ], [702: 5, 13, 18, 47, 48, ], [703: 10, 12, 52, 53, ], [742: 23, 36, 45, 56, ], [743: 4, 19, 24, 37, 49, ], [746: 7, 8, 10, 12, 14, 31, 37, 44, 45, ], [747: 7, 38, 57, ], [750: 47, 59, ], [751: 51, 55, ], [753: 4, 37, 58, ], ]
edge deletions: 43
edge additions: 36
vertex splittings: 86
cost of solution: 165
time used on iteration: 26.4528
best solution found at iteration 43508
omega: 0
ONMI: 0
Majority accuracy: 1
Majority inaccuracy: 0
EQ: 0.403338
------------------
iteration 4: [[15: 0, 1, 2, 3, 4, 5, 6, 7, 8, 9, 10, 11, 12, 13, 14, 15, 16, 17, 18, 19, 20, 21, 22, 23, 24, 25, 26, 27, 28, 29, 30, 31, 32, 33, 34, 35, 36, 38, 39, 40, 41, 42, 44, ], [48: 2, 3, 5, 7, 16, 20, 26, 32, 40, 43, 46, ], [53: 8, 10, 12, 23, 28, 29, 34, 36, 37, 45, 46, 49, ], [63: 8, 10, 12, 13, 38, 39, 42, 43, 45, 48, ], [315: 5, 18, 47, 48, ], [425: 10, 33, 50, 52, 53, ], [553: 5, 19, 24, 25, 43, 49, ], [624: 10, 16, 51, 54, ], [673: 7, 14, 16, 21, 31, 37, 44, 45, ], [788: 15, 27, 46, 52, ], [789: 13, 21, 24, 25, 46, 48, 50, ], [814: 4, 37, 58, ], [854: 57, ], [860: 5, 55, ], [862: 59, ], [863: 56, ], ]
edge deletions: 68
edge additions: 35
vertex splittings: 62
cost of solution: 165
time used on iteration: 23.1152
best solution found at iteration 49131
omega: 0
ONMI: 0
Majority accuracy: 1
Majority inaccuracy: 0
EQ: 0.427542
------------------
