instance: ../../../FARZgraphs/FARZ3.gml
nodes: 250
edges: 2236
runs: 5
operations per iteration: 2000
best solution:
[[0: 0, 3, 12, 16, 37, 39, 48, 58, 75, ], [1: 6, 17, 21, 29, 33, 35, 48, ], [2: 0, 1, 2, 3, 4, 5, 6, 7, 8, 9, 10, 11, 12, 13, 14, 15, 16, 17, 18, 19, 20, 21, 24, 25, 26, 28, 29, 30, ], [3: 0, 1, 8, 11, 12, 14, 22, 32, 41, 55, ], [4: 41, 50, 55, 86, 91, ], [5: 14, 74, 86, 90, ], [6: 11, 31, 35, 45, 51, 80, 83, ], [7: 27, 63, 87, 100, 107, ], [8: 4, 20, 32, 49, 65, 81, ], [9: 38, 71, 143, 169, ], [10: 2, 28, 31, 47, 56, 59, 124, ], [11: 7, 15, 18, 22, 25, 38, 86, 110, ], [12: 0, 43, 66, 79, ], [13: 1, 8, 9, 14, 25, 28, 30, 37, 42, 48, 51, ], [14: 2, 6, 8, 21, 43, 49, 54, ], [15: 4, 52, 53, 73, 83, ], [16: 21, 55, 71, 74, 98, ], [17: 6, 51, 103, 168, ], [18: 17, 22, 65, 75, 83, ], [19: 4, 5, 31, 32, 34, 46, 55, 68, ], [20: 0, 16, 21, 27, 35, 37, 67, ], [21: 41, 48, 69, 106, 109, ], [22: 15, 44, 62, 63, ], [23: 27, 30, 39, 64, 68, 80, ], [24: 2, 15, 26, 36, 42, 43, 52, 64, ], [25: 57, 63, 73, 77, 81, ], [26: 9, 16, 43, 54, 77, 93, ], [27: 0, 2, 12, 19, 23, 38, 52, ], [28: 79, 96, 131, 150, 155, 161, ], [29: 3, 28, 41, 42, 87, ], [30: 45, 88, 104, 129, 146, 147, ], [31: 6, 14, 18, 39, 50, 53, 74, ], [32: 11, 36, 125, 166, ], [33: 3, 17, 22, 60, 93, ], [34: 9, 11, 22, 136, 149, ], [35: 1, 21, 63, 86, 101, ], [36: 7, 49, 54, 55, 59, 120, ], [37: 9, 31, 39, 45, 52, 159, ], [38: 71, 72, 90, 158, ], [39: 21, 41, 49, 77, 84, ], [40: 7, 23, 47, 58, 92, ], [41: 49, 91, 99, 117, 175, ], [42: 93, 110, 130, 144, ], [43: 24, 26, 33, 34, 49, 52, ], [44: 10, 13, 15, 19, 23, 29, 37, 41, 64, 80, ], [45: 15, 35, 79, 121, ], [46: 40, 57, 64, 75, ], [47: 57, 61, 83, 118, ], [48: 42, 58, 68, 74, ], [49: 21, 99, 112, 137, ], [50: 18, 70, 73, 76, 95, ], [51: 26, 32, 48, 71, 83, ], [52: 67, 95, 100, 136, 179, ], [53: 13, 20, 22, 47, 55, 66, 78, ], [54: 47, 48, 52, 56, 58, 119, ], [55: 29, 74, 106, 142, ], [56: 3, 17, 18, 22, 23, 24, 28, 34, 45, ], [57: 9, 20, 27, 32, 34, 51, 55, ], [58: 30, 33, 36, 43, 46, 59, 64, 80, 101, ], [59: 33, 73, 97, 101, 138, ], [60: 32, 53, 80, 146, 160, ], [61: 118, 120, 140, 172, ], [62: 57, 67, 99, 141, ], [63: 70, 123, 157, 163, ], [64: 87, 122, 203, ], [65: 24, 53, 54, 68, ], [66: 51, 61, 87, 111, ], [67: 150, 192, 225, ], [68: 1, 8, 14, 16, 24, 34, 35, 41, ], [69: 42, 178, 222, ], [70: 29, 40, 50, 66, ], [71: 31, 48, 85, 89, ], [72: 13, 30, 38, 65, ], [73: 36, 63, 71, 97, ], [74: 29, 100, 112, ], [75: 15, 16, 24, 32, 78, ], [76: 8, 10, 33, 40, 83, ], [77: 46, 47, 59, 65, 73, ], [78: 114, 127, 195, ], [79: 3, 17, 38, 88, ], [80: 40, 62, 70, 81, ], [81: 18, 24, 56, 60, 65, ], [82: 34, 69, 83, 90, 229, ], [83: 38, 43, 82, 87, ], [84: 12, 50, 70, 123, 126, ], [85: 10, 38, 59, 60, ], [86: 86, 167, 218, ], [87: 11, 23, 33, 45, 68, 115, ], [88: 68, 104, 132, ], [89: 75, 103, 104, 109, 129, ], [90: 21, 27, 29, 46, 71, 80, ], [91: 61, 71, 140, 180, 185, ], [92: 60, 79, 110, ], [93: 44, 53, 220, ], [94: 16, 36, 49, 80, 100, ], [95: 60, 74, 182, ], [96: 12, 60, 65, 72, 86, ], [97: 27, 33, 42, 51, 105, ], [98: 84, 116, 124, 134, ], [99: 85, 132, 139, 176, 194, ], [100: 119, 153, 184, 189, ], [101: 7, 9, 40, 61, ], [102: 3, 92, 198, ], [103: 11, 209, 231, ], [104: 6, 22, 66, 91, ], [105: 45, 122, 165, ], [106: 27, 70, 128, ], [107: 17, 188, 190, ], [108: 61, 91, 103, ], [109: 12, 69, 135, ], [110: 76, 110, 152, ], [111: 28, 174, 199, 217, ], [112: 13, 33, 39, ], [113: 81, 169, 191, ], [114: 15, 20, 40, 41, 77, ], [115: 30, 78, 97, 115, 146, ], [116: 17, 37, 53, 55, ], [117: 44, 61, 81, 110, 120, 133, ], [118: 29, 139, 154, 170, ], [119: 26, 32, 55, 187, ], [120: 7, 96, 156, 201, ], [121: 12, 66, 177, ], [122: 66, 83, 97, 110, 118, ], [123: 99, 133, 144, 154, 211, ], [124: 11, 59, 63, 108, ], [125: 19, 35, 77, 113, 134, ], [126: 95, 215, 224, 236, ], [127: 148, 155, 161, 164, ], [128: 14, 166, 205, ], [129: 89, 119, 183, ], [130: 60, 70, 181, ], [131: 68, 194, 239, ], [132: 6, 54, 84, 87, 196, ], [133: 25, 79, 200, ], [134: 16, 29, 43, 83, 84, 93, ], [135: 82, 136, 173, ], [136: 6, 80, 219, ], [137: 3, 13, 42, 51, 73, 79, ], [138: 40, 44, 52, 111, 167, ], [139: 31, 69, 95, 102, ], [140: 19, 36, 125, 129, ], [141: 18, 113, 233, ], [142: 13, 62, 162, ], [143: 88, 145, 153, ], [144: 58, 66, 80, ], [145: 19, 53, 75, ], [146: 18, 22, 27, 104, ], [147: 23, 82, 84, ], [148: 28, 38, 72, 131, ], [149: 48, 197, 244, ], [150: 16, 151, 203, ], [151: 77, 82, 94, ], [152: 97, 176, 202, ], [153: 96, 193, 221, ], [154: 92, 204, ], [155: 23, 88, 171, ], [156: 64, 118, 125, ], [157: 1, 22, 46, 76, 120, ], [158: 237, ], [159: 240, ], [160: 248, ], [161: 186, ], [162: 234, ], [163: 223, ], [164: 228, ], [165: 230, ], [166: 232, ], [167: 227, ], [168: 212, ], [169: 241, ], [170: 206, ], [171: 243, ], [172: 246, ], [173: 242, ], [174: 247, ], [175: 213, ], [176: 214, ], [177: 249, ], [178: 216, ], [179: 208, 226, ], [180: 207, 235, ], [181: 210, ], [182: 238, ], [183: 245, ], ]
cost of best solution: 1285
average cost of solutions: 1289.8
average last operation finding best solution: 1496.4
average runtime: 123.811
------------------
average time of add_all_nodes_to_neighbours: 0.0281187
average time of random_choice_split: 6.2031e-05
average time of weighted_random_merge: 0.229869
average time of label_propagation_round 0.0388086
average time of remove_nodes_ 0.00771585
average time of add_node_to_all 0.0219357
------------------
average improvement of add_all_nodes_to_neighbours -4.15529
per second: -147.777
average improvement of random_choice_split 0.314494
per second: 5069.95
average improvement of weighted_random_merge -1.31148
per second: -5.70532
average improvement of label_propagation_round -34.8386
per second: -897.703
average improvement of remove_nodes_ -106.493
per second: -13801.8
average improvement of add_node_to_all 245.836
per second: 11207.1
all solutions:
------------------
iteration 0: [[0: 0, 1, 2, 3, 4, 5, 6, 7, 8, 9, 10, 11, 12, 13, 14, 15, 16, 17, 18, 19, 20, 21, 24, 25, 26, 28, 29, 30, 34, ], [1: 7, 22, 55, 61, 86, 110, 120, ], [2: 3, 8, 13, 14, 25, 37, 42, 51, 79, ], [3: 6, 8, 16, 21, 43, 49, 54, 77, 84, ], [4: 21, 71, 74, 98, ], [5: 11, 31, 35, 45, 51, 68, 80, 83, ], [6: 9, 11, 12, 20, 21, 27, 32, 34, 41, 51, 55, ], [7: 13, 26, 74, 90, ], [8: 118, 120, 140, 172, ], [9: 33, 36, 43, 46, 49, 59, 64, 80, 101, ], [10: 17, 22, 23, 24, 28, 33, 34, 35, 45, ], [11: 1, 2, 15, 26, 30, 36, 42, 43, 52, ], [12: 0, 1, 5, 6, 8, 14, 22, 32, 35, 48, ], [13: 15, 19, 23, 29, 35, 37, 41, 64, 80, ], [14: 12, 38, 60, 65, 72, 86, ], [15: 49, 91, 99, 175, ], [16: 4, 5, 31, 32, 46, 55, 59, 68, ], [17: 13, 22, 47, 55, 66, 78, 91, ], [18: 9, 12, 13, 31, 37, 39, ], [19: 4, 20, 32, 49, 65, 81, ], [20: 0, 6, 39, 53, 58, 74, 75, ], [21: 95, 215, 224, 236, ], [22: 27, 30, 33, 39, 42, 64, 68, 73, ], [23: 4, 24, 53, 54, 68, ], [24: 0, 2, 12, 19, 23, 30, 38, 52, ], [25: 21, 27, 29, 46, 71, 80, ], [26: 14, 50, 55, 74, 86, ], [27: 75, 103, 104, 109, 129, ], [28: 70, 73, 76, 95, 101, ], [29: 7, 10, 38, 59, 120, ], [30: 45, 88, 104, 129, 146, 147, ], [31: 79, 96, 131, 150, 155, 161, ], [32: 71, 72, 90, 158, ], [33: 32, 53, 80, 146, 160, ], [34: 1, 21, 63, 86, 101, ], [35: 17, 22, 65, 75, 83, ], [36: 31, 47, 69, 95, 102, ], [37: 3, 17, 22, 60, 93, ], [38: 44, 61, 81, 133, ], [39: 0, 16, 21, 27, 35, 37, 67, ], [40: 100, 109, 128, 184, 189, ], [41: 66, 83, 97, 118, ], [42: 5, 11, 23, 47, ], [43: 0, 43, 66, 79, ], [44: 2, 28, 31, 56, 124, ], [45: 73, 107, 138, ], [46: 52, 89, 119, 153, 183, 189, ], [47: 27, 63, 87, 100, 107, ], [48: 6, 51, 103, 168, ], [49: 15, 64, 79, 86, ], [50: 150, 192, 225, ], [51: 31, 48, 85, 89, ], [52: 15, 16, 24, 32, 78, ], [53: 38, 42, 43, 82, 87, ], [54: 17, 188, 190, ], [55: 12, 25, 37, 48, 75, ], [56: 15, 44, 62, 63, ], [57: 11, 59, 63, 108, 115, ], [58: 52, 53, 73, 83, ], [59: 2, 56, 64, 75, ], [60: 28, 47, 51, 59, 73, ], [61: 8, 10, 26, 29, 33, 43, 48, 83, ], [62: 3, 16, 41, 48, 69, 106, ], [63: 77, 82, 114, ], [64: 9, 54, 77, 93, ], [65: 42, 178, 222, ], [66: 21, 99, 112, 117, ], [67: 29, 40, 50, 66, ], [68: 24, 46, 56, 65, ], [69: 16, 39, 80, 84, ], [70: 15, 18, 22, 25, 28, 38, 110, ], [71: 30, 78, 97, 101, ], [72: 60, 180, 181, 182, ], [73: 1, 17, 37, 53, 55, ], [74: 12, 50, 70, 123, 126, ], [75: 16, 69, 83, 90, 93, ], [76: 8, 15, 20, 40, 41, 77, ], [77: 76, 86, 167, ], [78: 33, 40, 52, 64, ], [79: 61, 71, 140, 180, 185, ], [80: 6, 80, 219, ], [81: 39, 45, 52, 159, ], [82: 3, 7, 10, 23, 58, 92, ], [83: 11, 209, 231, ], [84: 34, 90, 229, ], [85: 67, 100, 133, ], [86: 47, 48, 52, 56, 58, 119, ], [87: 70, 123, 157, 163, ], [88: 93, 110, 130, 144, ], [89: 96, 193, 221, ], [90: 74, 99, 137, 154, ], [91: 29, 74, 106, 142, ], [92: 9, 11, 22, 136, 149, ], [93: 19, 36, 125, 129, ], [94: 33, 68, 97, 115, ], [95: 51, 61, 87, 111, ], [96: 44, 120, 201, ], [97: 36, 63, 71, 97, ], [98: 148, 161, 164, 210, ], [99: 61, 91, 103, ], [100: 67, 136, 179, ], [101: 35, 77, 113, 134, ], [102: 28, 72, 124, 131, ], [103: 7, 96, 156, ], [104: 26, 32, 55, 71, 187, ], [105: 113, 172, 196, ], [106: 27, 50, 100, 130, ], [107: 114, 127, 195, ], [108: 11, 33, 105, 118, ], [109: 45, 122, 165, ], [110: 48, 197, 244, ], [111: 70, 83, 84, 110, ], [112: 44, 53, 220, ], [113: 52, 65, 88, ], [114: 57, 63, 73, 81, ], [115: 24, 34, 49, 52, ], [116: 38, 152, 207, ], [117: 173, ], [118: 5, 62, 81, ], [119: 3, 17, 38, 88, ], [120: 57, 64, 94, 118, 125, ], [121: 81, 169, 191, ], [122: 40, 57, 61, 62, 83, ], [123: 18, 113, 233, ], [124: 69, 88, 109, 145, 153, ], [125: 39, 60, 79, 121, ], [126: 29, 139, 154, 170, ], [127: 13, 106, 162, ], [128: 28, 37, 41, 109, ], [129: 30, 126, 146, ], [130: 12, 22, 66, 177, ], [131: 1, 22, 46, 76, ], [132: 18, 22, 27, 104, ], [133: 18, 39, 50, 53, 56, 60, ], [134: 76, 110, 152, ], [135: 68, 85, 132, 194, ], [136: 65, 73, 97, ], [137: 112, 130, 136, ], [138: 84, 116, 124, 134, ], [139: 44, 94, 101, ], [140: 87, 151, 203, ], [141: 38, 71, 143, 169, ], [142: 57, 67, 99, 141, ], [143: 28, 174, 199, 217, ], [144: 27, 70, 128, ], [145: 18, 19, 70, 73, 77, ], [146: 99, 144, 211, ], [147: 14, 166, 205, ], [148: 97, 176, 202, ], [149: 214, ], [150: 12, 69, 135, ], [151: 59, 60, 82, ], [152: 25, 45, 63, ], [153: 247, ], [154: 234, ], [155: 232, ], [156: 240, ], [157: 237, ], [158: 92, 204, ], [159: 92, 198, ], [160: 23, 88, 171, ], [161: 223, ], [162: 242, ], [163: 213, ], [164: 216, ], [165: 248, ], [166: 227, ], [167: 206, ], [168: 228, ], [169: 246, ], [170: 241, ], [171: 243, ], [172: 212, ], [173: 25, 200, ], [174: 34, 86, 218, ], [175: 2, 54, 95, ], [176: 249, ], [177: 10, 40, 230, ], [178: 5, 132, 139, ], [179: 235, ], [180: 208, 226, ], [181: 186, ], [182: 7, 40, 169, ], [183: 239, ], [184: 238, ], [185: 245, ], ]
edge deletions: 656
edge additions: 118
vertex splittings: 521
cost of solution: 1295
time used on iteration: 106.898
best solution found at iteration 1577
------------------
iteration 1: [[0: 0, 3, 12, 16, 37, 39, 48, 58, 75, ], [1: 6, 17, 21, 29, 33, 35, 48, ], [2: 0, 1, 2, 3, 4, 5, 6, 7, 8, 9, 10, 11, 12, 13, 14, 15, 16, 17, 18, 19, 20, 21, 24, 25, 26, 28, 29, 30, ], [3: 0, 1, 8, 11, 12, 14, 22, 32, 41, 55, ], [4: 41, 50, 55, 86, 91, ], [5: 14, 74, 86, 90, ], [6: 11, 31, 35, 45, 51, 80, 83, ], [7: 27, 63, 87, 100, 107, ], [8: 4, 20, 32, 49, 65, 81, ], [9: 38, 71, 143, 169, ], [10: 2, 28, 31, 47, 56, 59, 124, ], [11: 7, 15, 18, 22, 25, 38, 86, 110, ], [12: 0, 43, 66, 79, ], [13: 1, 8, 9, 14, 25, 28, 30, 37, 42, 48, 51, ], [14: 2, 6, 8, 21, 43, 49, 54, ], [15: 4, 52, 53, 73, 83, ], [16: 21, 55, 71, 74, 98, ], [17: 6, 51, 103, 168, ], [18: 17, 22, 65, 75, 83, ], [19: 4, 5, 31, 32, 34, 46, 55, 68, ], [20: 0, 16, 21, 27, 35, 37, 67, ], [21: 41, 48, 69, 106, 109, ], [22: 15, 44, 62, 63, ], [23: 27, 30, 39, 64, 68, 80, ], [24: 2, 15, 26, 36, 42, 43, 52, 64, ], [25: 57, 63, 73, 77, 81, ], [26: 9, 16, 43, 54, 77, 93, ], [27: 0, 2, 12, 19, 23, 38, 52, ], [28: 79, 96, 131, 150, 155, 161, ], [29: 3, 28, 41, 42, 87, ], [30: 45, 88, 104, 129, 146, 147, ], [31: 6, 14, 18, 39, 50, 53, 74, ], [32: 11, 36, 125, 166, ], [33: 3, 17, 22, 60, 93, ], [34: 9, 11, 22, 136, 149, ], [35: 1, 21, 63, 86, 101, ], [36: 7, 49, 54, 55, 59, 120, ], [37: 9, 31, 39, 45, 52, 159, ], [38: 71, 72, 90, 158, ], [39: 21, 41, 49, 77, 84, ], [40: 7, 23, 47, 58, 92, ], [41: 49, 91, 99, 117, 175, ], [42: 93, 110, 130, 144, ], [43: 24, 26, 33, 34, 49, 52, ], [44: 10, 13, 15, 19, 23, 29, 37, 41, 64, 80, ], [45: 15, 35, 79, 121, ], [46: 40, 57, 64, 75, ], [47: 57, 61, 83, 118, ], [48: 42, 58, 68, 74, ], [49: 21, 99, 112, 137, ], [50: 18, 70, 73, 76, 95, ], [51: 26, 32, 48, 71, 83, ], [52: 67, 95, 100, 136, 179, ], [53: 13, 20, 22, 47, 55, 66, 78, ], [54: 47, 48, 52, 56, 58, 119, ], [55: 29, 74, 106, 142, ], [56: 3, 17, 18, 22, 23, 24, 28, 34, 45, ], [57: 9, 20, 27, 32, 34, 51, 55, ], [58: 30, 33, 36, 43, 46, 59, 64, 80, 101, ], [59: 33, 73, 97, 101, 138, ], [60: 32, 53, 80, 146, 160, ], [61: 118, 120, 140, 172, ], [62: 57, 67, 99, 141, ], [63: 70, 123, 157, 163, ], [64: 87, 122, 203, ], [65: 24, 53, 54, 68, ], [66: 51, 61, 87, 111, ], [67: 150, 192, 225, ], [68: 1, 8, 14, 16, 24, 34, 35, 41, ], [69: 42, 178, 222, ], [70: 29, 40, 50, 66, ], [71: 31, 48, 85, 89, ], [72: 13, 30, 38, 65, ], [73: 36, 63, 71, 97, ], [74: 29, 100, 112, ], [75: 15, 16, 24, 32, 78, ], [76: 8, 10, 33, 40, 83, ], [77: 46, 47, 59, 65, 73, ], [78: 114, 127, 195, ], [79: 3, 17, 38, 88, ], [80: 40, 62, 70, 81, ], [81: 18, 24, 56, 60, 65, ], [82: 34, 69, 83, 90, 229, ], [83: 38, 43, 82, 87, ], [84: 12, 50, 70, 123, 126, ], [85: 10, 38, 59, 60, ], [86: 86, 167, 218, ], [87: 11, 23, 33, 45, 68, 115, ], [88: 68, 104, 132, ], [89: 75, 103, 104, 109, 129, ], [90: 21, 27, 29, 46, 71, 80, ], [91: 61, 71, 140, 180, 185, ], [92: 60, 79, 110, ], [93: 44, 53, 220, ], [94: 16, 36, 49, 80, 100, ], [95: 60, 74, 182, ], [96: 12, 60, 65, 72, 86, ], [97: 27, 33, 42, 51, 105, ], [98: 84, 116, 124, 134, ], [99: 85, 132, 139, 176, 194, ], [100: 119, 153, 184, 189, ], [101: 7, 9, 40, 61, ], [102: 3, 92, 198, ], [103: 11, 209, 231, ], [104: 6, 22, 66, 91, ], [105: 45, 122, 165, ], [106: 27, 70, 128, ], [107: 17, 188, 190, ], [108: 61, 91, 103, ], [109: 12, 69, 135, ], [110: 76, 110, 152, ], [111: 28, 174, 199, 217, ], [112: 13, 33, 39, ], [113: 81, 169, 191, ], [114: 15, 20, 40, 41, 77, ], [115: 30, 78, 97, 115, 146, ], [116: 17, 37, 53, 55, ], [117: 44, 61, 81, 110, 120, 133, ], [118: 29, 139, 154, 170, ], [119: 26, 32, 55, 187, ], [120: 7, 96, 156, 201, ], [121: 12, 66, 177, ], [122: 66, 83, 97, 110, 118, ], [123: 99, 133, 144, 154, 211, ], [124: 11, 59, 63, 108, ], [125: 19, 35, 77, 113, 134, ], [126: 95, 215, 224, 236, ], [127: 148, 155, 161, 164, ], [128: 14, 166, 205, ], [129: 89, 119, 183, ], [130: 60, 70, 181, ], [131: 68, 194, 239, ], [132: 6, 54, 84, 87, 196, ], [133: 25, 79, 200, ], [134: 16, 29, 43, 83, 84, 93, ], [135: 82, 136, 173, ], [136: 6, 80, 219, ], [137: 3, 13, 42, 51, 73, 79, ], [138: 40, 44, 52, 111, 167, ], [139: 31, 69, 95, 102, ], [140: 19, 36, 125, 129, ], [141: 18, 113, 233, ], [142: 13, 62, 162, ], [143: 88, 145, 153, ], [144: 58, 66, 80, ], [145: 19, 53, 75, ], [146: 18, 22, 27, 104, ], [147: 23, 82, 84, ], [148: 28, 38, 72, 131, ], [149: 48, 197, 244, ], [150: 16, 151, 203, ], [151: 77, 82, 94, ], [152: 97, 176, 202, ], [153: 96, 193, 221, ], [154: 92, 204, ], [155: 23, 88, 171, ], [156: 64, 118, 125, ], [157: 1, 22, 46, 76, 120, ], [158: 237, ], [159: 240, ], [160: 248, ], [161: 186, ], [162: 234, ], [163: 223, ], [164: 228, ], [165: 230, ], [166: 232, ], [167: 227, ], [168: 212, ], [169: 241, ], [170: 206, ], [171: 243, ], [172: 246, ], [173: 242, ], [174: 247, ], [175: 213, ], [176: 214, ], [177: 249, ], [178: 216, ], [179: 208, 226, ], [180: 207, 235, ], [181: 210, ], [182: 238, ], [183: 245, ], ]
edge deletions: 638
edge additions: 112
vertex splittings: 535
cost of solution: 1285
time used on iteration: 98.834
best solution found at iteration 1921
------------------
iteration 2: [[0: 1, 2, 38, 42, 43, 52, ], [1: 13, 27, 30, 33, 39, 42, 64, 73, ], [2: 4, 5, 11, 31, 32, 55, 59, ], [3: 10, 17, 18, 23, 24, 28, 33, 34, 45, ], [4: 0, 1, 2, 3, 4, 6, 7, 8, 9, 10, 11, 12, 13, 14, 15, 16, 17, 18, 19, 20, 21, 24, 25, 26, 28, 29, 30, ], [5: 12, 18, 38, 60, 65, 72, 86, ], [6: 15, 19, 23, 29, 35, 37, 41, 64, 80, ], [7: 9, 12, 13, 20, 27, 34, 51, 55, ], [8: 4, 24, 53, 54, 68, ], [9: 21, 32, 46, 71, 80, 83, ], [10: 11, 31, 35, 45, 51, 68, 80, 83, ], [11: 0, 1, 5, 6, 8, 9, 12, 14, 20, 22, 26, 32, 41, 48, ], [12: 28, 47, 51, 59, 73, ], [13: 0, 7, 10, 23, 38, 59, 120, ], [14: 3, 8, 9, 14, 25, 28, 30, 37, 42, 48, 51, ], [15: 27, 63, 87, 95, 100, 107, ], [16: 5, 23, 30, 34, 68, ], [17: 15, 16, 24, 32, 78, ], [18: 1, 3, 5, 8, 10, 14, 16, 17, 24, 34, 35, 41, ], [19: 9, 11, 22, 136, 149, ], [20: 8, 10, 26, 29, 33, 40, 43, 66, 83, ], [21: 0, 6, 39, 53, 58, 74, 75, ], [22: 0, 3, 9, 17, 22, 25, 45, 93, ], [23: 9, 12, 13, 31, 37, 39, ], [24: 9, 15, 20, 40, 43, 77, ], [25: 33, 36, 43, 46, 49, 59, 80, 101, ], [26: 57, 63, 73, 77, 81, ], [27: 4, 20, 32, 49, 65, 81, ], [28: 99, 133, 144, 154, 211, ], [29: 12, 70, 123, 126, ], [30: 14, 18, 20, 39, 50, 56, ], [31: 2, 8, 54, 75, 95, ], [32: 6, 16, 21, 41, 43, 49, 54, 77, 84, ], [33: 49, 91, 99, 117, 175, ], [34: 7, 22, 55, 61, 86, 91, 110, 120, ], [35: 15, 18, 22, 25, 28, 38, 110, ], [36: 45, 88, 104, 129, 146, 147, ], [37: 70, 123, 157, 163, ], [38: 84, 116, 124, 134, ], [39: 1, 21, 63, 86, 101, ], [40: 79, 96, 131, 150, 155, 161, ], [41: 54, 118, 120, 140, 172, ], [42: 4, 5, 22, 24, 25, 34, 46, ], [43: 4, 17, 22, 48, 65, 75, 83, ], [44: 16, 29, 69, 83, 90, 93, ], [45: 13, 20, 22, 23, 47, 66, 78, ], [46: 41, 50, 55, 86, 91, ], [47: 11, 27, 33, 105, 118, ], [48: 46, 47, 56, 65, 75, ], [49: 11, 59, 63, 108, 115, ], [50: 27, 32, 46, 55, 64, 68, ], [51: 0, 10, 16, 27, 35, 37, 67, 79, ], [52: 2, 24, 26, 34, 49, 52, 65, ], [53: 40, 50, 123, 124, ], [54: 26, 36, 42, 187, ], [55: 19, 35, 77, 113, 134, ], [56: 18, 22, 27, 104, ], [57: 21, 26, 55, 71, 74, 98, ], [58: 0, 19, 52, 53, 73, ], [59: 16, 37, 39, 58, 75, 80, ], [60: 2, 5, 7, 11, 23, 47, ], [61: 36, 63, 71, 97, ], [62: 28, 174, 199, 217, ], [63: 27, 29, 50, 80, 100, ], [64: 39, 42, 58, 68, 74, ], [65: 30, 78, 97, 101, ], [66: 40, 57, 64, 75, ], [67: 60, 93, 110, 130, 144, ], [68: 15, 44, 62, 63, ], [69: 39, 45, 52, 159, ], [70: 88, 110, 118, 131, ], [71: 67, 100, 112, 130, 136, 179, ], [72: 52, 119, 153, 184, 189, ], [73: 18, 53, 70, 73, 76, 95, ], [74: 0, 1, 14, 17, 37, 53, 55, ], [75: 76, 86, 167, 218, ], [76: 44, 61, 81, 110, 120, 133, ], [77: 31, 47, 69, 95, 102, 116, ], [78: 71, 72, 90, 158, ], [79: 75, 103, 104, 109, 129, ], [80: 38, 71, 143, 169, ], [81: 19, 29, 139, 154, 170, ], [82: 47, 48, 52, 56, 58, 119, ], [83: 16, 41, 48, 69, 106, 109, ], [84: 44, 94, 101, 126, ], [85: 57, 61, 83, 118, ], [86: 13, 29, 74, 106, 142, ], [87: 50, 53, 60, 70, 74, ], [88: 81, 158, 169, 191, ], [89: 117, 141, 192, ], [90: 21, 99, 112, 117, 137, ], [91: 7, 96, 156, 201, ], [92: 28, 56, 72, 124, 131, ], [93: 15, 42, 64, 79, 86, ], [94: 2, 31, 36, 52, 56, 59, 64, ], [95: 48, 197, 205, 244, ], [96: 6, 51, 103, 168, ], [97: 65, 73, 83, 97, ], [98: 33, 52, 83, 89, ], [99: 91, 96, 193, 221, ], [100: 42, 133, 178, 222, ], [101: 38, 87, 122, 203, ], [102: 5, 14, 74, 86, 90, ], [103: 44, 53, 220, ], [104: 1, 4, 13, 30, 38, 65, ], [105: 65, 88, 104, 109, 145, ], [106: 3, 7, 10, 23, 58, 92, ], [107: 97, 176, 202, ], [108: 12, 19, 23, 75, 129, ], [109: 77, 93, 94, 116, ], [110: 12, 34, 50, 66, 69, 118, ], [111: 85, 102, 107, 108, ], [112: 68, 104, 132, ], [113: 1, 46, 79, 120, ], [114: 77, 114, 130, 157, ], [115: 7, 27, 70, 128, ], [116: 43, 82, 84, 87, ], [117: 114, 127, 195, ], [118: 6, 21, 33, 35, 48, 51, ], [119: 61, 71, 140, 180, 185, ], [120: 37, 109, 128, 189, ], [121: 7, 20, 40, 169, ], [122: 3, 17, 38, 88, ], [123: 11, 19, 36, 125, 166, ], [124: 82, 136, 173, ], [125: 53, 70, 83, 84, 110, ], [126: 32, 53, 80, 146, 160, ], [127: 33, 68, 97, 115, ], [128: 17, 188, 190, ], [129: 11, 194, 209, 231, ], [130: 34, 90, 229, ], [131: 54, 113, 172, 196, ], [132: 15, 121, 126, ], [133: 24, 56, 60, 156, ], [134: 31, 48, 85, 89, ], [135: 74, 99, 137, 154, ], [136: 45, 63, 122, 165, ], [137: 57, 67, 99, 141, ], [138: 76, 110, 152, 182, ], [139: 95, 215, 224, 236, ], [140: 85, 132, 139, 176, 194, ], [141: 40, 61, 62, 70, 81, ], [142: 64, 94, 118, 125, ], [143: 16, 142, 151, 203, ], [144: 60, 180, 181, 182, ], [145: 3, 39, 60, 79, 121, ], [146: 148, 150, 161, 192, 225, ], [147: 7, 8, 49, 54, 55, ], [148: 23, 52, 88, 171, ], [149: 148, 155, 164, ], [150: 3, 28, 41, 42, 87, ], [151: 29, 31, 46, 116, ], [152: 25, 63, 79, 200, ], [153: 85, 194, 237, ], [154: 51, 69, 88, 153, ], [155: 18, 113, 233, ], [156: 68, 194, 239, ], [157: 13, 62, 79, 162, ], [158: 40, 44, 52, 111, 167, ], [159: 51, 61, 87, 111, ], [160: 72, 82, 114, ], [161: 33, 46, 73, 101, 138, ], [162: 12, 135, 197, ], [163: 207, 235, ], [164: 79, 232, ], [165: 58, 89, 92, 204, ], [166: 162, 206, ], [167: 3, 92, 96, 198, ], [168: 119, 240, ], [169: 64, 213, ], [170: 231, 246, ], [171: 103, 104, 227, ], [172: 207, 219, ], [173: 86, 228, ], [174: 201, 212, ], [175: 225, 234, ], [176: 233, 243, ], [177: 10, 40, 230, ], [178: 24, 242, ], [179: 74, 98, 186, ], [180: 169, 241, ], [181: 43, 84, 214, ], [182: 124, 249, ], [183: 149, 247, ], [184: 81, 216, ], [185: 59, 60, 82, 127, ], [186: 89, 119, 183, ], [187: 136, 248, ], [188: 56, 223, ], [189: 12, 22, 66, 177, ], [190: 208, 226, ], [191: 161, 164, 210, ], [192: 238, ], [193: 245, ], ]
edge deletions: 419
edge additions: 185
vertex splittings: 681
cost of solution: 1285
time used on iteration: 150.1
best solution found at iteration 1681
------------------
iteration 3: [[0: 27, 30, 33, 39, 42, 64, 68, 73, ], [1: 0, 1, 2, 3, 4, 5, 6, 7, 8, 9, 10, 11, 12, 13, 14, 15, 16, 17, 18, 19, 20, 21, 22, 24, 25, 26, 28, 29, 30, 34, ], [2: 0, 6, 39, 53, 58, 74, 75, ], [3: 20, 32, 49, 65, 81, ], [4: 33, 36, 43, 46, 49, 59, 80, 101, ], [5: 4, 5, 31, 32, 46, 55, 59, 64, 68, ], [6: 10, 16, 27, 37, 58, ], [7: 0, 3, 10, 17, 18, 22, 23, 28, 38, 45, 60, ], [8: 5, 9, 28, 29, 31, 37, 48, ], [9: 57, 67, 99, 141, ], [10: 16, 36, 203, ], [11: 15, 19, 23, 29, 35, 37, 41, 64, 80, ], [12: 11, 31, 35, 45, 51, 80, 83, ], [13: 9, 11, 22, 136, 149, ], [14: 14, 74, 86, 90, ], [15: 0, 9, 11, 12, 20, 22, 27, 32, 41, 55, ], [16: 0, 1, 6, 8, 14, 16, 21, 32, 35, 41, 48, ], [17: 70, 123, 157, 163, ], [18: 0, 19, 52, 53, 73, ], [19: 3, 13, 14, 37, 39, 42, 51, 79, ], [20: 16, 17, 22, 75, 83, 93, ], [21: 148, 155, 161, 164, ], [22: 12, 38, 60, 65, 72, 86, ], [23: 1, 14, 17, 37, 53, 55, ], [24: 79, 96, 131, 150, 155, 161, ], [25: 40, 57, 64, 75, ], [26: 8, 12, 25, 30, 37, 48, 51, 75, ], [27: 11, 27, 33, 34, 35, 51, 105, 118, ], [28: 60, 93, 110, 130, 144, ], [29: 41, 69, 106, 109, ], [30: 40, 61, 62, 70, 81, ], [31: 28, 47, 51, 59, 73, ], [32: 23, 24, 33, 34, 45, 52, 68, ], [33: 50, 60, 70, 74, ], [34: 7, 22, 55, 61, 86, 110, 120, ], [35: 118, 120, 140, 172, ], [36: 1, 26, 42, 43, 48, 52, ], [37: 0, 43, 66, 79, ], [38: 28, 56, 72, 124, 131, ], [39: 9, 15, 20, 40, 43, 77, ], [40: 47, 48, 52, 56, 58, 119, ], [41: 45, 88, 104, 129, 146, 147, ], [42: 57, 61, 83, 118, ], [43: 2, 5, 11, 13, 23, 47, ], [44: 2, 31, 36, 52, 56, 64, ], [45: 8, 10, 26, 29, 33, 40, 43, 66, 83, ], [46: 84, 116, 124, 134, ], [47: 38, 43, 82, 87, ], [48: 27, 32, 46, 71, 80, 83, ], [49: 38, 71, 143, 169, ], [50: 29, 74, 106, 142, ], [51: 35, 77, 113, 134, ], [52: 6, 51, 103, 168, ], [53: 17, 19, 33, 154, ], [54: 11, 59, 63, 108, 115, ], [55: 4, 24, 49, 53, 54, ], [56: 6, 8, 16, 21, 43, 49, 54, 84, ], [57: 26, 32, 55, 187, ], [58: 3, 28, 41, 87, ], [59: 17, 188, 190, ], [60: 2, 15, 25, 30, 36, 38, 42, ], [61: 73, 107, 138, ], [62: 42, 178, 222, ], [63: 16, 39, 80, 84, ], [64: 51, 61, 87, 111, ], [65: 1, 21, 63, 86, 101, ], [66: 12, 31, 39, 52, ], [67: 27, 63, 87, 100, 107, ], [68: 70, 83, 84, 110, ], [69: 18, 76, 86, 110, ], [70: 57, 63, 73, 81, ], [71: 75, 103, 104, 109, 129, ], [72: 7, 128, 156, ], [73: 66, 118, 160, ], [74: 30, 78, 97, 101, ], [75: 49, 91, 99, 175, ], [76: 34, 69, 83, 90, 229, ], [77: 99, 144, 211, ], [78: 12, 70, 123, 126, ], [79: 9, 54, 77, 93, ], [80: 31, 47, 69, 95, 102, ], [81: 67, 81, 133, 158, 191, ], [82: 64, 79, 86, ], [83: 70, 73, 76, 95, 101, ], [84: 27, 67, 98, 100, 130, ], [85: 95, 215, 224, 236, ], [86: 71, 72, 90, 158, ], [87: 61, 71, 140, 180, 185, ], [88: 33, 48, 83, 89, ], [89: 15, 44, 62, 63, ], [90: 21, 99, 112, 117, ], [91: 25, 45, 124, ], [92: 68, 104, 132, ], [93: 36, 63, 71, 97, ], [94: 52, 65, 83, 88, ], [95: 9, 39, 45, 159, ], [96: 21, 67, 179, ], [97: 47, 66, 78, ], [98: 13, 16, 78, 106, ], [99: 15, 24, 32, 78, ], [100: 7, 10, 38, 59, 120, ], [101: 44, 57, 77, 82, 94, ], [102: 27, 29, 50, 80, 100, ], [103: 82, 136, 173, ], [104: 40, 44, 52, 111, 167, ], [105: 53, 80, 146, ], [106: 77, 114, 157, ], [107: 11, 36, 125, 166, ], [108: 38, 88, 110, 118, 131, ], [109: 132, 139, 194, ], [110: 60, 180, 181, ], [111: 61, 68, 74, ], [112: 33, 68, 97, 115, ], [113: 38, 152, 207, ], [114: 45, 122, 165, ], [115: 4, 65, 73, 83, 97, ], [116: 6, 13, 33, 66, 80, ], [117: 28, 174, 199, 217, ], [118: 114, 127, 195, ], [119: 68, 194, 239, ], [120: 21, 55, 71, 74, 98, ], [121: 18, 73, 77, 113, ], [122: 94, 101, 126, ], [123: 24, 46, 56, 59, 60, 65, ], [124: 51, 69, 88, ], [125: 7, 23, 47, 58, 92, ], [126: 18, 22, 65, 104, ], [127: 1, 22, 46, 76, ], [128: 44, 61, 110, 133, ], [129: 18, 39, 50, 53, 56, ], [130: 85, 102, 107, ], [131: 150, 192, 225, ], [132: 23, 88, 171, ], [133: 97, 176, 202, ], [134: 100, 109, 128, 184, 189, ], [135: 54, 113, 196, ], [136: 44, 120, 201, ], [137: 3, 92, 198, ], [138: 11, 209, 231, ], [139: 31, 89, 183, ], [140: 44, 53, 220, ], [141: 64, 118, 125, ], [142: 15, 25, 79, 110, ], [143: 12, 69, 135, ], [144: 85, 194, 237, ], [145: 86, 167, 218, ], [146: 30, 126, 146, ], [147: 54, 87, 97, ], [148: 29, 93, 116, ], [149: 52, 89, 119, 153, 189, ], [150: 119, 184, 197, ], [151: 41, 50, 91, ], [152: 96, 193, 221, ], [153: 34, 41, 49, 77, ], [154: 74, 99, 137, 154, ], [155: 22, 55, 61, 78, 91, ], [156: 19, 36, 125, 129, ], [157: 112, 114, 130, 136, ], [158: 12, 22, 66, 177, ], [159: 48, 205, 244, ], [160: 2, 54, 95, ], [161: 15, 121, 126, ], [162: 7, 54, 96, ], [163: 110, 152, 182, ], [164: 87, 151, 203, ], [165: 97, 132, 138, ], [166: 88, 109, 145, ], [167: 29, 139, 154, 170, ], [168: 60, 82, 127, ], [169: 30, 118, 135, ], [170: 210, ], [171: 235, ], [172: 233, 243, ], [173: 162, 206, ], [174: 247, ], [175: 232, ], [176: 248, ], [177: 227, ], [178: 214, ], [179: 219, ], [180: 213, ], [181: 223, ], [182: 216, ], [183: 204, ], [184: 186, ], [185: 208, 226, ], [186: 230, ], [187: 240, ], [188: 200, ], [189: 242, ], [190: 228, ], [191: 241, ], [192: 234, ], [193: 246, ], [194: 212, ], [195: 249, ], [196: 238, ], [197: 245, ], ]
edge deletions: 595
edge additions: 128
vertex splittings: 566
cost of solution: 1289
time used on iteration: 156.278
best solution found at iteration 760
------------------
iteration 4: [[0: 4, 5, 31, 32, 34, 46, 68, 83, ], [1: 12, 18, 38, 60, 65, 72, 86, ], [2: 9, 12, 20, 27, 34, 51, 55, ], [3: 2, 15, 30, 36, 38, 42, 43, ], [4: 14, 18, 39, 50, 53, ], [5: 16, 21, 41, 43, 49, 77, 80, 84, ], [6: 3, 17, 22, 25, 28, 38, 60, 93, 110, ], [7: 0, 3, 11, 17, 18, 23, 24, 28, 30, 34, 35, 45, ], [8: 0, 1, 2, 3, 4, 5, 6, 7, 8, 9, 10, 11, 12, 13, 14, 15, 16, 17, 18, 19, 20, 21, 24, 25, 26, 29, 30, ], [9: 79, 96, 131, 150, 155, 161, ], [10: 6, 8, 14, 21, 28, 30, 33, 35, 37, 48, 51, ], [11: 9, 11, 22, 136, 149, ], [12: 4, 24, 49, 53, 54, 55, 68, ], [13: 4, 13, 28, 47, 59, 65, 73, ], [14: 0, 1, 8, 11, 12, 14, 22, 24, 32, 34, 41, 55, ], [15: 20, 32, 49, 65, 81, ], [16: 36, 43, 49, 59, 101, ], [17: 24, 26, 33, 34, 49, 52, ], [18: 0, 16, 27, 35, 37, 67, ], [19: 41, 48, 69, 106, 109, ], [20: 1, 9, 26, 42, 43, 48, 52, ], [21: 7, 22, 55, 61, 86, 110, 120, ], [22: 7, 10, 38, 59, 120, ], [23: 27, 30, 33, 39, 45, 64, 68, 80, ], [24: 6, 43, 54, 84, 87, ], [25: 33, 36, 46, 73, 97, 101, 138, ], [26: 47, 52, 56, 58, 119, ], [27: 0, 3, 12, 16, 37, 39, 48, 58, 75, ], [28: 18, 22, 27, 104, ], [29: 18, 19, 70, 73, 77, ], [30: 31, 69, 95, 102, ], [31: 7, 10, 23, 58, 92, ], [32: 2, 56, 64, 75, ], [33: 45, 122, 165, ], [34: 57, 63, 73, 81, ], [35: 45, 88, 104, 129, 146, 147, ], [36: 0, 43, 66, 79, ], [37: 10, 15, 19, 23, 29, 35, 37, 41, 64, 80, ], [38: 21, 27, 32, 46, 55, 71, ], [39: 50, 60, 70, 74, ], [40: 78, 115, 146, ], [41: 7, 40, 169, ], [42: 9, 16, 54, 77, 93, ], [43: 27, 29, 50, 80, 100, ], [44: 49, 91, 99, 117, 175, ], [45: 70, 123, 157, 163, ], [46: 3, 13, 25, 37, 42, 51, 79, ], [47: 17, 22, 65, 75, 83, ], [48: 14, 74, 86, 90, ], [49: 11, 27, 33, 42, 105, ], [50: 17, 188, 190, ], [51: 32, 46, 55, 59, 64, ], [52: 24, 46, 56, 65, ], [53: 26, 29, 48, 71, 83, ], [54: 16, 34, 83, 90, 229, ], [55: 10, 29, 33, 43, 46, 80, 83, ], [56: 0, 2, 12, 19, 23, 38, 52, ], [57: 28, 56, 72, 124, 131, ], [58: 27, 63, 87, 100, 107, ], [59: 19, 36, 125, 129, ], [60: 52, 53, 73, 83, ], [61: 54, 113, 172, 196, ], [62: 114, 127, 195, ], [63: 38, 71, 143, 169, ], [64: 13, 20, 22, 23, 47, 66, 78, ], [65: 71, 72, 90, 158, ], [66: 9, 31, 39, 45, 52, 159, ], [67: 66, 83, 97, 110, 118, ], [68: 11, 59, 63, 108, ], [69: 6, 13, 20, 39, 74, ], [70: 15, 16, 32, 78, ], [71: 15, 20, 40, 41, 77, ], [72: 5, 13, 31, 47, 55, ], [73: 28, 174, 199, 217, ], [74: 29, 74, 106, 142, ], [75: 51, 61, 87, 111, ], [76: 64, 94, 125, ], [77: 2, 7, 8, 49, 54, ], [78: 44, 61, 110, 133, ], [79: 8, 83, 84, ], [80: 42, 58, 68, 74, ], [81: 36, 42, 52, 64, 73, ], [82: 15, 64, 79, 86, ], [83: 132, 139, 194, ], [84: 148, 155, 164, ], [85: 67, 81, 133, 158, 191, ], [86: 61, 118, 120, 140, 185, ], [87: 87, 151, 203, ], [88: 68, 85, 97, 132, 176, ], [89: 33, 40, 57, 64, 118, ], [90: 112, 130, 136, ], [91: 41, 50, 55, 91, ], [92: 3, 19, 28, 41, 87, ], [93: 3, 92, 198, ], [94: 82, 136, 173, ], [95: 76, 86, 167, ], [96: 100, 109, 128, 184, 189, ], [97: 51, 69, 83, 88, ], [98: 21, 99, 112, 137, ], [99: 15, 44, 62, 63, ], [100: 57, 67, 99, 141, ], [101: 40, 61, 62, 70, 81, 83, ], [102: 65, 88, 104, 109, 145, ], [103: 52, 89, 119, 153, 183, 189, ], [104: 40, 44, 52, 111, 167, ], [105: 96, 193, 221, ], [106: 70, 101, 135, ], [107: 11, 209, 231, ], [108: 42, 178, 222, ], [109: 12, 50, 66, 69, ], [110: 11, 31, 51, 59, 80, ], [111: 48, 197, 244, ], [112: 99, 133, 144, 154, 211, ], [113: 26, 32, 55, 187, ], [114: 75, 103, 104, 109, 129, ], [115: 7, 96, 201, ], [116: 95, 215, 224, 236, ], [117: 36, 63, 71, ], [118: 60, 180, 182, ], [119: 23, 88, 171, ], [120: 12, 70, 123, 126, ], [121: 31, 48, 85, 89, ], [122: 14, 166, 205, ], [123: 29, 139, 154, 170, ], [124: 44, 53, 220, ], [125: 12, 135, 197, ], [126: 6, 51, 103, 168, ], [127: 6, 32, 53, 80, 146, ], [128: 21, 67, 179, ], [129: 77, 114, 157, ], [130: 44, 104, 120, ], [131: 1, 22, 46, 76, ], [132: 34, 86, 218, ], [133: 10, 27, 70, ], [134: 60, 79, 121, ], [135: 18, 113, 233, ], [136: 38, 152, 207, ], [137: 141, 150, 192, ], [138: 25, 45, 124, ], [139: 93, 110, 130, 144, ], [140: 71, 97, 202, ], [141: 13, 106, 162, ], [142: 33, 56, 59, 60, 82, ], [143: 30, 78, 97, 101, ], [144: 1, 21, 63, 86, 101, ], [145: 37, 55, 123, ], [146: 11, 36, 125, 166, ], [147: 35, 77, 113, 134, ], [148: 18, 62, 149, ], [149: 35, 118, 172, ], [150: 18, 70, 76, 110, ], [151: 84, 116, 124, 134, ], [152: 6, 22, 66, 91, ], [153: 232, ], [154: 10, 40, 230, ], [155: 200, ], [156: 119, 184, 197, ], [157: 227, ], [158: 212, ], [159: 204, ], [160: 68, 194, 239, ], [161: 85, 194, 237, ], [162: 15, 22, 126, ], [163: 225, 234, ], [164: 7, 128, 156, ], [165: 161, 164, 210, ], [166: 21, 71, 74, 98, ], [167: 228, ], [168: 207, 219, 235, ], [169: 17, 19, 33, 37, 154, ], [170: 54, 120, 140, 172, ], [171: 148, 161, 192, ], [172: 206, ], [173: 242, ], [174: 27, 67, 98, 100, 130, ], [175: 247, ], [176: 110, 152, 182, ], [177: 8, 40, 75, ], [178: 216, ], [179: 72, 82, 114, ], [180: 2, 12, 28, 29, 31, 34, ], [181: 58, 66, 80, ], [182: 94, 101, 126, ], [183: 241, ], [184: 248, ], [185: 121, 134, 155, ], [186: 246, ], [187: 42, 87, 97, ], [188: 223, ], [189: 51, 105, 147, ], [190: 67, 95, 136, ], [191: 70, 95, 181, ], [192: 44, 57, 77, 82, 94, ], [193: 11, 68, 115, ], [194: 61, 91, 103, ], [195: 11, 50, 118, ], [196: 249, ], [197: 214, ], [198: 85, 102, 107, ], [199: 145, 153, 184, ], [200: 8, 66, 160, ], [201: 177, ], [202: 34, 118, 131, ], [203: 186, ], [204: 29, 93, 116, ], [205: 240, ], [206: 243, ], [207: 213, ], [208: 208, 226, ], [209: 238, ], [210: 245, ], ]
edge deletions: 553
edge additions: 118
vertex splittings: 624
cost of solution: 1295
time used on iteration: 106.947
best solution found at iteration 1543
------------------
