instance: ../../../../../Master/Testsets/law_firm/law_firm.gr
nodes: 71
edges: 1008
runs: 5
operations per iteration: 100000
best solution:
[[6: 4, 5, 17, 30, 31, 32, 49, 50, 57, 58, ], [10: 21, 29, 37, 42, 48, 64, 66, 68, ], [22: 0, 3, 10, 16, 19, 20, 22, 26, 39, 42, 55, ], [40: 4, 6, 17, 27, 32, 34, 57, 62, ], [44: 9, 27, 28, 44, 45, 59, 69, ], [48: 7, 8, 9, 10, 11, 12, 16, 20, 25, 48, ], [53: 12, 21, 23, 25, 38, 39, 40, 51, 53, 54, 55, 56, 64, 65, 66, 67, 70, ], [60: 1, 8, 9, 11, 14, 15, 19, 23, 26, 28, 37, 41, 47, ], [64: 3, 12, 15, 18, 31, 36, 44, ], [65: 12, 26, 37, 39, 40, 41, 42, 48, 50, 51, 54, 55, 56, ], [68: 63, 65, 68, 69, 70, ], [71: 5, 13, 15, 16, 24, 27, 29, 45, 49, 62, ], [74: 0, 1, 11, 15, 16, 18, 21, 25, 28, 59, 61, ], [76: 12, 30, 41, 51, 53, 55, 57, 63, 64, ], [77: 3, 8, 28, 30, 62, ], [79: 10, 28, 40, 44, 64, ], [82: 28, 33, 35, 59, 60, ], [85: 12, 20, 22, 23, 32, 40, 51, 56, ], [106: 3, 18, 21, 23, 33, 42, 55, 61, 63, 64, ], [108: 3, 11, 13, 14, 25, 27, 30, 31, 33, 34, 69, ], [143: 9, 12, 15, 19, 35, 54, ], [166: 0, 4, 10, 23, 38, 53, ], [193: 12, 16, 33, 38, 41, 44, 47, ], [199: 4, 11, 19, 24, 25, 26, 30, ], [211: 3, 14, 18, 41, 60, ], [227: 13, 18, 19, 25, 27, 29, 41, ], [259: 11, 18, 20, 65, 67, 69, ], [265: 2, 3, 5, 18, 23, 24, 27, 29, 34, 45, ], [280: 5, 25, 26, 42, 64, 67, ], [328: 12, 14, 16, 23, 43, 52, ], [330: 0, 7, 23, 30, 35, 40, 64, ], [331: 14, 28, 36, 41, 49, ], [339: 34, 49, 50, 59, ], [343: 14, 29, 35, 46, ], [346: 1, 6, 9, 15, 33, 43, 52, 63, ], [355: 25, 32, 35, 37, 53, 67, 68, ], [356: 21, 29, 30, 31, 32, 38, 50, ], [361: 9, 36, 61, ], [371: 2, 6, 13, 17, ], [373: 45, 56, 59, 63, ], [375: 20, 22, 30, 54, 65, ], [379: 14, 56, 61, 65, ], [381: 8, 18, 24, 44, 47, ], ]
cost of best solution: 407
average cost of solutions: 409.6
average last operation finding best solution: 42436
average runtime: 54.9239
------------------
average time of add_all_nodes_to_neighbours: 0
average time of random_choice_split: 0
average time of weighted_random_merge: 0
average time of label_propagation_round 0
average time of remove_nodes_ 0
average time of add_node_to_all 0
------------------
average improvement of add_all_nodes_to_neighbours -0.0577529
per second: -inf
average improvement of random_choice_split 0.115055
per second: inf
average improvement of weighted_random_merge -0.198145
per second: -inf
average improvement of label_propagation_round 0.0866461
per second: inf
average improvement of remove_nodes_ 0.195802
per second: inf
average improvement of add_node_to_all 0.10879
per second: inf
all solutions:
------------------
iteration 0: [[0: 12, 21, 23, 25, 37, 38, 39, 40, 48, 51, 53, 54, 55, 56, 64, 65, 66, 67, 70, ], [7: 4, 8, 11, 19, 20, 23, 24, 25, 26, 30, ], [8: 3, 18, 33, 41, 42, 55, 60, 61, 63, ], [9: 21, 29, 38, 42, 66, 68, ], [11: 12, 20, 22, 26, 40, 41, 42, 48, 51, 54, 56, ], [17: 9, 27, 28, 33, 44, 45, 59, 69, ], [43: 1, 6, 9, 15, 23, 33, 43, 52, 63, ], [58: 4, 5, 17, 29, 30, 31, 32, 49, 50, 57, 58, ], [70: 0, 1, 3, 11, 14, 15, 16, 18, 19, 21, 25, 28, ], [75: 11, 14, 15, 16, 28, 33, 35, 59, 60, 61, ], [77: 7, 8, 9, 10, 11, 12, 16, 25, 48, ], [79: 3, 12, 15, 18, 31, 36, 44, ], [84: 3, 10, 28, 40, 44, 64, ], [88: 21, 56, 59, 61, 63, ], [89: 12, 41, 51, 53, 57, 63, 64, ], [98: 0, 7, 23, 30, 35, 40, 64, ], [112: 8, 9, 11, 14, 15, 23, 26, 28, 37, 41, 47, ], [145: 13, 19, 25, 27, 29, 30, 34, 41, ], [197: 11, 18, 20, 65, 67, 69, ], [202: 4, 6, 17, 27, 30, 32, 34, 57, 62, ], [211: 1, 5, 25, 26, 42, 67, ], [219: 0, 3, 10, 16, 19, 20, 22, 23, 26, 39, 42, 55, ], [224: 30, 32, 35, 37, 40, 50, 51, 53, ], [247: 63, 65, 68, 69, 70, ], [262: 28, 36, 41, 49, ], [267: 2, 3, 5, 18, 23, 24, 27, 29, 34, 45, ], [288: 3, 11, 13, 14, 27, 30, 31, 34, 69, ], [309: 0, 4, 10, 37, 38, 53, ], [327: 34, 49, 50, 59, ], [330: 8, 18, 44, 59, ], [338: 5, 13, 15, 16, 24, 27, 29, 45, 49, 62, ], [339: 9, 12, 19, 30, 35, 54, ], [340: 1, 16, 38, 41, 44, 47, 61, ], [343: 3, 8, 25, 62, ], [346: 25, 35, 61, 64, 65, 68, ], [356: 22, 30, 53, 65, ], [367: 29, 35, 46, ], [368: 12, 16, 43, 52, ], [370: 2, 6, 13, 17, ], [372: 14, 49, 65, 70, ], [376: 12, 21, 25, 27, 30, 31, 32, 33, 38, 50, ], [381: 0, 14, 29, 56, ], [384: 45, 47, 63, ], [388: 35, 44, 67, ], [389: 13, 18, 33, 47, ], ]
edge deletions: 92
edge additions: 65
vertex splittings: 253
cost of solution: 410
time used on iteration: 53.7135
best solution found at iteration 60358
EQ: 0.250896
iteration 1: [[2: 12, 20, 22, 30, 32, 40, 51, 53, 54, 56, ], [7: 3, 8, 19, 24, 28, 30, 41, 62, ], [17: 4, 5, 17, 29, 30, 31, 32, 49, 50, 57, 58, ], [18: 12, 21, 23, 25, 26, 37, 38, 39, 40, 41, 48, 51, 53, 54, 55, 56, 64, 65, 66, 67, 70, ], [52: 1, 6, 9, 15, 33, 43, 52, 63, ], [56: 12, 15, 18, 31, 36, 44, ], [58: 12, 38, 40, 50, 51, 53, 55, 57, 63, ], [59: 9, 27, 28, 33, 44, 45, 59, 69, ], [68: 21, 25, 29, 38, 42, 66, 68, ], [69: 7, 8, 9, 10, 11, 12, 20, 23, 25, 48, ], [71: 5, 13, 14, 25, 27, 30, 31, 34, 62, 69, ], [74: 11, 13, 15, 16, 24, 27, 29, 41, 49, ], [79: 3, 10, 28, 40, 44, 64, ], [88: 0, 4, 10, 26, 38, 53, ], [102: 2, 3, 5, 13, 18, 19, 27, 29, 34, 45, ], [103: 4, 5, 23, 24, 25, 29, 30, 32, 34, 37, ], [120: 8, 9, 11, 14, 15, 26, 28, 37, 47, ], [129: 0, 1, 3, 11, 14, 15, 16, 18, 21, 23, 25, 28, 33, 61, ], [181: 1, 16, 38, 41, 44, 47, ], [194: 21, 26, 30, 31, 32, 33, 38, ], [216: 9, 12, 19, 25, 30, 35, 54, ], [217: 0, 7, 23, 35, 40, 42, 51, ], [223: 3, 12, 18, 33, 41, 42, 47, 60, 63, ], [230: 21, 42, 50, 56, 59, 61, 63, ], [252: 63, 68, 69, 70, ], [266: 0, 3, 10, 16, 19, 20, 22, 23, 26, 39, 42, 55, ], [267: 35, 53, 64, 65, 67, 68, ], [286: 1, 5, 19, 26, 42, 67, ], [291: 11, 18, 20, 65, 67, 69, ], [319: 16, 29, 45, 62, ], [324: 9, 12, 16, 23, 43, 52, ], [331: 14, 29, 35, 46, ], [338: 15, 28, 33, 35, 59, 60, ], [346: 14, 28, 36, 49, ], [350: 8, 16, 18, 44, 59, ], [354: 15, 23, 45, 47, 63, ], [360: 18, 55, 61, 63, 64, 65, ], [371: 11, 34, 49, 59, ], [372: 12, 14, 19, 21, 23, 27, 30, 65, ], [373: 9, 36, 44, 61, ], [375: 0, 29, 30, 56, 64, ], [377: 4, 6, 17, 27, 30, 32, 34, 57, 62, ], ]
edge deletions: 91
edge additions: 71
vertex splittings: 248
cost of solution: 410
time used on iteration: 53.784
best solution found at iteration 49976
EQ: 0.261523
iteration 2: [[1: 8, 9, 11, 14, 15, 23, 26, 28, 37, 41, 47, ], [4: 4, 5, 17, 27, 29, 30, 31, 32, 34, 49, 50, 57, 58, ], [10: 0, 3, 10, 16, 19, 20, 22, 23, 26, 39, 42, 55, ], [20: 12, 21, 23, 25, 37, 38, 39, 48, 51, 53, 54, 55, 56, 64, 65, 66, 67, 70, ], [45: 12, 16, 33, 38, 41, 44, 47, ], [66: 12, 20, 22, 26, 39, 40, 41, 42, 48, 51, 54, 56, ], [72: 9, 12, 19, 30, 35, 54, ], [73: 7, 8, 9, 10, 11, 12, 16, 25, 48, ], [75: 12, 41, 51, 53, 55, 57, 63, 64, ], [88: 1, 6, 9, 15, 33, 43, 52, 63, ], [90: 5, 13, 15, 16, 24, 27, 29, 45, 49, 62, ], [96: 0, 11, 15, 16, 18, 21, 25, 33, 55, 59, 61, ], [97: 12, 21, 30, 32, 37, 38, 40, 50, 51, 53, 55, 56, ], [104: 11, 18, 20, 25, 65, 67, 69, ], [107: 3, 12, 15, 18, 21, 27, 31, 36, 44, ], [116: 3, 8, 20, 24, 26, 30, ], [120: 9, 27, 28, 33, 44, 45, 59, 69, ], [159: 15, 33, 35, 59, 60, ], [171: 0, 7, 23, 25, 28, 30, 35, 40, 64, ], [192: 5, 35, 42, 53, 67, 68, ], [195: 3, 13, 14, 25, 30, 31, 33, 34, 62, 69, ], [200: 63, 65, 68, 69, 70, ], [201: 1, 3, 11, 14, 16, 18, 19, 28, 41, 60, ], [204: 13, 18, 19, 25, 29, 41, ], [276: 1, 18, 23, 33, 42, 47, 61, 63, ], [277: 2, 3, 5, 18, 34, 45, ], [285: 1, 5, 25, 26, ], [288: 9, 36, 61, ], [289: 5, 14, 23, 29, 35, 37, ], [306: 12, 16, 23, 43, 52, ], [333: 14, 27, 28, 36, 41, 49, ], [335: 21, 25, 29, 38, 42, 66, 68, ], [345: 14, 56, 61, 65, ], [367: 45, 56, 59, 60, 63, ], [379: 40, 49, 65, 70, ], [381: 0, 4, 10, 37, 38, 53, ], [385: 14, 21, 46, 70, ], [386: 3, 10, 28, 40, 44, 61, 64, ], [390: 4, 6, 17, 22, 30, 32, 62, ], [402: 4, 11, 19, 23, 24, 25, 27, 34, ], [404: 2, 6, 13, 17, 27, ], [408: 61, 64, 68, ], ]
edge deletions: 101
edge additions: 64
vertex splittings: 245
cost of solution: 410
time used on iteration: 52.2553
best solution found at iteration 29632
EQ: 0.255086
iteration 3: [[0: 0, 3, 10, 16, 19, 20, 22, 26, 39, 42, 55, ], [11: 12, 23, 25, 26, 37, 38, 39, 40, 41, 48, 51, 54, 55, 56, 64, 66, 70, ], [40: 12, 20, 22, 23, 30, 32, 40, 51, 53, 54, 56, 65, ], [49: 9, 12, 14, 15, 19, 23, 35, 37, 54, ], [50: 9, 14, 36, 61, ], [56: 3, 10, 28, 40, 44, 64, ], [57: 7, 8, 9, 10, 11, 12, 20, 23, 25, 48, ], [59: 9, 27, 28, 33, 35, 44, 45, 59, 69, ], [62: 4, 5, 17, 29, 30, 31, 32, 49, 50, 57, 58, ], [72: 1, 6, 9, 15, 33, 43, 52, 63, ], [77: 12, 41, 51, 53, 55, 57, 63, 64, ], [79: 3, 12, 15, 18, 31, 36, 44, ], [82: 4, 5, 23, 24, 25, 29, 32, 34, 37, ], [97: 13, 15, 16, 19, 24, 27, 29, 41, 49, ], [116: 0, 7, 30, 35, 40, 51, 64, ], [121: 12, 21, 37, 38, 39, 40, 42, 50, 51, 53, 54, 55, 56, 67, ], [127: 0, 1, 3, 11, 15, 16, 18, 19, 21, 23, 25, 28, 61, ], [136: 7, 16, 38, 42, ], [146: 8, 11, 14, 15, 16, 18, 28, 47, 59, 60, ], [175: 3, 11, 13, 14, 25, 27, 30, 31, 33, 34, 69, ], [241: 1, 16, 33, 41, 42, 44, 47, 61, ], [242: 21, 30, 31, 32, 33, 38, ], [252: 0, 29, 38, 56, 64, ], [254: 18, 55, 61, 64, 65, ], [264: 3, 18, 33, 41, 42, 60, 63, ], [311: 2, 16, 24, 62, ], [316: 21, 38, 48, 63, 64, 65, 68, 70, ], [323: 2, 3, 5, 13, 18, 27, 29, 34, 45, 62, ], [328: 25, 29, 35, 42, 53, 66, 67, 68, ], [335: 18, 20, 65, 67, 69, 70, ], [360: 14, 21, 29, 46, ], [361: 35, 39, 65, 66, 69, ], [370: 21, 56, 59, 61, 63, ], [378: 34, 49, 50, 59, ], [379: 3, 8, 11, 19, 24, 26, 28, 30, 37, 41, ], [380: 4, 6, 17, 27, 30, 32, 34, 57, 62, ], [383: 1, 5, 14, 15, 26, ], [385: 23, 45, 47, 63, ], [391: 14, 49, 65, 70, ], [392: 12, 16, 23, 33, 43, 52, ], [393: 0, 4, 10, 38, 53, ], [396: 14, 28, 49, 62, ], [398: 5, 53, 64, 67, ], [399: 2, 6, 13, 17, ], ]
edge deletions: 86
edge additions: 67
vertex splittings: 258
cost of solution: 411
time used on iteration: 55.3021
best solution found at iteration 30636
EQ: 0.251755
iteration 4: [[6: 4, 5, 17, 30, 31, 32, 49, 50, 57, 58, ], [10: 21, 29, 37, 42, 48, 64, 66, 68, ], [22: 0, 3, 10, 16, 19, 20, 22, 26, 39, 42, 55, ], [40: 4, 6, 17, 27, 32, 34, 57, 62, ], [44: 9, 27, 28, 44, 45, 59, 69, ], [48: 7, 8, 9, 10, 11, 12, 16, 20, 25, 48, ], [53: 12, 21, 23, 25, 38, 39, 40, 51, 53, 54, 55, 56, 64, 65, 66, 67, 70, ], [60: 1, 8, 9, 11, 14, 15, 19, 23, 26, 28, 37, 41, 47, ], [64: 3, 12, 15, 18, 31, 36, 44, ], [65: 12, 26, 37, 39, 40, 41, 42, 48, 50, 51, 54, 55, 56, ], [68: 63, 65, 68, 69, 70, ], [71: 5, 13, 15, 16, 24, 27, 29, 45, 49, 62, ], [74: 0, 1, 11, 15, 16, 18, 21, 25, 28, 59, 61, ], [76: 12, 30, 41, 51, 53, 55, 57, 63, 64, ], [77: 3, 8, 28, 30, 62, ], [79: 10, 28, 40, 44, 64, ], [82: 28, 33, 35, 59, 60, ], [85: 12, 20, 22, 23, 32, 40, 51, 56, ], [106: 3, 18, 21, 23, 33, 42, 55, 61, 63, 64, ], [108: 3, 11, 13, 14, 25, 27, 30, 31, 33, 34, 69, ], [143: 9, 12, 15, 19, 35, 54, ], [166: 0, 4, 10, 23, 38, 53, ], [193: 12, 16, 33, 38, 41, 44, 47, ], [199: 4, 11, 19, 24, 25, 26, 30, ], [211: 3, 14, 18, 41, 60, ], [227: 13, 18, 19, 25, 27, 29, 41, ], [259: 11, 18, 20, 65, 67, 69, ], [265: 2, 3, 5, 18, 23, 24, 27, 29, 34, 45, ], [280: 5, 25, 26, 42, 64, 67, ], [328: 12, 14, 16, 23, 43, 52, ], [330: 0, 7, 23, 30, 35, 40, 64, ], [331: 14, 28, 36, 41, 49, ], [339: 34, 49, 50, 59, ], [343: 14, 29, 35, 46, ], [346: 1, 6, 9, 15, 33, 43, 52, 63, ], [355: 25, 32, 35, 37, 53, 67, 68, ], [356: 21, 29, 30, 31, 32, 38, 50, ], [361: 9, 36, 61, ], [371: 2, 6, 13, 17, ], [373: 45, 56, 59, 63, ], [375: 20, 22, 30, 54, 65, ], [379: 14, 56, 61, 65, ], [381: 8, 18, 24, 44, 47, ], ]
edge deletions: 106
edge additions: 56
vertex splittings: 245
cost of solution: 407
time used on iteration: 59.5647
best solution found at iteration 41578
EQ: 0.244334
