instance: ../../../FARZgraphs/FARZ_60_18.gml
nodes: 60
edges: 643
runs: 5
operations per iteration: 80000
best solution:
[[0: 2, 8, 9, 11, 15, 16, 21, 29, 40, 42, ], [1: 0, 1, 3, 4, 5, 6, 9, 13, 21, 30, 31, 40, ], [2: 0, 10, 12, 14, 18, 23, 33, 34, 36, 39, 41, 44, ], [3: 8, 20, 22, 30, 32, 35, 37, 38, 39, 42, 44, ], [4: 0, 1, 3, 4, 7, 8, 10, 12, 13, 14, 17, 18, 19, 23, 24, 26, 27, 28, 29, 31, 34, 35, 39, ], [5: 21, 22, 27, 32, 37, 45, 48, ], [6: 14, 16, 19, 20, 21, 25, 28, 35, 38, 41, 45, ], [7: 7, 9, 14, 15, 18, 27, ], [8: 10, 13, 15, 17, 20, 27, 28, 52, ], [9: 34, 36, 42, 52, ], [10: 3, 9, 16, 17, 19, 20, 22, 31, 35, ], [11: 0, 10, 18, 26, 33, 51, ], [12: 3, 11, 14, 26, 41, ], [13: 0, 10, 12, 21, 48, 52, ], [14: 16, 39, 58, ], [15: 1, 2, 6, 9, 11, 12, 19, ], [16: 2, 3, 15, 40, 50, 54, ], [17: 1, 15, 19, 23, 33, 36, ], [18: 20, 48, 49, ], [19: 6, 56, ], [20: 0, 35, 55, ], [21: 21, 22, 37, 39, 51, 52, ], [22: 47, 52, 57, ], [23: 15, 36, 43, 53, ], [24: 20, 45, 59, ], [25: 46, ], ]
cost of best solution: 208
average cost of solutions: 208.4
average last operation finding best solution: 35520.4
average runtime: 20.8247
------------------
average time of add_all_nodes_to_neighbours: 0.00053583
average time of random_choice_split: 0
average time of weighted_random_merge: 0
average time of label_propagation_round 0.000249484
average time of remove_nodes_ 8.18178e-05
average time of add_node_to_all 0.000288797
------------------
average improvement of add_all_nodes_to_neighbours -0.0792783
per second: -147.954
average improvement of random_choice_split 0.0866836
per second: inf
average improvement of weighted_random_merge -0.209386
per second: -inf
average improvement of label_propagation_round -0.021006
per second: -84.1979
average improvement of remove_nodes_ 0.201692
per second: 2465.13
average improvement of add_node_to_all 0.205309
per second: 710.91
all solutions:
------------------
iteration 0: [[0: 0, 1, 3, 4, 5, 6, 9, 13, 21, 30, 31, 40, ], [1: 14, 16, 19, 20, 21, 25, 28, 35, 38, 41, 45, ], [2: 2, 3, 8, 9, 11, 15, 16, 21, 29, 40, 42, ], [3: 8, 20, 22, 30, 32, 35, 37, 38, 39, 42, 44, ], [4: 0, 1, 3, 4, 7, 8, 10, 12, 13, 14, 17, 18, 19, 23, 24, 26, 27, 28, 29, 31, 34, 35, 39, ], [5: 0, 10, 12, 14, 18, 23, 33, 34, 36, 41, 44, ], [6: 21, 22, 37, 39, 51, 52, ], [7: 20, 22, 27, 30, 32, 37, 45, 48, ], [8: 3, 9, 16, 17, 19, 20, 22, 31, 35, ], [9: 34, 36, 42, 52, ], [10: 18, 26, 33, 51, ], [11: 10, 13, 15, 17, 20, 28, 52, ], [12: 1, 15, 19, 23, 33, 36, ], [13: 11, 26, 41, ], [14: 6, 12, 44, 52, ], [15: 4, 7, 9, 14, 15, 18, 27, ], [16: 16, 39, 58, ], [17: 2, 3, 15, 40, 50, 54, ], [18: 1, 2, 6, 11, 19, 30, ], [19: 0, 10, 12, 21, 27, 48, 52, ], [20: 15, 36, 43, 53, ], [21: 47, 52, 57, ], [22: 13, 56, ], [23: 45, 59, ], [24: 49, ], [25: 55, ], [26: 46, ], ]
edge deletions: 63
edge additions: 33
vertex splittings: 113
cost of solution: 209
time used on iteration: 20.0878
best solution found at iteration 31184
------------------
iteration 1: [[0: 0, 10, 12, 14, 18, 23, 33, 34, 36, 41, 44, ], [1: 0, 1, 4, 5, 6, 9, 13, 21, 30, 31, 40, ], [2: 2, 3, 8, 9, 11, 15, 16, 21, 29, 40, 42, ], [3: 21, 22, 27, 32, 37, 45, 48, ], [4: 14, 16, 19, 20, 21, 25, 28, 35, 38, 41, 45, ], [5: 8, 20, 22, 30, 32, 35, 37, 38, 39, 42, 44, ], [6: 0, 1, 3, 4, 7, 8, 10, 12, 13, 14, 17, 18, 19, 23, 24, 26, 27, 28, 29, 31, 34, 35, 39, ], [7: 1, 15, 18, 28, 36, 52, ], [8: 16, 17, 22, 31, ], [9: 9, 13, 14, 15, 17, 19, 20, 27, ], [10: 20, 48, 49, ], [11: 21, 22, 37, 39, 51, 52, ], [12: 15, 36, 43, 53, ], [13: 6, 12, 17, 52, ], [14: 19, 22, 36, 42, ], [15: 1, 2, 6, 11, 19, ], [16: 2, 3, 15, 40, 50, 54, ], [17: 34, 42, 52, ], [18: 56, ], [19: 47, 52, 57, ], [20: 55, ], [21: 11, 26, 41, ], [22: 16, 39, 58, ], [23: 59, ], [24: 46, ], ]
edge deletions: 91
edge additions: 27
vertex splittings: 91
cost of solution: 209
time used on iteration: 22.2967
best solution found at iteration 27511
------------------
iteration 2: [[0: 2, 8, 9, 11, 15, 16, 21, 29, 40, 42, ], [1: 0, 1, 3, 4, 5, 6, 9, 13, 21, 30, 31, 40, ], [2: 0, 10, 12, 14, 18, 23, 33, 34, 36, 39, 41, 44, ], [3: 8, 20, 22, 30, 32, 35, 37, 38, 39, 42, 44, ], [4: 0, 1, 3, 4, 7, 8, 10, 12, 13, 14, 17, 18, 19, 23, 24, 26, 27, 28, 29, 31, 34, 35, 39, ], [5: 21, 22, 27, 32, 37, 45, 48, ], [6: 14, 16, 19, 20, 21, 25, 28, 35, 38, 41, 45, ], [7: 7, 9, 14, 15, 18, 27, ], [8: 10, 13, 15, 17, 20, 27, 28, 52, ], [9: 34, 36, 42, 52, ], [10: 3, 9, 16, 17, 19, 20, 22, 31, 35, ], [11: 0, 10, 18, 26, 33, 51, ], [12: 3, 11, 14, 26, 41, ], [13: 0, 10, 12, 21, 48, 52, ], [14: 16, 39, 58, ], [15: 1, 2, 6, 9, 11, 12, 19, ], [16: 2, 3, 15, 40, 50, 54, ], [17: 1, 15, 19, 23, 33, 36, ], [18: 20, 48, 49, ], [19: 6, 56, ], [20: 0, 35, 55, ], [21: 21, 22, 37, 39, 51, 52, ], [22: 47, 52, 57, ], [23: 15, 36, 43, 53, ], [24: 20, 45, 59, ], [25: 46, ], ]
edge deletions: 58
edge additions: 33
vertex splittings: 117
cost of solution: 208
time used on iteration: 19.0526
best solution found at iteration 43653
------------------
iteration 3: [[0: 14, 16, 19, 20, 21, 25, 28, 35, 38, 41, 45, ], [1: 8, 20, 22, 30, 32, 35, 37, 38, 39, 42, 44, ], [2: 0, 1, 3, 4, 5, 6, 9, 13, 21, 30, 31, 40, ], [3: 0, 1, 3, 4, 7, 8, 10, 12, 13, 14, 17, 18, 19, 23, 24, 26, 27, 28, 29, 31, 34, 35, 39, ], [4: 0, 10, 12, 14, 18, 23, 33, 34, 36, 41, 44, ], [5: 21, 22, 27, 30, 32, 37, 45, 48, ], [6: 3, 9, 16, 17, 19, 20, 22, 35, ], [7: 7, 9, 14, 15, 18, 27, ], [8: 2, 3, 8, 9, 11, 15, 16, 21, 29, 40, 42, ], [9: 1, 2, 6, 11, 12, 19, ], [10: 34, 36, 42, 52, ], [11: 0, 10, 12, 21, 48, 52, ], [12: 10, 13, 15, 17, 20, 27, 28, 52, ], [13: 0, 10, 26, 33, 51, ], [14: 1, 15, 19, 33, 36, ], [15: 2, 3, 15, 40, 50, 54, ], [16: 15, 36, 43, 53, ], [17: 21, 22, 37, 39, 51, 52, ], [18: 47, 52, 57, ], [19: 16, 28, 39, 40, 58, ], [20: 20, 48, 49, ], [21: 13, 56, ], [22: 20, 59, ], [23: 0, 35, 55, ], [24: 46, ], ]
edge deletions: 65
edge additions: 33
vertex splittings: 110
cost of solution: 208
time used on iteration: 20.1997
best solution found at iteration 31092
------------------
iteration 4: [[0: 2, 3, 8, 9, 11, 15, 16, 21, 29, 40, 42, ], [1: 0, 1, 3, 4, 7, 8, 10, 12, 13, 14, 17, 18, 19, 23, 24, 26, 27, 28, 29, 31, 34, 35, 39, ], [2: 8, 20, 22, 30, 32, 35, 37, 38, 39, 42, 44, ], [3: 0, 1, 4, 5, 6, 9, 13, 21, 30, 31, 40, ], [4: 14, 16, 19, 20, 21, 25, 28, 35, 38, 41, 45, ], [5: 21, 22, 27, 32, 37, 45, 48, ], [6: 0, 10, 12, 14, 18, 23, 33, 34, 36, 41, 44, ], [7: 21, 22, 37, 39, 51, 52, ], [8: 7, 9, 14, 15, 18, 27, ], [9: 10, 13, 15, 17, 20, 27, 28, 52, ], [10: 9, 16, 17, 19, 22, 31, ], [11: 0, 10, 12, 21, 48, 52, ], [12: 1, 2, 6, 11, 19, ], [13: 34, 36, 42, 44, 52, ], [14: 16, 39, 58, ], [15: 20, 48, 49, ], [16: 15, 36, 43, 53, ], [17: 2, 3, 15, 40, 50, 54, ], [18: 47, 52, 57, ], [19: 1, 15, 19, 33, 36, ], [20: 55, ], [21: 59, ], [22: 6, 56, ], [23: 46, ], ]
edge deletions: 83
edge additions: 29
vertex splittings: 96
cost of solution: 208
time used on iteration: 22.4866
best solution found at iteration 44162
------------------
