instance: ../../../FARZgraphs/FARZ_60_26.gml
nodes: 60
edges: 860
runs: 5
operations per iteration: 80000
best solution:
[[0: 1, 3, 6, 11, 12, 15, 16, 18, 20, 24, 26, 29, 37, 47, 48, 50, ], [1: 2, 4, 5, 8, 10, 12, 13, 16, 17, 20, 21, 22, 24, 26, 30, 31, 38, 39, 40, 41, 43, 44, 45, ], [2: 4, 5, 9, 10, 15, 18, 20, 23, 25, 28, 30, 35, 36, 37, 43, 45, 46, 48, ], [3: 0, 1, 2, 3, 4, 6, 7, 8, 9, 12, 13, 14, 15, 17, 18, 19, 20, 21, 22, 23, 32, 35, 37, ], [4: 0, 5, 7, 8, 9, 11, 14, 16, 23, 24, 26, 34, 39, 41, 47, ], [5: 6, 9, 13, 25, 36, 45, 46, 51, 52, ], [6: 1, 6, 7, 10, 11, 13, 28, 30, 33, 40, ], [7: 1, 5, 10, 19, 23, 25, 27, 34, ], [8: 7, 14, 39, 53, 54, ], [9: 4, 22, 33, 35, 40, 47, 49, 55, ], [10: 7, 8, 9, 27, 42, ], [11: 5, 10, 26, 31, 57, 58, ], [12: 14, 18, 30, 39, 52, ], [13: 8, 17, 33, 38, 49, ], [14: 19, 34, 41, 42, 44, ], [15: 32, 42, 56, ], [16: 3, 5, 6, 17, 33, 59, ], ]
cost of best solution: 230
average cost of solutions: 230
average last operation finding best solution: 27943.8
average runtime: 29.1334
------------------
average time of add_all_nodes_to_neighbours: 0.000915205
average time of random_choice_split: 0
average time of weighted_random_merge: 0
average time of label_propagation_round 0.000348993
average time of remove_nodes_ 0.000189108
average time of add_node_to_all 0.000229431
------------------
average improvement of add_all_nodes_to_neighbours -0.103866
per second: -113.489
average improvement of random_choice_split 0.0683526
per second: inf
average improvement of weighted_random_merge -0.231604
per second: -inf
average improvement of label_propagation_round -0.0158745
per second: -45.4866
average improvement of remove_nodes_ 0.18805
per second: 994.405
average improvement of add_node_to_all 0.240557
per second: 1048.5
all solutions:
------------------
iteration 0: [[0: 1, 3, 6, 11, 12, 15, 16, 18, 20, 24, 26, 29, 37, 47, 48, 50, ], [1: 2, 4, 5, 8, 10, 12, 13, 16, 17, 20, 21, 22, 24, 26, 30, 31, 38, 39, 40, 41, 43, 44, 45, ], [2: 4, 5, 9, 10, 15, 18, 20, 23, 25, 28, 30, 35, 36, 37, 43, 45, 46, 48, ], [3: 0, 1, 2, 3, 4, 6, 7, 8, 9, 12, 13, 14, 15, 17, 18, 19, 20, 21, 22, 23, 32, 35, 37, ], [4: 0, 5, 7, 8, 9, 11, 14, 16, 23, 24, 26, 34, 39, 41, 47, ], [5: 6, 9, 13, 25, 36, 45, 46, 51, 52, ], [6: 1, 6, 7, 10, 11, 13, 28, 30, 33, 40, ], [7: 1, 5, 10, 19, 23, 25, 27, 34, ], [8: 7, 14, 39, 53, 54, ], [9: 4, 22, 33, 35, 40, 47, 49, 55, ], [10: 7, 8, 9, 27, 42, ], [11: 5, 10, 26, 31, 57, 58, ], [12: 14, 18, 30, 39, 52, ], [13: 8, 17, 33, 38, 49, ], [14: 19, 34, 41, 42, 44, ], [15: 32, 42, 56, ], [16: 3, 5, 6, 17, 33, 59, ], ]
edge deletions: 62
edge additions: 58
vertex splittings: 110
cost of solution: 230
time used on iteration: 28.3152
best solution found at iteration 25845
------------------
iteration 1: [[0: 1, 3, 6, 11, 12, 15, 16, 18, 20, 24, 26, 29, 37, 47, 48, 50, ], [1: 4, 5, 9, 10, 15, 18, 20, 25, 28, 30, 35, 36, 37, 43, 45, 46, 48, ], [2: 0, 5, 7, 8, 9, 11, 14, 16, 23, 24, 26, 34, 39, 41, 47, ], [3: 2, 4, 5, 8, 10, 12, 13, 16, 17, 20, 21, 22, 24, 26, 30, 31, 38, 39, 40, 41, 43, 44, 45, ], [4: 1, 5, 6, 7, 10, 11, 13, 28, 30, 33, 40, ], [5: 0, 1, 2, 3, 4, 6, 7, 8, 9, 12, 13, 14, 15, 17, 18, 19, 20, 21, 22, 23, 32, 35, 37, ], [6: 1, 5, 10, 19, 23, 25, 27, 34, ], [7: 5, 14, 18, 30, 39, 52, ], [8: 5, 10, 26, 31, 57, 58, ], [9: 7, 8, 9, 27, 42, ], [10: 6, 9, 13, 25, 36, 45, 46, 51, 52, ], [11: 4, 22, 33, 35, 40, 47, 49, 55, ], [12: 3, 17, 33, 59, ], [13: 7, 14, 39, 53, 54, ], [14: 32, 42, 56, ], [15: 19, 34, 41, 42, 44, ], ]
edge deletions: 72
edge additions: 54
vertex splittings: 104
cost of solution: 230
time used on iteration: 30.4053
best solution found at iteration 33226
------------------
iteration 2: [[0: 4, 5, 9, 10, 15, 18, 20, 23, 25, 28, 30, 35, 36, 37, 43, 45, 46, 48, ], [1: 2, 4, 5, 8, 10, 12, 13, 16, 17, 20, 21, 22, 24, 26, 30, 31, 38, 39, 40, 41, 43, 44, 45, ], [2: 1, 3, 6, 11, 12, 15, 16, 18, 20, 24, 26, 29, 37, 47, 48, 50, ], [3: 0, 1, 2, 3, 4, 6, 7, 8, 9, 12, 13, 14, 15, 17, 18, 19, 20, 21, 22, 23, 32, 35, 37, ], [4: 4, 8, 17, 22, 33, 35, 40, 47, 49, 55, ], [5: 14, 18, 19, 30, 39, 52, ], [6: 1, 4, 5, 6, 7, 10, 11, 13, 28, 30, 33, 40, ], [7: 0, 5, 7, 9, 14, 16, 21, 23, 24, 26, 34, 39, 41, 47, ], [8: 7, 14, 39, 53, 54, ], [9: 1, 5, 10, 19, 25, 27, 34, ], [10: 6, 9, 13, 25, 36, 45, 46, 51, 52, ], [11: 3, 6, 17, 33, 59, ], [12: 5, 10, 26, 31, 57, 58, ], [13: 32, 42, 56, ], [14: 8, 19, 34, 41, 42, 44, ], [15: 7, 13, 27, 29, ], ]
edge deletions: 66
edge additions: 57
vertex splittings: 107
cost of solution: 230
time used on iteration: 29.008
best solution found at iteration 30356
------------------
iteration 3: [[0: 1, 3, 6, 11, 12, 15, 16, 18, 20, 24, 26, 29, 37, 47, 48, 50, ], [1: 0, 1, 2, 3, 4, 6, 7, 12, 13, 14, 15, 18, 19, 20, 21, 22, 23, 32, 35, 37, ], [2: 2, 4, 5, 8, 10, 12, 13, 16, 17, 20, 21, 22, 24, 26, 30, 31, 38, 39, 40, 41, 43, 44, 45, ], [3: 1, 5, 9, 10, 19, 25, 27, 34, ], [4: 0, 5, 7, 8, 9, 14, 16, 21, 23, 24, 26, 34, 39, 41, 47, ], [5: 4, 5, 9, 10, 15, 18, 20, 23, 25, 28, 30, 35, 36, 37, 43, 45, 46, 48, ], [6: 0, 3, 5, 6, 7, 8, 9, 10, 11, 15, 17, 18, ], [7: 1, 4, 8, 17, 22, 33, 35, 40, 47, 49, 55, ], [8: 1, 4, 6, 7, 11, 13, 28, 30, 33, 40, ], [9: 6, 9, 13, 25, 36, 45, 46, 51, 52, ], [10: 8, 19, 34, 41, 42, 44, ], [11: 5, 10, 31, 33, 57, 58, ], [12: 5, 14, 18, 30, 39, 52, ], [13: 32, 42, 56, ], [14: 7, 13, 27, 29, ], [15: 17, 23, 25, 32, ], [16: 7, 14, 39, 53, 54, ], [17: 3, 6, 33, 59, ], [18: 9, 12, 57, ], ]
edge deletions: 56
edge additions: 51
vertex splittings: 123
cost of solution: 230
time used on iteration: 29.0845
best solution found at iteration 27594
------------------
iteration 4: [[0: 1, 3, 6, 11, 12, 15, 16, 18, 20, 24, 26, 29, 37, 47, 48, 50, ], [1: 4, 5, 9, 10, 15, 18, 20, 23, 25, 28, 30, 35, 36, 37, 43, 45, 46, 48, ], [2: 0, 5, 7, 9, 14, 16, 21, 23, 24, 26, 34, 39, 41, 47, ], [3: 2, 4, 5, 8, 10, 12, 13, 16, 17, 20, 21, 22, 24, 26, 30, 31, 38, 39, 40, 41, 43, 44, 45, ], [4: 0, 1, 2, 3, 4, 6, 7, 8, 9, 12, 13, 14, 15, 17, 18, 19, 20, 21, 22, 23, 32, 35, 37, ], [5: 1, 5, 10, 19, 25, 27, 34, ], [6: 14, 18, 30, 39, 52, ], [7: 6, 9, 13, 25, 36, 45, 46, 51, 52, ], [8: 1, 5, 6, 7, 10, 11, 13, 28, 30, 33, 40, ], [9: 4, 8, 22, 33, 35, 40, 47, 49, 55, ], [10: 7, 9, 27, 42, ], [11: 5, 10, 26, 31, 57, 58, ], [12: 3, 17, 33, 59, ], [13: 8, 19, 34, 41, 42, 44, ], [14: 7, 14, 39, 53, 54, ], [15: 32, 42, 56, ], ]
edge deletions: 72
edge additions: 55
vertex splittings: 103
cost of solution: 230
time used on iteration: 28.8541
best solution found at iteration 22698
------------------
