instance: ../../../FARZgraphs/FARZ_scale_240.gml
nodes: 240
edges: 1100
runs: 5
operations per iteration: 2000
best solution:
[[0: 23, 87, 132, 148, ], [1: 0, 3, 6, 7, 10, 17, 25, 31, 46, ], [2: 13, 21, 29, 30, 37, 84, ], [3: 18, 24, 39, 42, 45, 58, 95, ], [4: 0, 1, 3, 5, 9, 11, 12, 13, 20, 26, 48, ], [5: 16, 20, 22, 39, 45, 46, ], [6: 1, 2, 4, 8, 15, 34, 40, 41, 67, ], [7: 14, 51, 54, 99, ], [8: 9, 19, 26, 34, 38, 40, 44, ], [9: 10, 12, 38, 39, 48, ], [10: 5, 12, 19, 28, 32, 43, ], [11: 0, 5, 7, 9, 10, 11, 13, 14, 15, 16, 23, 35, 38, 51, ], [12: 13, 30, 33, 47, 48, 128, ], [13: 23, 54, 55, 61, 70, 75, 105, 121, ], [14: 25, 35, 54, 56, 61, 83, ], [15: 11, 14, 20, 23, 25, 39, 48, 51, ], [16: 8, 154, 158, ], [17: 72, 73, 146, ], [18: 74, 97, 147, ], [19: 23, 69, 194, ], [20: 13, 14, 19, 24, 33, ], [21: 119, 139, 191, ], [22: 16, 30, 49, ], [23: 34, 44, 50, 53, 59, 60, ], [24: 6, 44, 46, 78, 81, ], [25: 39, 94, 145, 202, ], [26: 15, 24, 29, 38, ], [27: 51, 90, 113, 127, ], [28: 23, 24, 27, ], [29: 0, 6, 19, 22, ], [30: 11, 90, 93, ], [31: 14, 58, 90, 92, ], [32: 7, 67, 86, 111, ], [33: 72, 100, 183, ], [34: 96, 108, 122, 200, ], [35: 7, 17, 62, 63, 74, ], [36: 34, 36, 66, 85, 87, 94, 131, ], [37: 37, 82, 198, ], [38: 11, 26, 60, 68, ], [39: 21, 22, 27, 37, 79, ], [40: 22, 44, 45, 71, ], [41: 9, 14, 93, 103, ], [42: 4, 66, 69, 87, ], [43: 88, 93, 150, 162, ], [44: 9, 65, 78, ], [45: 38, 76, 106, 115, 186, ], [46: 45, 138, 141, 190, ], [47: 10, 63, 81, 98, 110, ], [48: 11, 72, 154, ], [49: 22, 140, 144, 163, ], [50: 50, 96, 136, ], [51: 19, 20, 27, 28, 76, ], [52: 71, 89, 129, ], [53: 59, 108, 208, ], [54: 1, 27, 32, 153, ], [55: 31, 36, 58, ], [56: 105, 177, 195, ], [57: 3, 8, 40, 96, ], [58: 33, 37, 51, ], [59: 18, 38, 91, 119, ], [60: 40, 172, 175, ], [61: 88, 123, 143, ], [62: 34, 39, 88, ], [63: 11, 55, 99, ], [64: 31, 45, 59, ], [65: 10, 58, 203, ], [66: 90, 152, 196, ], [67: 51, 89, 125, 161, 180, ], [68: 45, 159, 165, ], [69: 78, 108, 122, 134, ], [70: 46, 93, 110, ], [71: 29, 92, 211, ], [72: 89, 118, 130, ], [73: 6, 31, 35, 41, 48, ], [74: 31, 77, 114, 117, 125, ], [75: 75, 112, 167, ], [76: 52, 90, 107, ], [77: 6, 51, 181, ], [78: 99, 106, 151, ], [79: 0, 113, 148, ], [80: 35, 70, 222, ], [81: 155, 197, 216, ], [82: 2, 3, 16, 34, ], [83: 5, 20, 103, 149, ], [84: 61, 112, 174, ], [85: 64, 90, 182, ], [86: 94, 96, 135, ], [87: 28, 142, 169, ], [88: 91, 99, 104, 124, 184, ], [89: 88, 116, 164, ], [90: 98, 106, 173, ], [91: 94, 130, 133, ], [92: 101, 152, 233, ], [93: 23, 111, 189, ], [94: 65, 101, 217, ], [95: 68, 92, 154, ], [96: 9, 21, 29, 43, ], [97: 41, 62, 98, ], [98: 209, 213, ], [99: 47, 137, 214, ], [100: 210, 212, ], [101: 215, 220, ], [102: 80, 185, ], [103: 157, 206, ], [104: 192, 229, ], [105: 178, 193, ], [106: 109, ], [107: 126, ], [108: 207, ], [109: 170, ], [110: 205, ], [111: 187, ], [112: 234, ], [113: 238, ], [114: 199, ], [115: 51, 228, 231, ], [116: 201, ], [117: 102, 179, ], [118: 160, ], [119: 226, ], [120: 239, ], [121: 57, ], [122: 188, ], [123: 225, ], [124: 171, ], [125: 204, ], [126: 230, ], [127: 236, ], [128: 223, ], [129: 120, ], [130: 224, ], [131: 166, ], [132: 235, ], [133: 168, ], [134: 237, ], [135: 232, ], [136: 218, ], [137: 227, ], [138: 221, ], [139: 156, ], [140: 176, ], [141: 219, ], ]
cost of best solution: 636
average cost of solutions: 637.4
average last operation finding best solution: 878
average runtime: 56.2293
------------------
average time of add_all_nodes_to_neighbours: 0.00909264
average time of random_choice_split: 3.04856e-05
average time of weighted_random_merge: 0.0982215
average time of label_propagation_round 0.0158076
average time of remove_nodes_ 0.00348363
average time of add_node_to_all 0.00839081
------------------
average improvement of add_all_nodes_to_neighbours -2.86874
per second: -315.501
average improvement of random_choice_split 0.20876
per second: 6847.85
average improvement of weighted_random_merge -1.64091
per second: -16.7062
average improvement of label_propagation_round -33.4562
per second: -2116.46
average improvement of remove_nodes_ -108.343
per second: -31100.5
average improvement of add_node_to_all 219.355
per second: 26142.3
all solutions:
------------------
iteration 0: [[0: 21, 22, 27, 37, 39, ], [1: 23, 87, 132, 148, ], [2: 0, 3, 6, 7, 10, 17, 25, 31, 46, ], [3: 1, 2, 4, 8, 15, 34, 40, 41, 67, ], [4: 7, 17, 62, 63, 74, ], [5: 0, 5, 7, 9, 10, 11, 13, 14, 15, 16, 23, 35, 38, 51, ], [6: 91, 99, 104, 124, 184, ], [7: 11, 14, 20, 23, 25, 39, 48, 51, ], [8: 20, 27, 39, 58, 90, ], [9: 0, 1, 3, 9, 11, 12, 13, 19, 20, 26, 48, ], [10: 16, 20, 22, 39, 45, 46, ], [11: 34, 36, 66, 85, 87, 94, 131, ], [12: 23, 189, 194, ], [13: 31, 77, 114, 117, 125, ], [14: 4, 66, 69, 87, ], [15: 15, 18, 24, 29, 38, ], [16: 3, 77, 96, ], [17: 9, 21, 29, 43, ], [18: 94, 96, 135, ], [19: 23, 54, 55, 61, 70, 75, 105, 121, ], [20: 90, 152, 196, ], [21: 24, 31, 36, 42, 45, 58, 59, ], [22: 9, 19, 26, 34, 38, 40, 44, ], [23: 7, 67, 86, 111, ], [24: 36, 44, 45, 71, ], [25: 89, 118, 130, ], [26: 108, 200, 208, ], [27: 21, 29, 30, 37, 84, ], [28: 25, 35, 54, 56, 61, 83, ], [29: 3, 5, 12, 19, 28, 32, 43, ], [30: 78, 108, 122, 134, ], [31: 13, 30, 33, 47, 48, 128, ], [32: 41, 62, 98, ], [33: 28, 142, 169, ], [34: 88, 116, 164, ], [35: 6, 44, 46, 78, 81, ], [36: 51, 90, 113, 127, ], [37: 6, 31, 35, 41, 48, ], [38: 30, 90, 92, ], [39: 38, 76, 106, 115, 186, ], [40: 61, 112, 174, ], [41: 64, 90, 182, ], [42: 49, 89, 129, ], [43: 72, 100, 183, ], [44: 52, 90, 107, ], [45: 40, 172, 175, ], [46: 65, 101, 217, ], [47: 22, 71, 98, ], [48: 18, 22, 39, 42, 45, 95, 97, ], [49: 9, 93, 103, ], [50: 5, 20, 103, 149, ], [51: 88, 123, 143, 162, ], [52: 11, 26, 60, 68, ], [53: 34, 44, 50, 53, 59, 60, ], [54: 39, 42, 94, 133, 145, 202, ], [55: 37, 73, 82, 198, ], [56: 8, 154, 158, ], [57: 97, 141, 147, ], [58: 11, 14, 33, 90, 93, ], [59: 91, 119, 223, ], [60: 105, 177, 195, ], [61: 10, 58, 203, ], [62: 99, 106, 151, ], [63: 45, 159, 165, ], [64: 114, 146, 154, ], [65: 51, 89, 125, 161, 180, ], [66: 40, 50, 96, 108, 136, ], [67: 119, 139, 191, ], [68: 35, 70, 222, ], [69: 101, 152, 233, ], [70: 1, 27, 32, 153, ], [71: 11, 55, 99, ], [72: 29, 92, 211, ], [73: 46, 93, 110, ], [74: 58, 77, 102, ], [75: 10, 63, 81, 98, 110, ], [76: 22, 79, 140, 144, 163, ], [77: 10, 12, 38, 39, 48, ], [78: 68, 92, 154, ], [79: 3, 36, 40, ], [80: 75, 112, 167, ], [81: 98, 106, 173, ], [82: 2, 3, 16, 34, ], [83: 88, 93, 150, ], [84: 47, 137, 214, ], [85: 48, 118, 127, ], [86: 181, 205, ], [87: 170, ], [88: 157, 206, ], [89: 192, 229, ], [90: 209, 213, ], [91: 21, 42, 128, ], [92: 11, 72, 154, ], [93: 13, 23, 24, 84, ], [94: 14, 51, 54, 99, ], [95: 16, 30, 100, ], [96: 234, ], [97: 225, ], [98: 204, ], [99: 126, ], [100: 215, 220, ], [101: 45, 138, 141, 190, ], [102: 207, ], [103: 178, 193, ], [104: 109, ], [105: 188, ], [106: 201, ], [107: 83, ], [108: 120, ], [109: 227, ], [110: 156, ], [111: 155, 197, 216, ], [112: 224, ], [113: 51, 228, 231, ], [114: 221, ], [115: 236, ], [116: 210, 212, ], [117: 179, ], [118: 199, ], [119: 235, ], [120: 166, ], [121: 57, ], [122: 187, ], [123: 239, ], [124: 80, 185, ], [125: 218, ], [126: 168, ], [127: 237, ], [128: 160, ], [129: 230, ], [130: 232, ], [131: 238, ], [132: 226, ], [133: 171, ], [134: 176, ], [135: 219, ], ]
edge deletions: 361
edge additions: 62
vertex splittings: 216
cost of solution: 639
time used on iteration: 53.5376
best solution found at iteration 318
------------------
iteration 1: [[0: 23, 87, 132, 148, ], [1: 0, 3, 6, 7, 10, 17, 25, 31, 46, ], [2: 13, 21, 29, 30, 37, 84, ], [3: 18, 24, 39, 42, 45, 58, 95, ], [4: 0, 1, 3, 5, 9, 11, 12, 13, 20, 26, 48, ], [5: 16, 20, 22, 39, 45, 46, ], [6: 1, 2, 4, 8, 15, 34, 40, 41, 67, ], [7: 14, 51, 54, 99, ], [8: 9, 19, 26, 34, 38, 40, 44, ], [9: 10, 12, 38, 39, 48, ], [10: 5, 12, 19, 28, 32, 43, ], [11: 0, 5, 7, 9, 10, 11, 13, 14, 15, 16, 23, 35, 38, 51, ], [12: 13, 30, 33, 47, 48, 128, ], [13: 23, 54, 55, 61, 70, 75, 105, 121, ], [14: 25, 35, 54, 56, 61, 83, ], [15: 11, 14, 20, 23, 25, 39, 48, 51, ], [16: 8, 154, 158, ], [17: 72, 73, 146, ], [18: 74, 97, 147, ], [19: 23, 69, 194, ], [20: 13, 14, 19, 24, 33, ], [21: 119, 139, 191, ], [22: 16, 30, 49, ], [23: 34, 44, 50, 53, 59, 60, ], [24: 6, 44, 46, 78, 81, ], [25: 39, 94, 145, 202, ], [26: 15, 24, 29, 38, ], [27: 51, 90, 113, 127, ], [28: 23, 24, 27, ], [29: 0, 6, 19, 22, ], [30: 11, 90, 93, ], [31: 14, 58, 90, 92, ], [32: 7, 67, 86, 111, ], [33: 72, 100, 183, ], [34: 96, 108, 122, 200, ], [35: 7, 17, 62, 63, 74, ], [36: 34, 36, 66, 85, 87, 94, 131, ], [37: 37, 82, 198, ], [38: 11, 26, 60, 68, ], [39: 21, 22, 27, 37, 79, ], [40: 22, 44, 45, 71, ], [41: 9, 14, 93, 103, ], [42: 4, 66, 69, 87, ], [43: 88, 93, 150, 162, ], [44: 9, 65, 78, ], [45: 38, 76, 106, 115, 186, ], [46: 45, 138, 141, 190, ], [47: 10, 63, 81, 98, 110, ], [48: 11, 72, 154, ], [49: 22, 140, 144, 163, ], [50: 50, 96, 136, ], [51: 19, 20, 27, 28, 76, ], [52: 71, 89, 129, ], [53: 59, 108, 208, ], [54: 1, 27, 32, 153, ], [55: 31, 36, 58, ], [56: 105, 177, 195, ], [57: 3, 8, 40, 96, ], [58: 33, 37, 51, ], [59: 18, 38, 91, 119, ], [60: 40, 172, 175, ], [61: 88, 123, 143, ], [62: 34, 39, 88, ], [63: 11, 55, 99, ], [64: 31, 45, 59, ], [65: 10, 58, 203, ], [66: 90, 152, 196, ], [67: 51, 89, 125, 161, 180, ], [68: 45, 159, 165, ], [69: 78, 108, 122, 134, ], [70: 46, 93, 110, ], [71: 29, 92, 211, ], [72: 89, 118, 130, ], [73: 6, 31, 35, 41, 48, ], [74: 31, 77, 114, 117, 125, ], [75: 75, 112, 167, ], [76: 52, 90, 107, ], [77: 6, 51, 181, ], [78: 99, 106, 151, ], [79: 0, 113, 148, ], [80: 35, 70, 222, ], [81: 155, 197, 216, ], [82: 2, 3, 16, 34, ], [83: 5, 20, 103, 149, ], [84: 61, 112, 174, ], [85: 64, 90, 182, ], [86: 94, 96, 135, ], [87: 28, 142, 169, ], [88: 91, 99, 104, 124, 184, ], [89: 88, 116, 164, ], [90: 98, 106, 173, ], [91: 94, 130, 133, ], [92: 101, 152, 233, ], [93: 23, 111, 189, ], [94: 65, 101, 217, ], [95: 68, 92, 154, ], [96: 9, 21, 29, 43, ], [97: 41, 62, 98, ], [98: 209, 213, ], [99: 47, 137, 214, ], [100: 210, 212, ], [101: 215, 220, ], [102: 80, 185, ], [103: 157, 206, ], [104: 192, 229, ], [105: 178, 193, ], [106: 109, ], [107: 126, ], [108: 207, ], [109: 170, ], [110: 205, ], [111: 187, ], [112: 234, ], [113: 238, ], [114: 199, ], [115: 51, 228, 231, ], [116: 201, ], [117: 102, 179, ], [118: 160, ], [119: 226, ], [120: 239, ], [121: 57, ], [122: 188, ], [123: 225, ], [124: 171, ], [125: 204, ], [126: 230, ], [127: 236, ], [128: 223, ], [129: 120, ], [130: 224, ], [131: 166, ], [132: 235, ], [133: 168, ], [134: 237, ], [135: 232, ], [136: 218, ], [137: 227, ], [138: 221, ], [139: 156, ], [140: 176, ], [141: 219, ], ]
edge deletions: 360
edge additions: 48
vertex splittings: 228
cost of solution: 636
time used on iteration: 68.7965
best solution found at iteration 772
------------------
iteration 2: [[0: 0, 5, 7, 9, 10, 11, 13, 14, 15, 16, 23, 35, 38, 51, ], [1: 5, 12, 19, 20, 28, 32, 43, ], [2: 10, 14, 19, 33, ], [3: 10, 11, 14, 25, 39, 48, 51, ], [4: 9, 44, 46, 78, ], [5: 21, 22, 27, 37, 39, ], [6: 0, 1, 3, 5, 9, 11, 12, 13, 20, 26, 48, ], [7: 2, 3, 16, 34, ], [8: 0, 3, 6, 7, 10, 17, 25, 31, 46, ], [9: 13, 21, 29, 30, 37, 84, ], [10: 1, 2, 4, 8, 15, 34, 40, 41, 67, ], [11: 9, 19, 26, 34, 38, 40, 44, ], [12: 23, 25, 35, 54, 56, 61, 83, ], [13: 6, 19, 22, 44, ], [14: 78, 108, 122, 134, ], [15: 4, 66, 69, 87, ], [16: 54, 55, 61, 70, 75, 105, 121, ], [17: 30, 49, 92, ], [18: 15, 18, 24, ], [19: 68, 92, 154, ], [20: 23, 24, 27, 38, 39, 48, ], [21: 91, 99, 104, 124, 184, ], [22: 24, 31, 36, 42, 45, 58, 59, ], [23: 3, 77, 96, ], [24: 13, 30, 33, 47, 48, 128, ], [25: 101, 152, 233, ], [26: 22, 79, 140, 144, 163, ], [27: 23, 87, 132, 148, ], [28: 46, 93, 110, ], [29: 14, 51, 54, 99, ], [30: 10, 63, 81, 98, 110, ], [31: 94, 96, 135, ], [32: 6, 31, 41, 48, ], [33: 7, 17, 62, 63, 74, ], [34: 31, 77, 114, 117, 125, ], [35: 16, 20, 22, 39, 45, 46, ], [36: 11, 26, 60, 68, ], [37: 45, 159, 165, ], [38: 11, 72, 74, ], [39: 88, 116, 164, ], [40: 34, 44, 50, 53, 59, 60, ], [41: 9, 43, 65, ], [42: 10, 58, 203, ], [43: 14, 20, 27, 39, 58, 90, ], [44: 33, 37, 51, ], [45: 13, 28, 40, ], [46: 64, 65, 101, 217, ], [47: 3, 36, 40, ], [48: 11, 90, 93, ], [49: 71, 89, 130, ], [50: 74, 97, 147, ], [51: 29, 92, 211, ], [52: 43, 74, 100, ], [53: 39, 94, 145, 202, ], [54: 40, 172, 175, ], [55: 51, 90, 113, 127, ], [56: 88, 123, 143, 162, ], [57: 7, 67, 86, 111, ], [58: 8, 154, 158, ], [59: 61, 112, 174, ], [60: 24, 29, 33, 36, ], [61: 18, 22, 39, 42, 45, 95, 97, ], [62: 21, 42, 128, ], [63: 36, 44, 45, 71, ], [64: 108, 200, 208, ], [65: 72, 100, 183, ], [66: 28, 142, 169, ], [67: 58, 77, 102, ], [68: 6, 51, 181, ], [69: 38, 76, 106, 115, 186, ], [70: 18, 38, 91, 119, ], [71: 90, 152, 196, ], [72: 11, 23, 55, 99, ], [73: 40, 50, 96, 108, 136, ], [74: 34, 36, 66, 85, 87, 94, 131, ], [75: 105, 177, 195, ], [76: 98, 106, 173, ], [77: 94, 130, 133, ], [78: 119, 139, 191, ], [79: 45, 138, 141, 190, ], [80: 51, 89, 125, 161, 180, ], [81: 35, 70, 222, ], [82: 37, 73, 82, 198, ], [83: 155, 197, 216, ], [84: 47, 137, 214, ], [85: 48, 118, 127, ], [86: 1, 27, 32, 153, ], [87: 49, 89, 129, ], [88: 5, 20, 103, 149, ], [89: 228, ], [90: 182, 204, ], [91: 41, 62, 98, ], [92: 88, 93, 150, ], [93: 157, 206, ], [94: 75, 112, 167, ], [95: 72, 146, 154, ], [96: 80, 185, ], [97: 23, 189, 194, ], [98: 209, 213, ], [99: 151, ], [100: 22, 71, 98, ], [101: 52, 90, 107, ], [102: 210, 212, ], [103: 232, ], [104: 120, ], [105: 205, ], [106: 57, ], [107: 226, ], [108: 225, ], [109: 218, ], [110: 178, 193, ], [111: 234, ], [112: 230, ], [113: 160, ], [114: 199, ], [115: 156, ], [116: 192, 229, ], [117: 166, ], [118: 201, ], [119: 224, ], [120: 187, ], [121: 188, ], [122: 221, ], [123: 227, ], [124: 207, ], [125: 231, ], [126: 179, ], [127: 109, ], [128: 126, ], [129: 223, ], [130: 171, ], [131: 239, ], [132: 215, 220, ], [133: 235, ], [134: 168, ], [135: 236, ], [136: 237, ], [137: 238, ], [138: 170, ], [139: 176, ], [140: 219, ], ]
edge deletions: 362
edge additions: 54
vertex splittings: 223
cost of solution: 639
time used on iteration: 69.5447
best solution found at iteration 358
------------------
iteration 3: [[0: 0, 5, 7, 9, 10, 11, 13, 14, 15, 16, 23, 35, 38, 51, ], [1: 34, 44, 50, 53, 59, 60, ], [2: 23, 54, 55, 61, 70, 75, 105, 121, ], [3: 13, 21, 29, 30, 37, 84, ], [4: 9, 19, 26, 34, 38, 40, 44, ], [5: 0, 3, 6, 7, 10, 17, 25, 31, 46, ], [6: 5, 12, 19, 28, 32, 43, ], [7: 0, 1, 3, 5, 9, 11, 12, 13, 20, 26, 48, ], [8: 16, 20, 22, 39, 45, 46, ], [9: 7, 67, 86, 111, ], [10: 31, 77, 114, 117, 125, ], [11: 1, 2, 4, 8, 15, 34, 40, 41, 67, ], [12: 25, 35, 54, 56, 61, 83, ], [13: 18, 22, 39, 42, 45, 95, 97, ], [14: 6, 44, 46, 78, 81, ], [15: 14, 23, 24, 25, 39, 48, ], [16: 13, 30, 33, 47, 48, 128, ], [17: 23, 87, 132, 148, ], [18: 23, 189, 194, ], [19: 39, 94, 145, 202, ], [20: 14, 20, 58, 90, 92, ], [21: 9, 14, 93, 103, ], [22: 15, 24, 29, 38, ], [23: 10, 63, 81, 98, 110, ], [24: 34, 36, 66, 85, 87, 94, 131, ], [25: 105, 177, 195, ], [26: 48, 51, 118, 127, ], [27: 4, 66, 69, 87, ], [28: 22, 27, 38, 44, ], [29: 22, 79, 140, 144, 163, ], [30: 40, 172, 175, ], [31: 2, 3, 16, 34, ], [32: 10, 12, 38, 39, 48, ], [33: 7, 17, 62, 63, 74, ], [34: 98, 106, 173, ], [35: 18, 38, 91, 119, ], [36: 10, 58, 203, ], [37: 119, 139, 191, ], [38: 96, 108, 122, 200, ], [39: 72, 100, 183, ], [40: 11, 33, 39, 51, 90, ], [41: 91, 99, 104, 124, 184, ], [42: 9, 21, 29, 43, ], [43: 71, 89, 130, ], [44: 88, 116, 164, ], [45: 209, 213, ], [46: 3, 77, 96, ], [47: 94, 96, 135, ], [48: 78, 108, 122, 134, ], [49: 5, 20, 103, 149, ], [50: 64, 90, 152, 196, ], [51: 45, 138, 141, 190, ], [52: 28, 142, 169, ], [53: 11, 26, 60, 68, ], [54: 1, 27, 32, 153, ], [55: 38, 76, 106, 115, 186, ], [56: 51, 89, 125, 161, 180, ], [57: 8, 154, 158, ], [58: 31, 36, 42, 58, ], [59: 52, 90, 107, ], [60: 29, 92, 211, ], [61: 41, 62, 98, ], [62: 0, 6, 19, 22, ], [63: 19, 20, 23, 27, ], [64: 30, 49, 92, ], [65: 72, 73, 146, ], [66: 88, 123, 143, 162, ], [67: 94, 130, 133, ], [68: 10, 14, 19, 33, ], [69: 61, 112, 174, ], [70: 6, 51, 181, ], [71: 6, 31, 35, 41, 48, ], [72: 13, 20, 28, 40, ], [73: 228, ], [74: 199, ], [75: 160, ], [76: 223, ], [77: 188, ], [78: 239, ], [79: 238, ], [80: 18, 93, 150, ], [81: 227, ], [82: 109, ], [83: 166, ], [84: 218, ], [85: 11, 72, 154, ], [86: 236, ], [87: 224, ], [88: 75, 112, 167, ], [89: 126, ], [90: 237, ], [91: 156, ], [92: 205, ], [93: 232, ], [94: 231, ], [95: 234, ], [96: 101, 152, 233, ], [97: 225, ], [98: 59, 108, 208, ], [99: 45, 159, 165, ], [100: 35, 70, 222, ], [101: 74, 97, 147, ], [102: 80, 185, ], [103: 221, ], [104: 21, 42, 128, ], [105: 50, 96, 136, ], [106: 2, 77, 154, ], [107: 99, 106, 151, ], [108: 36, 41, 114, ], [109: 24, 58, 102, ], [110: 90, 113, 127, ], [111: 47, 137, 214, ], [112: 49, 89, 129, ], [113: 168, ], [114: 230, ], [115: 170, ], [116: 207, ], [117: 201, ], [118: 171, ], [119: 179, ], [120: 226, ], [121: 235, ], [122: 65, 101, 217, ], [123: 215, 220, ], [124: 37, 82, 198, ], [125: 120, ], [126: 157, 206, ], [127: 192, 229, ], [128: 210, 212, ], [129: 57, ], [130: 155, 197, 216, ], [131: 187, ], [132: 182, 204, ], [133: 178, 193, ], [134: 176, ], [135: 219, ], ]
edge deletions: 384
edge additions: 48
vertex splittings: 205
cost of solution: 637
time used on iteration: 48.4882
best solution found at iteration 1175
------------------
iteration 4: [[0: 1, 2, 4, 8, 15, 34, 40, 41, 67, ], [1: 0, 1, 3, 9, 11, 12, 13, 20, 26, 48, ], [2: 14, 20, 27, 39, 58, 90, ], [3: 18, 22, 39, 42, 45, 95, 97, ], [4: 0, 5, 7, 9, 10, 11, 13, 14, 15, 16, 23, 35, 38, 51, ], [5: 16, 20, 22, 45, 46, ], [6: 0, 3, 6, 7, 10, 17, 25, 31, 35, 48, ], [7: 13, 21, 29, 30, 37, 84, ], [8: 9, 19, 26, 34, 38, 40, 44, ], [9: 34, 44, 50, 53, 59, 60, ], [10: 34, 36, 66, 85, 87, 94, 131, ], [11: 13, 30, 33, 47, 48, 128, ], [12: 24, 31, 36, 42, 45, 58, 59, ], [13: 5, 12, 19, 28, 32, 43, ], [14: 14, 25, 54, 56, ], [15: 31, 77, 114, 117, 125, ], [16: 54, 55, 61, 70, 75, 105, 121, ], [17: 38, 76, 106, 115, 186, ], [18: 23, 87, 132, 148, ], [19: 7, 67, 86, 111, ], [20: 9, 14, 93, 103, ], [21: 39, 94, 145, 202, ], [22: 14, 23, 24, 27, 38, 39, 48, ], [23: 71, 89, 129, ], [24: 1, 27, 32, 153, ], [25: 22, 79, 140, 144, 163, ], [26: 91, 99, 104, 124, 184, ], [27: 78, 108, 122, 134, ], [28: 22, 44, 45, 71, ], [29: 18, 38, 91, 119, ], [30: 7, 17, 46, 62, 63, 74, 110, ], [31: 65, 101, 217, ], [32: 11, 26, 60, 68, ], [33: 6, 41, 98, ], [34: 2, 3, 16, 34, ], [35: 5, 20, 103, 149, ], [36: 37, 73, 82, 198, ], [37: 105, 177, 195, ], [38: 10, 25, 39, 46, 51, ], [39: 94, 96, 135, ], [40: 88, 116, 164, ], [41: 40, 172, 175, ], [42: 9, 21, 29, 43, ], [43: 11, 72, 154, ], [44: 21, 22, 27, 37, 39, ], [45: 94, 130, 133, ], [46: 45, 159, 165, ], [47: 23, 25, 35, 54, 61, 70, 83, ], [48: 4, 66, 69, 87, ], [49: 11, 23, 55, 99, ], [50: 51, 89, 125, 161, 180, ], [51: 45, 138, 141, 190, ], [52: 19, 27, 28, 76, ], [53: 51, 90, 113, 127, ], [54: 72, 100, 183, ], [55: 52, 90, 107, ], [56: 11, 90, 93, ], [57: 10, 58, 203, ], [58: 23, 189, 194, ], [59: 13, 19, 20, 28, 40, ], [60: 10, 14, 19, 33, ], [61: 0, 6, 19, 22, ], [62: 30, 49, 92, ], [63: 74, 97, 147, ], [64: 61, 112, 174, ], [65: 88, 93, 162, ], [66: 6, 51, 181, ], [67: 64, 90, 182, ], [68: 28, 142, 169, ], [69: 96, 108, 122, 200, ], [70: 6, 44, 46, 78, 81, ], [71: 114, 146, 154, ], [72: 119, 139, 191, ], [73: 101, 152, 233, ], [74: 24, 29, 33, 36, ], [75: 59, 108, 208, ], [76: 18, 93, 150, ], [77: 29, 92, 211, ], [78: 90, 152, 196, ], [79: 33, 37, 51, ], [80: 2, 77, 154, ], [81: 209, 213, ], [82: 88, 123, 143, ], [83: 47, 137, 214, ], [84: 8, 154, 158, ], [85: 48, 51, 118, 127, ], [86: 75, 112, 167, ], [87: 80, 185, ], [88: 98, 106, 173, ], [89: 210, 212, ], [90: 50, 96, 136, ], [91: 102, 179, ], [92: 215, 220, ], [93: 178, 193, ], [94: 157, 206, ], [95: 227, ], [96: 232, ], [97: 239, ], [98: 201, ], [99: 226, ], [100: 235, ], [101: 204, ], [102: 221, ], [103: 192, 229, ], [104: 155, 197, 216, ], [105: 126, ], [106: 231, ], [107: 205, ], [108: 199, ], [109: 222, ], [110: 218, ], [111: 238, ], [112: 230, ], [113: 225, ], [114: 237, ], [115: 228, ], [116: 120, ], [117: 166, ], [118: 223, ], [119: 160, ], [120: 236, ], [121: 170, ], [122: 188, ], [123: 234, ], [124: 156, ], [125: 207, ], [126: 171, ], [127: 109, ], [128: 57, ], [129: 168, ], [130: 187, ], [131: 224, ], [132: 151, ], [133: 176, ], [134: 219, ], ]
edge deletions: 382
edge additions: 51
vertex splittings: 203
cost of solution: 636
time used on iteration: 40.7795
best solution found at iteration 1767
------------------
