instance: ../../../FARZgraphs/FARZ_60_30.gml
nodes: 60
edges: 860
runs: 5
operations per iteration: 80000
best solution:
[[0: 4, 6, 10, 15, 19, 23, 50, 51, 53, ], [1: 0, 1, 9, 12, 13, 14, 15, 16, 27, 28, 30, 34, 39, 40, 44, 45, ], [2: 0, 1, 2, 3, 4, 5, 6, 7, 8, 9, 10, 11, 14, 21, 28, 33, ], [3: 17, 20, 21, 46, 47, 48, 52, 53, ], [4: 1, 7, 8, 9, 12, 14, 15, 16, 17, 18, 19, 20, 21, 22, 24, 26, 28, 29, 30, 32, 33, 35, 36, 37, 39, 40, 47, ], [5: 8, 10, 17, 18, 20, 21, 24, 31, 43, 55, 56, ], [6: 7, 8, 10, 11, 12, 13, 20, 25, 26, 32, ], [7: 2, 3, 5, 6, 12, 16, 17, 18, 19, 24, 50, ], [8: 2, 8, 14, 26, 31, 42, 49, 50, ], [9: 9, 15, 17, 20, 21, 24, 28, 36, 38, 41, 44, 45, 46, ], [10: 3, 6, 13, 22, 26, 35, ], [11: 1, 8, 9, 14, 21, 23, 28, 31, 42, ], [12: 0, 6, 10, 16, 23, 30, 40, 57, ], [13: 3, 5, 25, 28, 49, 54, ], [14: 10, 19, 48, 49, ], [15: 6, 18, 25, 44, ], [16: 4, 15, 57, 58, ], [17: 4, 5, 13, 29, 30, ], [18: 22, 27, 30, 40, 48, ], [19: 11, 18, 22, 30, 31, 37, ], [20: 7, 11, 15, 16, 19, 35, 41, 43, ], [21: 18, 22, 32, 37, 38, 39, 41, 43, 45, ], [22: 59, ], ]
cost of best solution: 249
average cost of solutions: 249.8
average last operation finding best solution: 47975.8
average runtime: 31.7332
------------------
average time of add_all_nodes_to_neighbours: 0.000903684
average time of random_choice_split: 0
average time of weighted_random_merge: 0
average time of label_propagation_round 0.000414619
average time of remove_nodes_ 0.000155039
average time of add_node_to_all 0.000309521
------------------
average improvement of add_all_nodes_to_neighbours -0.090498
per second: -100.143
average improvement of random_choice_split 0.0496775
per second: inf
average improvement of weighted_random_merge -0.209269
per second: -inf
average improvement of label_propagation_round -0.0146991
per second: -35.452
average improvement of remove_nodes_ 0.167335
per second: 1079.31
average improvement of add_node_to_all 0.238276
per second: 769.821
all solutions:
------------------
iteration 0: [[0: 1, 7, 8, 9, 12, 14, 15, 16, 17, 18, 19, 20, 21, 22, 24, 26, 28, 29, 30, 32, 33, 35, 36, 39, 40, ], [1: 0, 1, 9, 12, 13, 14, 16, 21, 23, 27, 28, 30, 34, 39, 40, 44, 45, ], [2: 0, 1, 2, 3, 4, 5, 6, 7, 8, 9, 10, 11, 18, 28, 31, 33, ], [3: 7, 10, 11, 12, 13, 20, 25, 32, ], [4: 3, 6, 8, 11, 12, 13, 14, 21, 22, 26, 30, 31, 35, 37, ], [5: 2, 8, 10, 14, 26, 31, 42, 49, 50, ], [6: 2, 3, 5, 6, 12, 16, 17, 18, 19, 24, 50, ], [7: 9, 15, 16, 17, 18, 20, 21, 24, 32, 36, 37, 38, 39, 41, 43, 44, 45, ], [8: 6, 25, 44, ], [9: 17, 20, 21, 46, 47, 48, 52, 53, ], [10: 4, 6, 10, 15, 19, 23, 50, 51, 53, ], [11: 7, 10, 19, 30, 40, 48, ], [12: 18, 25, 26, 29, 33, 37, 47, ], [13: 9, 24, 28, 30, 40, 46, 47, ], [14: 0, 10, 15, 16, 34, 57, ], [15: 4, 11, 15, 19, 58, ], [16: 7, 19, 22, 35, 41, 43, 47, ], [17: 4, 5, 13, 29, 30, ], [18: 10, 17, 18, 20, 21, 24, 31, 55, 56, ], [19: 3, 5, 25, 28, 49, 54, ], [20: 59, ], ]
edge deletions: 72
edge additions: 42
vertex splittings: 136
cost of solution: 250
time used on iteration: 30.145
best solution found at iteration 76974
------------------
iteration 1: [[0: 4, 6, 8, 10, 15, 19, 23, 50, 51, 53, ], [1: 1, 7, 8, 9, 12, 14, 15, 17, 18, 19, 20, 21, 22, 24, 26, 28, 29, 30, 32, 33, 35, 36, 37, 39, 40, 47, ], [2: 0, 1, 9, 12, 13, 14, 27, 28, 30, 34, 39, 40, 44, 45, ], [3: 0, 1, 2, 3, 4, 5, 6, 7, 8, 9, 10, 11, 14, 16, 18, 21, 28, 30, 33, ], [4: 2, 3, 5, 6, 12, 16, 17, 18, 19, 24, 50, ], [5: 8, 11, 14, 22, 31, 35, 37, 43, ], [6: 7, 8, 10, 11, 12, 13, 20, 25, 26, 32, ], [7: 17, 20, 21, 46, 48, 52, 53, ], [8: 0, 10, 15, 16, 23, 34, 40, 57, ], [9: 3, 5, 25, 28, 49, 54, ], [10: 11, 15, 19, 58, ], [11: 2, 10, 19, 48, 49, ], [12: 6, 18, 25, 44, ], [13: 1, 9, 21, 23, 28, 31, 42, ], [14: 16, 17, 18, 19, 20, 21, 22, 24, 32, 36, 38, 39, 41, 43, 44, 45, ], [15: 2, 8, 14, 26, 31, 42, 49, 50, ], [16: 10, 17, 18, 20, 21, 24, 31, 55, 56, ], [17: 30, 40, 46, 47, 48, ], [18: 3, 6, 13, 16, 22, 26, 35, 37, ], [19: 9, 15, 38, 41, 44, 46, ], [20: 4, 5, 13, 29, ], [21: 59, ], ]
edge deletions: 70
edge additions: 44
vertex splittings: 136
cost of solution: 250
time used on iteration: 32.3906
best solution found at iteration 36814
------------------
iteration 2: [[0: 4, 6, 10, 15, 19, 23, 50, 51, 53, ], [1: 0, 1, 9, 12, 13, 14, 16, 27, 28, 30, 34, 39, 40, 44, 45, ], [2: 2, 3, 5, 6, 12, 17, 19, 24, 30, 50, ], [3: 0, 1, 2, 3, 4, 5, 6, 7, 8, 9, 10, 11, 14, 16, 18, 21, 28, 30, 33, ], [4: 1, 7, 8, 9, 12, 14, 15, 17, 18, 19, 20, 21, 22, 24, 26, 28, 29, 30, 32, 33, 35, 36, 37, 39, 40, 47, ], [5: 16, 17, 18, 19, 20, 21, 22, 24, 32, 36, 38, 39, 41, 43, 44, 45, ], [6: 11, 14, 22, 31, 35, 37, 43, ], [7: 7, 8, 10, 11, 12, 13, 20, 25, 26, 32, ], [8: 6, 25, 44, ], [9: 3, 6, 13, 16, 22, 26, 35, 37, ], [10: 2, 10, 19, 48, 49, ], [11: 2, 8, 14, 26, 31, 42, 49, 50, ], [12: 17, 20, 21, 46, 47, 48, 52, 53, ], [13: 9, 15, 24, 28, 38, 41, 44, 46, ], [14: 4, 5, 13, 29, ], [15: 1, 9, 14, 21, 23, 28, 30, 31, 42, ], [16: 3, 5, 25, 28, 49, 54, ], [17: 4, 11, 15, 19, 58, ], [18: 22, 27, 30, 48, ], [19: 10, 17, 18, 20, 21, 24, 31, 55, 56, ], [20: 0, 6, 10, 15, 16, 23, 40, 57, ], [21: 59, ], ]
edge deletions: 67
edge additions: 45
vertex splittings: 138
cost of solution: 250
time used on iteration: 31.4526
best solution found at iteration 44524
------------------
iteration 3: [[0: 2, 3, 5, 6, 12, 16, 17, 18, 19, 24, 50, ], [1: 0, 1, 9, 12, 13, 14, 27, 28, 30, 34, 39, 40, 44, 45, ], [2: 0, 1, 2, 3, 4, 5, 6, 7, 8, 9, 10, 11, 14, 16, 18, 21, 28, 30, 33, ], [3: 1, 7, 8, 9, 12, 14, 15, 17, 18, 19, 20, 21, 22, 24, 26, 28, 29, 30, 32, 33, 35, 36, 37, 39, 40, 47, ], [4: 4, 6, 10, 15, 19, 23, 50, 51, 53, ], [5: 17, 20, 21, 46, 47, 48, 52, 53, ], [6: 6, 18, 25, 37, 44, ], [7: 7, 8, 10, 11, 12, 13, 20, 25, 26, 32, ], [8: 2, 8, 14, 23, 26, 30, 31, 42, 49, 50, ], [9: 16, 17, 18, 19, 20, 21, 22, 24, 32, 36, 37, 38, 39, 41, 43, 44, 45, ], [10: 10, 19, 40, 48, 49, ], [11: 0, 16, 21, 23, 26, 27, 40, ], [12: 3, 6, 13, 16, 22, 26, 35, ], [13: 1, 9, 21, 23, 28, 31, 42, ], [14: 4, 5, 13, 29, ], [15: 10, 17, 18, 20, 21, 24, 31, 55, 56, ], [16: 0, 10, 15, 16, 34, 57, ], [17: 8, 11, 22, 31, 35, 37, 43, ], [18: 4, 11, 15, 19, 58, ], [19: 9, 15, 24, 28, 38, 41, 44, 46, ], [20: 3, 5, 25, 28, 49, 54, ], [21: 59, ], ]
edge deletions: 60
edge additions: 49
vertex splittings: 141
cost of solution: 250
time used on iteration: 31.1772
best solution found at iteration 58191
------------------
iteration 4: [[0: 4, 6, 10, 15, 19, 23, 50, 51, 53, ], [1: 0, 1, 9, 12, 13, 14, 15, 16, 27, 28, 30, 34, 39, 40, 44, 45, ], [2: 0, 1, 2, 3, 4, 5, 6, 7, 8, 9, 10, 11, 14, 21, 28, 33, ], [3: 17, 20, 21, 46, 47, 48, 52, 53, ], [4: 1, 7, 8, 9, 12, 14, 15, 16, 17, 18, 19, 20, 21, 22, 24, 26, 28, 29, 30, 32, 33, 35, 36, 37, 39, 40, 47, ], [5: 8, 10, 17, 18, 20, 21, 24, 31, 43, 55, 56, ], [6: 7, 8, 10, 11, 12, 13, 20, 25, 26, 32, ], [7: 2, 3, 5, 6, 12, 16, 17, 18, 19, 24, 50, ], [8: 2, 8, 14, 26, 31, 42, 49, 50, ], [9: 9, 15, 17, 20, 21, 24, 28, 36, 38, 41, 44, 45, 46, ], [10: 3, 6, 13, 22, 26, 35, ], [11: 1, 8, 9, 14, 21, 23, 28, 31, 42, ], [12: 0, 6, 10, 16, 23, 30, 40, 57, ], [13: 3, 5, 25, 28, 49, 54, ], [14: 10, 19, 48, 49, ], [15: 6, 18, 25, 44, ], [16: 4, 15, 57, 58, ], [17: 4, 5, 13, 29, 30, ], [18: 22, 27, 30, 40, 48, ], [19: 11, 18, 22, 30, 31, 37, ], [20: 7, 11, 15, 16, 19, 35, 41, 43, ], [21: 18, 22, 32, 37, 38, 39, 41, 43, 45, ], [22: 59, ], ]
edge deletions: 60
edge additions: 45
vertex splittings: 144
cost of solution: 249
time used on iteration: 33.5006
best solution found at iteration 23376
------------------
