instance: ../../../FARZgraphs/FARZ_scale_220.gml
nodes: 220
edges: 1011
runs: 5
operations per iteration: 2000
best solution:
[[0: 10, 12, 16, 19, 20, 22, 43, 46, 47, 48, ], [1: 33, 52, 53, 105, 124, ], [2: 4, 7, 10, 14, 19, 28, 31, 35, 44, 67, ], [3: 59, 65, 81, 83, ], [4: 13, 16, 26, ], [5: 2, 3, 7, 8, 9, 10, 12, 13, 14, 19, ], [6: 18, 21, 22, 33, 39, 47, ], [7: 5, 17, 18, 30, 33, 40, 78, ], [8: 0, 3, 4, 6, 11, 13, 38, 41, 49, 61, ], [9: 21, 24, 25, 26, 27, 32, 38, 41, 45, 49, ], [10: 3, 18, 43, 67, ], [11: 17, 79, 115, 125, 153, ], [12: 67, 85, 139, ], [13: 54, 55, 56, 66, 93, 107, ], [14: 43, 46, 60, 77, 86, 89, ], [15: 3, 68, 95, ], [16: 44, 67, 75, 136, ], [17: 77, 79, 86, 163, ], [18: 6, 8, 36, ], [19: 1, 19, 61, 66, 67, ], [20: 0, 49, 51, 143, ], [21: 72, 78, 110, 113, ], [22: 0, 5, 7, 8, 18, 21, 24, 38, ], [23: 62, 88, 94, 96, 110, ], [24: 26, 118, 137, ], [25: 22, 39, 42, 57, 83, ], [26: 9, 14, 16, 28, 36, 37, 53, ], [27: 40, 62, 63, 72, ], [28: 2, 4, 9, 16, 43, 57, ], [29: 73, 84, 92, 123, 174, 197, ], [30: 9, 12, 15, 16, 20, 21, 22, 23, 25, 29, 49, ], [31: 64, 117, 141, ], [32: 5, 17, 27, 100, ], [33: 4, 11, 95, 131, ], [34: 2, 15, 17, 21, 30, ], [35: 47, 69, 76, 80, ], [36: 51, 150, 199, ], [37: 31, 39, 40, 44, ], [38: 24, 47, 60, ], [39: 27, 91, 101, 149, ], [40: 89, 98, 103, 107, ], [41: 30, 34, 54, ], [42: 9, 106, 121, ], [43: 6, 46, 99, ], [44: 9, 70, 89, ], [45: 35, 36, 48, 68, ], [46: 71, 90, 115, 148, ], [47: 5, 19, 26, 41, 47, ], [48: 61, 108, 119, 131, ], [49: 25, 42, 48, 57, 112, ], [50: 111, 175, 191, ], [51: 129, 160, 176, ], [52: 19, 127, 167, ], [53: 43, 102, 165, ], [54: 69, 112, 135, ], [55: 129, 131, 161, ], [56: 9, 56, 58, ], [57: 2, 22, 48, 84, ], [58: 61, 133, 164, ], [59: 38, 50, 132, ], [60: 15, 20, 42, 81, ], [61: 72, 187, 208, ], [62: 10, 68, 134, ], [63: 76, 97, 112, ], [64: 60, 79, 156, ], [65: 0, 1, 4, 12, ], [66: 66, 82, 158, ], [67: 142, 147, 187, ], [68: 40, 46, 98, ], [69: 35, 130, 182, ], [70: 77, 162, 193, ], [71: 54, 62, 63, 66, 88, ], [72: 19, 30, 46, 56, ], [73: 79, 116, 195, ], [74: 93, 119, 144, ], [75: 9, 81, 104, ], [76: 74, 159, 173, ], [77: 7, 25, 43, ], [78: 16, 20, 104, 114, ], [79: 15, 140, 186, ], [80: 163, 185, 193, ], [81: 184, 204, ], [82: 64, 94, 120, ], [83: 78, 169, 198, ], [84: 54, 128, 201, ], [85: 170, ], [86: 11, 51, 76, ], [87: 8, 20, 39, ], [88: 181, ], [89: 157, ], [90: 200, ], [91: 146, ], [92: 203, ], [93: 206, ], [94: 202, ], [95: 211, ], [96: 216, ], [97: 205, ], [98: 219, ], [99: 109, ], [100: 177, 179, ], [101: 190, ], [102: 183, ], [103: 171, ], [104: 87, ], [105: 192, ], [106: 19, 108, 138, ], [107: 214, ], [108: 217, ], [109: 113, 122, 142, ], [110: 151, ], [111: 155, ], [112: 189, ], [113: 215, ], [114: 209, ], [115: 172, ], [116: 166, ], [117: 196, ], [118: 40, 45, 52, ], [119: 85, 88, 168, ], [120: 207, ], [121: 210, ], [122: 154, ], [123: 126, 180, ], [124: 212, ], [125: 152, ], [126: 17, 57, 90, ], [127: 145, 178, ], [128: 213, 218, ], [129: 194, ], [130: 188, ], ]
cost of best solution: 579
average cost of solutions: 581.8
average last operation finding best solution: 941.2
average runtime: 37.9962
------------------
average time of add_all_nodes_to_neighbours: 0.00712747
average time of random_choice_split: 2.86591e-05
average time of weighted_random_merge: 0.0648587
average time of label_propagation_round 0.0125682
average time of remove_nodes_ 0.00285373
average time of add_node_to_all 0.00632751
------------------
average improvement of add_all_nodes_to_neighbours -2.48605
per second: -348.799
average improvement of random_choice_split 0.168182
per second: 5868.36
average improvement of weighted_random_merge -1.55504
per second: -23.9758
average improvement of label_propagation_round -27.0492
per second: -2152.19
average improvement of remove_nodes_ -94.936
per second: -33267.3
average improvement of add_node_to_all 184.618
per second: 29177
all solutions:
------------------
iteration 0: [[0: 62, 88, 94, 96, 110, ], [1: 0, 5, 7, 8, 18, 24, 38, ], [2: 9, 14, 16, 28, 36, 37, 53, ], [3: 2, 9, 12, 15, 20, 21, 22, 23, 29, ], [4: 54, 55, 56, 93, 107, ], [5: 71, 90, 115, 148, ], [6: 19, 30, 46, 56, ], [7: 9, 43, 56, 89, ], [8: 2, 3, 4, 7, 8, 9, 10, 13, 14, ], [9: 5, 21, 24, 25, 26, 27, 32, 38, 41, 45, 49, ], [10: 5, 17, 18, 30, 33, 40, 63, 78, 100, ], [11: 0, 3, 6, 11, 13, 38, 41, 49, 50, ], [12: 10, 12, 16, 19, 20, 22, 43, 46, 47, 48, ], [13: 0, 1, 4, 19, 41, 61, 67, ], [14: 7, 10, 14, 19, 28, 31, 35, 44, 67, ], [15: 4, 16, 43, 57, 60, ], [16: 61, 133, 164, ], [17: 9, 106, 121, ], [18: 54, 62, 63, 66, 88, ], [19: 89, 98, 103, 107, ], [20: 33, 52, 53, 105, 124, ], [21: 77, 79, 86, 163, ], [22: 64, 85, 141, ], [23: 15, 74, 159, ], [24: 72, 78, 110, 113, ], [25: 35, 36, 48, 68, ], [26: 1, 61, 66, 93, 119, ], [27: 4, 11, 95, 131, ], [28: 20, 29, 39, 42, 49, ], [29: 16, 20, 104, 114, ], [30: 69, 112, 135, ], [31: 2, 17, 57, 90, ], [32: 44, 52, 70, ], [33: 26, 47, 69, 76, 80, ], [34: 47, 74, 173, ], [35: 0, 4, 7, 12, 21, 49, ], [36: 12, 17, 25, 29, ], [37: 19, 108, 138, ], [38: 3, 18, 43, 67, ], [39: 13, 67, 139, ], [40: 15, 140, 186, ], [41: 31, 39, 40, 44, ], [42: 13, 16, 21, 23, 25, 49, ], [43: 44, 67, 75, 136, ], [44: 9, 81, 104, ], [45: 78, 169, 198, ], [46: 3, 46, 68, ], [47: 73, 84, 123, 174, 197, ], [48: 77, 162, 193, ], [49: 26, 74, 150, ], [50: 40, 62, 72, ], [51: 8, 18, 21, 33, 39, 47, ], [52: 3, 5, 12, 19, ], [53: 2, 43, 48, 84, ], [54: 61, 108, 119, 131, ], [55: 19, 127, 167, ], [56: 75, 125, 126, ], [57: 6, 8, 36, ], [58: 8, 13, 19, 26, ], [59: 43, 102, 165, ], [60: 24, 60, 79, ], [61: 11, 51, 76, ], [62: 30, 55, 62, ], [63: 9, 19, 134, ], [64: 8, 53, 58, ], [65: 17, 79, 115, 125, 153, ], [66: 34, 54, 128, 201, ], [67: 0, 49, 51, 143, ], [68: 76, 97, 112, ], [69: 119, 130, 158, ], [70: 129, 160, 176, ], [71: 19, 66, 82, ], [72: 129, 131, 161, ], [73: 142, 147, 187, ], [74: 46, 60, 77, 99, ], [75: 96, 113, 117, ], [76: 84, 92, 123, 151, ], [77: 42, 59, 65, 81, 83, ], [78: 51, 150, 199, ], [79: 72, 187, 208, ], [80: 44, 126, 127, ], [81: 46, 91, 98, ], [82: 22, 25, 42, 48, 57, ], [83: 35, 130, 182, ], [84: 163, 185, 193, ], [85: 11, 61, 165, ], [86: 120, 184, ], [87: 27, 101, 149, ], [88: 113, 122, 142, ], [89: 85, 88, 168, ], [90: 79, 116, 156, 195, ], [91: 39, 57, 83, ], [92: 157, ], [93: 202, ], [94: 111, 175, 191, ], [95: 183, ], [96: 214, ], [97: 203, ], [98: 180, ], [99: 171, ], [100: 206, ], [101: 188, ], [102: 216, ], [103: 196, ], [104: 155, ], [105: 172, ], [106: 152, ], [107: 170, ], [108: 217, ], [109: 211, ], [110: 205, ], [111: 207, ], [112: 210, ], [113: 212, ], [114: 192, ], [115: 146, ], [116: 132, ], [117: 200, ], [118: 15, 20, 25, 81, ], [119: 87, ], [120: 219, ], [121: 144, ], [122: 189, ], [123: 215, ], [124: 190, ], [125: 154, ], [126: 16, 26, 137, ], [127: 145, 178, ], [128: 177, 179, ], [129: 204, 209, ], [130: 166, ], [131: 213, 218, ], [132: 109, ], [133: 181, ], [134: 194, ], [135: 118, ], ]
edge deletions: 316
edge additions: 45
vertex splittings: 223
cost of solution: 584
time used on iteration: 31.4363
best solution found at iteration 420
------------------
iteration 1: [[0: 2, 3, 7, 8, 9, 10, 13, 14, 19, ], [1: 9, 12, 15, 16, 17, 20, 21, 22, 23, 25, 29, ], [2: 5, 21, 24, 25, 26, 27, 32, 38, 41, 45, ], [3: 89, 98, 103, 107, ], [4: 5, 17, 18, 30, 33, 40, 78, 100, ], [5: 0, 3, 4, 6, 11, 13, 38, 41, 49, 61, ], [6: 2, 10, 12, 16, 19, 20, 22, 43, 46, 47, 48, ], [7: 4, 7, 10, 12, 14, 19, 28, 31, 35, 44, 67, ], [8: 54, 62, 63, 66, 88, ], [9: 73, 84, 123, 174, 197, ], [10: 22, 39, 42, 57, 83, ], [11: 15, 20, 42, 81, ], [12: 26, 47, 69, 76, 80, ], [13: 59, 65, 81, 83, ], [14: 0, 5, 7, 8, 18, 21, 24, 38, ], [15: 0, 3, 10, 18, 43, 67, ], [16: 54, 55, 56, 66, 93, 107, ], [17: 13, 16, 25, 26, 49, ], [18: 1, 19, 61, 66, 67, ], [19: 9, 14, 16, 28, 36, 37, 53, ], [20: 2, 4, 21, 30, ], [21: 71, 90, 115, 148, ], [22: 33, 52, 53, 105, 124, ], [23: 72, 78, 110, 113, ], [24: 35, 36, 48, 68, ], [25: 3, 27, 32, 49, ], [26: 4, 11, 95, 131, ], [27: 20, 29, 39, 49, ], [28: 35, 130, 182, ], [29: 9, 58, 104, ], [30: 77, 162, 193, ], [31: 2, 17, 57, 90, ], [32: 66, 72, 119, ], [33: 129, 160, 176, ], [34: 67, 85, 139, ], [35: 31, 39, 40, 44, ], [36: 4, 9, 16, 43, 57, ], [37: 3, 46, 68, ], [38: 16, 20, 104, 114, ], [39: 19, 30, 46, 56, ], [40: 40, 62, 63, 72, ], [41: 26, 118, 137, ], [42: 17, 79, 115, 125, 153, ], [43: 64, 94, 120, ], [44: 51, 150, 199, ], [45: 64, 117, 141, ], [46: 76, 97, 112, ], [47: 61, 133, 164, ], [48: 9, 106, 121, ], [49: 46, 60, 77, 99, ], [50: 63, 69, 78, ], [51: 43, 77, 86, 89, ], [52: 25, 42, 48, 57, 112, ], [53: 69, 112, 135, ], [54: 34, 54, 128, 201, ], [55: 43, 102, 165, ], [56: 51, 69, 131, ], [57: 79, 163, 185, ], [58: 18, 21, 22, 33, 39, 47, ], [59: 19, 108, 138, ], [60: 24, 60, 79, ], [61: 47, 74, 173, ], [62: 38, 50, 132, ], [63: 147, 155, ], [64: 72, 187, 208, ], [65: 44, 52, 70, ], [66: 145, ], [67: 122, 142, 187, ], [68: 203, ], [69: 171, ], [70: 15, 74, 159, ], [71: 184, ], [72: 216, ], [73: 219, ], [74: 84, 92, 123, 151, ], [75: 78, 169, 198, ], [76: 180, ], [77: 111, 175, 191, ], [78: 10, 68, 134, ], [79: 15, 140, 186, ], [80: 6, 8, 36, ], [81: 44, 67, 75, 136, ], [82: 211, ], [83: 79, 116, 156, 195, ], [84: 109, ], [85: 192, ], [86: 0, 49, 51, 143, ], [87: 66, 82, 158, ], [88: 19, 127, 167, ], [89: 207, ], [90: 61, 108, 119, 131, ], [91: 46, 91, 98, ], [92: 85, 88, 168, ], [93: 213, 218, ], [94: 189, ], [95: 154, ], [96: 166, ], [97: 62, 88, 94, 96, 110, ], [98: 196, ], [99: 172, ], [100: 27, 101, 149, ], [101: 170, ], [102: 215, ], [103: 178, 194, ], [104: 181, ], [105: 87, ], [106: 212, ], [107: 210, ], [108: 129, 131, 161, ], [109: 183, ], [110: 157, ], [111: 200, ], [112: 214, ], [113: 190, ], [114: 204, 209, ], [115: 12, 49, 202, ], [116: 205, ], [117: 206, ], [118: 152, ], [119: 217, ], [120: 93, 119, 144, ], [121: 146, ], [122: 126, 188, ], [123: 177, 179, ], ]
edge deletions: 337
edge additions: 50
vertex splittings: 194
cost of solution: 581
time used on iteration: 32.3252
best solution found at iteration 1233
------------------
iteration 2: [[0: 4, 7, 10, 12, 14, 19, 28, 31, 35, 44, 67, ], [1: 35, 36, 48, 68, ], [2: 73, 84, 92, 123, 174, 197, ], [3: 2, 3, 7, 8, 9, 10, 13, 14, 19, ], [4: 0, 3, 4, 6, 11, 13, 38, 41, 49, 61, ], [5: 10, 12, 16, 19, 20, 22, 43, 46, 47, 48, ], [6: 5, 21, 24, 25, 26, 27, 32, 38, 41, 45, ], [7: 64, 85, 141, ], [8: 89, 98, 103, 107, ], [9: 2, 9, 12, 15, 16, 17, 20, 21, 22, 23, 25, 29, ], [10: 1, 19, 61, 66, 67, ], [11: 54, 62, 63, 66, 88, ], [12: 17, 79, 115, 125, 153, ], [13: 18, 21, 22, 33, 39, 47, ], [14: 4, 11, 95, 131, ], [15: 22, 39, 42, 57, 83, ], [16: 3, 18, 43, 67, ], [17: 54, 55, 56, 66, 93, 107, ], [18: 0, 49, 51, 143, ], [19: 9, 14, 16, 28, 36, 37, 53, ], [20: 61, 133, 164, ], [21: 66, 82, 158, ], [22: 67, 85, 139, ], [23: 15, 20, 42, 81, ], [24: 62, 88, 94, 96, 110, ], [25: 59, 65, 81, 83, ], [26: 5, 17, 18, 30, 33, 40, 63, 78, 100, ], [27: 16, 20, 104, 114, ], [28: 9, 106, 121, ], [29: 71, 90, 115, 148, ], [30: 26, 47, 69, 76, 80, ], [31: 77, 79, 86, 163, ], [32: 69, 112, 135, ], [33: 0, 5, 7, 8, 18, 21, 24, 38, ], [34: 9, 43, 56, 89, ], [35: 46, 60, 77, 99, ], [36: 15, 140, 186, ], [37: 2, 17, 57, 90, ], [38: 44, 70, 75, 136, ], [39: 7, 22, 25, 49, ], [40: 72, 78, 110, 113, ], [41: 38, 50, 132, ], [42: 61, 108, 119, 131, ], [43: 31, 39, 40, 44, ], [44: 20, 29, 39, 49, ], [45: 4, 9, 16, 43, 57, ], [46: 74, 159, 173, ], [47: 10, 68, 134, ], [48: 13, 16, 26, 49, ], [49: 19, 127, 167, ], [50: 25, 42, 48, 57, 112, ], [51: 72, 154, 208, ], [52: 6, 8, 36, ], [53: 129, 160, 176, ], [54: 122, 142, 147, 187, ], [55: 3, 5, 12, ], [56: 78, 169, 198, ], [57: 117, 152, 180, ], [58: 35, 130, 182, ], [59: 27, 91, 101, 149, ], [60: 33, 52, 53, 105, 124, ], [61: 0, 1, 12, ], [62: 26, 118, 137, ], [63: 34, 54, 128, 201, ], [64: 2, 43, 48, 84, ], [65: 111, 175, 191, ], [66: 9, 58, 104, ], [67: 51, 150, 199, ], [68: 79, 116, 156, 195, ], [69: 163, 185, 193, ], [70: 76, 97, 112, ], [71: 93, 119, 144, ], [72: 87, ], [73: 181, ], [74: 200, ], [75: 43, 102, 165, ], [76: 151, ], [77: 171, ], [78: 19, 108, 138, ], [79: 126, 188, ], [80: 196, ], [81: 85, 88, 168, ], [82: 206, ], [83: 120, 184, ], [84: 155, ], [85: 192, ], [86: 12, 49, 202, ], [87: 146, ], [88: 219, ], [89: 210, ], [90: 77, 162, 193, ], [91: 211, ], [92: 109, ], [93: 216, ], [94: 217, ], [95: 212, ], [96: 190, ], [97: 172, ], [98: 157, ], [99: 203, ], [100: 215, ], [101: 166, ], [102: 178, 194, ], [103: 170, ], [104: 207, ], [105: 189, ], [106: 183, ], [107: 214, ], [108: 129, 131, 161, ], [109: 213, 218, ], [110: 19, 30, 46, 56, ], [111: 145, ], [112: 177, 179, ], [113: 205, ], [114: 204, 209, ], ]
edge deletions: 353
edge additions: 58
vertex splittings: 171
cost of solution: 582
time used on iteration: 38.769
best solution found at iteration 961
------------------
iteration 3: [[0: 4, 9, 16, 43, 57, ], [1: 0, 5, 21, 24, 26, 27, 38, 41, 45, ], [2: 9, 14, 16, 28, 36, 37, 53, ], [3: 54, 62, 63, 66, 88, ], [4: 4, 7, 10, 14, 19, 28, 31, 35, 44, 67, ], [5: 0, 3, 4, 6, 11, 13, 38, 41, 49, 61, ], [6: 0, 3, 7, 10, 18, 43, 67, ], [7: 42, 59, 65, 81, 83, ], [8: 71, 90, 115, 148, ], [9: 2, 3, 7, 8, 9, 10, 12, 13, 14, 19, ], [10: 35, 36, 48, 68, ], [11: 64, 85, 88, 117, 141, ], [12: 2, 10, 16, 19, 20, 22, 43, 48, ], [13: 79, 116, 156, 195, ], [14: 7, 21, 24, 25, 32, 38, 49, ], [15: 9, 12, 20, 21, 22, 23, 25, 29, 49, ], [16: 0, 49, 51, 143, ], [17: 9, 106, 121, ], [18: 40, 62, 63, 72, ], [19: 54, 55, 56, 93, 107, ], [20: 17, 79, 115, 125, 153, ], [21: 76, 97, 112, ], [22: 31, 39, 40, 44, ], [23: 26, 47, 69, 76, 80, ], [24: 18, 21, 22, 33, 39, 47, ], [25: 200, ], [26: 1, 19, 61, 66, 67, ], [27: 2, 4, 21, 30, ], [28: 10, 30, 40, 46, ], [29: 44, 67, 75, 136, ], [30: 4, 11, 95, 131, ], [31: 5, 8, 18, 24, 47, ], [32: 27, 101, 149, ], [33: 113, 122, 142, ], [34: 2, 12, 15, 16, 17, 23, ], [35: 73, 84, 92, 123, 174, 197, ], [36: 43, 46, 47, 56, 89, ], [37: 61, 108, 119, 131, ], [38: 26, 118, 137, ], [39: 2, 17, 57, 90, ], [40: 13, 16, 21, 25, 26, 49, ], [41: 15, 20, 22, 29, 39, 42, ], [42: 89, 98, 103, 107, ], [43: 46, 60, 77, 99, ], [44: 30, 34, 54, ], [45: 19, 127, 167, ], [46: 72, 78, 110, 113, ], [47: 129, 131, 161, ], [48: 30, 63, 100, ], [49: 33, 52, 53, 105, 124, ], [50: 43, 60, 77, 79, 86, ], [51: 5, 17, 18, 30, 33, 40, 78, ], [52: 62, 88, 94, 96, 110, ], [53: 129, 160, 176, ], [54: 3, 27, 32, ], [55: 25, 69, 112, 135, ], [56: 38, 50, 132, ], [57: 0, 9, 12, 15, 43, ], [58: 22, 39, 57, 83, ], [59: 15, 140, 186, ], [60: 16, 20, 47, 104, 114, ], [61: 111, 175, 191, ], [62: 25, 42, 48, 57, ], [63: 61, 133, 164, ], [64: 3, 46, 68, ], [65: 43, 102, 165, ], [66: 35, 130, 182, ], [67: 44, 52, 70, ], [68: 47, 74, 173, ], [69: 66, 82, 158, ], [70: 119, 130, 158, ], [71: 19, 108, 138, ], [72: 67, 85, 139, ], [73: 145, 178, ], [74: 72, 187, 208, ], [75: 79, 163, 185, ], [76: 19, 30, 56, ], [77: 10, 68, 134, ], [78: 6, 8, 36, ], [79: 46, 91, 98, ], [80: 30, 55, 62, ], [81: 15, 74, 159, ], [82: 64, 94, 120, ], [83: 5, 25, 45, 69, ], [84: 151, ], [85: 51, 69, 131, ], [86: 32, 41, 47, ], [87: 78, 169, 198, ], [88: 168, ], [89: 44, 126, 127, ], [90: 17, 25, 41, ], [91: 17, 27, 100, ], [92: 75, 125, 126, ], [93: 8, 21, 38, 58, ], [94: 54, 128, 201, ], [95: 9, 56, 58, ], [96: 40, 45, 52, ], [97: 177, 179, ], [98: 66, 72, 93, 119, ], [99: 56, 98, 128, ], [100: 142, 147, 187, ], [101: 11, 51, 76, ], [102: 9, 81, 104, ], [103: 51, 150, 199, ], [104: 77, 162, 193, ], [105: 96, 113, 117, ], [106: 32, 45, 51, ], [107: 157, ], [108: 181, ], [109: 202, ], [110: 109, ], [111: 170, ], [112: 194, ], [113: 154, ], [114: 180, ], [115: 155, ], [116: 184, 204, ], [117: 196, ], [118: 210, ], [119: 166, ], [120: 192, ], [121: 206, ], [122: 209, ], [123: 152, ], [124: 144, ], [125: 212, ], [126: 207, ], [127: 146, ], [128: 188, ], [129: 213, 218, ], [130: 172, ], [131: 211, ], [132: 219, ], [133: 215, ], [134: 203, ], [135: 189, ], [136: 214, ], [137: 216, ], [138: 87, ], [139: 205, ], [140: 171, ], [141: 217, ], [142: 183, ], [143: 190, ], ]
edge deletions: 292
edge additions: 39
vertex splittings: 252
cost of solution: 583
time used on iteration: 50.7707
best solution found at iteration 1443
------------------
iteration 4: [[0: 10, 12, 16, 19, 20, 22, 43, 46, 47, 48, ], [1: 33, 52, 53, 105, 124, ], [2: 4, 7, 10, 14, 19, 28, 31, 35, 44, 67, ], [3: 59, 65, 81, 83, ], [4: 13, 16, 26, ], [5: 2, 3, 7, 8, 9, 10, 12, 13, 14, 19, ], [6: 18, 21, 22, 33, 39, 47, ], [7: 5, 17, 18, 30, 33, 40, 78, ], [8: 0, 3, 4, 6, 11, 13, 38, 41, 49, 61, ], [9: 21, 24, 25, 26, 27, 32, 38, 41, 45, 49, ], [10: 3, 18, 43, 67, ], [11: 17, 79, 115, 125, 153, ], [12: 67, 85, 139, ], [13: 54, 55, 56, 66, 93, 107, ], [14: 43, 46, 60, 77, 86, 89, ], [15: 3, 68, 95, ], [16: 44, 67, 75, 136, ], [17: 77, 79, 86, 163, ], [18: 6, 8, 36, ], [19: 1, 19, 61, 66, 67, ], [20: 0, 49, 51, 143, ], [21: 72, 78, 110, 113, ], [22: 0, 5, 7, 8, 18, 21, 24, 38, ], [23: 62, 88, 94, 96, 110, ], [24: 26, 118, 137, ], [25: 22, 39, 42, 57, 83, ], [26: 9, 14, 16, 28, 36, 37, 53, ], [27: 40, 62, 63, 72, ], [28: 2, 4, 9, 16, 43, 57, ], [29: 73, 84, 92, 123, 174, 197, ], [30: 9, 12, 15, 16, 20, 21, 22, 23, 25, 29, 49, ], [31: 64, 117, 141, ], [32: 5, 17, 27, 100, ], [33: 4, 11, 95, 131, ], [34: 2, 15, 17, 21, 30, ], [35: 47, 69, 76, 80, ], [36: 51, 150, 199, ], [37: 31, 39, 40, 44, ], [38: 24, 47, 60, ], [39: 27, 91, 101, 149, ], [40: 89, 98, 103, 107, ], [41: 30, 34, 54, ], [42: 9, 106, 121, ], [43: 6, 46, 99, ], [44: 9, 70, 89, ], [45: 35, 36, 48, 68, ], [46: 71, 90, 115, 148, ], [47: 5, 19, 26, 41, 47, ], [48: 61, 108, 119, 131, ], [49: 25, 42, 48, 57, 112, ], [50: 111, 175, 191, ], [51: 129, 160, 176, ], [52: 19, 127, 167, ], [53: 43, 102, 165, ], [54: 69, 112, 135, ], [55: 129, 131, 161, ], [56: 9, 56, 58, ], [57: 2, 22, 48, 84, ], [58: 61, 133, 164, ], [59: 38, 50, 132, ], [60: 15, 20, 42, 81, ], [61: 72, 187, 208, ], [62: 10, 68, 134, ], [63: 76, 97, 112, ], [64: 60, 79, 156, ], [65: 0, 1, 4, 12, ], [66: 66, 82, 158, ], [67: 142, 147, 187, ], [68: 40, 46, 98, ], [69: 35, 130, 182, ], [70: 77, 162, 193, ], [71: 54, 62, 63, 66, 88, ], [72: 19, 30, 46, 56, ], [73: 79, 116, 195, ], [74: 93, 119, 144, ], [75: 9, 81, 104, ], [76: 74, 159, 173, ], [77: 7, 25, 43, ], [78: 16, 20, 104, 114, ], [79: 15, 140, 186, ], [80: 163, 185, 193, ], [81: 184, 204, ], [82: 64, 94, 120, ], [83: 78, 169, 198, ], [84: 54, 128, 201, ], [85: 170, ], [86: 11, 51, 76, ], [87: 8, 20, 39, ], [88: 181, ], [89: 157, ], [90: 200, ], [91: 146, ], [92: 203, ], [93: 206, ], [94: 202, ], [95: 211, ], [96: 216, ], [97: 205, ], [98: 219, ], [99: 109, ], [100: 177, 179, ], [101: 190, ], [102: 183, ], [103: 171, ], [104: 87, ], [105: 192, ], [106: 19, 108, 138, ], [107: 214, ], [108: 217, ], [109: 113, 122, 142, ], [110: 151, ], [111: 155, ], [112: 189, ], [113: 215, ], [114: 209, ], [115: 172, ], [116: 166, ], [117: 196, ], [118: 40, 45, 52, ], [119: 85, 88, 168, ], [120: 207, ], [121: 210, ], [122: 154, ], [123: 126, 180, ], [124: 212, ], [125: 152, ], [126: 17, 57, 90, ], [127: 145, 178, ], [128: 213, 218, ], [129: 194, ], [130: 188, ], ]
edge deletions: 328
edge additions: 43
vertex splittings: 208
cost of solution: 579
time used on iteration: 36.6798
best solution found at iteration 649
------------------
