instance: ../../../FARZgraphs/FARZ_60_14.gml
nodes: 60
edges: 521
runs: 5
operations per iteration: 80000
best solution:
[[0: 12, 14, 19, 20, 21, 24, 25, 32, 37, 41, ], [1: 1, 3, 5, 9, 10, 11, 16, 17, 23, 26, 28, 29, 33, 34, 35, 44, 45, ], [2: 0, 3, 5, 8, 9, 15, 25, 29, ], [3: 1, 2, 3, 6, 7, 9, 12, 13, 17, 24, 27, 30, 33, 44, ], [4: 0, 1, 2, 27, 30, 32, 43, ], [5: 0, 18, 22, 27, 33, 35, 39, 43, 49, ], [6: 2, 5, 6, 37, ], [7: 0, 6, 8, 16, 18, 20, 22, 23, 24, 26, 39, 53, ], [8: 6, 15, 18, 21, 32, ], [9: 20, 35, 51, ], [10: 58, 59, ], [11: 4, 8, 31, 32, 36, 42, 47, 48, 49, ], [12: 2, 7, 8, 13, 17, 26, 27, 30, 38, 39, 40, ], [13: 29, 36, 46, ], [14: 3, 18, 22, 54, ], [15: 15, 23, 24, 29, 30, ], [16: 52, ], [17: 56, ], [18: 57, ], [19: 55, ], [20: 50, ], ]
cost of best solution: 181
average cost of solutions: 181
average last operation finding best solution: 39914.8
average runtime: 12.4308
------------------
average time of add_all_nodes_to_neighbours: 0.0003157
average time of random_choice_split: 0
average time of weighted_random_merge: 0
average time of label_propagation_round 0.000129897
average time of remove_nodes_ 7.66265e-05
average time of add_node_to_all 0.000210544
------------------
average improvement of add_all_nodes_to_neighbours -0.0870358
per second: -275.691
average improvement of random_choice_split 0.0962612
per second: inf
average improvement of weighted_random_merge -0.213504
per second: -inf
average improvement of label_propagation_round -0.024812
per second: -191.012
average improvement of remove_nodes_ 0.220033
per second: 2871.5
average improvement of add_node_to_all 0.212207
per second: 1007.9
all solutions:
------------------
iteration 0: [[0: 12, 14, 19, 20, 21, 24, 25, 32, 37, 41, ], [1: 1, 3, 5, 9, 10, 11, 16, 17, 23, 26, 28, 29, 33, 34, 35, 44, 45, ], [2: 0, 3, 5, 8, 9, 15, 25, 29, ], [3: 1, 2, 3, 6, 7, 9, 12, 13, 17, 24, 27, 30, 33, 44, ], [4: 0, 1, 2, 27, 30, 32, 43, ], [5: 0, 18, 22, 27, 33, 35, 39, 43, 49, ], [6: 2, 5, 6, 37, ], [7: 0, 6, 8, 16, 18, 20, 22, 23, 24, 26, 39, 53, ], [8: 6, 15, 18, 21, 32, ], [9: 20, 35, 51, ], [10: 58, 59, ], [11: 4, 8, 31, 32, 36, 42, 47, 48, 49, ], [12: 2, 7, 8, 13, 17, 26, 27, 30, 38, 39, 40, ], [13: 29, 36, 46, ], [14: 3, 18, 22, 54, ], [15: 15, 23, 24, 29, 30, ], [16: 52, ], [17: 56, ], [18: 57, ], [19: 55, ], [20: 50, ], ]
edge deletions: 77
edge additions: 36
vertex splittings: 68
cost of solution: 181
time used on iteration: 13.4726
best solution found at iteration 53012
------------------
iteration 1: [[0: 1, 2, 3, 6, 7, 9, 12, 13, 17, 24, 26, 27, 30, 33, 44, ], [1: 12, 14, 19, 20, 21, 24, 25, 32, 37, 41, ], [2: 1, 3, 5, 9, 10, 11, 16, 17, 23, 26, 28, 29, 33, 34, 35, 44, 45, ], [3: 0, 6, 8, 16, 18, 20, 22, 23, 24, 26, 39, 53, ], [4: 2, 7, 8, 13, 17, 26, 27, 30, 38, 39, 40, ], [5: 0, 3, 5, 8, 9, 15, 25, 29, ], [6: 0, 18, 22, 27, 33, 35, 39, 43, 49, ], [7: 0, 1, 2, 30, 32, 43, ], [8: 4, 8, 31, 32, 36, 42, 47, 48, 49, ], [9: 15, 23, 24, 29, 30, 45, ], [10: 6, 15, 18, 21, 32, ], [11: 0, 3, 8, 18, 22, 54, ], [12: 20, 35, 51, ], [13: 2, 5, 6, 26, 37, ], [14: 29, 36, 46, ], [15: 32, 52, ], [16: 58, 59, ], [17: 12, 19, 25, 56, ], [18: 9, 57, ], [19: 55, ], [20: 50, ], ]
edge deletions: 67
edge additions: 37
vertex splittings: 77
cost of solution: 181
time used on iteration: 11.4325
best solution found at iteration 36977
------------------
iteration 2: [[0: 12, 14, 19, 20, 21, 24, 25, 32, 37, 41, ], [1: 1, 3, 5, 9, 10, 11, 16, 17, 23, 26, 28, 29, 33, 34, 35, 44, 45, ], [2: 1, 2, 6, 7, 9, 12, 13, 17, 24, 26, 27, 30, 33, 39, 44, ], [3: 0, 1, 3, 5, 8, 9, 15, 25, 29, ], [4: 0, 18, 22, 27, 33, 35, 39, 43, 49, ], [5: 0, 3, 6, 8, 16, 18, 20, 22, 23, 24, 26, 53, ], [6: 2, 8, 13, 26, 27, 30, 38, 40, ], [7: 0, 1, 2, 3, 27, 30, 32, 43, ], [8: 6, 15, 18, 21, 32, ], [9: 4, 8, 31, 32, 36, 42, 47, 48, 49, ], [10: 3, 7, 8, 54, ], [11: 13, 15, 23, 24, 29, 30, ], [12: 2, 5, 6, 37, ], [13: 35, 55, ], [14: 29, 36, 46, ], [15: 58, 59, ], [16: 9, 57, ], [17: 12, 19, 41, 56, ], [18: 36, 42, 52, ], [19: 20, 35, 51, ], [20: 50, ], ]
edge deletions: 69
edge additions: 36
vertex splittings: 76
cost of solution: 181
time used on iteration: 12.0321
best solution found at iteration 32233
------------------
iteration 3: [[0: 12, 14, 19, 20, 21, 24, 25, 32, 37, 41, ], [1: 1, 2, 6, 7, 9, 12, 13, 17, 24, 26, 27, 30, 33, 44, ], [2: 1, 3, 5, 9, 10, 11, 16, 17, 23, 26, 28, 29, 33, 34, 35, 44, 45, ], [3: 0, 3, 5, 8, 9, 15, 25, 29, ], [4: 0, 1, 2, 3, 27, 30, 32, 43, ], [5: 0, 18, 22, 27, 33, 35, 39, 43, 49, ], [6: 0, 6, 8, 16, 18, 20, 22, 23, 26, 35, 39, 53, ], [7: 2, 7, 8, 13, 17, 26, 27, 30, 38, 39, 40, ], [8: 4, 8, 31, 32, 36, 42, 47, 48, 49, ], [9: 0, 3, 8, 18, 22, 24, 54, ], [10: 6, 15, 18, 21, 32, ], [11: 29, 36, 46, ], [12: 2, 5, 6, 37, ], [13: 36, 42, 52, ], [14: 9, 57, ], [15: 13, 15, 23, 24, 29, 30, ], [16: 58, 59, ], [17: 12, 25, 56, ], [18: 55, ], [19: 34, 51, ], [20: 50, ], ]
edge deletions: 68
edge additions: 36
vertex splittings: 77
cost of solution: 181
time used on iteration: 11.838
best solution found at iteration 33881
------------------
iteration 4: [[0: 12, 14, 19, 20, 21, 24, 25, 32, 37, 41, ], [1: 1, 3, 5, 9, 10, 11, 16, 17, 23, 26, 28, 29, 33, 34, 35, 44, 45, ], [2: 1, 2, 6, 7, 9, 12, 13, 17, 24, 27, 30, 33, 44, ], [3: 0, 18, 22, 27, 33, 35, 39, 43, 49, ], [4: 0, 3, 5, 8, 9, 15, 25, 29, ], [5: 2, 5, 6, 37, ], [6: 4, 8, 31, 32, 36, 42, 47, 48, 49, ], [7: 0, 1, 2, 3, 27, 30, 32, 43, ], [8: 0, 3, 6, 8, 16, 18, 20, 22, 23, 24, 26, 53, ], [9: 6, 15, 18, 21, 32, ], [10: 2, 7, 8, 13, 17, 26, 27, 30, 38, 39, 40, ], [11: 29, 36, 46, ], [12: 3, 7, 54, ], [13: 6, 20, 35, 39, 53, ], [14: 12, 19, 25, 41, 56, ], [15: 58, 59, ], [16: 55, ], [17: 57, ], [18: 15, 23, 24, 29, 30, 45, ], [19: 36, 42, 52, ], [20: 10, 51, ], [21: 50, ], ]
edge deletions: 68
edge additions: 35
vertex splittings: 78
cost of solution: 181
time used on iteration: 13.379
best solution found at iteration 43471
------------------
