instance: ../../../FARZgraphs/FARZ_scale_200.gml
nodes: 200
edges: 929
runs: 5
operations per iteration: 2000
best solution:
[[0: 0, 2, 5, 7, 14, 20, 24, ], [1: 1, 6, 7, 8, 10, 14, 21, 34, ], [2: 6, 12, 24, 26, 27, 37, 54, ], [3: 13, 28, 33, 43, 58, ], [4: 0, 3, 4, 6, 7, 11, 12, 13, 16, 17, 27, 30, 34, ], [5: 3, 41, 46, 47, 59, 60, 73, ], [6: 0, 1, 4, 9, 11, 21, ], [7: 16, 21, 45, 46, 51, ], [8: 9, 21, 30, 40, 55, 67, ], [9: 4, 7, 15, 101, ], [10: 4, 10, 31, 33, 35, ], [11: 8, 10, 11, 13, 14, 18, 30, 60, ], [12: 5, 26, 49, 51, 91, ], [13: 50, 52, 77, 89, ], [14: 18, 23, 57, 66, 72, ], [15: 31, 32, 35, 52, 55, 69, ], [16: 17, 25, 32, 43, 45, 53, ], [17: 16, 83, 192, ], [18: 3, 5, 12, 39, 43, ], [19: 96, 100, 117, 119, ], [20: 15, 16, 18, 21, 38, ], [21: 14, 31, 35, 36, 80, 85, ], [22: 118, 127, 136, 142, ], [23: 18, 32, 34, 39, 131, ], [24: 54, 56, 78, 95, 97, ], [25: 6, 22, 109, 124, ], [26: 3, 8, 15, 20, 33, 63, ], [27: 11, 70, 87, 160, ], [28: 13, 79, 139, ], [29: 29, 48, 49, 65, ], [30: 30, 31, 32, 51, 69, ], [31: 7, 61, 62, 123, ], [32: 80, 85, 86, 88, 130, ], [33: 2, 3, 19, 21, 38, 39, ], [34: 17, 39, 53, 76, ], [35: 103, 153, 165, ], [36: 85, 125, 137, ], [37: 10, 55, 75, 126, ], [38: 65, 79, 81, 103, ], [39: 5, 84, 93, ], [40: 27, 152, 168, ], [41: 59, 68, 96, 98, ], [42: 34, 40, 67, 129, ], [43: 137, 149, 176, ], [44: 66, 82, 83, ], [45: 33, 60, 106, 108, 132, ], [46: 60, 73, 100, 122, ], [47: 1, 17, 22, 40, 45, 86, ], [48: 68, 117, 175, ], [49: 6, 7, 24, 41, 42, ], [50: 11, 21, 28, 63, 86, ], [51: 77, 133, 163, ], [52: 58, 71, 78, 102, 127, ], [53: 0, 41, 65, 81, 90, ], [54: 117, 134, 135, ], [55: 46, 122, 188, ], [56: 0, 10, 75, 111, ], [57: 37, 75, 77, 89, ], [58: 20, 26, 97, ], [59: 117, 146, 172, ], [60: 11, 27, 41, 64, ], [61: 9, 44, 53, ], [62: 12, 18, 68, ], [63: 5, 9, 16, 17, ], [64: 11, 21, 35, 44, ], [65: 2, 16, 19, 71, ], [66: 142, 150, 164, 166, ], [67: 52, 118, 167, ], [68: 3, 21, 57, 114, ], [69: 105, 148, ], [70: 155, 157, 173, ], [71: 116, ], [72: 138, ], [73: 28, 80, 107, ], [74: 184, ], [75: 178, ], [76: 0, 26, 144, ], [77: 8, 23, 58, 83, ], [78: 186, ], [79: 74, 90, 162, ], [80: 94, ], [81: 42, 61, 112, ], [82: 189, ], [83: 72, 82, 92, ], [84: 195, ], [85: 170, ], [86: 193, ], [87: 147, ], [88: 154, ], [89: 151, ], [90: 177, ], [91: 161, ], [92: 156, ], [93: 185, ], [94: 198, ], [95: 128, ], [96: 145, ], [97: 169, ], [98: 158, ], [99: 187, ], [100: 143, ], [101: 179, ], [102: 110, ], [103: 191, ], [104: 99, 115, ], [105: 190, ], [106: 140, ], [107: 181, ], [108: 104, ], [109: 118, 121, 197, ], [110: 120, ], [111: 183, ], [112: 180, 199, ], [113: 171, ], [114: 182, 196, ], [115: 159, ], [116: 141, 194, ], [117: 113, ], [118: 174, ], ]
cost of best solution: 548
average cost of solutions: 549
average last operation finding best solution: 1158.2
average runtime: 37.7895
------------------
average time of add_all_nodes_to_neighbours: 0.00726662
average time of random_choice_split: 2.68422e-05
average time of weighted_random_merge: 0.0660078
average time of label_propagation_round 0.0127083
average time of remove_nodes_ 0.00242029
average time of add_node_to_all 0.00632948
------------------
average improvement of add_all_nodes_to_neighbours -2.35743
per second: -324.42
average improvement of random_choice_split 0.164332
per second: 6122.17
average improvement of weighted_random_merge -1.45255
per second: -22.0057
average improvement of label_propagation_round -25.7968
per second: -2029.92
average improvement of remove_nodes_ -76.8453
per second: -31750.5
average improvement of add_node_to_all 168.181
per second: 26571.1
all solutions:
------------------
iteration 0: [[0: 0, 2, 5, 7, 14, 20, 24, ], [1: 1, 6, 7, 8, 10, 14, 21, 34, ], [2: 6, 12, 24, 26, 27, 37, 54, ], [3: 13, 28, 33, 43, 58, ], [4: 0, 3, 4, 6, 7, 11, 12, 13, 16, 17, 27, 30, 34, ], [5: 3, 41, 46, 47, 59, 60, 73, ], [6: 0, 1, 4, 9, 11, 21, ], [7: 16, 21, 45, 46, 51, ], [8: 9, 21, 30, 40, 55, 67, ], [9: 4, 7, 15, 101, ], [10: 4, 10, 31, 33, 35, ], [11: 8, 10, 11, 13, 14, 18, 30, 60, ], [12: 5, 26, 49, 51, 91, ], [13: 50, 52, 77, 89, ], [14: 18, 23, 57, 66, 72, ], [15: 31, 32, 35, 52, 55, 69, ], [16: 17, 25, 32, 43, 45, 53, ], [17: 16, 83, 192, ], [18: 3, 5, 12, 39, 43, ], [19: 96, 100, 117, 119, ], [20: 15, 16, 18, 21, 38, ], [21: 14, 31, 35, 36, 80, 85, ], [22: 118, 127, 136, 142, ], [23: 18, 32, 34, 39, 131, ], [24: 54, 56, 78, 95, 97, ], [25: 6, 22, 109, 124, ], [26: 3, 8, 15, 20, 33, 63, ], [27: 11, 70, 87, 160, ], [28: 13, 79, 139, ], [29: 29, 48, 49, 65, ], [30: 30, 31, 32, 51, 69, ], [31: 7, 61, 62, 123, ], [32: 80, 85, 86, 88, 130, ], [33: 2, 3, 19, 21, 38, 39, ], [34: 17, 39, 53, 76, ], [35: 103, 153, 165, ], [36: 85, 125, 137, ], [37: 10, 55, 75, 126, ], [38: 65, 79, 81, 103, ], [39: 5, 84, 93, ], [40: 27, 152, 168, ], [41: 59, 68, 96, 98, ], [42: 34, 40, 67, 129, ], [43: 137, 149, 176, ], [44: 66, 82, 83, ], [45: 33, 60, 106, 108, 132, ], [46: 60, 73, 100, 122, ], [47: 1, 17, 22, 40, 45, 86, ], [48: 68, 117, 175, ], [49: 6, 7, 24, 41, 42, ], [50: 11, 21, 28, 63, 86, ], [51: 77, 133, 163, ], [52: 58, 71, 78, 102, 127, ], [53: 0, 41, 65, 81, 90, ], [54: 117, 134, 135, ], [55: 46, 122, 188, ], [56: 0, 10, 75, 111, ], [57: 37, 75, 77, 89, ], [58: 20, 26, 97, ], [59: 117, 146, 172, ], [60: 11, 27, 41, 64, ], [61: 9, 44, 53, ], [62: 12, 18, 68, ], [63: 5, 9, 16, 17, ], [64: 11, 21, 35, 44, ], [65: 2, 16, 19, 71, ], [66: 142, 150, 164, 166, ], [67: 52, 118, 167, ], [68: 3, 21, 57, 114, ], [69: 105, 148, ], [70: 155, 157, 173, ], [71: 116, ], [72: 138, ], [73: 28, 80, 107, ], [74: 184, ], [75: 178, ], [76: 0, 26, 144, ], [77: 8, 23, 58, 83, ], [78: 186, ], [79: 74, 90, 162, ], [80: 94, ], [81: 42, 61, 112, ], [82: 189, ], [83: 72, 82, 92, ], [84: 195, ], [85: 170, ], [86: 193, ], [87: 147, ], [88: 154, ], [89: 151, ], [90: 177, ], [91: 161, ], [92: 156, ], [93: 185, ], [94: 198, ], [95: 128, ], [96: 145, ], [97: 169, ], [98: 158, ], [99: 187, ], [100: 143, ], [101: 179, ], [102: 110, ], [103: 191, ], [104: 99, 115, ], [105: 190, ], [106: 140, ], [107: 181, ], [108: 104, ], [109: 118, 121, 197, ], [110: 120, ], [111: 183, ], [112: 180, 199, ], [113: 171, ], [114: 182, 196, ], [115: 159, ], [116: 141, 194, ], [117: 113, ], [118: 174, ], ]
edge deletions: 321
edge additions: 38
vertex splittings: 189
cost of solution: 548
time used on iteration: 50.0821
best solution found at iteration 896
------------------
iteration 1: [[0: 0, 6, 7, 12, 24, 26, 27, 37, 54, ], [1: 0, 3, 4, 6, 7, 10, 11, 13, 14, 16, 21, 27, 30, 34, ], [2: 3, 41, 46, 47, 59, 60, 73, ], [3: 1, 6, 21, 40, 45, 86, ], [4: 17, 25, 32, 43, 45, 53, ], [5: 55, 75, 126, ], [6: 20, 50, 93, 97, ], [7: 13, 28, 33, 43, 58, ], [8: 1, 4, 6, 9, 11, 17, 86, ], [9: 2, 3, 19, 21, 38, 39, ], [10: 8, 10, 11, 18, 60, 63, ], [11: 80, 85, 86, 88, 130, ], [12: 45, 103, 153, 165, ], [13: 5, 12, 16, 17, 39, 43, ], [14: 0, 24, 41, 81, ], [15: 10, 21, 46, 55, ], [16: 11, 27, 41, 64, ], [17: 9, 21, 22, 40, 44, ], [18: 12, 13, 17, 18, 30, 34, ], [19: 1, 2, 7, 8, 34, ], [20: 9, 30, 40, 55, 67, ], [21: 54, 56, 78, 95, 97, ], [22: 18, 23, 57, 66, 72, ], [23: 118, 127, 136, 142, ], [24: 12, 37, 75, 77, 89, ], [25: 6, 22, 109, 124, ], [26: 6, 7, 24, 34, 41, 42, ], [27: 4, 7, 15, 101, ], [28: 3, 21, 57, 114, ], [29: 59, 68, 96, 98, ], [30: 30, 31, 32, 51, 69, ], [31: 33, 60, 106, 108, 132, ], [32: 79, 81, 100, 103, ], [33: 36, 137, 149, 176, ], [34: 5, 19, 26, 49, 51, 91, ], [35: 15, 16, 18, 21, 38, ], [36: 29, 48, 49, 65, ], [37: 68, 117, 149, 175, ], [38: 31, 32, 35, 52, 55, 69, 89, ], [39: 13, 79, 139, ], [40: 16, 47, 73, 83, 192, ], [41: 5, 60, 84, 93, ], [42: 50, 52, 77, 89, ], [43: 2, 7, 61, 62, 123, ], [44: 3, 8, 15, 20, 21, 33, 63, ], [45: 14, 31, 35, 36, 80, 85, ], [46: 23, 28, 80, 107, ], [47: 18, 32, 34, 39, 131, ], [48: 96, 100, 117, 119, ], [49: 85, 125, 137, ], [50: 0, 1, 30, 31, 65, 103, ], [51: 34, 40, 67, 129, ], [52: 0, 65, 74, 90, ], [53: 54, 77, 133, 163, ], [54: 0, 2, 5, 7, 14, 20, 24, 29, ], [55: 60, 73, 100, 122, ], [56: 4, 24, 49, 59, ], [57: 52, 118, 164, 167, ], [58: 17, 39, 53, 76, ], [59: 4, 10, 31, 33, 35, ], [60: 23, 66, 82, 83, ], [61: 8, 23, 58, 83, ], [62: 11, 35, 44, 159, ], [63: 118, 121, 197, ], [64: 71, 78, 95, 102, ], [65: 117, 134, 135, ], [66: 8, 13, 151, ], [67: 9, 53, 129, ], [68: 72, 82, 92, ], [69: 16, 21, 22, 45, 46, 51, ], [70: 58, 78, 127, 180, ], [71: 35, 80, 143, ], [72: 18, 36, 53, 58, ], [73: 0, 75, 111, 182, ], [74: 12, 68, 69, ], [75: 1, 27, 152, 168, ], [76: 117, 146, 172, ], [77: 46, 122, 188, ], [78: 99, 115, ], [79: 42, 61, 112, ], [80: 142, 150, 164, 166, ], [81: 14, 36, 94, 131, ], [82: 11, 70, 87, 160, ], [83: 155, 157, 173, ], [84: 2, 16, 19, 71, ], [85: 26, 54, 138, ], [86: 38, 187, ], [87: 180, 199, ], [88: 38, 128, ], [89: 89, 169, ], [90: 100, 113, 117, ], [91: 88, 178, ], [92: 26, 186, ], [93: 71, 198, ], [94: 34, 184, ], [95: 74, 90, 162, ], [96: 16, 147, ], [97: 7, 189, ], [98: 173, 183, ], [99: 133, 193, ], [100: 7, 27, 179, ], [101: 70, 156, ], [102: 38, 154, ], [103: 59, 181, ], [104: 102, 104, ], [105: 13, 191, ], [106: 58, 170, ], [107: 81, 190, ], [108: 63, 161, ], [109: 114, 177, ], [110: 182, 196, ], [111: 6, 195, ], [112: 51, 158, ], [113: 142, 185, ], [114: 2, 3, 116, ], [115: 16, 120, ], [116: 110, 114, ], [117: 0, 26, 144, ], [118: 123, 145, ], [119: 74, 171, ], [120: 90, 140, ], [121: 105, 148, ], [122: 141, 194, ], [123: 174, ], ]
edge deletions: 208
edge additions: 67
vertex splittings: 275
cost of solution: 550
time used on iteration: 34.7906
best solution found at iteration 1943
------------------
iteration 2: [[0: 0, 2, 5, 7, 14, 20, 24, ], [1: 0, 1, 3, 7, 11, 27, 34, 41, ], [2: 8, 10, 11, 13, 14, 18, 21, 30, 34, 60, ], [3: 13, 28, 33, 43, 58, ], [4: 6, 7, 12, 24, 26, 27, 37, 54, ], [5: 5, 26, 49, 51, 91, ], [6: 0, 4, 12, 13, 16, 27, 30, 34, ], [7: 59, 68, 96, 98, ], [8: 3, 8, 15, 20, 33, 63, ], [9: 31, 32, 35, 52, 55, 69, ], [10: 5, 12, 16, 17, 39, 43, ], [11: 1, 4, 6, 9, 11, 17, 86, ], [12: 2, 3, 16, 19, 21, 38, 39, ], [13: 10, 55, 75, 111, 126, ], [14: 14, 31, 35, 36, 80, 85, ], [15: 58, 71, 78, 102, 127, ], [16: 12, 16, 71, 95, ], [17: 50, 52, 75, 77, 89, ], [18: 24, 41, 42, 64, 81, ], [19: 1, 6, 21, 40, 45, 86, ], [20: 0, 29, 48, 49, 65, ], [21: 3, 21, 57, 114, ], [22: 96, 100, 117, 119, ], [23: 18, 36, 53, ], [24: 18, 32, 39, 131, ], [25: 103, 153, 165, ], [26: 11, 87, 160, ], [27: 84, 127, 132, 136, 142, ], [28: 31, 65, 103, ], [29: 36, 131, 137, ], [30: 4, 15, 16, 21, 47, 83, ], [31: 4, 10, 31, 33, 35, ], [32: 8, 23, 58, 83, ], [33: 3, 4, 41, 46, 47, 59, 60, 73, ], [34: 52, 118, 142, 164, ], [35: 17, 25, 32, 43, 45, 53, ], [36: 137, 149, 176, ], [37: 20, 93, 97, ], [38: 80, 85, 86, 88, 130, ], [39: 18, 23, 57, 66, 72, ], [40: 73, 83, 192, ], [41: 11, 21, 28, 35, 63, ], [42: 0, 54, 90, ], [43: 42, 61, 112, ], [44: 39, 53, 76, ], [45: 117, 146, 172, ], [46: 30, 31, 32, 51, 69, ], [47: 9, 21, 22, 40, 44, ], [48: 7, 61, 62, 123, ], [49: 46, 122, 188, ], [50: 11, 44, 159, ], [51: 13, 79, 139, ], [52: 7, 8, 15, 101, ], [53: 0, 1, 3, 6, 7, 10, 30, 75, ], [54: 9, 30, 40, 55, 67, 129, ], [55: 64, 65, 74, ], [56: 28, 80, 107, ], [57: 74, 90, 162, ], [58: 12, 16, 18, 25, ], [59: 72, 82, 92, ], [60: 6, 22, 109, 124, ], [61: 27, 152, 168, ], [62: 33, 60, 106, 108, 132, ], [63: 117, 134, 135, ], [64: 99, 115, ], [65: 77, 133, 163, ], [66: 36, 68, 149, ], [67: 79, 100, 103, ], [68: 54, 56, 78, 95, 97, ], [69: 37, 101, 135, ], [70: 142, 150, 164, 166, ], [71: 118, 121, 197, ], [72: 0, 26, 144, ], [73: 16, 21, 22, 45, 46, 51, ], [74: 85, 125, 137, ], [75: 60, 73, 100, 122, ], [76: 6, 41, 68, ], [77: 11, 55, 70, ], [78: 143, ], [79: 68, 117, 175, ], [80: 24, 49, 59, ], [81: 155, 157, 173, ], [82: 94, ], [83: 161, ], [84: 113, ], [85: 187, ], [86: 184, ], [87: 193, ], [88: 170, ], [89: 156, ], [90: 189, ], [91: 171, ], [92: 195, ], [93: 169, ], [94: 178, ], [95: 104, ], [96: 179, ], [97: 154, ], [98: 116, ], [99: 177, ], [100: 147, ], [101: 167, ], [102: 140, ], [103: 185, ], [104: 120, ], [105: 151, ], [106: 198, ], [107: 110, ], [108: 158, ], [109: 186, ], [110: 183, ], [111: 138, ], [112: 181, ], [113: 145, ], [114: 190, ], [115: 191, ], [116: 128, ], [117: 180, 199, ], [118: 182, 196, ], [119: 105, 148, ], [120: 141, 194, ], [121: 174, ], ]
edge deletions: 300
edge additions: 45
vertex splittings: 203
cost of solution: 548
time used on iteration: 32.4949
best solution found at iteration 956
------------------
iteration 3: [[0: 3, 6, 8, 10, 11, 13, 14, 18, 21, 30, 34, 60, ], [1: 31, 32, 35, 52, 55, 69, ], [2: 5, 26, 49, 51, 91, ], [3: 0, 4, 12, 13, 16, 27, 30, 34, ], [4: 3, 41, 46, 47, 59, 60, 73, ], [5: 13, 28, 33, 43, 58, ], [6: 6, 7, 12, 24, 26, 27, 37, 54, ], [7: 0, 2, 3, 5, 7, 14, 20, 21, ], [8: 28, 80, 107, ], [9: 2, 3, 16, 19, 21, 38, 39, ], [10: 5, 12, 16, 17, 39, 43, ], [11: 50, 52, 75, 77, 89, ], [12: 9, 21, 30, 40, 55, 67, ], [13: 80, 85, 86, 88, 130, ], [14: 54, 56, 95, 97, ], [15: 18, 32, 39, 131, ], [16: 3, 8, 15, 20, 33, 63, ], [17: 14, 31, 35, 36, 80, 85, ], [18: 4, 10, 31, 33, 35, ], [19: 16, 83, 192, ], [20: 0, 2, 14, 24, 29, ], [21: 18, 23, 57, 66, 72, ], [22: 11, 21, 28, 35, 63, ], [23: 118, 127, 136, 142, ], [24: 41, 64, 65, 81, ], [25: 33, 60, 106, 108, 132, ], [26: 118, 121, 197, ], [27: 29, 48, 49, 65, ], [28: 6, 7, 41, 42, ], [29: 13, 79, 139, ], [30: 34, 40, 67, 129, ], [31: 16, 21, 45, 46, 51, ], [32: 103, 153, 165, ], [33: 10, 55, 75, 111, 126, ], [34: 5, 60, 84, ], [35: 7, 8, 15, 101, ], [36: 182, 196, ], [37: 0, 1, 11, 27, 41, ], [38: 30, 31, 32, 51, 69, ], [39: 0, 1, 6, 7, 10, 30, 75, ], [40: 3, 21, 57, 114, ], [41: 1, 4, 15, 21, 86, ], [42: 11, 55, 70, ], [43: 60, 73, 100, 122, ], [44: 17, 25, 32, 43, 45, 53, ], [45: 24, 34, 39, 41, ], [46: 8, 23, 58, 83, ], [47: 4, 24, 59, ], [48: 96, 100, 117, 119, ], [49: 58, 78, 180, ], [50: 6, 22, 109, 124, ], [51: 15, 16, 18, 38, ], [52: 2, 34, 61, ], [53: 59, 68, 96, 98, ], [54: 66, 82, 83, ], [55: 65, 79, 81, 103, ], [56: 85, 125, 137, ], [57: 27, 152, 168, ], [58: 42, 61, 112, ], [59: 117, 134, 135, ], [60: 142, 150, 164, 166, ], [61: 117, 146, 172, ], [62: 46, 122, 188, ], [63: 20, 93, 97, ], [64: 71, 78, 95, 102, ], [65: 1, 6, 9, 17, 22, 40, 45, ], [66: 68, 149, 175, ], [67: 11, 87, 160, ], [68: 137, 149, 176, ], [69: 72, 82, 92, ], [70: 7, 11, 17, 26, 34, ], [71: 52, 118, 167, ], [72: 4, 6, 46, ], [73: 9, 11, 44, 64, ], [74: 0, 65, 74, 81, 90, ], [75: 7, 61, 62, 123, ], [76: 39, 53, 76, ], [77: 99, 115, ], [78: 77, 133, 163, ], [79: 37, 89, 135, ], [80: 18, 36, 68, ], [81: 155, 157, 173, ], [82: 0, 26, 144, ], [83: 90, 162, ], [84: 105, ], [85: 161, ], [86: 141, 194, ], [87: 151, ], [88: 198, ], [89: 154, ], [90: 116, ], [91: 181, ], [92: 140, ], [93: 189, ], [94: 179, ], [95: 183, ], [96: 199, ], [97: 195, ], [98: 186, ], [99: 113, ], [100: 170, ], [101: 191, ], [102: 177, ], [103: 145, ], [104: 185, ], [105: 178, ], [106: 148, ], [107: 190, ], [108: 138, ], [109: 169, ], [110: 120, ], [111: 193, ], [112: 171, ], [113: 184, ], [114: 104, ], [115: 147, ], [116: 187, ], [117: 128, ], [118: 94, ], [119: 159, ], [120: 156, ], [121: 143, ], [122: 110, ], [123: 158, ], [124: 174, ], ]
edge deletions: 311
edge additions: 35
vertex splittings: 202
cost of solution: 548
time used on iteration: 37.5526
best solution found at iteration 1153
------------------
iteration 4: [[0: 0, 2, 5, 7, 14, 20, ], [1: 3, 6, 8, 10, 11, 13, 14, 18, 21, 30, 60, ], [2: 1, 11, 27, 34, 41, ], [3: 4, 10, 21, 33, 35, 60, 63, ], [4: 5, 19, 26, 49, 51, 91, ], [5: 0, 3, 4, 7, 11, 12, 13, 16, 17, 27, 30, 34, ], [6: 13, 28, 33, 43, 58, ], [7: 2, 3, 16, 19, 21, 38, 39, ], [8: 9, 21, 30, 40, 55, 67, ], [9: 14, 31, 35, 36, 80, 85, ], [10: 17, 39, 53, 76, ], [11: 0, 41, 64, 65, 74, 81, 90, ], [12: 3, 5, 12, 16, 17, 39, 43, ], [13: 11, 32, 35, 52, 55, ], [14: 1, 6, 9, 17, 22, 40, 45, 86, ], [15: 3, 41, 46, 47, 59, 60, 73, ], [16: 0, 1, 4, 6, 10, 30, 31, 75, ], [17: 31, 52, 55, 69, 75, 89, ], [18: 54, 56, 78, 95, 97, ], [19: 8, 23, 58, 83, ], [20: 33, 60, 106, 108, 132, ], [21: 59, 68, 96, 98, ], [22: 68, 117, 149, 175, ], [23: 16, 21, 45, 46, 51, ], [24: 18, 32, 34, 39, 131, ], [25: 96, 100, 117, 119, ], [26: 27, 152, 168, ], [27: 11, 70, 87, 160, ], [28: 17, 25, 32, 43, 45, 53, ], [29: 18, 23, 57, 66, 72, 82, ], [30: 23, 28, 80, 107, ], [31: 6, 7, 12, 24, 26, 27, 37, 54, ], [32: 117, 134, 135, ], [33: 3, 21, 57, 114, ], [34: 4, 24, 59, ], [35: 9, 11, 44, 64, ], [36: 65, 79, 81, 103, ], [37: 4, 7, 15, 101, ], [38: 11, 21, 57, 63, 86, ], [39: 118, 127, 136, 142, ], [40: 12, 37, 75, 77, 89, ], [41: 0, 2, 14, 24, 29, 34, ], [42: 30, 31, 32, 33, 51, 69, ], [43: 10, 46, 55, 126, ], [44: 142, 150, 164, 166, ], [45: 36, 137, 149, 176, ], [46: 80, 85, 86, 88, 130, ], [47: 3, 8, 15, 20, 21, 33, 63, ], [48: 46, 122, 188, ], [49: 1, 7, 8, 10, 21, 34, ], [50: 34, 40, 67, 129, ], [51: 60, 73, 100, 122, ], [52: 20, 50, 93, 97, ], [53: 6, 7, 24, 41, 42, ], [54: 117, 146, 172, ], [55: 29, 48, 49, 65, ], [56: 1, 45, 103, 153, 165, ], [57: 12, 16, 71, 75, 95, ], [58: 6, 22, 109, 124, ], [59: 52, 118, 164, 167, ], [60: 50, 52, 77, 89, ], [61: 54, 77, 133, 163, ], [62: 16, 47, 73, 83, 192, ], [63: 2, 7, 61, 62, 123, ], [64: 58, 71, 78, 180, ], [65: 12, 16, 17, 18, 25, ], [66: 99, 115, ], [67: 118, 121, 197, ], [68: 85, 125, 137, ], [69: 75, 111, 126, 182, ], [70: 155, 157, 173, ], [71: 5, 60, 84, 93, ], [72: 42, 61, 112, ], [73: 0, 26, 144, ], [74: 0, 24, 49, 54, ], [75: 14, 36, 94, ], [76: 38, 187, ], [77: 57, 72, 82, 92, ], [78: 11, 44, 159, ], [79: 182, 196, ], [80: 70, 156, ], [81: 38, 128, ], [82: 6, 195, ], [83: 114, 177, ], [84: 142, 185, ], [85: 180, 199, ], [86: 89, 169, ], [87: 91, 139, ], [88: 81, 190, ], [89: 2, 3, 116, ], [90: 133, 193, ], [91: 59, 181, ], [92: 123, 145, ], [93: 38, 154, ], [94: 88, 178, ], [95: 8, 13, 151, ], [96: 51, 158, ], [97: 58, 170, ], [98: 7, 27, 179, ], [99: 80, 130, 143, ], [100: 26, 54, 138, ], [101: 90, 140, ], [102: 74, 171, ], [103: 7, 189, ], [104: 71, 198, ], [105: 13, 191, ], [106: 26, 186, ], [107: 16, 147, ], [108: 16, 120, ], [109: 110, 114, ], [110: 34, 184, ], [111: 74, 90, 162, ], [112: 63, 161, ], [113: 102, 104, ], [114: 105, 148, ], [115: 100, 113, 117, ], [116: 141, 194, ], [117: 173, 183, ], [118: 174, ], ]
edge deletions: 208
edge additions: 76
vertex splittings: 267
cost of solution: 551
time used on iteration: 34.0271
best solution found at iteration 843
------------------
