instance: ../../../../../Master/Testsets/facebook_friends/facebook_friends.gr
nodes: 362
edges: 1988
runs: 5
operations per iteration: 100000
best solution:
[[2: 2, ], [4: 0, 4, 25, 58, 60, 91, 94, 96, 111, 119, 136, 146, 163, 177, 203, 213, 246, 252, 253, 301, 311, 320, 328, ], [5: 28, 61, 250, 302, 311, ], [7: 9, 133, 134, 139, 148, 215, 254, 350, ], [9: 9, 38, 69, 73, 83, 97, 137, 139, 148, 192, 229, 350, ], [14: 14, ], [15: 69, 97, 134, 148, 231, 254, 274, 353, ], [20: 20, ], [27: 27, ], [33: 33, 40, 69, 79, 85, 139, 148, 191, 229, 255, 258, 297, 318, 336, ], [42: 42, 69, 83, 133, 137, 141, 196, 215, 229, 233, 254, 324, 359, ], [63: 15, 34, 44, 83, 117, 137, 148, ], [65: 71, 75, 128, 164, 168, 181, 188, 214, 221, 294, 319, 323, 340, 346, ], [66: 66, ], [70: 70, ], [95: 95, ], [105: 105, 244, ], [110: 9, 69, 137, 148, 233, 282, 341, 350, ], [151: 23, 76, 90, 99, 101, 130, 131, 151, 164, 175, 181, 214, 221, 245, 288, 346, ], [165: 165, ], [193: 138, 139, 193, 226, 240, 278, 359, ], [197: 197, ], [202: 53, 65, 68, 75, 128, 130, 131, 164, 176, 188, 202, 214, 262, 310, ], [205: 50, 205, ], [206: 29, 53, 90, 99, 151, 175, 181, 232, 288, ], [222: 108, 121, 126, 235, 267, 282, 316, 330, ], [245: 53, 65, 98, 130, 131, 164, 168, 181, 202, 294, 310, 319, 327, 340, ], [265: 39, 44, 82, 125, 127, 134, 174, 265, 266, 343, ], [286: 158, 175, 286, 288, 340, ], [289: 289, ], [323: 114, 130, 176, 202, 323, ], [329: 55, 107, 115, 153, 241, 270, 329, ], [345: 345, ], [347: 132, 347, ], [349: 349, ], [352: 352, ], [360: 360, ], [461: 161, 254, 282, 341, 353, 359, ], [498: 65, 71, 75, 130, 131, 210, 232, 262, 310, 340, ], [520: 1, 65, 164, 210, 227, 319, 340, ], [592: 1, 262, 288, 294, 310, ], [606: 65, 76, 131, 206, 288, 319, 323, ], [613: 32, 148, 149, 191, 297, 350, 355, ], [693: 3, 17, 123, 134, 179, 195, 259, 266, ], [750: 57, 80, 106, 155, 159, 166, 186, 224, 228, 230, 238, 243, 271, 334, ], [774: 25, 83, 111, 136, 311, 328, 354, ], [801: 44, 72, 148, 198, 226, 240, 350, 359, ], [896: 9, 15, 97, 141, 233, 274, ], [904: 9, 33, 35, 44, 69, 116, 126, 137, 139, 148, 191, 226, 350, 359, ], [1015: 34, 186, 212, 325, ], [1028: 78, 93, 143, 208, 209, 321, ], [1039: 44, 108, 121, 222, 235, 248, 330, 339, ], [1095: 74, 166, 230, 280, 317, 321, ], [1156: 73, 192, 223, 233, ], [1247: 134, 137, 226, 229, 336, ], [1280: 51, 134, 145, 216, 292, 361, ], [1290: 5, 250, 293, ], [1356: 19, 134, 331, ], [1563: 15, 134, 192, 237, 266, 350, 359, ], [1596: 5, 247, 275, 314, 338, ], [1617: 11, 21, 157, 249, 298, 306, ], [1620: 10, 49, 102, 186, 279, ], [1687: 120, 182, 207, 295, 348, ], [1709: 6, 251, 309, 330, ], [1890: 38, 126, 134, 343, ], [1911: 43, 110, 147, 148, 297, 355, ], [1936: 4, 60, 91, 163, 177, 213, 342, 354, ], [1949: 34, 41, 83, 134, 192, 260, 350, ], [1961: 48, 52, 77, 117, ], [1999: 49, 106, 186, 304, 317, ], [2014: 44, 45, 355, 359, ], [2040: 13, 117, 304, 337, ], [2131: 62, 134, 216, 218, 292, ], [2156: 38, 44, 118, 211, 335, ], [2174: 46, 144, 147, 183, 184, ], [2175: 8, 58, 60, 91, 94, 239, 328, ], [2179: 15, 69, 139, 254, 260, ], [2186: 63, 89, 117, 273, 299, ], [2224: 61, 287, 295, 314, ], [2257: 83, 170, 346, ], [2266: 191, 261, 344, 355, ], [2272: 32, 229, 254, 336, ], [2275: 41, 134, 234, 266, 269, ], [2279: 41, 44, 103, ], [2308: 305, 308, 332, ], [2329: 194, 199, 350, ], [2381: 69, 142, 311, ], [2399: 113, 150, 219, ], [2406: 10, 303, 304, ], [2416: 164, 202, 232, 286, ], [2426: 41, 178, 326, ], [2480: 190, 256, 276, ], [2485: 7, 64, 162, 242, 304, 356, ], [2502: 37, 315, ], [2513: 68, 168, 185, ], [2591: 264, 283, 317, 321, ], [2594: 24, 87, ], [2598: 59, 81, ], [2609: 22, 92, ], [2621: 117, 187, 204, 337, ], [2622: 201, 263, 330, ], [2627: 9, 117, 134, 290, 359, ], [2635: 68, 101, 310, 346, ], [2640: 293, 311, 314, ], [2653: 41, 88, 122, ], [2658: 110, 134, 156, ], [2673: 34, 243, 304, 334, ], [2676: 98, 128, 210, 294, 323, ], [2689: 31, 36, 124, 171, 340, ], [2690: 173, 284, 330, ], [2705: 134, 140, 225, ], [2736: 100, 160, ], [2762: 148, 180, 261, ], [2786: 67, 129, ], [2806: 47, 112, 113, 304, ], [2813: 152, 291, ], [2814: 26, 30, 200, 359, ], [2870: 18, 148, 296, 359, ], [2948: 218, 313, ], [2962: 16, 167, ], [3017: 12, 233, ], [3024: 31, 164, 206, 310, ], [3030: 285, ], [3031: 148, 300, 346, ], [3033: 281, ], [3035: 272, ], [3037: 257, ], [3040: 236, ], [3041: 169, 190, ], [3042: 177, 358, ], [3045: 217, ], [3047: 104, ], [3048: 268, ], [3050: 135, ], [3051: 351, ], [3057: 307, ], [3058: 28, 154, ], [3059: 31, 54, 65, ], [3060: 322, ], [3061: 220, ], [3062: 86, ], [3063: 277, ], [3064: 172, ], [3065: 189, ], [3066: 56, ], [3067: 84, 190, ], [3068: 312, 357, ], [3069: 333, ], [3070: 109, ], ]
cost of best solution: 762
average cost of solutions: 767.2
average last operation finding best solution: 71251.2
average runtime: 50.2674
------------------
average time of add_all_nodes_to_neighbours: 0
average time of random_choice_split: 0
average time of weighted_random_merge: 0
average time of label_propagation_round 0
average time of remove_nodes_ 0
average time of add_node_to_all 0
------------------
average improvement of add_all_nodes_to_neighbours -0.0789755
per second: -inf
average improvement of random_choice_split 0.127881
per second: inf
average improvement of weighted_random_merge -0.251627
per second: -inf
average improvement of label_propagation_round 0.0637463
per second: inf
average improvement of remove_nodes_ 0.238434
per second: inf
average improvement of add_node_to_all 0.26614
per second: inf
all solutions:
------------------
iteration 0: [[2: 2, ], [4: 0, 4, 25, 58, 60, 91, 94, 96, 111, 119, 136, 146, 163, 177, 203, 213, 246, 252, 253, 301, 311, 320, 328, ], [9: 9, 35, 38, 69, 73, 83, 97, 137, 139, 148, 192, 229, 254, 350, 359, ], [14: 14, ], [15: 141, 196, 231, 233, 254, ], [20: 20, ], [27: 27, ], [33: 33, 40, 69, 79, 85, 139, 148, 191, 229, 255, 258, 297, 318, 336, ], [36: 65, 76, 206, 288, 319, 323, ], [50: 50, 205, ], [55: 55, 107, 115, 153, 241, 270, 329, ], [66: 66, ], [70: 70, ], [71: 53, 65, 98, 164, 168, 181, 294, 319, 327, ], [95: 95, ], [108: 9, 133, 137, 148, 215, 233, 282, 341, 350, ], [116: 9, 33, 44, 69, 116, 126, 137, 139, 148, 191, 226, 350, 359, ], [165: 165, ], [197: 197, ], [200: 15, 134, 192, 237, 254, 260, 266, 350, 359, ], [202: 29, 53, 90, 99, 151, 175, 181, 232, 288, ], [210: 23, 130, 131, 158, 175, 214, 327, 340, ], [212: 57, 106, 155, 159, 166, 186, 224, 228, 230, 238, 243, 271, 334, ], [215: 15, 34, 44, 83, 117, 134, 137, 148, 350, ], [229: 42, 69, 133, 196, 215, 229, 254, 324, 359, ], [240: 138, 139, 193, 226, 240, 278, 359, ], [244: 105, 244, ], [288: 23, 76, 90, 99, 101, 130, 131, 151, 164, 181, 214, 221, 245, 288, 346, ], [289: 289, ], [316: 44, 108, 121, 222, 235, 248, 330, 339, ], [340: 53, 65, 68, 71, 75, 128, 130, 131, 164, 168, 176, 181, 188, 202, 214, 221, 262, 294, 310, 319, 323, 340, 346, ], [345: 345, ], [347: 132, 347, ], [349: 349, ], [352: 352, ], [360: 360, ], [442: 108, 121, 126, 235, 267, 282, 316, 330, ], [445: 97, 134, 148, 231, 274, 353, ], [477: 43, 110, 147, 148, 297, 355, ], [537: 11, 21, 157, 249, 298, 306, ], [563: 9, 15, 69, 97, 141, 233, 274, ], [569: 39, 44, 82, 125, 127, 134, 174, 265, 266, 343, ], [778: 98, 114, 128, 130, 131, 210, 262, 323, 340, ], [786: 31, 164, 206, 210, 310, 340, ], [797: 73, 192, 223, 233, ], [847: 74, 166, 230, 280, 283, 317, 321, ], [859: 1, 65, 210, 227, 319, ], [1013: 69, 83, 133, 134, 139, 215, 260, ], [1015: 35, 38, 44, 126, 134, 226, 229, ], [1027: 1, 164, 232, 262, 286, 288, 310, 340, ], [1040: 69, 161, 254, 282, 341, 353, 359, ], [1187: 78, 93, 143, 208, 209, 321, ], [1195: 41, 134, 234, 266, 269, ], [1227: 51, 134, 145, 216, 292, 361, ], [1251: 42, 83, 137, 141, 324, ], [1341: 32, 148, 149, 191, 297, 350, 355, 359, ], [1344: 48, 52, 77, 117, ], [1354: 10, 49, 102, 186, 279, ], [1358: 191, 261, 344, 355, ], [1387: 44, 72, 148, 198, 226, 240, 350, 359, ], [1449: 34, 41, 83, 346, ], [1525: 3, 17, 123, 134, 179, 195, 259, 266, ], [1550: 120, 182, 207, 295, 348, ], [1556: 28, 61, 250, 302, 311, ], [1708: 38, 44, 118, 211, 335, ], [1758: 19, 62, 134, 216, 218, 331, ], [1760: 31, 36, 124, 171, 340, ], [1805: 46, 144, 147, 183, 184, ], [1920: 58, 60, 91, 94, 239, 252, 320, 342, ], [1924: 13, 34, 117, 304, ], [1942: 134, 140, 225, ], [1988: 80, 106, 159, 166, 212, 334, ], [2010: 110, 134, 156, ], [2027: 190, 256, 276, ], [2091: 154, ], [2121: 49, 106, 186, 243, 304, 317, ], [2166: 295, 338, 357, ], [2171: 148, 170, 300, 346, ], [2199: 10, 303, 304, ], [2222: 41, 44, 103, ], [2223: 148, 180, 261, ], [2239: 41, 178, 326, ], [2246: 5, 247, 275, 314, 338, ], [2283: 6, 251, 309, 330, ], [2378: 44, 45, 355, ], [2399: 328, 358, ], [2432: 147, 304, 337, ], [2448: 41, 88, 122, ], [2452: 152, 291, ], [2456: 9, 134, 290, ], [2463: 137, 142, 174, ], [2482: 112, 113, 304, ], [2498: 34, 186, 212, 325, ], [2502: 7, 64, 162, 242, 304, 356, ], [2524: 63, 87, 89, 117, 273, 299, ], [2527: 31, 54, 65, ], [2531: 69, 142, 311, ], [2532: 185, 210, 232, ], [2536: 201, 263, 330, ], [2552: 18, 148, 296, 359, ], [2553: 59, 81, ], [2568: 100, 160, ], [2577: 5, 250, 293, ], [2584: 217, ], [2593: 265, 285, ], [2594: 209, 264, 317, ], [2603: 47, 113, 150, 219, ], [2606: 25, 60, 83, 91, 111, 136, 311, 328, 354, ], [2622: 194, 199, 350, ], [2625: 29, 128, 288, 294, ], [2628: 322, ], [2631: 61, 287, 295, 314, ], [2659: 272, ], [2661: 37, 315, ], [2662: 220, ], [2664: 26, 30, 200, 359, ], [2667: 16, 167, ], [2675: 104, ], [2676: 312, ], [2681: 117, 187, 204, 337, ], [2683: 268, ], [2685: 169, ], [2686: 305, 308, 332, ], [2688: 8, 301, ], [2689: 189, ], [2690: 44, 161, 267, ], [2691: 67, 129, ], [2694: 257, ], [2696: 86, ], [2700: 22, 92, ], [2704: 173, 284, 330, ], [2707: 277, ], [2709: 307, ], [2710: 84, 243, ], [2711: 333, ], [2712: 172, ], [2713: 236, 267, ], [2714: 12, 233, ], [2715: 109, ], [2716: 313, ], [2717: 56, 266, 269, ], [2718: 135, 224, ], [2719: 24, ], [2720: 281, ], [2721: 351, ], ]
edge deletions: 316
edge additions: 178
vertex splittings: 276
cost of solution: 770
time used on iteration: 46.9872
best solution found at iteration 50608
EQ: 0.486732
iteration 1: [[2: 2, ], [4: 0, 4, 25, 58, 60, 91, 94, 96, 111, 119, 136, 146, 163, 177, 203, 213, 246, 252, 253, 301, 311, 320, 328, ], [5: 28, 61, 250, 302, 311, ], [7: 9, 133, 134, 139, 148, 215, 254, 350, ], [9: 9, 38, 69, 73, 83, 97, 137, 139, 148, 192, 229, 350, ], [14: 14, ], [15: 69, 97, 134, 148, 231, 254, 274, 353, ], [20: 20, ], [27: 27, ], [33: 33, 40, 69, 79, 85, 139, 148, 191, 229, 255, 258, 297, 318, 336, ], [42: 42, 69, 83, 133, 137, 141, 196, 215, 229, 233, 254, 324, 359, ], [63: 15, 34, 44, 83, 117, 137, 148, ], [65: 71, 75, 128, 164, 168, 181, 188, 214, 221, 294, 319, 323, 340, 346, ], [66: 66, ], [70: 70, ], [95: 95, ], [105: 105, 244, ], [110: 9, 69, 137, 148, 233, 282, 341, 350, ], [151: 23, 76, 90, 99, 101, 130, 131, 151, 164, 175, 181, 214, 221, 245, 288, 346, ], [165: 165, ], [193: 138, 139, 193, 226, 240, 278, 359, ], [197: 197, ], [202: 53, 65, 68, 75, 128, 130, 131, 164, 176, 188, 202, 214, 262, 310, ], [205: 50, 205, ], [206: 29, 53, 90, 99, 151, 175, 181, 232, 288, ], [222: 108, 121, 126, 235, 267, 282, 316, 330, ], [245: 53, 65, 98, 130, 131, 164, 168, 181, 202, 294, 310, 319, 327, 340, ], [265: 39, 44, 82, 125, 127, 134, 174, 265, 266, 343, ], [286: 158, 175, 286, 288, 340, ], [289: 289, ], [323: 114, 130, 176, 202, 323, ], [329: 55, 107, 115, 153, 241, 270, 329, ], [345: 345, ], [347: 132, 347, ], [349: 349, ], [352: 352, ], [360: 360, ], [461: 161, 254, 282, 341, 353, 359, ], [498: 65, 71, 75, 130, 131, 210, 232, 262, 310, 340, ], [520: 1, 65, 164, 210, 227, 319, 340, ], [592: 1, 262, 288, 294, 310, ], [606: 65, 76, 131, 206, 288, 319, 323, ], [613: 32, 148, 149, 191, 297, 350, 355, ], [693: 3, 17, 123, 134, 179, 195, 259, 266, ], [750: 57, 80, 106, 155, 159, 166, 186, 224, 228, 230, 238, 243, 271, 334, ], [774: 25, 83, 111, 136, 311, 328, 354, ], [801: 44, 72, 148, 198, 226, 240, 350, 359, ], [896: 9, 15, 97, 141, 233, 274, ], [904: 9, 33, 35, 44, 69, 116, 126, 137, 139, 148, 191, 226, 350, 359, ], [1015: 34, 186, 212, 325, ], [1028: 78, 93, 143, 208, 209, 321, ], [1039: 44, 108, 121, 222, 235, 248, 330, 339, ], [1095: 74, 166, 230, 280, 317, 321, ], [1156: 73, 192, 223, 233, ], [1247: 134, 137, 226, 229, 336, ], [1280: 51, 134, 145, 216, 292, 361, ], [1290: 5, 250, 293, ], [1356: 19, 134, 331, ], [1563: 15, 134, 192, 237, 266, 350, 359, ], [1596: 5, 247, 275, 314, 338, ], [1617: 11, 21, 157, 249, 298, 306, ], [1620: 10, 49, 102, 186, 279, ], [1687: 120, 182, 207, 295, 348, ], [1709: 6, 251, 309, 330, ], [1890: 38, 126, 134, 343, ], [1911: 43, 110, 147, 148, 297, 355, ], [1936: 4, 60, 91, 163, 177, 213, 342, 354, ], [1949: 34, 41, 83, 134, 192, 260, 350, ], [1961: 48, 52, 77, 117, ], [1999: 49, 106, 186, 304, 317, ], [2014: 44, 45, 355, 359, ], [2040: 13, 117, 304, 337, ], [2131: 62, 134, 216, 218, 292, ], [2156: 38, 44, 118, 211, 335, ], [2174: 46, 144, 147, 183, 184, ], [2175: 8, 58, 60, 91, 94, 239, 328, ], [2179: 15, 69, 139, 254, 260, ], [2186: 63, 89, 117, 273, 299, ], [2224: 61, 287, 295, 314, ], [2257: 83, 170, 346, ], [2266: 191, 261, 344, 355, ], [2272: 32, 229, 254, 336, ], [2275: 41, 134, 234, 266, 269, ], [2279: 41, 44, 103, ], [2308: 305, 308, 332, ], [2329: 194, 199, 350, ], [2381: 69, 142, 311, ], [2399: 113, 150, 219, ], [2406: 10, 303, 304, ], [2416: 164, 202, 232, 286, ], [2426: 41, 178, 326, ], [2480: 190, 256, 276, ], [2485: 7, 64, 162, 242, 304, 356, ], [2502: 37, 315, ], [2513: 68, 168, 185, ], [2591: 264, 283, 317, 321, ], [2594: 24, 87, ], [2598: 59, 81, ], [2609: 22, 92, ], [2621: 117, 187, 204, 337, ], [2622: 201, 263, 330, ], [2627: 9, 117, 134, 290, 359, ], [2635: 68, 101, 310, 346, ], [2640: 293, 311, 314, ], [2653: 41, 88, 122, ], [2658: 110, 134, 156, ], [2673: 34, 243, 304, 334, ], [2676: 98, 128, 210, 294, 323, ], [2689: 31, 36, 124, 171, 340, ], [2690: 173, 284, 330, ], [2705: 134, 140, 225, ], [2736: 100, 160, ], [2762: 148, 180, 261, ], [2786: 67, 129, ], [2806: 47, 112, 113, 304, ], [2813: 152, 291, ], [2814: 26, 30, 200, 359, ], [2870: 18, 148, 296, 359, ], [2948: 218, 313, ], [2962: 16, 167, ], [3017: 12, 233, ], [3024: 31, 164, 206, 310, ], [3030: 285, ], [3031: 148, 300, 346, ], [3033: 281, ], [3035: 272, ], [3037: 257, ], [3040: 236, ], [3041: 169, 190, ], [3042: 177, 358, ], [3045: 217, ], [3047: 104, ], [3048: 268, ], [3050: 135, ], [3051: 351, ], [3057: 307, ], [3058: 28, 154, ], [3059: 31, 54, 65, ], [3060: 322, ], [3061: 220, ], [3062: 86, ], [3063: 277, ], [3064: 172, ], [3065: 189, ], [3066: 56, ], [3067: 84, 190, ], [3068: 312, 357, ], [3069: 333, ], [3070: 109, ], ]
edge deletions: 322
edge additions: 144
vertex splittings: 296
cost of solution: 762
time used on iteration: 52.0871
best solution found at iteration 79579
EQ: 0.472577
iteration 2: [[2: 2, ], [3: 9, 133, 148, 215, 229, 233, 359, ], [4: 0, 4, 25, 58, 60, 91, 94, 96, 111, 119, 136, 146, 163, 177, 203, 213, 246, 252, 253, 301, 311, 320, 328, 354, ], [9: 9, 38, 69, 73, 83, 97, 137, 139, 148, 192, 229, 350, 359, ], [14: 14, ], [20: 20, ], [23: 23, 76, 90, 99, 101, 130, 131, 151, 164, 181, 214, 221, 245, 288, 346, ], [27: 27, ], [33: 33, 40, 69, 79, 85, 139, 148, 191, 229, 255, 258, 297, 318, 336, ], [57: 57, 106, 155, 159, 166, 186, 224, 228, 230, 238, 243, 271, 334, ], [63: 23, 130, 131, 158, 175, 181, 214, 288, 340, ], [66: 66, ], [69: 69, 137, 148, 233, 282, 341, 350, ], [70: 70, ], [76: 65, 76, 164, 206, 227, 288, 319, 323, ], [95: 95, ], [126: 44, 108, 121, 222, 235, 248, 330, 339, ], [128: 71, 75, 128, 168, 181, 188, 214, 221, 294, 319, 323, 340, 346, ], [139: 44, 72, 148, 198, 226, 240, 350, 359, ], [141: 83, 97, 134, 148, 231, 254, 274, 353, ], [153: 55, 107, 115, 153, 241, 270, 329, ], [165: 165, ], [193: 138, 139, 193, 226, 240, 278, 359, ], [197: 197, ], [205: 50, 205, ], [214: 29, 53, 90, 99, 151, 175, 181, 214, 232, 288, ], [223: 9, 161, 254, 282, 341, 353, 359, ], [226: 9, 33, 35, 44, 69, 116, 126, 137, 139, 148, 191, 226, 350, 359, ], [244: 105, 244, ], [266: 15, 134, 192, 237, 266, 350, 359, ], [286: 53, 65, 68, 71, 75, 130, 131, 164, 176, 188, 202, 214, 232, 262, 310, ], [289: 289, ], [324: 42, 69, 83, 133, 137, 141, 196, 215, 229, 254, 324, ], [343: 39, 44, 82, 125, 127, 134, 174, 265, 266, 343, ], [345: 345, ], [347: 132, 347, ], [349: 349, ], [352: 352, ], [360: 360, ], [371: 9, 15, 69, 97, 137, 141, 233, 254, 274, ], [379: 43, 110, 147, 148, 297, 355, ], [388: 1, 65, 128, 164, 210, 262, 288, 294, 310, ], [416: 114, 128, 176, 202, 214, 323, ], [477: 32, 148, 149, 191, 297, 355, ], [480: 44, 108, 121, 126, 235, 267, 282, 316, 330, ], [592: 15, 34, 44, 83, 117, 134, 137, 148, 350, ], [708: 98, 164, 202, 262, 286, 340, ], [826: 10, 49, 102, 186, 279, ], [870: 69, 133, 134, 139, 215, 254, 260, 350, 359, ], [982: 78, 93, 143, 208, 209, 317, 321, ], [1085: 34, 186, 212, 325, ], [1104: 61, 287, 295, 314, ], [1223: 48, 52, 77, 117, ], [1242: 11, 21, 157, 249, 298, 306, ], [1254: 38, 126, 134, 278, 343, 350, ], [1342: 49, 106, 186, 304, 317, ], [1372: 3, 17, 123, 134, 179, 195, 259, 266, ], [1405: 51, 134, 145, 216, 292, 361, ], [1523: 120, 182, 207, 295, 348, ], [1610: 44, 45, 355, 359, ], [1667: 46, 144, 147, 183, ], [1723: 6, 251, 309, 330, ], [1744: 73, 192, 223, 233, ], [1749: 38, 44, 118, 211, 335, ], [1798: 80, 106, 159, 166, 186, 212, 334, ], [1831: 191, 261, 344, 355, ], [1851: 19, 62, 134, 216, 218, 331, ], [1869: 185, 210, 232, 340, ], [1890: 74, 166, 230, 280, 283, 317, 321, ], [1970: 31, 36, 124, 171, 340, ], [1995: 28, 61, 250, 302, 311, ], [2050: 83, 148, 170, 221, 346, ], [2092: 31, 164, 206, 210, 310, 319, ], [2097: 47, 112, 113, 304, ], [2111: 13, 117, 304, 337, ], [2121: 53, 65, 98, 128, 130, 131, 168, 181, 202, 294, 310, 319, 327, 340, ], [2141: 110, 134, 148, 156, ], [2149: 65, 68, 168, 214, 221, 327, ], [2186: 8, 58, 60, 91, 94, 177, 239, 252, 342, ], [2207: 9, 117, 134, 290, 359, ], [2290: 41, 134, 234, 266, 269, ], [2292: 16, 305, 308, 332, ], [2437: 41, 178, 326, ], [2447: 102, 264, 321, ], [2449: 194, 199, 350, ], [2463: 31, 54, 65, ], [2477: 63, 87, 89, 117, 273, 299, ], [2496: 134, 140, 225, ], [2502: 7, 64, 162, 242, 304, 356, ], [2513: 41, 44, 103, 134, ], [2538: 190, 256, 276, ], [2552: 32, 69, 229, 254, 336, ], [2590: 5, 247, 275, 314, 338, 357, ], [2603: 134, 137, 226, 229, 336, ], [2605: 34, 243, 304, 334, ], [2616: 141, 196, 231, 233, ], [2631: 201, 263, 330, ], [2651: 152, 291, ], [2694: 173, 284, 330, ], [2708: 67, 129, ], [2713: 10, 271, 303, 304, ], [2720: 293, 311, 314, ], [2745: 148, 180, 261, ], [2763: 34, 41, 83, 192, 260, 350, ], [2764: 18, 148, 296, 359, ], [2793: 69, 142, 311, ], [2805: 37, 315, ], [2806: 113, 150, 219, ], [2821: 41, 88, 122, ], [2888: 22, 92, ], [2899: 26, 30, 200, 359, ], [2919: 59, 81, ], [2924: 5, 250, 293, ], [2951: 100, 160, ], [2997: 312, 357, ], [3009: 84, 166, 243, ], [3038: 117, 187, 204, 337, ], [3049: 72, 277, ], [3057: 148, 300, ], [3058: 32, 126, 297, 350, 359, ], [3059: 16, 167, 308, ], [3060: 61, 154, 314, ], [3061: 98, 114, 130, 131, 210, 323, ], [3069: 313, ], [3072: 104, 148, ], [3073: 128, 268, ], [3076: 24, 87, ], [3083: 236, 267, ], [3085: 189, 311, ], [3087: 46, 147, 184, ], [3088: 109, 317, ], [3092: 41, 217, ], [3095: 169, 190, ], [3096: 12, 233, ], [3097: 148, 333, ], [3098: 39, 125, 265, 285, ], [3099: 163, 177, 358, ], [3100: 42, 351, ], [3102: 56, 266, 269, ], [3104: 117, 220, ], [3105: 45, 272, ], [3106: 41, 172, ], [3107: 135, 224, ], [3108: 34, 281, ], [3109: 102, 307, ], [3110: 62, 257, ], [3111: 111, 322, ], [3112: 86, 119, ], ]
edge deletions: 252
edge additions: 170
vertex splittings: 343
cost of solution: 765
time used on iteration: 49.1698
best solution found at iteration 77444
EQ: 0.484946
iteration 3: [[0: 0, 4, 25, 58, 60, 91, 94, 96, 111, 119, 136, 146, 163, 177, 203, 213, 246, 252, 253, 301, 311, 320, 328, 354, ], [2: 2, ], [4: 8, 60, 83, 91, 328, ], [14: 14, ], [15: 15, 34, 73, 192, 260, ], [20: 20, ], [27: 27, ], [29: 23, 76, 90, 99, 101, 130, 131, 151, 164, 181, 214, 221, 245, 288, 346, ], [32: 9, 15, 69, 83, 133, 134, 139, 148, 215, 254, 260, 350, ], [36: 98, 114, 323, 340, ], [57: 49, 106, 186, 243, 304, 317, ], [65: 23, 130, 131, 158, 175, 181, 214, 327, 340, ], [66: 66, ], [68: 98, 128, 130, 131, 188, 210, 262, 294, 310, ], [70: 70, ], [95: 95, ], [115: 55, 107, 115, 153, 241, 270, 329, ], [132: 132, 347, ], [137: 9, 38, 69, 73, 83, 97, 137, 139, 148, 192, 229, 350, ], [165: 165, ], [197: 197, ], [205: 50, 205, ], [206: 65, 76, 206, 288, 294, 319, 323, ], [209: 57, 106, 155, 159, 166, 186, 224, 228, 230, 238, 243, 271, 334, ], [231: 69, 97, 134, 148, 231, 254, 274, 353, ], [244: 105, 244, ], [254: 69, 137, 148, 233, 282, 341, 350, ], [258: 33, 40, 69, 79, 85, 139, 148, 191, 229, 255, 258, 297, 318, 336, ], [265: 39, 44, 82, 125, 127, 134, 174, 265, 266, 343, ], [289: 289, ], [330: 44, 108, 121, 222, 235, 248, 330, 339, ], [340: 53, 65, 68, 71, 75, 128, 130, 131, 164, 168, 176, 181, 188, 202, 214, 221, 294, 310, 319, 323, 340, 346, ], [345: 345, ], [349: 349, ], [352: 352, ], [355: 9, 33, 35, 44, 69, 116, 126, 137, 139, 148, 191, 226, 350, 359, ], [360: 360, ], [367: 15, 41, 134, 192, 237, 266, 350, 359, ], [401: 191, 261, 344, 355, ], [434: 1, 65, 164, 210, 227, 319, 323, 340, ], [643: 42, 69, 83, 133, 137, 141, 196, 215, 229, 233, 254, 324, 359, ], [685: 53, 65, 98, 164, 168, 181, 294, 319, 327, ], [828: 9, 15, 83, 97, 136, 137, 141, 233, 274, ], [845: 28, 61, 250, 302, 311, ], [870: 32, 148, 149, 191, 297, 350, 355, ], [907: 51, 134, 145, 216, 292, 361, ], [1097: 138, 139, 193, 226, 240, 278, 359, ], [1143: 29, 53, 90, 99, 151, 175, 181, 232, 288, 346, ], [1195: 34, 44, 83, 117, 134, 137, 148, 350, ], [1203: 11, 21, 157, 249, 298, 306, ], [1244: 31, 36, 124, 171, 340, ], [1254: 44, 72, 126, 148, 198, 226, 297, 350, 359, ], [1267: 38, 126, 134, 278, 343, 350, ], [1290: 3, 17, 123, 134, 179, 195, 259, 266, ], [1439: 134, 226, 229, 336, ], [1489: 1, 164, 232, 262, 286, 288, 310, 340, ], [1515: 6, 251, 309, 330, ], [1568: 41, 44, 103, 134, ], [1592: 9, 161, 254, 282, 341, 353, 359, ], [1594: 58, 60, 91, 94, 239, 252, 320, 342, ], [1632: 74, 166, 230, 280, 283, 317, 321, ], [1678: 38, 44, 118, 211, 335, ], [1722: 9, 73, 192, 223, 233, ], [1746: 80, 106, 159, 166, 186, 212, 334, ], [1765: 41, 134, 234, 266, 269, ], [1786: 10, 49, 102, 186, 279, ], [1826: 53, 65, 71, 75, 202, 232, 262, ], [1968: 186, 209, 264, 317, 321, ], [2038: 34, 186, 212, 325, ], [2046: 120, 182, 207, 287, 295, 348, ], [2068: 44, 108, 121, 126, 235, 267, 282, 316, 330, ], [2084: 5, 250, 293, ], [2164: 110, 134, 148, 156, ], [2228: 62, 134, 216, 218, 292, ], [2277: 63, 87, 89, 117, 273, 299, ], [2306: 69, 142, 311, ], [2312: 148, 170, 221, 346, ], [2341: 39, 125, 265, 285, ], [2376: 48, 52, 77, 117, ], [2380: 173, 284, 330, ], [2388: 134, 140, 225, ], [2401: 5, 247, 275, 314, 338, ], [2447: 194, 199, 350, ], [2500: 201, 263, 330, ], [2504: 31, 164, 206, 310, ], [2521: 43, 110, 147, 148, 297, 355, ], [2533: 16, 305, 308, 332, ], [2546: 19, 134, 331, ], [2548: 148, 180, 261, ], [2553: 190, 256, 276, ], [2556: 34, 41, 83, 346, ], [2572: 185, 210, 232, 340, ], [2577: 7, 64, 162, 242, 304, 356, ], [2583: 38, 174, 254, ], [2584: 41, 88, 122, ], [2609: 78, 93, 143, 208, 209, 321, ], [2619: 147, 304, 337, ], [2629: 59, 81, ], [2640: 31, 54, 65, 340, ], [2641: 44, 45, 355, 359, ], [2660: 295, 314, 338, 357, ], [2667: 67, 129, ], [2674: 13, 34, 63, 117, 304, ], [2718: 26, 30, 200, 359, ], [2721: 113, 150, 219, ], [2732: 24, 87, ], [2740: 152, 291, ], [2748: 47, 112, 113, 304, ], [2756: 236, 267, 330, ], [2770: 117, 187, 204, 337, ], [2771: 16, 167, 308, ], [2775: 38, 82, 350, 359, ], [2783: 148, 300, 346, ], [2789: 189, 311, ], [2798: 61, 154, 287, 314, ], [2803: 37, 315, ], [2810: 18, 148, 296, 359, ], [2811: 109, 321, ], [2813: 128, 158, 288, ], [2814: 41, 178, 326, ], [2817: 84, 166, 243, ], [2819: 22, 92, ], [2822: 9, 117, 134, 290, 359, ], [2825: 10, 271, 303, 304, ], [2828: 111, 322, ], [2833: 46, 144, 147, 183, ], [2834: 74, 135, ], [2835: 268, ], [2836: 56, 266, ], [2838: 34, 281, ], [2839: 29, 277, ], [2845: 42, 351, ], [2847: 148, 313, ], [2849: 62, 257, ], [2850: 333, ], [2851: 86, 119, ], [2852: 45, 272, ], [2853: 46, 184, ], [2854: 163, 177, 328, 358, ], [2855: 41, 172, ], [2856: 169, 190, ], [2857: 117, 220, ], [2858: 12, 233, ], [2859: 104, 148, ], [2860: 102, 307, ], [2861: 100, 160, ], [2862: 41, 217, ], [2863: 312, ], ]
edge deletions: 243
edge additions: 193
vertex splittings: 335
cost of solution: 771
time used on iteration: 53.0703
best solution found at iteration 57059
EQ: 0.485214
iteration 4: [[0: 0, 4, 25, 58, 60, 91, 94, 96, 111, 119, 136, 146, 163, 177, 203, 213, 246, 252, 253, 301, 311, 320, 328, 354, ], [2: 2, ], [9: 38, 69, 73, 83, 97, 137, 139, 148, 192, 229, 350, ], [14: 14, ], [20: 20, ], [23: 53, 65, 68, 71, 75, 128, 130, 131, 164, 168, 176, 181, 188, 202, 214, 221, 262, 294, 310, 319, 323, 340, 346, ], [27: 27, ], [39: 39, 44, 82, 125, 127, 134, 174, 265, 266, 343, ], [40: 69, 97, 134, 148, 231, 254, 274, 353, ], [57: 57, 80, 106, 155, 159, 166, 186, 224, 228, 230, 238, 243, 271, 334, ], [66: 66, ], [70: 70, ], [71: 75, 185, 210, 232, 340, ], [83: 69, 137, 148, 233, 282, 341, 350, ], [85: 33, 40, 69, 79, 85, 139, 148, 191, 229, 255, 258, 297, 318, 336, ], [95: 95, ], [122: 15, 41, 134, 192, 237, 266, 350, 359, ], [151: 23, 76, 90, 99, 101, 130, 131, 151, 164, 181, 214, 221, 245, 288, 346, ], [165: 165, ], [188: 1, 164, 232, 262, 286, 288, 310, 340, ], [197: 197, ], [202: 29, 53, 90, 99, 151, 175, 181, 232, 288, 346, ], [205: 50, 205, ], [206: 65, 76, 131, 206, 288, 294, 319, 323, ], [226: 9, 33, 35, 44, 69, 116, 126, 137, 139, 148, 191, 226, 350, 359, ], [244: 105, 244, ], [260: 15, 69, 134, 139, 254, 260, 350, 359, ], [289: 289, ], [324: 42, 69, 83, 133, 137, 141, 196, 215, 229, 233, 254, 324, 359, ], [329: 55, 107, 115, 153, 241, 270, 329, ], [338: 28, 61, 250, 302, 311, ], [345: 345, ], [347: 132, 347, ], [349: 349, ], [352: 352, ], [355: 32, 148, 149, 191, 297, 350, 355, 359, ], [360: 360, ], [378: 9, 44, 133, 134, 139, 148, 215, 226, 229, 350, ], [413: 49, 106, 304, 317, ], [481: 9, 161, 254, 282, 341, 353, 359, ], [482: 53, 65, 98, 164, 168, 294, 319, 327, ], [540: 1, 65, 164, 210, 227, 294, 319, 340, ], [556: 44, 108, 121, 222, 235, 248, 330, 339, ], [584: 44, 72, 148, 198, 226, 240, 350, 359, ], [750: 11, 21, 157, 249, 298, 306, ], [790: 9, 15, 83, 97, 136, 137, 141, 233, 274, ], [906: 138, 139, 193, 226, 240, 278, 359, ], [1094: 6, 251, 309, 330, ], [1121: 191, 261, 344, 355, ], [1122: 41, 134, 234, 266, 269, ], [1242: 74, 166, 230, 280, 283, 317, 321, ], [1283: 44, 222, 267, 316, ], [1412: 8, 60, 83, 91, 328, ], [1439: 15, 34, 44, 83, 117, 134, 137, 148, 350, ], [1562: 9, 73, 192, 223, 233, ], [1702: 3, 17, 123, 134, 179, 195, 259, 266, ], [1705: 120, 182, 207, 287, 295, 348, ], [1722: 38, 44, 118, 211, 335, ], [1784: 51, 134, 145, 216, 292, 361, ], [1916: 98, 114, 128, 130, 131, 210, 262, 323, 340, ], [1946: 148, 180, 261, ], [1985: 46, 144, 147, 183, 184, ], [1993: 43, 110, 147, 148, 297, 355, ], [2009: 23, 130, 131, 158, 175, 181, 214, 327, 340, ], [2013: 31, 36, 124, 171, 340, ], [2021: 37, 315, ], [2033: 58, 60, 91, 94, 239, 252, 320, 342, ], [2052: 31, 164, 206, 310, 340, ], [2073: 5, 247, 275, 314, 338, ], [2080: 62, 134, 216, 218, 292, ], [2092: 48, 52, 77, 117, ], [2113: 10, 49, 102, 186, 279, ], [2145: 293, 311, 314, ], [2251: 34, 186, 212, 325, ], [2323: 78, 93, 143, 208, 209, 321, ], [2396: 34, 41, 83, 346, ], [2421: 295, 314, 338, 357, ], [2434: 13, 117, 304, 337, ], [2445: 38, 82, 359, ], [2458: 63, 89, 117, 273, 299, ], [2459: 190, 256, 276, ], [2473: 110, 134, 156, ], [2481: 173, 284, 330, ], [2487: 41, 44, 103, ], [2516: 108, 121, 126, 235, 267, 282, 316, 330, ], [2526: 16, 305, 332, ], [2528: 69, 142, 311, ], [2552: 201, 263, 330, ], [2570: 61, 154, 314, ], [2574: 41, 88, 122, ], [2584: 31, 54, 65, ], [2597: 7, 64, 162, 242, 304, 356, ], [2734: 47, 113, 150, 219, ], [2753: 194, 199, 350, ], [2780: 152, 291, ], [2808: 19, 134, 331, ], [2824: 67, 129, ], [2833: 45, 272, ], [2844: 186, 209, 264, 317, 321, ], [2851: 100, 160, ], [2853: 134, 140, 225, ], [2863: 112, 113, 304, ], [2883: 41, 178, 326, ], [2925: 34, 243, 304, 334, ], [2935: 128, 158, 288, ], [2938: 26, 30, 200, 359, ], [2940: 38, 126, 134, 343, ], [2960: 13, 34, 63, ], [2961: 10, 271, 303, 304, ], [3001: 22, 92, ], [3013: 59, 81, ], [3036: 18, 148, 296, 359, ], [3097: 117, 187, 204, 337, ], [3220: 167, 308, ], [3352: 24, 87, ], [3384: 29, 277, ], [3386: 84, 243, ], [3387: 290, 359, ], [3392: 358, ], [3397: 189, 311, ], [3401: 62, 257, ], [3402: 333, ], [3403: 312, 357, ], [3406: 12, 233, ], [3407: 74, 135, ], [3408: 148, 170, 300, 346, ], [3409: 39, 265, 285, ], [3414: 41, 172, ], [3415: 104, 148, 313, ], [3417: 128, 268, ], [3418: 117, 220, ], [3419: 41, 217, ], [3421: 86, ], [3422: 34, 281, ], [3423: 42, 351, ], [3424: 169, ], [3425: 109, 321, ], [3426: 322, ], [3427: 56, 266, 269, ], [3428: 307, ], [3429: 236, ], ]
edge deletions: 282
edge additions: 197
vertex splittings: 289
cost of solution: 768
time used on iteration: 50.0227
best solution found at iteration 91566
EQ: 0.504816
