instance: ../../../FARZgraphs/FARZ_100_80.gml
nodes: 100
edges: 2949
runs: 5
operations per iteration: 2000
best solution:
[[0: 2, 16, 17, 23, 27, 52, 67, 68, 79, 95, 97, ], [1: 0, 1, 2, 3, 4, 5, 6, 7, 8, 9, 10, 11, 12, 13, 14, 15, 16, 17, 18, 19, 20, 21, 22, 23, 24, 25, 26, 27, 28, 30, 31, 32, 33, 34, 35, 36, 38, 41, 43, 45, 46, 47, 48, 49, 50, 53, 58, 59, 61, 62, 63, 69, 76, ], [2: 5, 6, 7, 13, 14, 17, 18, 22, 23, 24, 25, 28, 29, 30, 31, 33, 35, 38, 39, 41, 44, 47, 53, 55, 57, 58, 61, 63, 65, 69, 70, 73, 76, 81, 82, 84, 86, 87, 88, ], [3: 14, 22, 25, 41, 48, 52, 59, 63, 67, 68, 71, 79, 83, ], [4: 0, 9, 33, 38, 52, 57, 73, 84, 92, ], [5: 7, 9, 10, 11, 15, 17, 18, 19, 20, 34, 37, 40, 43, 44, 59, 61, 62, 70, 92, 94, ], [6: 0, 5, 6, 14, 22, 28, 29, 30, 39, 44, 47, 57, 61, 65, 81, 89, 90, 92, 94, 95, ], [7: 2, 13, 14, 18, 23, 28, 37, 42, 50, 51, 52, 59, ], [8: 0, 10, 16, 21, 37, 40, 46, 49, 51, 67, 70, ], [9: 3, 7, 8, 18, 21, 28, 43, 48, 49, 50, 60, 67, 72, 74, 75, 84, 90, 93, ], [10: 0, 2, 3, 12, 23, 24, 26, 32, 41, 45, 49, 50, 51, 53, 56, 62, 66, 71, 76, 77, 85, ], [11: 9, 10, 20, 27, 28, 29, 32, 40, 55, 65, 66, 71, ], [12: 22, 27, 37, 40, 47, 81, ], [13: 0, 1, 4, 9, 10, 11, 12, 16, 20, 25, 27, 31, 32, 36, 38, 41, 42, 45, 46, 54, 55, 58, 64, 69, 71, 76, 78, 80, 82, 83, 85, 87, 91, ], [14: 1, 10, 12, 39, 42, 45, 91, 98, ], [15: 2, 15, 16, 29, 39, 83, ], [16: 23, 25, 69, 70, 88, 89, 90, 92, ], [17: 16, 21, 28, 49, 72, 84, 96, 97, ], [18: 31, 32, 60, 64, 66, 67, ], [19: 3, 17, 35, 54, 60, 64, 73, ], [20: 27, 42, 46, 48, 57, 62, 84, ], [21: 8, 17, 52, 68, 74, 75, 96, 97, ], [22: 11, 33, 58, 77, 89, ], [23: 15, 26, 35, 37, 45, 52, 65, 67, ], [24: 12, 32, 37, 57, 80, ], [25: 13, 14, 43, 49, 54, 82, 85, ], [26: 6, 36, 37, 51, 77, ], [27: 42, 49, 62, 67, 87, ], [28: 12, 21, 29, 44, 45, 48, 50, 70, ], [29: 2, 34, 55, 60, 84, ], [30: 11, 16, 19, 51, 56, 60, ], [31: 19, 29, 62, 68, ], [32: 99, ], ]
cost of best solution: 601
average cost of solutions: 605.4
average last operation finding best solution: 1458
average runtime: 37.76
------------------
average time of add_all_nodes_to_neighbours: 0.0298538
average time of random_choice_split: 0.00124369
average time of weighted_random_merge: 0.0317761
average time of label_propagation_round 0.0347112
average time of remove_nodes_ 0.00305291
average time of add_node_to_all 0.00694802
------------------
average improvement of add_all_nodes_to_neighbours -2.29771
per second: -76.9655
average improvement of random_choice_split 0.734995
per second: 590.981
average improvement of weighted_random_merge -0.0237449
per second: -0.747256
average improvement of label_propagation_round -8.08445
per second: -232.906
average improvement of remove_nodes_ -16.3508
per second: -5355.81
average improvement of add_node_to_all 29.0553
per second: 4181.81
all solutions:
------------------
iteration 0: [[0: 5, 6, 7, 13, 14, 17, 18, 22, 23, 24, 25, 28, 29, 30, 31, 33, 35, 38, 39, 41, 44, 47, 53, 55, 57, 58, 61, 63, 65, 69, 70, 73, 76, 81, 82, 84, 86, 87, 88, ], [1: 0, 1, 2, 3, 4, 5, 6, 7, 8, 9, 10, 11, 12, 13, 14, 15, 16, 17, 18, 19, 20, 21, 22, 23, 24, 25, 26, 27, 28, 30, 32, 33, 34, 35, 36, 37, 38, 41, 43, 44, 45, 46, 47, 48, 49, 50, 53, 58, 59, 61, 62, 63, 69, 70, 76, ], [2: 0, 2, 3, 12, 23, 24, 26, 32, 41, 45, 49, 50, 51, 53, 56, 62, 66, 71, 77, 85, ], [3: 3, 7, 8, 18, 21, 28, 31, 43, 48, 49, 50, 60, 67, 72, 74, 75, 84, 90, 93, ], [4: 2, 17, 22, 23, 25, 41, 48, 52, 59, 63, 67, 68, 79, 83, ], [5: 21, 28, 43, 44, 49, 54, 82, ], [6: 10, 11, 12, 15, 16, 29, 39, 43, 45, ], [7: 0, 5, 6, 14, 22, 23, 28, 29, 30, 39, 44, 47, 57, 61, 65, 81, 89, 90, 92, 94, 95, ], [8: 9, 10, 11, 15, 19, 20, 22, 29, 33, 38, 40, 43, 61, 62, 65, 92, 94, ], [9: 16, 17, 18, 27, 32, 37, 40, 42, 46, 48, 57, 62, 67, ], [10: 10, 18, 26, 51, 63, 66, 67, ], [11: 22, 27, 38, 45, 52, 65, 67, 71, 87, ], [12: 2, 16, 17, 22, 23, 27, 67, 79, 84, 95, 97, ], [13: 2, 5, 27, 29, 50, 53, 62, 63, 68, 71, ], [14: 0, 11, 14, 16, 23, 28, 40, 42, 49, 50, 51, 52, 56, 59, 71, 76, ], [15: 8, 17, 28, 49, 52, 74, 84, 96, 97, ], [16: 6, 11, 33, 53, 58, 76, 77, 89, ], [17: 9, 13, 18, 24, 43, 52, 54, 59, 73, ], [18: 0, 3, 17, 35, 54, 60, 64, 67, 73, ], [19: 7, 18, 25, 69, 70, 86, 88, 89, 90, 92, 94, ], [20: 1, 14, 15, 54, 67, 69, 83, 85, ], [21: 11, 16, 19, 34, 40, 47, 48, 49, 55, 60, ], [22: 6, 33, 35, 47, 52, 57, 59, 94, 95, ], [23: 16, 21, 59, 67, 68, 72, 75, 96, 97, ], [24: 2, 3, 8, 12, 20, 26, 28, 31, 32, 55, 60, 66, ], [25: 2, 19, 25, 51, 53, 56, 60, 90, ], [26: 0, 1, 4, 9, 10, 11, 12, 16, 20, 25, 27, 31, 32, 36, 38, 41, 42, 45, 46, 54, 55, 58, 64, 69, 71, 76, 78, 80, 82, 83, 85, 87, 91, 98, ], [27: 7, 21, 40, 46, 51, 67, 70, ], [28: 0, 2, 5, 9, 13, 39, 42, 53, 84, ], [29: 6, 29, 57, 69, 81, 99, ], ]
edge deletions: 115
edge additions: 170
vertex splittings: 325
cost of solution: 610
time used on iteration: 33.3786
best solution found at iteration 1155
------------------
iteration 1: [[0: 0, 5, 6, 14, 22, 25, 28, 29, 30, 33, 39, 44, 47, 57, 61, 65, 81, 89, 90, 92, 94, 95, ], [1: 2, 8, 20, 31, 34, 55, 60, 66, ], [2: 0, 2, 3, 12, 23, 24, 26, 41, 45, 49, 50, 51, 53, 56, 58, 62, 66, 71, 76, 77, 85, ], [3: 0, 1, 2, 3, 4, 5, 6, 7, 8, 9, 10, 11, 12, 13, 14, 15, 16, 17, 18, 19, 20, 21, 22, 23, 24, 25, 26, 27, 28, 30, 32, 33, 34, 35, 36, 38, 41, 43, 45, 46, 47, 48, 49, 50, 53, 59, 61, 62, 63, 69, 76, ], [4: 5, 6, 7, 13, 14, 17, 18, 22, 23, 24, 25, 28, 29, 30, 31, 33, 35, 38, 39, 41, 44, 47, 53, 55, 57, 58, 61, 63, 65, 69, 70, 73, 76, 81, 82, 84, 86, 87, 88, ], [5: 11, 16, 19, 32, 40, 51, 56, 60, ], [6: 2, 17, 23, 28, 39, 42, 83, ], [7: 0, 22, 25, 41, 48, 52, 59, 63, 67, 68, 79, 83, ], [8: 0, 7, 10, 11, 15, 18, 19, 20, 28, 29, 34, 37, 40, 43, 44, 47, 59, 61, 62, 70, 92, 94, ], [9: 9, 11, 15, 33, 38, 39, 40, 45, 52, 65, 76, ], [10: 9, 12, 16, 17, 21, 23, 27, 29, 37, 40, 44, 45, 48, 50, 57, 70, ], [11: 3, 7, 8, 18, 21, 28, 31, 43, 48, 49, 50, 60, 67, 72, 74, 75, 84, 90, 93, ], [12: 10, 27, 28, 32, 63, 65, 66, 67, 71, ], [13: 8, 16, 21, 28, 49, 72, 96, 97, ], [14: 2, 16, 17, 23, 27, 52, 67, 68, 79, 84, 95, 97, ], [15: 13, 14, 37, 42, 46, 49, 51, 67, 85, ], [16: 17, 50, 52, 68, 74, 75, 96, 97, ], [17: 46, 49, 62, 67, 70, 84, 87, ], [18: 23, 69, 70, 88, 89, 90, 92, ], [19: 6, 32, 36, 37, 51, 77, ], [20: 21, 43, 49, 54, 58, 82, ], [21: 5, 29, 68, 71, ], [22: 3, 35, 64, 67, 73, ], [23: 0, 1, 4, 9, 10, 11, 12, 16, 20, 25, 27, 31, 32, 36, 38, 41, 42, 45, 46, 54, 55, 58, 64, 69, 71, 76, 78, 80, 82, 83, 85, 87, 91, ], [24: 0, 17, 60, 73, 84, 92, ], [25: 14, 22, 40, 56, 59, 71, ], [26: 13, 18, 24, 28, 35, 51, 52, 54, 59, 73, ], [27: 2, 37, 81, ], [28: 42, 48, 55, 57, 58, 59, ], [29: 1, 4, 44, 70, ], [30: 27, 58, 72, 80, 98, ], [31: 99, ], ]
edge deletions: 188
edge additions: 124
vertex splittings: 291
cost of solution: 603
time used on iteration: 40.0962
best solution found at iteration 768
------------------
iteration 2: [[0: 2, 16, 17, 23, 27, 52, 67, 68, 79, 95, 97, ], [1: 0, 1, 2, 3, 4, 5, 6, 7, 8, 9, 10, 11, 12, 13, 14, 15, 16, 17, 18, 19, 20, 21, 22, 23, 24, 25, 26, 27, 28, 30, 31, 32, 33, 34, 35, 36, 38, 41, 43, 45, 46, 47, 48, 49, 50, 53, 58, 59, 61, 62, 63, 69, 76, ], [2: 5, 6, 7, 13, 14, 17, 18, 22, 23, 24, 25, 28, 29, 30, 31, 33, 35, 38, 39, 41, 44, 47, 53, 55, 57, 58, 61, 63, 65, 69, 70, 73, 76, 81, 82, 84, 86, 87, 88, ], [3: 14, 22, 25, 41, 48, 52, 59, 63, 67, 68, 71, 79, 83, ], [4: 0, 9, 33, 38, 52, 57, 73, 84, 92, ], [5: 7, 9, 10, 11, 15, 17, 18, 19, 20, 34, 37, 40, 43, 44, 59, 61, 62, 70, 92, 94, ], [6: 0, 5, 6, 14, 22, 28, 29, 30, 39, 44, 47, 57, 61, 65, 81, 89, 90, 92, 94, 95, ], [7: 2, 13, 14, 18, 23, 28, 37, 42, 50, 51, 52, 59, ], [8: 0, 10, 16, 21, 37, 40, 46, 49, 51, 67, 70, ], [9: 3, 7, 8, 18, 21, 28, 43, 48, 49, 50, 60, 67, 72, 74, 75, 84, 90, 93, ], [10: 0, 2, 3, 12, 23, 24, 26, 32, 41, 45, 49, 50, 51, 53, 56, 62, 66, 71, 76, 77, 85, ], [11: 9, 10, 20, 27, 28, 29, 32, 40, 55, 65, 66, 71, ], [12: 22, 27, 37, 40, 47, 81, ], [13: 0, 1, 4, 9, 10, 11, 12, 16, 20, 25, 27, 31, 32, 36, 38, 41, 42, 45, 46, 54, 55, 58, 64, 69, 71, 76, 78, 80, 82, 83, 85, 87, 91, ], [14: 1, 10, 12, 39, 42, 45, 91, 98, ], [15: 2, 15, 16, 29, 39, 83, ], [16: 23, 25, 69, 70, 88, 89, 90, 92, ], [17: 16, 21, 28, 49, 72, 84, 96, 97, ], [18: 31, 32, 60, 64, 66, 67, ], [19: 3, 17, 35, 54, 60, 64, 73, ], [20: 27, 42, 46, 48, 57, 62, 84, ], [21: 8, 17, 52, 68, 74, 75, 96, 97, ], [22: 11, 33, 58, 77, 89, ], [23: 15, 26, 35, 37, 45, 52, 65, 67, ], [24: 12, 32, 37, 57, 80, ], [25: 13, 14, 43, 49, 54, 82, 85, ], [26: 6, 36, 37, 51, 77, ], [27: 42, 49, 62, 67, 87, ], [28: 12, 21, 29, 44, 45, 48, 50, 70, ], [29: 2, 34, 55, 60, 84, ], [30: 11, 16, 19, 51, 56, 60, ], [31: 19, 29, 62, 68, ], [32: 99, ], ]
edge deletions: 189
edge additions: 117
vertex splittings: 295
cost of solution: 601
time used on iteration: 42.4122
best solution found at iteration 1859
------------------
iteration 3: [[0: 17, 21, 59, 68, 72, 74, 75, 96, 97, ], [1: 27, 33, 37, 40, 57, 65, 70, 81, ], [2: 2, 22, 25, 26, 41, 48, 52, 59, 62, 63, 67, 68, 71, 79, 83, ], [3: 0, 2, 3, 12, 23, 24, 26, 32, 41, 45, 49, 50, 51, 53, 56, 58, 62, 66, 71, 76, 77, 85, ], [4: 0, 1, 2, 3, 4, 5, 6, 7, 8, 9, 10, 11, 12, 13, 14, 15, 16, 17, 18, 19, 20, 21, 22, 23, 24, 25, 26, 27, 28, 30, 32, 33, 34, 35, 36, 37, 41, 43, 44, 45, 46, 47, 48, 49, 50, 53, 59, 61, 62, 63, 69, 70, 76, ], [5: 15, 18, 45, 52, 65, 67, ], [6: 10, 15, 18, 19, 20, 22, 29, 34, 38, 40, 43, 47, 61, 62, 92, 94, ], [7: 0, 6, 14, 22, 23, 28, 29, 30, 33, 44, 47, 57, 61, 65, 81, 89, 90, 92, 94, 95, ], [8: 0, 2, 16, 17, 23, 27, 42, 52, 67, 79, 84, 95, 97, ], [9: 16, 21, 23, 27, 29, 40, 48, 50, 68, 72, ], [10: 17, 18, 43, 54, 59, 60, 73, 92, ], [11: 13, 14, 21, 24, 28, 35, 38, 43, 44, 49, 54, 58, 82, ], [12: 0, 3, 17, 22, 31, 35, 38, 62, 64, 67, 69, 73, ], [13: 9, 10, 14, 20, 28, 29, 32, 40, 65, 71, 76, ], [14: 0, 1, 4, 9, 10, 11, 12, 16, 20, 25, 27, 31, 32, 36, 38, 41, 42, 45, 46, 54, 55, 58, 64, 69, 71, 76, 78, 80, 82, 83, 85, 87, 91, ], [15: 10, 18, 28, 32, 51, 63, 66, 67, ], [16: 2, 19, 21, 25, 51, 70, 90, ], [17: 0, 11, 16, 19, 32, 40, 49, 51, 56, 59, 60, ], [18: 6, 7, 11, 13, 24, 35, 50, 51, 52, 76, ], [19: 5, 7, 11, 18, 25, 38, 39, 65, 70, 86, 89, 92, 94, ], [20: 2, 3, 8, 12, 20, 26, 31, 34, 49, 53, 55, 60, 66, ], [21: 53, 58, 69, 88, 89, 90, ], [22: 5, 6, 7, 13, 14, 17, 18, 22, 23, 24, 25, 28, 29, 30, 31, 33, 35, 38, 39, 41, 44, 47, 53, 55, 57, 58, 61, 63, 65, 69, 70, 73, 76, 81, 82, 84, 86, 87, 88, ], [23: 9, 33, 38, 47, 52, 57, 62, 73, 84, 87, ], [24: 5, 12, 13, 16, 18, 28, 32, 38, 42, 46, 48, 53, 55, 57, 58, 59, ], [25: 8, 28, 43, 49, 52, 67, 74, 84, 96, 97, ], [26: 0, 1, 10, 12, 25, 38, 39, 41, 42, 45, 58, 76, 82, 91, 98, ], [27: 3, 7, 8, 18, 21, 28, 31, 43, 48, 49, 50, 60, 67, 72, 74, 75, 84, 90, 93, ], [28: 2, 9, 14, 15, 16, 23, 26, 28, 39, 83, ], [29: 7, 17, 40, 46, 55, 78, 83, ], [30: 14, 37, 42, 46, 49, 51, 67, 85, ], [31: 5, 68, 89, 95, ], [32: 2, 6, 29, 69, 81, 99, ], ]
edge deletions: 99
edge additions: 148
vertex splittings: 361
cost of solution: 608
time used on iteration: 34.4348
best solution found at iteration 1902
------------------
iteration 4: [[0: 5, 6, 7, 13, 14, 17, 18, 22, 23, 24, 25, 28, 29, 30, 31, 33, 35, 38, 39, 41, 44, 47, 53, 55, 57, 58, 61, 63, 65, 69, 70, 73, 76, 81, 82, 84, 86, 87, 88, ], [1: 0, 1, 2, 3, 4, 5, 6, 7, 8, 9, 10, 11, 12, 13, 14, 15, 16, 17, 18, 19, 20, 21, 22, 23, 24, 25, 26, 27, 28, 30, 31, 32, 33, 34, 35, 36, 38, 41, 43, 44, 45, 46, 47, 48, 49, 50, 53, 58, 59, 61, 62, 63, 69, 70, 76, ], [2: 3, 7, 8, 18, 21, 28, 43, 48, 49, 50, 60, 67, 72, 74, 75, 84, 90, 93, ], [3: 22, 23, 25, 41, 48, 52, 59, 63, 67, 68, 71, 79, 83, ], [4: 0, 2, 3, 12, 20, 23, 24, 26, 32, 41, 45, 49, 50, 51, 53, 56, 62, 66, 71, 76, 77, 85, ], [5: 8, 17, 50, 52, 67, 68, 74, 75, 84, 96, 97, ], [6: 0, 7, 10, 15, 19, 20, 21, 22, 29, 37, 40, 43, 47, 59, 61, 62, 70, 92, 94, ], [7: 0, 1, 4, 9, 10, 11, 12, 16, 20, 25, 27, 31, 32, 36, 38, 41, 42, 45, 46, 54, 55, 58, 64, 69, 71, 76, 78, 80, 82, 83, 85, 87, 91, ], [8: 2, 13, 14, 26, 32, 37, 41, 42, 45, 46, 49, 51, 67, 85, ], [9: 0, 5, 6, 14, 22, 28, 29, 30, 44, 47, 57, 61, 65, 81, 89, 90, 92, 94, 95, ], [10: 9, 12, 16, 17, 18, 23, 27, 28, 29, 32, 37, 40, 42, 46, 48, 50, 57, 59, ], [11: 12, 19, 32, 34, 40, 47, 48, 49, 55, 60, ], [12: 2, 7, 11, 16, 20, 26, 51, 52, 56, 59, 60, ], [13: 15, 27, 38, 45, 52, 65, 67, 87, ], [14: 7, 11, 18, 25, 33, 38, 39, 70, 86, 89, 92, 94, ], [15: 9, 13, 17, 18, 24, 28, 35, 43, 52, 54, 59, 73, 76, ], [16: 6, 11, 35, 36, 37, 51, 77, ], [17: 0, 1, 10, 12, 25, 38, 39, 41, 42, 45, 58, 76, 82, 91, 98, ], [18: 0, 3, 17, 31, 35, 53, 60, 64, 67, 73, ], [19: 9, 10, 11, 14, 20, 28, 32, 38, 40, 65, 71, 76, ], [20: 23, 53, 69, 73, 88, 89, 90, 92, ], [21: 14, 21, 43, 44, 49, 54, 82, ], [22: 2, 7, 9, 14, 15, 16, 17, 28, 39, 83, ], [23: 2, 16, 17, 22, 23, 27, 62, 67, 68, 79, 84, 95, 97, ], [24: 16, 21, 28, 49, 59, 72, 96, 97, ], [25: 10, 18, 28, 51, 63, 66, 67, ], [26: 2, 19, 21, 25, 51, 70, 90, ], [27: 3, 8, 55, 59, 60, 66, 75, ], [28: 0, 33, 52, 59, 79, 95, ], [29: 33, 58, 76, 77, 89, ], [30: 19, 34, 37, 68, ], [31: 3, 37, 44, 65, ], [32: 23, 31, 58, 72, 90, ], [33: 2, 6, 29, 69, 81, 99, ], ]
edge deletions: 102
edge additions: 147
vertex splittings: 356
cost of solution: 605
time used on iteration: 38.4782
best solution found at iteration 1606
------------------
