instance: ../../../FARZgraphs/FARZ_500_edges_150.gml
nodes: 150
edges: 797
runs: 5
operations per iteration: 2000
best solution:
[[0: 1, 2, 3, 5, 14, 15, 18, 20, 35, 39, ], [1: 6, 7, 8, 9, 12, 14, 16, 17, 20, ], [2: 3, 9, 21, 25, 28, 34, 40, ], [3: 0, 2, 3, 4, 10, 11, 13, 16, 33, ], [4: 23, 25, 28, 29, 31, 46, 50, 55, 56, ], [5: 4, 5, 8, 13, 14, 15, 23, 32, 35, 48, ], [6: 1, 6, 19, 26, 66, 69, 79, ], [7: 4, 17, 18, 28, 30, 35, 42, ], [8: 1, 4, 5, 7, 10, 38, 42, ], [9: 6, 9, 14, 16, 18, 26, 35, 76, ], [10: 20, 26, 27, 37, 42, ], [11: 0, 2, 6, 62, 82, ], [12: 23, 32, 44, 48, 88, ], [13: 65, 79, 145, ], [14: 6, 65, 67, 68, ], [15: 20, 45, 60, 62, 118, ], [16: 81, 85, 88, ], [17: 22, 30, 33, 38, 51, 52, 67, ], [18: 3, 6, 11, 42, 44, 62, ], [19: 1, 4, 8, 12, 61, ], [20: 10, 40, 74, ], [21: 17, 22, 32, 33, 34, ], [22: 6, 10, 12, 27, 33, ], [23: 13, 94, 119, 127, ], [24: 9, 36, 60, 124, ], [25: 54, 66, 96, 109, ], [26: 20, 23, 29, 84, 85, ], [27: 16, 22, 90, ], [28: 3, 7, 12, 21, 32, 39, ], [29: 17, 25, 54, 61, 88, ], [30: 21, 33, 38, 40, 41, ], [31: 6, 35, 37, 53, ], [32: 28, 37, 49, ], [33: 7, 12, 22, 24, ], [34: 24, 26, 72, 75, 100, ], [35: 67, 110, 123, ], [36: 59, 64, 137, ], [37: 18, 72, 107, ], [38: 22, 57, 104, ], [39: 55, 107, 122, ], [40: 15, 17, 63, 81, ], [41: 26, 45, 78, ], [42: 57, 65, 73, ], [43: 42, 46, 130, ], [44: 15, 20, 43, 69, ], [45: 3, 41, 51, 56, ], [46: 47, 80, 89, 102, ], [47: 12, 60, 75, ], [48: 16, 39, 40, ], [49: 12, 14, 18, 34, 46, ], [50: 71, 77, 103, ], [51: 51, 72, 106, ], [52: 31, 66, 121, ], [53: 13, 54, 71, ], [54: 8, 98, 126, ], [55: 20, 21, 30, 40, ], [56: 139, ], [57: 9, 24, 27, 50, ], [58: 112, 125, 136, ], [59: 101, 103, 105, ], [60: 146, ], [61: 132, ], [62: 92, ], [63: 98, 108, 113, ], [64: 15, 44, 111, ], [65: 3, 8, 64, ], [66: 129, ], [67: 138, 141, ], [68: 12, 51, 91, ], [69: 143, ], [70: 65, 110, 134, ], [71: 115, ], [72: 24, 37, 40, ], [73: 142, ], [74: 114, ], [75: 116, ], [76: 15, 30, 31, 36, 46, ], [77: 97, ], [78: 13, 59, 68, ], [79: 16, 27, 28, ], [80: 34, 58, 87, ], [81: 36, 67, 70, ], [82: 21, 56, 95, ], [83: 7, 38, 93, 99, ], [84: 131, ], [85: 0, 18, 44, ], [86: 18, 83, 90, ], [87: 120, ], [88: 140, ], [89: 135, ], [90: 149, ], [91: 86, ], [92: 117, ], [93: 128, ], [94: 148, ], [95: 144, 147, ], [96: 133, ], ]
cost of best solution: 439
average cost of solutions: 439.8
average last operation finding best solution: 1100.4
average runtime: 24.3179
------------------
average time of add_all_nodes_to_neighbours: 0.00571653
average time of random_choice_split: 3.02221e-05
average time of weighted_random_merge: 0.0395241
average time of label_propagation_round 0.0095528
average time of remove_nodes_ 0.0020609
average time of add_node_to_all 0.00495157
------------------
average improvement of add_all_nodes_to_neighbours -2.65519
per second: -464.476
average improvement of random_choice_split 0.191956
per second: 6351.51
average improvement of weighted_random_merge -1.53842
per second: -38.9237
average improvement of label_propagation_round -23.4557
per second: -2455.38
average improvement of remove_nodes_ -65.523
per second: -31793.5
average improvement of add_node_to_all 130.949
per second: 26445.9
all solutions:
------------------
iteration 0: [[0: 14, 20, 26, 35, 37, 39, ], [1: 3, 9, 20, 21, 25, 28, 34, 40, ], [2: 0, 2, 3, 4, 6, 10, 11, 13, 16, 33, ], [3: 23, 25, 28, 29, 31, 46, 50, 55, 56, ], [4: 20, 45, 60, 62, 118, ], [5: 6, 7, 8, 9, 12, 16, 17, 20, 27, ], [6: 1, 6, 19, 26, 66, 69, 79, 121, ], [7: 1, 4, 5, 7, 10, 38, 42, ], [8: 21, 33, 38, 40, 41, ], [9: 3, 4, 5, 8, 13, 14, 15, 23, 32, 35, 48, ], [10: 4, 17, 18, 20, 28, 30, 35, 42, ], [11: 22, 30, 33, 38, 51, 52, 67, ], [12: 3, 7, 12, 21, 32, 39, ], [13: 6, 9, 24, 26, 27, 37, 42, ], [14: 1, 2, 12, 14, 15, 18, 30, 35, 46, ], [15: 28, 37, 49, ], [16: 13, 94, 119, 127, ], [17: 15, 20, 43, 69, ], [18: 6, 65, 67, 68, ], [19: 10, 12, 17, 22, 32, 33, 34, ], [20: 0, 2, 62, 82, ], [21: 23, 32, 44, 48, 88, ], [22: 65, 79, 134, 145, ], [23: 0, 18, 44, ], [24: 20, 23, 29, 84, 85, ], [25: 26, 72, 75, 100, ], [26: 67, 110, 123, ], [27: 10, 40, 74, ], [28: 26, 45, 78, ], [29: 7, 38, 93, 99, ], [30: 3, 41, 51, 56, ], [31: 22, 57, 104, ], [32: 1, 13, 39, ], [33: 71, 77, 103, ], [34: 51, 72, 106, ], [35: 6, 9, 14, 16, 18, 35, 76, ], [36: 36, 46, 70, ], [37: 17, 54, 63, 66, ], [38: 4, 12, 17, 61, 91, ], [39: 5, 14, 15, 17, 39, 81, ], [40: 34, 58, 87, ], [41: 55, 107, 122, ], [42: 42, 46, 130, ], [43: 101, 103, 105, ], [44: 15, 31, 44, 111, ], [45: 57, 65, 73, ], [46: 18, 72, 83, ], [47: 16, 22, 90, ], [48: 1, 8, 61, ], [49: 25, 54, 71, ], [50: 8, 98, 126, ], [51: 98, 108, 113, ], [52: 54, 66, 96, 109, ], [53: 35, 50, 53, ], [54: 12, 60, 75, ], [55: 138, 141, ], [56: 47, 80, 89, 102, ], [57: 59, 64, 137, ], [58: 21, 56, 95, ], [59: 129, 135, ], [60: 9, 35, 36, 60, ], [61: 149, ], [62: 144, 147, ], [63: 24, 50, 54, ], [64: 112, 125, 136, ], [65: 139, ], [66: 146, ], [67: 120, ], [68: 116, ], [69: 132, ], [70: 86, ], [71: 124, ], [72: 148, ], [73: 142, ], [74: 97, ], [75: 114, ], [76: 117, ], [77: 140, ], [78: 92, ], [79: 131, ], [80: 128, ], [81: 143, ], [82: 115, ], [83: 133, ], ]
edge deletions: 239
edge additions: 42
vertex splittings: 159
cost of solution: 440
time used on iteration: 21.3844
best solution found at iteration 1119
------------------
iteration 1: [[0: 1, 2, 3, 5, 14, 15, 18, 20, 35, 39, ], [1: 6, 7, 8, 9, 12, 14, 16, 17, 20, ], [2: 3, 9, 21, 25, 28, 34, 40, ], [3: 0, 2, 3, 4, 10, 11, 13, 16, 33, ], [4: 23, 25, 28, 29, 31, 46, 50, 55, 56, ], [5: 4, 5, 8, 13, 14, 15, 23, 32, 35, 48, ], [6: 1, 6, 19, 26, 66, 69, 79, ], [7: 4, 17, 18, 28, 30, 35, 42, ], [8: 1, 4, 5, 7, 10, 38, 42, ], [9: 6, 9, 14, 16, 18, 26, 35, 76, ], [10: 20, 26, 27, 37, 42, ], [11: 0, 2, 6, 62, 82, ], [12: 23, 32, 44, 48, 88, ], [13: 65, 79, 145, ], [14: 6, 65, 67, 68, ], [15: 20, 45, 60, 62, 118, ], [16: 81, 85, 88, ], [17: 22, 30, 33, 38, 51, 52, 67, ], [18: 3, 6, 11, 42, 44, 62, ], [19: 1, 4, 8, 12, 61, ], [20: 10, 40, 74, ], [21: 17, 22, 32, 33, 34, ], [22: 6, 10, 12, 27, 33, ], [23: 13, 94, 119, 127, ], [24: 9, 36, 60, 124, ], [25: 54, 66, 96, 109, ], [26: 20, 23, 29, 84, 85, ], [27: 16, 22, 90, ], [28: 3, 7, 12, 21, 32, 39, ], [29: 17, 25, 54, 61, 88, ], [30: 21, 33, 38, 40, 41, ], [31: 6, 35, 37, 53, ], [32: 28, 37, 49, ], [33: 7, 12, 22, 24, ], [34: 24, 26, 72, 75, 100, ], [35: 67, 110, 123, ], [36: 59, 64, 137, ], [37: 18, 72, 107, ], [38: 22, 57, 104, ], [39: 55, 107, 122, ], [40: 15, 17, 63, 81, ], [41: 26, 45, 78, ], [42: 57, 65, 73, ], [43: 42, 46, 130, ], [44: 15, 20, 43, 69, ], [45: 3, 41, 51, 56, ], [46: 47, 80, 89, 102, ], [47: 12, 60, 75, ], [48: 16, 39, 40, ], [49: 12, 14, 18, 34, 46, ], [50: 71, 77, 103, ], [51: 51, 72, 106, ], [52: 31, 66, 121, ], [53: 13, 54, 71, ], [54: 8, 98, 126, ], [55: 20, 21, 30, 40, ], [56: 139, ], [57: 9, 24, 27, 50, ], [58: 112, 125, 136, ], [59: 101, 103, 105, ], [60: 146, ], [61: 132, ], [62: 92, ], [63: 98, 108, 113, ], [64: 15, 44, 111, ], [65: 3, 8, 64, ], [66: 129, ], [67: 138, 141, ], [68: 12, 51, 91, ], [69: 143, ], [70: 65, 110, 134, ], [71: 115, ], [72: 24, 37, 40, ], [73: 142, ], [74: 114, ], [75: 116, ], [76: 15, 30, 31, 36, 46, ], [77: 97, ], [78: 13, 59, 68, ], [79: 16, 27, 28, ], [80: 34, 58, 87, ], [81: 36, 67, 70, ], [82: 21, 56, 95, ], [83: 7, 38, 93, 99, ], [84: 131, ], [85: 0, 18, 44, ], [86: 18, 83, 90, ], [87: 120, ], [88: 140, ], [89: 135, ], [90: 149, ], [91: 86, ], [92: 117, ], [93: 128, ], [94: 148, ], [95: 144, 147, ], [96: 133, ], ]
edge deletions: 207
edge additions: 33
vertex splittings: 199
cost of solution: 439
time used on iteration: 19.7669
best solution found at iteration 1252
------------------
iteration 2: [[0: 0, 2, 3, 4, 6, 10, 11, 13, 16, 33, ], [1: 23, 25, 28, 29, 31, 46, 50, 55, 56, ], [2: 10, 12, 27, ], [3: 54, 66, 96, 109, ], [4: 1, 3, 4, 5, 8, 13, 14, 15, 20, 23, 32, 35, 39, 48, ], [5: 3, 9, 20, 21, 25, 28, 34, 40, ], [6: 3, 41, 51, 56, ], [7: 6, 7, 8, 9, 12, 14, 16, 17, 20, ], [8: 1, 2, 12, 14, 15, 18, 30, 46, ], [9: 15, 20, 43, 69, ], [10: 1, 6, 19, 26, 66, 69, 79, 121, ], [11: 1, 4, 5, 7, 10, 38, 42, ], [12: 6, 9, 14, 16, 18, 26, 35, 76, ], [13: 18, 21, 30, 32, ], [14: 3, 15, 31, 44, ], [15: 6, 20, 26, 27, 37, 42, ], [16: 20, 23, 29, 84, 85, ], [17: 0, 2, 62, 82, ], [18: 4, 12, 17, 61, 91, ], [19: 17, 18, 20, 28, 30, 35, 42, ], [20: 15, 17, 63, 81, ], [21: 13, 94, 119, 127, ], [22: 7, 12, 21, 24, 39, ], [23: 71, 77, 103, ], [24: 21, 33, 38, 40, 41, ], [25: 12, 17, 22, 32, 33, 34, ], [26: 9, 36, 60, 124, ], [27: 22, 30, 33, 38, 51, 52, 67, ], [28: 10, 40, 74, ], [29: 55, 107, 122, ], [30: 17, 25, 54, ], [31: 34, 58, 87, ], [32: 9, 24, 27, 50, ], [33: 51, 72, 106, ], [34: 36, 46, 70, ], [35: 28, 37, 49, 53, ], [36: 8, 98, 126, ], [37: 23, 32, 44, 48, 88, ], [38: 42, 46, 130, ], [39: 21, 56, 95, ], [40: 20, 45, 60, 62, 118, ], [41: 22, 57, 104, ], [42: 47, 80, 89, 102, ], [43: 0, 4, 18, 44, ], [44: 57, 65, 73, ], [45: 7, 38, 93, 99, ], [46: 6, 65, 67, 68, ], [47: 67, 110, 123, ], [48: 18, 83, 90, ], [49: 24, 26, 72, 75, 100, ], [50: 81, 85, 88, ], [51: 138, 141, ], [52: 13, 59, 68, ], [53: 59, 64, 137, ], [54: 24, 37, 39, 40, ], [55: 26, 45, 78, ], [56: 143, ], [57: 101, 103, 105, ], [58: 128, ], [59: 149, ], [60: 115, ], [61: 116, ], [62: 92, ], [63: 112, 125, 136, ], [64: 98, 108, 113, ], [65: 148, ], [66: 97, ], [67: 114, ], [68: 120, ], [69: 86, ], [70: 139, ], [71: 117, ], [72: 132, ], [73: 30, 31, 36, 67, ], [74: 65, 79, 145, ], [75: 65, 110, 134, ], [76: 144, 147, ], [77: 111, ], [78: 129, 135, ], [79: 12, 60, 75, ], [80: 146, ], [81: 142, ], [82: 131, ], [83: 140, ], [84: 133, ], ]
edge deletions: 233
edge additions: 45
vertex splittings: 161
cost of solution: 439
time used on iteration: 25.8231
best solution found at iteration 670
------------------
iteration 3: [[0: 6, 10, 12, 16, 27, 33, ], [1: 1, 6, 19, 26, 66, 69, 79, ], [2: 6, 9, 14, 16, 18, 26, 35, 76, ], [3: 3, 9, 20, 21, 25, 28, 34, 40, ], [4: 23, 25, 28, 29, 31, 46, 50, 55, 56, ], [5: 1, 3, 5, 8, 13, 14, 15, 20, 23, 35, 39, 48, ], [6: 0, 2, 3, 4, 8, 10, 11, 13, 16, 33, ], [7: 6, 7, 8, 9, 12, 14, 16, 17, 20, ], [8: 17, 18, 20, 28, 30, 35, 42, ], [9: 22, 30, 33, 38, 51, 52, 67, ], [10: 21, 30, 33, 38, 40, 41, ], [11: 17, 54, 63, 66, ], [12: 20, 26, 27, 37, 42, ], [13: 2, 4, 5, 12, 14, 15, 18, 30, 32, 35, ], [14: 6, 24, 26, 37, 72, 75, ], [15: 5, 15, 17, 63, 81, ], [16: 23, 32, 44, 48, 88, ], [17: 1, 4, 5, 7, 10, 38, 42, ], [18: 20, 45, 60, 62, 118, ], [19: 0, 2, 6, 62, 82, ], [20: 1, 12, 14, 18, 34, 46, ], [21: 6, 10, 65, 67, 68, ], [22: 65, 79, 145, ], [23: 22, 27, 57, 104, ], [24: 4, 15, 20, 43, 69, ], [25: 32, 36, 67, 70, ], [26: 4, 8, 17, 54, 61, ], [27: 22, 57, 71, 77, 103, ], [28: 3, 41, 51, 52, 56, ], [29: 0, 4, 18, 44, ], [30: 26, 45, 78, 100, ], [31: 28, 35, 37, 50, 53, ], [32: 3, 7, 12, 21, 32, 39, ], [33: 20, 23, 29, 84, 85, ], [34: 9, 35, 36, 60, ], [35: 31, 66, 121, ], [36: 54, 66, 96, 109, ], [37: 17, 22, 32, 33, 34, ], [38: 12, 60, 75, ], [39: 3, 6, 11, 42, 44, 62, ], [40: 30, 31, 36, 46, ], [41: 55, 107, 122, ], [42: 40, 47, 80, ], [43: 7, 38, 93, 99, ], [44: 81, 85, 88, ], [45: 7, 19, 47, ], [46: 15, 31, 44, 111, ], [47: 18, 72, 107, ], [48: 9, 24, 27, 50, ], [49: 51, 72, 106, ], [50: 7, 12, 22, 24, ], [51: 42, 46, 130, ], [52: 18, 83, 90, ], [53: 75, 79, 100, ], [54: 34, 52, 58, 87, ], [55: 4, 12, 51, 91, ], [56: 13, 54, 66, 71, 101, ], [57: 101, 103, 105, ], [58: 8, 98, 126, ], [59: 13, 94, 119, 127, ], [60: 65, 110, 134, ], [61: 38, 57, 65, 73, ], [62: 21, 56, 95, 112, ], [63: 28, 49, 94, ], [64: 98, 108, 113, ], [65: 138, 141, ], [66: 47, 89, 102, ], [67: 10, 40, 74, ], [68: 16, 22, 90, ], [69: 67, 110, 123, ], [70: 144, 147, ], [71: 8, 59, 64, 137, ], [72: 7, 93, 143, ], [73: 129, 135, ], [74: 118, 132, ], [75: 46, 97, ], [76: 116, 122, ], [77: 20, 131, ], [78: 50, 142, ], [79: 84, 120, ], [80: 59, 149, ], [81: 80, 140, ], [82: 9, 36, 124, ], [83: 96, 115, ], [84: 121, 148, ], [85: 26, 37, 86, ], [86: 107, 139, ], [87: 112, 125, 136, ], [88: 14, 114, ], [89: 119, 128, ], [90: 42, 117, ], [91: 13, 146, ], [92: 83, 92, ], [93: 18, 35, 94, ], [94: 133, ], ]
edge deletions: 143
edge additions: 59
vertex splittings: 239
cost of solution: 441
time used on iteration: 28.1583
best solution found at iteration 1190
------------------
iteration 4: [[0: 23, 25, 28, 29, 31, 46, 50, 55, 56, ], [1: 3, 4, 5, 8, 13, 14, 15, 23, 32, 35, 48, ], [2: 0, 2, 3, 4, 6, 10, 11, 13, 16, 33, ], [3: 1, 6, 19, 26, 66, 69, 79, 121, ], [4: 1, 4, 5, 7, 10, 38, 42, ], [5: 3, 9, 20, 21, 25, 28, 34, 40, ], [6: 15, 20, 43, 69, ], [7: 20, 23, 29, 84, 85, ], [8: 1, 2, 12, 14, 15, 18, 30, 35, 46, ], [9: 6, 7, 8, 9, 12, 16, 17, 20, 27, ], [10: 54, 66, 96, 109, ], [11: 4, 17, 18, 20, 28, 30, 35, 42, ], [12: 21, 33, 38, 40, 41, ], [13: 6, 9, 14, 16, 18, 35, 76, ], [14: 3, 41, 51, 56, ], [15: 3, 7, 12, 21, 32, 39, ], [16: 26, 72, 75, 100, ], [17: 22, 30, 33, 36, 38, 51, 52, 67, ], [18: 7, 38, 93, 99, ], [19: 12, 17, 22, 32, 33, 34, ], [20: 14, 20, 26, 35, 37, 39, ], [21: 16, 22, 90, ], [22: 57, 65, 73, ], [23: 3, 15, 31, 44, ], [24: 20, 45, 60, 62, 118, ], [25: 9, 36, 124, ], [26: 23, 32, 44, 48, 88, ], [27: 71, 77, 103, ], [28: 65, 110, 134, ], [29: 24, 40, 75, ], [30: 42, 46, 130, ], [31: 13, 94, 119, 127, ], [32: 5, 14, 15, 17, 39, 81, ], [33: 6, 9, 24, 26, 27, 37, 42, ], [34: 26, 45, 78, ], [35: 21, 56, 95, ], [36: 4, 12, 17, 61, 91, ], [37: 35, 50, 53, ], [38: 47, 89, 102, ], [39: 51, 72, 106, ], [40: 28, 37, 49, ], [41: 6, 65, 67, 68, ], [42: 55, 107, 122, ], [43: 67, 110, 123, ], [44: 32, 36, 70, ], [45: 101, 103, 105, ], [46: 0, 2, 62, 82, ], [47: 10, 40, 74, ], [48: 146, ], [49: 59, 64, 137, ], [50: 115, ], [51: 120, ], [52: 92, ], [53: 138, 141, ], [54: 25, 54, 71, ], [55: 17, 54, 63, 66, ], [56: 0, 18, 44, ], [57: 97, ], [58: 40, 47, 80, ], [59: 131, ], [60: 8, 98, 126, ], [61: 139, ], [62: 86, ], [63: 148, ], [64: 116, ], [65: 22, 57, 104, ], [66: 114, ], [67: 128, ], [68: 149, ], [69: 132, ], [70: 117, ], [71: 142, ], [72: 35, 36, 38, 46, ], [73: 13, 59, 68, ], [74: 65, 79, 145, ], [75: 18, 72, 83, ], [76: 98, 108, 113, ], [77: 34, 58, 87, ], [78: 140, ], [79: 112, 125, 136, ], [80: 1, 13, 39, ], [81: 7, 22, 24, ], [82: 12, 60, 75, ], [83: 111, ], [84: 143, ], [85: 129, 135, ], [86: 144, 147, ], [87: 133, ], ]
edge deletions: 231
edge additions: 40
vertex splittings: 169
cost of solution: 440
time used on iteration: 26.4568
best solution found at iteration 1271
------------------
