instance: ../../../../../Master/Testsets/football.csv/football.csv.gr
nodes: 115
edges: 613
runs: 5
operations per iteration: 100000
best solution:
[[369: 18, 31, 34, 54, 61, 71, 99, ], [381: 44, 48, 57, 66, 75, 86, 91, 92, 112, ], [397: 7, 8, 21, 22, 51, 68, 77, 78, 108, 111, ], [468: 2, 6, 13, 15, 32, 39, 47, 60, 64, 100, 106, ], [512: 19, 29, 30, 35, 55, 79, 94, 101, ], [543: 46, 49, 53, 67, 73, 83, 88, 110, 114, ], [640: 0, 4, 9, 16, 23, 41, 93, 104, ], [681: 1, 25, 33, 37, 45, 89, 103, 105, 109, ], [697: 12, 14, 26, 38, 43, 85, ], [739: 3, 5, 40, 52, 72, 74, 84, 102, ], [776: 5, 10, 40, 72, 81, 84, 98, 102, 107, ], [789: 17, 20, 27, 56, 62, 65, 70, 76, 87, 95, 96, 113, ], [793: 11, 24, 28, 50, 69, 90, ], [815: 26, 34, 42, ], [816: 58, 59, 63, 97, ], [817: 29, 80, 82, 94, ], [818: 12, 18, 36, ], ]
cost of best solution: 268
average cost of solutions: 268.2
average last operation finding best solution: 23390.6
average runtime: 11.7306
------------------
average time of add_all_nodes_to_neighbours: 0
average time of random_choice_split: 0
average time of weighted_random_merge: 0
average time of label_propagation_round 0
average time of remove_nodes_ 0
average time of add_node_to_all 0
------------------
average improvement of add_all_nodes_to_neighbours -0.185473
per second: -inf
average improvement of random_choice_split 0.277916
per second: inf
average improvement of weighted_random_merge -0.166408
per second: -inf
average improvement of label_propagation_round 0.0844463
per second: inf
average improvement of remove_nodes_ 0.349022
per second: inf
average improvement of add_node_to_all 0.32693
per second: inf
all solutions:
------------------
iteration 0: [[369: 18, 31, 34, 54, 61, 71, 99, ], [381: 44, 48, 57, 66, 75, 86, 91, 92, 112, ], [397: 7, 8, 21, 22, 51, 68, 77, 78, 108, 111, ], [468: 2, 6, 13, 15, 32, 39, 47, 60, 64, 100, 106, ], [512: 19, 29, 30, 35, 55, 79, 94, 101, ], [543: 46, 49, 53, 67, 73, 83, 88, 110, 114, ], [640: 0, 4, 9, 16, 23, 41, 93, 104, ], [681: 1, 25, 33, 37, 45, 89, 103, 105, 109, ], [697: 12, 14, 26, 38, 43, 85, ], [739: 3, 5, 40, 52, 72, 74, 84, 102, ], [776: 5, 10, 40, 72, 81, 84, 98, 102, 107, ], [789: 17, 20, 27, 56, 62, 65, 70, 76, 87, 95, 96, 113, ], [793: 11, 24, 28, 50, 69, 90, ], [815: 26, 34, 42, ], [816: 58, 59, 63, 97, ], [817: 29, 80, 82, 94, ], [818: 12, 18, 36, ], ]
edge deletions: 209
edge additions: 48
vertex splittings: 11
cost of solution: 268
time used on iteration: 9.94293
best solution found at iteration 23706
EQ: 0.626805
iteration 1: [[7: 7, 8, 21, 22, 51, 68, 77, 78, 108, 111, ], [306: 44, 48, 57, 66, 75, 86, 91, 92, 112, ], [333: 46, 49, 53, 67, 73, 83, 88, 110, 114, ], [375: 19, 29, 30, 35, 55, 79, 94, 101, ], [440: 2, 6, 13, 15, 32, 39, 47, 60, 64, 100, 106, ], [601: 1, 25, 33, 37, 45, 89, 103, 105, 109, ], [720: 12, 14, 26, 38, 43, 85, ], [748: 17, 20, 27, 56, 62, 65, 70, 76, 87, 95, 96, 113, ], [839: 0, 4, 9, 16, 23, 41, 93, 104, ], [852: 18, 31, 34, 54, 61, 71, 99, ], [873: 11, 24, 28, 50, 69, 90, ], [880: 5, 10, 40, 72, 81, 84, 98, 102, 107, ], [881: 58, 59, 63, 97, ], [883: 3, 5, 40, 52, 72, 74, 84, 102, ], [893: 26, 34, 42, ], [895: 12, 18, 36, ], [896: 29, 80, 82, 94, ], ]
edge deletions: 209
edge additions: 48
vertex splittings: 11
cost of solution: 268
time used on iteration: 13.3272
best solution found at iteration 28470
EQ: 0.626805
iteration 2: [[122: 19, 29, 30, 35, 55, 79, 94, 101, ], [149: 44, 48, 57, 66, 75, 86, 91, 92, 112, ], [461: 7, 8, 21, 22, 51, 68, 77, 78, 108, 111, ], [506: 12, 14, 26, 38, 43, 85, ], [586: 46, 49, 53, 67, 73, 83, 88, 110, 114, ], [661: 1, 25, 33, 37, 45, 89, 103, 105, 109, ], [668: 2, 6, 13, 15, 32, 39, 47, 60, 64, 100, 106, ], [679: 0, 4, 9, 16, 23, 41, 93, 104, ], [741: 11, 24, 28, 50, 69, 90, ], [758: 18, 31, 34, 54, 61, 71, 99, ], [783: 5, 10, 40, 72, 81, 84, 98, 102, 107, ], [813: 17, 20, 27, 56, 62, 65, 70, 76, 87, 95, 96, 113, ], [835: 3, 5, 40, 52, 72, 74, 84, 102, ], [837: 26, 34, 42, ], [838: 12, 18, 36, ], [841: 29, 80, 82, 94, ], [842: 58, 59, 63, 97, ], ]
edge deletions: 209
edge additions: 48
vertex splittings: 11
cost of solution: 268
time used on iteration: 11.9234
best solution found at iteration 27771
EQ: 0.626805
iteration 3: [[219: 18, 31, 34, 54, 61, 71, 99, ], [244: 44, 48, 57, 66, 75, 86, 91, 92, 112, ], [278: 17, 20, 27, 56, 62, 65, 70, 76, 87, 95, 96, 113, ], [300: 0, 4, 9, 16, 23, 41, 93, 104, ], [400: 7, 8, 21, 22, 51, 68, 77, 78, 108, 111, ], [425: 12, 14, 26, 38, 43, 85, ], [440: 19, 29, 30, 35, 55, 79, 94, 101, ], [486: 2, 6, 13, 15, 32, 39, 47, 60, 64, 100, 106, ], [537: 1, 25, 33, 37, 45, 89, 103, 105, 109, ], [547: 58, 59, 63, 97, ], [551: 46, 49, 53, 67, 73, 83, 88, 110, 114, ], [609: 5, 10, 81, 84, 98, 107, ], [614: 18, 19, 36, ], [631: 26, 34, 42, ], [635: 3, 40, 52, 72, 74, 102, ], [639: 29, 80, 82, 94, ], [642: 11, 24, 28, 50, 69, 90, ], ]
edge deletions: 224
edge additions: 39
vertex splittings: 6
cost of solution: 269
time used on iteration: 9.67464
best solution found at iteration 14153
EQ: 0.614586
iteration 4: [[19: 19, 29, 30, 35, 55, 79, 94, 101, ], [66: 44, 48, 57, 66, 75, 86, 91, 92, 112, ], [93: 2, 6, 13, 15, 32, 39, 47, 60, 64, 100, 106, ], [191: 0, 4, 9, 16, 23, 41, 93, 104, ], [263: 46, 49, 53, 67, 73, 83, 88, 110, 114, ], [300: 7, 8, 21, 22, 51, 68, 77, 78, 108, 111, ], [356: 18, 31, 34, 54, 61, 71, 99, ], [465: 1, 25, 33, 37, 45, 89, 103, 105, 109, ], [556: 12, 14, 26, 38, 43, 85, ], [594: 17, 20, 65, 87, 96, 113, ], [727: 5, 10, 40, 72, 81, 84, 98, 102, 107, ], [749: 27, 56, 62, 70, 76, 95, ], [754: 58, 59, 63, 97, ], [758: 3, 5, 40, 52, 72, 74, 84, 102, ], [760: 11, 24, 28, 50, 69, 90, ], [773: 29, 80, 82, 94, ], [774: 26, 34, 42, ], [777: 12, 18, 19, 36, ], ]
edge deletions: 225
edge additions: 31
vertex splittings: 12
cost of solution: 268
time used on iteration: 13.7848
best solution found at iteration 22853
EQ: 0.596724
