instance: ../../../FARZgraphs/FARZ_100_30.gml
nodes: 100
edges: 1985
runs: 5
operations per iteration: 2000
best solution:
[[0: 3, 6, 9, 10, 13, 14, 16, 22, 24, 25, 26, 40, 44, 46, 51, 55, 56, 60, 62, 70, 71, 75, 76, 79, ], [1: 9, 22, 40, 55, 76, 78, 81, 89, ], [2: 11, 20, 25, 26, 38, 52, 63, 65, ], [3: 4, 12, 15, 18, 22, 40, 48, 59, 62, ], [4: 3, 15, 17, 36, 41, 54, 68, 72, 74, 75, 82, 85, ], [5: 2, 6, 10, 32, 36, 45, ], [6: 1, 2, 3, 5, 8, 9, 10, 11, 13, 18, 20, 22, 23, ], [7: 1, 7, 27, 43, 59, 63, 69, ], [8: 8, 20, 24, 38, 69, 73, 78, ], [9: 7, 24, 40, 45, 83, ], [10: 2, 5, 7, 9, 12, 18, 28, 35, 37, 39, 45, 49, 50, 52, 57, 58, 61, 67, 70, 80, 86, ], [11: 2, 4, 5, 24, 27, 31, 35, ], [12: 0, 1, 6, 7, 8, 11, 12, 13, 14, 16, 18, 19, 20, 21, 22, 23, 24, 25, 26, 27, 28, 29, 31, 32, 33, 34, 38, 39, 42, 43, 46, 47, 51, 52, 53, 56, 59, 60, 61, 62, 64, 67, ], [13: 18, 22, 47, 63, 95, ], [14: 28, 34, 38, 62, 66, 73, 80, ], [15: 8, 46, 65, 85, 90, ], [16: 6, 21, 33, 48, 49, 51, 59, 75, 79, ], [17: 3, 4, 5, 6, 7, 10, 14, 25, 26, 60, 77, 78, ], [18: 0, 2, 3, 4, 5, 9, 14, 15, 16, 17, 21, 28, 29, 30, 33, 36, 41, 44, 45, 47, 48, 49, 54, 57, 64, 68, 74, 86, ], [19: 0, 28, 30, 34, 72, 75, ], [20: 1, 4, 13, 23, 48, 91, ], [21: 9, 44, 55, 77, 87, ], [22: 15, 23, 54, 56, 57, 62, ], [23: 16, 19, 22, 65, 69, ], [24: 15, 46, 48, 55, ], [25: 0, 21, 48, 49, 82, 84, ], [26: 3, 20, 39, 44, 48, 52, ], [27: 37, 41, 48, 50, 70, ], [28: 1, 70, 87, ], [29: 0, 8, 19, 53, 63, 80, ], [30: 19, 27, 85, 86, ], [31: 15, 36, 84, 94, ], [32: 78, 96, 97, ], [33: 1, 10, 15, 45, 47, 75, ], [34: 20, 22, 66, 87, ], [35: 0, 38, 92, 96, ], [36: 0, 65, 83, ], [37: 30, 36, 40, 42, ], [38: 1, 4, 17, 18, 38, 39, 44, 57, ], [39: 98, ], [40: 13, 40, 41, 54, ], [41: 59, 71, 91, ], [42: 88, ], [43: 99, ], [44: 93, ], ]
cost of best solution: 581
average cost of solutions: 582.6
average last operation finding best solution: 1393.2
average runtime: 24.9198
------------------
average time of add_all_nodes_to_neighbours: 0.015762
average time of random_choice_split: 0.000436295
average time of weighted_random_merge: 0.026855
average time of label_propagation_round 0.0200865
average time of remove_nodes_ 0.00210766
average time of add_node_to_all 0.00575969
------------------
average improvement of add_all_nodes_to_neighbours -1.42995
per second: -90.7211
average improvement of random_choice_split 0.573741
per second: 1315.03
average improvement of weighted_random_merge -0.294041
per second: -10.9492
average improvement of label_propagation_round -10.2046
per second: -508.035
average improvement of remove_nodes_ -22.4419
per second: -10647.8
average improvement of add_node_to_all 45.3638
per second: 7876.08
all solutions:
------------------
iteration 0: [[0: 3, 6, 9, 10, 13, 14, 16, 22, 24, 25, 26, 40, 44, 46, 51, 55, 56, 60, 62, 70, 71, 75, 76, 79, ], [1: 9, 22, 40, 55, 76, 78, 81, 89, ], [2: 11, 20, 25, 26, 38, 52, 63, 65, ], [3: 4, 12, 15, 18, 22, 40, 48, 59, 62, ], [4: 3, 15, 17, 36, 41, 54, 68, 72, 74, 75, 82, 85, ], [5: 2, 6, 10, 32, 36, 45, ], [6: 1, 2, 3, 5, 8, 9, 10, 11, 13, 18, 20, 22, 23, ], [7: 1, 7, 27, 43, 59, 63, 69, ], [8: 8, 20, 24, 38, 69, 73, 78, ], [9: 7, 24, 40, 45, 83, ], [10: 2, 5, 7, 9, 12, 18, 28, 35, 37, 39, 45, 49, 50, 52, 57, 58, 61, 67, 70, 80, 86, ], [11: 2, 4, 5, 24, 27, 31, 35, ], [12: 0, 1, 6, 7, 8, 11, 12, 13, 14, 16, 18, 19, 20, 21, 22, 23, 24, 25, 26, 27, 28, 29, 31, 32, 33, 34, 38, 39, 42, 43, 46, 47, 51, 52, 53, 56, 59, 60, 61, 62, 64, 67, ], [13: 18, 22, 47, 63, 95, ], [14: 28, 34, 38, 62, 66, 73, 80, ], [15: 8, 46, 65, 85, 90, ], [16: 6, 21, 33, 48, 49, 51, 59, 75, 79, ], [17: 3, 4, 5, 6, 7, 10, 14, 25, 26, 60, 77, 78, ], [18: 0, 2, 3, 4, 5, 9, 14, 15, 16, 17, 21, 28, 29, 30, 33, 36, 41, 44, 45, 47, 48, 49, 54, 57, 64, 68, 74, 86, ], [19: 0, 28, 30, 34, 72, 75, ], [20: 1, 4, 13, 23, 48, 91, ], [21: 9, 44, 55, 77, 87, ], [22: 15, 23, 54, 56, 57, 62, ], [23: 16, 19, 22, 65, 69, ], [24: 15, 46, 48, 55, ], [25: 0, 21, 48, 49, 82, 84, ], [26: 3, 20, 39, 44, 48, 52, ], [27: 37, 41, 48, 50, 70, ], [28: 1, 70, 87, ], [29: 0, 8, 19, 53, 63, 80, ], [30: 19, 27, 85, 86, ], [31: 15, 36, 84, 94, ], [32: 78, 96, 97, ], [33: 1, 10, 15, 45, 47, 75, ], [34: 20, 22, 66, 87, ], [35: 0, 38, 92, 96, ], [36: 0, 65, 83, ], [37: 30, 36, 40, 42, ], [38: 1, 4, 17, 18, 38, 39, 44, 57, ], [39: 98, ], [40: 13, 40, 41, 54, ], [41: 59, 71, 91, ], [42: 88, ], [43: 99, ], [44: 93, ], ]
edge deletions: 193
edge additions: 144
vertex splittings: 244
cost of solution: 581
time used on iteration: 27.32
best solution found at iteration 1191
------------------
iteration 1: [[0: 0, 8, 19, 43, 53, 63, 80, ], [1: 2, 5, 7, 9, 12, 18, 28, 35, 37, 39, 45, 49, 50, 52, 57, 58, 61, 67, 70, 80, 86, ], [2: 0, 1, 6, 7, 8, 11, 12, 13, 14, 16, 18, 19, 20, 21, 22, 23, 24, 25, 26, 27, 28, 29, 31, 32, 33, 34, 38, 39, 42, 43, 46, 47, 51, 52, 53, 56, 59, 60, 61, 62, 64, 67, ], [3: 3, 6, 9, 10, 13, 14, 16, 22, 24, 25, 26, 40, 44, 46, 51, 55, 56, 60, 62, 70, 71, 75, 76, 79, ], [4: 7, 24, 40, 45, 83, ], [5: 1, 2, 3, 4, 5, 8, 13, 18, 20, 22, 31, 39, 44, 48, 52, ], [6: 22, 40, 55, 76, 78, 81, 89, ], [7: 3, 4, 6, 7, 9, 10, 14, 25, 26, 60, 77, 78, ], [8: 20, 28, 34, 38, 62, 66, 73, 80, ], [9: 18, 22, 47, 63, 95, ], [10: 0, 2, 6, 10, 21, 32, 33, 36, 45, 47, 75, ], [11: 2, 4, 5, 11, 23, 24, 27, 35, 59, ], [12: 3, 15, 17, 36, 41, 54, 68, 72, 74, 75, 82, 85, ], [13: 8, 20, 24, 38, 69, 73, 78, ], [14: 28, 30, 34, 72, 75, ], [15: 6, 48, 49, 51, 59, 75, 79, ], [16: 11, 20, 25, 26, 38, 52, 63, 65, ], [17: 8, 46, 65, 85, 90, ], [18: 15, 23, 27, 83, ], [19: 19, 27, 85, 86, ], [20: 1, 8, 9, 10, 11, 20, 44, 87, ], [21: 12, 15, 17, 18, 40, 46, 48, ], [22: 16, 19, 22, 65, 69, ], [23: 3, 9, 10, 23, 81, ], [24: 0, 38, 92, 96, ], [25: 30, 36, 40, 42, ], [26: 55, 77, 87, 98, ], [27: 2, 4, 19, 37, 38, 44, ], [28: 23, 48, 54, 57, 62, 68, ], [29: 0, 2, 3, 4, 5, 9, 14, 15, 16, 17, 21, 28, 29, 30, 33, 36, 41, 44, 45, 47, 48, 49, 54, 57, 64, 68, 74, 86, ], [30: 5, 6, 26, 60, 88, ], [31: 37, 41, 48, 50, 70, ], [32: 15, 36, 84, 94, ], [33: 9, 89, 96, ], [34: 17, 38, 83, ], [35: 1, 15, 51, 56, 59, 63, ], [36: 93, ], [37: 59, 71, 91, ], [38: 78, 96, 97, ], [39: 99, ], ]
edge deletions: 202
edge additions: 151
vertex splittings: 229
cost of solution: 582
time used on iteration: 23.9031
best solution found at iteration 1660
------------------
iteration 2: [[0: 8, 46, 65, 85, 90, ], [1: 28, 34, 62, 66, 73, 80, ], [2: 2, 5, 9, 12, 18, 28, 35, 37, 39, 45, 49, 50, 52, 57, 58, 61, 67, 70, 80, 86, ], [3: 3, 18, 20, 39, 44, 48, 52, ], [4: 3, 4, 5, 6, 10, 14, 25, 26, 60, 77, 78, ], [5: 3, 15, 17, 36, 41, 54, 68, 72, 74, 75, 82, 85, ], [6: 3, 6, 9, 10, 13, 14, 16, 22, 24, 25, 26, 40, 44, 46, 51, 55, 56, 60, 62, 70, 71, 75, 76, 79, ], [7: 7, 24, 31, 69, 78, ], [8: 4, 12, 15, 18, 22, 40, 48, 59, ], [9: 0, 1, 6, 7, 8, 11, 12, 13, 14, 16, 18, 19, 20, 21, 22, 23, 24, 25, 26, 27, 28, 29, 31, 32, 33, 34, 38, 39, 42, 43, 46, 47, 51, 52, 53, 56, 59, 60, 61, 62, 64, 67, ], [10: 0, 2, 3, 4, 5, 9, 14, 15, 16, 17, 21, 28, 29, 30, 33, 36, 41, 44, 45, 47, 48, 49, 54, 57, 64, 68, 74, 86, ], [11: 1, 2, 3, 5, 7, 8, 9, 10, 11, 13, 20, 22, 23, ], [12: 0, 11, 25, 26, 52, 63, 65, ], [13: 0, 28, 30, 34, 72, 75, ], [14: 7, 24, 40, 45, 49, 83, ], [15: 9, 22, 40, 55, 76, 78, 81, 89, ], [16: 1, 2, 6, 10, 32, 33, 36, 44, 45, 47, 75, ], [17: 21, 48, 49, 59, 75, 79, 82, ], [18: 9, 44, 55, 77, 87, ], [19: 15, 23, 27, 83, ], [20: 20, 22, 66, 87, ], [21: 16, 19, 20, 22, 65, 69, ], [22: 15, 36, 84, 94, ], [23: 1, 4, 13, 23, 48, 91, ], [24: 2, 4, 5, 7, 24, 27, 31, 35, ], [25: 18, 22, 47, 63, 95, ], [26: 7, 19, 43, 53, 63, 80, ], [27: 78, 96, 97, ], [28: 1, 17, 38, 69, ], [29: 7, 19, 27, 85, 86, ], [30: 30, 36, 40, 42, ], [31: 2, 4, 19, 37, 38, 44, ], [32: 23, 54, 57, 62, 68, ], [33: 59, 71, 91, ], [34: 37, 41, 48, 50, 70, ], [35: 8, 20, 38, 63, 73, 78, 80, ], [36: 38, 66, 83, ], [37: 0, 38, 92, 96, ], [38: 13, 40, 41, 54, ], [39: 8, 69, 79, ], [40: 27, 69, 73, ], [41: 1, 70, 87, ], [42: 15, 46, 48, 51, 55, ], [43: 93, ], [44: 88, ], [45: 99, ], [46: 98, ], ]
edge deletions: 194
edge additions: 143
vertex splittings: 245
cost of solution: 582
time used on iteration: 25.394
best solution found at iteration 1064
------------------
iteration 3: [[0: 3, 6, 9, 10, 13, 14, 16, 22, 24, 25, 26, 40, 44, 46, 51, 55, 56, 60, 62, 70, 71, 75, 76, 79, ], [1: 0, 1, 6, 7, 8, 11, 12, 13, 14, 16, 18, 19, 20, 21, 22, 23, 24, 25, 26, 27, 28, 29, 31, 32, 33, 34, 38, 39, 42, 43, 46, 47, 51, 52, 53, 56, 59, 60, 61, 62, 64, 67, ], [2: 0, 8, 19, 38, 43, 53, 63, 80, ], [3: 8, 46, 65, 85, 90, ], [4: 20, 28, 34, 62, 66, 73, 80, ], [5: 2, 5, 7, 9, 12, 18, 28, 35, 37, 39, 45, 49, 50, 52, 57, 58, 61, 67, 70, 80, 86, ], [6: 11, 20, 25, 26, 52, 63, 65, ], [7: 18, 22, 47, 63, 95, ], [8: 1, 4, 13, 23, 48, 91, ], [9: 4, 12, 15, 18, 22, 40, 48, 59, ], [10: 21, 48, 49, 59, 75, 79, 82, ], [11: 8, 10, 20, 87, ], [12: 2, 4, 5, 8, 13, 22, 24, 27, 31, ], [13: 0, 3, 15, 17, 36, 41, 54, 68, 72, 74, 75, 82, 85, ], [14: 1, 2, 10, 15, 21, 33, 45, 47, 74, 75, ], [15: 8, 20, 24, 38, 69, 73, 78, ], [16: 3, 4, 6, 7, 10, 14, 25, 26, 60, 77, 78, ], [17: 1, 2, 3, 5, 6, 9, 11, 18, 20, 23, 39, 44, 48, 52, 57, ], [18: 9, 22, 40, 55, 76, 78, 81, 89, ], [19: 28, 30, 34, 72, 75, ], [20: 0, 2, 3, 4, 5, 9, 14, 15, 16, 17, 21, 28, 29, 30, 33, 36, 41, 44, 45, 47, 48, 49, 54, 57, 64, 68, 86, ], [21: 7, 24, 40, 45, 83, ], [22: 11, 35, 55, ], [23: 15, 23, 27, 83, ], [24: 9, 44, 55, 77, 87, ], [25: 16, 19, 22, 65, 69, ], [26: 27, 35, 87, ], [27: 0, 38, 92, 96, ], [28: 4, 37, 38, 44, ], [29: 0, 17, 38, 65, 83, ], [30: 23, 35, 41, 70, ], [31: 37, 41, 48, 50, ], [32: 8, 9, 88, ], [33: 1, 17, 69, ], [34: 55, 56, 98, ], [35: 30, 36, 40, 42, ], [36: 19, 27, 85, 86, ], [37: 54, 56, 57, 61, 62, ], [38: 1, 70, 87, ], [39: 6, 10, 32, 36, 45, ], [40: 2, 32, 90, ], [41: 13, 40, 41, 54, ], [42: 78, 96, 97, ], [43: 15, 36, 84, 94, ], [44: 99, ], [45: 93, ], [46: 4, 62, 74, 86, ], ]
edge deletions: 202
edge additions: 138
vertex splittings: 245
cost of solution: 585
time used on iteration: 23.0452
best solution found at iteration 1061
------------------
iteration 4: [[0: 8, 46, 65, 85, 90, ], [1: 6, 9, 13, 22, 40, 44, 46, 48, 51, 55, 62, 70, 71, 75, 76, 79, ], [2: 3, 9, 10, 14, 16, 24, 25, 26, 44, 55, 56, 60, 70, 71, 76, 77, ], [3: 28, 34, 62, 66, 73, 80, ], [4: 2, 5, 7, 9, 12, 18, 28, 35, 37, 39, 45, 49, 50, 52, 57, 58, 61, 67, 70, 80, 86, ], [5: 0, 1, 6, 7, 8, 11, 12, 13, 14, 16, 18, 19, 20, 21, 22, 23, 24, 25, 26, 27, 28, 29, 31, 32, 33, 34, 38, 39, 42, 43, 46, 47, 51, 52, 53, 56, 59, 60, 61, 62, 64, 67, ], [6: 0, 11, 20, 25, 26, 52, 63, 65, ], [7: 2, 6, 10, 32, 36, 45, ], [8: 9, 22, 40, 55, 76, 78, 81, 89, ], [9: 3, 15, 17, 36, 41, 54, 68, 72, 74, 82, 85, ], [10: 1, 2, 3, 5, 8, 9, 10, 11, 20, 23, ], [11: 1, 4, 12, 17, 18, 37, 38, 39, 44, 48, 57, ], [12: 24, 40, 45, 83, ], [13: 3, 10, 12, 15, 18, 22, 29, 40, 51, 56, ], [14: 4, 23, 48, 59, 91, ], [15: 23, 35, 41, 70, ], [16: 0, 2, 3, 4, 5, 9, 14, 15, 16, 17, 21, 28, 29, 30, 33, 36, 41, 44, 45, 47, 48, 49, 54, 57, 64, 68, 74, 75, 86, ], [17: 3, 21, 48, 49, 79, 82, 84, ], [18: 8, 19, 38, 53, 63, 80, ], [19: 20, 66, 80, 87, ], [20: 8, 20, 24, 38, 69, 73, 78, ], [21: 11, 35, 55, ], [22: 2, 4, 5, 13, 22, 24, 27, 31, ], [23: 15, 23, 27, 83, ], [24: 78, 96, 97, ], [25: 5, 6, 49, 59, 60, 75, ], [26: 3, 4, 6, 7, 10, 14, 25, 26, 40, 60, 62, 78, ], [27: 40, 41, 43, ], [28: 27, 35, 87, ], [29: 0, 38, 92, 96, ], [30: 1, 7, 27, 43, 59, 63, 69, ], [31: 23, 54, 57, 62, 68, ], [32: 15, 36, 84, 94, ], [33: 18, 22, 47, 63, 95, ], [34: 30, 34, 72, 75, ], [35: 55, 87, 98, ], [36: 8, 14, 26, 79, 88, ], [37: 19, 27, 85, 86, ], [38: 16, 19, 22, 65, 69, ], [39: 38, 65, 66, 83, ], [40: 99, ], [41: 93, ], ]
edge deletions: 209
edge additions: 144
vertex splittings: 230
cost of solution: 583
time used on iteration: 24.9365
best solution found at iteration 1990
------------------
