instance: ../../../../../Master/sparse_consistency/data/FARZ_consistency_9.gml
nodes: 80
edges: 727
runs: 5
operations per iteration: 100000
best solution:
[[16: 0, 2, 3, 4, 5, 6, 7, 9, 10, 14, 15, 16, 19, 20, 23, 24, 26, 27, 30, 34, 39, ], [21: 1, 2, 3, 8, 9, 11, 12, 13, 14, 15, 17, 18, 21, 22, 26, 33, 34, 35, 39, ], [49: 5, 7, 10, 16, 23, 25, 28, 36, 38, 39, ], [309: 2, 3, 11, 28, 31, 45, ], [369: 15, 27, 28, 37, ], [418: 2, 8, 32, 41, 44, 54, ], [513: 29, 54, 55, 58, 62, ], [592: 0, 4, 9, 31, 35, 36, ], [735: 0, 1, 5, 11, 17, 18, 20, 33, ], [754: 7, 16, 18, 19, 26, 48, ], [797: 4, 6, 14, 24, 25, 33, 37, 38, ], [809: 12, 31, 32, 39, 41, 50, ], [863: 1, 26, 31, 34, 41, 42, ], [878: 4, 18, 24, 35, 40, ], [923: 17, 27, 29, 32, 33, 34, 40, 41, ], [961: 1, 6, 10, 13, 19, 20, 35, ], [999: 14, 21, 24, 27, 30, 36, 51, ], [1052: 17, 34, 45, 53, 64, ], [1253: 29, 42, 49, ], [1259: 10, 15, 16, 17, 25, 26, 31, 33, 49, ], [1267: 30, 51, 62, 70, ], [1297: 11, 33, 46, 56, 57, ], [1307: 26, 36, 42, 62, ], [1310: 1, 4, 7, 8, 11, 27, ], [1397: 18, 50, 63, 66, ], [1440: 18, 22, 42, 44, 46, ], [1454: 14, 31, 61, ], [1511: 43, 53, 68, ], [1521: 40, 54, 69, ], [1540: 8, 16, 35, 58, ], [1542: 3, 21, 44, 53, ], [1552: 28, 58, 70, ], [1556: 5, 49, 77, ], [1560: 9, 47, 53, 59, ], [1564: 0, 3, 52, ], [1571: 2, 40, 55, 65, ], [1575: 7, 19, 43, 71, ], [1579: 9, 76, ], [1580: 3, 79, ], [1581: 26, 42, 75, ], [1583: 6, 23, 72, ], [1585: 26, 67, ], [1587: 15, 78, ], [1589: 3, 43, 60, ], [1590: 53, 74, ], [1592: 56, 73, ], ]
cost of best solution: 304
average cost of solutions: 305
average last operation finding best solution: 65612.8
average runtime: 39.2173
------------------
average time of add_all_nodes_to_neighbours: 0
average time of random_choice_split: 0
average time of weighted_random_merge: 0
average time of label_propagation_round 0
average time of remove_nodes_ 0
average time of add_node_to_all 0
------------------
average improvement of add_all_nodes_to_neighbours -0.0491105
per second: -inf
average improvement of random_choice_split 0.105607
per second: inf
average improvement of weighted_random_merge -0.20057
per second: -inf
average improvement of label_propagation_round 0.0747029
per second: inf
average improvement of remove_nodes_ 0.216222
per second: inf
average improvement of add_node_to_all 0.130082
per second: inf
all solutions:
------------------
iteration 0: [[2: 4, 18, 24, 34, 35, 40, ], [4: 4, 5, 6, 7, 10, 16, 23, 24, 25, 26, 30, 36, 38, 39, ], [12: 27, 29, 32, 33, 34, 40, 41, ], [17: 0, 1, 2, 3, 4, 5, 6, 7, 9, 11, 14, 15, 18, 19, 20, 23, 27, 34, ], [52: 1, 2, 3, 8, 9, 11, 12, 13, 14, 15, 17, 18, 21, 22, 26, 33, 39, ], [92: 3, 11, 28, 31, 45, ], [131: 2, 8, 32, 44, 54, 55, ], [233: 18, 22, 42, 44, 46, ], [293: 0, 3, 4, 8, 10, 14, 15, 16, 17, 31, ], [299: 17, 34, 45, 53, ], [332: 0, 2, 6, 9, 10, 13, 16, 19, 20, 24, 26, 33, 35, 39, ], [468: 29, 55, 58, 62, ], [474: 5, 16, 27, 28, 58, ], [824: 15, 25, 28, 33, 37, ], [934: 0, 14, 24, 27, 30, 36, 37, 51, ], [1027: 9, 13, 15, 21, 27, 30, 34, ], [1252: 12, 31, 32, 39, 41, 50, ], [1448: 3, 21, 44, 53, ], [1451: 7, 16, 18, 48, ], [1457: 3, 43, 60, ], [1549: 4, 5, 17, 33, 64, ], [1573: 21, 51, 63, 66, ], [1577: 1, 10, 15, 26, 31, 34, 42, 49, ], [1582: 40, 54, 69, ], [1650: 2, 7, 28, 38, ], [1674: 30, 51, 62, 70, ], [1708: 11, 33, 46, 56, 57, ], [1710: 17, 19, 25, ], [1750: 5, 49, 77, ], [1753: 2, 40, 65, ], [1758: 8, 26, 27, 41, 46, ], [1771: 31, 35, 61, ], [1809: 2, 41, 54, 63, ], [1810: 43, 47, 53, 68, ], [1833: 9, 31, 33, 59, ], [1841: 35, 53, 58, ], [1871: 18, 50, 66, ], [1970: 11, 42, 62, ], [2015: 6, 16, 72, ], [2018: 3, 52, ], [2028: 12, 67, ], [2034: 53, 74, ], [2036: 7, 19, 43, 71, ], [2041: 3, 79, ], [2043: 9, 76, ], [2044: 75, ], [2045: 73, ], [2046: 15, 78, ], ]
edge deletions: 101
edge additions: 41
vertex splittings: 164
cost of solution: 306
time used on iteration: 36.956
best solution found at iteration 67255
omega: 0.0939185
ONMI: 0.0759279
Majority accuracy: 0.95
Majority inaccuracy: 0.175
EQ: 0.290506
------------------
iteration 1: [[0: 0, 1, 2, 3, 4, 5, 6, 7, 9, 11, 14, 15, 19, 20, 23, 27, 34, ], [1: 1, 2, 3, 8, 9, 11, 12, 13, 14, 15, 17, 18, 21, 22, 26, 33, 34, 39, ], [12: 2, 3, 8, 10, 14, 15, 16, 17, 31, 33, ], [13: 0, 6, 9, 10, 13, 18, 19, 20, 24, 26, 33, 34, 35, 39, ], [25: 4, 5, 6, 7, 10, 16, 23, 24, 25, 26, 30, 36, 38, 39, ], [55: 29, 55, 58, 62, ], [124: 27, 29, 32, 33, 34, 40, ], [435: 15, 25, 28, 33, 37, ], [501: 17, 34, 45, 53, 64, ], [916: 1, 31, 34, 41, 42, ], [940: 2, 8, 32, 44, 54, 55, ], [1071: 18, 22, 42, 44, 46, ], [1183: 2, 4, 18, 24, 35, 40, ], [1257: 12, 31, 32, 39, 41, 50, ], [1302: 8, 26, 27, 41, 46, ], [1400: 3, 11, 28, 31, 45, ], [1410: 5, 16, 27, 28, 36, 58, ], [1427: 15, 26, 31, 42, 49, ], [1435: 14, 30, 36, 51, 62, ], [1444: 0, 4, 9, 16, 31, 35, 36, ], [1478: 11, 33, 46, 56, 57, ], [1485: 2, 4, 5, 33, 64, ], [1589: 3, 21, 44, 53, ], [1617: 0, 4, 14, 24, 27, 30, 37, ], [1651: 5, 49, 77, ], [1715: 3, 43, 60, ], [1723: 17, 25, 56, ], [1747: 0, 17, 27, 29, ], [1777: 9, 47, 59, ], [1782: 2, 41, 54, 63, ], [1787: 11, 26, 42, 62, ], [1794: 40, 54, 69, ], [1795: 7, 16, 18, 19, 26, 48, ], [1801: 2, 40, 65, ], [1807: 35, 53, 58, ], [1819: 43, 53, 68, ], [1841: 3, 52, ], [1843: 72, ], [1850: 18, 63, 66, ], [1854: 26, 75, ], [1858: 7, 19, 71, ], [1861: 21, 27, 30, 51, ], [1869: 74, ], [1870: 73, ], [1872: 9, 76, ], [1873: 15, 78, ], [1875: 3, 79, ], [1876: 51, 61, 70, ], [1877: 26, 67, ], ]
edge deletions: 110
edge additions: 31
vertex splittings: 165
cost of solution: 306
time used on iteration: 39.5608
best solution found at iteration 51664
omega: 0.098854
ONMI: 0.0759905
Majority accuracy: 0.9375
Majority inaccuracy: 0.1375
EQ: 0.292268
------------------
iteration 2: [[16: 0, 2, 3, 4, 5, 6, 7, 9, 10, 14, 15, 16, 19, 20, 23, 24, 26, 27, 30, 34, 39, ], [21: 1, 2, 3, 8, 9, 11, 12, 13, 14, 15, 17, 18, 21, 22, 26, 33, 34, 35, 39, ], [49: 5, 7, 10, 16, 23, 25, 28, 36, 38, 39, ], [309: 2, 3, 11, 28, 31, 45, ], [369: 15, 27, 28, 37, ], [418: 2, 8, 32, 41, 44, 54, ], [513: 29, 54, 55, 58, 62, ], [592: 0, 4, 9, 31, 35, 36, ], [735: 0, 1, 5, 11, 17, 18, 20, 33, ], [754: 7, 16, 18, 19, 26, 48, ], [797: 4, 6, 14, 24, 25, 33, 37, 38, ], [809: 12, 31, 32, 39, 41, 50, ], [863: 1, 26, 31, 34, 41, 42, ], [878: 4, 18, 24, 35, 40, ], [923: 17, 27, 29, 32, 33, 34, 40, 41, ], [961: 1, 6, 10, 13, 19, 20, 35, ], [999: 14, 21, 24, 27, 30, 36, 51, ], [1052: 17, 34, 45, 53, 64, ], [1253: 29, 42, 49, ], [1259: 10, 15, 16, 17, 25, 26, 31, 33, 49, ], [1267: 30, 51, 62, 70, ], [1297: 11, 33, 46, 56, 57, ], [1307: 26, 36, 42, 62, ], [1310: 1, 4, 7, 8, 11, 27, ], [1397: 18, 50, 63, 66, ], [1440: 18, 22, 42, 44, 46, ], [1454: 14, 31, 61, ], [1511: 43, 53, 68, ], [1521: 40, 54, 69, ], [1540: 8, 16, 35, 58, ], [1542: 3, 21, 44, 53, ], [1552: 28, 58, 70, ], [1556: 5, 49, 77, ], [1560: 9, 47, 53, 59, ], [1564: 0, 3, 52, ], [1571: 2, 40, 55, 65, ], [1575: 7, 19, 43, 71, ], [1579: 9, 76, ], [1580: 3, 79, ], [1581: 26, 42, 75, ], [1583: 6, 23, 72, ], [1585: 26, 67, ], [1587: 15, 78, ], [1589: 3, 43, 60, ], [1590: 53, 74, ], [1592: 56, 73, ], ]
edge deletions: 90
edge additions: 52
vertex splittings: 162
cost of solution: 304
time used on iteration: 39.3948
best solution found at iteration 41106
omega: 0.11316
ONMI: 0.0758952
Majority accuracy: 0.9
Majority inaccuracy: 0.1125
EQ: 0.288864
------------------
iteration 3: [[0: 0, 2, 3, 4, 5, 6, 7, 9, 10, 14, 15, 16, 19, 20, 23, 24, 26, 27, 30, 34, ], [1: 0, 1, 2, 3, 8, 9, 11, 12, 13, 14, 15, 17, 18, 21, 22, 26, 31, 33, 34, 35, 39, ], [52: 12, 32, 39, 41, 50, ], [207: 1, 4, 5, 7, 11, 27, ], [418: 5, 10, 17, 19, 25, ], [651: 4, 6, 7, 16, 23, 25, 28, 36, 38, 39, ], [695: 27, 29, 32, 33, 34, 40, ], [706: 18, 22, 42, 44, 46, ], [808: 1, 6, 13, 18, 19, 20, 35, 39, ], [851: 8, 26, 27, 41, 46, ], [1024: 4, 8, 10, 16, 31, 35, 36, ], [1236: 2, 8, 32, 44, 54, 55, ], [1283: 4, 18, 24, 35, 40, ], [1537: 14, 24, 27, 30, 36, 37, 51, ], [1570: 4, 6, 15, 25, 28, 33, 37, ], [1574: 7, 16, 18, 48, ], [1610: 3, 21, 44, 52, 53, ], [1631: 15, 31, 42, 49, ], [1662: 18, 63, 66, ], [1729: 11, 33, 46, 56, 57, ], [1766: 3, 11, 28, 31, 45, ], [1783: 5, 10, 20, 24, 33, 38, ], [1784: 3, 43, 60, ], [1816: 29, 41, 54, 58, ], [1836: 2, 41, 63, ], [1847: 1, 34, 41, 42, ], [1871: 30, 51, 62, 70, ], [1882: 29, 55, 58, 62, ], [1891: 17, 34, 45, 53, 64, ], [1925: 9, 47, 59, ], [1935: 26, 36, 42, 62, ], [1972: 5, 49, 77, ], [1995: 2, 40, 65, ], [2021: 40, 54, 69, ], [2059: 43, 53, 68, ], [2066: 13, 21, 27, 30, ], [2070: 21, 51, 66, ], [2111: 5, 27, 28, 58, ], [2178: 61, ], [2187: 72, ], [2200: 71, ], [2201: 73, ], [2202: 75, ], [2204: 67, ], [2207: 79, ], [2211: 78, ], [2212: 76, ], [2213: 74, ], ]
edge deletions: 119
edge additions: 44
vertex splittings: 142
cost of solution: 305
time used on iteration: 40.6925
best solution found at iteration 75700
omega: 0.107816
ONMI: 0.0741535
Majority accuracy: 0.925
Majority inaccuracy: 0.15
EQ: 0.290655
------------------
iteration 4: [[14: 0, 1, 2, 3, 4, 5, 6, 7, 9, 10, 14, 19, 20, 23, 24, 26, 27, 34, ], [22: 1, 2, 3, 8, 9, 11, 12, 13, 14, 15, 17, 18, 21, 22, 26, 33, 39, ], [36: 4, 5, 6, 7, 10, 14, 16, 23, 24, 25, 30, 36, 38, 39, ], [82: 29, 55, 58, 62, ], [186: 0, 9, 10, 16, 31, 35, 36, ], [301: 2, 5, 15, 16, 20, 28, 33, 38, ], [313: 8, 16, 17, 27, 41, 58, ], [361: 6, 13, 18, 19, 20, 35, 39, ], [526: 1, 15, 22, 31, 34, 42, ], [651: 14, 31, 61, ], [764: 0, 4, 6, 14, 15, 27, 30, 33, 37, ], [928: 18, 41, 42, 44, 46, 50, ], [1029: 4, 18, 24, 33, 34, 35, 40, ], [1066: 11, 26, 36, 42, 62, ], [1101: 27, 29, 32, 33, 34, 40, 41, ], [1131: 17, 34, 45, 53, 64, ], [1208: 12, 31, 32, 39, 50, ], [1257: 13, 21, 26, 27, 30, 34, ], [1295: 10, 15, 17, 25, 26, 31, 33, 49, ], [1311: 11, 22, 26, 35, 46, ], [1343: 14, 30, 51, 62, 70, ], [1388: 2, 8, 32, 44, 54, 55, ], [1447: 3, 11, 20, 28, 45, ], [1544: 2, 4, 8, 11, 31, 34, ], [1628: 7, 16, 18, 19, 48, ], [1660: 7, 12, 15, 19, 43, ], [1674: 7, 11, 27, 28, 36, ], [1701: 11, 33, 56, 57, ], [1702: 29, 42, 49, ], [1708: 2, 33, 35, 64, ], [1713: 9, 47, 59, ], [1729: 5, 49, 77, ], [1754: 40, 54, 69, ], [1796: 18, 63, 66, ], [1810: 0, 5, 11, 17, 18, ], [1816: 35, 43, 53, 68, ], [1834: 2, 41, 54, 63, ], [1893: 2, 40, 56, 65, ], [1910: 3, 43, 60, ], [1948: 3, 21, 44, 52, 53, ], [1969: 21, 51, 66, ], [2358: 16, 23, 72, ], [2360: 79, ], [2361: 15, 78, ], [2363: 56, 73, ], [2364: 12, 26, 67, ], [2365: 74, ], [2366: 19, 71, ], [2367: 76, ], [2368: 26, 42, 75, ], ]
edge deletions: 89
edge additions: 36
vertex splittings: 179
cost of solution: 304
time used on iteration: 39.4823
best solution found at iteration 92339
omega: 0.10085
ONMI: 0.0737556
Majority accuracy: 0.9375
Majority inaccuracy: 0.175
EQ: 0.276455
------------------
