instance: ../../../FARZgraphs/FARZ_500_edges_50.gml
nodes: 50
edges: 572
runs: 5
operations per iteration: 2000
best solution:
[[0: 2, 12, 20, 24, 26, 27, 34, 39, 42, ], [1: 2, 3, 11, 27, 28, 36, 40, ], [2: 11, 19, 31, 45, ], [3: 0, 2, 3, 5, 6, 7, 8, 9, 11, 13, 14, 15, 16, 19, 21, 25, 27, 28, 32, 35, ], [4: 0, 1, 2, 7, 8, 9, 10, 17, 24, 25, 26, 27, 37, 41, ], [5: 1, 4, 5, 6, 10, 12, 13, 15, 18, 20, 21, 22, 23, 24, 29, 30, 31, 32, 33, 35, ], [6: 5, 13, 16, 23, 26, 31, 33, 34, 39, ], [7: 25, 33, 37, 44, ], [8: 22, 34, 47, ], [9: 0, 2, 4, 7, 12, 16, 18, 22, 45, ], [10: 5, 18, 22, 38, 46, ], [11: 8, 17, 24, 26, 44, 48, ], [12: 7, 20, 30, 38, ], [13: 3, 4, 9, 33, ], [14: 19, 26, 32, 35, 37, ], [15: 43, ], [16: 49, ], ]
cost of best solution: 167
average cost of solutions: 169.8
average last operation finding best solution: 990
average runtime: 3.46423
------------------
average time of add_all_nodes_to_neighbours: 0.002205
average time of random_choice_split: 0.0002206
average time of weighted_random_merge: 0.00262542
average time of label_propagation_round 0.00339916
average time of remove_nodes_ 0.000387065
average time of add_node_to_all 0.000848942
------------------
average improvement of add_all_nodes_to_neighbours -0.578776
per second: -262.483
average improvement of random_choice_split 0.437069
per second: 1981.27
average improvement of weighted_random_merge -0.188654
per second: -71.8568
average improvement of label_propagation_round -3.80915
per second: -1120.61
average improvement of remove_nodes_ -10.0196
per second: -25886
average improvement of add_node_to_all 17.3914
per second: 20485.9
all solutions:
------------------
iteration 0: [[0: 5, 18, 22, 38, 46, ], [1: 2, 3, 11, 14, 19, 28, 35, 36, 37, 40, ], [2: 2, 5, 12, 13, 16, 20, 24, 26, 27, 31, 34, 39, 42, ], [3: 0, 1, 4, 5, 6, 7, 10, 12, 13, 15, 16, 18, 20, 21, 22, 23, 24, 29, 30, 31, 32, 33, 35, ], [4: 11, 19, 31, 45, ], [5: 0, 2, 3, 5, 6, 7, 8, 9, 11, 13, 14, 15, 16, 19, 21, 25, 27, 28, 32, ], [6: 22, 34, 47, ], [7: 8, 17, 24, 26, 44, 48, ], [8: 1, 3, 4, 9, 25, 33, ], [9: 0, 1, 2, 7, 8, 9, 10, 17, 24, 25, 26, 27, 37, 41, ], [10: 43, ], [11: 49, ], ]
edge deletions: 67
edge additions: 49
vertex splittings: 55
cost of solution: 171
time used on iteration: 3.4069
best solution found at iteration 79
------------------
iteration 1: [[0: 2, 12, 20, 24, 26, 27, 34, 39, 42, ], [1: 2, 3, 11, 27, 28, 36, 40, ], [2: 11, 19, 31, 45, ], [3: 0, 2, 3, 5, 6, 7, 8, 9, 11, 13, 14, 15, 16, 19, 21, 25, 27, 28, 32, 35, ], [4: 0, 1, 2, 7, 8, 9, 10, 17, 24, 25, 26, 27, 37, 41, ], [5: 1, 4, 5, 6, 10, 12, 13, 15, 18, 20, 21, 22, 23, 24, 29, 30, 31, 32, 33, 35, ], [6: 5, 13, 16, 23, 26, 31, 33, 34, 39, ], [7: 25, 33, 37, 44, ], [8: 22, 34, 47, ], [9: 0, 2, 4, 7, 12, 16, 18, 22, 45, ], [10: 5, 18, 22, 38, 46, ], [11: 8, 17, 24, 26, 44, 48, ], [12: 7, 20, 30, 38, ], [13: 3, 4, 9, 33, ], [14: 19, 26, 32, 35, 37, ], [15: 43, ], [16: 49, ], ]
edge deletions: 56
edge additions: 36
vertex splittings: 75
cost of solution: 167
time used on iteration: 3.44613
best solution found at iteration 1792
------------------
iteration 2: [[0: 0, 2, 3, 5, 6, 7, 8, 9, 11, 13, 14, 15, 16, 19, 21, 25, 27, 28, 32, ], [1: 2, 3, 11, 14, 19, 28, 35, 36, 37, 40, ], [2: 2, 12, 20, 24, 26, 27, 34, 39, 42, ], [3: 0, 1, 2, 7, 8, 9, 10, 17, 24, 25, 26, 27, 37, 41, ], [4: 5, 13, 16, 26, 31, 34, 39, ], [5: 19, 23, 31, 45, ], [6: 5, 18, 22, 38, 46, ], [7: 11, 12, 45, ], [8: 25, 26, 33, 37, 44, ], [9: 22, 34, 47, ], [10: 43, ], [11: 8, 17, 24, 44, 48, ], [12: 0, 1, 4, 5, 6, 7, 10, 12, 13, 15, 16, 18, 20, 21, 22, 23, 24, 29, 30, 31, 32, 33, 35, ], [13: 2, 4, 9, 22, 39, ], [14: 49, ], ]
edge deletions: 61
edge additions: 45
vertex splittings: 64
cost of solution: 170
time used on iteration: 3.34634
best solution found at iteration 1483
------------------
iteration 3: [[0: 2, 12, 20, 24, 26, 27, 34, 39, 42, ], [1: 0, 2, 3, 5, 6, 7, 8, 9, 11, 13, 14, 15, 16, 19, 21, 25, 27, 28, 32, ], [2: 0, 1, 4, 5, 6, 7, 10, 12, 13, 15, 16, 18, 20, 21, 22, 23, 24, 29, 30, 31, 32, 33, 35, ], [3: 0, 1, 2, 7, 8, 9, 10, 17, 24, 25, 26, 27, 37, 41, ], [4: 2, 3, 11, 14, 19, 28, 35, 36, 37, 40, ], [5: 8, 17, 24, 26, 44, 48, ], [6: 2, 22, 45, ], [7: 22, 34, 47, ], [8: 5, 13, 16, 26, 31, 34, 39, ], [9: 43, ], [10: 5, 18, 22, 38, 46, ], [11: 19, 23, 31, 45, ], [12: 49, ], ]
edge deletions: 72
edge additions: 44
vertex splittings: 55
cost of solution: 171
time used on iteration: 3.54978
best solution found at iteration 41
------------------
iteration 4: [[0: 0, 2, 3, 5, 6, 7, 8, 9, 11, 14, 15, 16, 19, 21, 25, 27, 28, 32, 35, 37, ], [1: 0, 7, 11, 19, 26, 31, 32, 45, ], [2: 2, 5, 12, 20, 24, 26, 27, 34, 39, 42, ], [3: 1, 2, 4, 8, 9, 10, 24, 25, 41, ], [4: 2, 3, 11, 27, 28, 36, 40, ], [5: 0, 1, 4, 5, 6, 7, 10, 12, 13, 15, 18, 20, 21, 22, 23, 24, 29, 30, 31, 32, 33, 35, ], [6: 13, 16, 22, 23, 31, 34, 39, ], [7: 2, 8, 9, 10, 11, 12, 13, 16, 17, 26, 27, ], [8: 2, 22, 45, ], [9: 17, 24, 25, 26, 33, 37, 44, ], [10: 5, 18, 22, 38, 46, ], [11: 34, 47, ], [12: 8, 17, 48, ], [13: 43, 46, ], [14: 49, ], ]
edge deletions: 63
edge additions: 40
vertex splittings: 67
cost of solution: 170
time used on iteration: 3.57199
best solution found at iteration 1555
------------------
