instance: ../../../../../Master/sparse_consistency/data/FARZ_consistency_10.gml
nodes: 80
edges: 822
runs: 5
operations per iteration: 100000
best solution:
[[14: 0, 1, 2, 3, 4, 5, 6, 7, 8, 9, 10, 11, 12, 13, 14, 15, 16, 17, 18, 19, 20, 21, 23, 24, 25, 26, 27, 29, 30, 31, 32, 35, 37, ], [22: 9, 10, 12, 17, 24, 39, 46, ], [65: 18, 34, 35, 37, 46, 49, 58, ], [71: 1, 36, 40, 51, ], [110: 15, 22, 31, 45, 51, ], [344: 1, 11, 12, 27, 38, 45, 50, ], [577: 20, 32, 36, 45, 46, ], [642: 5, 6, 11, 19, 24, 29, 34, 42, ], [792: 16, 17, 39, 41, 47, ], [957: 12, 22, 34, 35, 42, 52, ], [1114: 0, 22, 32, 37, 38, 41, ], [1174: 44, 46, 53, 54, 59, ], [1341: 0, 7, 17, 34, 43, 48, ], [1381: 20, 25, 28, 50, 54, 58, ], [1382: 15, 45, 53, 57, ], [1534: 27, 40, 41, 43, ], [1566: 2, 11, 56, 62, ], [1579: 2, 34, 54, ], [1597: 1, 52, 55, ], [1624: 13, 38, 67, ], [1628: 6, 10, 21, 33, 41, 43, ], [1632: 6, 9, 13, 18, 28, 36, ], [1646: 1, 4, 7, 27, 30, 38, 39, 46, ], [1667: 45, 68, 70, ], [1673: 17, 58, 71, ], [1676: 15, 28, 50, 75, ], [1722: 17, 61, ], [1724: 8, 37, 50, 51, ], [1740: 54, 60, 65, ], [1742: 8, 12, 28, 31, 45, 49, ], [1749: 31, 63, 69, ], [1755: 72, ], [1764: 76, ], [1766: 37, 65, 78, ], [1768: 33, 64, 71, ], [1769: 79, ], [1771: 19, 22, 25, 43, ], [1773: 77, ], [1775: 66, ], [1776: 73, ], [1777: 74, ], ]
cost of best solution: 291
average cost of solutions: 291.4
average last operation finding best solution: 45133.6
average runtime: 38.9246
------------------
average time of add_all_nodes_to_neighbours: 0
average time of random_choice_split: 0
average time of weighted_random_merge: 0
average time of label_propagation_round 0
average time of remove_nodes_ 0
average time of add_node_to_all 0
------------------
average improvement of add_all_nodes_to_neighbours -0.0555225
per second: -inf
average improvement of random_choice_split 0.114375
per second: inf
average improvement of weighted_random_merge -0.227318
per second: -inf
average improvement of label_propagation_round 0.0857396
per second: inf
average improvement of remove_nodes_ 0.224993
per second: inf
average improvement of add_node_to_all 0.145264
per second: inf
all solutions:
------------------
iteration 0: [[14: 0, 1, 2, 3, 4, 5, 6, 7, 8, 9, 10, 11, 12, 13, 14, 15, 16, 17, 18, 19, 20, 21, 23, 24, 25, 26, 27, 29, 30, 31, 32, 35, 37, ], [22: 9, 10, 12, 17, 24, 39, 46, ], [65: 18, 34, 35, 37, 46, 49, 58, ], [71: 1, 36, 40, 51, ], [110: 15, 22, 31, 45, 51, ], [344: 1, 11, 12, 27, 38, 45, 50, ], [577: 20, 32, 36, 45, 46, ], [642: 5, 6, 11, 19, 24, 29, 34, 42, ], [792: 16, 17, 39, 41, 47, ], [957: 12, 22, 34, 35, 42, 52, ], [1114: 0, 22, 32, 37, 38, 41, ], [1174: 44, 46, 53, 54, 59, ], [1341: 0, 7, 17, 34, 43, 48, ], [1381: 20, 25, 28, 50, 54, 58, ], [1382: 15, 45, 53, 57, ], [1534: 27, 40, 41, 43, ], [1566: 2, 11, 56, 62, ], [1579: 2, 34, 54, ], [1597: 1, 52, 55, ], [1624: 13, 38, 67, ], [1628: 6, 10, 21, 33, 41, 43, ], [1632: 6, 9, 13, 18, 28, 36, ], [1646: 1, 4, 7, 27, 30, 38, 39, 46, ], [1667: 45, 68, 70, ], [1673: 17, 58, 71, ], [1676: 15, 28, 50, 75, ], [1722: 17, 61, ], [1724: 8, 37, 50, 51, ], [1740: 54, 60, 65, ], [1742: 8, 12, 28, 31, 45, 49, ], [1749: 31, 63, 69, ], [1755: 72, ], [1764: 76, ], [1766: 37, 65, 78, ], [1768: 33, 64, 71, ], [1769: 79, ], [1771: 19, 22, 25, 43, ], [1773: 77, ], [1775: 66, ], [1776: 73, ], [1777: 74, ], ]
edge deletions: 108
edge additions: 67
vertex splittings: 116
cost of solution: 291
time used on iteration: 51.8122
best solution found at iteration 49214
omega: 0.0478394
ONMI: 0.0772942
Majority accuracy: 0.8875
Majority inaccuracy: 0.2125
EQ: 0.356697
------------------
iteration 1: [[0: 0, 1, 2, 3, 4, 5, 6, 7, 8, 9, 10, 11, 12, 13, 14, 15, 16, 17, 18, 19, 20, 21, 23, 24, 25, 26, 27, 29, 30, 31, 32, 35, 37, ], [20: 20, 32, 36, 45, 46, ], [61: 5, 6, 11, 19, 24, 29, 34, 42, ], [86: 0, 7, 17, 34, 43, 48, ], [150: 1, 11, 12, 27, 38, 45, 50, ], [247: 18, 34, 35, 46, 49, 58, ], [389: 8, 12, 14, 28, 31, 37, 45, 49, ], [934: 6, 9, 13, 18, 28, 36, ], [960: 15, 22, 37, 45, 50, 51, ], [1045: 6, 10, 21, 33, 41, 43, ], [1063: 1, 36, 40, 51, ], [1079: 44, 46, 53, 54, 59, ], [1208: 22, 25, 40, 43, ], [1249: 36, 39, 41, 57, ], [1390: 1, 9, 10, 17, 24, 27, 30, 39, 46, ], [1418: 0, 3, 22, 23, 32, 37, 38, 41, ], [1440: 2, 20, 25, 28, 54, 58, ], [1486: 7, 12, 22, 25, 31, 34, 37, 46, ], [1504: 1, 52, 55, ], [1542: 54, 60, 65, ], [1558: 16, 17, 41, 47, ], [1585: 17, 58, 71, ], [1607: 15, 45, 53, 57, ], [1610: 17, 29, 61, ], [1618: 4, 7, 30, 38, 39, ], [1619: 15, 28, 75, ], [1622: 45, 68, 70, ], [1646: 31, 63, 69, ], [1648: 13, 38, 67, ], [1650: 37, 65, 78, ], [1673: 35, 42, 52, ], [1680: 31, 74, ], [1683: 64, 76, ], [1686: 72, ], [1689: 14, 73, ], [1690: 79, ], [1691: 2, 11, 56, 62, ], [1692: 43, 47, 57, ], [1693: 69, 77, ], [1694: 66, ], ]
edge deletions: 105
edge additions: 67
vertex splittings: 120
cost of solution: 292
time used on iteration: 34.7097
best solution found at iteration 42921
omega: 0.049869
ONMI: 0.0778189
Majority accuracy: 0.9125
Majority inaccuracy: 0.2
EQ: 0.34175
------------------
iteration 2: [[0: 0, 1, 2, 3, 4, 5, 6, 7, 8, 9, 10, 11, 12, 13, 14, 15, 16, 17, 18, 19, 20, 21, 23, 24, 25, 26, 27, 29, 30, 31, 32, 35, 37, ], [28: 8, 12, 14, 28, 31, 37, 49, ], [36: 18, 31, 34, 35, 37, 46, 49, 58, ], [50: 8, 15, 22, 31, 37, 45, 50, 51, ], [189: 20, 32, 36, 45, 46, ], [220: 0, 7, 17, 34, 43, 48, ], [381: 5, 6, 11, 19, 24, 29, 34, 42, ], [604: 44, 46, 53, 54, 59, ], [658: 16, 17, 27, 39, 41, ], [865: 1, 36, 40, 51, ], [945: 0, 3, 7, 22, 38, ], [991: 1, 11, 12, 27, 38, 45, 50, ], [1236: 13, 38, 67, ], [1239: 15, 45, 53, 57, ], [1291: 1, 7, 9, 10, 12, 24, 27, 30, 39, 46, ], [1353: 19, 22, 25, 32, 43, ], [1360: 20, 25, 28, 50, 54, 58, ], [1391: 12, 22, 34, 35, 42, 52, ], [1459: 6, 9, 13, 18, 28, 36, ], [1471: 40, 41, 43, 47, 57, ], [1473: 6, 10, 21, 33, 41, 43, ], [1474: 2, 11, 56, 62, ], [1530: 33, 64, 71, ], [1541: 0, 32, 37, 38, 41, ], [1545: 4, 17, 25, 44, 46, ], [1548: 54, 60, 65, ], [1589: 31, 63, 69, ], [1593: 15, 28, 75, ], [1597: 42, 61, ], [1599: 37, 65, 78, ], [1600: 1, 52, 55, ], [1608: 8, 37, 72, ], [1610: 69, 77, ], [1612: 27, 66, ], [1615: 45, 68, 70, ], [1617: 8, 79, ], [1618: 64, 76, ], [1619: 31, 74, ], [1620: 73, ], ]
edge deletions: 99
edge additions: 69
vertex splittings: 123
cost of solution: 291
time used on iteration: 34.4447
best solution found at iteration 42120
omega: 0.0518514
ONMI: 0.0780205
Majority accuracy: 0.925
Majority inaccuracy: 0.2
EQ: 0.350454
------------------
iteration 3: [[0: 0, 1, 2, 3, 4, 5, 6, 7, 8, 9, 10, 11, 12, 13, 14, 15, 16, 17, 18, 19, 20, 21, 23, 24, 25, 26, 27, 29, 30, 31, 32, 35, 37, ], [1: 1, 11, 12, 27, 38, 45, 50, ], [48: 0, 7, 17, 34, 43, 48, ], [256: 3, 7, 22, 38, ], [413: 8, 12, 14, 28, 31, 37, 45, 49, ], [573: 19, 22, 25, 40, 43, ], [656: 1, 36, 40, 51, ], [718: 20, 22, 32, 36, 45, 46, ], [751: 18, 34, 35, 46, 49, 58, ], [761: 22, 35, 36, 42, ], [1009: 20, 25, 28, 54, 58, ], [1081: 6, 9, 13, 18, 28, 36, ], [1132: 44, 46, 53, 54, 59, ], [1201: 6, 10, 21, 33, 41, 43, ], [1262: 5, 6, 11, 19, 24, 29, 34, 42, ], [1333: 1, 4, 7, 9, 10, 12, 17, 24, 27, 30, 39, 46, ], [1406: 13, 38, 67, ], [1439: 36, 41, 57, ], [1459: 16, 17, 41, 47, ], [1483: 15, 22, 37, 50, 51, ], [1487: 15, 45, 53, 57, ], [1500: 1, 52, 55, ], [1514: 4, 43, 47, 57, ], [1516: 31, 47, 51, ], [1527: 0, 11, 32, 37, 38, 41, ], [1555: 54, 60, 65, ], [1567: 2, 11, 56, 62, ], [1596: 17, 58, 71, ], [1602: 31, 63, 69, ], [1606: 33, 64, 71, ], [1609: 16, 37, 72, ], [1636: 15, 28, 75, ], [1656: 45, 68, 70, ], [1667: 12, 22, 25, 31, 34, 37, 46, ], [1682: 37, 65, 78, ], [1687: 20, 66, ], [1692: 61, ], [1693: 79, ], [1697: 14, 73, ], [1698: 76, ], [1699: 77, ], [1700: 18, 31, 74, ], ]
edge deletions: 100
edge additions: 65
vertex splittings: 126
cost of solution: 291
time used on iteration: 35.2726
best solution found at iteration 46992
omega: 0.0542993
ONMI: 0.0792959
Majority accuracy: 0.8875
Majority inaccuracy: 0.2125
EQ: 0.346207
------------------
iteration 4: [[0: 0, 1, 2, 3, 4, 5, 6, 7, 8, 9, 10, 11, 12, 13, 14, 15, 16, 17, 18, 19, 20, 21, 23, 24, 25, 26, 27, 29, 30, 31, 32, 35, 37, ], [30: 15, 22, 37, 45, 50, 51, ], [49: 18, 34, 35, 46, 49, 58, ], [194: 0, 7, 17, 34, 43, 48, ], [319: 1, 4, 7, 12, 30, 38, 39, 46, ], [670: 20, 32, 36, 45, 46, ], [750: 12, 19, 22, 34, 35, 42, 52, ], [801: 1, 36, 40, 51, ], [877: 44, 46, 53, 54, 59, ], [1012: 0, 22, 32, 37, 38, 41, ], [1028: 8, 12, 14, 28, 31, 37, 45, 49, ], [1058: 3, 22, 25, 40, ], [1111: 15, 20, 25, 28, 50, 54, 58, ], [1118: 15, 45, 53, 57, ], [1139: 1, 11, 12, 27, 38, 45, 50, ], [1185: 5, 6, 11, 24, 34, 42, ], [1223: 9, 10, 17, 24, 27, 39, 46, ], [1236: 2, 11, 56, 62, ], [1239: 16, 17, 39, 41, 47, ], [1284: 37, 65, 78, ], [1309: 9, 25, 31, 34, 37, 46, ], [1317: 13, 38, 67, ], [1355: 33, 64, 71, ], [1366: 1, 52, 55, ], [1397: 6, 9, 13, 18, 28, 36, ], [1454: 54, 60, 65, ], [1461: 6, 10, 21, 33, 41, 43, ], [1467: 27, 40, 41, 43, 47, 57, ], [1477: 15, 75, ], [1478: 45, 68, 70, ], [1480: 17, 58, 71, ], [1526: 2, 34, 54, ], [1536: 31, 47, 51, ], [1546: 29, 42, 61, ], [1550: 8, 16, 72, ], [1552: 66, ], [1554: 31, 63, 69, ], [1574: 76, ], [1575: 74, ], [1579: 77, ], [1580: 79, ], [1581: 14, 73, ], ]
edge deletions: 92
edge additions: 73
vertex splittings: 127
cost of solution: 292
time used on iteration: 38.3836
best solution found at iteration 44421
omega: 0.0543402
ONMI: 0.0781008
Majority accuracy: 0.9125
Majority inaccuracy: 0.2125
EQ: 0.339012
------------------
