instance: ../../../FARZgraphs/FARZ3.gml
nodes: 250
edges: 2236
runs: 5
operations per iteration: 80000
best solution:
[[0: 31, 47, 69, 95, 102, 116, ], [1: 21, 26, 55, 71, 74, 98, ], [2: 13, 20, 22, 23, 47, 55, 66, 78, ], [3: 57, 67, 99, 141, ], [4: 4, 24, 49, 53, 54, 55, ], [5: 45, 88, 104, 129, 146, 147, ], [6: 49, 91, 99, 117, 175, ], [7: 38, 71, 143, 169, ], [8: 13, 27, 30, 33, 39, 64, 68, 80, ], [9: 0, 12, 16, 27, 37, 39, 58, 75, ], [10: 0, 3, 17, 22, 25, 45, 93, ], [11: 29, 139, 154, 170, ], [12: 79, 96, 131, 150, 155, 161, ], [13: 11, 27, 33, 35, 51, 105, 118, ], [14: 12, 38, 60, 65, 72, 86, ], [15: 23, 24, 28, 30, 33, 34, 45, 68, ], [16: 1, 6, 8, 9, 16, 21, 32, 43, 48, ], [17: 10, 15, 20, 30, 36, 43, ], [18: 31, 35, 45, 51, 80, 83, ], [19: 12, 50, 70, 123, 126, ], [20: 15, 19, 23, 29, 35, 37, 41, 64, 80, ], [21: 20, 34, 41, 49, 77, ], [22: 47, 48, 52, 56, 58, 119, ], [23: 84, 116, 124, 134, ], [24: 8, 16, 21, 41, 49, 80, 84, ], [25: 7, 22, 55, 61, 86, 110, 120, ], [26: 1, 3, 5, 8, 14, 17, 24, 34, 35, ], [27: 3, 8, 9, 14, 25, 30, 37, 42, 48, 51, ], [28: 0, 1, 2, 3, 4, 5, 6, 7, 8, 9, 10, 11, 12, 13, 14, 15, 16, 17, 18, 19, 20, 21, 24, 25, 26, 28, 29, ], [29: 2, 33, 56, 59, 64, ], [30: 41, 48, 69, 106, 109, ], [31: 9, 20, 27, 34, 51, 55, ], [32: 4, 5, 31, 32, 46, 55, 59, 68, ], [33: 0, 43, 66, 79, ], [34: 42, 58, 68, 74, ], [35: 14, 50, 74, 86, 90, ], [36: 33, 46, 73, 97, 138, ], [37: 6, 51, 103, 168, ], [38: 9, 11, 22, 136, 149, ], [39: 60, 70, 181, ], [40: 4, 20, 32, 49, 65, 81, ], [41: 1, 21, 63, 86, 101, ], [42: 7, 10, 23, 58, 92, ], [43: 51, 61, 87, 111, ], [44: 18, 19, 70, 73, 77, ], [45: 49, 59, 63, 101, ], [46: 6, 22, 66, 91, ], [47: 1, 14, 17, 37, 53, 55, ], [48: 3, 11, 17, 23, 38, 88, ], [49: 42, 133, 178, 222, ], [50: 113, 172, 196, ], [51: 30, 78, 97, 101, ], [52: 28, 47, 51, 59, 73, ], [53: 71, 72, 90, 158, ], [54: 9, 16, 54, 77, 93, ], [55: 0, 2, 12, 19, 23, 30, 38, 52, ], [56: 17, 19, 29, 33, 154, ], [57: 3, 39, 60, 79, 121, ], [58: 35, 77, 113, 134, ], [59: 75, 103, 109, 129, ], [60: 18, 39, 50, 53, 56, 60, ], [61: 38, 43, 59, 82, 87, ], [62: 45, 122, 165, ], [63: 11, 31, 36, 59, 80, ], [64: 4, 52, 53, 65, 73, 83, ], [65: 3, 28, 41, 87, ], [66: 76, 110, 152, 182, ], [67: 52, 89, 119, 153, 183, 189, ], [68: 24, 46, 56, 65, 75, ], [69: 29, 74, 106, 142, 154, ], [70: 14, 112, 117, 130, ], [71: 5, 18, 22, 23, 34, 86, ], [72: 1, 22, 46, 76, 120, ], [73: 7, 20, 40, 169, ], [74: 61, 78, 91, 103, ], [75: 70, 83, 84, 93, 110, ], [76: 0, 1, 8, 11, 12, 14, 22, 24, 32, 41, 55, ], [77: 27, 67, 98, 100, 130, ], [78: 15, 44, 62, 63, ], [79: 76, 86, 167, 218, ], [80: 44, 61, 110, 133, ], [81: 27, 29, 32, 43, 46, 71, 80, 83, ], [82: 14, 166, 205, ], [83: 11, 209, 231, ], [84: 15, 18, 22, 25, 28, 38, 110, ], [85: 70, 73, 76, 95, 101, ], [86: 1, 4, 17, 18, 22, 26, 30, 65, ], [87: 27, 63, 87, 95, 100, 107, ], [88: 40, 61, 62, 70, 81, 83, ], [89: 8, 17, 33, 48, 75, 83, ], [90: 18, 22, 27, 104, ], [91: 33, 40, 57, 64, 75, ], [92: 2, 8, 54, 95, ], [93: 67, 95, 136, 179, ], [94: 16, 26, 29, 34, 83, 90, ], [95: 10, 13, 15, 37, 42, 64, 79, ], [96: 28, 56, 72, 124, 131, ], [97: 12, 51, 69, 72, ], [98: 82, 114, 136, 173, ], [99: 5, 12, 26, 28, 29, 31, 37, 48, ], [100: 6, 54, 84, 87, 196, ], [101: 26, 32, 55, 187, ], [102: 36, 63, 71, 97, ], [103: 67, 81, 133, 158, 191, ], [104: 2, 26, 33, 36, 42, 43, 49, 52, ], [105: 21, 43, 54, 71, 77, 84, ], [106: 7, 10, 38, 59, 120, ], [107: 91, 96, 193, 221, ], [108: 64, 94, 118, 125, ], [109: 57, 63, 73, 81, ], [110: 118, 120, 140, 172, ], [111: 36, 46, 64, 101, ], [112: 0, 16, 21, 35, 37, 67, ], [113: 141, 150, 192, 225, ], [114: 9, 31, 39, 45, 52, 159, ], [115: 31, 48, 85, 89, ], [116: 40, 44, 52, 111, 167, ], [117: 60, 93, 110, 130, 144, ], [118: 97, 176, 202, ], [119: 17, 188, 190, ], [120: 15, 24, 32, 78, ], [121: 68, 85, 132, ], [122: 61, 71, 140, 180, 185, ], [123: 44, 81, 104, 120, ], [124: 29, 100, 112, 133, ], [125: 8, 66, 80, 160, ], [126: 65, 88, 104, 109, 145, ], [127: 44, 53, 220, ], [128: 6, 39, 53, 74, 75, ], [129: 41, 50, 55, 91, ], [130: 29, 93, 116, ], [131: 148, 155, 164, ], [132: 77, 114, 130, 157, ], [133: 72, 81, 91, ], [134: 29, 40, 50, 66, ], [135: 34, 57, 61, 83, 118, ], [136: 85, 194, 237, ], [137: 148, 161, 175, 192, ], [138: 66, 83, 88, 110, 118, ], [139: 30, 118, 135, ], [140: 99, 133, 144, 154, 211, ], [141: 87, 122, 203, ], [142: 70, 123, 157, 163, ], [143: 11, 45, 63, 108, 115, ], [144: 27, 42, 73, ], [145: 114, 127, 195, ], [146: 6, 30, 80, 219, ], [147: 7, 54, 96, 120, 201, ], [148: 12, 22, 66, 177, ], [149: 5, 74, 99, ], [150: 44, 57, 77, 82, 94, ], [151: 112, 126, 146, ], [152: 48, 197, 244, ], [153: 21, 99, 112, 137, ], [154: 100, 109, 128, 184, 189, ], [155: 16, 151, 203, ], [156: 69, 88, 153, ], [157: 68, 194, 239, ], [158: 3, 92, 96, 198, ], [159: 15, 35, 40, 41, 77, ], [160: 18, 113, 233, ], [161: 85, 102, 107, 108, ], [162: 53, 58, 80, 146, ], [163: 161, 164, 210, ], [164: 13, 62, 106, 162, ], [165: 12, 135, 197, ], [166: 7, 128, 156, ], [167: 119, 184, 197, ], [168: 58, 92, 204, ], [169: 5, 132, 139, 176, ], [170: 42, 87, 97, 105, ], [171: 43, 214, ], [172: 15, 121, 126, ], [173: 16, 78, 106, ], [174: 246, ], [175: 95, 215, 224, 236, ], [176: 10, 27, 70, ], [177: 38, 152, 207, ], [178: 2, 31, 56, 124, ], [179: 34, 69, 83, 90, 229, ], [180: 74, 98, 186, ], [181: 162, 206, ], [182: 23, 88, 171, ], [183: 24, 242, ], [184: 25, 79, 200, ], [185: 56, 223, ], [186: 81, 216, ], [187: 119, 240, ], [188: 86, 228, ], [189: 28, 174, 199, 217, ], [190: 169, 241, ], [191: 233, 243, ], [192: 208, 226, ], [193: 124, 249, ], [194: 10, 40, 230, ], [195: 161, 247, ], [196: 225, 234, ], [197: 207, 235, ], [198: 103, 104, 227, ], [199: 213, ], [200: 136, 248, ], [201: 79, 232, ], [202: 201, 212, ], [203: 238, ], [204: 245, ], ]
cost of best solution: 1276
average cost of solutions: 1279
average last operation finding best solution: 67418
average runtime: 48.5245
------------------
average time of add_all_nodes_to_neighbours: 0.000713622
average time of random_choice_split: 0
average time of weighted_random_merge: 0
average time of label_propagation_round 0.000573631
average time of remove_nodes_ 0.000123836
average time of add_node_to_all 0.0978717
------------------
average improvement of add_all_nodes_to_neighbours -0.0656385
per second: -91.9794
average improvement of random_choice_split 0.115084
per second: inf
average improvement of weighted_random_merge -0.181509
per second: -inf
average improvement of label_propagation_round 0.0149907
per second: 26.133
average improvement of remove_nodes_ 0.295368
per second: 2385.15
average improvement of add_node_to_all 14.6476
per second: 149.661
all solutions:
------------------
iteration 0: [[0: 15, 19, 23, 29, 35, 37, 41, 64, 80, ], [1: 42, 58, 68, 74, ], [2: 3, 13, 39, 42, 64, 73, 79, ], [3: 13, 26, 29, 74, 90, ], [4: 38, 71, 143, 169, ], [5: 49, 91, 99, 175, ], [6: 0, 43, 66, 79, ], [7: 0, 1, 8, 11, 14, 20, 22, 32, 41, 55, ], [8: 7, 15, 22, 38, 61, 86, 110, 120, ], [9: 118, 120, 140, 172, ], [10: 9, 20, 43, 77, 82, ], [11: 21, 27, 29, 32, 46, 71, 80, 83, ], [12: 12, 41, 65, 72, 86, ], [13: 79, 96, 131, 150, 155, 161, ], [14: 17, 22, 26, 65, 75, 83, ], [15: 2, 5, 7, 11, 23, 47, ], [16: 4, 5, 31, 32, 46, 55, 59, 68, ], [17: 0, 16, 21, 27, 35, 37, 67, ], [18: 1, 2, 15, 26, 30, 36, 42, 43, 52, ], [19: 20, 32, 49, 65, 81, ], [20: 47, 48, 52, 56, 58, 119, ], [21: 0, 1, 2, 3, 4, 6, 7, 8, 9, 10, 11, 12, 13, 14, 15, 16, 17, 18, 19, 20, 21, 24, 25, 26, 28, 29, ], [22: 1, 21, 63, 86, 101, ], [23: 8, 9, 14, 25, 28, 30, 37, 42, 48, 51, ], [24: 8, 16, 21, 41, 49, 77, 84, ], [25: 75, 103, 104, 109, 129, ], [26: 15, 40, 44, 57, 61, 62, 63, 81, ], [27: 14, 50, 53, 55, 74, 86, ], [28: 52, 53, 65, 73, 83, ], [29: 51, 61, 87, 111, ], [30: 8, 10, 16, 21, 29, 33, 43, 48, 83, ], [31: 84, 116, 124, 134, ], [32: 28, 47, 51, 59, 73, ], [33: 36, 43, 49, 59, 80, 101, ], [34: 3, 17, 18, 22, 23, 28, 34, 45, ], [35: 2, 26, 33, 34, 49, 52, ], [36: 13, 22, 47, 55, 66, 78, 91, ], [37: 27, 63, 73, 87, 95, 100, 107, ], [38: 6, 11, 13, 31, 33, 35, 51, 80, ], [39: 33, 36, 46, 73, 97, 101, 138, ], [40: 9, 31, 39, 45, 52, 159, ], [41: 38, 60, 72, 82, ], [42: 23, 82, 84, ], [43: 4, 6, 24, 49, 53, 54, ], [44: 21, 55, 71, 74, 98, ], [45: 3, 7, 10, 23, 58, 92, ], [46: 28, 60, 74, 121, ], [47: 18, 70, 73, 76, ], [48: 0, 2, 12, 19, 23, 24, 30, 38, 52, ], [49: 10, 12, 27, 50, 60, 70, ], [50: 15, 16, 20, 24, 32, 78, ], [51: 29, 139, 154, 170, ], [52: 66, 83, 97, 110, 118, ], [53: 20, 23, 34, 41, 66, ], [54: 9, 11, 22, 136, 149, ], [55: 70, 123, 157, 163, ], [56: 30, 70, 101, 126, 135, ], [57: 11, 59, 63, 108, ], [58: 11, 50, 118, ], [59: 36, 63, 71, 97, ], [60: 12, 22, 66, 177, ], [61: 3, 17, 22, 60, 93, ], [62: 11, 24, 33, 45, 68, 115, ], [63: 34, 118, 131, ], [64: 9, 17, 20, 27, 34, 51, 55, ], [65: 16, 37, 39, 53, 58, 75, 80, ], [66: 33, 35, 40, 57, 64, 83, 118, ], [67: 18, 53, 60, 86, 110, ], [68: 71, 72, 90, 158, ], [69: 7, 21, 49, 54, 55, ], [70: 3, 17, 35, 45, 51, 83, 88, ], [71: 3, 28, 38, 41, 42, 87, ], [72: 57, 67, 99, 141, ], [73: 4, 13, 17, 18, 30, 38, 65, ], [74: 4, 5, 22, 24, 25, 34, 46, ], [75: 27, 30, 33, 39, 64, 68, ], [76: 61, 71, 140, 180, 185, ], [77: 93, 110, 130, 144, ], [78: 0, 5, 6, 14, 20, 39, 74, ], [79: 21, 99, 112, 117, 137, ], [80: 31, 48, 83, 85, 89, ], [81: 18, 39, 50, 56, ], [82: 7, 20, 40, 169, ], [83: 46, 56, 64, 75, ], [84: 68, 85, 104, 132, ], [85: 17, 19, 33, 154, ], [86: 77, 114, 157, ], [87: 44, 53, 220, ], [88: 77, 85, 102, 107, ], [89: 6, 43, 54, 84, 87, ], [90: 82, 114, 127, 195, ], [91: 70, 83, 84, 110, ], [92: 1, 5, 8, 14, 16, 24, 34, 35, ], [93: 37, 79, 109, ], [94: 1, 3, 5, 9, 10, 17, 26, 30, 37, 48, ], [95: 26, 32, 55, 187, ], [96: 18, 22, 27, 104, ], [97: 0, 6, 12, 32, 48, 75, ], [98: 29, 40, 41, 50, 66, 80, ], [99: 28, 72, 124, 131, ], [100: 24, 56, 59, 60, 65, ], [101: 2, 28, 31, 33, 56, 124, ], [102: 50, 91, 124, ], [103: 19, 36, 125, 129, ], [104: 30, 78, 97, 115, 146, ], [105: 72, 81, 91, ], [106: 96, 193, 221, ], [107: 44, 82, 94, ], [108: 12, 51, 69, 72, ], [109: 5, 132, 139, 194, ], [110: 9, 16, 54, 77, 93, ], [111: 12, 31, 37, 55, 123, ], [112: 2, 8, 54, 75, 95, ], [113: 65, 88, 104, 109, 145, ], [114: 7, 10, 38, 59, 120, ], [115: 61, 91, 103, 193, ], [116: 45, 63, 122, 165, ], [117: 35, 77, 113, 134, ], [118: 15, 35, 79, 121, ], [119: 86, 167, 218, ], [120: 99, 133, 144, 211, ], [121: 6, 30, 219, ], [122: 34, 69, 83, 90, 229, ], [123: 45, 88, 104, 129, 146, 147, ], [124: 48, 197, 205, 244, ], [125: 53, 80, 160, ], [126: 41, 48, 69, 106, 109, ], [127: 17, 188, 190, ], [128: 29, 74, 106, 142, ], [129: 42, 178, 222, ], [130: 14, 90, 117, ], [131: 31, 47, 69, 95, 102, ], [132: 39, 45, 80, 84, ], [133: 141, 150, 192, ], [134: 13, 62, 106, 162, ], [135: 68, 194, 239, ], [136: 16, 36, 151, 203, ], [137: 27, 67, 98, 100, 130, ], [138: 60, 180, 181, ], [139: 64, 94, 101, 125, ], [140: 29, 100, 112, ], [141: 67, 95, 116, ], [142: 7, 96, 201, ], [143: 11, 36, 125, 166, ], [144: 148, 192, 225, ], [145: 15, 43, 214, ], [146: 27, 33, 42, 51, 105, ], [147: 34, 61, 68, 83, ], [148: 2, 10, 36, 59, 64, ], [149: 121, 134, 155, ], [150: 52, 119, 153, 184, 189, ], [151: 76, 110, 152, 182, ], [152: 74, 99, 137, 154, ], [153: 82, 136, 173, ], [154: 89, 119, 183, ], [155: 46, 47, 65, 116, ], [156: 38, 152, 207, ], [157: 23, 88, 171, ], [158: 100, 109, 128, 184, 189, ], [159: 95, 215, 224, 236, ], [160: 44, 104, 120, 201, ], [161: 97, 176, 202, ], [162: 40, 52, 167, ], [163: 67, 136, 179, ], [164: 11, 194, 209, 231, ], [165: 104, 227, ], [166: 148, 155, 161, 164, ], [167: 18, 113, 233, ], [168: 25, 79, 110, 200, ], [169: 6, 51, 103, 168, ], [170: 14, 166, 205, ], [171: 85, 194, 237, ], [172: 19, 70, 73, 77, 81, ], [173: 67, 81, 133, 158, 191, ], [174: 240, ], [175: 46, 79, 120, ], [176: 70, 95, 181, ], [177: 162, 206, ], [178: 149, 247, ], [179: 241, ], [180: 3, 92, 198, ], [181: 228, ], [182: 7, 27, 128, 156, ], [183: 112, 130, 136, ], [184: 161, 210, ], [185: 232, ], [186: 113, 172, 196, ], [187: 111, 167, 175, ], [188: 28, 174, 199, 217, ], [189: 81, 216, ], [190: 249, ], [191: 74, 186, ], [192: 10, 40, 230, ], [193: 231, 246, ], [194: 136, 248, ], [195: 24, 242, ], [196: 208, 226, ], [197: 235, ], [198: 223, ], [199: 234, ], [200: 92, 204, ], [201: 64, 213, ], [202: 212, 231, ], [203: 233, 243, ], [204: 238, ], [205: 245, ], ]
edge deletions: 464
edge additions: 139
vertex splittings: 676
cost of solution: 1279
time used on iteration: 46.6274
best solution found at iteration 65031
------------------
iteration 1: [[0: 7, 55, 61, 86, 110, 120, ], [1: 33, 36, 43, 49, 59, 80, 101, ], [2: 11, 33, 105, 118, ], [3: 47, 48, 52, 56, 58, 119, ], [4: 7, 23, 47, 58, 92, ], [5: 9, 17, 20, 27, 34, 51, 55, ], [6: 4, 20, 32, 49, 65, 81, ], [7: 8, 16, 20, 21, 34, 41, 49, 77, 84, ], [8: 38, 71, 143, 169, ], [9: 6, 21, 26, 33, 43, 48, ], [10: 4, 5, 31, 32, 46, 55, 59, 68, ], [11: 0, 1, 2, 3, 4, 5, 6, 7, 8, 9, 10, 11, 12, 13, 14, 15, 16, 17, 18, 19, 20, 21, 24, 25, 26, 28, 29, 30, ], [12: 10, 15, 19, 23, 29, 35, 37, 41, 64, 80, ], [13: 8, 10, 29, 33, 35, 40, 43, 83, ], [14: 4, 24, 49, 53, 54, 55, 68, ], [15: 0, 2, 3, 11, 13, 19, 23, 30, 38, ], [16: 75, 103, 104, 109, 129, ], [17: 0, 1, 8, 11, 12, 14, 22, 24, 32, 41, 55, ], [18: 6, 51, 103, 168, ], [19: 0, 3, 13, 37, 39, 73, 79, ], [20: 70, 123, 157, 163, ], [21: 31, 47, 69, 95, 102, ], [22: 84, 116, 124, 134, ], [23: 6, 39, 53, 74, 75, ], [24: 27, 63, 87, 100, 107, ], [25: 17, 23, 24, 28, 33, 34, 45, 52, ], [26: 11, 59, 63, 108, 115, ], [27: 12, 38, 60, 65, 72, 86, ], [28: 12, 31, 39, 52, ], [29: 33, 46, 73, 97, 101, 138, ], [30: 57, 67, 99, 141, ], [31: 21, 27, 29, 32, 46, 71, 80, ], [32: 118, 120, 140, 172, ], [33: 13, 20, 22, 23, 47, 66, 78, ], [34: 8, 9, 14, 25, 26, 28, 30, 34, 37, 42, 48, 51, ], [35: 27, 30, 33, 39, 64, 68, ], [36: 14, 18, 39, 50, 53, ], [37: 1, 2, 26, 36, 42, 43, 49, 52, ], [38: 11, 31, 35, 45, 51, 80, 83, ], [39: 0, 16, 21, 27, 35, 37, 67, ], [40: 1, 21, 63, 86, 101, ], [41: 18, 24, 56, 60, 65, ], [42: 31, 48, 85, 89, ], [43: 51, 61, 87, 111, ], [44: 36, 63, 71, 97, ], [45: 2, 9, 28, 31, 56, 124, ], [46: 0, 16, 37, 48, 58, 75, ], [47: 27, 42, 58, 68, 74, ], [48: 41, 48, 69, 106, ], [49: 18, 22, 27, 45, 104, ], [50: 7, 10, 38, 59, 120, ], [51: 15, 16, 32, 78, ], [52: 79, 96, 131, 150, 155, 161, ], [53: 71, 72, 90, 158, ], [54: 22, 55, 61, 78, 91, ], [55: 4, 15, 18, 22, 25, 28, 38, 110, ], [56: 35, 77, 113, 134, ], [57: 3, 28, 41, 42, 87, ], [58: 9, 11, 22, 136, 149, ], [59: 21, 55, 71, 74, 98, ], [60: 15, 20, 30, 36, 43, ], [61: 40, 57, 64, 75, ], [62: 15, 44, 62, 63, ], [63: 17, 22, 65, 75, 83, ], [64: 25, 45, 124, ], [65: 70, 83, 84, 93, 110, ], [66: 13, 33, 42, 51, 64, 73, 79, ], [67: 15, 40, 77, ], [68: 57, 63, 73, 81, ], [69: 0, 45, 145, ], [70: 88, 110, 118, 131, ], [71: 9, 16, 43, 54, 77, 93, ], [72: 12, 37, 50, 55, 123, ], [73: 93, 110, 130, 144, ], [74: 26, 32, 48, 71, 83, ], [75: 2, 46, 47, 56, 59, 64, ], [76: 28, 72, 124, 131, ], [77: 44, 61, 110, 133, ], [78: 194, 209, 231, ], [79: 3, 17, 22, 60, 93, ], [80: 30, 78, 97, 115, 146, ], [81: 100, 109, 128, 184, 189, ], [82: 2, 8, 54, 75, 95, ], [83: 82, 136, 173, ], [84: 18, 19, 70, 73, 77, ], [85: 50, 60, 70, 74, ], [86: 29, 50, 80, 100, ], [87: 5, 18, 22, 23, 34, 86, ], [88: 6, 54, 84, 196, ], [89: 66, 83, 97, 118, ], [90: 0, 43, 66, 79, ], [91: 42, 178, 222, ], [92: 1, 3, 5, 17, 29, 34, 35, 37, 48, ], [93: 34, 69, 83, 90, 229, ], [94: 15, 35, 79, 121, ], [95: 29, 74, 106, 142, ], [96: 59, 60, 82, ], [97: 7, 128, 156, ], [98: 6, 80, 219, ], [99: 119, 184, 197, ], [100: 70, 73, 76, 95, ], [101: 12, 22, 26, 66, 177, ], [102: 45, 88, 129, 146, 147, ], [103: 40, 41, 50, 91, 124, ], [104: 10, 27, 70, 128, ], [105: 49, 91, 99, 117, 175, ], [106: 76, 110, 152, ], [107: 114, 130, 157, ], [108: 28, 47, 59, 65, 73, ], [109: 53, 58, 66, 80, 160, ], [110: 23, 88, 171, ], [111: 17, 38, 52, 65, 88, ], [112: 12, 30, 70, 101, 126, 135, ], [113: 68, 85, 97, 132, 176, ], [114: 99, 112, 133, 222, ], [115: 67, 95, 100, 136, 179, ], [116: 13, 14, 26, 74, 90, ], [117: 40, 61, 62, 70, 81, ], [118: 12, 51, 69, 72, ], [119: 19, 52, 53, 73, 83, ], [120: 104, 105, 132, 147, ], [121: 57, 61, 83, 118, ], [122: 100, 112, 130, 136, ], [123: 1, 22, 46, 76, 120, ], [124: 28, 174, 199, 217, ], [125: 44, 104, 120, 201, ], [126: 45, 122, 165, ], [127: 14, 21, 112, 117, ], [128: 3, 51, 88, ], [129: 19, 29, 139, 154, 170, ], [130: 5, 132, 139, 194, ], [131: 38, 43, 82, 87, ], [132: 117, 141, 150, 192, ], [133: 64, 94, 101, ], [134: 26, 32, 55, 187, ], [135: 161, 164, 210, ], [136: 52, 89, 119, 153, 183, 189, ], [137: 60, 180, 181, 182, ], [138: 16, 36, 203, ], [139: 40, 44, 52, 111, 167, ], [140: 68, 194, 239, ], [141: 25, 79, 200, ], [142: 86, 167, 218, ], [143: 25, 46, 75, ], [144: 48, 197, 205, 244, ], [145: 74, 99, 137, 154, ], [146: 13, 62, 162, ], [147: 9, 39, 45, 159, ], [148: 7, 20, 40, 169, ], [149: 43, 84, 214, ], [150: 4, 34, 46, 68, 83, ], [151: 29, 93, 116, ], [152: 85, 102, 107, 108, ], [153: 61, 71, 140, 180, 185, ], [154: 44, 57, 77, 82, 94, ], [155: 69, 88, 109, 145, 153, ], [156: 103, 104, 227, ], [157: 17, 188, 190, ], [158: 112, 126, 146, ], [159: 85, 194, 237, ], [160: 230, ], [161: 7, 54, 96, 201, ], [162: 11, 36, 125, 166, ], [163: 95, 215, 224, 236, ], [164: 148, 161, 192, ], [165: 14, 166, 205, ], [166: 228, ], [167: 19, 36, 64, 125, 129, ], [168: 186, ], [169: 3, 92, 96, 198, ], [170: 78, 95, 101, ], [171: 208, 226, ], [172: 38, 152, 207, ], [173: 121, 134, 155, ], [174: 24, 46, 113, ], [175: 149, 247, ], [176: 50, 66, 69, ], [177: 99, 144, 211, ], [178: 82, 114, 127, 195, ], [179: 91, 96, 193, 221, ], [180: 20, 39, 56, ], [181: 67, 81, 133, 158, 191, ], [182: 232, ], [183: 124, 249, ], [184: 225, 234, ], [185: 242, ], [186: 54, 87, 97, 151, ], [187: 97, 176, 202, ], [188: 233, 243, ], [189: 81, 216, ], [190: 241, ], [191: 64, 213, ], [192: 44, 53, 220, ], [193: 162, 206, ], [194: 58, 89, 92, 204, ], [195: 201, 212, ], [196: 248, ], [197: 223, ], [198: 119, 240, ], [199: 246, ], [200: 235, ], [201: 238, ], [202: 245, ], ]
edge deletions: 482
edge additions: 146
vertex splittings: 651
cost of solution: 1279
time used on iteration: 48.6926
best solution found at iteration 76402
------------------
iteration 2: [[0: 47, 48, 52, 56, 58, 119, ], [1: 75, 103, 104, 109, 129, ], [2: 49, 91, 99, 117, 175, ], [3: 15, 19, 23, 29, 35, 37, 41, 64, 80, ], [4: 93, 110, 130, 144, ], [5: 9, 31, 39, 45, 52, 159, ], [6: 12, 38, 60, 65, 72, 86, ], [7: 4, 20, 32, 49, 65, 81, ], [8: 4, 53, 73, 83, ], [9: 0, 1, 8, 11, 12, 14, 22, 32, 41, 55, ], [10: 0, 1, 2, 3, 4, 5, 6, 7, 8, 9, 10, 11, 12, 13, 14, 15, 16, 17, 18, 19, 20, 21, 24, 25, 26, 28, 29, 30, ], [11: 79, 96, 131, 150, 155, 161, ], [12: 24, 49, 53, 54, 55, 68, ], [13: 0, 8, 12, 17, 25, 37, 48, 51, 75, ], [14: 46, 47, 59, 65, 73, ], [15: 57, 67, 99, 141, ], [16: 27, 42, 51, 87, 105, ], [17: 6, 8, 16, 21, 43, 49, 54, 77, 84, ], [18: 3, 17, 23, 24, 28, 33, 34, 35, 45, ], [19: 1, 9, 14, 26, 30, 37, 42, 43, 48, ], [20: 8, 29, 33, 35, 40, 83, ], [21: 6, 14, 21, 28, 33, 35, 48, 51, ], [22: 11, 31, 45, 51, 68, 80, 83, ], [23: 40, 44, 57, 61, 62, 63, 81, ], [24: 36, 63, 71, 97, ], [25: 3, 16, 41, 48, 69, 106, ], [26: 0, 3, 13, 39, 51, 73, 79, ], [27: 1, 21, 63, 86, 101, ], [28: 19, 29, 139, 154, 170, ], [29: 73, 97, 101, 138, ], [30: 7, 22, 55, 61, 86, 110, 120, ], [31: 51, 61, 87, 111, ], [32: 13, 20, 22, 23, 47, 66, 78, ], [33: 70, 101, 135, ], [34: 13, 14, 26, 29, 74, 90, ], [35: 27, 29, 50, 80, 100, ], [36: 2, 3, 15, 25, 30, 36, 38, 42, ], [37: 0, 16, 21, 27, 35, 37, 67, ], [38: 18, 22, 28, 38, 60, 110, ], [39: 33, 36, 43, 46, 49, 59, 64, 80, 101, ], [40: 13, 33, 42, 52, 64, 73, ], [41: 31, 69, 95, 102, ], [42: 6, 51, 103, 168, ], [43: 35, 77, 113, 134, ], [44: 70, 123, 157, 163, ], [45: 38, 71, 143, 169, ], [46: 66, 83, 97, 110, 118, ], [47: 133, 178, 222, ], [48: 2, 26, 34, 43, 49, 52, ], [49: 18, 19, 70, 73, 77, 81, ], [50: 45, 88, 104, 129, 146, 147, ], [51: 50, 60, 70, 74, ], [52: 16, 37, 39, 53, 58, 80, ], [53: 52, 89, 119, 153, 183, 189, ], [54: 55, 61, 78, 91, ], [55: 7, 10, 38, 59, 120, ], [56: 84, 116, 124, 134, ], [57: 4, 5, 31, 32, 46, 55, 59, 68, ], [58: 26, 55, 187, ], [59: 118, 120, 140, 172, ], [60: 2, 56, 64, 75, ], [61: 11, 59, 63, 108, 115, ], [62: 38, 43, 82, 87, ], [63: 27, 63, 87, 100, 107, ], [64: 14, 21, 112, 117, ], [65: 5, 14, 18, 22, 23, 34, 86, ], [66: 15, 16, 24, 32, 78, ], [67: 15, 20, 40, 41, 77, ], [68: 54, 113, 196, ], [69: 22, 46, 65, 75, 83, ], [70: 70, 83, 84, 110, ], [71: 0, 2, 12, 13, 19, 23, 38, 52, ], [72: 18, 22, 27, 45, 104, ], [73: 9, 11, 22, 136, 149, ], [74: 71, 72, 90, 158, ], [75: 1, 4, 22, 24, 25, 34, 46, ], [76: 8, 29, 34, 43, 66, ], [77: 3, 17, 22, 60, 93, ], [78: 18, 24, 56, 60, 65, ], [79: 70, 73, 76, 95, ], [80: 67, 81, 133, 158, 191, ], [81: 45, 63, 122, 165, ], [82: 9, 17, 20, 27, 34, 51, 55, ], [83: 44, 120, 201, ], [84: 12, 13, 31, 37, 55, ], [85: 2, 54, 71, 95, ], [86: 21, 55, 71, 74, 98, ], [87: 7, 128, 156, ], [88: 0, 58, 66, ], [89: 12, 50, 55, 123, ], [90: 21, 27, 32, 46, 71, 80, ], [91: 88, 109, 145, ], [92: 194, 209, 231, ], [93: 10, 12, 27, 70, ], [94: 10, 19, 26, 33, 36, ], [95: 100, 109, 128, 184, 189, ], [96: 15, 63, 79, 86, ], [97: 26, 29, 32, 48, 71, 83, ], [98: 3, 7, 10, 23, 58, 92, ], [99: 31, 48, 85, 89, ], [100: 34, 61, 118, ], [101: 9, 54, 77, 93, ], [102: 27, 30, 33, 39, 64, 68, ], [103: 95, 215, 224, 236, ], [104: 60, 180, 181, ], [105: 91, 103, 193, ], [106: 14, 18, 39, 50, 53, ], [107: 148, 155, 161, 164, ], [108: 68, 85, 132, 194, 237, ], [109: 6, 22, 26, 66, 91, ], [110: 42, 58, 68, 74, ], [111: 17, 38, 52, 65, 83, 88, ], [112: 29, 74, 106, 142, ], [113: 11, 36, 166, ], [114: 16, 69, 83, 90, 93, ], [115: 28, 72, 124, 131, ], [116: 7, 40, 169, ], [117: 28, 37, 41, 109, ], [118: 23, 88, 171, ], [119: 15, 43, 214, ], [120: 2, 28, 31, 47, 56, 59, 124, ], [121: 72, 81, 91, ], [122: 114, 130, 157, ], [123: 148, 192, 225, ], [124: 12, 22, 177, ], [125: 59, 60, 82, 127, ], [126: 12, 50, 66, 69, ], [127: 6, 39, 53, 74, 75, ], [128: 227, ], [129: 51, 69, 88, ], [130: 67, 95, 100, 136, 179, ], [131: 30, 78, 97, 101, ], [132: 97, 176, 202, ], [133: 54, 87, 97, ], [134: 100, 112, 130, 136, ], [135: 99, 133, 144, 211, ], [136: 10, 40, 230, ], [137: 48, 205, 244, ], [138: 40, 52, 167, ], [139: 82, 136, 173, ], [140: 7, 96, 201, ], [141: 77, 82, 94, ], [142: 11, 33, 105, 118, ], [143: 119, 184, 197, ], [144: 110, 152, 182, ], [145: 10, 37, 43, 64, 79, ], [146: 33, 68, 97, 115, ], [147: 87, 151, 203, ], [148: 34, 77, 102, ], [149: 44, 110, 133, ], [150: 44, 53, 220, ], [151: 25, 79, 110, 200, ], [152: 114, 127, 195, ], [153: 86, 167, 218, ], [154: 85, 102, 108, ], [155: 29, 46, 116, ], [156: 50, 91, 124, ], [157: 40, 70, 126, ], [158: 74, 99, 137, 154, ], [159: 17, 188, 190, ], [160: 66, 80, 160, ], [161: 25, 45, 124, ], [162: 233, 243, ], [163: 13, 62, 162, ], [164: 57, 64, 94, 118, 125, ], [165: 12, 135, 197, ], [166: 84, 87, 122, ], [167: 61, 71, 140, 180, 185, ], [168: 46, 79, 120, ], [169: 132, 139, 176, ], [170: 186, ], [171: 207, 219, 235, ], [172: 96, 193, 221, ], [173: 81, 216, ], [174: 240, ], [175: 28, 174, 217, ], [176: 34, 90, 229, ], [177: 121, 134, 155, ], [178: 33, 82, 138, ], [179: 208, 226, ], [180: 248, ], [181: 44, 94, 101, 126, ], [182: 28, 73, 199, ], [183: 247, ], [184: 201, 212, ], [185: 228, ], [186: 223, ], [187: 242, ], [188: 249, ], [189: 234, ], [190: 79, 232, ], [191: 204, ], [192: 206, ], [193: 198, ], [194: 246, ], [195: 194, 239, ], [196: 213, ], [197: 210, ], [198: 241, ], [199: 238, ], [200: 245, ], ]
edge deletions: 554
edge additions: 117
vertex splittings: 610
cost of solution: 1281
time used on iteration: 48.8786
best solution found at iteration 67364
------------------
iteration 3: [[0: 31, 47, 69, 95, 102, 116, ], [1: 21, 26, 55, 71, 74, 98, ], [2: 13, 20, 22, 23, 47, 55, 66, 78, ], [3: 57, 67, 99, 141, ], [4: 4, 24, 49, 53, 54, 55, ], [5: 45, 88, 104, 129, 146, 147, ], [6: 49, 91, 99, 117, 175, ], [7: 38, 71, 143, 169, ], [8: 13, 27, 30, 33, 39, 64, 68, 80, ], [9: 0, 12, 16, 27, 37, 39, 58, 75, ], [10: 0, 3, 17, 22, 25, 45, 93, ], [11: 29, 139, 154, 170, ], [12: 79, 96, 131, 150, 155, 161, ], [13: 11, 27, 33, 35, 51, 105, 118, ], [14: 12, 38, 60, 65, 72, 86, ], [15: 23, 24, 28, 30, 33, 34, 45, 68, ], [16: 1, 6, 8, 9, 16, 21, 32, 43, 48, ], [17: 10, 15, 20, 30, 36, 43, ], [18: 31, 35, 45, 51, 80, 83, ], [19: 12, 50, 70, 123, 126, ], [20: 15, 19, 23, 29, 35, 37, 41, 64, 80, ], [21: 20, 34, 41, 49, 77, ], [22: 47, 48, 52, 56, 58, 119, ], [23: 84, 116, 124, 134, ], [24: 8, 16, 21, 41, 49, 80, 84, ], [25: 7, 22, 55, 61, 86, 110, 120, ], [26: 1, 3, 5, 8, 14, 17, 24, 34, 35, ], [27: 3, 8, 9, 14, 25, 30, 37, 42, 48, 51, ], [28: 0, 1, 2, 3, 4, 5, 6, 7, 8, 9, 10, 11, 12, 13, 14, 15, 16, 17, 18, 19, 20, 21, 24, 25, 26, 28, 29, ], [29: 2, 33, 56, 59, 64, ], [30: 41, 48, 69, 106, 109, ], [31: 9, 20, 27, 34, 51, 55, ], [32: 4, 5, 31, 32, 46, 55, 59, 68, ], [33: 0, 43, 66, 79, ], [34: 42, 58, 68, 74, ], [35: 14, 50, 74, 86, 90, ], [36: 33, 46, 73, 97, 138, ], [37: 6, 51, 103, 168, ], [38: 9, 11, 22, 136, 149, ], [39: 60, 70, 181, ], [40: 4, 20, 32, 49, 65, 81, ], [41: 1, 21, 63, 86, 101, ], [42: 7, 10, 23, 58, 92, ], [43: 51, 61, 87, 111, ], [44: 18, 19, 70, 73, 77, ], [45: 49, 59, 63, 101, ], [46: 6, 22, 66, 91, ], [47: 1, 14, 17, 37, 53, 55, ], [48: 3, 11, 17, 23, 38, 88, ], [49: 42, 133, 178, 222, ], [50: 113, 172, 196, ], [51: 30, 78, 97, 101, ], [52: 28, 47, 51, 59, 73, ], [53: 71, 72, 90, 158, ], [54: 9, 16, 54, 77, 93, ], [55: 0, 2, 12, 19, 23, 30, 38, 52, ], [56: 17, 19, 29, 33, 154, ], [57: 3, 39, 60, 79, 121, ], [58: 35, 77, 113, 134, ], [59: 75, 103, 109, 129, ], [60: 18, 39, 50, 53, 56, 60, ], [61: 38, 43, 59, 82, 87, ], [62: 45, 122, 165, ], [63: 11, 31, 36, 59, 80, ], [64: 4, 52, 53, 65, 73, 83, ], [65: 3, 28, 41, 87, ], [66: 76, 110, 152, 182, ], [67: 52, 89, 119, 153, 183, 189, ], [68: 24, 46, 56, 65, 75, ], [69: 29, 74, 106, 142, 154, ], [70: 14, 112, 117, 130, ], [71: 5, 18, 22, 23, 34, 86, ], [72: 1, 22, 46, 76, 120, ], [73: 7, 20, 40, 169, ], [74: 61, 78, 91, 103, ], [75: 70, 83, 84, 93, 110, ], [76: 0, 1, 8, 11, 12, 14, 22, 24, 32, 41, 55, ], [77: 27, 67, 98, 100, 130, ], [78: 15, 44, 62, 63, ], [79: 76, 86, 167, 218, ], [80: 44, 61, 110, 133, ], [81: 27, 29, 32, 43, 46, 71, 80, 83, ], [82: 14, 166, 205, ], [83: 11, 209, 231, ], [84: 15, 18, 22, 25, 28, 38, 110, ], [85: 70, 73, 76, 95, 101, ], [86: 1, 4, 17, 18, 22, 26, 30, 65, ], [87: 27, 63, 87, 95, 100, 107, ], [88: 40, 61, 62, 70, 81, 83, ], [89: 8, 17, 33, 48, 75, 83, ], [90: 18, 22, 27, 104, ], [91: 33, 40, 57, 64, 75, ], [92: 2, 8, 54, 95, ], [93: 67, 95, 136, 179, ], [94: 16, 26, 29, 34, 83, 90, ], [95: 10, 13, 15, 37, 42, 64, 79, ], [96: 28, 56, 72, 124, 131, ], [97: 12, 51, 69, 72, ], [98: 82, 114, 136, 173, ], [99: 5, 12, 26, 28, 29, 31, 37, 48, ], [100: 6, 54, 84, 87, 196, ], [101: 26, 32, 55, 187, ], [102: 36, 63, 71, 97, ], [103: 67, 81, 133, 158, 191, ], [104: 2, 26, 33, 36, 42, 43, 49, 52, ], [105: 21, 43, 54, 71, 77, 84, ], [106: 7, 10, 38, 59, 120, ], [107: 91, 96, 193, 221, ], [108: 64, 94, 118, 125, ], [109: 57, 63, 73, 81, ], [110: 118, 120, 140, 172, ], [111: 36, 46, 64, 101, ], [112: 0, 16, 21, 35, 37, 67, ], [113: 141, 150, 192, 225, ], [114: 9, 31, 39, 45, 52, 159, ], [115: 31, 48, 85, 89, ], [116: 40, 44, 52, 111, 167, ], [117: 60, 93, 110, 130, 144, ], [118: 97, 176, 202, ], [119: 17, 188, 190, ], [120: 15, 24, 32, 78, ], [121: 68, 85, 132, ], [122: 61, 71, 140, 180, 185, ], [123: 44, 81, 104, 120, ], [124: 29, 100, 112, 133, ], [125: 8, 66, 80, 160, ], [126: 65, 88, 104, 109, 145, ], [127: 44, 53, 220, ], [128: 6, 39, 53, 74, 75, ], [129: 41, 50, 55, 91, ], [130: 29, 93, 116, ], [131: 148, 155, 164, ], [132: 77, 114, 130, 157, ], [133: 72, 81, 91, ], [134: 29, 40, 50, 66, ], [135: 34, 57, 61, 83, 118, ], [136: 85, 194, 237, ], [137: 148, 161, 175, 192, ], [138: 66, 83, 88, 110, 118, ], [139: 30, 118, 135, ], [140: 99, 133, 144, 154, 211, ], [141: 87, 122, 203, ], [142: 70, 123, 157, 163, ], [143: 11, 45, 63, 108, 115, ], [144: 27, 42, 73, ], [145: 114, 127, 195, ], [146: 6, 30, 80, 219, ], [147: 7, 54, 96, 120, 201, ], [148: 12, 22, 66, 177, ], [149: 5, 74, 99, ], [150: 44, 57, 77, 82, 94, ], [151: 112, 126, 146, ], [152: 48, 197, 244, ], [153: 21, 99, 112, 137, ], [154: 100, 109, 128, 184, 189, ], [155: 16, 151, 203, ], [156: 69, 88, 153, ], [157: 68, 194, 239, ], [158: 3, 92, 96, 198, ], [159: 15, 35, 40, 41, 77, ], [160: 18, 113, 233, ], [161: 85, 102, 107, 108, ], [162: 53, 58, 80, 146, ], [163: 161, 164, 210, ], [164: 13, 62, 106, 162, ], [165: 12, 135, 197, ], [166: 7, 128, 156, ], [167: 119, 184, 197, ], [168: 58, 92, 204, ], [169: 5, 132, 139, 176, ], [170: 42, 87, 97, 105, ], [171: 43, 214, ], [172: 15, 121, 126, ], [173: 16, 78, 106, ], [174: 246, ], [175: 95, 215, 224, 236, ], [176: 10, 27, 70, ], [177: 38, 152, 207, ], [178: 2, 31, 56, 124, ], [179: 34, 69, 83, 90, 229, ], [180: 74, 98, 186, ], [181: 162, 206, ], [182: 23, 88, 171, ], [183: 24, 242, ], [184: 25, 79, 200, ], [185: 56, 223, ], [186: 81, 216, ], [187: 119, 240, ], [188: 86, 228, ], [189: 28, 174, 199, 217, ], [190: 169, 241, ], [191: 233, 243, ], [192: 208, 226, ], [193: 124, 249, ], [194: 10, 40, 230, ], [195: 161, 247, ], [196: 225, 234, ], [197: 207, 235, ], [198: 103, 104, 227, ], [199: 213, ], [200: 136, 248, ], [201: 79, 232, ], [202: 201, 212, ], [203: 238, ], [204: 245, ], ]
edge deletions: 446
edge additions: 145
vertex splittings: 685
cost of solution: 1276
time used on iteration: 49.6025
best solution found at iteration 79069
------------------
iteration 4: [[0: 9, 16, 43, 54, 77, 93, ], [1: 57, 61, 118, 120, 140, 172, ], [2: 45, 104, 146, 147, 159, ], [3: 84, 116, 124, 134, ], [4: 12, 38, 60, 65, 72, 86, ], [5: 13, 44, 119, ], [6: 4, 5, 11, 31, 32, 46, 47, 55, 59, 68, ], [7: 27, 29, 46, 71, ], [8: 79, 96, 131, 150, 155, 161, ], [9: 33, 36, 43, 46, 49, 59, 64, 80, 101, ], [10: 0, 1, 2, 3, 4, 5, 6, 7, 8, 9, 10, 11, 12, 13, 14, 15, 16, 17, 18, 19, 20, 21, 24, 25, 26, 28, 29, 30, ], [11: 11, 13, 21, 33, 51, 80, ], [12: 0, 1, 8, 11, 12, 14, 22, 24, 32, 41, 55, ], [13: 4, 22, 34, 46, 83, ], [14: 49, 91, 99, 117, 175, ], [15: 2, 8, 54, 75, 95, ], [16: 8, 16, 21, 34, 41, 49, 77, 84, ], [17: 75, 103, 104, 109, 129, ], [18: 23, 24, 33, 34, 45, 52, 68, ], [19: 0, 2, 3, 11, 17, 18, 23, 28, 30, 38, 45, ], [20: 16, 75, 83, 90, ], [21: 7, 22, 55, 61, 86, 110, 120, ], [22: 2, 26, 36, 42, 43, 49, 52, ], [23: 33, 73, 97, 101, 138, ], [24: 13, 20, 22, 23, 47, 66, 78, ], [25: 2, 28, 31, 56, 59, 124, ], [26: 4, 20, 32, 49, 65, 81, ], [27: 27, 29, 50, 80, 100, ], [28: 93, 110, 130, 144, ], [29: 31, 35, 45, 51, 80, 83, ], [30: 15, 19, 23, 29, 35, 37, 41, 64, 80, ], [31: 29, 139, 154, 170, ], [32: 9, 11, 22, 136, 149, ], [33: 41, 48, 69, 106, ], [34: 47, 51, 59, 65, 73, ], [35: 7, 10, 23, 58, 92, ], [36: 0, 5, 16, 21, 35, 37, 48, 67, ], [37: 3, 13, 39, 42, 64, 73, 79, ], [38: 27, 63, 73, 87, 95, 100, 107, ], [39: 31, 69, 95, 102, ], [40: 7, 10, 38, 59, 120, ], [41: 74, 99, 137, 154, ], [42: 12, 31, 39, 52, ], [43: 12, 17, 25, 37, 48, 51, 75, ], [44: 52, 89, 189, ], [45: 4, 7, 24, 49, 53, 54, 55, ], [46: 99, 133, 144, 154, 211, ], [47: 18, 20, 39, 50, 56, ], [48: 0, 19, 52, 53, 73, ], [49: 83, 84, 93, 110, ], [50: 38, 71, 143, 169, ], [51: 1, 3, 8, 9, 14, 25, 26, 28, 30, 34, 37, 42, 48, 51, ], [52: 8, 29, 34, 35, 40, 66, ], [53: 3, 17, 22, 60, 93, ], [54: 6, 54, 84, 87, 196, ], [55: 15, 16, 24, 32, 78, ], [56: 70, 123, 157, 163, ], [57: 1, 21, 63, 86, 101, ], [58: 27, 30, 33, 39, 42, 64, 68, ], [59: 24, 46, 56, 65, 75, ], [60: 51, 61, 87, 111, ], [61: 19, 35, 77, 113, 134, ], [62: 55, 61, 78, 91, ], [63: 9, 39, 45, 159, ], [64: 19, 36, 125, 129, ], [65: 18, 22, 27, 65, 104, ], [66: 13, 14, 26, 29, 74, 90, ], [67: 30, 78, 97, 115, 146, ], [68: 0, 6, 39, 53, 58, 74, 75, ], [69: 57, 67, 99, 141, ], [70: 12, 50, 66, 69, ], [71: 15, 35, 79, 121, ], [72: 47, 48, 52, 56, 58, 119, ], [73: 18, 53, 60, 110, ], [74: 6, 8, 10, 26, 29, 33, 43, 48, 83, ], [75: 26, 32, 55, 187, ], [76: 17, 52, 65, 83, 88, ], [77: 9, 13, 31, 37, 55, ], [78: 17, 20, 27, 34, 51, 55, ], [79: 66, 83, 97, 110, 118, ], [80: 3, 28, 41, 42, 87, ], [81: 40, 57, 64, 75, ], [82: 6, 51, 103, 168, ], [83: 31, 48, 85, 89, ], [84: 45, 84, 122, 165, ], [85: 11, 36, 125, 166, ], [86: 44, 61, 110, 133, ], [87: 15, 44, 62, 63, ], [88: 18, 70, 73, 76, 77, ], [89: 5, 132, 139, 176, ], [90: 44, 57, 77, 82, 94, ], [91: 5, 18, 22, 23, 34, 86, ], [92: 87, 122, 151, 203, ], [93: 51, 105, 147, ], [94: 50, 60, 70, 74, ], [95: 15, 20, 40, 41, 77, ], [96: 28, 72, 124, 131, ], [97: 29, 74, 106, 142, ], [98: 38, 43, 82, 84, 87, ], [99: 14, 41, 50, 86, ], [100: 17, 19, 33, 154, ], [101: 69, 88, 109, 145, 153, ], [102: 16, 27, 37, 39, 58, 80, ], [103: 60, 180, 182, ], [104: 37, 109, 128, ], [105: 32, 80, 146, 160, ], [106: 11, 59, 63, 108, 115, ], [107: 67, 81, 133, 158, 191, ], [108: 27, 67, 98, 100, 130, ], [109: 14, 21, 99, 112, 117, ], [110: 85, 102, 107, 108, ], [111: 45, 88, 129, 147, ], [112: 44, 120, 201, ], [113: 140, 173, 180, 185, ], [114: 41, 91, 109, ], [115: 53, 68, 80, 83, ], [116: 14, 166, 205, ], [117: 26, 32, 48, 71, 83, ], [118: 15, 22, 25, 28, 38, 110, ], [119: 57, 73, 81, 83, ], [120: 7, 40, 156, 169, ], [121: 12, 30, 70, 101, 126, 135, ], [122: 21, 55, 71, 74, 98, ], [123: 42, 58, 68, 74, ], [124: 36, 63, 71, 97, ], [125: 91, 103, 193, ], [126: 15, 43, 214, ], [127: 71, 72, 90, 158, ], [128: 10, 37, 64, 79, ], [129: 68, 85, 104, 132, ], [130: 40, 61, 62, 70, 81, 83, ], [131: 0, 43, 66, 79, ], [132: 6, 22, 66, 91, ], [133: 114, 130, 136, 157, ], [134: 117, 141, 192, ], [135: 34, 69, 83, 90, 229, ], [136: 11, 50, 209, ], [137: 25, 46, 79, 200, ], [138: 148, 150, 192, 225, ], [139: 50, 91, 124, ], [140: 48, 197, 205, 244, ], [141: 18, 113, 233, ], [142: 25, 45, 124, ], [143: 78, 95, 101, ], [144: 28, 174, 217, ], [145: 67, 95, 116, ], [146: 58, 204, ], [147: 1, 22, 46, 76, 120, ], [148: 103, 104, 227, ], [149: 186, ], [150: 68, 194, 239, ], [151: 7, 91, 96, 201, ], [152: 46, 73, 113, ], [153: 148, 155, 161, 164, ], [154: 72, 82, 114, ], [155: 97, 176, 202, ], [156: 42, 133, 178, 222, ], [157: 86, 167, 218, ], [158: 0, 9, 12, 27, 32, ], [159: 13, 62, 106, 162, ], [160: 40, 44, 52, 111, 167, ], [161: 89, 119, 183, ], [162: 12, 22, 26, 66, 177, ], [163: 44, 53, 220, ], [164: 67, 136, 179, ], [165: 54, 68, 97, ], [166: 216, ], [167: 28, 73, 199, ], [168: 6, 80, 219, ], [169: 119, 240, ], [170: 79, 232, ], [171: 10, 40, 230, ], [172: 7, 27, 70, 128, ], [173: 11, 27, 33, 35, 105, 118, ], [174: 110, 152, 182, ], [175: 136, 248, ], [176: 119, 153, 184, 189, ], [177: 23, 88, 171, ], [178: 70, 95, 181, ], [179: 96, 193, 221, ], [180: 3, 92, 96, 198, ], [181: 169, 241, ], [182: 225, 234, ], [183: 201, 212, ], [184: 213, ], [185: 233, 243, ], [186: 114, 127, 195, ], [187: 17, 188, 190, ], [188: 16, 36, 203, ], [189: 112, 126, 146, ], [190: 38, 152, 207, ], [191: 113, 172, 196, ], [192: 1, 14, 17, 35, 37, 53, ], [193: 121, 134, 155, ], [194: 208, 226, ], [195: 124, 249, ], [196: 85, 194, 237, ], [197: 207, 235, ], [198: 231, 246, ], [199: 228, ], [200: 100, 112, 133, ], [201: 223, ], [202: 162, 206, ], [203: 24, 242, ], [204: 95, 215, 224, 236, ], [205: 161, 164, 210, ], [206: 161, 247, ], [207: 238, ], [208: 245, ], ]
edge deletions: 453
edge additions: 150
vertex splittings: 677
cost of solution: 1280
time used on iteration: 48.8215
best solution found at iteration 49224
------------------
