instance: ../../../FARZgraphs/FARZ_100_10.gml
nodes: 100
edges: 849
runs: 5
operations per iteration: 2000
best solution:
[[0: 22, 49, 51, 54, 58, 64, 84, ], [1: 5, 12, 14, 18, 20, 30, 36, 59, ], [2: 1, 2, 3, 5, 7, 8, 10, 13, 14, 15, 16, 17, 19, 21, 23, 27, 33, 43, ], [3: 0, 4, 39, 40, 48, ], [4: 4, 9, 15, 19, 20, 21, 22, 24, 25, 28, 29, 43, ], [5: 1, 9, 17, 25, 30, 38, 41, 43, 62, ], [6: 2, 6, 9, 10, 11, 16, 19, 26, 27, 29, 32, 35, 48, ], [7: 2, 15, 20, 22, 28, 40, 41, 42, 49, ], [8: 0, 2, 13, 16, 18, 31, 46, 48, 56, ], [9: 0, 1, 3, 4, 6, 8, 9, 12, 13, 17, 18, 21, ], [10: 3, 8, 34, 36, 39, 43, ], [11: 2, 52, 53, 59, 68, ], [12: 1, 41, 55, 62, 76, ], [13: 5, 6, 14, 45, ], [14: 5, 9, 58, 59, 60, 79, ], [15: 11, 32, 47, 57, 66, ], [16: 3, 23, 38, 57, ], [17: 1, 33, 39, 56, ], [18: 0, 2, 4, 11, 12, 13, 16, 19, 24, 27, 29, 63, ], [19: 27, 31, 42, 52, ], [20: 4, 9, 37, 51, ], [21: 4, 7, 10, 36, 38, 50, ], [22: 9, 42, 48, 83, ], [23: 6, 17, 25, 35, 41, 52, 72, ], [24: 35, 58, 61, 71, ], [25: 13, 21, 31, 39, 47, ], [26: 12, 74, 85, ], [27: 19, 40, 65, 73, ], [28: 5, 61, 69, 72, 77, ], [29: 14, 80, 86, ], [30: 10, 12, 22, 59, ], [31: 92, 97, ], [32: 4, 44, 67, ], [33: 24, 78, 99, ], [34: 34, 43, 45, 55, ], [35: 3, 10, 18, 24, 29, 41, 48, ], [36: 10, 50, 57, 63, ], [37: 91, 93, ], [38: 26, 31, 35, 47, ], [39: 39, 81, 83, ], [40: 9, 44, 70, ], [41: 87, ], [42: 82, ], [43: 94, ], [44: 98, ], [45: 22, 62, 89, ], [46: 95, ], [47: 75, ], [48: 96, ], [49: 90, ], [50: 88, ], ]
cost of best solution: 397
average cost of solutions: 398.2
average last operation finding best solution: 1020.6
average runtime: 17.0547
------------------
average time of add_all_nodes_to_neighbours: 0.00617981
average time of random_choice_split: 6.80401e-05
average time of weighted_random_merge: 0.0274698
average time of label_propagation_round 0.00915135
average time of remove_nodes_ 0.0014827
average time of add_node_to_all 0.00405466
------------------
average improvement of add_all_nodes_to_neighbours -1.74263
per second: -281.988
average improvement of random_choice_split 0.364528
per second: 5357.54
average improvement of weighted_random_merge -0.778693
per second: -28.3472
average improvement of label_propagation_round -10.7624
per second: -1176.05
average improvement of remove_nodes_ -31.4251
per second: -21194.4
average improvement of add_node_to_all 66.9469
per second: 16511.1
all solutions:
------------------
iteration 0: [[0: 22, 49, 51, 54, 58, 64, 84, ], [1: 5, 12, 14, 18, 20, 30, 36, 59, ], [2: 1, 2, 3, 5, 7, 8, 10, 13, 14, 15, 16, 17, 19, 21, 23, 27, 33, 43, ], [3: 0, 4, 39, 40, 48, ], [4: 4, 9, 15, 19, 20, 21, 22, 24, 25, 28, 29, 43, ], [5: 1, 9, 17, 25, 30, 38, 41, 43, 62, ], [6: 2, 6, 9, 10, 11, 16, 19, 26, 27, 29, 32, 35, 48, ], [7: 2, 15, 20, 22, 28, 40, 41, 42, 49, ], [8: 0, 2, 13, 16, 18, 31, 46, 48, 56, ], [9: 0, 1, 3, 4, 6, 8, 9, 12, 13, 17, 18, 21, ], [10: 3, 8, 34, 36, 39, 43, ], [11: 2, 52, 53, 59, 68, ], [12: 1, 41, 55, 62, 76, ], [13: 5, 6, 14, 45, ], [14: 5, 9, 58, 59, 60, 79, ], [15: 11, 32, 47, 57, 66, ], [16: 3, 23, 38, 57, ], [17: 1, 33, 39, 56, ], [18: 0, 2, 4, 11, 12, 13, 16, 19, 24, 27, 29, 63, ], [19: 27, 31, 42, 52, ], [20: 4, 9, 37, 51, ], [21: 4, 7, 10, 36, 38, 50, ], [22: 9, 42, 48, 83, ], [23: 6, 17, 25, 35, 41, 52, 72, ], [24: 35, 58, 61, 71, ], [25: 13, 21, 31, 39, 47, ], [26: 12, 74, 85, ], [27: 19, 40, 65, 73, ], [28: 5, 61, 69, 72, 77, ], [29: 14, 80, 86, ], [30: 10, 12, 22, 59, ], [31: 92, 97, ], [32: 4, 44, 67, ], [33: 24, 78, 99, ], [34: 34, 43, 45, 55, ], [35: 3, 10, 18, 24, 29, 41, 48, ], [36: 10, 50, 57, 63, ], [37: 91, 93, ], [38: 26, 31, 35, 47, ], [39: 39, 81, 83, ], [40: 9, 44, 70, ], [41: 87, ], [42: 82, ], [43: 94, ], [44: 98, ], [45: 22, 62, 89, ], [46: 95, ], [47: 75, ], [48: 96, ], [49: 90, ], [50: 88, ], ]
edge deletions: 198
edge additions: 46
vertex splittings: 153
cost of solution: 397
time used on iteration: 14.4604
best solution found at iteration 1707
------------------
iteration 1: [[0: 5, 10, 12, 14, 18, 20, 30, 36, 59, ], [1: 66, 74, 85, ], [2: 0, 1, 2, 3, 4, 6, 8, 9, 11, 12, 13, 16, 18, 24, 27, 29, ], [3: 1, 41, 55, 62, 76, ], [4: 1, 2, 3, 5, 7, 8, 10, 13, 14, 15, 16, 17, 19, 21, 23, 27, 33, 43, ], [5: 0, 13, 16, 18, 31, 46, 48, 56, ], [6: 4, 9, 10, 15, 19, 20, 21, 22, 24, 25, 28, 29, 41, 43, ], [7: 1, 33, 39, 56, ], [8: 4, 13, 39, 40, 41, 48, ], [9: 4, 9, 37, 44, 51, 67, ], [10: 2, 6, 10, 11, 16, 19, 26, 27, 29, 32, 35, 48, 63, ], [11: 5, 9, 58, 59, 60, 79, ], [12: 14, 80, 86, ], [13: 2, 53, 59, 68, ], [14: 2, 12, 15, 19, 20, 22, 40, 42, 49, ], [15: 35, 58, 61, 71, ], [16: 99, ], [17: 0, 6, 19, 30, 43, 45, ], [18: 10, 38, 50, 57, ], [19: 32, 47, 66, 69, ], [20: 0, 2, 12, 21, 27, 31, 39, 42, 52, ], [21: 24, 46, 47, ], [22: 6, 17, 25, 35, 41, 52, 72, ], [23: 19, 65, 73, ], [24: 34, 39, 55, ], [25: 1, 9, 17, 25, 30, 38, 41, 62, ], [26: 22, 49, 51, 54, 58, 64, 84, ], [27: 24, 26, 41, 78, ], [28: 3, 8, 23, 36, 38, 39, 43, ], [29: 9, 42, 70, ], [30: 44, 64, 78, ], [31: 5, 61, 69, 72, 77, ], [32: 26, 31, 35, 47, ], [33: 91, 93, ], [34: 2, 56, 58, ], [35: 3, 20, 48, ], [36: 4, 7, 36, 50, ], [37: 22, 62, 89, ], [38: 92, 97, ], [39: 39, 81, 83, ], [40: 95, ], [41: 82, ], [42: 94, ], [43: 96, ], [44: 75, ], [45: 87, ], [46: 90, ], [47: 98, ], [48: 88, ], ]
edge deletions: 201
edge additions: 60
vertex splittings: 138
cost of solution: 399
time used on iteration: 26.8593
best solution found at iteration 624
------------------
iteration 2: [[0: 5, 12, 14, 18, 20, 30, 36, 59, ], [1: 1, 9, 17, 25, 30, 38, 41, 43, 62, ], [2: 2, 6, 11, 16, 19, 26, 27, 29, 32, 35, 48, ], [3: 0, 13, 16, 18, 31, 46, 48, 56, ], [4: 1, 2, 3, 5, 7, 8, 10, 13, 14, 15, 16, 17, 19, 21, 23, 27, 33, 43, ], [5: 3, 23, 38, 57, ], [6: 6, 10, 17, 25, 35, 41, 52, ], [7: 4, 9, 15, 19, 20, 21, 22, 24, 25, 28, 29, 43, ], [8: 22, 49, 51, 54, 58, 64, 84, ], [9: 0, 1, 2, 3, 4, 6, 8, 9, 10, 11, 12, 13, 16, 18, 19, 24, 27, 29, 63, ], [10: 3, 20, 48, ], [11: 24, 41, 42, 48, 83, ], [12: 4, 13, 39, 40, 48, ], [13: 22, 35, 59, 69, 72, ], [14: 1, 41, 55, 62, 76, ], [15: 2, 15, 20, 22, 28, 40, 41, 42, 49, ], [16: 5, 6, 45, ], [17: 4, 7, 10, 36, 38, 50, ], [18: 3, 8, 34, 36, 39, ], [19: 19, 65, 73, ], [20: 16, 52, 57, ], [21: 5, 9, 58, 59, 60, 79, ], [22: 4, 9, 37, 44, 51, ], [23: 11, 66, 85, ], [24: 2, 52, 53, 59, 68, ], [25: 32, 47, 66, 69, ], [26: 14, 80, 86, ], [27: 17, 72, 82, ], [28: 35, 58, 61, 71, ], [29: 0, 2, 12, 21, 31, 39, 43, ], [30: 10, 24, 26, 47, ], [31: 39, 81, 83, ], [32: 4, 17, 67, ], [33: 12, 32, 74, ], [34: 91, 93, ], [35: 15, 38, 56, ], [36: 27, 31, 42, 52, ], [37: 5, 61, 77, ], [38: 24, 78, 99, ], [39: 44, 64, 78, ], [40: 92, 97, ], [41: 1, 33, 39, 56, ], [42: 22, 62, 89, ], [43: 9, 35, 70, ], [44: 26, 41, 78, ], [45: 10, 32, 50, 57, ], [46: 31, 35, 47, ], [47: 95, ], [48: 90, ], [49: 98, ], [50: 87, ], [51: 94, ], [52: 75, ], [53: 96, ], [54: 88, ], ]
edge deletions: 191
edge additions: 51
vertex splittings: 156
cost of solution: 398
time used on iteration: 15.0506
best solution found at iteration 459
------------------
iteration 3: [[0: 1, 3, 5, 7, 8, 10, 13, 14, 15, 16, 17, 19, 21, 23, 27, 33, 43, ], [1: 5, 10, 12, 14, 18, 20, 30, 36, 59, ], [2: 1, 9, 17, 25, 30, 38, 41, 62, ], [3: 2, 4, 13, 39, 40, 41, 48, ], [4: 5, 9, 58, 59, 60, 79, ], [5: 2, 6, 10, 11, 19, 26, 27, 29, 32, 35, 48, ], [6: 4, 9, 10, 15, 20, 21, 22, 24, 25, 28, 29, 41, 43, ], [7: 0, 1, 2, 3, 4, 6, 8, 9, 11, 12, 13, 16, 18, 19, 24, 27, 29, 63, ], [8: 4, 36, 38, 50, ], [9: 0, 13, 16, 18, 31, 46, 48, 56, ], [10: 18, 21, 69, ], [11: 0, 2, 12, 21, 27, 31, 39, 42, 52, ], [12: 6, 17, 25, 35, 41, 52, ], [13: 1, 77, 78, ], [14: 2, 12, 15, 20, 22, 42, 49, ], [15: 4, 9, 37, 44, 51, ], [16: 66, 74, 85, ], [17: 3, 8, 34, 36, 39, ], [18: 19, 65, 73, ], [19: 3, 23, 38, 57, ], [20: 2, 53, 59, 68, ], [21: 5, 61, 77, ], [22: 14, 80, 86, ], [23: 16, 26, 31, 35, 47, ], [24: 15, 38, 56, ], [25: 1, 41, 55, 62, 76, ], [26: 9, 35, 70, ], [27: 26, 56, 66, ], [28: 2, 7, 33, 36, 50, 56, ], [29: 19, 20, 22, 28, 40, 42, 48, ], [30: 10, 32, 50, 57, 63, ], [31: 58, 64, 72, ], [32: 33, 39, 43, 55, ], [33: 5, 6, 14, 45, ], [34: 39, 81, 83, ], [35: 24, 46, 47, ], [36: 35, 58, 61, 71, ], [37: 40, 49, 54, 58, 84, ], [38: 91, 93, ], [39: 22, 62, 89, ], [40: 32, 47, 66, 69, ], [41: 22, 28, 49, 51, 54, 64, ], [42: 22, 35, 59, 69, 72, ], [43: 27, 34, 77, ], [44: 2, 4, 17, 67, ], [45: 4, 75, ], [46: 45, 55, 80, ], [47: 17, 72, 82, ], [48: 12, 32, 74, ], [49: 24, 26, 41, 78, ], [50: 44, 64, 78, ], [51: 92, 97, ], [52: 41, 72, 83, ], [53: 90, ], [54: 99, ], [55: 94, ], [56: 95, ], [57: 96, ], [58: 98, ], [59: 87, ], [60: 88, ], ]
edge deletions: 165
edge additions: 54
vertex splittings: 180
cost of solution: 399
time used on iteration: 15.14
best solution found at iteration 875
------------------
iteration 4: [[0: 0, 1, 2, 3, 4, 6, 8, 9, 10, 11, 12, 13, 16, 18, 19, 24, 27, 29, 63, ], [1: 4, 9, 15, 20, 21, 22, 24, 25, 28, 29, 41, 43, ], [2: 5, 12, 14, 18, 20, 30, 36, 59, ], [3: 0, 13, 16, 18, 31, 46, 48, 56, ], [4: 1, 2, 3, 5, 7, 8, 10, 13, 14, 15, 16, 17, 19, 21, 23, 27, 33, 43, ], [5: 2, 6, 11, 16, 19, 26, 27, 29, 32, 35, 48, ], [6: 2, 15, 19, 20, 22, 28, 40, 42, 49, ], [7: 22, 49, 51, 54, 58, 64, 84, ], [8: 1, 41, 55, 62, 76, ], [9: 2, 27, 31, 42, 52, ], [10: 6, 10, 17, 25, 35, 41, 52, ], [11: 1, 9, 17, 25, 30, 38, 41, 62, ], [12: 9, 42, 70, ], [13: 0, 4, 13, 39, 40, 48, ], [14: 1, 2, 33, 39, 56, ], [15: 3, 23, 38, 57, ], [16: 2, 41, 42, 48, 83, ], [17: 3, 20, 48, ], [18: 9, 58, 59, 60, 79, ], [19: 32, 47, 66, 69, ], [20: 10, 16, 52, 57, 59, ], [21: 15, 38, 56, ], [22: 3, 8, 34, 36, 39, ], [23: 9, 44, 51, 54, ], [24: 5, 6, 14, 45, ], [25: 10, 24, 26, 47, ], [26: 4, 7, 10, 36, 38, 50, ], [27: 35, 58, 61, 71, ], [28: 22, 59, 69, ], [29: 13, 53, 73, ], [30: 12, 74, 85, ], [31: 17, 72, 82, ], [32: 5, 61, 69, 72, 77, ], [33: 0, 19, 30, 43, 45, ], [34: 14, 80, 86, ], [35: 26, 41, 78, ], [36: 2, 53, 59, 68, ], [37: 4, 5, 9, 37, ], [38: 39, 81, 83, ], [39: 12, 21, 31, 39, 47, ], [40: 12, 49, 52, ], [41: 4, 44, 67, ], [42: 45, 55, 80, ], [43: 0, 52, 68, ], [44: 24, 78, 99, ], [45: 91, 93, ], [46: 22, 62, 89, ], [47: 26, 56, 66, ], [48: 23, 36, 37, ], [49: 92, 97, ], [50: 98, ], [51: 95, ], [52: 96, ], [53: 19, 65, 73, ], [54: 87, ], [55: 90, ], [56: 94, ], [57: 75, ], [58: 88, ], ]
edge deletions: 178
edge additions: 50
vertex splittings: 170
cost of solution: 398
time used on iteration: 13.7634
best solution found at iteration 1438
------------------
