instance: ../../../FARZgraphs/FARZ_scale_160.gml
nodes: 160
edges: 718
runs: 5
operations per iteration: 2000
best solution:
[[0: 1, 2, 3, 4, 5, 6, 14, 17, 25, ], [1: 0, 1, 2, 4, 7, 9, 10, 13, 19, 20, 22, 24, 26, ], [2: 2, 12, 15, 16, 17, 18, 27, 50, ], [3: 25, 48, 54, 70, ], [4: 8, 14, 24, 31, 41, ], [5: 15, 63, 64, 88, ], [6: 8, 10, 25, 31, 42, ], [7: 80, 131, 137, ], [8: 5, 17, 21, 44, 70, ], [9: 6, 43, 58, 70, 118, ], [10: 0, 3, 6, 16, 17, 20, 82, ], [11: 12, 14, 15, 30, 99, ], [12: 14, 32, 38, 45, ], [13: 2, 48, 94, ], [14: 31, 35, 53, 60, 79, ], [15: 2, 44, 52, 59, ], [16: 22, 32, 37, 43, ], [17: 15, 29, 40, 63, ], [18: 30, 49, 71, 77, ], [19: 6, 24, 35, 38, 41, 42, ], [20: 10, 18, 32, 80, ], [21: 0, 1, 7, 32, 33, ], [22: 14, 31, 51, 56, 58, 97, ], [23: 21, 31, 48, ], [24: 23, 28, 71, 109, ], [25: 54, 96, 120, ], [26: 36, 62, 68, 70, ], [27: 80, 99, 123, ], [28: 50, 53, 121, ], [29: 14, 19, 117, ], [30: 14, 58, 73, 95, ], [31: 30, 67, 73, 77, ], [32: 23, 24, 28, 48, ], [33: 2, 105, 108, ], [34: 53, 113, 122, ], [35: 2, 27, 30, 34, ], [36: 16, 17, 52, 59, 127, ], [37: 24, 75, 101, ], [38: 20, 33, 48, ], [39: 18, 83, 99, ], [40: 45, 47, 110, ], [41: 33, 55, 69, ], [42: 9, 70, 135, ], [43: 92, 116, 134, ], [44: 0, 14, 25, 72, ], [45: 45, 46, 86, ], [46: 0, 5, 18, 20, 52, ], [47: 22, 24, 29, 45, ], [48: 93, 111, ], [49: 13, 19, 22, 33, 37, 46, 80, ], [50: 1, 4, 43, 52, ], [51: 35, 45, 48, ], [52: 11, 40, 64, 109, ], [53: 58, 66, 85, ], [54: 3, 21, 23, 59, 76, ], [55: 54, 68, 126, 132, ], [56: 10, 34, 73, ], [57: 27, 105, 139, ], [58: 46, 47, 61, 78, ], [59: 11, 18, 23, ], [60: 91, 149, ], [61: 35, 57, 100, ], [62: 15, 18, 22, 34, ], [63: 53, 79, 81, 119, ], [64: 27, 74, 89, ], [65: 63, 102, 112, ], [66: 18, 36, 54, 84, ], [67: 43, 106, 157, ], [68: 65, 87, 128, ], [69: 38, 52, 54, ], [70: 24, 60, 100, ], [71: 10, 23, 36, 39, 50, ], [72: 1, 31, 55, ], [73: 143, 150, ], [74: 103, 154, ], [75: 144, ], [76: 147, ], [77: 158, ], [78: 90, 124, ], [79: 125, ], [80: 136, ], [81: 142, ], [82: 156, ], [83: 145, ], [84: 155, ], [85: 141, ], [86: 129, ], [87: 115, ], [88: 104, ], [89: 114, ], [90: 146, ], [91: 140, ], [92: 152, ], [93: 148, ], [94: 153, ], [95: 107, ], [96: 138, ], [97: 98, ], [98: 133, ], [99: 159, ], [100: 130, ], [101: 151, ], ]
cost of best solution: 402
average cost of solutions: 402.8
average last operation finding best solution: 662.8
average runtime: 26.7477
------------------
average time of add_all_nodes_to_neighbours: 0.00508412
average time of random_choice_split: 2.69991e-05
average time of weighted_random_merge: 0.0409924
average time of label_propagation_round 0.00947151
average time of remove_nodes_ 0.00204239
average time of add_node_to_all 0.00489328
------------------
average improvement of add_all_nodes_to_neighbours -2.12259
per second: -417.494
average improvement of random_choice_split 0.275362
per second: 10198.9
average improvement of weighted_random_merge -1.37772
per second: -33.6092
average improvement of label_propagation_round -19.8922
per second: -2100.22
average improvement of remove_nodes_ -63.1216
per second: -30905.8
average improvement of add_node_to_all 135.4
per second: 27670.7
all solutions:
------------------
iteration 0: [[0: 18, 36, 54, 84, ], [1: 0, 1, 2, 3, 4, 5, 6, 14, 17, 20, 25, ], [2: 65, 87, 128, ], [3: 2, 12, 15, 16, 17, 18, 27, 50, ], [4: 0, 1, 4, 7, 9, 10, 19, 20, 22, 23, 24, ], [5: 2, 44, 52, 59, ], [6: 8, 14, 24, 31, 41, 42, ], [7: 10, 14, 32, 38, 58, 73, ], [8: 14, 31, 51, 56, 58, 97, ], [9: 53, 113, 122, ], [10: 15, 29, 40, 63, ], [11: 6, 43, 58, 70, 82, 118, ], [12: 23, 28, 71, 109, ], [13: 27, 74, 89, ], [14: 13, 19, 22, 33, 37, 46, 80, ], [15: 1, 4, 43, 52, ], [16: 5, 17, 21, 44, 70, ], [17: 23, 37, 48, ], [18: 31, 35, 53, 60, 79, ], [19: 30, 49, 71, 77, ], [20: 21, 25, 31, 48, ], [21: 52, 83, 92, ], [22: 2, 7, 19, 26, 30, ], [23: 12, 14, 15, 30, 99, ], [24: 48, 69, 94, ], [25: 4, 80, 87, ], [26: 1, 26, 33, 55, ], [27: 36, 62, 68, 70, ], [28: 11, 40, 64, 109, ], [29: 2, 10, 18, 22, 34, ], [30: 14, 19, 117, ], [31: 32, 37, 45, 47, 110, ], [32: 2, 4, 9, 13, 26, ], [33: 111, 112, ], [34: 0, 6, 24, 35, 38, ], [35: 54, 96, 120, ], [36: 58, 66, 85, ], [37: 14, 95, 133, ], [38: 54, 68, 126, 132, ], [39: 43, 106, 157, ], [40: 46, 47, 61, 78, ], [41: 3, 21, 23, 59, 76, ], [42: 15, 63, 64, 88, 102, ], [43: 16, 17, 52, 59, 127, ], [44: 6, 8, 10, 25, 42, ], [45: 25, 72, 74, ], [46: 93, ], [47: 80, 99, 123, ], [48: 1, 31, 32, ], [49: 0, 5, 16, 18, 20, 52, ], [50: 30, 67, 73, 77, ], [51: 24, 75, 101, ], [52: 24, 35, 45, 48, ], [53: 22, 32, 43, ], [54: 25, 48, 54, 70, ], [55: 53, 79, 81, 119, ], [56: 80, 131, 137, ], [57: 9, 70, 135, ], [58: 50, 53, 121, ], [59: 38, 52, 54, ], [60: 45, 46, 86, ], [61: 2, 105, 108, ], [62: 27, 105, 139, ], [63: 24, 60, 100, ], [64: 30, 34, 43, ], [65: 35, 57, 100, ], [66: 20, 33, 48, ], [67: 7, 32, 33, 80, ], [68: 92, 116, 134, ], [69: 6, 16, 40, ], [70: 91, 149, ], [71: 0, 3, 16, 70, 82, ], [72: 147, ], [73: 23, 39, 50, ], [74: 103, 154, ], [75: 98, ], [76: 143, 153, ], [77: 146, ], [78: 138, ], [79: 156, ], [80: 107, ], [81: 115, ], [82: 150, ], [83: 114, ], [84: 104, ], [85: 159, ], [86: 141, ], [87: 158, ], [88: 125, ], [89: 144, ], [90: 152, ], [91: 129, ], [92: 155, ], [93: 90, 124, ], [94: 148, ], [95: 136, ], [96: 142, ], [97: 140, ], [98: 145, ], [99: 130, ], [100: 151, ], ]
edge deletions: 214
edge additions: 21
vertex splittings: 169
cost of solution: 404
time used on iteration: 31.3199
best solution found at iteration 233
------------------
iteration 1: [[0: 1, 2, 3, 4, 5, 6, 14, 17, 25, ], [1: 0, 1, 2, 4, 7, 9, 10, 13, 19, 20, 22, 24, 26, ], [2: 2, 12, 15, 16, 17, 18, 27, 50, ], [3: 25, 48, 54, 70, ], [4: 8, 14, 24, 31, 41, ], [5: 15, 63, 64, 88, ], [6: 8, 10, 25, 31, 42, ], [7: 80, 131, 137, ], [8: 5, 17, 21, 44, 70, ], [9: 6, 43, 58, 70, 118, ], [10: 0, 3, 6, 16, 17, 20, 82, ], [11: 12, 14, 15, 30, 99, ], [12: 14, 32, 38, 45, ], [13: 2, 48, 94, ], [14: 31, 35, 53, 60, 79, ], [15: 2, 44, 52, 59, ], [16: 22, 32, 37, 43, ], [17: 15, 29, 40, 63, ], [18: 30, 49, 71, 77, ], [19: 6, 24, 35, 38, 41, 42, ], [20: 10, 18, 32, 80, ], [21: 0, 1, 7, 32, 33, ], [22: 14, 31, 51, 56, 58, 97, ], [23: 21, 31, 48, ], [24: 23, 28, 71, 109, ], [25: 54, 96, 120, ], [26: 36, 62, 68, 70, ], [27: 80, 99, 123, ], [28: 50, 53, 121, ], [29: 14, 19, 117, ], [30: 14, 58, 73, 95, ], [31: 30, 67, 73, 77, ], [32: 23, 24, 28, 48, ], [33: 2, 105, 108, ], [34: 53, 113, 122, ], [35: 2, 27, 30, 34, ], [36: 16, 17, 52, 59, 127, ], [37: 24, 75, 101, ], [38: 20, 33, 48, ], [39: 18, 83, 99, ], [40: 45, 47, 110, ], [41: 33, 55, 69, ], [42: 9, 70, 135, ], [43: 92, 116, 134, ], [44: 0, 14, 25, 72, ], [45: 45, 46, 86, ], [46: 0, 5, 18, 20, 52, ], [47: 22, 24, 29, 45, ], [48: 93, 111, ], [49: 13, 19, 22, 33, 37, 46, 80, ], [50: 1, 4, 43, 52, ], [51: 35, 45, 48, ], [52: 11, 40, 64, 109, ], [53: 58, 66, 85, ], [54: 3, 21, 23, 59, 76, ], [55: 54, 68, 126, 132, ], [56: 10, 34, 73, ], [57: 27, 105, 139, ], [58: 46, 47, 61, 78, ], [59: 11, 18, 23, ], [60: 91, 149, ], [61: 35, 57, 100, ], [62: 15, 18, 22, 34, ], [63: 53, 79, 81, 119, ], [64: 27, 74, 89, ], [65: 63, 102, 112, ], [66: 18, 36, 54, 84, ], [67: 43, 106, 157, ], [68: 65, 87, 128, ], [69: 38, 52, 54, ], [70: 24, 60, 100, ], [71: 10, 23, 36, 39, 50, ], [72: 1, 31, 55, ], [73: 143, 150, ], [74: 103, 154, ], [75: 144, ], [76: 147, ], [77: 158, ], [78: 90, 124, ], [79: 125, ], [80: 136, ], [81: 142, ], [82: 156, ], [83: 145, ], [84: 155, ], [85: 141, ], [86: 129, ], [87: 115, ], [88: 104, ], [89: 114, ], [90: 146, ], [91: 140, ], [92: 152, ], [93: 148, ], [94: 153, ], [95: 107, ], [96: 138, ], [97: 98, ], [98: 133, ], [99: 159, ], [100: 130, ], [101: 151, ], ]
edge deletions: 214
edge additions: 19
vertex splittings: 169
cost of solution: 402
time used on iteration: 27.3234
best solution found at iteration 1194
------------------
iteration 2: [[0: 36, 62, 68, 70, ], [1: 30, 67, 73, 77, ], [2: 0, 1, 2, 3, 4, 5, 6, 14, 17, 20, 25, ], [3: 54, 68, 126, 132, ], [4: 0, 4, 10, 19, 22, 23, 24, ], [5: 10, 14, 38, ], [6: 10, 18, 22, 32, 80, ], [7: 25, 48, 54, 70, ], [8: 5, 17, 21, 44, 70, ], [9: 8, 14, 24, 31, 41, ], [10: 32, 45, 91, ], [11: 31, 35, 53, 60, 79, ], [12: 30, 49, 71, 77, ], [13: 80, 131, 137, ], [14: 53, 113, 122, ], [15: 16, 17, 52, 59, 127, ], [16: 13, 19, 22, 33, 37, 46, 80, ], [17: 12, 14, 15, 30, 99, ], [18: 58, 66, 85, ], [19: 22, 29, 45, ], [20: 15, 29, 40, 63, ], [21: 48, 69, 94, ], [22: 18, 36, 54, 84, ], [23: 2, 44, 52, 59, ], [24: 2, 27, 30, 34, ], [25: 23, 36, 39, ], [26: 33, 55, 69, ], [27: 0, 5, 16, 18, 20, 52, ], [28: 14, 31, 51, 56, 58, 97, ], [29: 1, 2, 4, 7, 9, 10, 13, 19, 22, 26, ], [30: 14, 19, 45, 46, ], [31: 0, 3, 16, 70, 82, ], [32: 80, 99, 123, ], [33: 0, 1, 7, 9, 20, 24, 32, 33, ], [34: 2, 12, 15, 16, 17, 18, 27, 50, ], [35: 24, 75, 101, ], [36: 6, 43, 58, 70, 82, 118, ], [37: 38, 41, 42, 54, ], [38: 11, 40, 64, 109, ], [39: 23, 37, 48, ], [40: 0, 6, 24, 35, 38, ], [41: 53, 79, 81, 119, ], [42: 45, 47, 110, ], [43: 15, 63, 64, 88, 102, ], [44: 23, 28, 71, 109, ], [45: 25, 72, 74, ], [46: 19, 71, 117, ], [47: 3, 21, 23, 59, 76, ], [48: 22, 34, 43, ], [49: 2, 105, 108, ], [50: 9, 70, 135, ], [51: 54, 96, 120, ], [52: 4, 80, 87, ], [53: 27, 74, 89, ], [54: 24, 35, 45, 48, ], [55: 43, 106, 157, ], [56: 46, 47, 61, 78, ], [57: 14, 32, 58, 73, 95, ], [58: 1, 31, 55, ], [59: 28, 40, 48, ], [60: 52, 83, 92, ], [61: 92, 116, 134, ], [62: 35, 57, 100, ], [63: 27, 105, 139, ], [64: 9, 32, 37, 43, ], [65: 24, 60, 100, ], [66: 50, 53, 121, ], [67: 1, 4, 43, 52, ], [68: 6, 16, 40, ], [69: 11, 18, 23, ], [70: 20, 22, 65, 87, 128, ], [71: 21, 25, 31, 48, ], [72: 6, 8, 10, 25, 42, ], [73: 103, 154, ], [74: 150, ], [75: 143, 153, ], [76: 159, ], [77: 104, ], [78: 114, ], [79: 90, 124, ], [80: 155, ], [81: 111, 112, ], [82: 142, ], [83: 146, ], [84: 148, ], [85: 144, ], [86: 156, ], [87: 152, ], [88: 129, ], [89: 140, ], [90: 147, ], [91: 133, ], [92: 158, ], [93: 98, ], [94: 86, ], [95: 141, ], [96: 149, ], [97: 115, ], [98: 107, ], [99: 145, ], [100: 136, ], [101: 138, ], [102: 125, ], [103: 93, ], [104: 130, ], [105: 151, ], ]
edge deletions: 200
edge additions: 20
vertex splittings: 183
cost of solution: 403
time used on iteration: 22.8637
best solution found at iteration 772
------------------
iteration 3: [[0: 0, 1, 2, 3, 4, 5, 6, 14, 16, 17, 20, 25, 52, ], [1: 0, 1, 2, 4, 7, 9, 10, 13, 19, 22, 26, 33, ], [2: 5, 17, 21, 44, 70, ], [3: 54, 68, 126, 132, ], [4: 8, 14, 24, 31, 41, ], [5: 2, 12, 15, 16, 17, 18, 27, 50, ], [6: 1, 7, 19, 20, 22, 24, 45, ], [7: 14, 31, 51, 56, 58, 97, ], [8: 0, 6, 24, 35, 38, ], [9: 23, 28, 71, 109, ], [10: 7, 10, 32, 73, 80, ], [11: 11, 40, 64, 109, ], [12: 15, 29, 40, 63, ], [13: 3, 21, 23, 59, 76, ], [14: 10, 23, 122, ], [15: 45, 46, 86, ], [16: 10, 18, 36, 54, 84, ], [17: 15, 63, 64, 88, 102, ], [18: 53, 79, 81, 119, ], [19: 9, 19, 22, 37, 43, ], [20: 30, 67, 73, 77, ], [21: 4, 23, 24, 28, 48, ], [22: 25, 48, 54, 70, ], [23: 80, 99, 123, ], [24: 16, 17, 52, 59, 127, ], [25: 32, 37, 45, 47, 110, ], [26: 58, 66, 85, ], [27: 38, 41, 42, 54, ], [28: 43, 106, 157, ], [29: 9, 70, 135, ], [30: 10, 14, 24, 50, ], [31: 1, 31, 32, 43, 55, ], [32: 24, 75, 100, 101, ], [33: 36, 62, 68, 70, ], [34: 18, 83, 99, ], [35: 21, 31, 48, ], [36: 14, 19, 117, ], [37: 48, 69, 94, ], [38: 14, 32, 38, 58, ], [39: 35, 41, 57, ], [40: 6, 8, 10, 25, 31, 42, ], [41: 6, 63, 82, ], [42: 4, 22, 80, 87, ], [43: 0, 18, 22, 23, 32, ], [44: 13, 37, 46, 80, ], [45: 23, 39, 50, ], [46: 2, 27, 30, 34, ], [47: 27, 105, 139, ], [48: 31, 35, 53, 60, 79, ], [49: 54, 96, 120, ], [50: 30, 49, 71, 77, ], [51: 12, 14, 15, 30, 99, ], [52: 33, 55, 69, ], [53: 20, 65, 128, ], [54: 23, 36, 37, ], [55: 80, 131, 137, ], [56: 46, 47, 61, 78, ], [57: 92, 116, 134, ], [58: 6, 43, 58, 70, 118, ], [59: 50, 53, 121, ], [60: 35, 45, 48, ], [61: 8, 53, 113, ], [62: 14, 58, 73, 95, ], [63: 111, 112, ], [64: 27, 74, 89, ], [65: 25, 72, 74, ], [66: 93, ], [67: 2, 105, 108, ], [68: 103, 154, ], [69: 156, ], [70: 91, 149, ], [71: 143, 150, ], [72: 107, ], [73: 145, ], [74: 129, ], [75: 98, ], [76: 133, ], [77: 90, 124, ], [78: 114, ], [79: 153, ], [80: 104, ], [81: 155, ], [82: 140, ], [83: 125, ], [84: 158, ], [85: 159, ], [86: 115, ], [87: 141, ], [88: 142, ], [89: 136, ], [90: 147, ], [91: 148, ], [92: 146, ], [93: 144, ], [94: 152, ], [95: 138, ], [96: 130, ], [97: 151, ], ]
edge deletions: 213
edge additions: 30
vertex splittings: 159
cost of solution: 402
time used on iteration: 27.5752
best solution found at iteration 518
------------------
iteration 4: [[0: 5, 17, 21, 44, 70, ], [1: 0, 1, 2, 3, 4, 5, 6, 14, 17, 20, 25, ], [2: 2, 12, 15, 16, 17, 18, 27, 50, ], [3: 13, 19, 22, 33, 37, 46, 80, ], [4: 0, 1, 2, 4, 7, 9, 10, 13, 19, 20, 22, 24, 26, ], [5: 14, 31, 51, 56, 58, 97, ], [6: 16, 17, 52, 59, 127, ], [7: 0, 1, 7, 32, 33, ], [8: 36, 62, 68, 70, ], [9: 25, 48, 54, 70, ], [10: 6, 43, 58, 70, 118, ], [11: 18, 36, 54, 84, ], [12: 54, 96, 120, ], [13: 6, 24, 35, 38, 41, 42, ], [14: 12, 14, 15, 30, 99, ], [15: 54, 68, 126, 132, ], [16: 8, 14, 24, 31, 41, ], [17: 15, 63, 64, 88, 102, ], [18: 45, 46, 86, ], [19: 0, 3, 6, 16, 70, 82, ], [20: 43, 106, 157, ], [21: 46, 47, 61, 78, ], [22: 8, 10, 25, 31, 42, ], [23: 10, 14, 32, 38, 58, 73, ], [24: 0, 5, 16, 18, 20, 52, ], [25: 11, 15, 27, 40, ], [26: 10, 18, 22, 32, 80, ], [27: 30, 49, 71, 77, ], [28: 27, 74, 89, ], [29: 3, 21, 23, 59, 76, ], [30: 32, 37, 45, 47, 110, ], [31: 10, 23, 36, 39, 50, ], [32: 50, 53, 121, ], [33: 14, 19, 117, ], [34: 48, 69, 94, ], [35: 23, 28, 71, 109, ], [36: 2, 105, 108, ], [37: 9, 70, 135, ], [38: 53, 79, 81, 119, ], [39: 53, 113, 122, ], [40: 52, 83, 92, ], [41: 24, 28, 48, ], [42: 35, 57, 100, ], [43: 11, 40, 64, 109, ], [44: 2, 44, 52, 59, ], [45: 20, 33, 48, ], [46: 30, 67, 73, 77, ], [47: 58, 66, 85, ], [48: 2, 27, 30, 34, ], [49: 27, 105, 139, ], [50: 14, 95, 133, ], [51: 75, 138, ], [52: 4, 80, 87, ], [53: 65, 87, 128, ], [54: 92, 116, 134, ], [55: 23, 37, 48, ], [56: 80, 123, 131, 137, ], [57: 1, 4, 43, 52, ], [58: 22, 24, 29, 45, ], [59: 31, 35, 53, 60, 79, ], [60: 101, 104, ], [61: 38, 52, 54, ], [62: 93, ], [63: 159, ], [64: 111, 112, ], [65: 91, 149, ], [66: 158, ], [67: 145, ], [68: 152, ], [69: 107, ], [70: 148, ], [71: 140, ], [72: 129, ], [73: 25, 72, 74, ], [74: 156, ], [75: 136, ], [76: 114, ], [77: 155, ], [78: 146, ], [79: 144, ], [80: 143, 153, ], [81: 142, ], [82: 147, ], [83: 98, ], [84: 125, ], [85: 141, ], [86: 150, ], [87: 90, 124, ], [88: 55, 115, ], [89: 103, 154, ], [90: 130, ], [91: 151, ], ]
edge deletions: 230
edge additions: 27
vertex splittings: 146
cost of solution: 403
time used on iteration: 24.6565
best solution found at iteration 597
------------------
