instance: ../../../FARZgraphs/FARZ_500_edges_100.gml
nodes: 100
edges: 787
runs: 5
operations per iteration: 2000
best solution:
[[0: 6, 10, 13, 34, 39, 43, ], [1: 0, 1, 2, 3, 5, 7, 8, 9, 10, 11, 15, 16, 18, 19, 22, 24, 27, ], [2: 0, 2, 10, 12, 13, 17, 18, 19, 20, 21, 23, 36, 56, ], [3: 10, 39, 40, 44, 49, 50, 56, ], [4: 4, 9, 11, 14, 17, 28, 29, 32, 35, 41, 45, 49, 53, ], [5: 5, 15, 16, 22, 25, 32, 36, 41, ], [6: 7, 9, 13, 14, 32, 48, ], [7: 9, 11, 25, 40, 51, 54, 57, 60, 68, ], [8: 12, 17, 19, 20, 21, 22, 39, 40, 42, 44, ], [9: 3, 15, 37, 61, ], [10: 2, 25, 30, 37, 57, ], [11: 8, 18, 27, 28, 31, 32, 35, 45, 47, ], [12: 19, 37, 50, 51, 74, ], [13: 24, 33, 51, 66, ], [14: 0, 3, 15, 21, 24, 26, 36, 45, ], [15: 14, 79, 92, ], [16: 1, 2, 5, 8, 16, 21, 26, 27, 30, 33, 36, ], [17: 50, 60, 84, ], [18: 2, 8, 50, 58, ], [19: 11, 43, 46, 48, 52, ], [20: 0, 6, 7, 14, 17, ], [21: 64, 71, 90, ], [22: 38, 43, 47, 48, 53, ], [23: 3, 5, 31, 75, ], [24: 13, 22, 35, 49, ], [25: 7, 10, 16, 19, 24, 29, 58, ], [26: 37, 41, 43, ], [27: 4, 56, 63, ], [28: 76, 83, ], [29: 8, 17, 29, 63, ], [30: 26, 59, 62, ], [31: 54, 57, 65, 67, ], [32: 25, 39, 74, ], [33: 18, 42, 58, 60, ], [34: 3, 13, 44, ], [35: 10, 14, 34, 63, 87, ], [36: 69, 73, 77, ], [37: 85, 86, 91, ], [38: 16, 37, 80, ], [39: 82, ], [40: 7, 22, 23, 55, ], [41: 78, ], [42: 94, 95, ], [43: 89, ], [44: 97, 98, ], [45: 88, ], [46: 96, ], [47: 81, ], [48: 72, ], [49: 93, ], [50: 99, ], [51: 70, ], ]
cost of best solution: 372
average cost of solutions: 372.6
average last operation finding best solution: 1021.2
average runtime: 14.4597
------------------
average time of add_all_nodes_to_neighbours: 0.00512224
average time of random_choice_split: 5.04413e-05
average time of weighted_random_merge: 0.0207257
average time of label_propagation_round 0.00772071
average time of remove_nodes_ 0.00134675
average time of add_node_to_all 0.00351419
------------------
average improvement of add_all_nodes_to_neighbours -1.48665
per second: -290.234
average improvement of random_choice_split 0.218235
per second: 4326.51
average improvement of weighted_random_merge -1.04852
per second: -50.5904
average improvement of label_propagation_round -12.4507
per second: -1612.64
average improvement of remove_nodes_ -40.11
per second: -29782.8
average improvement of add_node_to_all 72.119
per second: 20522.2
all solutions:
------------------
iteration 0: [[0: 6, 10, 13, 34, 39, 43, ], [1: 0, 1, 2, 3, 5, 7, 8, 9, 10, 11, 15, 16, 18, 19, 22, 24, 27, ], [2: 0, 2, 10, 12, 13, 17, 18, 19, 20, 21, 23, 36, 56, ], [3: 10, 39, 40, 44, 49, 50, 56, ], [4: 4, 9, 11, 14, 17, 28, 29, 32, 35, 41, 45, 49, 53, ], [5: 5, 15, 16, 22, 25, 32, 36, 41, ], [6: 7, 9, 13, 14, 32, 48, ], [7: 9, 11, 25, 40, 51, 54, 57, 60, 68, ], [8: 12, 17, 19, 20, 21, 22, 39, 40, 42, 44, ], [9: 3, 15, 37, 61, ], [10: 2, 25, 30, 37, 57, ], [11: 8, 18, 27, 28, 31, 32, 35, 45, 47, ], [12: 19, 37, 50, 51, 74, ], [13: 24, 33, 51, 66, ], [14: 0, 3, 15, 21, 24, 26, 36, 45, ], [15: 14, 79, 92, ], [16: 1, 2, 5, 8, 16, 21, 26, 27, 30, 33, 36, ], [17: 50, 60, 84, ], [18: 2, 8, 50, 58, ], [19: 11, 43, 46, 48, 52, ], [20: 0, 6, 7, 14, 17, ], [21: 64, 71, 90, ], [22: 38, 43, 47, 48, 53, ], [23: 3, 5, 31, 75, ], [24: 13, 22, 35, 49, ], [25: 7, 10, 16, 19, 24, 29, 58, ], [26: 37, 41, 43, ], [27: 4, 56, 63, ], [28: 76, 83, ], [29: 8, 17, 29, 63, ], [30: 26, 59, 62, ], [31: 54, 57, 65, 67, ], [32: 25, 39, 74, ], [33: 18, 42, 58, 60, ], [34: 3, 13, 44, ], [35: 10, 14, 34, 63, 87, ], [36: 69, 73, 77, ], [37: 85, 86, 91, ], [38: 16, 37, 80, ], [39: 82, ], [40: 7, 22, 23, 55, ], [41: 78, ], [42: 94, 95, ], [43: 89, ], [44: 97, 98, ], [45: 88, ], [46: 96, ], [47: 81, ], [48: 72, ], [49: 93, ], [50: 99, ], [51: 70, ], ]
edge deletions: 192
edge additions: 41
vertex splittings: 139
cost of solution: 372
time used on iteration: 12.9435
best solution found at iteration 762
------------------
iteration 1: [[0: 0, 2, 9, 12, 13, 17, 18, 19, 20, 23, 36, ], [1: 4, 9, 11, 14, 17, 28, 29, 32, 35, 41, 45, 49, 53, ], [2: 0, 1, 2, 3, 5, 7, 8, 10, 15, 16, 18, 19, 21, 22, 24, 27, 36, ], [3: 6, 10, 13, 34, 39, 43, ], [4: 1, 5, 26, 30, 33, 36, ], [5: 10, 12, 13, 17, 20, 21, 22, 23, 39, 40, 44, 49, 56, ], [6: 3, 7, 24, 26, 45, ], [7: 42, 44, 50, 58, 60, ], [8: 9, 11, 25, 40, 51, 54, 57, 60, 68, ], [9: 7, 8, 17, 18, 19, 29, 58, ], [10: 19, 37, 39, 50, 51, 74, ], [11: 18, 28, 31, 35, 47, ], [12: 7, 9, 11, 13, 14, 32, 48, ], [13: 11, 43, 46, 48, 52, 53, ], [14: 10, 11, 14, 24, 29, 63, ], [15: 3, 37, 61, ], [16: 5, 8, 9, 15, 22, 32, 35, 41, ], [17: 2, 21, 25, 30, 37, 57, ], [18: 11, 15, 16, 25, 37, 41, ], [19: 34, 63, 87, ], [20: 0, 6, 14, 35, ], [21: 17, 22, 25, 39, 42, ], [22: 3, 5, 31, 75, ], [23: 8, 15, 26, 27, 28, 30, 45, ], [24: 0, 11, 18, 45, 67, ], [25: 24, 33, 51, 66, ], [26: 85, 86, 91, ], [27: 38, 43, 47, 48, 53, ], [28: 53, 64, 84, ], [29: 64, 71, 90, ], [30: 69, 73, 77, ], [31: 16, 29, 80, ], [32: 19, 42, 68, ], [33: 54, 57, 65, 67, ], [34: 2, 26, 33, 62, ], [35: 0, 56, 69, ], [36: 14, 79, 92, ], [37: 16, 32, 36, 56, ], [38: 9, 26, 59, ], [39: 7, 23, 55, ], [40: 2, 49, 50, 56, ], [41: 94, 95, 99, ], [42: 76, 83, ], [43: 93, ], [44: 78, ], [45: 97, 98, ], [46: 96, ], [47: 89, ], [48: 72, ], [49: 81, ], [50: 88, ], [51: 82, ], [52: 70, ], ]
edge deletions: 195
edge additions: 33
vertex splittings: 144
cost of solution: 372
time used on iteration: 14.5706
best solution found at iteration 1933
------------------
iteration 2: [[0: 4, 9, 11, 14, 17, 28, 29, 32, 35, 41, 45, 49, 53, ], [1: 19, 37, 39, 50, 51, 74, ], [2: 0, 2, 10, 12, 13, 17, 18, 19, 20, 21, 22, 23, 36, 40, 56, ], [3: 0, 1, 2, 3, 5, 7, 8, 9, 10, 15, 16, 18, 19, 22, 27, ], [4: 0, 6, 14, 35, ], [5: 7, 16, 18, 19, 24, 29, 58, ], [6: 8, 10, 11, 24, 29, 63, ], [7: 12, 17, 20, 39, 42, 44, ], [8: 6, 10, 13, 34, 39, 43, ], [9: 1, 2, 5, 24, 26, 30, 33, ], [10: 9, 11, 25, 40, 51, 54, 57, 60, 68, ], [11: 3, 8, 15, 21, 24, 26, 27, 30, 36, 45, ], [12: 18, 28, 35, 47, ], [13: 2, 25, 30, 37, 57, ], [14: 7, 9, 11, 13, 14, 32, 48, ], [15: 0, 11, 18, 40, 45, 67, ], [16: 2, 8, 10, 50, 58, ], [17: 10, 13, 39, 40, 44, 49, 56, ], [18: 54, 57, 65, 67, ], [19: 3, 15, 37, 61, ], [20: 10, 14, 34, 63, 87, ], [21: 5, 11, 15, 16, 25, 41, ], [22: 7, 23, 55, ], [23: 53, 58, 64, ], [24: 26, 59, 62, ], [25: 4, 56, 63, ], [26: 31, 38, 47, 48, ], [27: 14, 79, 92, ], [28: 16, 37, 80, ], [29: 16, 56, 69, ], [30: 22, 25, 27, 39, ], [31: 8, 27, 28, 31, 32, 35, ], [32: 42, 44, 58, 60, ], [33: 20, 50, 84, ], [34: 24, 51, 60, 66, ], [35: 34, 39, 85, 86, ], [36: 64, 71, 90, ], [37: 0, 26, 28, ], [38: 3, 5, 31, 75, ], [39: 19, 42, 68, ], [40: 81, ], [41: 82, ], [42: 78, ], [43: 89, ], [44: 88, ], [45: 69, 73, 77, ], [46: 5, 16, 32, 33, 36, ], [47: 22, 35, 41, 42, ], [48: 11, 43, 46, 48, 52, 53, ], [49: 96, ], [50: 49, 50, 64, ], [51: 93, ], [52: 91, ], [53: 72, ], [54: 95, 99, ], [55: 94, ], [56: 97, 98, ], [57: 76, 83, ], [58: 70, ], ]
edge deletions: 188
edge additions: 28
vertex splittings: 158
cost of solution: 374
time used on iteration: 16.7517
best solution found at iteration 507
------------------
iteration 3: [[0: 6, 10, 13, 34, 39, 43, ], [1: 10, 12, 13, 17, 20, 21, 23, 39, 40, 44, 49, 56, ], [2: 0, 1, 2, 3, 5, 7, 8, 10, 15, 16, 18, 19, 21, 22, 24, 27, ], [3: 9, 11, 25, 40, 51, 54, 57, 60, 68, ], [4: 4, 9, 11, 14, 17, 28, 29, 32, 35, 41, 45, 49, 53, ], [5: 18, 42, 44, 58, 60, ], [6: 0, 2, 9, 10, 12, 13, 17, 18, 19, 20, 22, 23, 36, ], [7: 1, 2, 8, 26, 30, 33, ], [8: 8, 10, 11, 14, 24, 29, 63, ], [9: 7, 8, 55, 58, ], [10: 7, 9, 11, 13, 14, 32, 48, ], [11: 8, 28, 31, 32, 35, 47, ], [12: 4, 56, 63, ], [13: 3, 5, 31, 75, ], [14: 2, 30, 37, 57, ], [15: 2, 10, 19, 50, 56, 58, ], [16: 5, 26, 27, 28, 30, ], [17: 5, 11, 15, 16, 25, 37, 41, ], [18: 24, 33, 51, 66, ], [19: 11, 43, 46, 48, 52, 53, ], [20: 0, 11, 18, 45, 67, ], [21: 19, 37, 39, 50, 51, 74, ], [22: 3, 8, 9, 15, 24, 26, 36, 45, ], [23: 53, 64, 84, ], [24: 0, 16, 56, 69, ], [25: 34, 39, 85, 86, ], [26: 34, 63, 87, ], [27: 6, 7, 17, 29, ], [28: 26, 59, 62, ], [29: 31, 38, 47, 48, ], [30: 17, 22, 25, 39, 42, ], [31: 21, 25, 27, 30, 36, ], [32: 69, 73, 77, ], [33: 54, 57, 65, 67, ], [34: 15, 53, 61, ], [35: 16, 29, 80, ], [36: 64, 71, 90, ], [37: 4, 30, 75, ], [38: 14, 79, 92, ], [39: 5, 16, 32, 33, 36, ], [40: 0, 6, 14, 35, ], [41: 94, 95, ], [42: 3, 37, 61, ], [43: 15, 22, 27, 32, 35, ], [44: 19, 42, 68, ], [45: 38, 53, 83, ], [46: 97, 98, ], [47: 82, ], [48: 96, ], [49: 91, ], [50: 72, ], [51: 93, ], [52: 99, ], [53: 81, ], [54: 88, ], [55: 89, ], [56: 78, ], [57: 76, ], [58: 70, ], ]
edge deletions: 185
edge additions: 29
vertex splittings: 158
cost of solution: 372
time used on iteration: 14.0507
best solution found at iteration 1609
------------------
iteration 4: [[0: 7, 16, 19, 29, 58, ], [1: 0, 1, 2, 3, 5, 7, 8, 9, 10, 11, 15, 16, 18, 19, 22, 24, 27, ], [2: 0, 6, 7, 14, 17, ], [3: 11, 38, 43, 46, 48, 52, 53, ], [4: 0, 2, 10, 12, 13, 17, 18, 19, 20, 21, 23, 36, 56, ], [5: 12, 17, 19, 20, 21, 22, 39, 40, 42, 44, ], [6: 4, 9, 11, 14, 17, 28, 29, 32, 35, 41, 45, 49, 53, ], [7: 19, 37, 50, 51, 74, ], [8: 3, 8, 15, 21, 24, 26, 27, 30, 36, 45, ], [9: 0, 1, 2, 5, 16, 21, 26, 33, ], [10: 8, 10, 17, 24, 29, 58, 63, ], [11: 5, 15, 16, 22, 25, 32, 36, 41, ], [12: 10, 39, 40, 44, 49, 50, 56, ], [13: 76, 83, ], [14: 7, 9, 13, 14, 32, 48, ], [15: 6, 10, 13, 34, 39, 43, ], [16: 0, 18, 45, 67, ], [17: 2, 25, 30, 37, 57, ], [18: 3, 15, 37, 61, ], [19: 18, 42, 58, 60, ], [20: 9, 11, 25, 40, 51, 54, 57, 60, 68, ], [21: 8, 28, 31, 32, 35, 47, ], [22: 4, 14, 56, 63, ], [23: 2, 50, 62, ], [24: 34, 63, 87, ], [25: 26, 59, 62, ], [26: 3, 5, 31, 75, ], [27: 85, 86, 91, ], [28: 69, 73, 77, ], [29: 7, 22, 23, 55, ], [30: 24, 33, 51, 66, ], [31: 65, 82, ], [32: 47, 48, 57, ], [33: 14, 79, 92, ], [34: 50, 53, 58, 64, 84, ], [35: 16, 37, 80, ], [36: 81, ], [37: 88, ], [38: 78, ], [39: 13, 22, 35, 49, ], [40: 96, ], [41: 97, 98, ], [42: 93, ], [43: 89, ], [44: 64, 71, 90, ], [45: 94, 95, 99, ], [46: 72, ], [47: 70, ], ]
edge deletions: 204
edge additions: 41
vertex splittings: 128
cost of solution: 373
time used on iteration: 13.9818
best solution found at iteration 295
------------------
