instance: ../../../FARZgraphs/FARZ_100_40.gml
nodes: 100
edges: 2378
runs: 5
operations per iteration: 2000
best solution:
[[0: 3, 8, 9, 11, 12, 14, 15, 16, 17, 19, 21, 26, 27, 29, 30, 32, 33, 36, 37, 38, 41, 42, 49, 51, 52, 53, 57, 59, 60, 63, 64, 69, 71, 72, ], [1: 4, 10, 13, 14, 31, 37, 48, 55, 56, 61, 62, 65, 68, 70, 74, ], [2: 8, 16, 27, 40, 75, 81, ], [3: 4, 33, 44, 47, 51, 55, 56, 77, 78, ], [4: 11, 17, 50, 54, 62, 64, 68, 73, ], [5: 12, 21, 34, 42, 47, 50, 57, ], [6: 0, 3, 12, 13, 15, 17, 19, 21, 27, 28, 31, 51, 58, 67, 72, 76, 90, ], [7: 12, 21, 42, 75, 80, 86, 90, ], [8: 0, 1, 2, 3, 4, 5, 6, 7, 10, 11, 13, 14, 17, 19, 22, 23, 24, 25, 31, 32, 33, 35, 37, 39, 40, 43, 44, 45, 46, 47, 48, 49, 50, 51, 53, 54, 55, 58, 59, 60, 61, 63, 64, 71, ], [9: 0, 5, 7, 18, 19, 20, 22, 25, 30, 39, 40, 41, 43, 57, 61, 78, ], [10: 0, 9, 16, 29, 31, 38, 40, 80, ], [11: 2, 6, 22, 44, 46, 56, 68, 70, 74, 87, ], [12: 0, 24, 26, 31, 53, 54, 62, 66, 72, ], [13: 1, 2, 3, 4, 5, 6, 7, 9, 10, 12, 13, 15, 16, 18, 20, 21, 22, 23, 26, 27, 28, 30, 32, 35, 37, 40, ], [14: 2, 5, 7, 20, 23, 32, 34, 38, 40, 47, 51, 66, 71, 74, ], [15: 7, 48, 70, 71, 77, 79, ], [16: 19, 21, 24, 25, 39, 45, 59, 68, 77, ], [17: 6, 19, 51, 53, 65, 80, 86, 87, ], [18: 6, 24, 27, 34, 38, 45, 52, 66, 74, 77, 83, 87, 95, ], [19: 9, 18, 25, 26, 27, 38, 39, 43, 47, 48, ], [20: 20, 24, 25, 28, 31, 33, 47, 52, ], [21: 1, 35, 62, 66, 68, 71, 78, ], [22: 12, 39, 43, 96, ], [23: 4, 5, 10, 22, 25, 44, 46, 59, 62, 65, 73, 79, 82, ], [24: 9, 15, 29, 30, 36, 49, 52, 69, 75, 81, 85, 86, ], [25: 12, 16, 24, 30, 35, 36, 41, 45, 47, 54, ], [26: 1, 8, 10, 13, 41, ], [27: 1, 32, 65, 67, ], [28: 15, 24, 26, 34, 85, ], [29: 18, 23, 38, 41, 46, 52, 61, ], [30: 14, 18, 20, 30, 58, 66, 72, ], [31: 15, 30, 62, 89, ], [32: 2, 6, 7, 8, 36, 40, 52, 54, ], [33: 45, 65, 85, ], [34: 13, 23, 28, 29, 57, ], [35: 9, 59, 90, 95, ], [36: 0, 70, 73, ], [37: 16, 85, 94, ], [38: 64, 89, 92, ], [39: 1, 29, 36, 91, ], [40: 4, 33, 55, 80, 84, ], [41: 40, 42, 46, 67, ], [42: 6, 51, 60, 96, 97, ], [43: 40, 49, 56, 62, 63, ], [44: 36, 72, 80, 81, 90, ], [45: 14, 78, 79, ], [46: 88, ], [47: 99, ], [48: 98, ], [49: 93, ], ]
cost of best solution: 599
average cost of solutions: 608.2
average last operation finding best solution: 1444.8
average runtime: 36.3918
------------------
average time of add_all_nodes_to_neighbours: 0.0232518
average time of random_choice_split: 0.000548195
average time of weighted_random_merge: 0.0412003
average time of label_propagation_round 0.0282252
average time of remove_nodes_ 0.00304495
average time of add_node_to_all 0.00778615
------------------
average improvement of add_all_nodes_to_neighbours -2.46911
per second: -106.19
average improvement of random_choice_split 0.628521
per second: 1146.53
average improvement of weighted_random_merge -0.469375
per second: -11.3925
average improvement of label_propagation_round -7.82754
per second: -277.325
average improvement of remove_nodes_ -25.0448
per second: -8225.04
average improvement of add_node_to_all 46.6014
per second: 5985.17
all solutions:
------------------
iteration 0: [[0: 3, 8, 9, 15, 16, 29, 30, 36, 37, 38, 41, 42, 49, 52, 53, 57, 60, 63, 64, 69, 72, 81, ], [1: 4, 10, 14, 48, 62, 65, 70, 71, 79, ], [2: 5, 7, 13, 19, 20, 21, 23, 26, 28, 34, 40, 47, 57, ], [3: 6, 24, 27, 34, 38, 45, 47, 52, 66, 71, 74, 77, 83, ], [4: 14, 26, 32, 53, 54, 62, 66, 72, ], [5: 2, 7, 8, 11, 36, 40, 52, 54, ], [6: 4, 7, 25, 44, 59, 77, 79, 82, ], [7: 8, 9, 12, 14, 16, 19, 21, 26, 29, 32, 33, 36, 42, 49, 51, 52, 59, 69, 71, 75, 80, ], [8: 0, 3, 12, 13, 15, 17, 19, 21, 27, 28, 31, 51, 58, 67, 72, 76, 90, ], [9: 0, 7, 14, 18, 20, 22, 33, 39, 41, 43, 57, 61, 71, 78, ], [10: 10, 11, 22, 46, 50, 54, 59, 62, 64, 68, 73, 82, ], [11: 4, 13, 14, 17, 24, 31, 35, 37, 43, 44, 48, 49, 50, 54, 55, 56, 61, 62, 63, 64, 68, ], [12: 19, 25, 39, 44, 45, 51, 54, 55, 61, 65, 68, 71, 77, 78, ], [13: 25, 31, 32, 62, 65, 73, 74, ], [14: 24, 34, 38, 45, 83, 85, 87, 95, ], [15: 18, 20, 24, 28, 31, 33, 37, 52, 72, ], [16: 10, 23, 40, 44, 46, 47, 51, 52, 56, 61, 74, ], [17: 4, 33, 55, 80, 84, ], [18: 0, 1, 2, 3, 5, 11, 23, 28, 29, 30, 32, 35, 44, 53, 55, 58, 60, 61, ], [19: 6, 19, 51, 53, 80, 86, 87, ], [20: 9, 12, 15, 29, 36, 52, 64, 69, 85, 86, ], [21: 0, 1, 5, 30, 35, 40, 47, 54, 60, 62, 66, 78, ], [22: 0, 1, 2, 3, 4, 5, 6, 7, 9, 10, 11, 12, 13, 14, 15, 16, 17, 18, 19, 21, 22, 23, 24, 25, 26, 27, 30, 31, 32, 33, 35, 37, 38, 39, 40, 41, 43, 45, 46, 47, 48, 49, 50, 51, 53, 58, 59, 60, 63, 64, 71, ], [23: 2, 6, 22, 33, 37, 44, 56, 61, 68, 70, 74, 77, 87, ], [24: 9, 59, 90, 95, ], [25: 42, 75, 81, 86, 90, ], [26: 2, 4, 12, 20, 23, 51, 54, 58, 66, ], [27: 4, 5, 73, 78, 79, 86, ], [28: 6, 25, 28, 36, 45, ], [29: 6, 51, 60, 96, 97, ], [30: 15, 62, 89, ], [31: 16, 85, 94, ], [32: 1, 36, 91, ], [33: 0, 17, 40, 73, 80, ], [34: 40, 42, 46, 67, ], [35: 22, 46, 65, 79, 80, ], [36: 12, 32, 34, 42, 50, 51, 57, ], [37: 29, 47, 96, ], [38: 27, 29, 40, 75, 81, ], [39: 92, ], [40: 7, 66, 74, 95, ], [41: 25, 42, 43, 52, ], [42: 7, 55, 70, ], [43: 88, ], [44: 93, ], [45: 99, ], [46: 98, ], ]
edge deletions: 150
edge additions: 143
vertex splittings: 319
cost of solution: 612
time used on iteration: 33.8757
best solution found at iteration 1398
------------------
iteration 1: [[0: 4, 30, 35, 40, 43, 44, 47, 56, 61, 62, 63, 78, ], [1: 3, 8, 12, 15, 19, 21, 29, 30, 32, 36, 37, 41, 42, 51, 52, 69, 75, 86, ], [2: 9, 36, 64, 81, 85, 86, 90, ], [3: 14, 22, 46, 59, 65, 73, 79, 80, ], [4: 0, 1, 2, 3, 4, 5, 6, 7, 9, 10, 11, 12, 13, 14, 15, 16, 17, 18, 19, 21, 22, 23, 24, 25, 26, 27, 28, 30, 31, 32, 33, 35, 37, 38, 39, 40, 41, 43, 45, 47, 49, 51, 53, 59, 60, 64, ], [5: 5, 12, 13, 16, 19, 20, 21, 23, 34, 40, 50, 57, 71, ], [6: 10, 17, 23, 25, 31, 32, 40, 44, 46, 52, 54, 73, ], [7: 0, 1, 4, 5, 14, 18, 20, 25, 35, 66, 78, ], [8: 0, 1, 3, 4, 5, 7, 10, 11, 13, 17, 22, 24, 25, 31, 32, 35, 37, 39, 43, 44, 45, 46, 48, 49, 50, 53, 54, 55, 58, 59, 60, 61, 62, 63, 64, 68, 71, ], [9: 24, 26, 30, 32, 53, 54, 62, 66, 72, ], [10: 2, 6, 22, 33, 44, 46, 50, 51, 56, 61, 68, 74, 87, ], [11: 9, 14, 16, 29, 33, 36, 40, 42, 49, 72, 75, 80, 81, ], [12: 2, 6, 7, 8, 11, 12, 16, 36, 40, 47, 52, 54, 63, 71, ], [13: 6, 24, 27, 34, 38, 45, 47, 51, 52, 66, 71, 74, 77, 83, 87, ], [14: 6, 19, 51, 53, 80, 86, 87, ], [15: 0, 3, 12, 13, 15, 17, 19, 21, 27, 28, 31, 51, 58, 67, 72, 76, 90, ], [16: 8, 9, 14, 15, 26, 29, 30, 36, 38, 42, 49, 52, 53, 57, 59, 60, 63, 64, 69, 71, 81, ], [17: 3, 18, 20, 28, 33, 37, 38, 41, 43, 51, 52, 57, 61, 72, ], [18: 6, 51, 60, 96, 97, ], [19: 4, 7, 25, 44, 77, 79, 82, ], [20: 0, 5, 8, 13, 27, 29, 32, 33, 39, 47, 57, ], [21: 4, 10, 44, 62, 65, 70, 73, 74, 79, ], [22: 5, 10, 11, 22, 46, 50, 62, 64, 73, 82, ], [23: 7, 24, 27, 32, 34, 38, 45, 66, 74, 95, ], [24: 2, 6, 12, 18, 20, 23, 24, 31, 40, 47, 58, 66, ], [25: 1, 19, 51, 54, 55, 61, 63, 65, 68, 78, ], [26: 1, 29, 33, 35, 36, 91, ], [27: 2, 14, 19, 37, 44, 48, 55, 56, 68, 70, 77, ], [28: 12, 17, 21, 38, 69, 71, 80, ], [29: 14, 19, 25, 42, 43, 46, 47, 50, ], [30: 2, 12, 15, 26, 29, 34, 38, 85, ], [31: 9, 18, 33, 38, 40, 46, 48, 63, ], [32: 7, 22, 57, 70, 71, 78, 79, ], [33: 4, 33, 55, 80, 84, ], [34: 15, 30, 62, 89, ], [35: 9, 15, 19, 59, 90, 95, ], [36: 6, 25, 31, 32, 37, 45, 48, 53, 65, 74, ], [37: 33, 39, 77, 78, ], [38: 9, 16, 52, 69, 85, 94, ], [39: 7, 12, 20, 39, 43, 47, 96, ], [40: 10, 13, 23, 31, 40, 56, 74, ], [41: 11, 23, 28, 29, 31, 55, 61, ], [42: 64, 89, 92, ], [43: 97, 99, ], [44: 4, 19, 22, 59, 88, ], [45: 66, 98, ], [46: 86, 93, ], ]
edge deletions: 97
edge additions: 126
vertex splittings: 386
cost of solution: 609
time used on iteration: 34.8473
best solution found at iteration 1950
------------------
iteration 2: [[0: 4, 22, 46, 79, 80, 82, ], [1: 4, 6, 19, 51, 53, 65, 80, 86, 87, ], [2: 9, 36, 42, 69, 75, 80, 81, 86, 90, ], [3: 3, 8, 9, 12, 14, 15, 16, 19, 21, 26, 29, 30, 32, 33, 36, 37, 38, 40, 41, 42, 49, 51, 52, 53, 57, 59, 60, 63, 64, 69, 71, 75, ], [4: 22, 25, 31, 32, 44, 46, 62, 65, 73, 74, ], [5: 27, 28, 29, 30, 41, 49, 52, 53, 57, 72, 81, ], [6: 0, 18, 19, 20, 22, 39, 41, 43, 57, 61, 78, ], [7: 13, 17, 31, 46, 49, 56, 62, 68, ], [8: 0, 24, 26, 31, 53, 54, 62, 66, 72, ], [9: 7, 25, 44, 77, 78, 79, 82, ], [10: 2, 4, 6, 22, 33, 37, 44, 48, 56, 61, 68, 70, 74, 77, 87, ], [11: 2, 6, 7, 20, 23, 27, 34, 38, 47, 51, 52, 66, 71, 74, 77, ], [12: 59, 90, 95, ], [13: 15, 19, 32, 34, 95, ], [14: 7, 10, 11, 12, 16, 24, 25, 26, 28, 36, 41, 45, 47, 52, 54, ], [15: 1, 10, 14, 48, 55, 59, 62, 65, 68, 70, 71, 79, ], [16: 12, 21, 34, 42, 47, 50, 57, ], [17: 9, 16, 17, 18, 25, 26, 27, 38, 39, 43, 47, 48, 60, ], [18: 1, 4, 5, 30, 35, 40, 47, 62, 66, 78, ], [19: 0, 1, 2, 3, 4, 5, 6, 7, 10, 11, 13, 14, 17, 19, 22, 23, 24, 25, 30, 31, 32, 33, 35, 37, 39, 40, 43, 44, 45, 46, 47, 48, 49, 50, 51, 53, 54, 55, 58, 59, 60, 61, 63, 64, 71, ], [20: 19, 21, 24, 25, 39, 45, 68, 77, ], [21: 14, 35, 43, 51, 55, 56, 68, 78, ], [22: 1, 2, 5, 8, 11, 13, 29, 41, ], [23: 1, 2, 3, 4, 5, 6, 7, 9, 11, 12, 13, 15, 16, 18, 20, 21, 22, 23, 26, 27, 28, 32, 33, 35, 37, 40, ], [24: 14, 18, 20, 32, 58, 66, 72, ], [25: 38, 44, 52, 61, ], [26: 1, 36, 91, ], [27: 0, 3, 12, 13, 15, 17, 19, 21, 27, 28, 31, 51, 58, 67, 72, 76, 90, ], [28: 10, 15, 17, 18, 41, 46, 52, ], [29: 10, 11, 50, 62, 64, 68, 73, 82, ], [30: 24, 27, 34, 38, 45, 66, 74, 83, 85, 87, 95, ], [31: 0, 9, 16, 29, 31, 33, 38, 72, 80, ], [32: 12, 15, 29, 52, 64, 85, 86, ], [33: 9, 16, 85, 94, ], [34: 15, 62, 89, ], [35: 6, 51, 60, 96, 97, ], [36: 5, 73, 79, 86, ], [37: 17, 40, 59, 73, 80, ], [38: 55, 80, 84, ], [39: 64, 89, 92, ], [40: 99, ], [41: 98, ], [42: 93, ], [43: 88, ], ]
edge deletions: 189
edge additions: 106
vertex splittings: 306
cost of solution: 601
time used on iteration: 39.36
best solution found at iteration 1805
------------------
iteration 3: [[0: 3, 8, 9, 11, 12, 14, 15, 16, 17, 19, 21, 26, 27, 29, 30, 32, 33, 36, 37, 38, 41, 42, 49, 51, 52, 53, 57, 59, 60, 63, 64, 69, 71, 72, ], [1: 4, 10, 13, 14, 31, 37, 48, 55, 56, 61, 62, 65, 68, 70, 74, ], [2: 8, 16, 27, 40, 75, 81, ], [3: 4, 33, 44, 47, 51, 55, 56, 77, 78, ], [4: 11, 17, 50, 54, 62, 64, 68, 73, ], [5: 12, 21, 34, 42, 47, 50, 57, ], [6: 0, 3, 12, 13, 15, 17, 19, 21, 27, 28, 31, 51, 58, 67, 72, 76, 90, ], [7: 12, 21, 42, 75, 80, 86, 90, ], [8: 0, 1, 2, 3, 4, 5, 6, 7, 10, 11, 13, 14, 17, 19, 22, 23, 24, 25, 31, 32, 33, 35, 37, 39, 40, 43, 44, 45, 46, 47, 48, 49, 50, 51, 53, 54, 55, 58, 59, 60, 61, 63, 64, 71, ], [9: 0, 5, 7, 18, 19, 20, 22, 25, 30, 39, 40, 41, 43, 57, 61, 78, ], [10: 0, 9, 16, 29, 31, 38, 40, 80, ], [11: 2, 6, 22, 44, 46, 56, 68, 70, 74, 87, ], [12: 0, 24, 26, 31, 53, 54, 62, 66, 72, ], [13: 1, 2, 3, 4, 5, 6, 7, 9, 10, 12, 13, 15, 16, 18, 20, 21, 22, 23, 26, 27, 28, 30, 32, 35, 37, 40, ], [14: 2, 5, 7, 20, 23, 32, 34, 38, 40, 47, 51, 66, 71, 74, ], [15: 7, 48, 70, 71, 77, 79, ], [16: 19, 21, 24, 25, 39, 45, 59, 68, 77, ], [17: 6, 19, 51, 53, 65, 80, 86, 87, ], [18: 6, 24, 27, 34, 38, 45, 52, 66, 74, 77, 83, 87, 95, ], [19: 9, 18, 25, 26, 27, 38, 39, 43, 47, 48, ], [20: 20, 24, 25, 28, 31, 33, 47, 52, ], [21: 1, 35, 62, 66, 68, 71, 78, ], [22: 12, 39, 43, 96, ], [23: 4, 5, 10, 22, 25, 44, 46, 59, 62, 65, 73, 79, 82, ], [24: 9, 15, 29, 30, 36, 49, 52, 69, 75, 81, 85, 86, ], [25: 12, 16, 24, 30, 35, 36, 41, 45, 47, 54, ], [26: 1, 8, 10, 13, 41, ], [27: 1, 32, 65, 67, ], [28: 15, 24, 26, 34, 85, ], [29: 18, 23, 38, 41, 46, 52, 61, ], [30: 14, 18, 20, 30, 58, 66, 72, ], [31: 15, 30, 62, 89, ], [32: 2, 6, 7, 8, 36, 40, 52, 54, ], [33: 45, 65, 85, ], [34: 13, 23, 28, 29, 57, ], [35: 9, 59, 90, 95, ], [36: 0, 70, 73, ], [37: 16, 85, 94, ], [38: 64, 89, 92, ], [39: 1, 29, 36, 91, ], [40: 4, 33, 55, 80, 84, ], [41: 40, 42, 46, 67, ], [42: 6, 51, 60, 96, 97, ], [43: 40, 49, 56, 62, 63, ], [44: 36, 72, 80, 81, 90, ], [45: 14, 78, 79, ], [46: 88, ], [47: 99, ], [48: 98, ], [49: 93, ], ]
edge deletions: 171
edge additions: 102
vertex splittings: 326
cost of solution: 599
time used on iteration: 38.0344
best solution found at iteration 1627
------------------
iteration 4: [[0: 4, 10, 23, 25, 31, 32, 40, 44, 53, 62, 65, 73, 74, ], [1: 33, 44, 47, 48, 51, 52, 56, 74, 77, ], [2: 3, 8, 12, 15, 19, 21, 26, 29, 32, 36, 41, 42, 52, 69, 72, 75, 86, ], [3: 3, 14, 18, 19, 20, 22, 39, 41, 43, 47, 57, 61, 78, ], [4: 2, 4, 6, 13, 22, 44, 46, 56, 61, 68, 70, 74, 87, ], [5: 8, 9, 12, 14, 16, 21, 29, 33, 36, 37, 38, 42, 49, 51, 53, 57, 59, 64, 69, 71, 72, 80, ], [6: 6, 24, 27, 34, 38, 45, 66, 74, 77, 83, 87, 95, ], [7: 0, 3, 12, 13, 15, 17, 19, 21, 27, 28, 31, 51, 58, 67, 72, 76, 90, ], [8: 2, 12, 15, 29, 34, 38, 85, ], [9: 0, 5, 7, 12, 13, 20, 21, 23, 26, 27, 28, 29, 32, 34, 40, 47, 51, 52, 57, 66, 71, ], [10: 13, 17, 23, 24, 31, 35, 37, 43, 44, 49, 50, 55, 56, 61, 62, 63, 68, ], [11: 8, 15, 29, 30, 36, 40, 41, 42, 53, 57, 60, 63, 81, ], [12: 10, 11, 22, 44, 46, 50, 59, 62, 64, 68, 73, 82, ], [13: 6, 51, 60, 96, 97, ], [14: 0, 1, 2, 3, 4, 5, 6, 7, 9, 10, 11, 12, 13, 14, 15, 16, 17, 18, 19, 21, 22, 23, 24, 25, 26, 27, 30, 31, 32, 33, 35, 37, 38, 39, 40, 41, 43, 45, 46, 47, 48, 49, 50, 51, 52, 53, 54, 58, 59, 60, 61, 63, 64, 71, ], [15: 1, 2, 4, 6, 18, 20, 24, 28, 31, 35, 58, 66, ], [16: 1, 14, 25, 37, 44, 45, 48, 51, 54, 55, 61, 63, 65, 68, ], [17: 4, 7, 25, 44, 77, 78, 79, 82, ], [18: 14, 22, 46, 59, 65, 79, 80, ], [19: 1, 2, 6, 7, 8, 11, 36, 54, ], [20: 19, 39, 44, 68, 71, 77, 78, ], [21: 0, 1, 3, 5, 35, 44, 55, 60, 62, 78, ], [22: 4, 33, 55, 80, 84, ], [23: 1, 29, 33, 35, 36, 91, ], [24: 19, 34, 41, 42, 47, 50, 57, 60, ], [25: 9, 15, 19, 59, 90, 95, ], [26: 14, 30, 33, 40, 51, 56, 75, 78, ], [27: 24, 26, 30, 53, 54, 62, 66, 72, ], [28: 10, 48, 62, 70, 71, 79, ], [29: 9, 16, 49, 52, 69, 75, 81, 85, 94, ], [30: 64, 89, 92, ], [31: 9, 26, 36, 64, 85, 86, 90, ], [32: 4, 6, 19, 51, 53, 80, 86, 87, ], [33: 5, 73, 79, 86, ], [34: 0, 8, 17, 40, 73, 80, ], [35: 30, 32, 40, 42, 46, 67, ], [36: 20, 25, 28, 33, 37, ], [37: 11, 22, 28, 32, 45, 49, 53, 55, 58, 60, ], [38: 2, 7, 37, 55, 70, 74, 77, ], [39: 4, 19, 22, 59, 88, ], [40: 86, 93, ], [41: 97, 99, ], [42: 66, 98, ], ]
edge deletions: 113
edge additions: 173
vertex splittings: 334
cost of solution: 620
time used on iteration: 35.8416
best solution found at iteration 444
------------------
