5 2000
406 4
406 2
405 5
404 1
405 0
365 4
275 3
254 3
244 0
239 2
238 4
230 4
229 1
229 3
232 0
230 3
231 0
230 0
230 2
229 3
230 5
304 0
304 5
422 5
560 4
246 3
240 4
238 3
233 0
230 1
231 5
294 0
294 4
228 4
228 1
228 2
227 0
227 3
229 5
284 3
260 5
337 2
334 2
332 2
330 5
456 4
245 3
246 5
262 5
337 0
337 3
288 2
287 1
288 0
287 2
285 0
285 2
284 4
241 0
237 0
237 3
236 3
236 2
235 5
316 1
316 0
316 1
317 2
314 5
448 3
350 1
351 3
323 0
323 0
323 5
525 5
740 0
740 3
656 1
656 2
652 4
260 2
258 5
278 2
276 2
274 3
258 0
254 5
358 3
315 0
314 3
305 4
240 4
233 5
277 3
265 3
261 1
262 4
234 5
267 4
233 1
233 4
230 4
230 2
229 5
265 0
265 5
368 4
234 5
263 4
227 0
227 4
225 2
224 0
224 4
224 4
224 2
224 3
226 4
226 5
254 1
254 0
254 5
342 3
285 5
384 3
330 5
506 3
450 3
431 0
431 3
422 2
420 5
729 5
1065 4
245 3
241 4
235 4
235 2
234 4
234 3
229 1
229 4
228 2
227 4
227 4
227 4
227 1
227 2
226 3
231 4
231 1
234 4
233 3
230 3
231 5
264 4
229 3
235 3
231 3
230 2
230 0
228 1
229 1
230 2
229 1
232 5
294 2
292 4
230 1
230 3
235 5
259 3
248 1
249 5
317 4
233 2
232 1
234 5
257 2
255 1
255 3
247 4
230 3
227 0
226 4
226 3
231 4
229 1
229 0
228 2
227 1
227 2
226 5
295 4
225 5
256 4
224 3
229 1
231 1
231 4
230 4
230 4
230 5
258 1
259 2
257 4
228 1
228 0
228 5
301 2
297 1
296 1
296 0
296 5
414 5
548 1
546 0
546 3
392 0
391 5
559 3
468 2
465 3
432 3
417 0
417 2
415 2
413 5
683 3
636 3
611 2
609 4
263 2
261 0
258 1
261 0
261 2
259 0
259 3
257 4
236 2
234 4
230 3
234 3
230 4
229 5
270 3
255 1
256 1
256 5
357 2
354 1
354 2
351 0
351 3
310 4
239 1
241 3
234 2
233 3
235 2
232 5
268 0
268 0
268 4
226 2
225 2
224 3
230 3
226 0
224 1
224 0
224 2
224 1
225 3
226 4
222 4
222 4
222 1
222 4
222 0
221 0
221 5
290 5
406 2
403 5
531 4
234 0
231 5
293 1
293 3
262 3
254 3
252 4
230 2
229 2
228 0
228 1
230 1
233 4
227 2
227 2
224 3
231 5
268 2
266 3
253 1
254 2
253 5
341 1
341 2
339 3
306 1
306 2
304 4
237 3
234 3
235 3
229 4
226 0
226 1
228 3
226 2
226 2
226 4
225 3
227 0
226 4
225 4
225 5
267 5
367 2
364 4
236 4
235 2
233 1
237 5
255 4
231 4
231 0
229 5
297 4
230 0
226 3
226 5
286 5
390 3
313 3
293 4
239 1
239 0
232 2
231 2
230 3
230 4
225 0
225 0
225 0
225 0
225 4
223 3
231 2
228 1
228 2
227 0
227 5
308 5
426 4
233 0
228 3
228 0
228 3
229 1
229 4
224 5
258 5
344 2
341 4
234 5
256 4
228 2
227 1
229 0
225 3
227 3
228 4
223 3
225 0
225 2
224 5
283 4
226 1
226 3
228 3
228 3
228 0
226 2
225 2
224 0
224 3
228 4
225 4
225 5
258 3
245 3
243 2
242 2
241 1
241 2
240 5
299 1
299 1
299 2
297 4
226 4
225 0
224 5
292 4
223 4
223 4
223 1
225 2
224 1
224 1
224 3
224 5
257 5
348 2
345 4
233 4
232 3
230 0
228 4
223 2
223 2
224 1
224 1
227 0
226 3
226 5
281 2
279 0
278 4
222 2
222 4
222 0
221 5
285 3
256 1
256 3
247 4
229 4
228 5
260 3
254 3
250 3
247 0
246 3
245 3
245 0
245 0
245 2
244 0
244 1
244 5
361 0
361 3
310 2
308 0
307 1
308 2
306 2
304 5
488 0
488 4
243 0
237 4
229 0
229 4
225 4
224 2
224 4
224 2
224 3
229 5
251 1
252 4
225 1
225 4
225 0
225 4
224 0
224 2
224 2
224 3
224 3
224 2
225 1
225 1
225 2
226 4
224 4
224 4
224 0
224 0
224 3
225 3
227 2
226 2
225 5
296 2
294 5
410 0
410 5
555 4
244 2
243 0
234 2
234 3
234 2
233 4
229 1
229 4
229 5
251 2
251 0
250 1
250 3
240 5
309 3
278 2
277 2
274 2
273 1
274 0
274 0
274 0
274 2
272 4
231 4
226 3
224 3
228 0
227 3
228 4
222 1
222 4
222 4
222 0
222 3
224 4
222 3
223 3
222 0
222 3
226 4
224 5
254 2
252 4
221 3
226 3
227 1
228 2
225 4
225 2
224 5
259 4
222 4
222 4
222 2
222 0
222 5
297 4
223 0
223 3
227 1
227 0
226 1
226 4
221 4
221 5
257 2
255 5
348 0
348 5
472 3
364 3
330 2
328 2
327 0
326 3
319 5
500 2
497 5
727 3
642 2
638 4
269 0
262 2
260 4
243 2
241 3
241 3
235 4
230 5
259 1
260 4
226 2
226 4
225 5
250 4
225 2
225 4
225 2
224 5
253 1
254 4
226 2
226 5
249 2
249 1
249 4
225 3
231 4
231 3
227 1
228 0
225 5
300 1
299 5
408 4
227 5
253 5
329 3
276 0
274 0
274 1
274 3
270 4
233 4
229 2
228 0
228 4
226 2
225 4
225 4
225 2
225 2
225 0
225 5
300 0
300 0
300 0
300 1
300 2
298 0
298 2
298 5
409 2
406 0
406 5
533 0
533 3
402 4
249 3
241 4
239 4
239 0
232 4
226 0
226 5
286 5
385 3
302 2
300 1
301 0
300 5
445 5
621 4
250 3
250 3
248 5
263 0
259 2
257 5
346 5
469 3
355 1
355 4
247 1
247 0
242 4
231 2
230 0
229 3
230 1
230 4
225 4
225 3
228 3
227 4
226 4
226 0
225 1
225 3
227 2
226 5
291 3
260 2
259 2
258 1
259 1
259 3
254 3
249 0
249 2
248 2
247 3
246 3
246 2
245 2
244 0
244 5
356 2
353 1
353 2
350 5
499 1
498 4
245 0
243 2
243 4
231 1
231 4
229 3
234 1
234 4
234 3
230 4
230 4
230 5
250 4
226 5
252 3
243 0
240 1
240 5
329 5
458 1
458 4
234 5
261 0
258 3
245 3
244 3
243 3
240 2
239 3
238 4
224 1
224 0
224 3
224 0
224 1
224 4
221 0
221 5
294 0
294 3
264 5
362 3
313 4
233 4
229 4
229 3
225 2
224 0
222 5
302 2
301 1
301 0
301 2
299 2
298 5
423 4
232 5
256 3
245 0
243 5
341 0
341 4
231 5
266 2
266 4
227 3
230 5
261 4
227 1
227 0
226 2
226 4
224 2
224 0
224 4
224 0
224 0
224 4
224 0
224 2
224 2
224 0
224 2
225 4
225 0
225 3
227 2
227 3
224 5
290 3
261 0
260 0
260 0
260 2
259 0
259 3
254 4
233 1
233 0
232 4
225 3
229 3
228 2
227 4
225 4
225 2
224 0
224 2
224 3
225 4
222 3
221 1
222 4
220 4
220 4
220 0
219 4
219 2
219 0
219 1
219 4
219 5
267 1
268 5
376 1
376 3
312 5
436 3
383 3
362 0
362 5
604 1
604 5
870 4
246 2
244 5
264 0
259 3
254 5
330 5
477 2
473 3
384 1
384 0
383 4
246 0
241 3
242 5
317 0
317 4
237 3
232 3
229 1
229 5
263 3
248 0
248 1
248 3
248 2
247 0
247 4
235 4
226 1
226 4
226 3
228 0
227 2
226 1
226 0
226 1
226 0
226 0
226 2
226 4
224 0
224 4
223 0
223 4
223 4
223 5
254 3
243 3
239 5
306 0
306 0
306 4
228 2
227 2
226 3
231 5
259 0
259 3
245 0
243 3
240 3
240 1
240 1
240 3
240 2
239 3
239 4
223 2
222 2
221 1
221 4
221 2
221 5
259 4
223 2
223 1
223 4
222 2
222 2
222 3
227 5
258 0
258 3
246 3
244 2
243 3
242 3
241 2
240 4
222 5
259 4
226 0
225 0
225 0
225 5
297 5
414 3
323 1
323 1
324 5
436 1
436 3
377 0
377 0
377 3
355 3
348 5
584 0
584 5
843 0
843 2
838 2
832 3
763 3
723 3
692 4
265 0
252 1
252 5
361 3
311 3
300 3
292 1
292 3
291 4
232 4
229 0
228 5
322 3
282 4
232 2
231 2
230 0
228 2
227 1
227 0
227 3
228 0
228 0
228 4
224 1
224 0
224 0
224 0
224 3
225 2
225 4
225 2
224 2
224 4
224 1
226 1
226 0
226 2
226 0
226 3
228 0
228 1
228 3
228 0
228 3
228 2
227 4
224 5
267 3
248 4
226 0
225 0
225 0
225 5
314 3
275 3
270 3
270 1
270 5
386 5
558 2
553 3
470 3
429 0
427 5
718 0
718 0
718 0
718 4
253 4
242 3
234 0
229 5
303 1
303 0
303 0
303 4
230 5
259 4
225 5
259 5
344 1
344 3
289 3
268 4
235 0
234 3
234 3
234 4
223 0
222 4
222 3
225 3
225 3
228 2
227 5
266 5
365 3
306 1
306 0
306 5
470 3
411 1
411 2
408 0
408 0
408 2
406 1
406 2
402 2
400 0
400 0
400 2
398 1
398 1
398 0
398 4
253 1
253 4
240 4
240 2
239 2
237 3
235 4
233 0
228 3
230 2
229 5
295 3
267 0
267 2
265 1
265 3
263 4
231 4
227 4
227 2
226 2
226 5
260 4
227 1
227 3
230 2
230 2
229 3
231 1
231 2
230 0
227 0
227 0
227 0
227 0
227 3
227 5
303 1
303 5
423 3
334 2
332 5
460 4
241 0
234 5
312 3
275 5
390 2
387 4
240 5
265 0
261 2
259 5
357 1
356 5
490 0
490 5
629 4
252 1
252 2
250 5
266 3
253 4
240 3
234 4
233 0
228 2
228 4
224 5
258 3
241 3
238 4
227 1
227 0
226 5
298 0
298 4
233 3
233 2
232 3
235 2
232 5
259 0
258 3
248 3
242 2
241 2
240 2
239 3
242 5
298 2
295 0
294 5
417 5
565 2
559 0
559 1
559 4
239 4
235 4
235 2
234 5
261 0
258 0
258 4
228 2
228 2
228 2
228 3
233 5
256 0
255 2
253 2
253 5
333 2
333 3
285 4
239 2
237 3
233 3
237 2
234 3
231 3
234 3
236 3
236 0
229 5
301 3
264 5
346 2
344 4
243 1
243 5
263 0
261 2
259 3
252 3
251 3
246 3
247 4
233 3
232 2
230 4
227 4
226 1
226 4
226 3
229 0
226 3
228 3
228 0
227 0
227 2
226 3
227 2
226 3
227 4
225 4
224 0
224 5
303 0
303 4
227 3
231 3
225 4
224 3
229 2
228 1
231 4
230 4
230 0
227 0
227 2
226 3
230 4
226 5
257 4
222 5
256 2
256 5
335 2
332 1
331 5
453 2
451 0
451 1
451 5
577 5
709 0
709 0
709 4
253 3
245 5
267 4
234 5
255 0
253 4
232 2
232 2
232 2
232 3
239 5
260 0
260 4
232 4
232 4
232 3
239 3
234 1
234 1
234 3
239 2
238 2
235 4
235 0
233 2
232 1
232 2
231 0
231 0
231 4
229 1
229 0
229 3
231 3
230 0
230 0
230 4
230 3
235 0
232 2
231 4
228 0
228 1
228 4
227 3
235 5
258 5
334 2
331 2
328 4
234 3
238 2
237 3
239 4
239 4
239 0
235 2
234 3
233 2
232 2
231 5
298 3
268 0
267 4
234 0
234 0
234 4
228 0
228 5
303 3
269 2
268 2
266 4
232 1
232 2
231 2
230 4
228 1
228 3
231 2
231 5
271 2
269 2
267 1
267 0
267 1
267 2
265 3
249 4
237 2
235 5
258 3
251 3
247 3
249 1
249 3
247 1
247 2
246 3
246 5
324 2
322 4
229 3
231 2
229 2
228 4
226 3
227 3
228 0
226 2
225 4
222 0
222 4
222 5
250 4
223 3
228 0
226 3
226 5
296 2
294 3
259 0
258 5
386 2
383 3
336 2
333 4
243 2
242 2
241 5
267 1
267 4
231 2
230 2
229 3
229 1
229 2
228 2
227 5
264 3
251 5
326 2
323 5
461 3
367 4
250 3
245 4
236 2
234 4
234 3
233 2
232 2
232 0
227 2
227 3
229 2
227 3
228 4
225 0
225 0
225 2
225 4
225 2
224 3
228 0
227 2
226 5
291 0
291 1
291 3
259 0
259 1
259 5
386 0
386 3
329 3
315 3
310 3
309 2
308 3
307 4
233 4
230 3
226 3
229 2
227 3
228 0
227 3
227 1
227 2
226 2
225 3
226 4
221 2
221 3
225 2
222 5
272 3
252 3
253 5
345 1
344 2
341 0
341 2
338 4
234 4
230 2
229 3
227 5
264 5
362 0
362 0
362 1
362 5
493 3
378 3
329 4
245 2
244 1
244 3
242 2
240 3
237 0
230 4
224 1
224 2
223 3
226 2
224 3
224 2
223 0
223 1
223 3
223 1
223 4
222 3
225 3
222 2
222 5
250 5
340 0
340 3
281 3
264 5
360 4
233 0
231 2
231 5
324 0
324 0
324 1
324 4
230 4
229 2
228 1
228 2
227 3
230 4
229 2
228 5
254 2
252 2
250 5
337 3
284 0
283 1
283 4
235 5
253 4
226 5
248 2
246 0
245 0
245 2
244 5
330 0
330 0
330 4
230 4
228 4
228 4
228 1
228 2
228 0
224 5
282 2
282 1
282 3
253 2
251 5
325 1
325 5
458 2
453 3
368 0
367 2
365 5
554 3
479 0
479 4
254 0
246 4
233 5
260 5
359 4
239 2
238 4
235 3
237 4
237 3
231 5
251 2
249 0
248 5
326 0
326 0
326 4
225 2
225 3
231 1
231 3
232 2
231 5
254 1
254 3
245 2
244 2
243 2
242 4
229 4
227 2
227 4
227 0
227 4
225 5
252 5
337 0
337 1
336 0
336 4
230 2
230 4
230 2
230 2
230 2
230 3
234 1
234 1
234 2
232 1
232 3
231 5
256 3
245 4
230 1
230 2
229 0
226 4
225 4
225 2
225 1
225 2
225 3
231 0
229 2
227 3
228 2
227 4
225 0
225 1
225 2
224 2
224 0
224 0
224 3
226 5
284 0
284 2
282 4
229 5
259 2
259 3
245 5
295 0
295 4
234 3
228 3
230 0
229 3
230 0
230 1
230 4
227 1
227 4
225 4
225 3
227 0
226 3
226 1
226 0
226 2
226 4
224 2
224 2
224 0
224 4
224 4
224 2
224 3
228 1
228 3
227 3
225 0
225 0
225 5
296 2
294 2
293 5
406 4
237 2
236 3
236 2
233 5
257 4
230 2
230 2
229 2
229 3
233 2
231 4
231 5
249 2
248 2
248 1
248 3
239 5
294 5
404 5
535 2
530 0
530 4
243 4
242 2
240 2
239 5
263 0
261 2
259 5
331 4
231 2
231 4
231 3
233 2
231 1
231 1
231 0
228 4
224 2
224 5
252 4
224 3
227 2
227 2
226 1
226 4
226 3
230 3
230 4
230 2
228 3
228 1
228 0
226 3
229 4
228 2
227 0
227 4
224 3
231 2
229 2
227 2
226 1
226 0
226 5
292 2
290 0
290 2
288 2
287 2
287 2
287 3
254 2
253 0
252 1
252 2
251 3
248 0
248 5
370 0
370 4
240 2
239 4
233 4
233 0
229 4
224 1
224 0
224 1
224 0
224 0
224 2
223 2
223 3
225 2
224 5
294 4
227 4
226 5
254 5
330 0
330 0
330 2
330 0
330 0
330 3
277 4
238 2
236 2
235 2
234 4
232 5
252 2
250 0
250 2
250 2
250 0
250 2
248 2
248 0
248 4
225 3
228 4
227 2
226 2
225 5
247 0
247 1
247 4
224 5
251 0
251 2
249 3
240 2
239 0
237 4
229 0
229 4
225 5
250 3
242 4
226 2
225 5
253 4
223 1
223 3
228 3
227 4
226 3
226 4
226 2
225 3
225 2
224 4
224 2
223 0
222 2
222 5
288 4
227 1
227 3
230 2
228 4
227 4
227 3
228 0
226 4
223 4
223 1
223 3
224 4
224 2
224 2
223 3
226 0
225 0
225 2
224 4
223 1
223 3
229 2
228 2
227 3
226 5
258 2
256 0
256 2
254 2
252 2
250 2
250 3
238 2
236 4
227 4
227 1
227 5
253 3
242 3
241 1
241 5
328 5
455 4
240 2
239 3
237 1
237 3
240 4
235 4
235 2
234 1
234 4
234 3
230 5
260 0
259 2
257 2
255 4
229 0
227 3
227 2
226 2
226 1
226 2
226 5
286 3
257 2
256 4
229 4
229 1
229 4
229 2
228 4
228 0
227 2
226 4
224 5
259 4
225 3
234 4
233 4
233 5
255 5
338 4
228 4
228 2
228 2
228 1
228 1
228 2
228 1
228 3
232 2
230 0
227 4
222 2
222 2
222 1
222 2
222 0
222 4
222 3
231 5
255 5
338 2
335 5
451 1
450 2
446 0
446 2
442 4
235 2
234 0
230 5
295 2
294 2
293 1
292 4
229 2
229 0
227 3
226 4
226 0
226 3
225 4
224 2
224 1
224 1
224 3
232 3
227 2
226 5
250 4
225 4
225 -1
406 5
406 2
404 5
417 0
398 4
266 1
266 5
280 1
280 2
278 4
246 4
241 1
245 0
241 2
240 5
319 5
430 3
338 3
310 5
446 3
402 4
245 0
241 0
241 2
240 0
240 0
240 1
241 0
241 2
240 0
240 3
239 4
229 2
227 1
227 1
229 1
229 3
231 4
230 4
230 2
228 1
228 5
263 3
249 3
243 5
330 2
327 1
326 1
327 0
327 3
295 5
434 0
434 3
381 1
382 2
379 0
379 0
379 1
379 5
618 4
244 2
243 1
245 1
245 5
274 0
272 3
262 2
261 1
261 2
259 5
364 4
231 3
231 5
256 4
225 1
228 5
253 0
253 3
243 3
242 0
242 0
242 5
343 2
339 5
481 5
638 2
632 5
790 3
628 5
825 3
710 3
643 5
962 3
907 1
907 5
1336 5
1782 3
1723 5
2245 4
263 3
243 3
242 0
233 5
309 5
424 4
238 0
233 1
233 1
235 0
235 4
228 3
234 3
232 5
250 2
248 5
326 5
441 2
437 4
238 3
241 5
260 1
260 2
258 5
326 3
279 3
267 2
266 1
267 4
233 2
232 1
233 0
232 4
226 1
226 2
226 1
226 5
257 3
243 3
242 3
243 4
229 5
263 3
249 2
248 1
249 1
250 2
249 5
327 2
325 3
288 3
282 0
281 4
233 3
230 4
226 0
223 5
300 5
419 1
419 5
555 3
427 4
261 4
255 5
255 0
248 2
247 0
247 3
243 2
241 1
242 2
241 2
240 4
227 3
229 1
230 0
228 2
227 0
227 3
228 4
223 4
222 1
225 5
255 2
253 4
222 1
225 5
254 2
252 3
242 1
245 2
244 2
243 3
233 0
233 0
233 0
233 2
232 2
231 3
230 3
230 5
324 2
322 4
228 0
227 1
228 2
227 5
309 4
228 5
254 2
254 2
255 5
340 1
340 2
339 3
279 2
278 4
240 0
234 1
237 2
236 5
316 3
276 4
231 2
230 5
262 1
263 5
364 2
361 1
362 2
359 2
356 4
230 2
229 1
230 4
228 1
231 5
254 4
226 1
226 5
253 5
334 5
454 1
451 1
447 4
240 3
236 5
265 1
265 2
263 5
329 0
329 3
286 0
284 3
271 2
269 4
229 3
229 3
229 4
226 4
226 5
260 1
261 3
253 4
229 4
229 0
226 5
301 5
431 5
573 3
435 2
431 2
426 4
250 2
249 2
248 3
243 3
240 2
239 5
255 3
244 5
311 0
311 1
310 3
284 4
232 5
266 0
265 0
265 0
265 3
250 1
251 1
252 3
250 4
227 5
264 3
250 5
333 5
487 5
660 3
531 2
525 1
524 3
466 2
462 3
434 2
430 4
258 0
250 2
249 2
248 3
245 3
244 5
344 1
344 1
344 4
236 4
231 3
227 0
224 3
226 5
298 4
224 0
221 0
221 5
295 2
293 3
265 2
264 1
265 2
264 5
354 2
350 2
347 2
343 0
343 0
343 3
308 0
308 2
307 0
307 3
301 4
236 2
235 4
227 4
227 2
226 3
229 1
229 5
272 1
272 2
270 5
377 5
522 3
410 5
568 4
252 2
250 0
243 3
243 5
333 2
331 2
329 3
293 3
281 2
280 5
396 5
584 2
578 0
578 4
252 4
241 5
261 3
252 4
231 4
231 0
227 5
295 2
293 4
229 3
231 2
230 2
229 2
229 2
229 4
228 2
228 1
228 5
256 3
247 5
305 2
303 2
301 1
302 3
271 3
267 1
268 2
267 0
267 4
236 2
235 3
236 2
233 4
226 2
225 2
224 2
223 3
228 5
259 3
246 4
225 1
227 3
227 1
227 2
226 1
226 2
225 1
225 1
225 0
224 3
226 2
225 2
224 5
293 0
293 5
420 0
420 0
420 3
326 3
299 3
288 5
423 0
423 1
423 5
633 3
545 4
259 1
259 1
259 3
241 5
286 0
284 0
284 1
284 0
284 5
399 4
241 0
235 4
228 4
227 0
227 2
227 5
298 4
230 0
230 1
230 3
231 2
230 3
227 1
229 2
227 5
289 3
259 5
340 3
305 2
303 1
305 4
240 5
265 2
263 5
356 3
299 0
298 2
297 2
295 3
288 3
287 0
287 3
287 5
458 1
457 5
668 0
668 2
663 3
580 3
537 4
266 1
266 5
289 1
288 1
292 3
272 3
267 2
266 4
230 3
230 2
229 3
227 2
226 1
226 5
270 2
268 3
252 5
346 2
344 2
341 3
302 4
236 3
235 1
235 3
234 4
232 2
230 2
229 3
233 2
230 2
228 0
226 2
225 0
225 5
308 2
307 4
229 5
260 5
346 3
280 3
267 1
267 1
268 0
267 5
409 2
406 0
406 5
584 2
579 2
574 0
574 5
753 5
936 2
927 5
1113 0
1113 2
1101 1
1096 3
952 5
1180 0
1180 5
1435 4
272 2
267 5
267 2
265 3
254 5
302 3
278 0
276 3
276 0
275 2
274 2
273 0
273 0
273 3
273 5
426 0
426 2
423 1
424 3
367 1
369 3
350 3
348 2
346 3
342 5
564 2
561 4
247 5
283 0
281 2
279 2
277 0
277 2
275 0
275 0
275 3
259 4
232 3
229 4
229 5
267 1
268 4
233 1
233 5
261 4
230 4
228 4
228 4
228 3
226 1
226 5
260 2
258 0
258 4
231 0
230 4
229 0
229 0
229 3
229 5
297 2
295 2
295 3
264 4
236 3
234 4
231 0
231 4
228 0
228 4
228 2
228 4
228 2
227 1
227 5
256 4
228 3
232 1
232 1
232 2
231 2
230 3
231 3
229 3
230 4
230 0
229 3
229 3
230 0
230 0
230 0
230 3
230 4
228 1
228 4
227 4
227 3
232 2
230 2
229 4
229 5
255 3
245 2
244 3
239 0
237 1
238 0
238 4
232 5
267 4
227 0
224 3
226 3
226 0
225 3
226 3
226 3
225 3
226 2
226 3
226 1
228 5
296 5
413 2
413 2
410 4
238 4
236 3
240 3
235 4
235 3
239 3
236 2
235 2
234 4
234 4
234 5
255 2
253 4
228 2
228 5
257 2
257 5
333 2
333 4
231 1
233 0
232 5
295 2
294 2
294 5
393 2
393 1
393 3
293 2
291 4
247 4
244 0
236 1
236 4
228 4
228 2
227 3
226 5
256 0
256 3
241 3
239 3
235 5
309 5
435 2
432 2
428 3
343 4
238 0
234 2
233 3
234 0
233 0
233 0
233 4
226 5
264 3
250 4
230 5
266 4
224 4
223 2
222 4
222 2
223 1
223 5
258 4
223 3
228 3
226 0
224 4
222 3
228 1
228 0
226 3
226 1
226 0
226 1
227 2
226 2
225 4
222 1
222 3
227 1
227 5
256 2
254 5
340 4
229 2
228 2
227 5
257 4
223 2
223 0
223 4
222 3
227 5
257 4
224 4
224 3
230 5
257 2
255 5
336 3
289 5
383 0
383 2
379 0
379 1
379 3
326 1
327 4
234 0
234 4
226 0
226 4
225 4
223 3
226 3
224 3
229 3
226 5
264 5
362 3
299 1
299 2
297 0
297 0
297 2
296 0
296 3
289 4
235 4
227 2
226 5
259 3
248 5
326 2
324 2
322 4
234 0
229 3
230 0
229 5
317 3
274 1
274 5
394 3
341 4
242 1
242 3
234 3
231 1
231 0
227 2
227 1
227 1
228 4
225 2
224 4
223 0
223 2
223 3
225 2
225 2
225 1
225 2
223 4
223 2
223 4
223 2
223 3
226 4
225 2
224 2
224 2
223 4
223 2
223 4
223 0
222 4
222 3
224 2
222 1
222 2
221 3
224 3
226 2
223 4
223 1
223 0
222 5
299 5
420 1
418 0
418 2
414 3
322 4
247 4
241 5
260 5
341 4
228 1
228 2
227 4
227 3
229 0
225 0
225 0
225 3
226 5
296 4
223 5
257 4
223 5
254 2
253 3
242 5
311 5
435 1
435 2
431 4
242 0
235 0
235 2
234 0
234 5
308 0
308 2
308 5
422 1
419 3
330 0
329 5
498 0
498 5
689 2
684 4
253 2
250 3
238 2
237 2
236 4
233 4
233 2
232 1
232 1
232 0
227 4
225 1
225 2
225 3
230 0
228 0
228 4
226 0
226 1
226 5
292 4
226 0
224 1
224 0
224 0
224 4
224 4
224 3
229 0
228 0
228 3
230 4
227 2
226 4
226 4
226 5
255 3
244 5
317 0
317 3
284 2
282 1
282 2
280 2
278 3
274 2
273 2
271 0
269 4
232 4
223 3
222 4
221 2
220 0
220 2
220 2
220 4
220 3
224 2
223 1
223 0
222 3
224 3
224 4
222 3
223 1
223 4
223 4
223 3
225 3
221 3
225 1
225 4
225 1
225 1
225 3
222 1
222 3
225 4
225 2
224 0
223 1
223 4
222 0
222 0
222 3
224 3
223 5
300 5
429 0
429 2
427 0
427 2
424 5
568 1
567 1
567 1
565 2
560 5
701 1
699 3
516 0
516 2
509 3
435 4
253 5
267 1
267 0
267 0
267 1
267 4
234 3
234 2
232 3
232 3
231 0
231 3
232 4
225 2
224 5
255 4
225 0
224 4
223 3
229 0
228 2
227 0
227 4
226 4
226 3
227 4
227 1
227 5
257 0
257 5
349 3
297 0
296 3
283 2
282 3
280 3
276 4
230 1
230 4
227 3
230 1
230 3
227 0
227 1
227 3
227 1
227 2
226 4
223 4
222 0
222 1
223 5
297 4
230 5
267 3
254 4
231 4
229 1
229 3
225 4
225 2
225 4
225 3
228 3
228 0
228 2
228 0
228 4
225 3
226 4
226 3
227 0
226 2
224 0
224 4
223 3
231 4
231 0
230 5
301 0
301 2
299 4
228 3
231 3
228 1
228 3
229 1
229 5
260 2
258 5
341 4
229 2
229 4
229 0
225 5
291 2
290 4
228 4
228 3
232 4
232 4
232 4
232 0
229 4
227 3
231 2
228 1
228 2
227 3
232 5
259 4
225 3
228 0
227 5
285 3
259 4
230 3
229 3
229 3
231 0
229 2
228 0
228 4
223 2
223 3
229 1
229 3
224 0
224 0
224 0
224 3
229 3
226 1
226 3
229 4
228 2
227 0
226 5
287 4
229 5
253 3
249 0
248 4
228 5
267 4
224 2
224 3
227 2
225 4
225 5
262 4
224 3
227 3
231 3
228 2
227 3
231 4
231 0
229 5
291 5
400 3
313 2
311 0
310 2
309 0
309 1
309 0
309 3
290 0
288 2
287 5
463 2
459 0
459 5
664 5
866 4
249 5
270 3
258 3
256 1
256 4
238 5
264 4
234 0
231 2
231 1
231 1
231 1
231 0
231 5
305 4
237 5
262 1
260 3
251 3
253 0
252 1
252 1
252 0
252 3
249 1
251 5
348 3
309 5
460 3
401 3
387 3
384 5
639 3
592 4
253 2
249 3
235 4
231 4
231 3
235 5
263 3
252 4
233 4
233 1
233 2
232 2
231 2
231 0
228 1
228 0
228 0
228 5
307 0
307 4
232 5
261 0
260 0
260 2
259 5
354 0
354 1
354 0
354 3
292 3
276 2
275 2
274 3
271 3
269 1
269 2
268 5
378 0
378 5
555 4
247 3
244 0
238 3
235 5
307 0
307 3
276 3
265 3
262 4
232 3
233 2
230 3
230 4
228 0
226 5
307 1
307 3
275 0
274 2
273 1
273 4
233 0
233 4
227 0
227 5
317 3
275 2
274 0
273 1
273 0
273 2
272 2
271 3
268 1
268 1
268 5
417 2
414 1
414 0
414 0
414 5
605 1
605 2
599 2
594 1
593 2
588 0
588 2
584 5
780 3
656 3
593 3
558 4
261 0
252 2
251 3
248 3
248 4
234 1
234 3
233 4
232 4
232 3
230 1
230 5
266 2
264 2
263 4
234 1
234 3
237 4
235 4
235 3
235 3
235 2
233 5
267 0
267 2
265 0
265 5
361 3
299 4
243 4
239 0
237 4
226 1
226 1
226 4
226 0
225 4
224 3
227 4
225 0
225 0
225 5
299 2
297 3
264 3
256 3
253 0
253 3
253 0
253 0
253 2
252 2
251 3
251 0
251 4
234 0
234 1
234 5
328 1
327 3
291 1
291 1
291 5
429 0
429 4
243 1
243 1
243 2
240 0
237 3
239 3
239 3
238 3
238 1
238 3
236 0
236 3
236 3
237 3
236 1
236 0
236 0
236 5
334 0
334 3
290 0
290 0
290 2
289 0
289 1
289 1
289 2
288 1
288 1
288 4
238 5
267 1
267 4
224 2
224 0
222 4
220 1
220 2
220 1
220 1
220 1
220 2
220 0
220 0
220 3
220 0
220 3
220 2
219 0
219 5
290 1
290 2
289 2
289 4
222 2
221 1
221 1
221 4
221 0
220 5
286 0
286 2
286 2
286 0
286 5
400 1
399 4
236 4
236 3
231 2
229 4
229 4
229 3
232 3
229 3
231 3
233 5
256 5
326 4
224 1
224 2
224 1
224 3
227 4
227 0
227 4
223 5
255 1
255 4
223 5
257 2
255 0
255 3
245 3
244 4
231 2
228 5
264 3
251 5
330 3
298 1
298 1
298 5
424 2
421 4
236 1
236 2
234 1
234 2
233 2
232 0
230 3
231 1
231 3
230 5
312 2
310 4
230 1
230 3
235 0
233 0
233 0
233 3
233 3
233 4
223 4
223 4
223 2
222 0
222 5
291 3
259 1
259 4
228 3
227 3
229 5
253 3
246 0
245 5
348 0
348 3
304 3
289 2
288 5
436 4
241 2
240 4
235 5
259 4
230 3
233 5
255 3
248 3
244 2
243 4
228 2
228 4
228 2
228 2
228 3
232 3
228 4
228 1
228 3
231 1
231 2
230 2
230 2
230 3
232 2
230 2
230 5
256 3
244 4
226 2
225 5
253 2
253 3
248 3
242 1
242 5
309 4
229 4
227 4
227 2
226 5
255 4
223 0
222 0
222 0
222 3
224 1
224 2
223 3
225 2
224 1
224 1
224 2
223 5
287 3
256 3
250 4
229 2
228 3
229 2
227 2
226 3
225 5
267 5
366 3
304 2
303 2
302 0
302 0
302 2
301 0
301 0
301 4
241 3
235 0
232 0
232 0
232 1
232 1
232 3
231 2
230 0
230 3
231 5
309 4
234 0
230 3
231 3
231 4
223 2
223 1
223 4
223 4
223 5
253 3
244 3
243 2
242 4
227 0
225 5
302 5
426 3
346 4
240 2
239 0
235 3
235 0
234 5
329 0
329 3
287 2
286 2
285 0
284 1
284 2
282 5
433 4
252 4
241 3
239 3
237 5
254 2
252 2
250 1
250 4
231 2
230 2
230 3
234 4
234 2
232 4
232 3
233 2
232 1
232 4
232 4
232 0
229 2
228 3
229 5
297 5
408 5
535 0
535 4
236 3
238 5
267 4
234 4
234 4
234 4
234 4
234 3
233 5
258 4
230 2
230 0
229 5
286 5
378 0
378 2
374 3
292 4
244 5
265 4
236 0
233 4
227 4
227 4
227 4
227 0
226 3
227 5
296 0
296 3
260 2
259 5
337 4
235 1
235 3
234 3
233 4
231 1
231 0
230 1
230 1
230 2
229 2
228 2
227 0
227 4
223 4
223 4
223 5
255 4
222 2
222 3
225 1
225 3
224 1
224 4
224 1
224 4
224 5
259 5
350 3
285 0
284 3
271 5
408 3
350 4
248 2
246 4
241 2
240 0
235 3
234 2
233 0
233 1
233 3
233 4
228 5
265 5
366 1
366 0
366 2
363 2
360 3
303 2
301 3
283 5
401 2
398 3
353 1
353 0
353 4
243 5
271 4
227 1
227 4
227 3
229 1
229 5
261 4
222 5
255 2
255 3
244 0
244 2
243 4
231 2
230 0
229 4
223 5
263 4
224 5
256 2
256 4
222 4
222 4
222 0
222 2
222 1
222 3
223 2
223 5
289 2
287 3
257 2
256 5
348 3
310 1
310 0
310 4
236 2
235 3
239 4
232 0
228 2
227 5
303 4
228 4
228 4
228 2
228 0
227 4
226 0
226 0
226 4
226 3
226 2
225 2
225 3
231 2
230 3
226 0
225 3
226 1
226 4
224 4
223 0
223 2
222 2
222 0
222 1
222 1
222 4
222 0
222 0
222 2
222 5
291 5
408 3
311 3
292 3
284 4
238 5
269 4
229 4
228 4
228 5
263 3
249 0
246 2
245 4
224 2
223 3
228 5
269 3
253 3
246 1
246 0
246 0
246 1
246 4
227 5
275 1
275 2
273 1
273 4
223 2
222 2
221 4
221 1
221 5
265 4
220 3
224 1
224 0
221 4
220 4
220 5
262 2
260 4
220 2
220 1
220 5
262 5
358 4
231 0
227 3
228 2
226 4
223 2
222 5
263 5
353 5
478 4
234 4
231 1
231 4
231 2
231 0
228 4
225 1
225 2
225 3
230 3
229 0
229 3
229 2
228 0
228 1
228 4
226 2
226 5
252 3
241 2
240 5
299 3
271 4
233 0
229 3
229 3
229 4
223 4
223 2
222 0
222 3
222 4
222 3
229 5
253 2
251 3
245 4
230 3
227 4
227 4
227 2
226 1
226 0
225 3
227 2
227 4
226 0
226 5
297 1
297 5
418 0
418 0
418 1
416 1
415 4
237 2
236 3
232 4
231 5
259 5
341 2
338 2
335 3
282 2
280 4
233 3
232 5
257 5
346 4
233 3
233 4
232 0
229 4
225 5
256 3
245 5
308 0
308 1
307 4
230 3
229 2
228 0
227 0
227 2
226 2
226 0
226 1
226 1
226 3
227 1
227 0
226 4
224 1
224 1
224 3
228 1
228 5
268 3
259 2
258 3
250 5
327 2
325 3
292 3
286 -1
406 1
406 1
406 1
406 0
361 3
337 2
334 1
334 3
324 5
449 4
256 2
253 4
245 2
244 1
244 0
237 1
238 3
237 5
307 4
230 0
228 5
299 2
297 2
295 3
263 1
264 4
237 0
233 2
232 2
231 0
231 0
231 3
233 4
229 1
231 4
227 5
262 5
346 0
346 4
235 1
237 5
252 5
321 1
321 4
235 1
237 5
258 5
324 1
324 0
324 3
280 4
235 0
234 0
234 1
236 0
235 5
312 3
274 2
273 5
365 4
236 2
235 2
234 5
255 5
339 5
463 3
350 2
347 0
347 3
320 1
321 4
241 0
237 3
236 3
235 0
235 0
235 2
234 5
339 2
337 3
289 5
422 5
610 3
519 2
516 4
247 1
247 1
247 5
261 4
228 0
224 1
225 1
225 3
225 1
225 3
225 4
222 3
221 0
221 3
221 1
222 2
221 5
290 4
223 5
254 2
252 0
252 5
347 0
347 3
284 4
233 0
231 3
231 2
230 0
230 1
231 3
230 3
231 2
230 1
231 2
230 0
230 2
229 0
229 5
307 0
307 2
305 5
428 2
423 1
421 5
554 4
245 3
240 3
240 3
239 0
232 4
226 5
256 5
336 3
279 0
277 2
275 3
268 1
269 5
395 2
392 5
565 4
252 4
242 2
241 1
241 3
242 5
266 3
252 3
249 3
247 0
245 4
231 2
230 5
260 4
230 3
235 3
233 3
231 0
228 0
228 4
226 3
228 4
228 5
254 0
254 2
252 4
227 0
226 3
227 3
228 1
228 4
228 5
259 3
249 3
244 2
243 3
242 3
241 4
228 2
227 0
226 4
223 5
257 4
226 1
227 5
255 4
225 3
227 3
229 3
229 4
228 0
227 3
228 3
229 3
228 0
228 2
227 3
227 2
226 3
226 2
225 1
225 2
224 3
225 2
224 2
223 3
225 2
225 4
225 3
225 4
225 5
255 2
253 4
224 3
227 4
227 4
227 5
252 4
223 4
223 4
223 1
223 4
223 5
252 3
243 4
230 0
229 2
228 3
229 2
228 1
230 0
230 4
224 4
224 3
228 0
227 5
293 1
293 2
293 4
227 4
226 3
229 3
226 4
226 5
255 0
255 5
340 0
340 1
340 0
340 1
340 5
455 4
241 4
240 0
231 3
233 1
235 0
234 0
234 4
226 0
226 3
228 3
229 4
225 5
259 1
259 3
247 1
247 5
308 5
432 3
345 5
499 4
247 5
266 0
266 3
260 4
235 1
237 3
234 2
231 1
231 0
227 5
310 1
310 0
310 4
230 3
230 3
231 0
228 2
227 0
227 1
228 3
228 0
228 5
304 3
273 0
272 1
273 3
268 1
269 0
269 3
267 3
266 1
266 1
266 5
411 3
362 0
362 1
365 4
253 5
268 5
370 2
366 2
363 4
239 4
234 1
236 2
235 0
228 3
231 3
229 2
228 5
291 3
267 0
267 3
261 5
387 5
556 0
556 3
473 1
474 3
424 3
403 5
664 1
665 4
249 5
277 0
275 4
233 3
236 0
235 3
235 4
229 0
229 3
228 4
227 2
226 2
226 3
228 5
264 3
251 1
253 4
232 5
260 5
353 4
231 4
230 1
235 1
235 5
255 3
242 2
241 4
227 4
227 4
227 4
227 1
227 0
226 1
226 0
226 4
223 1
225 3
226 4
226 2
226 5
257 3
243 0
242 4
230 2
229 1
231 0
231 1
232 4
226 3
228 0
227 0
227 4
224 2
223 3
225 3
225 4
224 4
224 2
223 2
222 3
226 0
225 3
226 5
306 1
306 5
429 0
429 2
425 3
339 0
338 3
319 3
310 5
487 4
248 4
240 4
240 2
238 2
236 2
235 3
236 2
234 3
234 0
232 3
232 3
232 5
317 5
446 4
232 3
232 4
231 5
255 2
253 1
253 3
243 0
238 3
239 2
238 3
238 4
226 1
229 1
229 1
229 3
229 4
228 1
228 1
228 5
255 3
246 0
245 3
245 2
244 4
227 0
226 4
223 3
228 4
226 5
258 2
256 2
255 4
224 4
224 5
254 5
342 4
234 1
234 0
225 4
223 5
253 3
241 0
239 1
240 4
230 0
230 3
231 2
230 4
226 5
259 1
259 2
257 2
257 2
255 1
255 3
244 2
243 2
242 3
241 1
241 1
241 5
309 0
309 1
309 1
309 2
306 4
233 2
232 4
230 4
230 5
253 2
253 4
226 0
224 2
224 1
224 3
226 4
224 0
224 4
223 3
228 3
225 0
225 4
222 2
223 4
223 4
223 5
258 0
258 2
258 3
242 1
242 0
242 5
349 1
349 1
351 3
306 3
292 4
236 0
234 3
234 2
233 5
317 2
315 4
234 0
228 0
228 2
227 4
223 4
223 2
223 5
258 5
354 3
288 1
288 3
274 3
266 2
265 4
229 1
232 0
231 0
231 5
325 3
288 2
286 5
409 2
406 3
352 2
349 0
349 4
243 2
242 2
241 4
236 3
233 2
232 3
233 0
226 1
227 4
222 5
262 4
221 2
220 0
220 3
224 4
224 3
225 2
224 5
261 1
262 3
250 4
229 0
227 4
224 4
224 2
223 4
223 3
225 0
224 3
227 3
226 3
225 0
225 4
223 3
226 5
264 5
362 5
489 5
634 4
252 0
242 4
231 1
231 1
231 0
231 1
231 0
231 3
231 3
230 3
230 0
230 5
301 4
233 1
233 4
232 2
231 2
231 3
233 3
232 3
228 3
227 2
227 3
231 4
231 1
231 4
231 0
228 0
228 0
228 4
224 0
224 3
226 4
226 3
228 0
227 4
225 5
255 4
225 2
225 4
225 3
228 2
226 4
226 2
226 4
226 3
230 3
228 5
259 1
259 3
245 1
245 5
303 5
427 2
423 1
422 2
419 1
418 4
235 0
233 5
313 0
313 2
312 4
229 1
229 2
228 2
228 3
229 0
227 5
294 1
293 3
261 4
230 5
255 2
253 3
241 3
240 2
239 2
238 2
237 2
236 2
235 5
312 3
282 4
234 4
230 4
230 2
229 0
229 0
229 2
228 5
298 4
228 5
249 4
224 4
224 4
224 2
224 5
251 3
243 4
229 4
229 2
228 2
227 3
227 1
227 2
227 0
223 3
224 0
224 2
223 1
223 3
224 5
295 4
227 4
227 5
252 0
251 3
241 2
240 2
239 5
314 3
280 3
274 2
273 4
226 0
226 4
222 4
221 1
222 0
222 3
223 2
222 2
221 1
221 0
221 0
221 3
222 0
222 5
294 4
225 4
224 3
228 3
229 0
226 5
295 4
226 5
251 2
249 3
244 3
239 0
239 5
340 2
337 2
330 3
288 2
287 4
235 2
234 1
235 0
233 2
232 3
233 1
233 1
233 4
225 2
224 0
224 4
223 5
258 5
362 1
362 0
362 4
234 4
231 3
232 4
231 1
231 3
231 2
229 1
229 5
248 4
227 4
227 2
227 4
227 2
226 4
226 2
226 0
225 3
227 4
226 4
226 2
225 3
225 5
253 3
246 2
245 2
244 0
240 3
239 2
238 5
323 2
321 2
317 0
317 4
231 4
228 4
228 4
228 5
255 2
253 1
253 5
335 4
232 4
231 4
231 3
234 4
233 1
233 3
234 3
229 3
234 4
234 5
251 4
229 2
228 1
228 0
224 3
225 1
225 4
224 2
223 0
223 3
224 3
224 0
224 2
224 4
223 1
223 1
223 5
252 2
250 4
223 4
223 3
226 5
247 3
238 5
308 1
307 0
307 3
279 1
279 0
279 4
235 5
261 4
225 4
225 5
249 1
249 4
224 5
252 1
251 4
225 4
225 5
249 3
240 4
231 0
229 2
228 5
307 2
307 4
229 2
229 3
231 2
228 4
226 0
225 5
296 4
226 2
225 4
225 2
224 5
250 3
240 0
239 4
228 2
227 1
227 3
228 5
260 5
349 5
468 4
237 2
236 1
236 1
236 4
235 3
236 4
236 5
252 2
250 0
248 4
228 4
228 0
227 0
227 5
293 0
293 4
228 2
227 0
225 3
230 5
286 3
260 4
231 2
230 0
230 3
232 4
224 0
224 2
223 3
223 3
223 2
222 3
224 1
224 1
224 2
223 4
222 3
224 1
224 5
259 4
226 4
225 4
225 4
225 4
225 3
228 0
226 5
297 4
228 4
228 2
227 4
227 3
227 0
225 3
226 5
295 5
405 5
542 2
537 0
537 3
405 1
405 2
403 4
255 1
255 3
243 2
242 5
265 4
235 5
254 5
335 3
282 2
281 5
362 2
359 2
357 4
236 5
260 1
260 1
260 1
260 2
259 3
249 5
320 2
318 4
234 1
234 2
233 2
232 4
231 5
251 2
251 5
336 1
336 5
460 2
456 2
452 0
452 5
591 4
243 0
235 5
302 2
302 2
302 0
302 2
302 0
302 0
302 2
303 0
303 1
303 0
303 1
303 5
405 4
248 4
246 4
246 2
245 5
261 4
238 0
234 0
234 5
296 4
236 5
260 5
334 1
332 3
268 0
267 0
267 1
267 2
266 4
231 3
230 3
228 4
226 1
226 3
225 5
257 2
255 4
222 4
222 4
222 0
222 5
293 3
263 2
261 4
229 0
228 3
229 3
229 2
228 4
222 4
222 1
222 3
226 1
226 4
226 2
224 4
224 5
258 3
242 2
241 4
224 2
223 1
223 4
223 2
222 5
261 5
354 4
236 3
240 2
239 3
233 4
232 2
231 2
231 2
230 2
229 2
229 0
227 4
225 2
225 2
225 2
225 1
225 0
225 2
225 5
290 5
387 0
387 1
386 0
386 2
385 2
383 2
383 1
382 1
382 2
382 5
499 5
620 4
255 4
255 1
255 5
267 1
267 4
237 2
237 0
233 2
233 0
233 2
233 3
231 4
229 3
229 4
229 4
229 0
229 4
224 3
229 2
228 0
226 4
223 5
254 2
252 5
335 4
231 5
253 2
253 5
327 2
327 1
326 0
326 5
434 1
432 2
431 3
312 4
247 4
242 0
237 1
237 3
238 2
237 3
238 1
238 0
237 3
237 2
236 0
236 5
321 1
321 0
321 2
319 2
317 3
280 5
392 4
241 4
237 4
237 2
236 2
235 4
235 5
254 2
252 3
246 5
314 0
314 2
311 2
309 2
307 5
425 1
425 4
237 2
236 4
233 5
256 4
227 1
227 5
260 0
260 3
248 3
246 0
245 1
246 3
246 5
339 3
301 2
299 0
298 0
298 0
298 0
298 3
290 5
457 3
408 5
651 0
651 2
647 5
918 5
1190 4
252 5
266 1
266 4
238 1
238 0
233 4
228 4
228 0
226 4
225 1
225 2
225 1
225 3
229 1
229 5
257 0
256 0
256 2
254 0
254 0
254 3
247 2
246 5
321 1
321 4
232 1
232 3
230 4
228 0
226 1
226 4
224 2
223 3
230 4
230 2
228 2
227 3
229 0
228 3
228 0
228 3
226 1
226 2
225 3
226 3
226 2
225 4
222 2
222 0
222 2
222 0
222 0
222 3
225 2
225 5
285 0
285 2
282 1
282 4
227 5
253 0
252 2
252 2
252 5
343 4
226 3
232 1
232 4
232 2
229 1
229 4
229 1
229 2
228 0
226 3
227 2
226 4
224 1
224 2
224 4
224 3
229 0
227 0
227 2
226 3
226 0
226 0
226 4
223 0
223 3
225 2
224 5
284 2
284 0
284 5
388 2
385 0
385 0
385 5
516 0
516 3
368 2
366 1
366 0
364 0
364 4
241 3
235 3
235 2
234 0
230 3
230 1
230 3
230 2
229 5
309 2
308 2
306 5
424 2
419 0
419 0
419 0
419 3
326 0
326 4
246 2
244 3
234 0
230 2
229 4
225 3
228 0
225 5
297 2
295 4
228 1
228 3
229 1
229 3
228 1
228 5
263 0
262 4
222 3
227 0
225 2
224 2
223 0
223 4
221 5
256 3
246 1
246 5
304 4
235 4
232 0
228 0
228 0
228 3
229 0
229 0
229 5
310 4
226 0
225 2
225 2
224 5
295 4
223 5
256 1
256 4
223 5
258 2
257 1
257 0
257 5
350 4
232 3
235 1
235 4
234 4
234 4
234 2
231 5
253 0
252 0
252 3
248 2
247 2
246 4
231 0
231 3
231 2
230 1
230 3
231 0
230 0
230 0
230 2
229 3
231 5
303 1
303 5
424 2
421 2
417 3
332 4
245 3
238 4
235 2
234 5
257 0
254 4
224 2
224 1
224 2
224 3
228 3
228 2
228 5
257 1
257 3
247 0
243 1
243 2
242 4
228 5
259 0
259 4
227 3
229 2
229 4
229 2
227 3
231 5
253 4
224 0
223 2
223 0
223 4
221 2
221 2
221 1
221 2
221 0
221 0
221 0
221 0
221 0
221 3
224 5
285 4
227 3
231 4
231 5
255 4
226 2
226 4
226 0
225 0
225 3
228 3
226 0
226 0
226 2
225 2
224 5
297 3
262 3
254 0
254 4
230 0
230 5
311 4
232 4
228 4
228 2
227 1
227 2
227 3
228 0
226 2
225 4
222 4
222 4
222 1
222 4
222 0
222 3
225 2
224 1
224 0
224 3
225 4
222 5
257 4
224 0
224 0
224 2
224 1
224 0
224 0
224 4
222 0
222 4
222 0
222 1
222 4
222 2
222 3
226 4
226 5
257 5
341 0
341 3
280 1
280 3
270 3
264 4
230 5
259 1
259 1
259 5
351 4
234 5
261 5
348 1
346 4
237 1
237 0
231 4
225 4
224 3
228 0
225 5
303 0
303 0
303 0
303 3
266 3
262 4
228 2
227 2
226 1
226 0
225 4
222 3
224 3
227 1
227 5
259 2
257 3
242 4
227 5
262 4
221 0
220 1
220 0
220 1
220 0
220 2
220 4
220 0
220 0
220 0
220 5
292 0
292 2
292 0
292 5
413 4
241 2
240 3
240 2
238 2
237 1
237 4
237 2
236 5
257 4
234 3
237 4
237 2
234 4
234 5
256 4
232 5
255 5
319 0
319 3
273 2
271 4
237 2
236 2
235 0
232 1
232 0
232 3
232 1
232 0
232 0
232 2
231 3
231 1
231 1
231 3
231 4
224 3
227 3
226 0
225 4
223 4
223 1
223 0
223 4
222 3
225 4
225 4
225 5
254 4
222 0
222 4
221 2
221 5
258 2
256 0
256 3
243 3
240 4
227 0
224 4
220 2
220 2
220 4
220 3
226 0
224 4
220 4
220 4
220 2
220 0
220 0
220 4
220 5
259 0
259 4
220 3
227 4
227 2
224 4
224 3
222 1
222 2
222 4
222 2
222 4
222 3
226 3
224 4
224 0
223 2
222 2
222 4
221 0
221 4
221 3
225 4
225 2
225 4
225 4
225 0
224 1
224 1
224 1
224 4
222 4
222 3
226 4
226 0
225 5
303 5
425 0
425 3
336 4
238 4
238 0
233 5
309 3
272 4
228 3
227 4
227 4
227 0
224 2
222 2
222 3
223 1
223 5
291 4
224 4
223 3
224 0
222 5
298 0
298 0
298 4
225 2
224 4
223 0
222 1
222 2
221 4
221 2
221 2
221 4
221 4
221 0
221 4
221 0
221 2
221 2
221 3
224 4
224 1
224 3
226 3
224 4
224 5
256 3
243 0
243 0
243 3
242 2
241 3
241 4
228 4
222 4
222 3
228 1
228 3
227 0
226 4
222 3
224 0
223 5
300 3
262 1
262 0
262 4
240 3
229 4
223 3
225 4
225 0
224 5
301 2
299 5
422 3
326 0
325 1
324 4
243 1
243 4
235 2
234 3
230 4
228 2
228 1
228 5
260 1
260 5
346 0
346 2
343 5
466 4
233 2
232 0
229 4
226 4
226 4
226 4
226 3
231 4
231 5
260 0
260 4
229 2
229 5
257 1
257 4
228 3
234 2
231 2
230 2
227 2
227 4
227 0
226 4
226 4
226 4
226 4
226 3
230 0
226 5
292 5
397 0
397 2
392 3
299 1
299 3
273 2
272 3
265 4
230 1
230 0
226 0
226 0
226 3
227 0
227 1
227 2
226 1
226 2
225 2
224 3
224 0
224 0
224 0
224 0
224 5
306 4
225 4
223 2
223 1
223 3
227 5
258 3
241 2
240 4
226 4
225 4
225 3
227 0
225 3
226 4
222 0
222 0
222 2
222 1
222 5
304 1
304 3
264 5
365 3
317 5
489 3
431 5
685 4
250 3
242 5
272 4
233 5
261 2
259 0
259 4
224 1
224 4
222 3
228 3
225 2
225 2
225 1
225 2
224 5
259 3
246 2
245 2
244 2
243 2
242 1
242 4
231 1
231 1
231 4
229 4
229 2
228 0
224 1
224 5
302 4
226 2
226 0
223 3
225 4
223 2
222 3
226 5
265 3
255 2
254 4
229 1
229 3
226 3
226 1
226 5
260 4
228 0
224 4
222 3
226 4
226 2
224 4
224 1
224 5
256 2
254 5
339 4
232 2
229 2
228 0
228 4
226 0
225 4
223 5
262 4
222 4
222 3
228 2
226 0
226 0
226 3
227 3
227 3
226 3
226 0
226 3
226 0
226 5
303 5
417 4
237 4
236 5
257 0
254 5
332 4
233 2
232 4
232 0
230 3
230 4
223 5
257 2
255 2
255 5
338 4
228 3
229 4
229 2
228 4
228 2
228 3
230 2
229 1
229 4
229 3
231 5
254 3
243 4
230 3
233 4
231 1
231 0
229 3
230 2
229 1
229 2
228 0
228 0
228 2
227 0
227 1
227 1
227 1
227 1
227 0
227 2
226 1
226 3
229 3
228 1
228 2
227 4
223 2
223 3
229 2
226 2
225 3
228 1
228 4
228 3
229 0
227 0
227 0
227 3
227 3
227 2
226 3
226 4
224 5
247 2
247 -1
406 0
361 2
357 3
332 2
329 5
441 0
441 3
394 4
248 5
276 0
276 3
263 0
263 1
263 3
262 0
262 0
262 5
395 3
345 5
535 5
770 3
678 3
632 3
609 3
595 5
1012 3
961 5
1489 4
261 3
238 1
238 4
230 5
252 4
226 2
226 5
256 4
227 0
225 2
225 3
228 5
290 1
290 4
227 0
226 3
227 1
227 5
296 3
270 1
271 5
365 2
363 5
526 3
443 3
416 0
416 0
416 0
416 5
679 0
679 1
679 3
618 2
615 3
599 5
989 3
936 3
917 5
1469 2
1464 1
1464 1
1464 4
250 0
242 1
243 2
242 3
241 5
323 5
466 2
461 3
370 1
370 5
546 0
546 1
546 3
468 1
468 1
471 3
446 0
446 2
444 0
444 2
440 2
436 5
730 0
730 5
1051 1
1051 2
1045 0
1045 3
976 3
939 4
271 1
271 5
292 2
290 2
288 0
287 5
405 2
401 2
397 3
339 2
337 5
491 5
704 4
259 5
280 0
276 5
385 0
385 2
382 2
379 2
376 5
524 4
245 4
243 3
239 3
235 3
233 3
232 2
230 3
233 4
232 1
234 0
231 4
226 1
226 2
225 4
225 2
225 2
226 4
226 3
231 2
229 1
232 1
232 3
229 4
229 2
228 1
229 5
249 5
333 4
227 3
229 5
254 2
252 4
228 2
228 4
227 3
233 0
229 5
296 4
231 4
231 5
256 2
254 4
226 3
230 3
229 5
257 1
256 4
225 4
225 3
229 5
257 1
257 4
224 1
227 3
229 3
227 1
227 3
232 0
230 2
229 3
231 1
232 1
235 3
232 0
232 2
231 4
227 3
229 4
229 2
228 5
261 0
261 0
261 5
344 2
341 3
282 5
369 3
316 5
470 2
466 1
466 0
466 4
245 1
248 3
236 5
265 2
264 3
248 0
246 1
247 5
349 0
349 2
346 3
304 3
290 0
290 4
239 5
275 4
229 3
231 2
229 2
228 2
229 1
229 2
230 3
230 3
227 3
229 5
260 4
226 5
254 3
244 2
243 4
229 5
253 1
253 2
252 0
250 4
225 2
224 1
224 4
224 5
250 0
250 2
248 5
337 3
282 0
281 1
281 1
283 4
241 2
239 5
272 4
224 2
223 0
222 0
222 5
293 5
406 2
402 3
306 4
237 3
229 2
228 1
228 3
231 3
228 5
257 3
239 1
240 0
240 5
335 0
335 3
295 4
236 5
266 3
250 5
338 4
232 1
232 1
234 5
258 3
250 3
246 2
245 3
241 4
226 4
226 1
226 3
228 0
226 3
226 2
225 2
224 3
224 3
226 3
225 2
224 0
224 4
223 4
223 5
260 2
259 1
259 3
249 5
326 0
326 1
326 0
326 2
323 2
321 2
319 0
319 4
232 2
231 4
229 1
229 4
229 2
228 3
232 5
261 1
262 0
262 2
260 3
249 4
229 2
228 3
227 3
228 4
228 2
227 0
226 5
294 0
294 4
230 3
229 4
228 3
233 3
231 4
231 0
229 5
297 5
406 2
403 0
403 3
318 4
241 2
240 3
236 3
233 3
237 4
234 1
234 4
234 4
234 3
233 3
234 3
230 4
230 3
234 5
250 3
243 4
232 0
232 1
233 4
226 2
226 4
226 1
226 4
226 2
227 3
231 1
231 4
231 1
231 4
231 3
231 5
254 5
333 5
450 0
450 2
446 4
234 4
232 5
252 2
252 3
239 2
237 3
236 2
235 1
237 2
235 2
234 1
236 2
234 2
233 0
232 2
232 2
232 2
232 5
315 3
275 2
274 4
240 4
236 1
236 2
234 2
233 3
231 3
234 5
254 1
254 2
252 5
339 2
336 5
458 2
454 4
229 2
227 4
226 5
245 2
245 3
238 4
230 3
228 0
225 3
225 5
302 1
302 2
300 4
228 3
231 1
231 5
257 3
244 4
231 5
251 2
249 5
330 3
279 3
267 2
266 5
369 3
321 3
311 4
234 3
228 2
227 2
226 0
226 0
226 3
228 4
225 1
225 5
272 1
271 4
227 0
223 0
223 2
223 2
223 3
224 2
224 5
303 2
301 0
301 3
266 1
266 4
229 3
230 0
227 2
227 3
227 3
227 5
302 3
273 4
226 3
230 2
228 5
271 0
270 5
382 0
382 3
320 0
318 2
315 5
489 1
490 3
415 1
415 1
415 3
393 3
381 3
377 2
374 1
375 4
244 2
243 4
237 4
237 1
237 5
272 3
261 1
265 0
265 3
265 4
235 2
234 0
232 0
232 0
232 3
234 4
229 2
227 4
225 0
224 3
227 3
226 0
226 3
227 3
226 5
311 0
311 4
229 5
264 2
262 5
368 2
362 5
494 5
632 5
779 1
778 1
776 3
606 0
606 2
598 3
510 5
739 4
253 5
269 2
267 0
263 1
263 2
261 1
261 3
251 2
250 5
330 4
230 4
230 4
230 0
228 4
224 3
227 2
226 3
232 0
231 3
231 3
230 2
229 2
228 2
227 3
231 2
230 1
230 2
229 2
228 4
227 3
225 3
226 0
226 4
224 5
257 2
255 2
255 1
255 2
253 2
252 2
252 4
227 4
226 3
231 2
229 1
230 4
228 3
228 2
227 4
227 3
229 3
228 5
253 3
248 4
226 2
226 2
226 1
226 4
226 0
226 3
228 1
228 5
289 5
390 0
390 0
390 3
306 5
426 1
426 3
360 5
549 2
544 1
544 1
544 2
540 0
540 3
478 3
450 1
450 4
252 0
248 2
247 0
247 3
245 2
244 3
244 5
341 2
339 4
240 1
240 5
269 5
373 0
373 2
370 2
367 4
235 5
259 2
259 2
260 5
344 4
241 5
260 2
260 2
260 2
260 5
337 0
337 2
336 0
336 1
336 4
241 0
236 2
236 3
238 0
237 4
228 2
227 2
228 4
228 2
229 3
232 1
232 4
231 3
228 5
257 0
256 2
254 3
249 4
235 2
234 2
233 2
232 4
232 3
231 5
256 2
254 3
244 1
244 3
242 1
243 3
240 5
295 2
293 2
291 3
268 1
268 2
267 1
267 4
238 4
234 2
233 5
260 3
249 2
247 2
246 4
226 5
257 5
346 3
297 2
294 0
293 1
294 4
237 5
262 4
228 2
228 5
255 2
255 2
253 0
252 0
252 3
239 3
242 5
306 3
279 2
278 3
269 2
268 3
268 2
267 4
230 0
230 2
229 3
230 4
223 5
263 1
263 5
375 0
375 3
312 5
436 0
436 4
243 3
237 1
237 0
230 3
230 3
230 1
231 3
230 4
225 4
225 1
225 2
224 4
224 4
224 3
226 3
228 2
225 1
225 2
224 2
224 3
226 4
226 3
225 1
225 2
225 2
226 0
226 3
224 5
288 2
286 4
227 2
227 5
260 1
260 0
259 2
259 0
259 3
242 4
224 4
224 3
227 2
224 3
227 2
224 0
223 5
301 5
415 1
414 1
412 2
408 0
407 3
310 2
309 5
439 2
436 3
371 1
371 3
354 3
343 2
342 5
564 3
504 0
504 2
501 3
482 3
474 5
835 3
782 4
254 0
251 1
251 2
249 2
248 4
234 2
233 2
232 2
231 4
229 3
229 1
229 4
228 3
230 4
230 4
230 3
229 2
228 2
227 0
225 3
227 2
226 1
226 3
226 2
226 2
226 5
309 4
227 2
226 0
225 4
223 5
260 2
259 2
259 1
259 0
259 0
259 2
260 4
227 1
227 4
227 3
232 0
229 5
302 1
301 3
272 3
261 2
260 5
369 0
369 4
240 2
239 0
234 3
235 4
224 2
224 4
224 0
224 4
223 5
252 1
251 3
240 0
240 2
239 0
239 0
239 4
227 4
225 3
228 0
226 0
226 2
225 4
223 0
223 3
224 2
224 0
224 3
224 0
224 0
224 2
224 0
224 3
225 1
225 4
225 2
224 5
258 0
258 0
258 4
227 0
224 2
223 5
291 0
291 5
405 2
401 2
399 5
529 5
662 2
654 2
646 4
252 5
270 3
253 2
252 5
304 2
302 1
302 2
300 2
298 2
296 5
407 4
238 5
262 3
247 5
303 5
425 2
421 3
325 2
322 2
320 1
320 5
466 3
397 4
256 3
242 5
276 3
260 2
259 2
258 4
233 1
233 3
231 2
231 3
231 4
231 4
231 0
228 0
228 1
228 3
228 4
227 5
265 3
248 0
247 2
246 0
246 0
246 0
246 2
245 2
244 0
244 2
244 2
244 3
244 2
243 1
243 3
242 2
241 5
346 0
346 4
241 2
240 3
235 2
234 2
231 3
231 1
231 2
230 4
229 4
229 3
235 3
232 5
260 2
258 0
258 3
250 0
250 4
230 2
229 1
229 2
228 1
228 1
228 1
228 1
228 3
231 3
233 0
230 5
306 5
428 3
335 0
335 1
335 5
506 0
506 1
506 1
506 2
502 4
252 0
243 5
337 5
476 4
242 2
240 2
239 3
240 3
237 3
241 0
234 0
234 4
229 1
229 4
228 5
256 5
338 0
338 3
284 2
283 0
280 4
238 5
261 0
260 3
253 0
252 0
252 0
252 4
237 2
236 2
235 2
234 0
234 0
234 5
326 1
326 2
324 3
279 0
276 2
275 5
424 0
424 0
424 4
242 2
241 2
240 3
235 3
232 2
231 4
229 0
225 0
225 2
224 0
224 2
224 1
224 1
224 1
224 0
224 2
224 2
224 5
294 4
227 0
224 2
224 0
224 3
228 4
227 3
229 2
226 0
225 4
222 2
222 1
222 5
256 3
244 2
243 3
243 0
242 1
242 2
241 2
240 2
239 0
239 4
225 0
224 1
224 1
224 1
224 5
306 1
306 1
306 0
306 5
423 5
559 3
437 0
434 2
428 4
253 5
277 4
236 0
231 0
231 2
231 3
233 2
232 0
232 4
226 1
226 1
226 3
230 0
228 5
303 3
267 3
256 0
255 3
254 4
233 3
230 3
234 4
229 2
228 2
225 2
225 2
225 1
225 2
225 3
230 3
228 0
226 5
304 3
267 0
267 2
265 0
265 2
264 5
401 2
398 0
398 5
579 2
573 2
568 2
563 3
456 2
453 4
256 5
283 2
281 0
281 5
394 4
240 2
238 4
235 3
229 2
227 5
264 0
264 4
225 1
225 2
225 0
225 5
302 0
302 4
227 4
227 1
227 2
226 1
226 2
226 0
223 5
291 3
259 5
341 2
339 0
339 3
301 3
285 2
284 3
281 4
232 2
231 3
232 3
234 2
233 3
232 5
273 1
273 3
262 0
262 3
259 3
259 3
259 5
403 0
403 3
354 0
353 1
353 1
353 3
344 3
342 2
341 2
340 2
339 0
339 0
339 5
580 4
240 5
272 2
270 5
379 5
523 5
675 1
675 0
675 2
668 5
828 5
979 2
968 4
269 2
267 3
255 3
249 3
250 0
233 3
233 3
232 5
295 1
295 0
294 1
294 4
227 4
226 2
225 5
256 5
338 1
338 2
337 4
231 2
230 5
257 2
257 3
247 0
247 2
246 3
246 3
246 0
246 2
245 3
244 3
243 3
243 4
231 3
231 3
232 2
231 2
228 0
227 1
227 3
230 0
229 2
228 0
228 3
229 3
227 4
222 2
221 5
263 3
244 0
243 0
243 0
243 4
227 2
226 1
226 0
225 2
225 1
225 3
228 4
223 1
223 5
262 0
262 5
371 3
309 2
308 5
426 5
613 2
608 0
608 5
807 0
807 4
251 2
248 2
247 3
244 2
243 3
241 5
259 2
257 0
255 0
255 4
229 2
228 0
227 2
227 3
228 3
227 0
226 4
226 2
226 1
226 4
225 2
225 3
231 2
228 2
227 0
227 4
224 3
229 1
229 3
229 2
227 4
227 3
230 0
227 1
227 3
227 4
225 0
225 2
225 2
225 0
225 2
225 5
296 3
262 4
234 0
231 3
232 4
226 2
225 1
225 0
225 3
227 0
227 4
226 4
226 2
226 2
226 0
226 5
298 2
296 2
295 2
294 4
229 2
228 2
228 2
228 2
228 0
225 1
225 2
225 1
225 2
225 5
288 3
260 1
260 3
250 4
226 4
226 5
263 1
262 3
246 5
327 2
324 4
235 3
235 3
233 5
269 5
361 2
358 4
232 2
231 4
231 4
231 3
235 0
233 5
297 3
262 2
261 0
260 3
257 0
257 2
256 0
255 2
254 2
253 0
253 3
252 3
252 4
228 5
270 1
270 4
224 2
223 0
222 0
222 2
222 3
227 3
224 4
223 5
263 3
251 3
245 1
245 0
245 3
244 4
228 3
228 0
228 3
231 4
225 4
223 3
222 4
221 2
220 0
220 2
219 3
224 0
223 3
224 2
223 2
222 2
222 0
222 3
225 4
224 3
221 4
221 3
225 2
223 1
223 2
220 3
224 0
221 0
221 4
219 2
219 5
260 2
258 1
258 0
258 0
258 2
258 4
221 0
220 0
220 0
220 1
220 4
220 1
220 4
220 3
226 1
226 0
225 3
226 3
225 2
224 3
225 2
224 4
221 0
221 3
223 4
221 1
221 2
221 0
221 0
221 3
221 4
220 3
225 3
226 0
226 2
224 3
224 5
298 3
266 2
265 2
264 4
227 5
259 2
257 2
257 2
257 3
245 4
228 4
228 3
226 2
225 2
225 5
263 1
263 4
227 3
228 3
231 0
227 3
228 3
228 2
227 1
227 1
228 0
228 4
223 2
223 1
223 3
226 2
225 3
223 0
223 3
224 5
295 4
227 4
227 2
226 0
225 3
228 2
227 3
226 0
226 2
226 1
226 0
226 3
226 3
225 3
227 3
227 3
227 0
227 4
223 2
222 2
222 3
225 0
224 2
223 5
303 3
270 4
231 5
262 2
260 2
258 0
258 0
258 5
366 3
305 2
303 2
301 5
420 2
417 5
606 0
606 3
501 5
723 0
723 2
717 3
636 4
260 2
258 2
256 2
252 4
244 2
243 4
243 3
238 1
238 0
232 1
232 2
231 0
231 4
225 0
224 3
225 2
225 5
294 0
294 2
291 1
291 1
290 0
290 1
290 3
262 5
352 4
237 5
258 1
258 3
246 2
245 2
244 0
244 4
230 4
227 1
227 3
229 0
226 3
227 3
227 4
225 5
254 3
248 0
247 5
356 3
311 5
470 4
240 0
238 2
236 4
226 2
225 4
224 4
224 2
223 5
256 1
255 2
254 4
224 1
224 2
223 2
223 0
223 3
226 4
225 4
225 3
225 2
224 3
226 4
226 0
226 5
297 4
225 3
223 4
223 2
222 2
222 4
222 5
255 3
243 4
227 3
224 0
224 4
223 5
255 3
241 5
310 4
231 4
227 1
227 4
227 3
227 2
226 2
225 3
229 3
227 3
229 0
226 2
225 2
225 5
294 2
291 3
265 4
231 3
231 4
229 4
229 1
229 1
229 3
228 1
228 5
258 1
258 2
256 2
254 3
243 2
242 3
236 3
242 4
232 1
232 2
229 1
229 1
229 1
229 2
228 2
227 2
226 3
230 3
226 4
225 2
224 3
232 3
229 0
226 0
226 5
304 3
269 3
261 3
257 0
257 5
395 3
343 5
521 5
746 2
740 4
242 4
234 0
228 1
228 1
228 4
227 3
229 0
228 3
229 0
228 1
228 0
228 3
228 2
227 2
226 0
226 1
226 4
224 2
223 1
223 2
223 2
223 0
223 4
223 2
223 3
229 3
227 0
226 1
226 4
223 3
226 3
227 3
228 4
228 2
225 3
227 0
226 2
225 3
227 2
226 4
225 3
226 4
226 1
226 3
228 4
228 4
228 3
228 5
250 0
250 5
344 3
287 3
274 2
273 3
263 4
233 4
230 4
230 4
230 4
230 0
230 3
230 4
225 2
225 3
230 3
225 5
265 4
224 2
223 3
227 1
227 4
227 1
227 0
225 2
225 2
225 4
223 4
223 4
223 3
227 4
227 3
227 4
227 2
226 2
224 2
224 2
223 2
223 0
223 5
294 2
294 0
294 3
260 1
260 4
232 4
231 2
230 2
229 2
228 0
228 2
227 3
228 3
227 5
297 2
296 3
266 5
369 5
531 3
435 3
396 3
376 3
370 4
240 5
276 3
263 4
232 4
231 2
230 0
229 3
230 2
229 1
229 4
226 2
226 0
226 4
225 1
225 2
224 3
231 3
228 3
226 2
226 5
271 5
385 4
230 5
258 4
225 0
224 3
227 4
225 3
223 2
223 3
225 4
225 5
255 2
255 2
253 3
243 2
242 4
226 2
225 0
223 5
294 2
294 5
408 2
406 5
538 4
246 4
244 1
244 1
244 4
244 5
253 4
232 4
232 3
236 4
236 0
229 5
292 4
228 4
228 1
228 0
227 5
293 2
292 3
256 3
248 4
229 1
229 3
229 3
228 4
225 2
225 0
225 4
221 0
221 2
221 3
223 1
223 3
223 2
222 4
222 2
221 3
226 3
222 1
222 5
256 4
221 0
221 2
221 2
221 3
222 3
223 4
222 5
256 2
254 0
254 4
222 3
228 2
227 3
225 0
224 0
224 2
223 4
221 1
221 2
221 2
220 0
220 1
220 5
288 1
288 4
221 0
221 3
223 5
287 2
285 5
395 4
228 2
227 2
226 3
231 3
227 3
232 3
230 1
230 4
230 2
229 3
231 3
230 2
229 4
229 3
233 1
233 4
233 4
233 4
233 4
233 3
227 5
254 3
244 4
231 2
230 3
229 4
229 3
229 3
231 3
225 2
225 5
254 3
240 3
244 0
243 1
243 3
244 2
243 4
233 0
233 3
233 1
233 3
234 2
233 0
233 2
232 2
231 2
231 0
231 1
231 2
231 5
309 3
266 1
266 3
261 1
261 1
261 0
261 3
260 1
260 3
260 3
257 4
231 0
231 -1
406 2
405 1
405 3
316 3
292 2
289 3
277 1
277 1
277 1
277 0
243 0
243 3
244 0
244 5
325 3
279 0
277 5
414 5
589 1
586 3
489 2
485 1
485 0
485 5
712 5
958 4
250 4
245 2
244 2
243 4
243 0
238 3
237 2
236 0
236 5
319 2
315 5
438 4
239 3
234 3
233 4
231 2
230 3
231 3
232 5
256 5
334 4
230 2
230 0
227 2
227 4
224 3
230 4
230 3
231 2
230 0
228 1
229 3
229 3
229 1
231 3
229 5
291 1
290 0
290 2
287 5
388 3
303 0
303 2
301 3
289 3
285 0
285 3
284 2
283 3
281 3
280 0
280 0
280 5
456 0
456 4
247 5
266 4
232 4
232 4
232 0
227 5
303 4
223 5
257 3
246 0
243 5
352 5
503 0
503 3
408 1
408 5
587 5
808 2
801 5
1034 2
1027 1
1025 3
913 5
1193 5
1498 2
1488 2
1479 0
1479 2
1469 3
1386 0
1386 0
1386 4
267 2
263 4
253 1
255 3
248 5
265 1
266 0
264 2
262 4
235 0
231 5
296 4
229 3
231 0
229 3
231 4
230 1
232 4
231 3
228 5
262 4
227 3
233 2
231 2
230 2
229 3
232 3
231 0
230 3
231 4
227 3
228 4
228 5
260 0
260 1
260 2
258 3
249 1
249 5
319 2
317 0
317 3
289 4
237 0
235 4
226 4
226 2
226 5
260 0
260 0
260 1
261 0
261 3
253 2
252 5
317 3
285 3
279 4
235 1
237 4
233 4
233 3
232 3
232 5
271 3
255 2
254 1
254 1
255 4
235 2
234 3
227 3
230 2
229 0
227 3
228 4
225 3
226 0
226 4
224 0
223 3
225 4
225 5
261 0
261 5
359 4
222 3
226 0
224 3
226 1
227 2
226 2
225 3
226 0
226 4
222 1
224 1
224 0
223 3
226 2
225 4
224 2
223 0
222 3
225 4
223 3
222 3
223 2
224 5
261 2
259 0
259 3
246 5
318 4
228 0
225 2
225 5
305 0
305 3
270 2
269 4
233 4
232 3
228 4
227 5
266 0
264 5
365 1
365 4
227 1
227 4
227 2
226 1
226 1
226 4
226 4
226 1
226 4
226 3
227 2
226 4
226 4
226 4
226 4
226 4
226 4
226 3
227 3
225 5
254 4
220 3
224 5
257 0
257 0
257 1
257 3
247 5
321 4
227 2
226 0
220 4
220 4
220 0
220 3
222 4
222 4
222 5
257 4
220 3
226 0
224 3
224 1
224 5
302 0
302 0
302 1
302 4
227 3
226 0
224 5
304 1
304 4
223 3
226 1
226 4
226 3
227 0
225 0
225 0
225 0
225 3
225 2
224 5
302 5
428 3
329 3
298 0
298 4
243 1
243 3
235 4
229 1
229 3
230 2
229 2
228 4
228 2
226 2
226 5
265 2
265 3
250 1
252 5
327 2
323 3
291 0
291 5
460 3
404 3
384 3
381 5
625 4
249 2
248 4
237 4
237 2
236 4
236 4
236 2
235 4
235 3
235 5
257 0
254 5
353 5
485 3
368 3
330 0
330 1
331 4
243 2
241 0
238 1
239 3
241 4
227 3
226 1
227 4
225 1
225 0
224 1
224 2
223 5
303 5
421 5
553 0
553 3
428 4
271 5
277 5
340 0
338 2
335 4
240 5
268 3
253 3
246 0
245 3
247 2
246 1
247 1
249 5
346 2
343 3
305 2
303 0
303 3
301 3
301 2
299 1
299 4
239 3
231 4
226 2
225 2
225 0
224 3
224 5
304 4
224 1
224 4
222 0
222 5
299 5
418 3
329 3
305 5
458 2
454 2
450 5
660 1
660 4
256 2
253 2
250 4
240 1
242 3
235 0
229 3
230 2
229 1
229 3
229 2
228 1
229 3
230 5
289 0
289 3
263 4
231 4
229 1
230 0
229 2
228 4
223 3
228 2
226 1
228 1
231 5
258 1
258 5
346 5
466 5
597 3
454 4
272 0
256 4
230 2
229 5
264 4
230 5
257 2
256 5
337 3
280 3
270 2
269 3
266 4
232 5
272 1
273 3
254 0
253 3
252 0
252 4
231 0
231 5
323 2
321 3
284 2
282 5
421 0
421 4
236 2
235 2
234 0
231 2
230 1
230 4
225 4
224 4
224 2
223 2
223 2
223 2
224 2
225 3
229 4
229 1
229 3
226 3
227 1
229 2
228 1
228 4
228 2
227 3
226 3
230 3
231 4
230 4
230 4
230 4
230 2
229 3
229 2
226 0
225 1
225 5
296 1
296 5
411 2
407 1
405 3
318 3
296 5
424 2
421 1
421 4
246 2
245 2
244 2
243 2
242 3
239 2
238 2
237 2
234 3
240 1
240 3
238 5
265 5
360 2
353 2
350 0
350 1
351 5
486 5
630 2
623 4
252 3
245 2
244 5
261 3
252 0
249 4
226 0
226 0
226 2
226 3
230 1
230 3
229 4
228 3
231 2
230 3
227 3
230 0
229 5
302 3
269 4
235 4
233 1
233 2
231 3
232 4
232 4
232 2
231 2
230 4
230 3
235 0
233 3
233 5
301 2
299 2
296 1
297 0
297 1
296 5
409 2
404 0
404 3
315 2
313 1
314 3
289 1
289 0
288 3
283 1
283 4
235 0
235 5
331 2
329 3
296 2
294 5
422 5
608 0
608 3
519 0
517 1
517 2
512 3
485 0
485 5
785 0
785 3
722 2
717 2
713 2
708 3
685 4
255 2
254 4
249 5
269 0
266 2
264 2
262 0
262 0
262 1
262 0
262 3
254 2
253 0
252 4
229 3
233 3
231 4
228 0
227 2
226 2
226 2
226 2
225 0
225 4
223 3
227 1
227 5
273 2
271 4
226 5
263 4
224 1
224 5
265 0
265 3
250 4
233 1
233 2
231 1
231 3
228 2
226 0
226 1
226 0
226 1
226 4
222 1
222 0
222 3
224 3
227 2
224 2
223 0
223 2
222 2
222 4
222 4
221 3
223 2
221 2
221 4
221 0
221 3
222 1
222 3
222 4
221 1
222 4
222 4
222 1
222 5
263 0
263 3
245 4
229 5
257 4
225 3
229 5
259 2
257 3
245 4
228 4
228 2
228 5
252 2
251 2
251 4
226 3
233 5
258 2
256 1
256 2
254 0
253 2
251 3
242 4
230 1
230 3
230 5
260 2
259 3
245 2
244 3
243 5
319 0
318 0
318 5
462 1
461 4
248 4
240 2
239 2
238 3
239 4
239 0
232 0
232 3
230 1
230 2
229 4
226 3
229 1
229 5
252 2
250 1
250 1
250 2
249 4
225 0
225 2
225 2
225 2
225 5
295 1
295 0
295 3
263 1
263 2
262 2
260 2
258 2
257 3
255 4
231 2
230 5
258 1
258 1
258 3
246 0
245 2
244 3
243 0
243 1
243 3
242 2
241 3
241 4
228 1
228 5
268 5
375 3
310 4
243 2
242 1
242 5
263 5
360 3
308 2
307 5
434 5
631 3
529 2
525 0
525 3
482 5
778 4
251 3
241 1
241 4
239 4
239 2
238 4
238 2
237 3
235 3
238 5
271 4
234 0
231 2
231 5
312 3
270 1
270 0
270 3
269 4
234 1
234 3
235 5
271 0
271 5
379 2
376 4
239 1
239 2
238 4
234 1
234 3
233 2
233 4
233 4
233 3
233 2
233 5
252 2
252 4
231 4
231 3
234 0
230 3
230 2
229 4
226 4
226 3
230 3
230 5
262 1
262 5
348 1
348 3
293 5
398 2
396 1
397 5
569 2
564 3
453 0
453 0
453 5
703 0
703 0
703 3
631 3
592 3
571 1
571 3
561 1
561 0
561 4
247 1
247 3
234 4
231 0
227 1
227 4
226 0
226 1
226 2
226 1
226 4
224 5
270 5
365 3
292 1
292 5
413 2
410 1
410 2
407 2
403 2
400 3
335 4
238 2
237 3
231 1
231 5
269 0
268 2
266 4
226 2
225 4
225 3
227 3
226 4
225 2
224 4
224 4
224 1
224 2
223 3
225 5
262 2
260 3
247 0
245 0
245 0
245 4
228 2
227 0
227 3
229 5
301 5
433 3
339 4
244 3
235 2
234 2
233 1
234 1
234 3
237 2
236 3
232 3
235 0
228 4
225 4
225 5
254 1
254 4
222 5
255 5
334 3
275 4
233 0
232 5
311 3
273 2
272 2
270 0
270 4
233 2
232 0
231 2
231 1
231 3
231 3
230 3
230 2
230 3
230 4
223 2
223 3
226 3
225 0
225 2
224 5
297 5
426 2
422 2
419 5
562 3
424 3
370 2
366 4
257 1
257 4
251 2
250 3
240 5
270 3
256 3
251 4
233 5
262 1
262 4
230 0
229 0
229 3
233 3
230 4
228 3
226 0
225 0
225 3
228 3
226 5
297 3
265 0
265 2
263 0
263 2
262 1
262 3
258 2
257 5
389 4
243 3
237 2
234 3
238 5
265 0
264 3
250 5
342 3
303 0
303 4
241 1
241 0
237 3
237 2
236 5
340 2
338 3
295 2
293 0
292 3
287 0
287 3
286 0
286 2
285 3
285 5
479 0
479 3
428 0
428 4
249 4
241 1
241 0
236 1
236 5
329 0
329 4
238 3
235 3
234 5
267 3
249 0
248 0
248 2
247 3
246 2
245 3
244 2
243 4
232 2
231 5
272 0
272 2
270 4
229 0
227 5
306 3
269 3
258 3
253 2
251 0
250 2
249 4
229 2
228 3
228 1
228 5
268 2
266 4
222 3
224 3
225 4
223 3
221 2
219 4
219 5
261 2
259 4
218 2
218 3
222 4
222 3
219 1
219 2
219 5
261 2
260 3
244 2
243 5
316 5
454 2
450 2
446 5
598 5
754 2
746 4
244 2
243 0
234 1
234 3
231 2
230 0
230 0
230 2
229 0
229 3
229 4
223 0
222 0
222 1
222 4
222 3
224 4
224 1
224 5
251 3
238 3
236 2
235 4
225 2
224 0
224 3
224 4
223 4
223 3
228 5
261 4
225 3
230 2
229 2
228 4
228 3
228 2
227 4
227 3
229 2
228 1
228 4
228 2
227 5
257 1
257 3
247 2
246 3
241 2
240 3
240 1
240 1
240 4
226 0
226 0
226 2
226 5
296 4
229 0
226 5
287 4
223 3
229 4
229 3
228 0
227 5
291 3
263 5
347 4
234 4
229 0
228 2
227 4
224 5
251 2
251 3
239 2
238 2
237 3
239 0
238 0
238 4
227 1
227 3
231 1
231 5
258 4
226 5
258 3
246 2
245 2
244 5
319 5
446 3
357 2
355 3
326 2
324 2
322 4
245 3
240 0
233 0
233 5
320 5
443 5
582 5
724 2
716 4
257 3
240 2
238 0
231 4
224 1
224 2
224 5
255 5
333 3
268 3
256 4
233 2
232 1
232 4
232 2
231 4
231 3
234 3
232 5
255 0
254 1
254 1
254 1
254 5
345 2
342 0
342 5
469 0
469 4
240 3
243 2
241 2
239 5
262 2
260 0
257 0
257 3
248 2
247 3
249 0
246 5
346 2
343 2
342 0
342 3
299 1
299 4
237 4
232 0
231 2
230 2
229 5
300 2
300 3
267 0
266 2
264 3
263 5
381 2
378 1
378 0
378 0
378 5
554 4
243 2
242 1
242 3
236 1
236 2
235 2
234 2
233 5
264 2
262 1
261 0
259 3
245 0
245 5
354 4
235 3
233 1
233 4
229 2
228 3
228 2
227 4
227 2
226 4
226 4
226 3
229 4
229 4
229 4
229 4
229 5
259 5
336 4
227 5
249 0
249 4
224 5
251 1
251 3
242 5
298 3
275 3
268 2
267 5
368 1
368 2
365 2
362 4
234 4
232 3
235 2
233 2
231 2
230 2
229 0
226 5
297 0
297 2
295 5
410 3
329 2
327 2
325 0
324 5
493 5
680 2
670 4
259 4
255 2
252 2
251 1
251 3
248 3
246 4
245 4
245 1
245 5
261 2
261 3
249 3
249 3
249 4
235 4
235 4
235 3
235 2
233 3
235 2
232 5
256 3
248 1
248 3
242 2
241 4
230 2
229 3
233 2
232 0
228 3
231 3
230 1
230 3
230 3
228 2
227 1
227 2
226 1
226 0
226 5
299 1
298 1
297 3
264 4
229 1
229 2
228 5
254 2
252 2
250 1
250 5
340 2
340 0
340 4
226 3
227 2
227 1
227 3
229 1
229 2
227 4
227 5
251 2
249 2
247 3
240 3
240 2
239 4
227 2
226 5
259 4
223 0
222 2
221 0
221 2
221 0
221 2
221 3
225 1
225 5
286 0
286 3
255 2
254 2
253 0
253 2
252 5
361 5
511 4
248 4
244 3
240 1
240 0
229 0
229 1
229 5
301 3
259 2
258 2
256 2
255 2
254 1
254 1
254 2
253 2
252 1
252 0
252 0
252 2
251 3
247 0
247 2
246 1
246 1
246 2
245 3
245 3
245 2
244 2
243 3
244 3
244 4
230 3
227 2
226 2
225 0
225 3
226 2
225 3
226 3
225 1
225 2
225 3
226 0
226 3
227 2
226 2
226 4
224 1
224 3
227 4
224 2
223 2
220 2
220 0
220 1
220 0
220 2
220 4
220 3
225 1
225 4
225 2
224 1
224 4
224 2
223 5
261 5
359 4
225 2
224 0
224 2
224 4
221 2
221 3
226 2
225 4
224 1
224 5
255 3
243 4
225 5
253 3
245 0
243 3
243 2
242 3
242 2
241 2
240 0
240 3
239 4
228 2
226 1
226 3
228 4
225 2
224 5
253 3
242 1
242 2
241 4
229 1
229 1
229 2
228 0
226 2
225 4
222 3
222 0
222 2
222 4
220 3
225 2
224 2
223 2
222 0
221 5
293 5
410 2
406 2
402 2
402 2
400 2
400 3
308 0
308 5
457 3
387 3
370 4
249 4
247 5
273 0
273 2
271 4
237 2
236 4
232 2
231 2
230 2
229 0
227 0
227 0
227 4
226 1
226 4
226 3
230 5
262 3
253 5
324 3
291 3
283 2
282 3
277 2
276 0
275 1
275 3
275 5
429 2
425 2
422 1
422 3
377 2
375 3
359 0
359 0
359 0
359 3
353 4
233 3
228 3
228 2
227 3
229 4
226 2
224 3
224 0
223 3
224 5
305 3
272 1
272 4
233 0
232 3
232 2
231 3
231 3
232 4
226 0
226 2
225 3
224 3
225 2
224 0
224 1
224 0
224 2
223 1
223 5
311 2
308 0
308 2
307 4
226 2
225 2
225 2
225 3
231 2
228 0
225 5
304 0
304 4
224 1
224 0
223 2
223 2
223 2
223 0
223 4
223 3
230 2
227 0
226 5
310 1
310 3
276 2
274 3
264 0
263 5
408 5
586 3
487 5
714 2
709 2
704 2
699 3
630 5
940 1
940 0
940 3
881 3
851 2
847 1
847 4
265 2
261 3
251 5
280 2
278 1
276 1
276 4
236 2
235 2
234 3
237 2
235 2
235 5
267 5
363 0
363 4
234 4
231 2
231 0
226 5
299 4
229 2
229 0
227 4
227 3
228 2
227 0
227 2
227 2
227 0
227 3
229 5
301 2
298 3
263 0
260 4
239 5
277 2
275 3
256 1
256 4
226 2
225 3
233 3
232 2
229 0
226 1
226 2
225 0
225 0
225 1
225 4
222 3
228 3
228 4
228 4
228 3
228 3
228 2
227 5
264 2
262 0
262 2
260 3
245 2
244 4
228 2
227 2
227 5
267 5
365 5
492 5
628 2
621 4
247 1
247 2
246 2
245 5
262 5
334 1
334 0
334 3
278 2
276 5
356 0
356 2
351 0
351 1
351 3
308 5
470 1
470 3
417 2
415 0
415 5
667 0
667 5
935 2
929 0
929 0
929 4
254 4
246 2
244 3
240 5
263 3
247 4
231 3
231 4
230 4
230 4
230 5
261 2
259 5
340 3
278 2
276 2
275 1
275 5
366 5
518 5
689 2
683 3
548 0
548 4
264 3
248 1
248 5
264 3
254 4
232 2
231 3
233 2
231 2
229 1
229 2
228 3
233 3
231 4
230 4
230 4
230 1
230 2
230 1
230 1
230 3
234 1
234 2
232 2
231 3
230 3
234 5
256 5
331 2
328 3
283 2
281 4
239 1
239 3
234 0
228 3
229 2
228 3
229 2
228 1
228 4
226 0
226 2
225 3
227 4
226 0
226 2
225 4
224 2
224 2
224 4
224 4
224 2
224 2
224 3
228 2
227 4
227 1
227 0
225 5
292 0
292 5
408 0
408 0
408 3
317 2
315 0
315 1
315 2
314 0
314 4
244 2
241 3
238 2
236 4
229 0
228 0
228 4
224 2
224 3
228 4
228 3
229 3
228 3
229 4
229 2
228 3
226 2
225 1
225 0
225 4
224 5
249 2
247 5
320 0
320 2
320 5
438 4
229 2
229 2
229 2
229 1
229 2
228 3
235 2
233 0
230 3
229 1
229 1
229 2
228 2
227 5
287 3
257 3
249 0
248 5
367 3
315 3
305 4
236 5
275 0
275 5
387 1
387 3
329 3
309 3
303 3
295 1
295 2
294 2
293 4
237 0
235 2
234 2
234 4
226 2
225 5
276 4
226 3
232 0
231 0
231 2
230 1
230 3
231 4
225 0
225 2
224 3
225 1
225 0
225 2
225 3
226 4
222 2
222 2
222 0
222 2
222 3
224 1
224 1
224 2
223 2
222 4
222 3
227 2
226 3
221 5
260 5
365 4
231 1
231 2
230 0
226 3
227 1
227 1
227 4
223 2
223 4
223 4
223 5
262 1
261 5
347 0
347 5
472 3
348 3
307 2
305 1
305 1
305 4
235 2
234 2
233 1
233 4
232 0
231 4
225 4
224 4
224 3
229 0
227 3
228 0
228 -1
