5 2000
716 0
607 5
774 5
1005 2
994 0
994 2
982 3
822 2
815 4
462 4
452 2
449 5
469 1
470 0
466 3
447 2
446 5
577 1
577 5
814 2
809 0
809 3
652 3
595 0
594 2
592 1
593 5
957 2
952 5
1340 5
1738 4
504 2
500 1
502 5
504 5
606 4
443 5
479 4
429 3
427 5
468 5
608 1
608 5
800 5
1028 2
1021 4
458 4
457 4
457 0
433 0
433 5
545 5
711 0
711 1
711 2
706 3
550 1
550 2
548 2
546 1
547 2
546 5
710 1
710 3
614 0
614 5
957 2
953 3
855 5
1290 1
1291 1
1290 5
1770 2
1763 0
1763 5
2252 1
2252 0
2252 1
2252 5
2747 1
2747 5
3245 5
3719 3
3574 3
3490 4
492 5
504 1
504 3
470 1
472 4
440 0
430 1
431 1
432 2
431 0
431 3
431 0
430 5
578 3
514 1
514 5
706 4
446 4
437 2
436 1
438 3
433 4
432 2
431 1
431 4
431 0
423 3
425 1
426 0
426 2
425 2
424 2
423 5
563 0
563 1
563 2
561 5
766 0
766 2
762 5
995 5
1244 2
1234 3
955 4
471 3
448 3
441 3
435 2
434 5
470 0
469 4
430 4
429 0
421 3
424 5
530 2
528 0
528 2
526 4
424 0
421 1
423 3
425 5
533 3
485 5
621 4
436 2
435 4
431 4
431 5
465 2
463 2
461 0
456 2
454 2
453 4
419 5
458 4
418 4
418 0
414 4
411 5
464 4
416 2
416 5
464 3
441 1
442 0
438 5
605 2
601 0
601 5
839 1
838 3
665 3
603 5
896 2
892 2
888 0
888 3
792 4
454 1
457 5
507 3
478 5
649 2
646 3
583 3
572 5
857 3
777 2
774 0
774 4
451 1
453 4
438 1
438 3
428 0
427 3
426 4
416 4
416 3
413 0
410 2
409 0
409 4
407 5
472 2
471 2
469 3
446 3
438 3
436 1
437 2
436 1
437 1
440 0
437 1
438 3
437 4
415 4
408 2
407 1
409 3
406 2
405 5
487 4
411 0
406 4
404 5
478 2
476 3
448 1
449 2
448 2
446 2
445 3
441 5
604 3
551 1
552 2
550 5
808 5
1165 1
1165 5
1516 5
1873 2
1864 5
2222 1
2221 4
483 0
451 1
452 3
444 2
443 2
442 3
435 3
435 3
435 4
415 0
412 1
413 0
413 5
555 4
422 3
421 4
418 2
417 0
411 2
411 5
536 4
418 1
418 2
417 3
418 3
417 3
419 3
418 0
414 3
419 4
413 4
413 0
412 1
417 5
530 2
527 4
414 4
414 2
413 5
456 1
457 4
415 3
417 3
420 0
415 2
414 1
416 4
410 3
413 1
415 5
461 5
588 3
502 2
501 4
436 3
426 2
425 4
417 5
465 0
463 0
463 0
463 5
614 5
839 2
835 2
830 0
830 5
1071 3
807 2
801 2
796 4
452 3
437 5
466 2
464 3
453 3
447 1
448 3
442 0
440 3
436 3
432 0
431 0
431 3
430 3
429 2
428 2
427 3
427 2
426 5
602 4
432 5
484 4
421 5
467 4
418 3
419 0
411 2
410 2
409 0
409 0
409 4
407 1
407 4
407 4
407 3
410 2
409 1
409 5
473 2
471 4
409 5
463 0
461 2
461 4
408 3
410 2
409 4
409 1
409 2
408 4
408 3
411 1
411 4
411 0
408 5
541 0
541 1
541 1
540 2
538 1
538 5
733 0
733 3
585 5
819 1
819 4
454 3
435 2
434 1
434 2
433 4
431 3
427 2
427 2
427 3
431 0
424 3
422 4
412 2
412 2
412 1
412 0
412 5
525 4
421 1
421 0
414 3
417 0
417 2
416 4
413 1
413 2
413 1
413 4
413 4
413 1
414 3
414 2
413 3
416 5
472 1
473 2
471 4
415 5
464 5
612 4
422 4
421 4
421 5
462 4
418 5
461 5
596 2
593 1
593 4
423 3
424 2
423 3
422 2
421 5
462 5
590 3
506 5
667 5
944 0
944 3
775 0
774 2
771 4
453 4
442 5
466 5
594 0
594 2
591 4
431 3
428 2
427 3
427 0
421 1
423 2
422 3
423 2
422 2
421 3
420 5
533 1
532 1
533 3
484 5
663 0
663 1
663 2
660 3
573 0
572 2
570 4
428 2
427 3
419 5
493 0
492 1
492 0
492 4
416 2
415 3
416 2
415 4
413 2
413 4
412 4
412 0
409 2
408 2
407 0
407 3
409 2
408 0
408 2
407 0
407 2
407 3
409 4
408 4
408 1
408 1
408 3
408 2
407 1
407 4
407 0
407 2
406 3
409 4
408 0
408 4
406 4
406 4
406 3
411 1
411 3
407 0
407 4
406 0
406 1
406 5
539 0
539 5
749 1
749 3
602 2
600 4
439 2
438 1
440 0
429 5
589 5
814 3
669 3
611 1
612 5
903 3
811 1
811 0
811 0
811 2
808 5
1263 5
1763 2
1756 5
2244 3
2097 3
2028 3
1978 2
1971 5
2788 4
474 0
453 3
448 1
450 4
422 2
421 2
420 3
421 2
420 1
420 4
418 1
418 0
416 0
416 1
417 4
412 1
412 3
415 1
415 4
414 2
413 0
413 3
414 4
409 5
471 0
471 1
472 4
415 2
415 0
409 2
409 2
409 0
409 4
409 3
413 2
412 2
411 0
411 2
410 1
410 0
410 2
409 1
410 3
413 5
534 3
484 1
487 1
487 5
670 2
667 3
583 2
581 3
563 5
855 2
852 4
445 2
443 0
439 5
607 0
607 0
607 5
843 5
1114 0
1114 5
1389 2
1381 4
460 3
440 3
438 0
432 2
431 4
422 5
458 1
458 2
456 4
419 0
417 5
524 4
421 0
417 4
416 2
416 1
416 3
418 4
418 3
418 5
459 3
444 2
443 0
441 4
420 1
421 0
419 1
419 3
420 2
419 2
418 5
544 3
487 2
486 4
423 4
420 5
466 0
465 0
465 2
463 0
463 0
463 3
440 1
442 2
440 3
438 2
436 3
434 4
408 2
407 1
407 1
407 5
463 0
463 5
627 2
624 3
530 3
503 3
495 5
694 2
691 1
690 4
447 2
446 0
435 2
434 5
605 4
435 0
424 3
426 5
563 3
507 3
489 0
486 3
485 2
484 2
483 0
483 1
483 1
484 2
482 4
424 3
417 5
521 3
488 5
689 1
690 2
687 2
683 4
425 2
424 5
483 1
483 3
451 5
608 4
422 2
421 4
416 2
415 3
415 0
411 1
412 2
411 5
552 3
498 3
484 4
419 0
417 0
417 5
580 1
580 5
827 5
1093 0
1093 3
868 4
465 4
458 5
476 2
474 1
474 4
433 1
433 3
427 5
468 2
466 2
464 3
444 1
444 1
444 5
555 3
510 4
434 2
433 3
427 1
427 2
426 2
425 2
424 3
427 5
474 4
418 4
418 4
418 5
458 3
445 1
445 2
444 3
439 2
438 1
438 2
437 0
433 3
435 2
434 0
434 2
433 3
434 5
612 5
867 3
715 4
461 1
461 1
461 0
448 3
449 4
415 5
480 5
653 0
653 2
650 1
650 2
645 1
645 2
642 0
642 1
643 4
436 5
465 5
603 3
521 5
717 2
713 3
608 0
607 3
583 2
581 2
579 1
579 5
929 2
925 2
920 2
916 2
911 0
911 2
907 4
449 1
449 4
430 3
424 4
424 3
423 4
423 2
422 2
421 2
421 1
421 2
420 1
420 2
420 2
420 3
421 2
420 3
422 3
422 2
422 4
422 1
422 2
421 2
421 5
468 0
467 4
420 3
420 4
420 2
419 1
419 3
421 2
420 3
422 5
468 4
419 2
418 0
415 2
415 2
415 3
418 3
415 4
414 1
414 2
414 2
414 3
416 3
415 3
417 2
416 3
415 3
414 2
414 3
415 2
414 2
413 3
415 4
414 2
413 2
412 3
413 0
413 5
541 2
540 5
733 4
426 3
424 3
422 0
416 3
418 1
419 4
414 0
414 3
415 0
415 3
416 3
416 5
546 3
485 4
423 3
422 2
421 3
422 5
471 4
419 3
419 4
419 0
416 0
416 2
415 4
412 2
412 0
412 3
414 3
415 2
414 3
417 0
417 3
418 4
412 2
411 4
411 1
411 3
415 2
414 1
414 2
413 1
413 3
415 4
414 4
414 0
414 2
413 2
412 3
415 3
415 2
414 0
414 5
533 3
485 2
483 2
482 3
470 2
469 2
467 2
466 3
459 3
454 2
453 2
452 3
452 0
451 3
450 3
451 3
450 0
450 1
450 2
449 5
688 1
688 0
688 2
685 5
972 2
967 1
966 3
826 3
755 0
754 2
749 0
749 4
451 0
443 5
632 3
549 5
824 4
449 5
501 4
431 2
429 4
427 1
427 2
425 1
425 0
417 4
411 2
410 0
410 2
410 2
410 0
410 2
410 5
549 2
549 1
549 2
548 3
482 3
458 2
457 2
456 2
455 2
454 3
451 2
450 2
449 0
449 0
449 3
450 1
450 2
449 1
449 0
449 1
449 0
449 3
449 2
448 3
446 2
445 4
426 3
422 4
411 3
408 4
406 3
409 0
409 3
410 2
409 4
406 3
407 2
406 4
406 3
408 0
408 5
565 4
419 2
418 2
417 5
491 2
489 4
417 2
416 3
415 5
484 2
482 3
450 0
449 2
448 4
416 5
491 4
413 3
415 1
415 2
414 3
412 2
411 1
411 0
408 2
408 1
408 4
407 1
407 3
408 2
407 2
407 3
410 3
407 1
407 3
409 3
408 2
408 4
408 4
408 0
408 4
406 2
406 2
406 3
409 2
408 3
409 3
408 2
407 2
407 2
407 3
408 0
408 2
407 5
543 5
752 5
999 3
768 4
455 2
453 0
436 2
435 1
435 5
594 3
532 2
530 5
739 0
739 0
739 2
735 3
650 4
439 3
429 1
429 2
428 5
494 2
492 1
492 4
416 4
414 1
414 4
414 2
414 4
414 1
414 5
467 5
614 2
611 0
611 5
824 4
442 0
427 4
414 1
414 3
416 5
463 3
447 0
443 1
443 2
442 2
441 2
440 3
439 2
438 2
437 4
418 0
417 4
413 0
413 4
413 4
410 3
411 5
469 2
467 2
465 2
463 0
463 5
631 2
630 3
533 0
530 0
530 3
510 3
502 3
495 3
492 2
491 3
487 3
486 3
484 2
483 5
752 4
445 2
443 3
427 2
426 3
425 2
424 4
421 4
421 4
421 5
476 3
450 0
448 3
446 3
445 4
417 4
414 4
414 2
413 2
412 3
411 5
495 2
493 4
417 1
417 4
413 5
470 2
470 2
470 2
468 4
415 0
412 2
412 2
412 3
415 3
413 5
542 5
757 0
757 4
431 0
421 1
421 5
550 0
550 1
549 4
419 3
418 5
478 4
414 2
413 3
421 2
418 0
414 3
416 1
416 3
415 3
416 3
415 2
414 2
413 1
413 5
532 3
476 3
466 2
465 2
464 3
458 3
456 3
454 4
415 5
476 2
474 3
448 3
443 3
442 2
440 3
440 1
440 3
438 0
438 1
438 2
437 3
438 5
633 2
630 4
427 3
423 4
417 3
415 2
414 0
410 3
412 3
413 3
412 4
409 1
409 4
409 3
410 3
410 5
474 2
472 2
470 2
470 2
469 5
622 2
620 2
616 1
616 2
613 3
507 3
478 4
422 2
421 2
420 3
418 5
489 2
487 1
487 3
458 5
618 3
544 3
526 2
524 2
522 3
514 5
776 4
435 1
435 0
428 3
430 2
429 5
575 2
571 4
418 4
415 4
414 4
414 4
414 0
411 2
411 5
546 1
545 2
544 0
544 2
543 4
417 4
417 3
420 0
415 2
414 2
413 2
413 3
412 2
411 5
541 2
539 3
485 3
468 0
467 4
419 2
418 4
409 2
408 3
409 1
409 3
408 4
408 4
408 5
473 1
473 3
450 5
617 0
617 5
872 1
870 2
865 0
865 2
860 3
709 2
705 2
701 2
698 4
441 4
437 2
436 3
431 2
430 5
487 4
422 2
421 2
420 2
419 1
419 4
419 2
418 2
418 5
467 3
440 2
439 5
560 4
425 3
422 4
421 1
421 1
421 2
421 4
421 3
424 0
417 3
418 3
418 2
417 2
416 2
415 2
414 4
409 3
413 3
411 1
411 4
411 0
410 4
408 2
408 2
408 2
408 0
407 3
409 3
411 1
411 4
409 5
462 4
414 0
411 3
411 5
523 2
522 1
522 5
700 4
424 0
414 4
410 3
412 4
412 1
412 5
454 3
439 2
438 4
413 2
412 2
412 0
411 2
410 4
409 2
409 4
409 4
409 2
409 4
409 4
409 3
411 2
410 2
409 2
409 4
409 2
409 5
456 4
414 4
414 4
414 4
414 3
416 2
415 2
414 1
414 4
413 3
413 3
414 2
413 4
413 3
415 1
415 3
414 5
449 4
413 2
413 1
413 2
413 5
454 3
436 4
416 2
415 2
414 0
412 2
412 3
413 0
413 4
408 4
407 3
411 4
411 4
411 4
411 1
411 1
411 4
411 4
411 5
467 1
467 4
416 4
416 2
415 3
419 2
418 2
417 1
417 2
416 1
416 3
416 0
411 1
411 2
411 3
413 2
412 3
413 5
523 4
413 1
413 2
412 3
417 3
413 2
412 0
411 0
411 2
410 2
409 3
411 5
529 3
479 0
478 2
477 2
476 0
476 2
475 3
461 0
461 3
461 5
688 4
435 2
434 4
428 4
428 3
422 5
472 0
468 1
468 3
447 4
416 1
416 5
476 1
476 0
476 0
476 0
476 5
656 4
424 5
480 2
478 1
478 1
478 2
477 2
476 1
476 5
605 5
807 0
807 3
618 5
826 2
823 3
708 1
708 1
710 3
660 2
658 2
655 0
655 4
453 2
451 2
449 4
433 4
433 2
432 4
432 5
498 3
473 4
428 1
428 0
425 2
424 5
564 0
564 2
562 1
562 4
425 0
420 2
419 4
415 4
413 0
411 2
411 1
411 0
411 2
411 1
411 3
413 4
412 1
412 4
412 2
411 4
411 4
411 2
411 5
478 1
478 5
639 2
636 1
636 2
633 2
632 4
432 4
431 2
430 4
430 5
466 2
465 4
423 2
423 0
415 0
415 2
415 3
419 2
418 5
530 3
481 4
424 2
423 2
422 4
418 2
417 0
414 1
414 2
413 2
413 4
410 1
410 5
460 4
414 3
417 3
418 2
416 3
414 0
410 2
410 2
410 4
409 1
409 4
409 2
409 2
409 2
409 3
416 3
410 3
413 4
413 2
412 3
413 2
410 3
414 3
411 4
411 0
410 3
413 2
412 0
412 2
411 2
410 2
409 5
538 2
535 2
534 3
478 5
623 4
428 2
427 5
482 3
455 5
588 3
534 4
426 4
423 2
421 3
415 3
416 0
414 2
413 4
407 4
407 4
407 3
411 4
411 3
407 3
412 4
412 5
473 3
452 5
597 2
595 4
423 2
421 4
419 1
419 1
419 4
419 2
419 1
419 1
419 2
418 5
478 1
478 0
477 5
640 4
421 3
419 4
419 0
411 3
412 2
411 2
410 3
411 1
411 5
530 2
528 4
411 2
411 4
411 0
407 5
535 5
726 1
725 2
721 2
719 1
719 0
719 0
719 3
585 4
447 2
445 2
442 1
442 5
478 4
424 2
423 2
422 3
422 2
421 4
420 2
419 4
419 3
420 0
414 3
415 0
415 0
415 2
414 3
414 0
414 4
409 2
408 2
407 2
407 1
407 0
407 0
407 3
408 2
408 2
407 4
407 1
407 2
407 5
471 1
470 3
439 0
439 2
438 5
613 2
610 2
607 4
431 0
426 2
425 4
414 5
472 2
470 1
470 3
446 3
443 4
418 2
417 4
414 2
413 2
412 4
412 0
412 2
411 2
410 4
409 1
409 3
411 2
410 0
409 0
409 0
409 0
409 2
409 2
408 2
408 3
410 3
409 5
538 2
536 0
536 2
536 2
536 2
534 2
534 3
481 0
477 5
699 5
974 5
1257 0
1257 5
1534 5
1821 4
475 2
472 2
469 4
461 0
442 4
430 2
430 3
431 2
430 2
429 4
428 2
428 2
427 3
429 4
429 3
432 4
432 2
431 4
431 1
431 1
431 3
431 2
428 0
425 4
421 0
420 0
420 0
420 4
420 3
422 4
422 2
421 0
421 2
420 4
420 1
422 5
465 4
429 3
432 2
431 4
431 4
431 2
429 3
430 5
461 1
461 2
459 2
458 0
455 4
423 1
423 4
423 5
469 0
468 2
466 4
423 3
424 1
424 3
427 2
426 2
425 5
465 4
425 0
422 4
420 2
420 3
424 4
424 1
424 2
423 2
422 0
422 2
421 1
421 4
420 4
420 1
420 1
420 0
420 0
420 2
420 0
420 0
420 2
420 1
420 2
420 4
420 2
420 1
420 1
420 5
463 3
450 5
535 2
533 5
708 3
574 5
787 1
787 2
783 3
681 2
679 1
679 4
456 3
438 3
434 2
433 4
429 0
422 2
421 4
417 5
472 2
470 2
468 2
467 2
467 4
418 2
418 5
471 1
471 0
470 2
470 4
419 4
419 4
419 2
419 4
419 2
419 2
419 0
416 1
416 5
534 0
534 3
479 2
478 2
477 0
475 2
474 2
473 0
473 2
472 4
426 4
420 0
419 2
418 2
418 1
418 0
418 2
417 0
417 1
417 2
416 3
418 0
417 0
417 0
417 0
417 2
417 4
409 2
409 0
409 0
409 1
409 2
409 3
411 1
411 3
411 3
413 5
545 0
545 5
758 0
758 0
758 4
436 3
427 5
480 3
453 2
452 3
444 5
550 2
548 5
758 2
753 3
617 0
617 4
436 2
434 2
432 4
424 2
423 4
423 1
423 1
423 5
481 1
481 -1
716 3
594 4
594 1
595 5
570 4
539 1
539 1
540 5
535 4
508 4
508 1
510 1
510 4
510 1
512 5
512 2
512 4
489 2
489 0
461 1
461 3
447 0
441 5
554 1
553 1
553 2
551 2
549 2
548 3
483 1
483 5
606 5
847 2
840 4
448 0
434 0
434 2
432 5
569 0
569 5
779 1
778 1
778 3
606 3
561 1
561 2
559 5
801 3
708 4
450 1
452 3
435 4
427 3
423 5
468 2
466 0
463 1
464 2
463 2
463 2
461 2
460 5
619 4
427 0
422 4
418 2
417 4
416 1
418 2
418 1
420 5
471 3
445 1
446 4
420 5
467 2
465 0
465 4
416 2
415 5
463 5
613 2
610 3
516 1
517 3
491 0
491 5
740 2
736 3
634 4
440 4
430 4
430 2
428 5
480 4
423 2
422 1
422 2
421 5
473 0
470 1
471 1
472 3
447 2
446 0
444 5
636 5
895 4
452 3
432 1
434 4
431 0
419 1
421 0
420 2
419 0
419 3
421 3
421 4
414 2
413 4
412 1
413 2
412 4
412 0
411 1
413 4
410 2
410 0
409 3
412 0
410 3
410 3
411 3
411 2
410 3
411 2
410 3
410 2
409 4
408 4
408 4
408 0
407 4
406 2
406 3
410 4
410 4
410 5
473 3
449 2
448 4
415 3
416 2
415 0
412 1
415 1
416 4
410 3
413 1
415 1
418 5
461 2
459 5
604 5
820 2
814 2
810 3
620 3
568 1
568 5
802 4
446 5
485 3
465 2
464 2
463 4
420 0
417 5
549 3
491 5
669 2
666 3
593 3
560 4
424 3
420 2
419 3
419 3
417 1
420 3
418 1
420 1
420 3
416 4
410 0
410 1
413 4
413 3
411 4
411 3
412 2
411 2
410 2
410 3
413 1
413 3
412 4
412 4
412 0
412 2
411 3
414 5
554 1
556 5
769 3
627 3
575 1
577 5
860 2
857 4
449 4
442 3
433 0
427 4
422 3
421 1
423 4
421 2
420 2
419 5
472 4
421 3
425 4
425 2
424 2
423 2
421 4
421 0
418 2
417 3
419 4
414 1
416 5
475 3
445 4
416 4
415 5
466 5
633 4
427 1
429 5
460 4
418 3
419 2
418 0
411 1
414 5
530 4
411 4
411 4
411 5
458 4
411 3
414 1
416 5
456 2
454 0
452 0
452 2
450 4
411 3
415 5
460 3
436 4
410 3
410 1
413 0
410 4
407 5
471 4
411 4
411 4
411 3
415 2
414 0
412 4
409 3
412 0
412 0
412 2
411 4
409 4
409 2
409 3
411 1
411 3
414 2
413 2
412 4
412 4
412 3
411 2
410 5
457 3
438 0
436 5
601 3
523 2
522 1
523 1
523 2
522 3
506 3
497 2
496 2
495 2
494 2
493 2
491 1
491 2
490 4
419 5
490 4
416 3
416 4
415 0
411 2
410 1
412 3
410 0
410 3
410 2
409 4
408 4
408 2
408 5
473 1
473 1
474 3
453 5
599 3
538 5
767 4
436 3
422 4
418 4
417 2
416 5
473 4
417 4
416 0
412 2
412 3
410 3
411 5
538 2
536 4
416 4
415 4
415 3
415 2
414 0
411 4
407 2
407 3
411 3
409 2
408 3
411 2
410 0
409 3
410 5
537 0
537 3
485 1
486 3
468 0
465 2
463 4
422 5
500 3
471 2
470 2
468 3
461 0
461 0
461 2
460 3
460 2
459 3
458 5
695 1
694 3
616 2
612 2
609 2
607 3
577 3
571 0
571 3
570 2
568 3
568 3
568 3
568 3
568 2
567 4
434 3
425 2
424 3
424 0
424 3
422 4
414 2
413 3
413 3
412 1
414 2
412 4
410 5
500 4
418 4
417 2
417 4
417 2
416 3
417 1
417 2
416 0
413 3
414 2
413 4
408 2
408 3
408 3
408 4
407 4
407 5
481 0
481 0
481 0
481 4
413 3
414 0
410 5
544 1
543 4
417 5
476 1
477 2
475 0
473 3
445 3
442 5
594 4
425 4
421 5
470 1
471 5
619 4
429 3
423 4
420 2
419 4
419 0
415 0
415 2
414 1
415 2
413 2
412 4
408 2
408 4
408 5
463 5
609 2
604 3
519 3
494 2
492 0
487 3
482 3
481 3
475 2
474 4
422 2
421 5
501 4
420 0
415 2
414 5
562 5
778 0
778 1
779 2
774 0
774 5
1020 5
1276 5
1533 2
1524 1
1522 5
1776 3
1443 4
476 2
470 2
468 5
483 5
593 0
593 0
593 2
590 5
792 5
1034 3
790 2
784 0
780 2
774 4
460 2
459 0
447 2
445 4
431 5
469 0
468 4
429 2
428 4
428 3
429 4
428 4
428 4
428 3
428 5
470 1
470 3
454 4
426 2
425 0
422 2
422 4
420 4
420 1
423 2
422 2
422 4
422 5
464 4
422 5
470 5
600 0
600 5
794 3
607 2
604 2
601 3
554 2
552 4
450 2
449 4
441 3
428 5
487 3
458 4
424 4
422 3
421 5
477 5
631 4
431 5
477 4
425 4
425 4
425 1
425 3
425 0
417 4
413 5
467 2
465 0
465 2
463 3
445 3
440 1
441 4
423 2
422 4
420 0
419 5
556 3
494 0
489 2
487 3
475 1
476 2
475 2
474 4
426 0
423 0
423 2
422 3
424 2
423 4
418 3
415 2
414 3
415 4
413 3
413 5
492 4
417 3
418 4
415 0
411 3
413 0
413 5
569 2
567 3
498 5
710 3
625 2
622 5
953 3
850 2
847 4
467 2
465 2
462 3
440 2
439 3
432 2
431 4
428 3
428 1
428 2
427 2
426 3
426 4
424 3
422 3
424 0
418 4
411 3
412 3
412 2
411 2
411 3
412 0
410 0
410 3
411 3
412 0
412 3
413 5
548 1
548 3
497 0
495 0
495 5
753 5
1048 2
1041 4
456 4
446 3
438 0
422 2
421 3
423 4
419 4
419 5
474 0
474 3
451 5
588 1
589 4
437 0
429 1
430 2
428 2
427 2
426 2
425 4
417 0
415 2
415 5
539 1
539 3
496 0
493 3
484 1
484 0
484 0
484 0
484 4
428 5
494 0
494 1
494 3
466 4
426 1
426 3
420 1
420 3
420 2
419 3
419 2
418 0
414 3
416 5
564 0
564 2
561 0
561 3
502 2
501 3
487 3
481 5
684 3
613 3
588 2
586 1
586 2
584 4
434 2
432 5
523 4
427 5
486 2
484 0
480 5
676 3
564 0
564 4
447 2
444 4
431 0
424 1
424 3
422 1
422 5
572 3
507 3
491 2
490 0
490 5
763 4
442 3
426 2
425 3
424 4
419 0
412 4
408 4
407 1
409 5
471 2
469 2
467 3
445 2
444 3
441 2
440 5
593 4
422 1
422 2
420 0
415 1
417 2
416 3
415 3
414 1
414 3
413 0
413 5
569 4
419 2
418 2
416 2
415 0
407 4
406 4
406 5
471 4
410 3
412 4
411 4
411 1
413 2
412 5
469 4
408 3
409 1
409 4
409 3
411 2
410 0
407 3
409 4
403 2
403 2
404 2
404 4
403 4
403 3
405 3
405 5
474 3
443 4
415 1
415 2
414 2
413 5
467 5
629 0
629 1
629 5
851 2
845 3
665 4
467 3
447 2
445 0
433 2
432 4
424 4
420 2
420 3
419 1
419 3
420 3
420 1
422 4
421 3
420 4
420 1
420 4
420 3
421 2
420 5
472 0
470 3
448 2
447 4
418 2
416 3
415 2
414 5
468 4
414 4
414 0
410 3
411 3
411 1
411 1
411 3
411 3
411 1
411 5
525 2
523 0
523 4
415 5
474 2
472 2
470 2
469 4
417 1
417 2
417 5
462 4
412 5
461 3
441 4
418 0
414 2
414 0
414 2
413 5
537 2
535 4
417 3
412 2
411 3
415 2
414 5
465 1
465 2
463 3
445 3
438 2
437 3
437 5
550 4
419 3
412 5
465 4
414 2
414 2
414 2
415 2
416 2
417 2
417 3
413 4
413 0
407 2
406 4
406 4
406 5
468 4
410 2
410 3
411 3
412 1
412 5
467 1
467 3
444 2
443 1
443 4
412 2
411 1
411 0
408 1
408 3
409 3
410 2
409 2
408 1
408 5
531 4
409 5
466 4
410 3
411 4
411 1
411 2
410 1
410 0
406 3
409 4
405 3
405 2
404 4
404 3
406 2
405 2
404 3
405 4
405 3
406 2
405 4
405 5
464 3
443 5
582 0
582 1
582 3
516 2
515 1
515 5
736 4
429 0
426 2
425 4
415 0
415 2
415 3
416 5
557 0
557 5
768 0
768 0
768 0
768 4
431 4
426 3
424 3
425 4
424 1
424 1
424 2
423 4
423 3
422 2
421 0
414 3
415 0
414 4
408 4
408 4
408 4
408 4
408 4
408 0
408 4
408 3
410 2
409 0
409 5
532 3
475 1
475 5
626 1
626 5
895 2
890 4
446 2
444 2
443 3
435 0
424 4
415 4
413 3
413 3
415 5
468 2
466 2
464 3
446 2
444 3
442 2
441 4
421 3
417 1
417 4
415 3
416 0
414 5
540 3
489 0
487 5
716 2
712 0
712 3
617 2
614 4
442 4
430 5
475 3
451 3
448 5
589 0
589 2
587 2
585 3
528 3
511 1
511 5
766 2
763 4
438 0
433 4
418 5
480 5
644 3
545 1
545 2
543 4
446 3
430 4
423 4
423 3
422 2
421 4
419 4
419 0
412 5
536 2
535 2
533 5
720 3
573 2
569 3
531 2
529 4
431 5
481 3
457 3
450 0
448 3
448 5
658 2
655 3
569 1
569 4
440 4
430 2
428 2
425 4
423 5
483 3
458 0
457 4
421 2
420 1
420 4
413 4
413 5
483 4
419 3
419 2
417 2
416 2
415 5
474 4
416 4
415 0
408 3
410 3
412 2
411 3
411 5
537 2
535 5
741 2
736 4
433 4
431 3
430 0
422 2
421 3
419 1
419 3
418 5
532 2
530 0
530 0
530 4
418 3
413 0
411 0
411 2
410 3
411 4
408 2
408 4
408 2
408 3
410 2
409 3
412 4
412 2
411 1
411 0
410 0
410 4
407 1
407 0
407 4
407 2
407 4
407 0
407 4
407 5
459 1
459 0
459 2
459 2
459 1
459 2
458 3
441 2
440 0
436 3
430 5
591 5
821 3
671 2
667 3
605 3
582 0
582 3
579 2
577 1
577 2
575 2
573 4
439 2
436 4
422 3
417 1
417 1
417 1
417 2
416 3
417 4
413 0
412 4
411 3
409 2
408 1
408 0
408 1
408 4
402 5
479 5
658 2
655 5
888 4
430 2
428 2
427 1
427 5
476 2
474 0
470 2
468 0
468 2
468 0
468 3
446 2
445 3
439 4
412 3
408 2
407 5
473 5
640 0
640 4
422 2
421 2
420 2
419 2
418 4
418 0
411 3
413 3
409 0
409 0
408 1
408 2
407 4
404 0
404 3
406 0
406 0
406 5
550 4
413 3
415 2
414 4
413 3
414 3
415 3
416 1
416 2
415 1
415 0
408 0
408 3
409 1
409 4
405 2
404 3
408 1
408 2
407 1
407 3
406 4
406 2
405 1
405 1
405 2
404 4
404 2
403 0
403 2
403 0
403 1
403 3
406 1
406 0
406 4
403 2
403 3
404 0
404 0
404 2
404 4
403 5
470 5
628 5
840 4
439 0
421 0
421 3
420 3
420 4
412 5
465 4
415 5
465 2
463 5
590 2
587 2
584 2
581 0
581 2
577 2
575 4
430 4
428 4
428 4
428 5
468 2
468 3
440 5
541 3
494 2
492 0
489 3
480 0
480 3
476 3
475 5
718 2
715 5
1027 1
1026 0
1026 5
1350 3
1169 2
1163 4
448 2
447 2
445 0
435 5
595 0
595 5
815 5
1069 1
1069 5
1336 5
1593 3
1315 3
1158 2
1151 5
1537 2
1529 2
1520 4
474 5
489 3
467 5
580 5
789 1
789 2
785 3
639 2
636 0
634 0
634 2
631 2
628 3
590 0
590 3
583 3
579 4
445 5
518 3
484 5
693 0
693 2
689 3
614 2
611 0
611 4
452 1
452 0
446 1
446 2
444 4
425 4
421 2
420 4
420 1
420 2
420 5
495 2
493 1
493 2
491 4
430 0
423 3
424 5
562 0
562 4
427 0
420 4
418 0
418 2
417 4
417 2
416 1
416 2
415 4
415 2
415 0
414 5
547 1
547 1
547 2
546 5
747 2
743 3
595 0
593 1
593 4
439 3
428 2
427 3
429 0
418 3
419 2
418 5
552 3
497 2
496 5
698 4
429 2
428 0
423 4
409 5
481 3
450 0
450 3
449 2
448 3
447 4
416 4
410 0
409 1
409 2
409 1
409 4
406 0
406 4
406 1
406 3
407 4
406 0
406 3
409 4
405 5
483 3
448 4
415 5
475 3
444 1
444 0
442 3
439 2
438 4
411 2
410 2
409 2
408 0
408 4
405 2
404 2
404 5
482 5
664 4
428 5
476 5
614 2
611 1
611 0
611 2
610 0
610 4
418 5
462 2
462 1
462 2
461 1
461 0
460 0
460 2
460 2
460 1
460 4
417 2
417 1
417 3
419 1
419 0
413 2
412 2
411 3
416 2
415 0
414 1
414 2
413 0
413 4
407 1
407 2
407 4
407 0
406 2
406 4
406 2
406 3
409 1
409 4
409 3
407 2
407 1
407 5
474 0
473 4
408 0
407 2
407 4
406 2
406 0
406 5
530 1
530 2
529 5
712 5
943 3
733 2
727 2
723 0
722 1
722 2
718 4
455 5
470 2
468 4
424 5
470 2
468 0
467 4
415 3
416 2
415 4
415 4
415 3
417 0
413 2
413 5
532 5
713 2
709 2
704 2
701 1
698 4
429 5
468 3
447 1
447 2
446 2
445 4
424 2
423 4
423 3
418 5
466 5
599 2
596 1
594 0
594 2
591 4
425 2
424 1
424 5
464 5
581 5
772 2
766 4
438 3
435 5
458 2
456 3
444 2
443 2
442 5
526 3
485 1
485 0
484 3
480 5
711 4
439 4
424 3
418 3
417 4
417 4
417 0
412 1
412 0
412 0
412 3
413 2
412 3
411 4
408 2
408 2
408 4
408 0
408 5
536 3
475 0
473 4
428 3
418 4
410 0
409 5
543 2
541 3
479 2
477 0
476 0
476 3
473 0
473 2
472 2
471 2
470 2
469 3
466 2
465 1
465 0
465 4
431 2
430 4
412 2
412 5
487 0
485 1
485 3
459 2
457 5
616 1
615 2
612 4
422 0
416 3
418 0
417 1
417 0
417 2
416 2
416 4
411 3
412 0
411 5
542 2
540 3
482 3
468 3
464 1
464 2
463 3
462 3
459 3
457 4
419 2
418 0
418 1
418 1
418 0
418 1
418 4
412 1
412 0
412 3
414 0
414 2
413 2
412 1
412 2
412 1
412 3
416 3
414 4
413 0
413 5
573 2
570 2
568 4
421 3
417 4
416 3
415 3
413 0
410 5
539 4
416 0
411 2
411 4
407 3
409 4
409 0
408 0
408 3
410 0
410 4
406 4
405 4
405 5
471 0
471 4
410 3
411 2
411 2
410 3
412 2
411 2
411 4
411 2
411 5
470 3
440 4
414 0
413 0
413 5
548 2
545 2
543 1
541 2
540 2
539 4
425 3
418 2
417 5
471 3
443 3
440 3
438 4
413 5
471 0
471 3
443 3
440 5
585 4
421 2
420 4
419 5
473 2
473 2
471 0
469 1
469 0
469 0
469 3
448 4
421 4
420 1
420 2
419 1
419 3
414 2
413 5
477 0
477 0
477 3
451 0
451 4
417 0
417 4
413 5
488 3
455 0
454 2
453 0
453 5
663 4
437 5
477 4
421 3
420 1
420 4
417 1
417 2
417 3
420 2
419 2
418 1
418 4
418 3
420 3
418 3
420 5
468 2
466 0
464 3
450 2
449 2
448 3
442 2
441 3
440 4
417 2
416 4
415 5
468 3
446 2
444 2
443 2
442 1
442 3
438 4
413 0
413 2
412 5
551 1
551 3
490 3
476 0
474 2
473 1
473 2
472 0
472 4
427 2
426 5
498 5
689 2
686 4
437 5
484 0
479 2
477 4
424 5
474 3
453 1
452 2
450 2
449 0
446 5
637 4
430 2
428 3
422 1
422 3
422 3
423 0
420 2
420 3
420 0
420 1
420 2
419 2
418 4
415 1
415 1
415 1
415 3
413 4
411 3
411 2
411 2
410 0
409 3
412 3
412 0
412 0
412 1
412 0
412 2
411 4
408 5
481 5
658 5
879 3
689 2
686 2
684 2
681 4
447 3
437 2
435 0
422 3
422 0
422 3
424 4
417 2
416 2
415 0
415 2
415 4
411 1
411 0
411 1
411 0
411 1
411 2
411 3
412 4
412 4
412 3
413 3
415 3
414 4
413 4
413 0
412 0
412 3
413 4
409 0
409 2
409 0
409 2
409 2
409 4
409 3
410 2
410 1
410 4
410 2
410 3
411 0
411 2
410 3
412 5
545 3
494 2
492 0
489 0
489 0
489 3
485 2
484 1
484 5
729 4
433 4
420 5
472 4
417 3
417 2
416 3
416 2
416 0
410 2
410 4
410 2
410 0
410 1
410 2
410 2
410 2
410 0
410 1
410 5
537 1
537 1
537 2
536 4
419 2
419 0
415 4
414 5
470 0
470 3
447 0
446 3
442 3
442 2
441 0
440 0
440 2
439 4
420 2
419 4
414 2
413 0
413 4
412 5
477 1
477 5
648 0
648 0
648 4
432 5
472 2
470 4
420 0
413 2
413 3
414 3
415 4
413 3
414 3
411 2
411 2
411 4
410 1
410 3
410 2
410 2
410 3
413 3
417 0
415 3
416 1
416 2
415 -1
716 1
716 0
607 3
573 0
568 0
568 5
833 4
467 0
453 1
454 5
593 2
591 2
589 0
589 1
589 0
589 5
818 5
1077 4
457 5
484 3
460 1
461 2
460 0
454 4
432 3
422 3
424 0
421 4
418 3
419 5
475 0
475 0
475 5
638 0
638 0
638 0
638 3
535 2
533 4
440 4
431 5
477 2
475 4
421 2
421 2
420 1
422 2
420 1
422 3
422 4
422 4
422 0
417 3
418 5
533 1
532 3
481 2
479 5
628 4
436 0
429 5
566 4
435 3
433 4
432 1
435 2
432 2
429 5
463 4
424 2
423 0
413 4
413 2
413 4
413 3
415 5
461 0
461 1
462 0
461 1
461 2
460 2
459 3
438 4
421 2
420 0
415 2
415 4
412 1
414 0
411 5
532 4
419 2
418 1
420 4
418 4
418 2
418 2
418 1
420 0
413 0
413 2
413 4
410 0
410 5
520 4
419 4
419 4
419 1
421 1
425 5
465 2
464 5
590 4
426 2
427 4
427 2
428 2
428 5
470 4
425 0
422 1
423 4
418 2
419 1
419 3
422 2
421 4
421 0
416 3
418 2
417 0
417 4
411 3
415 0
415 4
410 5
469 0
469 4
414 3
414 3
416 2
415 4
415 3
417 2
416 4
416 3
417 0
415 3
418 4
414 0
414 1
417 3
418 4
411 0
411 4
410 4
410 2
411 2
411 2
411 3
415 4
415 0
414 0
414 0
414 4
410 4
410 4
410 1
412 4
411 0
410 4
410 1
412 4
411 1
415 3
415 1
415 4
415 1
417 2
416 4
415 0
412 5
522 0
522 3
468 0
464 1
464 1
465 3
462 3
460 0
460 4
427 1
427 2
426 3
422 0
420 4
416 5
497 1
497 1
497 4
423 4
419 4
419 0
411 0
411 2
411 0
411 2
411 0
411 1
411 5
542 3
480 4
428 5
482 0
480 2
478 4
419 2
418 1
420 5
471 2
470 5
625 0
625 0
625 3
526 3
495 5
690 3
610 2
608 0
608 3
594 0
593 3
592 3
590 0
590 3
590 1
591 0
591 0
591 4
436 3
423 4
414 4
414 3
415 0
412 1
412 2
411 3
412 3
412 5
565 2
563 1
562 2
560 1
560 3
506 2
504 4
436 0
428 0
428 3
426 4
411 5
491 1
492 2
490 4
419 1
421 0
419 0
419 1
420 4
411 2
411 4
410 3
411 3
413 4
412 0
412 0
412 2
411 1
411 0
411 0
411 2
410 3
412 4
407 0
407 4
406 0
406 4
406 4
406 1
406 0
406 0
406 2
406 0
406 1
406 0
406 0
406 5
545 3
487 5
668 3
589 4
434 5
493 3
470 1
472 3
463 1
463 5
655 4
435 2
432 4
428 3
421 4
419 3
419 5
467 3
447 4
418 4
418 4
418 4
418 2
417 0
412 1
413 5
541 1
541 1
541 0
541 1
541 2
539 1
541 3
479 0
477 5
705 0
705 3
613 2
611 3
585 0
585 4
434 0
430 4
415 4
410 0
410 4
409 5
481 1
482 4
420 4
416 4
416 2
415 0
410 1
411 4
409 5
466 4
416 0
410 4
409 3
413 3
412 2
411 2
410 4
410 2
409 3
410 4
410 3
410 1
412 1
414 1
414 3
412 1
412 1
412 2
411 3
412 4
411 4
411 3
410 1
415 4
414 3
411 4
411 0
407 1
408 1
409 1
410 5
536 5
723 3
582 2
579 3
545 4
440 3
428 4
421 2
420 3
420 3
422 4
421 3
422 3
420 1
423 4
421 0
415 4
410 0
410 3
416 1
417 2
416 0
414 1
414 2
413 4
409 3
412 5
484 0
484 4
412 4
408 3
411 2
410 5
470 2
468 5
606 0
606 4
418 2
417 1
417 3
418 5
467 3
445 5
570 5
786 5
1052 1
1051 4
441 2
439 3
429 5
465 4
422 2
421 3
424 4
424 4
424 5
463 2
461 0
459 1
459 4
415 4
415 4
415 1
415 3
416 3
418 1
418 4
418 4
418 2
417 4
417 0
414 2
413 2
412 5
527 0
527 4
417 3
419 2
417 2
417 0
414 3
416 4
413 1
413 3
413 4
413 2
412 4
412 1
412 2
411 3
413 2
412 2
411 1
411 2
411 5
459 2
460 3
441 3
432 4
419 2
418 4
416 0
415 0
415 4
413 2
412 3
415 5
468 3
450 4
414 4
413 1
413 2
413 1
413 4
413 4
413 5
462 4
418 4
418 1
418 0
415 4
413 5
471 0
471 2
471 5
627 1
626 0
626 4
428 2
427 0
418 2
418 4
411 3
413 3
413 0
413 3
415 2
414 3
413 4
410 0
410 2
409 4
409 5
464 3
443 4
424 1
424 2
423 2
422 0
417 2
417 4
411 1
411 2
410 3
412 2
411 4
411 2
411 2
411 3
412 2
411 1
411 4
411 3
414 2
413 2
412 5
464 3
440 1
441 4
421 5
462 2
460 1
460 5
611 4
419 2
418 5
466 4
413 2
413 3
414 4
414 1
414 3
414 0
413 2
413 4
409 2
408 2
408 0
408 5
518 5
691 3
549 3
511 3
501 3
495 1
495 0
494 3
493 0
493 4
431 4
419 4
419 0
419 2
419 4
415 0
415 3
418 0
418 4
414 3
414 0
413 2
412 3
413 4
413 3
413 3
412 2
412 0
412 1
413 2
413 0
413 4
411 0
411 5
554 0
554 4
418 2
417 4
416 4
416 4
416 4
416 1
416 4
416 2
416 2
416 3
418 5
477 3
449 0
449 4
413 2
412 1
414 5
485 3
455 4
414 1
414 2
413 2
412 3
413 0
407 5
553 0
553 3
493 2
492 2
491 3
480 1
481 1
481 0
476 3
472 0
472 3
471 1
472 3
470 4
428 3
421 3
421 5
519 4
419 0
415 1
415 0
415 5
566 1
566 4
416 1
416 2
415 3
412 4
409 1
409 5
469 2
468 0
466 3
442 0
441 2
440 0
440 2
439 1
440 2
439 0
439 2
439 3
437 3
435 4
412 1
412 2
411 4
409 3
408 0
407 0
407 4
406 2
406 5
484 5
664 0
664 0
664 3
549 0
548 0
548 3
524 0
524 2
523 1
523 0
523 0
523 3
520 5
811 2
807 2
804 0
804 4
446 1
446 4
428 5
486 4
420 5
477 2
475 0
473 5
641 5
867 0
867 3
692 5
956 5
1294 3
1121 2
1110 2
1103 3
992 1
992 0
992 2
987 3
940 2
937 1
937 2
934 4
466 2
463 4
449 2
446 4
446 3
429 5
477 2
475 3
453 2
452 3
441 2
440 2
439 1
439 1
439 0
438 5
633 3
558 2
556 3
527 4
421 2
420 0
418 2
417 1
418 3
418 2
417 4
410 0
410 3
410 2
410 4
407 3
409 2
409 4
406 4
406 0
406 4
404 3
406 3
405 2
404 2
403 5
490 0
490 3
453 4
413 2
412 5
490 5
686 2
680 2
677 4
431 0
418 4
410 3
412 2
411 2
410 3
411 2
411 0
410 2
409 2
409 0
409 0
409 0
409 5
552 3
490 2
488 0
484 2
482 0
482 2
481 4
428 0
421 2
420 3
420 2
419 2
418 5
583 4
423 5
482 2
480 5
657 0
657 3
544 0
544 0
544 0
544 5
833 4
444 1
444 3
430 1
430 3
429 5
480 5
653 3
548 5
771 4
440 2
439 2
438 2
436 3
432 0
421 5
568 0
568 3
497 5
697 2
694 5
992 4
455 0
437 5
592 3
519 4
425 3
419 0
417 4
411 4
410 2
410 3
409 2
409 2
409 1
409 5
477 4
415 3
415 1
415 2
414 2
413 4
413 3
413 3
415 3
413 5
461 3
437 2
436 0
434 4
410 2
409 3
409 2
409 0
409 3
411 3
409 4
407 2
407 2
407 0
407 4
407 0
407 3
409 2
408 3
410 4
408 2
407 2
406 3
406 3
407 5
472 3
448 4
415 2
414 2
413 3
416 3
411 2
410 3
412 3
412 1
412 3
410 3
410 2
409 5
470 0
470 3
445 0
444 2
443 1
443 3
438 5
622 3
539 3
518 0
517 2
516 1
516 3
512 2
511 3
511 4
423 2
422 1
422 3
416 1
416 3
415 4
408 3
408 4
408 2
408 2
407 2
406 0
406 5
573 0
573 3
505 4
422 0
413 0
413 5
579 4
426 1
426 5
473 2
471 0
469 3
449 2
448 1
448 4
420 5
475 4
415 5
469 5
643 2
641 3
529 5
749 2
746 4
429 2
428 3
423 2
422 0
415 4
410 2
409 3
409 4
408 3
408 5
471 5
631 4
425 2
424 4
422 0
413 2
413 0
413 5
531 4
416 2
415 3
421 4
421 3
417 0
413 4
410 2
410 4
410 1
410 5
461 0
461 2
461 1
461 5
613 2
608 0
608 2
606 1
604 2
603 5
806 2
803 0
803 5
1026 3
746 2
742 2
736 3
645 2
642 2
639 0
636 0
636 2
634 3
599 4
450 4
435 0
427 2
426 0
426 5
583 0
583 5
812 2
806 5
1051 1
1049 5
1298 0
1298 4
472 1
473 5
487 2
485 1
485 0
477 5
619 4
445 4
443 2
442 3
439 2
439 4
439 1
439 0
433 2
432 3
429 3
428 5
533 4
420 5
464 0
461 2
459 2
457 4
413 2
413 0
409 0
409 2
409 2
409 3
413 0
413 4
409 1
409 0
409 1
409 0
409 4
409 1
409 2
409 4
409 0
409 4
409 4
409 5
469 4
411 3
414 3
413 5
471 1
471 0
470 3
444 2
442 5
563 0
563 0
563 3
503 4
427 2
426 1
426 2
425 3
419 0
417 4
415 2
414 4
411 3
412 5
472 3
454 0
452 3
449 3
446 5
617 5
881 5
1161 2
1154 5
1438 3
1215 4
457 5
475 4
431 5
467 5
576 0
576 2
571 5
758 0
758 2
753 0
753 2
749 3
573 4
452 3
439 0
432 2
431 0
431 2
429 5
564 3
494 2
493 3
474 3
469 4
427 4
422 3
421 2
421 2
420 2
420 5
482 4
428 3
427 0
422 2
421 5
556 4
427 2
425 2
424 2
423 1
423 2
422 4
421 4
421 4
421 1
421 5
468 3
448 4
423 3
427 2
426 5
466 2
464 1
464 2
462 2
460 0
459 0
459 1
459 3
444 3
440 4
420 4
418 0
416 2
416 3
419 2
418 5
549 2
547 3
491 0
488 2
486 2
484 1
484 1
484 2
482 0
482 4
427 5
483 4
419 1
419 3
417 1
417 0
415 4
414 2
413 0
413 4
413 4
413 4
413 2
413 2
413 4
413 3
415 5
465 5
617 3
527 4
439 3
431 4
426 2
425 3
424 0
420 4
414 4
414 4
414 5
458 3
438 4
421 2
420 3
419 1
419 2
418 4
417 4
417 5
458 2
456 3
442 0
440 2
439 3
433 0
432 0
432 4
414 5
474 2
472 4
414 0
411 2
411 2
411 4
409 4
409 3
412 4
412 2
411 0
411 1
411 0
411 2
410 3
412 2
411 2
410 3
413 1
413 2
412 5
531 3
484 3
474 3
468 2
467 5
623 4
436 2
434 3
430 4
423 0
414 0
414 3
414 2
413 0
413 2
412 0
412 4
407 3
412 3
410 3
410 2
409 0
409 4
407 1
407 2
407 4
407 3
411 4
411 2
410 5
479 5
647 3
546 1
546 3
511 5
727 3
637 0
637 1
637 0
637 2
635 3
616 5
977 4
451 0
442 3
440 2
439 4
425 3
419 2
418 5
494 2
492 5
686 5
921 1
921 2
915 1
915 2
909 5
1157 3
929 2
924 4
472 4
461 3
435 1
435 3
432 0
421 0
421 4
413 1
413 5
464 2
462 3
439 4
418 0
416 2
415 0
415 4
410 2
410 0
410 3
410 2
410 4
410 3
412 2
412 4
412 2
411 5
468 4
413 4
412 2
412 2
412 2
412 0
411 2
411 0
411 0
411 1
411 3
413 2
412 1
412 0
412 2
411 5
522 1
522 3
475 1
475 5
623 5
880 1
880 0
880 0
880 0
880 3
728 1
728 4
447 4
436 0
426 3
425 4
418 4
417 4
417 2
416 4
416 0
416 3
419 5
551 2
549 0
549 2
546 2
544 0
544 2
542 5
750 3
596 2
593 3
545 0
543 0
543 1
543 2
541 5
851 4
445 1
445 3
433 3
433 3
429 2
428 3
431 4
423 4
423 5
469 2
467 2
465 5
609 5
815 5
1042 2
1035 2
1029 5
1271 5
1516 0
1516 3
1175 3
998 3
903 3
852 4
465 0
448 0
448 0
448 2
447 0
447 0
447 4
429 0
426 3
428 0
428 2
427 1
427 4
421 5
491 2
489 4
419 2
418 2
417 1
417 2
416 2
416 2
416 5
475 4
417 4
417 4
417 4
417 3
418 4
418 4
417 0
415 2
415 1
415 0
415 3
414 5
538 0
538 5
734 2
729 0
729 3
579 4
432 0
428 4
414 3
415 3
416 3
416 2
415 1
415 5
480 3
452 4
415 3
414 4
412 1
412 0
409 2
408 2
407 3
411 3
409 3
409 0
409 3
410 0
410 4
405 3
406 2
405 5
473 4
408 3
410 5
465 3
445 3
437 2
436 4
410 0
408 2
408 4
406 3
408 4
408 0
407 2
406 0
406 3
408 2
407 2
406 0
406 3
407 2
406 2
406 2
405 4
403 0
403 3
407 2
406 4
405 2
404 5
471 1
471 5
635 3
519 3
485 1
485 0
483 3
480 2
479 4
424 0
424 5
585 5
836 4
444 0
429 0
429 1
429 0
429 4
418 1
418 2
417 0
417 4
415 3
415 2
414 5
486 4
416 4
415 2
414 3
418 3
416 5
472 1
472 4
413 1
413 3
415 5
467 1
467 2
465 2
463 5
605 5
816 1
814 5
1042 0
1042 4
459 4
454 1
454 2
449 4
449 3
444 1
444 5
465 3
441 2
440 4
422 5
461 5
578 1
578 1
578 2
575 3
498 1
498 4
439 3
430 0
424 3
423 3
420 5
540 4
428 3
423 0
414 0
414 4
412 3
414 4
413 2
412 5
462 0
462 2
460 5
618 1
617 5
830 2
825 1
821 0
820 4
433 2
432 3
427 2
426 4
426 4
426 3
426 2
425 2
424 3
425 5
466 3
445 0
443 5
597 4
424 2
424 3
423 2
423 0
416 4
414 2
414 0
414 1
414 2
414 4
414 5
472 5
615 2
612 3
518 0
512 0
512 3
501 2
500 4
431 0
429 5
582 1
581 3
522 4
436 1
436 1
436 5
482 2
480 3
453 3
449 0
447 4
417 0
416 4
412 0
412 2
412 2
412 1
412 1
412 2
412 3
414 4
412 1
412 1
412 2
411 1
411 4
410 4
410 3
409 5
477 1
477 0
477 4
414 1
414 2
413 3
414 3
412 5
477 3
444 3
441 2
440 4
414 3
411 4
410 4
410 2
410 4
410 2
410 3
411 5
469 0
469 2
467 4
414 1
414 5
465 0
464 0
464 3
438 3
435 5
570 3
510 0
509 2
507 5
779 4
439 3
425 4
418 5
464 0
461 5
621 5
834 5
1062 4
454 0
431 2
430 4
420 4
419 0
416 5
526 0
526 3
478 2
476 3
464 5
586 0
586 4
431 1
431 0
426 5
583 5
811 1
811 0
811 3
648 4
438 1
438 4
431 3
423 4
422 1
422 1
422 1
422 3
420 4
418 3
419 5
469 0
465 4
413 4
412 2
412 4
412 4
412 2
412 5
467 3
443 1
443 3
439 4
419 3
420 4
417 0
415 4
412 5
461 4
415 2
415 5
461 4
415 5
460 4
415 0
413 5
532 5
726 3
588 3
542 1
542 3
520 3
505 0
503 2
501 1
501 3
499 2
498 1
498 5
773 2
770 0
770 4
447 3
435 0
427 1
427 3
428 0
428 3
428 3
428 5
593 1
593 0
593 1
593 4
431 4
424 0
417 4
411 0
411 2
411 4
411 2
410 4
410 4
410 0
410 2
410 0
410 0
410 4
410 4
410 2
410 1
410 3
414 0
413 1
413 3
414 0
414 1
414 2
413 2
413 5
563 3
493 4
423 3
417 5
484 3
461 4
425 1
425 1
425 3
417 4
417 3
416 5
471 4
417 5
463 5
609 0
609 4
421 4
418 3
419 4
418 4
418 5
463 3
442 3
438 5
552 4
420 4
416 4
416 4
416 3
412 4
412 2
411 3
413 4
413 5
465 0
463 2
461 0
461 2
460 2
458 3
435 3
431 2
430 5
552 1
552 5
766 4
439 3
433 2
432 3
429 2
427 2
426 2
426 1
426 4
424 4
424 2
424 5
458 4
424 3
428 4
428 0
421 4
414 4
414 5
466 1
466 5
596 1
596 2
593 3
498 0
495 4
434 2
433 2
431 0
427 2
426 4
415 4
412 4
412 2
411 2
411 2
410 3
410 5
481 4
413 5
477 1
477 4
412 4
412 0
408 4
408 3
409 3
409 1
409 4
409 3
412 0
412 0
412 4
407 0
407 3
412 4
409 2
408 2
408 2
408 4
408 3
409 0
409 4
407 5
474 0
474 3
443 0
443 4
415 0
413 0
413 5
555 4
417 5
486 4
413 3
415 2
414 2
414 0
411 2
410 5
538 4
418 1
418 1
418 3
417 0
414 2
413 1
413 4
412 0
410 2
410 2
410 4
410 0
410 3
412 3
411 1
411 3
412 4
408 3
407 5
470 3
444 3
439 5
581 2
579 2
577 2
575 2
573 0
573 3
522 4
431 1
431 5
493 2
491 2
489 0
486 3
461 2
459 3
456 4
419 0
418 0
418 2
417 0
417 5
567 3
501 1
501 4
429 1
429 4
426 2
425 0
421 3
425 3
424 4
415 5
491 3
464 3
457 0
456 5
682 -1
716 0
607 1
608 3
572 4
456 2
452 2
451 5
474 1
473 2
471 3
463 4
432 3
429 1
431 0
426 0
426 4
417 5
467 3
448 4
423 5
465 3
447 5
556 3
508 2
506 0
502 0
502 3
500 0
499 2
497 4
433 0
432 1
432 3
432 3
431 0
431 4
416 5
497 5
699 3
579 5
835 5
1172 3
1020 2
1016 5
1430 3
1313 3
1235 3
1190 1
1190 4
472 0
453 3
451 5
633 5
899 3
749 5
1091 3
980 3
911 3
883 1
883 3
865 2
863 4
451 1
453 0
447 3
445 4
426 4
423 1
423 5
491 0
491 0
491 5
704 3
591 5
847 2
842 0
842 5
1174 1
1174 0
1174 3
1006 1
1007 5
1434 5
1903 4
456 3
442 2
441 2
440 5
475 1
475 1
475 3
454 0
449 4
427 5
486 4
421 1
421 5
466 1
467 4
419 1
419 2
418 0
415 2
415 2
415 5
539 0
539 2
537 3
487 2
486 2
485 1
486 4
427 4
426 3
421 0
416 4
411 0
411 4
411 5
472 3
448 0
448 0
448 3
444 1
445 3
443 2
442 3
442 2
441 0
441 3
441 3
440 0
440 5
659 5
937 0
937 3
795 5
1113 1
1113 4
462 4
448 4
448 2
445 3
435 3
433 2
432 2
431 4
430 5
459 0
454 2
452 0
452 4
416 1
416 2
415 4
415 0
413 5
531 2
530 2
529 1
528 5
710 4
433 1
437 2
435 1
435 3
428 2
427 3
429 4
427 4
427 1
430 0
420 3
419 3
420 5
523 4
417 2
416 5
466 0
465 5
609 2
606 3
503 0
498 3
488 3
482 3
478 3
473 1
475 2
474 3
470 3
464 1
466 2
465 3
461 3
460 3
460 5
658 3
583 2
581 0
581 3
571 1
571 3
569 0
569 0
569 4
433 4
421 2
420 2
419 2
418 3
418 3
419 5
491 4
424 5
475 3
453 2
452 2
451 2
450 3
444 4
413 1
413 3
412 4
411 2
410 0
410 3
412 3
413 3
411 2
410 3
414 0
412 2
411 2
410 5
570 1
570 2
568 4
422 3
417 5
474 0
473 5
642 5
866 3
668 2
665 1
665 0
664 0
664 5
965 2
960 3
812 1
814 3
758 3
732 3
712 0
711 2
709 2
707 4
440 3
426 2
425 3
424 0
422 1
423 3
421 3
421 1
423 3
422 2
422 2
421 1
423 0
421 5
584 4
428 2
427 2
426 0
418 0
418 2
418 3
421 3
421 0
421 4
413 0
412 1
414 1
414 5
568 3
512 1
512 4
425 2
424 4
420 4
420 0
415 4
411 5
481 5
664 3
551 2
548 2
545 3
506 3
501 2
500 2
499 5
732 3
647 4
430 4
422 1
424 3
420 3
422 3
419 0
416 3
417 2
417 2
416 5
567 1
567 5
797 3
643 3
590 3
574 4
440 0
435 4
425 1
427 0
425 2
424 1
425 2
424 2
424 5
575 5
809 3
659 3
608 0
607 3
596 3
583 4
440 0
438 2
437 1
437 5
621 3
550 4
431 0
428 4
421 4
416 1
416 5
485 3
452 2
451 3
448 4
417 3
417 3
415 4
415 2
414 0
413 5
565 3
504 3
487 4
421 2
420 2
419 3
418 5
504 5
714 2
711 0
711 1
709 1
710 2
707 0
707 3
591 4
441 2
439 4
431 1
431 2
430 3
425 5
467 2
465 2
463 3
450 0
446 5
629 2
625 4
427 0
420 1
420 3
418 4
407 3
405 5
473 0
473 4
410 2
409 3
410 3
407 5
464 2
462 3
442 2
440 5
567 1
567 2
565 5
786 1
785 4
431 4
429 2
428 2
427 3
420 3
425 1
425 2
424 3
423 0
415 5
538 4
413 4
413 0
411 1
412 2
411 0
411 2
410 2
410 4
406 2
406 3
410 4
410 3
410 2
410 3
407 3
409 2
408 3
410 2
409 1
412 3
407 2
407 3
410 3
412 5
466 0
466 0
466 2
464 0
464 0
464 3
446 0
441 2
440 5
615 2
612 1
610 3
530 1
530 4
436 4
430 4
430 4
430 2
429 0
426 3
426 3
425 2
424 4
415 0
414 1
415 5
547 0
547 1
546 0
546 3
489 3
470 5
645 4
430 5
482 0
479 3
456 5
643 3
561 3
543 0
543 3
539 3
537 2
536 4
434 1
434 2
433 3
423 2
422 4
411 5
485 1
485 4
419 3
418 2
417 1
419 3
420 2
419 2
418 1
418 3
417 0
411 0
411 2
410 3
411 3
410 3
411 1
413 2
412 4
406 2
406 3
406 3
406 0
406 4
402 0
402 1
402 3
407 0
407 3
407 3
407 4
403 5
485 4
408 2
407 0
405 5
541 3
486 3
463 1
465 4
416 3
413 0
413 1
413 2
413 4
406 0
406 2
405 0
405 0
405 4
404 5
479 3
448 5
611 1
612 2
610 3
544 1
545 0
543 0
543 3
532 4
422 2
421 3
416 3
418 3
417 4
408 3
407 5
487 0
486 1
486 4
411 4
409 2
409 1
409 5
471 4
410 2
410 1
410 3
413 3
411 3
410 3
411 2
410 3
412 2
411 2
411 2
411 2
410 0
405 5
545 2
544 0
544 3
484 2
482 4
426 3
419 4
416 3
416 3
415 1
415 3
417 4
417 0
411 3
413 0
413 2
412 3
412 1
412 0
412 1
412 3
414 4
409 0
409 4
407 5
478 4
411 3
410 2
409 3
409 4
409 4
409 4
409 3
410 1
410 1
410 1
412 5
461 1
461 5
616 0
616 2
613 4
417 0
411 5
549 1
549 1
549 2
547 3
483 3
465 2
463 2
462 2
461 4
415 5
479 2
477 0
477 2
475 0
475 4
415 3
415 2
414 1
414 3
415 5
474 2
472 2
470 2
469 3
447 3
436 5
580 0
580 2
578 0
578 1
577 0
577 4
421 0
415 1
415 0
415 5
565 2
563 2
561 3
497 0
495 3
481 2
480 1
481 4
426 3
422 4
412 0
411 0
411 0
411 2
410 4
408 2
407 1
407 4
407 2
407 3
409 3
406 3
407 2
406 4
406 3
407 5
480 2
478 5
663 1
663 3
543 4
430 3
425 0
422 3
422 3
420 5
544 4
424 4
420 3
422 3
417 1
417 3
415 2
414 3
415 1
415 3
416 3
413 0
408 3
409 0
409 1
409 0
409 5
549 0
549 0
549 3
488 5
651 3
580 1
583 1
583 1
583 3
556 3
550 0
549 3
547 5
909 0
909 3
813 1
813 1
813 2
810 4
447 2
446 3
437 4
425 2
424 5
487 2
485 2
483 3
458 3
454 0
454 1
455 3
454 0
454 4
426 4
422 4
422 3
419 4
417 3
415 0
414 4
410 2
409 0
409 5
553 3
499 2
497 4
418 4
416 2
415 3
412 4
412 3
411 2
410 3
412 2
411 3
413 3
409 2
409 3
411 3
410 4
410 2
409 5
471 2
469 3
447 2
446 3
442 3
441 3
440 1
442 2
440 3
441 4
419 2
418 0
417 4
408 1
408 3
409 0
409 2
409 0
409 2
409 3
411 5
553 2
551 2
549 5
768 3
617 2
615 2
614 2
613 3
568 3
554 1
555 3
541 2
540 4
431 2
429 4
419 4
419 3
415 0
411 1
411 2
410 2
410 3
410 5
563 0
563 2
563 0
563 2
561 2
559 0
559 1
559 3
504 2
503 5
716 4
432 4
423 4
423 2
422 2
421 3
419 3
419 2
418 5
470 2
468 3
444 5
582 0
582 3
520 2
518 3
504 3
496 0
495 3
495 3
494 5
772 3
690 2
687 1
687 1
687 5
1088 1
1089 4
442 4
427 1
427 5
472 2
470 5
625 4
429 2
428 4
426 0
419 3
419 0
418 1
418 0
418 3
418 1
420 1
420 2
418 0
418 0
418 2
417 3
419 0
419 3
419 4
412 2
411 5
479 3
449 3
445 0
441 2
440 5
639 2
635 3
560 3
530 1
531 3
521 4
430 3
424 2
423 0
420 3
420 0
420 3
423 3
424 2
423 3
423 2
422 3
423 2
422 2
421 2
420 4
413 0
413 2
412 2
412 1
412 3
415 2
415 2
414 1
414 3
414 2
413 4
413 2
412 1
412 3
412 5
502 1
502 5
696 0
696 1
696 0
696 2
691 3
586 1
586 5
828 3
718 2
714 4
461 3
433 0
429 2
427 5
581 5
818 3
665 3
617 3
597 4
444 1
444 2
441 3
431 2
430 2
429 3
429 5
498 4
425 2
424 0
417 4
410 2
410 4
410 4
410 4
410 0
410 3
411 5
544 2
542 2
541 3
482 3
470 2
469 3
467 3
463 2
462 3
459 3
460 2
459 3
459 2
458 5
652 0
652 2
649 0
649 2
646 3
569 4
432 3
425 3
423 2
422 4
415 5
480 3
454 5
604 2
601 3
543 2
541 0
538 4
435 3
424 2
423 3
423 2
422 1
422 2
421 2
420 0
414 4
409 2
408 0
408 3
409 2
408 2
408 3
411 3
409 0
409 0
409 2
408 3
410 2
409 3
410 3
409 3
409 4
408 3
408 2
407 4
406 4
406 3
407 5
485 2
483 2
481 5
661 0
661 2
658 0
658 2
653 4
432 3
423 1
423 2
422 2
421 5
475 2
473 4
420 3
422 4
422 3
420 3
422 1
422 5
468 3
448 3
446 2
445 3
443 4
414 5
472 2
470 0
470 3
447 3
443 3
441 2
440 1
440 2
439 5
582 4
424 0
419 0
419 1
419 2
418 2
417 4
413 2
412 2
411 2
411 2
411 4
410 5
471 5
629 0
629 3
523 4
424 4
422 0
419 4
412 4
411 1
411 3
415 3
415 4
415 5
470 1
470 3
450 2
449 0
448 0
448 0
448 5
640 3
570 0
569 1
569 4
430 3
420 3
422 3
420 0
418 2
418 2
417 4
413 3
415 2
414 2
413 3
413 5
484 2
482 2
480 5
654 2
649 3
544 0
542 2
539 2
537 4
426 4
419 3
416 1
416 3
415 4
413 2
412 3
412 3
415 0
413 2
412 3
414 4
410 5
472 3
448 2
447 2
446 0
446 2
445 2
445 1
445 3
443 0
443 5
644 4
433 2
432 2
431 4
423 0
416 0
416 3
417 5
562 1
562 2
559 4
417 5
473 5
630 5
855 3
663 3
592 2
589 2
586 4
433 3
426 1
426 4
420 3
422 5
463 4
418 3
418 2
417 3
423 3
421 4
420 0
419 5
539 2
537 5
727 4
428 2
427 3
427 3
427 2
426 2
425 0
414 5
530 3
475 2
474 3
465 0
464 4
422 0
421 3
423 4
416 3
417 2
416 1
416 2
415 3
415 0
415 0
415 3
418 3
416 5
569 2
567 2
565 2
563 3
506 3
484 3
478 1
478 5
682 4
428 0
423 0
423 3
423 5
581 2
578 4
429 3
422 0
417 5
568 1
568 1
568 1
568 3
495 0
495 3
487 3
486 2
485 3
485 4
421 3
418 2
417 3
418 5
502 3
469 2
467 1
467 3
458 3
458 4
418 2
417 2
416 4
413 1
413 3
415 1
415 3
416 1
416 0
414 1
414 0
414 4
411 3
412 5
494 3
461 0
461 2
459 0
459 2
458 0
458 1
458 2
457 3
455 5
675 2
672 2
668 2
665 3
592 4
441 0
435 0
435 1
435 4
417 5
503 2
501 4
423 4
420 4
420 3
421 3
419 1
419 4
419 5
484 3
455 4
421 2
420 4
418 4
418 4
418 2
417 3
416 1
416 4
415 1
415 3
419 4
419 3
416 5
475 3
444 2
443 2
441 3
436 3
435 3
433 2
432 4
413 1
413 0
413 2
412 3
415 2
414 4
410 5
486 3
456 3
443 0
440 5
654 5
937 1
937 2
931 2
926 2
921 2
917 0
917 3
760 2
755 2
751 2
747 5
1072 0
1072 5
1451 2
1442 4
466 2
464 0
443 1
443 2
441 0
441 4
416 4
414 4
414 1
414 0
412 4
411 4
411 4
411 4
411 3
413 4
412 1
412 3
412 3
413 2
412 2
411 1
411 2
410 0
408 2
408 3
411 1
411 2
410 3
410 2
409 3
412 2
411 2
410 2
409 4
408 2
408 3
409 3
410 0
409 1
409 3
408 2
407 3
409 4
407 1
407 2
406 2
405 3
409 4
409 2
408 0
408 4
405 3
409 0
408 3
410 2
409 4
405 5
469 5
619 1
619 3
528 2
526 2
524 5
718 3
613 4
437 3
426 1
426 2
425 3
426 5
475 2
473 0
472 2
470 3
458 0
457 4
427 1
427 2
426 2
425 1
425 5
480 3
460 0
459 0
459 3
457 2
456 0
456 3
455 0
455 1
455 1
455 4
424 1
424 5
493 2
491 4
414 5
471 3
448 2
447 1
447 0
442 3
442 2
441 3
441 0
440 3
440 3
440 3
440 2
439 4
410 3
406 0
406 3
406 5
553 5
775 4
427 2
426 4
421 1
421 4
421 1
421 3
422 3
422 3
422 0
415 5
532 1
532 5
719 4
435 0
424 2
424 0
423 2
423 4
413 4
412 3
412 1
412 2
411 2
411 4
411 4
411 3
417 1
417 0
414 5
535 2
533 0
533 2
531 3
484 4
424 2
423 4
421 1
423 3
418 1
418 5
472 3
440 0
437 2
436 2
435 2
434 1
434 4
414 2
413 3
413 3
414 1
414 3
412 4
408 3
409 0
408 0
408 5
541 4
417 4
416 1
416 0
411 4
408 5
468 2
467 2
467 2
467 2
465 0
465 3
442 3
440 2
439 3
438 5
562 2
560 2
558 3
501 5
725 0
725 1
725 2
722 4
435 3
427 1
427 1
427 3
425 1
425 3
425 2
424 2
423 2
422 5
478 4
412 0
408 2
407 3
410 2
409 2
408 0
407 1
407 3
410 3
409 2
408 1
408 3
409 2
408 3
408 3
409 2
408 0
408 2
407 4
403 4
403 3
404 2
403 3
406 4
406 4
406 2
405 3
405 3
406 0
406 2
405 5
537 0
537 2
536 2
534 2
534 5
736 3
597 3
550 4
437 2
435 2
434 4
426 2
425 3
420 1
420 3
417 2
416 1
416 1
416 4
413 1
413 2
413 0
409 5
540 1
540 4
413 1
413 4
411 0
407 0
407 2
406 0
406 2
406 1
406 0
406 0
406 0
406 3
409 5
534 5
726 4
431 0
417 4
410 3
413 4
413 2
412 0
410 5
541 4
413 0
410 2
409 4
404 2
404 0
404 3
408 2
407 2
406 2
406 5
539 3
476 3
459 1
459 4
410 2
409 3
409 5
481 3
450 0
450 0
450 1
450 4
414 3
410 3
409 2
408 4
406 3
406 3
406 2
405 3
406 4
406 2
405 2
405 0
405 1
405 2
405 2
404 4
404 2
404 3
405 4
405 2
404 5
476 2
474 1
472 3
451 4
414 3
412 4
411 2
410 4
410 4
410 0
406 5
540 0
540 3
488 2
487 4
419 2
418 1
418 4
416 0
411 5
548 3
479 2
477 0
475 3
467 2
464 3
462 1
462 4
417 0
415 0
415 0
415 2
414 1
414 5
589 3
531 0
531 2
526 2
524 4
427 2
426 3
420 4
414 3
412 4
412 3
413 4
413 3
414 0
410 0
410 2
409 3
411 1
411 4
406 4
405 2
404 5
480 0
480 3
447 4
412 5
475 2
473 2
471 0
470 5
657 5
887 1
886 4
445 2
444 3
438 4
437 3
431 4
431 2
430 5
457 3
440 2
438 2
437 3
431 4
420 4
419 0
418 2
417 2
416 3
416 0
413 3
414 4
411 1
411 0
411 0
411 3
414 5
541 0
541 2
539 0
539 3
488 2
486 4
418 1
418 2
417 1
417 2
416 2
415 3
415 5
469 0
469 1
469 4
414 0
410 3
412 4
408 3
408 3
410 4
410 4
410 4
410 4
410 3
409 2
408 4
408 4
408 4
408 4
408 0
407 1
407 2
406 3
410 2
409 2
408 2
407 2
406 0
406 5
552 2
550 3
488 0
488 3
475 5
694 0
694 4
443 5
491 2
489 3
467 5
602 5
859 0
859 3
705 5
1035 3
909 3
851 0
851 2
847 3
826 4
453 5
519 4
439 4
434 0
424 4
421 2
420 3
420 5
497 3
466 5
636 3
564 0
564 4
421 0
419 0
419 2
418 0
418 4
412 4
410 3
408 2
407 3
407 2
407 5
490 3
455 3
450 3
447 2
446 2
445 0
443 5
669 3
586 2
584 2
582 3
565 5
890 3
793 3
761 3
748 2
746 4
435 4
423 0
417 2
416 4
413 4
411 1
411 2
410 2
409 2
408 0
408 4
408 2
408 5
500 1
500 4
420 5
487 3
453 1
453 5
628 3
552 5
829 3
744 2
741 4
444 4
433 2
432 2
429 3
421 2
420 2
419 1
421 2
421 3
420 3
418 3
419 0
411 4
408 0
408 0
408 2
408 0
408 1
408 2
408 1
408 2
408 4
408 3
409 1
411 4
411 4
411 4
411 2
410 5
483 2
481 2
479 1
479 2
477 0
477 4
416 0
410 2
410 3
411 1
411 5
551 5
772 4
429 1
429 5
470 3
439 4
413 5
468 2
466 4
415 0
411 5
537 2
537 2
537 1
536 3
483 0
481 2
480 2
479 3
473 0
473 4
422 1
422 3
418 5
494 3
458 2
457 0
456 4
423 0
421 3
422 4
417 2
416 1
416 5
500 0
500 5
718 3
600 3
565 0
564 3
551 3
547 5
883 3
797 3
759 4
448 4
433 0
427 3
427 3
426 2
425 4
416 1
416 2
415 1
415 3
411 1
411 0
411 3
412 0
412 4
407 0
407 1
407 2
407 3
408 0
408 5
562 3
492 0
492 1
492 3
482 2
481 -1
716 4
716 0
607 4
470 2
468 0
457 1
457 5
581 1
580 2
574 1
577 5
753 0
753 5
978 1
977 1
978 4
450 3
442 3
443 5
478 1
479 2
477 1
477 3
463 4
437 5
464 0
462 5
602 2
599 4
437 2
436 1
436 1
440 1
442 1
444 1
444 5
467 3
450 5
541 2
539 5
718 5
956 3
749 2
745 3
667 0
665 2
663 3
626 1
627 3
608 3
603 2
601 4
441 4
427 4
427 2
425 4
425 1
427 1
429 5
509 5
714 1
714 2
709 1
710 2
705 1
704 3
604 4
439 4
432 5
479 4
427 1
430 3
427 0
419 1
420 2
419 1
420 3
422 2
421 0
421 0
421 4
410 0
409 2
409 3
412 0
412 2
411 3
410 1
410 1
412 2
411 0
410 2
410 2
410 5
555 2
554 5
768 2
764 4
443 3
434 3
431 2
430 2
429 0
423 4
419 2
418 2
417 0
417 4
417 5
463 0
463 2
463 0
463 2
461 5
613 0
613 5
825 1
823 3
627 4
454 1
454 3
437 2
436 3
435 4
428 0
417 2
416 0
416 3
418 1
418 3
419 2
418 2
417 3
415 5
531 1
531 3
478 3
467 4
420 0
418 1
418 2
417 0
417 5
566 1
566 0
566 4
425 5
464 0
461 4
414 1
414 4
413 0
409 2
409 5
539 2
536 4
414 4
413 3
412 0
411 4
408 5
461 2
459 2
458 0
458 4
411 1
413 1
417 2
415 1
415 5
466 3
442 4
416 3
413 5
472 3
445 0
444 2
443 3
440 5
608 4
426 0
421 4
409 4
408 2
408 3
408 1
408 5
478 1
478 2
476 2
474 4
411 3
412 4
412 1
412 3
414 5
465 3
443 1
443 4
410 4
408 4
408 5
471 2
469 3
444 3
435 3
430 2
429 3
427 2
426 4
412 2
411 3
409 2
408 5
482 2
480 1
480 5
647 1
647 2
642 2
637 4
430 1
431 3
428 3
427 4
426 1
427 2
426 4
425 3
426 4
424 2
423 0
417 5
533 3
476 2
475 1
476 1
477 4
428 3
420 0
413 1
414 4
408 2
408 5
470 2
469 3
450 1
450 5
567 0
567 4
419 5
486 4
417 2
416 5
475 4
415 5
473 0
472 1
473 5
636 4
431 3
425 3
422 5
477 1
477 4
417 0
412 4
408 3
410 5
472 0
472 0
472 1
472 5
617 2
614 4
421 3
414 1
416 3
415 3
418 4
417 4
417 2
416 2
415 5
465 1
464 4
416 0
413 3
415 1
416 5
518 4
413 0
410 4
409 0
409 2
409 4
409 0
409 5
518 3
467 2
465 4
424 3
417 0
413 3
415 3
415 1
415 4
410 2
410 2
409 4
409 1
409 1
409 2
409 3
414 1
416 1
419 0
414 4
406 1
408 1
408 1
411 3
408 2
407 1
408 3
408 0
408 0
408 4
406 4
406 4
406 4
406 1
408 3
409 5
469 4
411 5
457 2
455 4
409 4
409 5
461 5
596 0
596 0
596 2
592 1
591 3
509 1
510 5
657 3
567 5
827 3
735 2
732 5
1131 5
1578 5
2039 4
487 4
471 1
471 3
451 2
450 5
468 2
466 1
467 0
463 3
451 0
448 3
446 0
445 0
445 0
445 1
447 4
421 3
418 2
417 2
416 2
415 4
414 0
413 3
415 4
414 2
413 2
412 0
412 0
412 0
412 4
411 0
411 3
414 0
414 4
412 0
412 5
549 4
418 5
470 2
468 2
466 0
464 1
464 4
416 2
415 3
417 5
464 3
446 2
444 3
438 2
437 0
436 2
435 1
436 4
418 4
414 2
413 4
413 1
414 5
464 2
462 2
460 0
460 2
458 2
458 0
458 4
418 4
416 0
410 4
409 4
409 1
412 0
410 2
410 2
410 4
409 1
411 2
410 4
410 4
410 3
410 3
410 0
409 2
408 2
408 2
408 5
535 1
533 2
532 0
531 1
531 0
531 0
531 3
475 5
643 4
434 2
432 2
430 3
426 3
427 4
422 1
422 1
424 2
423 5
461 1
461 1
462 1
462 3
439 5
550 2
548 5
761 1
760 4
432 4
429 3
423 2
422 1
422 3
427 2
426 3
426 2
425 2
423 1
423 3
423 2
422 0
415 4
412 0
412 0
412 2
412 0
412 0
412 2
412 2
412 5
535 4
417 4
416 0
412 5
524 0
524 5
705 2
701 1
700 5
925 0
925 2
920 1
921 3
680 4
458 0
446 4
428 2
427 0
426 0
426 2
425 0
425 2
425 4
420 3
421 4
419 1
419 3
420 1
420 2
419 4
418 5
467 3
445 3
442 5
559 2
557 3
507 2
505 1
506 3
491 4
414 0
413 3
415 2
414 4
409 2
408 4
407 5
484 3
452 1
454 3
444 2
443 4
410 4
409 1
409 4
409 1
409 2
409 4
409 1
410 2
409 2
408 2
408 4
408 2
408 0
408 3
409 2
408 5
549 2
546 0
546 0
546 0
546 2
544 3
495 4
426 5
479 4
413 5
465 3
438 1
440 2
438 1
438 4
413 0
413 0
413 2
413 2
411 5
563 4
418 2
417 4
417 2
416 1
416 0
409 0
409 3
410 5
541 4
412 1
412 3
411 0
407 0
407 0
407 2
406 3
406 4
404 2
403 3
405 1
407 0
407 4
404 0
404 3
406 2
405 3
406 0
406 4
403 3
406 2
406 2
405 4
405 4
405 4
405 3
408 4
408 4
408 1
410 2
408 1
408 4
408 0
408 2
407 4
403 2
403 3
406 4
406 5
478 1
479 3
450 2
449 4
414 3
410 1
412 3
412 1
412 0
411 1
412 4
407 4
407 4
407 5
471 3
445 1
445 2
444 0
441 4
416 0
414 0
414 4
409 4
406 2
405 3
406 4
405 5
482 4
411 2
411 2
411 2
411 5
475 0
472 4
408 4
408 4
408 5
472 4
411 4
411 2
411 1
411 3
413 4
413 4
413 4
413 0
409 4
406 2
406 1
408 3
407 1
407 3
407 4
407 4
407 5
470 2
468 1
469 4
410 0
406 2
406 3
406 2
406 0
406 3
408 4
406 0
406 4
404 4
404 2
404 4
404 4
404 5
469 2
467 3
442 0
442 0
442 4
417 5
473 5
645 3
532 2
530 2
528 3
500 4
427 0
423 0
423 5
599 2
596 4
428 1
428 3
422 1
422 4
418 1
418 0
415 2
414 2
414 4
410 0
409 4
409 2
409 5
475 4
414 3
415 4
415 3
416 0
413 3
411 2
410 2
409 4
404 2
404 0
404 4
404 1
404 0
404 0
404 4
404 4
404 2
404 1
404 5
479 0
479 0
479 5
654 3
543 2
542 2
541 2
539 1
540 2
539 3
499 4
423 1
423 0
420 5
577 1
577 2
575 4
417 1
417 4
413 2
413 4
412 3
417 1
417 3
414 2
413 4
412 5
465 0
462 4
410 3
414 3
412 4
412 0
409 2
408 3
412 3
409 0
409 2
409 4
407 0
407 0
407 4
406 2
406 2
406 3
410 2
409 4
409 4
409 5
467 4
409 1
409 0
407 2
407 2
407 1
407 3
409 4
407 2
406 2
405 2
404 0
404 2
404 5
527 4
409 0
405 4
404 5
469 2
467 3
440 4
412 2
411 1
411 2
410 3
412 2
411 3
413 5
468 2
466 3
443 0
442 2
441 3
440 4
413 1
413 3
413 2
412 4
409 1
409 5
474 2
472 4
411 3
412 4
412 4
412 4
412 3
413 2
412 4
412 3
412 5
462 2
460 4
410 4
410 1
410 4
410 2
410 3
412 4
412 4
412 2
411 3
411 4
411 2
411 2
411 0
409 1
409 3
409 4
406 4
406 4
406 2
405 1
405 2
405 1
405 2
405 4
405 4
405 3
405 2
405 1
405 2
405 2
405 3
405 2
405 2
406 5
473 4
409 3
408 4
408 4
408 5
462 4
408 4
408 4
408 1
408 1
408 2
408 2
408 0
407 2
407 4
405 3
407 1
407 3
406 5
469 2
467 4
409 3
409 1
409 1
409 5
461 3
437 0
436 0
436 2
435 4
417 2
416 3
417 1
417 4
409 5
472 4
410 2
410 3
411 3
411 4
411 3
410 0
407 3
410 0
410 1
410 3
410 5
543 2
541 0
541 2
539 4
415 4
414 3
413 4
413 2
413 0
410 0
410 3
413 0
413 2
412 4
409 2
408 2
407 5
472 5
636 3
535 3
499 4
430 3
421 4
415 0
412 2
412 4
409 0
409 2
409 5
539 5
740 1
740 3
590 3
538 4
429 3
420 2
418 5
486 3
456 5
627 2
624 2
620 3
550 1
550 3
530 2
528 4
425 5
489 2
487 2
485 5
685 1
685 2
682 4
438 2
436 1
436 2
435 2
434 2
433 4
426 5
462 4
420 2
419 2
419 3
421 1
421 4
421 2
420 3
421 1
421 0
417 5
540 2
538 0
538 4
424 4
423 0
418 4
410 4
410 0
410 1
410 1
410 0
410 4
410 4
410 4
410 2
410 2
410 2
410 5
461 0
461 5
612 2
609 3
518 4
435 2
433 4
430 3
425 0
417 2
416 4
408 3
411 5
467 3
442 3
438 1
438 3
438 3
438 5
561 4
424 2
422 1
422 5
472 3
447 5
592 4
423 0
419 1
419 2
418 1
418 1
418 3
417 0
417 0
417 2
416 1
416 0
416 2
415 0
415 2
414 4
409 0
409 4
408 3
409 3
405 4
405 3
408 2
407 5
463 4
412 3
411 5
463 2
461 3
445 1
445 2
444 3
439 5
557 4
415 0
412 2
412 2
411 5
550 4
414 3
418 2
417 2
415 2
414 4
413 0
408 1
408 4
404 3
406 0
406 2
405 1
405 0
405 2
405 5
529 2
527 4
410 2
410 2
410 2
410 4
410 4
410 2
410 5
458 4
407 4
407 4
407 5
460 2
460 1
458 5
603 2
599 2
597 0
597 3
498 3
468 5
621 2
617 4
425 4
415 0
412 0
412 3
414 2
413 4
408 3
407 2
407 2
406 2
406 0
406 0
406 3
408 4
407 2
407 2
407 3
407 4
407 5
469 0
469 3
445 2
444 1
444 4
414 1
414 2
413 3
413 0
413 0
413 3
416 4
409 4
408 0
408 3
411 3
411 5
539 4
417 2
416 0
408 4
407 3
407 4
407 3
408 4
408 4
408 1
408 2
408 2
408 0
408 0
408 1
408 2
407 5
536 4
415 0
409 4
407 3
410 0
410 1
410 4
407 1
407 3
410 0
410 2
409 1
409 1
409 4
407 3
411 3
410 2
409 0
409 2
408 3
412 4
410 0
410 4
407 2
407 4
407 5
465 2
465 2
465 0
465 3
439 3
433 3
434 4
416 4
412 5
467 2
467 4
413 4
412 3
413 3
413 2
412 1
412 0
409 0
409 5
541 4
415 2
415 4
414 5
460 3
433 0
433 5
611 3
530 4
434 4
428 5
466 3
449 4
419 5
465 4
417 0
413 2
413 4
411 5
465 5
615 5
824 5
1055 1
1053 2
1045 2
1038 0
1038 4
452 4
450 4
450 3
443 1
443 2
442 3
442 4
441 1
441 2
439 0
424 1
424 3
422 2
421 4
416 4
414 0
413 4
412 4
412 2
412 5
462 3
442 2
441 5
557 3
493 2
492 4
429 3
422 2
421 2
420 2
419 2
418 1
418 3
420 2
419 4
416 0
413 0
413 3
417 3
416 2
415 4
411 2
411 2
411 2
411 4
411 2
410 3
416 3
415 3
412 0
411 1
411 1
411 3
411 3
413 0
413 2
412 5
529 2
527 5
711 2
707 0
707 3
557 2
554 4
438 4
436 2
434 5
474 2
472 2
470 0
469 3
452 4
420 0
416 4
411 0
409 0
409 1
409 3
410 4
409 5
467 3
446 5
592 2
590 2
588 0
588 3
520 5
737 1
736 5
1053 1
1053 2
1049 1
1047 4
459 1
459 2
456 5
484 4
425 2
424 1
424 3
425 3
425 4
425 1
425 4
425 5
463 2
461 2
459 0
457 2
456 2
455 3
441 4
423 5
474 4
416 4
416 2
416 4
416 3
418 2
417 0
415 0
415 4
413 4
413 0
413 2
413 5
535 2
535 5
727 0
727 4
438 2
437 5
465 4
428 5
459 2
459 1
459 2
458 2
458 0
453 5
579 4
433 4
433 2
433 0
429 3
420 3
420 3
417 5
509 2
506 5
675 3
551 0
546 0
546 2
542 2
540 3
514 2
513 0
512 1
512 3
508 4
441 4
427 3
421 0
416 4
414 2
413 2
413 0
413 3
416 3
416 3
416 2
415 3
414 2
413 3
416 3
414 1
414 3
415 3
414 4
413 5
487 5
682 0
682 4
422 4
419 2
418 1
418 4
418 3
418 4
416 2
415 4
415 5
470 3
445 2
444 2
443 2
442 2
441 0
440 0
440 3
438 2
437 3
436 2
435 2
434 2
433 2
432 2
431 2
430 2
429 4
415 1
415 4
411 0
410 5
547 4
417 0
410 5
555 5
769 2
764 3
616 0
613 3
572 0
571 0
571 2
569 2
567 0
567 3
556 2
554 5
882 2
878 2
874 1
874 2
869 1
868 1
868 4
446 4
428 1
428 0
423 3
425 4
417 5
479 1
479 2
478 2
478 2
476 2
474 2
474 5
638 1
637 0
637 1
637 4
432 0
419 1
419 0
419 1
419 2
419 0
419 0
419 5
542 1
542 3
490 2
488 5
641 1
641 4
430 2
429 4
426 5
465 2
464 2
464 0
460 1
458 0
458 2
457 4
422 3
422 3
421 3
418 4
418 2
417 2
417 5
466 5
612 0
612 3
510 2
508 1
508 0
508 4
433 5
495 4
423 5
468 3
448 3
439 2
438 2
437 4
417 2
417 3
415 4
415 3
417 4
417 3
417 4
417 2
416 5
475 3
448 3
444 4
416 0
412 4
407 0
407 0
407 5
544 2
542 0
542 0
542 3
487 1
487 0
486 4
429 1
429 1
429 1
429 2
428 3
423 5
503 3
468 3
457 0
454 4
418 4
411 2
410 5
485 3
458 1
458 2
457 2
455 3
441 2
440 5
617 3
560 3
540 2
538 5
821 3
743 5
1145 1
1145 2
1141 5
1607 1
1607 5
2073 3
1920 2
1914 1
1914 4
469 0
453 4
426 2
425 2
424 4
422 4
422 4
422 3
421 0
420 2
419 4
414 2
413 2
413 2
413 0
412 3
412 2
412 3
411 0
411 2
410 4
409 4
408 3
409 3
410 0
410 0
410 4
408 4
408 1
408 0
408 5
541 1
541 3
487 5
664 0
663 5
940 3
791 5
1140 3
1019 4
467 2
464 5
496 1
496 1
496 0
487 2
485 5
688 3
579 0
577 2
575 3
554 0
554 0
554 3
544 4
432 0
430 3
431 3
430 5
625 2
622 1
621 2
618 3
539 3
519 3
513 5
793 3
716 1
715 1
715 2
712 5
1119 1
1119 2
1115 2
1111 5
1568 5
2045 4
465 2
463 4
452 0
436 1
436 4
423 3
427 3
422 1
422 4
420 1
420 2
419 3
422 2
421 3
423 4
423 4
423 3
420 4
420 4
420 4
420 0
419 3
421 2
420 4
417 3
418 3
418 0
416 3
417 2
416 2
415 5
538 0
538 2
536 3
494 4
427 2
426 0
422 0
422 2
421 3
421 2
420 3
418 4
413 2
413 0
412 5
539 3
486 0
483 5
707 5
983 1
981 4
443 2
440 1
440 1
440 2
438 2
436 2
435 2
434 3
426 0
420 4
416 0
415 3
415 5
528 1
528 2
526 1
526 2
524 0
524 0
524 4
417 0
412 2
412 0
412 5
535 2
534 3
479 3
460 0
459 5
688 2
685 3
598 1
598 5
891 2
887 0
887 0
887 3
785 3
754 2
751 3
734 2
732 3
726 1
726 4
452 1
452 2
450 2
449 4
436 0
431 3
430 5
608 2
605 3
542 0
542 4
428 2
426 3
425 3
423 5
498 1
498 2
496 5
698 5
941 0
941 2
935 2
926 3
743 2
740 2
736 2
733 5
1011 0
1010 3
882 5
1293 0
1293 0
1293 3
1182 0
1182 1
1182 3
1138 3
1108 3
1090 3
1074 2
1071 3
1064 3
1059 3
1051 0
1051 4
462 2
460 1
460 3
439 0
431 3
429 5
604 3
540 3
524 0
524 0
524 4
438 1
438 5
515 4
426 2
425 4
424 1
424 2
423 4
423 5
477 4
421 5
478 0
475 3
445 0
445 0
445 0
445 3
444 0
444 4
419 2
418 0
418 0
418 2
417 4
413 3
414 0
413 4
410 5
492 3
457 3
447 2
446 2
444 0
444 4
420 4
411 2
410 2
410 0
410 5
560 4
418 1
418 5
484 0
482 0
482 2
480 2
478 3
452 5
618 2
616 3
552 1
552 3
526 3
522 2
520 5
804 3
725 4
436 5
501 1
501 4
421 4
420 4
420 2
420 2
420 4
420 3
420 0
415 3
417 1
417 2
416 3
415 3
413 2
412 2
411 2
411 3
413 1
413 3
412 3
412 0
412 3
414 5
574 3
506 3
491 1
491 0
489 4
419 2
418 5
494 1
494 0
494 4
419 2
418 2
417 1
417 3
415 0
411 3
413 5
546 4
421 2
420 0
413 3
415 4
406 1
406 0
406 4
404 0
404 1
404 4
404 3
406 4
406 5
477 2
475 1
475 3
448 2
447 4
411 1
411 3
410 5
487 3
453 2
452 4
413 2
412 3
409 1
409 0
407 0
407 2
407 2
407 2
406 5
530 2
529 5
722 4
426 1
426 3
423 0
413 5
536 5
724 2
720 0
720 2
717 0
717 3
579 2
577 4
436 4
430 3
429 1
429 0
418 3
420 0
420 2
419 0
419 4
412 4
412 5
466 1
466 5
612 -1
