5 2000
2743 5
2743 1
2744 2
2742 2
2739 5
2679 1
2681 3
1608 3
1225 5
1194 4
1061 5
1028 3
987 5
948 0
896 2
892 2
889 0
889 4
783 3
768 3
741 4
733 2
733 0
699 4
675 5
680 2
682 5
707 4
672 3
669 0
664 5
697 3
676 5
706 3
686 5
716 0
716 3
697 0
696 5
785 2
782 4
665 3
658 5
666 3
657 0
657 5
714 3
688 4
652 1
663 1
663 1
681 0
661 0
661 4
645 0
645 3
644 2
643 2
642 1
644 4
643 3
641 1
641 1
648 5
657 3
644 0
644 2
643 1
644 3
643 4
637 1
640 4
634 5
647 5
677 1
679 2
677 1
689 3
660 2
655 2
654 2
653 1
654 5
690 4
639 4
634 3
633 0
630 5
672 2
675 4
634 4
631 5
641 5
668 2
671 2
673 2
679 1
679 2
678 4
642 0
632 2
640 0
640 4
630 2
632 2
637 0
637 1
637 1
640 0
638 0
638 5
667 3
651 0
649 4
641 1
642 4
633 0
630 1
631 5
662 4
629 4
629 2
630 1
633 0
633 3
629 3
628 0
628 3
628 2
627 5
662 0
662 1
669 2
668 3
653 2
652 2
651 4
632 0
629 3
629 4
628 1
628 1
628 1
632 5
641 5
670 5
714 0
714 1
714 5
770 3
713 1
720 0
717 5
791 3
756 3
737 2
736 3
731 2
730 2
729 0
729 0
729 5
859 2
855 4
655 2
654 4
632 3
632 3
632 5
640 2
643 5
668 0
668 2
671 2
671 2
676 4
628 4
628 5
638 3
629 1
631 1
632 1
635 1
635 0
633 0
633 5
683 1
690 4
636 4
631 2
632 4
631 3
631 1
633 3
631 4
631 4
631 3
631 0
630 5
671 4
625 3
625 1
625 0
625 4
624 3
624 3
624 2
623 0
623 4
623 1
625 0
624 5
665 5
712 4
631 5
643 4
626 3
626 2
628 4
625 0
624 4
624 2
627 2
627 2
630 5
643 2
651 5
681 2
681 4
632 4
632 3
630 4
630 5
640 2
643 5
664 1
665 3
645 4
631 0
627 0
627 5
659 4
628 2
630 3
628 5
637 5
663 2
667 3
645 2
644 0
644 3
641 2
640 4
635 0
634 5
682 3
663 0
662 1
665 4
638 3
636 3
635 4
626 5
637 3
627 0
627 3
627 4
627 4
625 1
633 3
626 2
625 0
625 0
625 3
625 5
661 3
649 4
624 3
624 4
624 0
624 1
624 5
666 2
666 1
664 0
664 0
664 0
664 3
653 3
651 0
650 5
720 0
720 3
695 3
690 4
646 3
642 5
657 4
632 3
630 4
628 5
640 4
626 5
641 1
645 2
643 2
644 2
646 5
673 2
673 1
677 3
645 3
638 0
638 2
637 2
637 5
690 3
667 1
670 0
668 3
665 2
664 1
665 5
746 1
748 4
649 4
629 0
628 1
628 2
628 3
628 3
628 3
628 3
628 5
664 5
711 2
714 3
672 0
671 5
744 2
742 4
637 4
627 3
625 5
633 4
620 3
620 4
620 3
620 2
620 4
620 3
620 5
630 0
630 2
633 4
619 3
619 4
618 0
618 2
622 5
662 3
642 2
641 1
643 2
642 5
678 0
678 4
625 1
629 3
625 1
629 4
625 4
625 5
633 3
621 4
620 1
620 0
619 0
619 3
619 5
657 3
645 3
643 1
643 3
643 1
644 3
643 0
642 2
641 5
711 0
711 0
711 2
709 4
632 3
631 4
623 3
623 3
623 4
623 2
622 5
636 0
636 0
636 1
636 5
685 4
623 4
621 0
621 3
621 3
621 3
621 3
621 3
621 1
622 4
621 1
623 2
622 2
621 2
623 2
625 3
622 0
622 2
622 0
622 5
663 3
647 1
649 5
684 1
687 4
625 2
624 2
623 5
633 5
667 4
624 4
624 5
631 4
623 4
623 3
622 4
621 5
629 3
626 0
625 4
624 2
623 5
632 2
632 5
666 2
669 3
640 2
639 3
635 5
670 4
624 3
623 4
618 4
618 2
622 3
618 3
618 5
628 5
657 5
697 0
697 5
744 5
794 4
645 2
648 4
646 5
647 3
637 3
636 3
636 2
635 3
634 3
632 3
632 0
629 3
629 2
628 3
628 2
627 3
626 0
626 3
626 1
626 2
625 2
629 5
673 0
673 4
623 2
623 1
625 2
624 5
633 2
633 2
633 2
633 1
634 4
622 4
621 0
619 0
619 3
619 2
624 3
622 0
622 3
622 3
622 0
622 5
662 3
646 1
647 3
645 2
644 4
627 2
626 3
625 3
625 5
634 3
627 3
627 5
652 4
623 3
623 2
622 3
622 0
622 2
622 2
624 2
631 1
632 3
628 3
628 3
628 2
627 5
655 4
624 4
622 2
623 4
622 4
622 4
622 4
622 3
622 2
626 5
638 3
626 2
625 1
625 1
625 2
624 5
647 0
646 5
685 0
685 2
685 4
624 1
624 5
636 5
664 3
641 1
645 0
639 3
629 4
620 3
620 4
616 3
616 4
616 5
629 4
613 0
613 1
613 0
613 5
661 4
615 4
614 2
615 0
613 3
613 2
613 5
647 5
694 5
747 4
622 0
617 3
616 0
616 3
616 5
665 4
620 5
634 2
635 4
617 5
630 5
664 4
615 2
617 0
615 3
614 5
650 3
636 4
618 3
616 5
628 4
613 3
613 4
612 2
616 0
615 4
614 0
614 1
614 3
613 3
613 4
613 2
616 3
613 0
613 3
613 1
615 4
614 3
614 3
614 0
614 4
614 1
614 5
629 3
618 1
618 4
614 3
614 2
614 1
614 3
614 5
627 5
657 4
613 4
613 3
613 2
613 2
616 2
620 4
614 5
626 1
627 0
627 5
669 3
643 2
642 0
640 1
641 3
638 4
625 2
624 2
623 0
623 0
623 5
679 5
740 2
738 3
696 3
682 5
757 4
629 5
645 2
644 4
618 0
618 5
665 3
648 4
618 2
617 4
615 4
615 2
615 0
614 3
614 2
613 5
650 3
638 2
637 5
679 1
679 1
679 1
679 1
680 4
615 0
614 0
614 1
616 2
614 4
614 0
614 0
614 3
614 3
614 3
614 3
614 5
657 4
615 1
615 4
614 2
614 2
615 3
614 3
614 5
630 5
666 0
666 5
717 3
669 3
652 4
619 4
614 2
614 2
614 1
614 2
614 2
614 3
612 3
612 4
611 3
611 5
624 4
611 4
611 5
625 0
625 4
610 3
610 3
610 5
623 3
616 3
615 1
616 0
616 1
616 0
616 1
616 4
615 4
610 1
610 1
610 3
610 2
610 2
610 2
610 1
610 1
610 4
610 4
610 1
610 4
610 4
610 2
610 3
610 2
610 4
610 3
610 5
622 4
610 3
610 1
613 4
612 4
612 3
612 3
612 2
612 2
612 0
611 5
651 4
611 0
610 2
610 1
611 1
611 1
611 3
611 2
610 1
611 5
646 3
632 3
628 1
631 3
629 5
670 5
723 4
622 4
616 3
616 0
612 4
611 4
611 2
611 2
611 5
622 3
617 3
614 0
612 4
611 2
611 1
611 4
611 4
611 3
611 0
609 3
608 3
608 1
608 4
607 0
607 0
607 3
607 4
607 1
607 2
607 5
619 4
608 2
607 1
607 2
607 2
611 5
627 5
659 2
659 3
629 3
626 4
608 5
623 2
624 3
610 3
610 1
610 3
609 4
605 3
605 0
605 4
605 3
605 5
620 3
610 5
631 3
623 5
662 3
646 3
644 2
643 4
616 4
609 0
609 5
652 0
652 0
652 4
615 4
613 5
625 0
625 5
671 4
616 3
616 5
621 2
622 5
649 4
612 0
611 4
610 3
610 0
610 4
609 4
609 5
624 0
624 5
667 4
614 5
626 0
625 4
612 3
612 5
622 0
622 2
622 1
622 5
672 2
672 5
723 1
723 1
723 1
723 4
620 4
620 3
620 4
619 1
619 4
619 4
619 3
619 4
619 4
619 2
619 4
619 2
619 0
610 4
610 3
610 5
620 4
609 0
608 4
608 0
608 4
608 5
624 1
624 2
624 3
612 4
609 3
607 3
607 4
607 2
607 4
607 4
607 4
607 2
607 2
607 5
619 0
619 3
613 4
610 0
610 0
610 4
608 5
626 0
626 4
608 4
607 3
607 2
607 1
607 0
607 2
607 4
607 5
624 5
660 2
660 4
608 1
608 0
608 0
608 0
608 4
607 4
607 4
607 4
607 3
607 3
607 2
607 3
607 0
607 5
648 2
648 5
696 4
614 2
614 3
611 5
621 0
620 3
612 1
612 4
609 5
621 4
608 4
608 3
608 5
621 0
621 0
621 0
621 1
621 4
608 3
608 3
608 4
608 4
608 3
608 2
608 4
608 4
608 2
608 0
608 3
607 3
607 0
607 4
607 1
607 4
607 0
607 2
607 0
607 3
607 0
607 3
607 0
607 0
607 5
650 2
650 4
612 5
624 1
624 3
614 4
611 3
610 3
610 4
610 3
610 0
607 3
607 4
607 4
607 0
607 2
607 0
607 5
647 5
694 2
694 0
694 5
748 0
748 4
620 4
619 4
619 1
619 5
624 0
623 5
663 3
641 3
635 3
631 0
631 3
631 3
631 4
621 2
620 1
620 1
620 3
617 3
617 3
617 4
609 5
624 2
624 3
614 3
614 0
612 0
612 1
612 0
612 5
665 1
665 5
722 0
722 0
722 3
677 4
612 3
609 5
625 0
624 4
607 2
606 2
605 5
620 1
620 1
620 1
620 3
610 0
610 4
607 5
622 4
607 2
606 3
606 0
605 0
605 2
605 3
605 3
605 5
656 4
607 1
607 4
606 4
606 3
606 4
606 4
606 4
606 5
620 0
620 0
620 2
620 0
620 2
620 0
620 3
609 1
609 0
609 0
609 1
609 3
609 5
660 4
611 0
608 3
608 0
608 3
608 3
608 0
608 1
608 3
608 3
608 3
608 0
608 3
608 4
606 1
606 3
606 1
606 1
606 4
604 0
603 3
603 4
603 3
603 1
603 3
603 5
620 3
607 3
607 4
605 5
623 3
609 4
605 3
605 3
605 0
605 5
656 4
613 0
608 2
608 5
661 5
716 4
618 3
615 5
625 5
662 4
616 5
623 0
622 5
673 4
612 5
626 1
626 3
615 5
642 2
641 5
688 3
653 5
701 2
698 4
617 1
617 3
616 5
632 4
612 5
628 2
628 4
611 5
627 5
662 4
613 0
610 3
609 3
609 0
609 1
609 5
660 4
610 3
610 2
609 2
608 0
607 0
607 5
654 5
705 3
664 5
717 3
688 0
688 2
687 0
687 4
626 1
626 3
621 1
621 3
621 5
637 5
681 1
677 1
677 1
675 3
644 4
615 0
615 1
615 0
615 4
612 1
612 2
611 0
611 3
611 4
611 5
627 4
608 0
608 2
608 4
607 0
607 1
607 4
607 4
606 3
606 0
606 4
606 0
605 4
605 3
605 3
605 4
605 0
605 5
651 0
651 2
651 5
708 5
767 0
767 0
767 2
767 5
831 4
636 4
632 0
620 2
620 5
661 2
661 4
615 5
627 2
627 3
617 3
617 5
639 0
639 1
639 0
639 2
639 4
617 2
616 3
615 5
625 2
625 4
609 2
609 3
609 0
609 2
609 2
609 4
609 3
609 0
609 0
609 5
655 4
613 2
613 5
625 3
614 5
640 1
640 3
627 1
627 3
624 5
661 4
614 4
609 3
609 3
609 5
626 0
626 3
615 3
614 4
608 3
608 4
608 5
622 0
622 1
622 5
669 4
617 5
625 0
625 1
625 4
611 3
610 1
610 2
610 0
608 4
607 3
607 0
607 0
607 0
607 0
607 5
653 5
703 1
700 1
700 3
660 3
652 1
652 5
704 4
622 4
615 3
613 3
613 3
611 3
610 1
610 3
609 1
609 0
608 2
608 1
608 3
608 3
608 0
608 3
608 4
608 0
608 3
606 0
606 4
606 1
606 0
606 1
606 3
606 2
606 4
606 4
606 0
606 4
606 4
606 4
606 4
606 3
606 4
606 2
606 5
625 5
658 3
628 3
626 3
624 3
622 0
622 5
682 4
618 4
610 2
610 0
606 3
606 4
605 1
605 0
605 2
605 2
605 0
605 3
605 3
605 3
605 1
605 0
605 4
605 4
605 1
605 1
605 1
605 4
605 3
605 4
605 3
605 4
605 4
605 3
605 4
605 4
605 0
605 4
605 2
605 4
605 4
605 0
605 2
605 1
605 0
605 3
605 0
605 0
605 3
605 0
605 5
647 3
631 0
631 3
628 3
628 3
628 5
688 1
688 3
668 5
748 3
727 4
626 2
625 0
624 1
624 3
623 2
622 4
619 5
634 0
634 3
628 4
616 2
615 0
613 4
611 4
607 5
625 3
614 0
613 5
670 0
670 2
670 4
617 3
616 0
613 2
613 2
613 0
613 4
611 4
606 3
606 5
623 5
662 4
611 3
610 3
609 3
609 3
609 4
609 3
609 0
609 0
609 2
609 3
609 5
651 3
637 5
687 3
663 4
618 4
609 0
609 4
607 3
607 3
607 5
624 2
624 0
624 0
624 5
674 5
727 3
680 3
661 0
659 0
659 5
750 3
727 5
845 3
824 5
1005 0
1005 3
987 3
976 3
968 0
968 3
968 5
1350 0
1350 3
1331 2
1328 0
1328 5
1788 3
1770 4
647 1
647 0
638 4
624 0
624 0
624 5
694 3
671 0
671 2
670 0
670 4
626 4
610 3
610 1
610 2
609 2
609 3
609 5
633 0
632 1
632 3
618 4
608 4
605 1
605 4
605 3
605 1
605 2
605 0
605 1
605 3
605 1
605 5
656 0
656 4
607 4
606 5
623 5
671 3
639 5
693 0
693 4
615 3
611 4
603 4
603 4
603 4
603 1
603 4
603 4
603 3
603 1
603 4
603 4
603 5
619 5
661 2
661 4
610 2
610 3
610 3
610 0
606 4
605 1
605 4
605 3
605 2
605 0
604 3
604 3
604 1
604 4
603 5
624 5
669 3
634 5
683 0
683 5
762 4
627 4
617 2
617 4
617 5
627 1
627 3
614 4
610 4
608 2
608 3
608 5
621 5
661 3
634 5
678 3
657 4
616 1
616 4
608 1
608 1
608 1
608 3
607 3
607 4
607 5
623 0
623 1
623 0
623 5
673 3
639 2
638 4
608 4
606 5
620 0
620 1
620 1
620 0
620 4
606 0
605 3
605 4
604 4
604 1
604 5
615 0
615 0
615 4
603 3
603 4
603 5
620 3
609 5
638 4
607 5
623 5
664 1
664 5
715 3
658 4
612 0
609 5
664 4
613 2
612 1
612 0
609 5
662 1
662 1
662 3
638 5
696 1
696 2
694 5
757 0
757 5
837 3
781 3
754 2
753 0
753 5
889 3
871 0
871 4
640 1
640 4
622 0
617 1
617 2
617 0
617 2
617 2
617 1
617 1
617 1
617 4
614 2
613 3
612 0
608 3
608 4
606 3
606 0
605 2
605 2
605 4
605 4
605 0
605 4
605 5
621 1
621 4
607 4
606 4
606 1
606 4
606 4
606 5
620 3
609 3
609 4
605 3
603 3
603 3
603 3
603 3
603 2
603 1
603 2
603 3
603 0
603 0
603 2
603 5
655 0
655 3
636 4
606 5
619 1
619 3
614 3
612 0
612 4
607 0
607 4
606 0
606 2
606 5
660 5
723 4
616 4
611 0
609 2
609 4
608 3
608 2
608 1
608 1
608 4
608 5
623 1
623 1
623 2
623 3
614 4
612 3
612 5
628 1
628 5
663 0
663 0
663 1
663 5
722 3
666 3
655 4
613 0
611 3
611 1
611 0
611 0
611 3
611 4
609 1
609 4
605 4
605 4
605 4
605 0
605 4
605 3
605 2
605 3
605 0
605 1
605 5
650 5
702 2
702 3
661 4
614 4
611 1
611 0
609 1
609 5
654 1
654 3
636 4
611 5
620 2
620 0
620 5
673 0
673 3
646 1
646 0
645 3
643 0
643 3
641 0
641 1
641 5
729 4
626 1
626 2
624 0
623 3
622 1
622 3
620 3
620 3
620 3
620 4
613 5
634 3
622 4
611 3
610 4
604 2
603 0
603 5
659 5
718 4
618 3
617 1
617 0
611 2
611 3
610 5
658 0
658 2
658 2
658 4
608 2
607 4
606 3
606 5
621 3
611 3
610 5
644 4
605 1
605 5
622 4
607 3
606 5
623 0
623 2
623 5
675 5
732 3
688 4
620 3
613 4
609 3
609 4
609 0
605 0
605 0
605 5
657 3
635 3
632 0
631 3
631 4
616 1
616 4
605 5
621 4
605 4
604 4
604 4
604 4
604 4
604 1
604 2
604 5
622 2
622 3
612 4
606 5
626 3
613 5
647 3
630 5
681 2
679 2
677 5
744 2
742 1
742 3
700 3
691 1
691 3
685 3
683 2
682 5
791 0
791 3
771 1
771 3
764 4
630 5
644 3
635 5
671 3
652 5
727 3
705 2
703 2
701 2
699 2
697 2
695 2
693 0
693 2
692 3
691 3
688 4
629 2
628 4
610 3
610 4
609 4
609 3
609 0
608 2
607 0
607 2
607 5
662 5
723 3
684 3
669 3
666 1
666 4
616 3
611 1
611 4
606 4
605 1
605 5
625 3
613 0
613 4
608 0
608 0
608 1
608 3
608 2
608 0
608 3
607 3
607 3
607 2
607 1
607 0
607 5
664 3
640 4
610 3
609 5
633 4
603 1
603 5
623 3
612 3
611 2
610 5
649 2
649 4
606 3
604 5
623 5
659 0
659 2
659 4
608 4
606 4
606 0
605 2
605 4
604 4
603 3
603 1
603 3
603 1
603 2
603 4
603 4
603 3
603 3
603 -1
2743 4
2743 4
2743 4
2743 1
2743 1
2743 1
2743 4
2743 2
2742 3
1385 4
1385 4
1385 0
994 4
835 0
806 3
803 1
809 0
800 4
789 3
789 3
789 4
788 1
788 5
788 3
786 4
783 1
783 2
783 3
782 0
773 3
765 3
761 1
761 4
757 1
757 0
742 0
742 5
764 1
764 5
788 3
743 1
744 5
741 0
734 5
777 4
683 5
677 0
672 3
668 5
698 1
699 0
699 0
699 4
666 3
660 0
655 5
682 0
682 4
651 1
653 3
652 3
651 5
662 0
662 0
662 5
700 0
700 3
674 0
671 4
656 2
655 4
648 4
648 2
649 1
653 3
650 5
656 5
676 2
675 3
653 4
647 2
646 2
649 3
647 3
647 5
656 1
660 4
649 0
646 5
675 1
678 2
677 0
675 5
714 5
761 3
704 1
704 2
703 0
700 5
771 2
768 4
660 3
652 0
651 0
651 2
650 0
650 5
696 3
673 5
713 0
713 0
713 0
713 0
713 2
711 5
791 4
658 2
657 1
658 5
664 1
674 3
652 2
651 5
670 3
649 4
642 3
642 2
641 5
658 2
659 1
660 0
660 0
660 4
638 5
652 2
651 4
635 0
633 4
633 0
633 5
680 0
680 5
739 0
739 4
643 5
652 1
654 4
639 3
639 1
643 4
641 5
651 3
641 1
643 1
644 4
640 3
639 2
640 4
639 0
638 5
680 0
680 1
692 0
681 2
684 3
662 5
707 5
767 0
767 4
661 3
655 5
659 0
657 0
656 3
647 3
645 2
644 0
644 5
690 5
745 0
745 2
742 4
643 1
643 3
640 3
640 0
637 4
635 2
634 0
634 1
635 4
633 1
636 4
632 3
632 2
633 5
644 3
631 4
627 5
639 0
639 0
639 2
642 0
642 2
650 3
637 5
670 4
632 0
629 0
629 4
627 4
626 3
625 4
625 3
625 5
636 3
628 3
628 5
647 4
623 2
627 0
627 1
630 0
628 4
628 3
625 5
639 2
639 1
648 4
633 5
642 3
631 2
631 3
630 3
629 5
650 5
687 3
660 0
656 5
715 2
715 4
635 1
635 3
633 2
632 3
632 0
625 3
624 4
623 3
623 4
620 5
629 3
620 5
649 2
649 4
619 5
637 3
623 4
618 4
618 3
618 2
619 0
619 0
619 0
619 4
617 1
617 1
617 3
617 2
619 4
618 4
618 5
634 4
617 5
639 2
644 2
646 4
619 0
619 3
619 2
624 1
632 3
625 5
659 1
659 5
703 3
662 4
629 4
626 0
621 4
619 4
619 3
619 4
619 5
638 3
626 1
626 4
618 3
618 4
618 0
618 4
618 1
618 4
618 3
618 4
618 0
618 4
617 4
617 5
636 5
668 5
709 4
630 0
621 0
621 1
626 3
621 3
619 5
659 2
659 0
659 5
705 1
706 3
674 4
619 5
637 3
620 1
628 2
620 4
619 0
619 5
661 3
641 1
653 3
641 0
641 5
708 4
635 3
628 4
624 1
624 5
636 2
636 3
625 0
625 1
627 4
626 3
626 3
626 4
619 3
619 0
619 3
619 2
618 2
618 3
618 3
618 3
618 2
623 5
665 4
621 3
621 1
621 1
621 0
619 3
619 3
619 1
622 0
621 4
619 5
632 4
619 4
619 4
619 3
618 4
618 5
631 3
621 3
621 3
619 1
619 0
619 3
619 4
619 2
618 2
617 3
617 3
617 4
617 0
616 0
616 3
615 4
615 3
615 2
616 3
615 2
615 1
615 0
615 3
614 3
614 0
614 4
614 4
614 3
614 0
614 5
651 5
696 3
663 3
655 3
654 4
620 4
616 1
616 5
627 2
630 1
630 2
630 1
635 0
633 3
626 4
616 4
616 1
616 3
616 0
613 1
614 3
614 4
614 4
614 2
614 1
614 1
614 4
614 1
629 0
614 4
613 0
613 2
615 0
615 4
613 4
613 0
613 0
613 3
613 1
613 3
612 1
617 4
614 0
611 4
611 0
611 5
650 0
650 4
613 3
613 0
613 2
619 3
617 5
652 1
652 1
652 0
652 2
652 4
617 3
616 4
616 0
616 3
616 5
653 2
656 4
616 4
615 4
615 2
617 3
617 4
617 0
616 5
651 3
640 3
637 4
613 3
613 4
613 5
627 4
614 2
617 5
630 5
656 2
656 0
656 3
629 0
628 2
627 5
678 0
678 2
680 4
625 5
636 1
636 2
636 4
619 1
621 4
618 4
618 5
633 4
617 3
616 4
616 4
616 4
616 5
630 2
633 0
632 0
632 5
677 2
677 3
648 4
620 4
619 3
618 0
617 3
617 3
617 2
616 2
616 4
616 4
616 4
616 3
616 0
616 0
616 0
616 0
616 2
616 3
615 0
615 3
615 5
651 4
618 4
618 3
618 2
618 2
618 5
626 3
616 1
618 0
616 3
616 0
616 0
616 0
616 5
660 1
660 2
666 4
617 4
616 3
616 4
616 2
618 3
617 4
616 3
616 4
616 5
626 2
626 0
626 4
615 5
626 3
617 2
618 5
638 4
615 2
617 3
617 5
630 3
622 3
621 5
645 3
630 0
629 0
629 5
685 5
748 1
747 1
751 3
703 3
694 0
694 3
688 5
788 3
756 0
756 1
756 5
914 2
911 4
648 0
642 2
641 2
640 5
709 3
681 3
670 4
629 3
625 0
625 5
686 3
663 1
665 0
665 0
665 0
665 1
667 2
666 0
665 2
664 0
664 5
751 1
752 5
849 2
846 4
646 0
643 3
642 1
642 5
700 3
681 4
630 5
646 0
646 3
635 0
635 4
626 0
626 1
629 2
628 5
688 1
688 3
664 4
629 0
629 1
629 5
695 3
672 2
671 1
671 0
671 1
671 3
671 0
671 4
635 3
632 0
631 3
631 3
630 3
630 5
698 4
630 4
618 1
618 4
618 5
633 1
635 2
634 2
635 0
635 5
692 5
755 2
756 3
706 1
706 1
706 1
706 2
705 3
687 1
687 1
688 3
685 3
682 3
680 0
680 4
639 4
621 0
619 3
618 0
618 0
618 0
618 0
618 2
617 4
616 5
636 0
636 3
624 2
623 2
622 0
622 2
621 5
686 4
627 1
627 5
642 3
625 3
625 3
625 3
625 1
625 4
617 1
619 3
619 4
614 2
616 2
616 2
617 2
618 0
618 5
667 3
643 2
642 0
642 2
641 0
641 2
640 3
639 4
627 4
616 3
615 3
615 2
615 4
615 5
631 4
614 3
614 0
614 2
614 2
614 1
614 3
614 0
614 3
612 5
660 3
648 3
643 3
643 1
643 4
616 3
613 2
612 3
612 3
612 4
612 4
612 5
629 0
629 2
629 1
630 5
688 4
619 3
619 4
616 2
617 1
619 3
614 2
615 3
614 4
613 3
613 2
613 0
612 0
612 4
612 2
612 4
612 4
612 3
612 0
612 4
612 3
612 3
612 3
612 0
612 4
612 1
612 3
612 3
612 0
612 2
612 4
612 2
612 1
615 5
633 3
617 3
617 1
617 4
613 3
613 5
633 0
633 4
617 1
617 2
617 2
617 3
616 0
613 5
659 5
713 4
625 2
624 4
623 1
623 3
623 5
633 2
633 3
620 1
620 1
620 3
619 4
616 2
617 5
635 0
635 4
615 1
615 3
615 2
615 4
615 2
615 3
615 3
615 2
615 3
615 2
615 1
615 3
615 0
613 3
613 1
613 3
613 0
613 4
613 5
632 4
613 4
613 4
613 2
613 1
613 4
613 3
613 4
613 0
613 1
613 4
613 4
613 2
613 3
613 3
613 4
613 3
613 2
613 2
613 3
613 3
613 0
613 4
613 0
613 0
613 2
613 4
613 5
631 3
621 4
614 2
614 5
630 4
613 2
613 2
613 1
613 0
613 5
656 3
636 3
629 5
673 2
671 3
653 3
648 0
647 1
647 3
645 2
644 0
644 0
644 0
644 2
643 4
630 0
629 4
624 2
623 5
646 0
646 2
646 0
646 3
631 2
630 4
621 4
614 0
614 2
614 2
614 3
614 2
613 3
613 2
612 0
612 0
612 3
612 4
612 5
630 1
629 4
613 3
613 3
613 4
613 0
613 5
662 1
662 5
715 4
622 3
619 3
619 2
618 5
632 4
614 2
614 3
614 0
614 1
614 1
614 3
614 3
614 0
614 3
614 4
614 2
613 5
628 0
628 3
616 5
655 4
615 0
615 3
615 4
614 5
630 0
629 3
619 1
619 5
662 5
714 2
714 5
769 5
833 2
832 2
832 5
901 3
810 3
772 5
849 2
847 4
660 1
660 0
653 2
653 4
640 4
631 3
628 1
628 0
627 3
625 0
625 3
624 2
623 3
623 3
623 1
623 5
670 1
670 2
670 3
651 4
623 1
623 3
622 4
620 4
620 4
620 4
620 2
622 2
622 1
622 4
620 4
620 4
620 0
620 2
620 0
620 5
663 2
663 0
663 0
663 4
623 3
623 1
623 2
623 4
623 3
623 5
631 5
658 0
658 3
636 5
672 3
655 2
654 5
703 4
627 3
625 2
624 0
624 0
624 3
624 4
623 4
618 3
618 5
631 4
620 2
620 4
620 0
619 1
619 0
619 4
619 0
619 3
619 2
618 4
618 2
618 2
621 5
632 3
625 5
647 5
686 5
740 3
692 0
692 0
692 2
691 3
677 3
671 3
668 2
667 5
751 0
751 2
749 3
731 3
726 3
723 2
722 4
638 2
637 3
632 3
630 4
625 5
638 2
638 1
638 4
623 0
622 4
622 3
622 4
619 3
619 3
619 2
619 3
619 4
619 0
618 3
618 5
665 0
665 3
650 0
650 3
648 2
647 0
647 4
628 4
616 0
616 1
616 3
616 1
616 4
614 2
615 5
635 3
624 2
623 4
617 2
617 0
616 2
616 0
616 3
616 4
614 3
613 5
633 4
616 4
616 0
614 3
614 3
614 3
614 5
658 2
658 4
619 4
619 0
615 5
664 1
664 4
617 4
617 4
617 2
617 3
617 4
617 0
615 3
615 0
615 0
615 1
615 3
615 5
663 0
663 3
649 3
647 5
712 0
712 3
693 4
629 1
629 5
646 3
633 3
631 5
670 3
656 5
726 0
726 2
724 1
721 3
706 3
701 4
632 3
626 4
619 0
618 5
670 0
670 3
655 3
651 0
651 5
738 2
736 4
630 3
625 3
625 4
619 0
618 1
618 3
618 0
618 2
618 4
618 4
616 0
616 3
616 3
616 5
662 3
648 3
646 2
645 3
645 4
620 4
619 2
618 4
618 4
618 5
636 4
617 1
617 4
617 5
636 0
636 5
692 4
623 2
622 0
620 3
620 4
617 3
617 0
617 4
617 4
617 1
617 1
617 1
617 0
617 2
617 4
617 4
617 3
617 0
617 4
617 3
617 0
617 1
617 2
617 3
617 0
617 4
617 4
617 0
617 3
617 3
617 4
617 4
617 2
617 3
617 5
636 0
636 5
688 3
654 3
644 5
703 4
619 3
618 3
618 2
617 2
617 0
617 2
617 4
616 0
616 0
616 4
616 0
616 1
616 4
616 0
616 3
616 2
616 5
662 0
662 2
662 2
662 5
720 3
682 5
734 3
706 3
697 5
799 1
799 4
637 4
622 3
622 5
636 1
636 4
621 4
620 0
619 2
619 4
617 3
617 2
617 2
617 2
617 5
639 0
639 3
622 3
620 2
619 2
618 3
618 4
616 0
616 0
616 5
666 2
666 0
666 1
666 1
664 4
619 0
618 5
671 4
619 3
619 3
619 2
618 0
618 2
618 3
617 5
664 2
662 5
718 1
716 2
715 4
621 4
618 5
631 0
631 3
619 4
614 3
613 5
630 5
667 3
640 1
640 0
640 3
632 3
629 3
627 4
619 3
617 4
611 2
611 3
611 0
611 2
611 2
611 5
663 3
645 4
620 3
618 3
615 3
615 3
615 3
615 2
615 3
615 4
615 4
615 5
634 0
634 2
634 0
634 2
634 0
634 4
614 2
614 5
634 2
634 4
616 4
615 4
615 4
615 4
615 3
615 3
615 3
615 5
633 1
633 4
616 3
616 5
633 5
667 3
637 3
633 2
632 3
631 3
631 3
631 0
631 5
694 3
672 3
669 1
669 5
757 5
862 5
975 5
1088 2
1082 1
1082 4
644 0
638 4
631 3
630 5
646 0
646 3
634 0
634 1
634 1
634 3
631 3
630 5
686 1
686 0
686 1
686 5
757 5
838 0
838 3
785 5
880 3
847 3
837 0
837 3
830 3
826 1
826 5
1062 5
1311 4
660 3
647 2
646 4
633 5
641 3
632 3
630 1
630 0
627 5
677 0
677 3
659 3
653 0
653 4
631 0
631 4
626 3
626 3
626 0
626 3
626 4
623 3
623 3
623 0
623 3
623 1
623 0
623 3
623 5
682 5
753 5
827 3
767 3
749 4
639 3
633 5
641 5
678 4
624 5
638 4
621 2
621 5
637 2
637 0
636 2
636 5
684 2
684 3
653 3
646 4
626 5
633 3
626 3
624 3
624 3
624 5
649 2
649 3
633 2
632 3
631 2
630 5
672 2
670 4
628 4
622 4
622 3
621 0
620 2
620 4
618 2
618 2
618 3
618 3
618 3
618 4
618 5
632 5
656 1
656 3
633 4
619 4
618 3
618 1
618 3
618 5
633 5
659 3
633 2
632 1
632 5
673 1
673 4
619 5
631 2
631 5
655 0
655 2
655 0
655 5
709 2
709 2
709 4
618 4
618 4
618 4
618 0
618 5
665 3
644 3
640 2
639 3
638 3
638 0
638 5
703 0
703 3
682 1
682 1
682 5
765 4
642 4
624 5
636 5
660 3
630 1
630 4
619 4
617 3
616 0
615 3
615 5
657 4
615 0
614 0
614 4
614 3
614 3
613 0
613 3
613 5
653 4
615 3
615 0
615 4
614 2
614 3
614 3
614 2
613 4
613 4
613 0
613 0
613 0
613 4
613 0
613 0
613 3
613 4
613 4
613 1
613 3
613 5
624 4
613 4
613 4
613 0
613 0
613 2
613 1
613 2
613 5
656 4
614 4
614 5
629 2
629 0
629 2
629 1
627 1
627 4
614 4
614 1
614 4
614 3
614 3
614 5
626 0
626 2
626 0
626 3
617 4
612 3
612 5
628 5
659 2
659 3
634 5
674 0
674 0
674 3
656 4
619 5
636 1
636 3
625 3
621 5
650 5
701 3
666 2
665 2
664 1
664 4
624 4
618 5
628 4
614 4
614 0
614 3
614 4
614 5
629 2
629 5
664 5
709 0
709 3
670 0
670 5
744 2
742 4
629 4
621 4
621 3
619 5
635 0
635 3
623 5
669 5
725 5
786 5
850 2
849 0
849 5
916 2
916 0
916 5
981 3
886 4
650 3
643 5
649 4
631 0
628 4
626 1
626 0
626 1
626 0
626 5
670 2
670 3
650 3
643 1
643 0
639 3
637 4
630 3
627 0
625 0
625 5
687 3
664 1
664 3
662 3
658 4
622 0
621 4
618 1
618 1
618 1
618 4
612 5
627 3
617 5
648 2
648 3
637 1
637 5
688 3
668 5
748 3
720 0
720 5
853 4
626 3
625 0
623 4
618 5
630 3
621 5
658 5
717 3
682 3
670 4
624 0
620 3
620 0
620 2
620 4
618 4
610 2
610 2
610 1
610 2
610 1
610 3
610 1
610 1
610 4
609 3
609 4
609 0
609 2
609 4
609 4
609 3
609 3
609 1
609 0
609 4
609 0
609 1
609 5
660 1
660 2
659 2
659 3
640 5
702 5
781 1
781 3
749 0
749 3
738 2
736 0
736 5
891 3
872 3
865 0
865 3
864 3
863 3
863 3
863 4
641 0
639 0
639 3
639 5
727 4
626 5
638 0
638 5
717 0
717 1
717 3
686 2
685 1
685 4
626 5
641 0
641 3
630 3
630 5
692 4
629 3
627 4
617 5
627 5
668 2
666 2
666 5
724 5
792 2
790 0
790 5
864 0
864 4
638 3
633 3
631 3
630 0
626 0
626 1
626 3
625 2
624 0
622 3
621 3
621 0
621 5
680 0
680 4
620 2
618 2
617 4
615 3
615 2
615 1
615 2
615 2
615 4
614 3
614 4
614 3
613 4
612 0
611 4
611 4
611 4
611 1
611 4
611 3
610 1
610 3
610 4
610 5
621 3
610 5
636 1
636 3
626 5
676 3
655 1
655 3
645 2
644 5
716 2
714 3
688 4
622 4
611 2
611 4
611 5
622 3
614 0
614 4
611 2
610 5
622 0
622 0
622 5
680 3
654 5
711 5
787 4
629 4
617 2
616 3
616 1
616 3
615 0
611 1
611 0
611 1
611 4
607 0
607 0
607 3
607 4
607 4
607 3
607 0
607 0
607 0
607 3
607 4
607 5
619 5
655 0
655 5
709 5
770 4
620 5
626 5
655 4
613 5
624 1
624 3
613 4
610 0
609 3
609 3
609 1
609 2
608 0
608 3
608 0
608 3
608 5
656 3
639 5
699 4
612 3
610 2
609 1
609 2
609 0
608 3
608 3
608 5
658 2
658 3
639 4
609 4
607 1
607 3
607 3
607 4
607 3
607 1
607 4
607 3
607 4
607 2
607 1
607 4
607 3
607 3
607 0
606 0
606 2
606 2
606 1
606 0
606 0
606 5
654 4
610 4
609 2
609 4
609 5
621 3
607 4
607 5
620 2
620 5
652 4
610 1
610 1
610 1
610 4
610 5
622 0
622 2
622 3
612 1
612 4
609 3
609 0
609 0
609 5
655 3
636 3
634 1
634 2
633 4
611 0
611 2
611 2
611 5
657 0
657 4
610 4
609 4
609 4
609 2
609 3
609 2
609 5
625 5
655 4
610 5
625 3
612 3
612 2
611 4
609 -1
2743 4
2743 4
2743 0
1920 2
1897 2
1866 1
1866 1
1866 2
1843 4
911 1
916 0
848 4
769 0
757 5
810 1
810 5
865 0
865 0
865 1
865 1
864 3
816 5
885 4
732 5
728 1
732 1
741 0
725 1
727 3
716 4
702 0
699 5
762 1
762 3
737 0
737 2
736 0
736 2
735 1
736 1
740 3
734 2
733 1
734 5
824 1
824 2
822 4
703 4
685 3
681 3
676 2
675 4
674 4
674 0
664 2
665 4
656 1
659 5
673 3
662 1
667 4
655 2
653 3
652 2
642 3
637 5
654 2
655 5
694 3
662 3
656 5
717 0
717 0
717 2
715 2
713 5
795 2
792 1
792 3
747 5
852 1
852 5
971 3
914 3
890 3
880 4
670 0
664 0
664 1
666 3
665 2
663 0
662 2
661 4
647 5
655 4
633 1
635 2
633 1
633 2
631 2
630 2
629 3
628 2
627 3
622 1
623 5
638 5
682 0
682 3
650 5
711 0
711 3
690 2
689 0
689 0
689 4
638 2
637 3
631 3
631 3
631 3
630 4
618 1
621 1
625 0
620 4
617 2
617 2
617 4
615 2
616 5
636 0
636 1
636 2
635 1
637 2
636 5
686 4
626 3
622 4
619 4
619 5
629 2
631 2
632 0
632 3
624 3
622 4
615 4
614 2
616 2
618 1
621 2
618 3
616 2
615 4
615 1
615 4
615 3
615 5
624 3
614 2
613 4
612 2
614 5
624 0
624 5
670 0
670 3
646 0
646 1
647 3
646 5
717 3
693 4
633 5
645 0
645 3
632 5
695 2
692 5
762 4
631 5
638 4
618 2
617 4
614 4
614 2
616 3
615 4
614 4
614 3
614 3
614 2
614 2
615 5
628 2
632 1
644 0
633 4
616 4
615 2
618 5
633 1
636 1
636 1
640 2
637 3
621 2
620 3
616 3
616 4
615 5
625 1
626 4
615 3
615 4
615 3
615 2
615 3
615 4
615 0
615 4
615 3
615 2
616 5
629 3
622 2
621 2
620 3
618 5
642 3
625 3
625 3
625 2
624 4
617 5
635 5
666 4
621 1
623 4
621 2
621 0
618 3
614 3
614 2
614 4
614 4
614 4
614 3
614 2
616 0
615 1
621 2
620 5
658 3
637 2
636 3
634 4
616 5
628 2
630 1
630 5
664 5
709 5
757 3
684 3
668 2
667 2
666 0
666 0
666 3
660 3
659 4
635 3
631 2
630 0
630 4
624 5
642 4
618 0
617 5
669 3
649 3
646 4
623 3
622 4
617 1
619 5
638 2
639 0
639 0
639 3
628 2
627 1
629 2
627 4
619 5
634 1
635 3
621 3
621 0
621 4
619 5
639 4
616 4
616 4
616 0
614 2
616 3
614 2
614 0
614 2
614 0
614 4
614 4
614 0
614 3
614 3
614 3
614 5
659 3
645 4
618 4
615 3
615 2
613 2
614 1
614 4
613 4
613 4
613 1
613 3
613 1
613 3
613 4
613 4
613 2
614 1
618 3
615 0
612 2
614 5
660 2
662 4
613 2
617 4
614 5
625 5
655 3
628 2
627 3
626 4
616 1
618 2
617 3
614 0
612 0
612 2
612 4
612 2
613 2
615 1
615 5
633 0
633 2
639 4
614 0
614 0
614 0
614 1
614 1
615 5
653 2
653 4
617 3
616 1
619 3
616 1
616 2
616 0
616 2
624 4
618 4
618 3
617 0
617 5
652 3
638 3
637 4
617 0
617 3
617 5
655 3
640 3
640 3
639 2
638 2
637 5
679 5
739 2
736 0
734 2
731 2
730 2
729 2
729 3
684 3
674 3
670 0
669 2
667 0
667 4
631 2
630 5
642 2
641 4
614 1
617 3
615 3
614 5
626 2
627 5
663 3
632 4
612 3
611 0
611 1
611 1
611 0
611 4
610 0
610 1
614 5
661 3
637 2
636 2
635 4
613 0
610 3
610 3
610 4
610 3
610 5
623 3
614 1
614 3
614 2
613 3
613 3
613 2
612 1
613 5
647 2
647 1
647 2
649 4
612 3
612 3
612 2
613 4
611 4
611 1
613 5
625 2
624 1
624 2
628 5
665 1
665 4
617 3
617 4
617 3
617 0
615 2
615 3
615 2
614 2
613 3
613 1
614 2
613 1
614 4
612 3
612 5
626 4
611 3
611 1
611 4
611 0
611 1
611 3
611 1
611 4
611 1
613 3
613 5
634 5
668 1
669 2
668 0
668 0
668 3
638 2
637 5
687 0
687 4
626 3
621 3
621 5
638 0
638 5
691 3
658 2
657 3
649 3
647 3
647 5
711 1
710 3
681 3
680 3
679 5
769 2
766 2
764 5
882 3
829 4
644 3
635 0
632 3
631 2
630 3
630 4
626 5
646 3
631 5
671 1
671 3
651 2
649 4
629 0
628 4
625 3
622 2
621 3
620 4
613 5
632 2
630 5
670 3
637 4
614 1
614 2
614 4
614 3
613 3
613 4
613 2
613 5
631 2
634 2
634 2
634 3
621 1
624 1
626 2
624 4
614 2
614 4
614 3
613 2
613 3
612 2
613 2
615 2
615 3
613 1
613 4
612 3
612 0
612 3
612 3
612 2
612 4
612 4
611 3
611 0
611 0
611 4
611 4
611 2
612 3
612 3
612 3
612 2
614 4
613 3
613 1
615 3
613 4
613 3
613 4
613 0
613 5
659 2
659 2
659 4
620 3
620 2
619 4
619 4
619 2
618 2
618 2
621 3
620 3
619 3
619 2
619 4
618 0
616 5
656 4
619 2
618 1
620 5
630 2
630 2
634 3
622 5
642 1
641 1
641 3
633 5
660 0
660 5
720 3
682 4
630 1
632 2
631 3
625 0
621 4
620 4
615 5
634 1
635 4
616 4
616 2
616 0
616 3
615 3
615 4
615 0
615 5
657 0
657 3
638 0
637 2
636 3
633 5
695 4
630 2
629 2
628 0
622 3
622 3
622 0
622 5
678 4
622 2
621 4
615 0
613 3
612 1
612 2
612 3
612 1
612 5
657 4
614 2
614 3
614 5
634 1
634 5
669 3
636 5
680 5
734 2
731 1
731 3
685 5
755 5
843 0
843 3
784 5
909 4
645 1
646 0
640 0
639 0
639 2
638 2
637 4
630 5
643 2
642 1
643 3
630 2
629 0
628 4
625 5
645 3
628 2
627 4
622 4
617 1
619 4
617 2
617 4
617 2
617 4
617 2
617 0
617 0
617 2
616 3
615 0
615 3
615 0
615 3
615 0
615 3
615 2
615 3
615 3
615 1
615 2
618 5
673 3
650 0
650 3
647 2
646 3
646 5
734 3
704 1
705 3
702 5
825 2
823 4
638 2
636 4
617 5
631 2
634 2
634 0
634 1
635 4
616 0
616 4
616 5
628 3
620 4
616 4
616 5
628 3
618 0
618 3
618 2
618 4
617 2
616 4
615 4
615 3
615 3
615 2
615 1
615 2
617 3
617 4
616 4
616 2
616 2
616 4
616 3
616 4
616 5
631 4
617 1
617 4
617 5
635 5
668 3
633 5
671 0
671 5
740 2
738 4
628 2
625 3
624 3
624 3
624 1
624 3
624 1
627 3
624 3
624 2
623 0
623 2
623 1
623 5
673 2
673 4
623 5
636 2
636 3
624 5
647 2
645 0
645 3
631 2
630 0
629 0
629 4
622 4
617 0
617 0
617 5
668 1
669 4
624 4
622 2
623 3
623 5
629 3
622 2
622 3
622 2
621 4
620 4
620 3
620 5
628 2
632 4
621 3
621 4
619 4
619 4
619 5
630 4
619 2
619 0
619 3
617 5
654 0
654 2
654 4
622 4
620 1
620 4
620 3
620 2
620 2
620 0
617 5
656 2
656 5
703 3
665 3
661 3
661 2
660 3
659 1
659 2
658 5
705 2
703 2
701 1
701 2
699 5
773 2
770 1
770 4
631 5
638 4
619 2
618 4
617 2
617 3
617 3
617 2
618 1
618 4
618 0
617 5
657 4
619 0
615 1
615 1
615 5
654 2
654 4
616 3
616 0
614 3
612 1
612 1
612 1
612 2
612 5
651 0
651 1
651 3
640 3
637 4
616 5
627 5
657 0
657 4
614 5
627 1
628 1
628 1
628 0
628 5
677 5
732 4
625 5
631 3
619 3
618 5
638 0
638 2
638 1
638 1
638 4
617 5
629 0
629 4
616 4
615 3
615 1
615 5
630 2
630 2
630 0
630 4
615 0
614 0
614 0
614 3
614 1
614 3
614 3
614 3
614 0
614 1
614 0
614 5
658 3
638 3
638 3
637 3
636 0
635 5
703 4
630 4
618 5
630 3
617 5
639 1
639 4
616 5
627 2
627 0
627 4
614 0
612 1
612 0
612 3
612 3
612 1
612 3
611 5
652 3
635 4
617 3
615 3
615 2
615 5
624 5
651 3
625 3
618 0
618 4
616 3
614 5
629 3
616 5
641 3
629 0
629 2
629 3
628 2
627 3
626 4
617 0
617 3
617 5
674 5
738 4
628 0
621 2
621 0
621 0
621 3
618 4
615 3
614 4
609 4
609 3
609 5
626 0
626 0
626 2
626 3
617 4
610 4
610 4
610 1
610 3
610 5
625 2
625 2
625 4
611 4
611 1
611 5
626 4
611 1
611 3
611 3
611 0
609 2
609 0
609 1
609 4
609 4
609 4
609 0
609 4
609 3
609 3
609 2
609 4
609 1
609 0
609 0
609 0
609 4
609 2
610 5
624 5
662 2
662 4
614 3
614 0
610 3
610 5
655 0
655 4
610 4
610 5
624 4
611 3
611 3
611 5
624 3
613 3
613 0
613 3
613 2
613 3
611 3
611 3
611 4
611 3
610 1
610 4
609 4
609 0
609 5
657 4
614 3
614 5
626 0
625 5
677 4
615 3
615 0
613 4
611 3
611 0
611 3
611 0
611 5
658 0
658 1
658 2
658 3
639 2
638 2
637 0
637 4
621 1
621 5
639 5
680 3
643 1
643 0
643 4
629 4
613 5
627 4
613 3
613 5
628 3
614 2
613 4
610 3
610 4
609 3
609 1
609 1
609 3
609 4
609 4
609 5
625 4
608 4
608 0
608 0
608 4
608 4
608 0
608 2
608 0
608 3
608 2
608 0
608 0
608 2
608 4
608 1
608 5
626 1
626 5
659 4
609 2
608 5
624 5
663 4
612 0
609 5
658 5
712 1
712 0
712 5
774 4
623 3
620 0
615 1
615 0
615 5
661 3
637 5
692 1
692 2
690 3
662 5
733 4
627 0
624 3
622 2
621 4
619 4
607 4
607 3
607 0
607 4
607 4
607 5
623 4
607 4
607 5
623 5
657 3
625 1
625 4
611 3
610 1
610 4
609 1
609 3
609 4
609 4
609 4
609 4
609 4
609 3
609 4
609 4
609 4
609 4
609 4
609 3
609 4
609 4
609 0
609 4
607 5
623 4
607 1
607 2
607 1
607 4
607 2
607 5
624 3
611 4
606 4
606 2
606 0
606 5
651 3
633 0
633 4
623 2
622 2
621 3
618 0
617 0
617 1
617 2
617 3
616 3
616 0
616 0
616 4
611 5
631 5
668 1
668 5
730 2
730 1
730 0
730 2
728 0
728 3
666 2
665 3
657 4
616 4
609 3
609 3
609 0
607 0
607 5
656 2
656 1
656 4
611 3
611 4
609 0
607 2
607 3
607 1
607 5
651 4
609 4
609 3
609 2
609 4
609 2
609 3
609 5
623 1
623 1
623 4
607 2
607 3
607 5
626 4
607 0
606 2
606 2
606 0
606 1
606 5
652 2
652 0
652 1
652 3
633 3
632 0
630 4
620 5
635 4
608 5
628 0
628 3
616 5
665 2
665 0
665 0
665 1
665 3
648 5
715 1
715 4
620 1
620 4
608 5
627 3
613 1
613 4
609 3
609 3
609 0
608 0
608 2
608 0
608 0
608 0
608 3
608 0
608 4
608 4
608 4
608 3
608 0
608 3
608 5
650 0
650 4
608 4
608 3
608 5
625 1
625 0
625 0
625 0
625 0
625 4
607 0
607 0
607 2
607 4
607 2
607 3
607 4
607 0
607 4
607 0
607 1
607 0
607 0
607 3
607 1
607 2
607 3
607 5
652 3
632 4
610 2
609 2
608 1
608 2
608 0
607 5
653 3
633 4
610 0
609 5
657 0
657 0
657 1
657 4
609 1
609 5
629 3
615 0
615 5
668 2
668 0
668 5
724 4
618 0
612 3
612 0
612 3
612 1
612 0
612 0
612 4
611 4
608 5
624 2
624 5
656 1
656 1
656 1
656 4
611 4
611 4
611 4
611 4
611 3
611 4
611 3
611 2
611 3
611 3
611 3
611 3
611 4
611 4
611 1
611 0
608 1
608 0
608 4
607 5
627 2
627 0
627 0
627 1
627 5
679 0
679 4
613 0
608 0
608 2
608 4
608 4
608 0
608 5
650 4
612 1
612 4
611 0
608 3
608 2
608 5
650 3
634 1
634 3
633 2
632 2
631 3
630 3
630 4
609 0
609 4
608 4
606 0
606 1
606 0
606 4
606 2
606 3
606 5
626 3
613 5
643 5
696 4
609 1
609 3
609 1
609 0
606 1
606 0
606 4
605 3
605 3
605 3
605 5
624 4
604 5
624 4
604 5
625 1
622 3
612 0
612 0
612 3
612 4
610 1
610 4
605 2
605 0
605 3
605 3
605 0
605 3
605 2
605 0
605 3
605 3
605 3
605 3
605 3
605 5
651 3
633 4
609 0
609 0
609 5
657 4
613 2
612 0
609 3
609 2
608 3
608 1
608 3
608 3
608 4
607 5
627 4
608 3
608 4
608 4
608 0
607 2
607 5
655 0
655 4
609 3
608 4
608 5
630 3
612 3
611 5
642 5
692 1
692 2
690 0
690 1
690 3
658 1
655 4
609 0
609 4
608 0
608 0
608 4
607 0
607 5
658 0
658 5
716 0
716 3
681 4
617 2
615 3
613 5
633 3
623 1
623 5
647 4
615 2
614 3
612 0
611 3
611 0
611 3
611 0
611 3
611 0
611 4
610 1
610 5
632 4
607 4
607 5
625 1
625 0
625 4
607 1
607 3
607 3
607 4
607 1
607 5
625 0
625 5
675 5
732 3
687 2
686 2
685 1
685 5
731 2
729 1
729 0
729 3
703 4
633 3
624 2
623 3
622 5
638 0
638 4
613 3
613 4
608 1
608 4
608 5
628 4
609 3
609 2
609 1
609 0
609 4
609 4
608 0
608 3
608 5
656 3
632 3
631 4
613 2
612 4
608 0
607 1
607 0
607 4
607 5
627 0
627 2
627 0
627 2
627 0
627 3
613 3
613 4
606 3
606 2
606 1
606 0
606 4
606 1
606 3
606 0
605 3
605 4
605 4
605 5
623 4
605 0
605 0
605 0
605 4
605 4
605 2
605 0
605 3
605 3
605 5
652 3
631 1
631 5
683 2
681 2
679 2
677 4
615 1
615 5
630 4
609 0
608 4
608 3
608 2
608 4
608 4
608 2
608 0
608 3
608 3
608 3
608 2
607 0
607 4
606 1
606 3
606 0
606 4
606 4
606 5
626 0
626 3
613 5
661 3
636 0
636 2
635 4
618 4
605 5
622 4
605 5
624 4
605 1
605 2
605 4
605 2
605 5
625 3
611 2
610 3
609 3
609 1
609 3
609 2
608 3
608 5
638 1
638 3
619 4
609 2
608 1
608 2
607 0
605 4
603 4
602 3
602 3
602 4
602 1
602 0
602 1
602 2
602 0
602 4
602 1
602 5
627 5
665 3
631 1
631 5
680 3
652 0
652 5
744 4
628 0
624 0
624 4
617 4
604 0
604 3
604 1
604 4
604 0
604 3
604 4
604 0
604 5
654 5
709 3
674 2
673 0
673 1
673 2
672 3
661 4
620 5
636 1
636 5
680 2
679 4
618 2
617 2
616 1
616 4
609 0
607 3
607 0
607 1
607 1
607 4
606 4
604 3
604 2
604 5
625 2
625 3
607 3
607 4
604 3
604 1
604 0
603 2
603 5
653 5
708 0
708 2
708 3
677 5
738 4
622 3
618 2
617 1
617 1
617 1
617 0
612 4
608 4
607 0
605 2
605 2
605 3
605 5
656 4
608 3
608 1
608 0
605 2
605 4
605 2
605 5
627 0
627 5
681 0
681 4
611 4
609 5
628 4
608 0
606 3
606 4
603 0
603 2
603 3
603 4
603 0
603 0
603 4
603 1
603 5
623 3
609 2
608 2
607 0
607 3
607 4
605 5
625 4
605 2
605 4
605 0
604 3
603 3
603 4
603 2
603 0
603 1
603 4
603 4
603 2
603 3
603 4
603 4
603 1
603 5
626 5
663 2
663 5
710 1
710 2
710 3
661 4
615 3
611 5
629 1
629 4
611 2
611 0
607 2
607 2
607 0
607 3
607 4
606 4
606 1
606 4
606 1
606 3
606 2
606 5
626 2
626 4
606 5
626 2
626 0
626 2
626 0
626 4
607 4
607 0
606 3
606 3
606 5
657 1
657 0
657 3
636 0
636 4
619 2
618 4
608 4
608 2
608 4
608 3
607 2
607 2
607 4
607 0
607 2
607 3
607 3
607 4
606 4
606 4
606 1
606 2
606 3
606 4
606 1
606 0
605 4
605 4
605 5
625 5
661 0
661 0
661 4
610 2
610 4
609 2
609 1
609 1
609 0
606 5
657 5
711 4
618 5
627 2
627 0
626 2
626 4
611 3
611 2
611 4
609 4
609 1
609 3
609 0
608 4
606 3
606 2
606 5
625 3
611 5
641 2
641 5
680 4
616 5
624 5
654 4
609 4
608 2
608 3
608 5
622 5
657 0
657 3
629 0
629 0
629 5
697 5
766 0
766 3
723 2
721 2
720 2
719 4
635 2
633 -1
2743 3
1390 2
1389 5
1320 4
1262 5
1204 5
1161 5
1126 4
1121 0
898 2
917 5
942 5
974 5
1011 4
758 0
725 4
707 3
702 2
703 4
700 0
697 5
713 5
734 3
711 4
695 4
694 4
694 3
694 0
684 0
684 1
685 0
684 0
684 4
674 5
685 4
674 4
674 0
673 1
678 4
676 4
676 0
675 0
675 5
701 0
701 2
713 2
712 3
681 5
694 4
672 1
672 0
666 1
667 0
667 3
667 5
697 0
697 0
697 0
697 2
700 1
699 4
667 5
677 3
669 4
664 3
664 2
669 4
668 3
665 1
667 3
665 4
665 0
663 1
681 3
664 1
666 0
665 2
669 0
669 3
665 2
666 4
663 4
663 5
674 2
685 5
707 0
707 1
705 1
705 1
697 2
696 5
725 3
689 5
709 1
714 4
673 1
677 4
673 2
677 2
686 2
708 2
708 5
718 4
689 4
688 3
682 0
669 5
694 5
725 1
729 1
729 4
672 5
677 0
676 1
677 0
677 4
666 0
666 0
666 4
666 3
666 4
666 0
665 2
665 5
693 2
693 4
665 3
664 4
664 5
668 3
663 2
662 2
661 5
672 3
664 2
663 4
659 4
659 4
658 4
658 5
669 5
692 0
692 5
725 2
744 3
694 1
694 3
681 4
661 2
660 4
660 1
662 2
661 2
660 0
657 4
655 4
655 4
655 1
668 5
670 4
655 2
655 1
659 4
658 1
658 1
661 2
658 0
655 5
682 4
655 5
670 1
672 0
671 4
651 4
651 3
650 4
650 4
650 1
650 1
650 5
663 4
650 2
651 3
650 5
663 5
688 4
653 0
651 2
652 5
680 4
652 4
652 5
662 3
654 0
651 4
648 4
648 5
663 0
663 0
663 2
672 0
672 2
681 5
712 5
749 3
698 1
699 0
697 4
662 1
662 3
659 3
659 3
659 4
649 0
648 3
647 3
647 1
647 0
647 5
688 3
668 2
667 3
662 4
648 0
647 4
647 1
649 0
648 1
648 2
649 2
650 4
648 1
650 5
664 0
664 2
664 1
664 0
664 4
649 1
653 1
655 4
649 3
646 0
644 0
644 4
642 5
658 1
666 0
659 5
702 4
651 0
649 2
655 5
690 4
649 4
648 0
644 5
678 0
678 5
717 4
649 2
651 1
651 3
651 2
650 4
650 1
650 4
650 4
650 0
647 4
646 3
643 5
654 0
654 4
643 4
643 3
643 0
641 5
674 4
642 4
642 3
642 4
642 3
642 1
645 1
647 0
646 4
643 1
649 5
659 4
643 1
643 2
642 5
650 0
650 1
653 4
640 0
639 0
639 4
639 4
639 4
639 4
639 1
645 2
641 3
640 3
639 5
655 0
655 2
662 5
698 4
648 3
647 5
655 0
655 5
690 2
690 3
665 5
689 0
688 4
651 3
650 0
647 3
646 1
651 3
651 3
651 0
648 1
649 4
645 2
644 2
643 0
643 2
646 4
642 3
642 4
639 1
639 5
655 5
682 4
643 2
642 4
641 3
641 4
641 4
641 5
653 4
638 3
637 2
640 1
647 5
651 4
638 0
636 3
636 1
636 5
664 5
700 5
742 4
646 2
649 0
647 3
644 5
667 4
642 4
642 3
642 3
642 0
641 4
640 0
640 2
640 4
640 4
640 4
640 2
641 4
641 3
641 0
641 3
641 1
642 5
669 0
669 3
656 4
642 2
643 5
658 1
659 5
683 2
686 1
689 0
689 4
649 4
648 1
652 2
651 1
655 4
654 1
657 2
656 5
657 2
658 2
661 0
660 3
650 2
649 3
648 2
647 4
646 4
646 4
646 2
647 5
660 3
648 5
665 3
651 3
651 3
650 5
670 2
667 5
699 1
699 4
648 1
648 0
646 4
644 3
643 1
643 5
660 0
660 4
641 2
640 3
640 4
640 3
640 4
639 4
639 5
654 2
660 4
642 2
642 3
642 3
642 4
641 5
656 4
641 0
640 0
640 2
640 2
651 3
648 4
647 0
646 3
644 5
670 5
704 0
704 4
646 3
646 2
646 2
645 0
644 3
643 5
667 4
643 4
642 3
642 3
642 4
642 4
642 2
642 4
642 3
642 5
657 4
642 5
657 4
642 4
642 4
642 3
642 4
642 3
642 0
642 4
642 0
642 5
668 1
668 2
667 4
642 0
642 0
642 0
642 4
642 5
657 1
658 3
649 1
649 5
667 2
665 0
665 5
704 4
647 3
647 5
662 4
643 0
642 3
642 0
642 3
642 5
669 3
659 1
658 2
657 5
684 0
682 3
672 3
666 3
666 3
666 0
664 2
663 2
662 4
653 2
652 5
669 3
657 2
655 2
654 4
644 2
643 4
641 3
641 0
636 2
643 4
632 1
632 4
632 5
652 5
683 3
654 4
639 2
638 4
638 0
635 0
635 3
633 3
632 3
632 5
669 3
654 5
693 2
691 3
672 3
667 1
668 1
668 2
667 4
642 4
632 5
649 4
632 0
632 4
630 2
631 3
631 3
631 4
631 2
631 2
633 0
633 3
631 2
634 0
634 2
634 4
628 3
628 0
628 4
628 1
631 0
631 1
631 3
631 5
663 5
706 0
706 2
706 5
757 5
816 3
741 3
717 1
717 1
722 1
722 3
706 4
645 4
638 3
636 3
636 5
647 5
668 4
635 4
635 4
635 1
635 4
635 5
643 4
632 3
632 0
631 3
631 4
629 1
631 2
630 0
629 4
629 2
629 3
629 2
629 5
637 4
630 0
629 2
629 5
666 3
645 0
644 5
700 0
700 2
700 1
701 3
683 3
675 0
674 0
674 5
767 2
765 2
763 3
739 5
867 0
867 4
651 4
623 0
620 2
622 3
620 5
656 1
658 0
657 4
618 3
618 5
631 1
633 5
660 0
660 0
660 1
662 4
621 2
620 3
620 4
619 3
619 0
617 5
656 0
656 2
656 5
706 1
708 5
759 3
702 4
630 5
639 0
638 0
638 3
625 0
624 0
624 4
620 3
620 1
620 0
620 2
620 0
620 5
672 2
673 0
673 2
676 2
676 3
650 1
650 4
623 1
626 3
620 0
618 3
618 3
618 5
667 0
667 2
670 5
725 5
786 2
786 4
631 3
628 4
624 3
624 4
624 0
619 1
620 0
620 0
620 2
620 2
620 2
620 1
620 1
623 2
620 5
661 4
619 4
618 5
633 5
658 3
630 0
629 5
681 5
739 2
738 1
738 2
737 4
627 3
626 3
625 0
621 0
620 0
620 5
668 1
668 4
617 0
616 0
616 4
616 5
628 1
628 3
619 1
619 3
617 3
617 4
615 3
615 5
626 4
615 3
615 0
615 0
615 3
614 3
614 5
657 1
654 1
654 2
653 1
655 2
654 2
653 5
705 0
705 1
706 3
672 2
671 4
619 2
618 3
617 2
616 0
614 5
659 0
659 3
638 0
638 5
701 2
699 2
698 3
676 0
676 3
672 3
671 0
671 4
639 0
639 1
639 4
627 0
625 4
623 5
640 4
615 2
614 4
613 4
613 4
613 0
613 1
613 1
614 0
614 2
613 4
613 0
613 3
613 5
657 4
619 1
621 4
618 4
617 1
617 2
617 3
614 4
613 4
613 0
613 3
613 3
613 4
613 2
612 5
623 3
616 4
613 1
613 3
613 3
613 4
613 0
613 4
613 0
613 4
613 2
614 5
624 0
624 3
616 4
612 5
622 4
613 3
612 1
612 3
612 3
612 0
612 3
612 3
612 2
611 5
649 1
649 4
613 1
613 1
613 0
612 5
654 3
639 0
638 3
635 0
635 0
635 5
703 5
774 2
773 0
773 3
733 3
725 2
724 2
722 0
722 0
722 4
646 4
622 0
618 3
617 2
617 3
616 2
615 3
615 2
615 3
615 2
615 4
614 2
614 1
614 0
614 3
614 2
613 3
613 3
613 0
613 4
613 2
613 4
613 5
626 4
614 0
614 3
612 1
612 2
612 3
612 3
612 3
612 3
612 5
653 3
636 2
635 0
635 0
635 4
621 4
612 2
612 5
628 4
616 4
615 2
615 5
631 0
631 2
631 2
631 2
631 5
680 0
680 0
680 2
680 2
680 4
626 4
623 1
623 2
623 2
625 1
624 0
621 4
620 3
619 1
619 3
619 4
618 4
618 3
618 2
618 4
618 2
618 1
618 2
618 0
617 4
617 3
617 2
617 2
617 0
617 4
616 4
616 3
616 2
616 4
616 1
616 1
616 4
616 5
628 3
621 4
617 5
627 1
627 1
627 4
619 2
619 3
619 3
619 5
632 0
632 3
623 4
619 5
632 3
624 3
619 4
616 2
616 3
616 4
616 2
616 2
617 0
615 3
615 4
613 4
613 1
613 4
613 5
622 3
618 2
617 0
617 4
616 0
616 3
616 1
616 4
613 2
613 2
616 5
627 5
658 5
702 4
629 5
634 2
634 1
634 0
632 0
632 2
632 2
632 3
625 2
624 5
656 0
656 5
705 3
671 5
719 2
717 1
717 4
634 3
631 5
638 2
637 5
665 5
703 1
703 5
754 3
694 2
693 3
676 3
663 3
660 4
628 3
625 2
624 5
636 2
635 1
636 2
635 2
634 1
634 2
633 4
621 4
617 4
617 1
617 4
617 5
629 1
629 2
629 3
622 4
618 3
618 2
618 0
617 4
616 4
616 5
629 4
616 0
615 5
652 4
617 5
628 3
621 3
620 1
620 4
617 3
617 0
617 0
616 3
616 3
616 0
615 0
615 4
614 4
614 4
614 4
614 0
614 5
657 5
704 3
660 0
660 1
660 3
654 1
654 3
652 2
651 4
625 4
615 1
615 3
615 1
615 3
615 0
615 5
662 1
662 0
662 4
619 4
616 2
616 5
630 0
630 2
630 2
630 0
630 2
630 4
616 1
616 1
616 5
630 4
616 0
616 1
616 4
616 1
616 4
616 3
615 2
615 1
615 3
613 5
625 3
617 1
617 2
616 3
616 5
644 4
611 3
611 3
611 2
611 2
611 0
611 0
611 2
611 3
611 1
611 0
611 4
611 5
625 4
611 0
611 2
611 3
611 1
611 0
611 4
610 0
610 3
610 5
647 0
647 1
647 3
636 4
613 3
612 4
611 0
611 4
611 2
611 4
611 1
611 0
611 4
611 1
611 3
611 1
611 3
611 4
611 3
611 5
626 4
611 5
626 1
626 4
612 3
612 4
611 4
611 3
611 3
611 2
611 1
611 4
611 4
611 3
611 4
611 4
611 3
611 0
611 0
611 5
650 5
698 4
618 0
614 2
614 3
613 4
610 3
610 1
610 2
610 0
610 1
610 5
651 0
651 0
651 3
636 2
635 4
614 3
613 3
613 2
613 1
613 2
613 3
613 4
613 4
613 5
627 3
618 3
616 3
616 5
643 3
631 5
667 5
721 0
721 4
623 5
636 1
636 2
636 1
636 3
625 4
618 2
617 5
629 4
612 3
612 4
611 3
611 2
611 4
610 5
631 2
631 3
619 5
647 3
633 4
614 2
613 2
612 1
612 4
609 3
609 1
609 3
609 2
609 4
609 1
609 4
609 0
609 0
609 5
648 0
648 2
648 3
635 5
677 4
615 3
614 3
614 4
612 2
612 2
612 1
612 4
612 2
612 3
612 0
611 2
611 0
611 2
611 5
649 4
611 4
611 1
611 2
611 0
611 5
651 4
611 2
611 4
611 4
611 5
630 5
665 0
665 3
640 1
640 3
633 3
630 0
629 3
629 2
628 4
619 2
618 5
635 4
611 1
611 5
630 2
630 0
630 3
619 4
611 2
611 5
628 4
612 4
611 4
611 2
611 4
611 2
611 0
611 0
611 1
611 4
611 1
611 4
611 4
611 0
611 4
611 2
611 2
611 0
611 5
652 4
611 3
611 2
611 0
611 3
611 1
611 3
611 3
611 5
651 4
613 1
613 1
613 5
634 0
633 0
633 4
612 3
611 4
611 2
611 4
611 5
629 5
662 3
634 4
616 5
634 4
615 2
615 2
615 4
614 4
614 4
614 4
614 2
614 5
631 2
631 0
631 3
621 2
620 3
620 0
620 4
615 5
635 3
623 2
622 4
617 4
615 4
615 5
625 0
625 0
625 0
625 3
622 4
613 4
613 1
613 1
613 2
613 0
613 3
613 3
613 3
613 4
612 0
612 4
612 2
612 3
612 0
612 3
612 4
612 2
612 2
612 0
612 2
612 0
612 3
612 5
650 3
636 4
613 0
612 3
612 4
612 3
612 0
612 3
612 0
612 3
612 4
612 0
612 0
612 5
652 3
637 4
618 0
615 4
613 0
613 3
613 1
613 4
613 0
613 4
613 4
612 5
626 3
620 1
620 3
619 0
619 0
619 5
669 4
619 1
619 3
616 5
635 0
635 3
624 2
623 2
622 3
622 2
621 3
621 5
658 1
656 5
707 3
672 3
665 2
664 3
661 0
661 4
637 0
634 1
634 4
623 4
612 4
612 4
612 4
612 3
612 2
612 3
612 0
612 4
612 3
612 2
611 2
611 3
611 2
611 3
611 3
611 1
611 3
611 1
611 5
632 4
612 2
612 3
612 4
612 2
612 0
610 2
610 2
610 1
610 4
610 3
610 2
610 3
610 2
610 0
610 0
610 4
610 4
610 0
610 1
610 3
610 3
610 2
610 1
612 3
612 0
611 3
611 3
610 4
609 4
608 0
608 0
608 0
608 5
650 2
650 5
695 4
618 2
617 1
617 0
615 3
615 2
614 5
649 4
609 3
609 4
609 2
609 3
609 3
609 2
609 4
609 4
609 3
609 4
609 4
609 3
609 5
623 2
623 1
623 3
617 0
616 0
616 1
616 2
615 1
615 4
614 3
613 3
613 3
613 3
613 2
612 4
609 0
609 0
609 0
609 1
609 2
609 0
609 1
609 1
609 2
609 4
609 3
609 1
609 0
609 4
609 5
625 2
625 1
625 3
618 4
609 4
609 1
609 3
609 0
609 4
609 3
609 1
609 0
609 4
609 5
623 4
610 0
610 0
610 5
648 4
610 2
610 5
626 2
626 0
626 3
617 2
616 4
611 3
611 3
611 2
610 3
610 3
610 0
609 2
609 2
609 5
647 0
647 2
647 0
647 0
647 2
647 5
694 1
694 4
617 1
617 2
617 4
617 3
615 1
615 4
615 0
612 2
612 1
612 5
650 5
697 0
697 5
748 1
748 1
748 3
690 5
729 5
797 3
749 4
632 3
625 2
624 4
615 4
614 0
613 4
611 4
611 3
611 0
611 5
655 2
655 0
655 4
613 2
612 4
612 0
612 2
612 4
612 5
627 4
612 5
627 3
618 3
617 0
617 3
617 4
614 4
612 3
612 3
612 4
611 4
611 1
611 3
611 1
611 4
611 3
611 0
611 4
611 1
611 3
611 2
611 3
611 2
610 3
610 3
610 0
610 5
651 5
698 3
661 4
622 3
620 2
619 2
618 3
617 3
617 5
628 4
617 4
617 1
617 0
612 5
653 5
700 4
620 1
620 5
630 2
630 5
657 2
657 0
657 1
657 1
657 5
703 4
621 1
621 0
617 0
617 0
617 4
615 0
615 4
614 3
612 0
612 3
612 0
612 3
612 5
648 1
650 0
650 2
650 4
614 4
612 5
622 0
622 5
663 5
709 3
674 2
673 1
673 0
673 1
673 5
736 3
706 4
634 3
633 5
644 4
622 2
621 5
627 4
619 3
617 5
625 0
625 2
625 5
671 2
671 0
671 2
671 2
671 4
621 3
621 5
628 3
620 1
620 0
619 3
618 5
660 0
660 3
638 1
638 2
637 3
635 4
622 4
614 4
613 2
613 3
613 5
623 5
655 4
609 3
609 5
623 3
616 4
611 2
611 5
626 2
626 4
611 3
611 5
622 4
610 3
610 3
610 5
623 1
623 5
657 5
706 2
706 0
706 0
706 0
706 0
706 2
706 4
617 3
616 4
616 3
615 2
615 4
615 3
615 0
612 1
612 3
611 2
611 4
611 3
611 1
611 2
611 3
611 1
611 4
611 0
611 3
611 4
611 4
611 3
611 5
622 4
611 5
622 4
611 4
611 5
622 4
611 3
611 3
611 1
611 4
611 0
611 4
611 5
622 3
615 2
614 3
614 1
614 5
634 2
634 0
634 4
613 3
613 3
612 5
628 3
615 5
641 2
639 5
684 3
660 1
660 2
659 4
622 4
618 3
618 0
614 1
614 3
614 2
613 3
612 5
649 3
634 4
618 5
631 2
631 5
665 0
665 2
665 4
618 2
617 5
624 3
616 4
613 3
611 0
610 3
609 3
609 2
609 4
609 4
608 0
608 0
608 0
608 4
608 3
608 0
608 4
608 1
608 3
608 1
608 3
608 2
608 3
608 5
625 1
625 3
619 1
619 5
638 3
632 1
632 4
614 2
613 5
625 5
656 1
653 3
634 0
634 3
632 1
632 2
631 4
620 4
609 4
608 5
623 3
613 3
613 0
613 0
613 3
612 0
612 0
612 2
612 4
612 3
612 2
611 2
610 3
610 3
610 2
610 2
610 0
610 2
610 4
609 4
607 2
607 2
607 2
607 4
607 2
607 2
607 4
607 3
607 3
607 4
607 5
622 0
622 5
673 4
608 5
622 0
621 3
614 5
658 2
658 0
658 4
612 4
608 5
622 5
657 5
709 3
662 2
661 4
612 5
626 3
617 2
616 1
616 3
615 2
614 5
645 5
694 4
617 3
616 0
614 3
612 0
612 4
612 4
607 0
606 3
606 0
606 3
606 2
606 3
606 3
606 0
606 1
606 2
606 3
606 2
606 5
647 4
610 3
610 1
610 0
610 5
653 1
651 3
635 1
635 5
676 0
676 3
663 5
735 1
735 5
831 3
784 3
766 5
920 0
920 4
642 0
637 4
627 -1
2743 4
2743 4
2743 0
1920 5
2008 2
1982 1
1982 1
1978 5
2081 2
2046 3
1911 5
2069 3
1998 5
2252 0
2252 0
2252 2
2230 3
2172 5
2523 0
2523 5
2880 3
2845 3
2826 4
922 1
922 0
873 5
950 1
951 3
897 2
890 3
864 2
862 3
846 2
845 1
847 5
982 1
982 1
982 5
1146 2
1140 0
1140 5
1310 1
1310 3
1277 5
1526 5
1785 5
2051 5
2324 1
2324 2
2312 5
2590 3
2542 1
2542 2
2527 1
2527 4
759 3
704 4
680 1
684 4
681 3
666 5
655 3
642 0
638 5
685 5
742 0
742 4
637 2
631 5
640 5
668 4
623 0
620 0
620 3
619 3
618 4
617 1
622 3
618 0
618 2
621 5
663 1
669 0
664 5
719 2
722 5
782 3
718 0
717 2
716 5
800 5
896 2
892 0
892 2
888 1
889 5
989 1
993 3
916 5
1057 3
1012 2
1009 4
683 4
662 3
656 5
650 5
670 0
670 3
652 0
652 5
716 5
791 1
791 5
876 1
876 5
962 5
1052 5
1141 0
1141 0
1141 3
1031 0
1031 0
1031 0
1031 2
1026 5
1165 3
1112 0
1112 3
1076 3
1056 3
1045 0
1045 3
1041 5
1415 2
1410 5
1793 2
1788 1
1788 2
1784 5
2167 3
2131 2
2124 2
2118 3
2101 3
2095 3
2085 1
2085 1
2085 4
753 2
730 3
696 1
699 5
701 0
698 1
699 1
701 0
701 4
649 2
647 2
646 1
646 5
648 0
648 5
713 0
713 3
677 1
677 4
637 2
636 3
631 2
630 0
625 4
623 4
618 3
618 5
638 2
639 3
620 5
655 0
655 1
655 5
716 5
780 3
729 3
701 3
695 3
695 5
800 3
773 0
773 5
947 1
947 0
947 5
1129 4
644 2
643 3
629 3
629 2
628 0
628 1
628 1
629 5
690 2
690 0
690 4
634 2
633 3
630 1
633 0
630 4
626 2
625 5
638 3
625 4
618 0
617 4
617 5
636 2
637 2
639 3
624 2
623 4
617 3
616 5
636 4
618 2
617 4
617 4
617 1
620 0
618 3
617 0
617 0
617 2
619 1
619 1
621 2
619 5
668 1
668 3
649 5
701 2
699 5
767 2
764 3
720 5
808 5
918 4
639 1
645 5
655 2
654 2
653 1
662 3
633 4
618 5
638 1
640 3
621 2
620 5
645 5
691 2
692 1
692 5
754 4
631 0
621 3
621 4
617 2
616 3
615 5
631 3
613 1
613 3
612 3
612 2
611 2
612 1
614 4
611 5
628 1
630 0
630 3
619 5
668 3
646 4
614 1
616 2
614 5
632 4
611 3
611 2
610 3
610 3
610 4
608 4
608 4
608 2
608 0
607 4
606 2
610 2
614 1
616 3
611 1
611 5
627 5
662 2
666 5
717 2
726 5
777 4
627 0
620 3
617 1
617 0
615 2
614 5
667 5
723 1
723 4
616 4
613 1
617 2
616 4
616 2
617 5
626 5
656 2
656 3
625 5
667 5
724 0
724 5
789 4
631 1
631 2
630 0
625 4
619 4
612 5
624 5
660 3
629 3
626 2
625 4
608 2
608 4
608 0
608 1
608 3
607 5
653 1
654 3
637 1
641 4
614 3
613 1
613 2
612 0
610 2
614 3
612 4
609 0
609 4
608 0
607 0
607 5
655 3
633 1
633 5
681 2
679 3
654 4
618 3
616 3
615 2
614 3
614 5
632 3
616 1
619 2
618 4
611 0
609 2
609 3
609 3
609 3
609 5
661 4
611 1
614 1
614 0
612 2
611 1
612 0
612 4
609 1
609 3
608 4
606 2
607 1
607 4
606 4
606 4
606 4
606 3
606 3
606 2
606 3
606 5
615 4
604 1
604 4
604 5
621 1
627 0
621 2
621 0
621 2
623 2
628 3
613 2
612 0
610 4
607 0
607 4
606 1
606 2
605 5
625 1
627 1
627 0
627 1
629 4
608 5
623 3
611 3
610 2
609 4
605 2
604 3
604 3
604 3
604 3
604 5
621 3
607 5
638 3
622 0
622 0
622 2
621 1
621 1
621 2
620 0
620 3
619 4
612 2
611 3
610 3
610 2
609 2
608 3
608 0
608 1
608 1
609 0
609 1
609 4
608 5
625 5
665 2
665 3
636 2
635 5
686 1
686 4
617 3
617 5
631 2
630 5
664 5
712 0
712 0
712 3
669 0
669 0
669 0
669 4
627 3
625 1
625 2
624 1
626 3
622 3
622 1
622 2
621 3
620 2
619 2
618 5
629 4
612 2
611 2
610 0
607 2
607 3
607 0
607 4
605 4
603 4
603 5
620 2
620 3
608 1
608 5
642 4
605 2
604 3
604 3
604 0
602 2
606 2
606 3
602 0
601 3
601 5
651 0
651 1
651 3
634 3
632 5
695 3
671 4
614 1
614 1
616 3
613 5
630 4
604 3
604 3
604 1
608 5
622 5
661 4
607 0
604 2
607 0
607 0
607 4
602 3
602 5
618 3
604 5
639 2
640 3
625 4
606 1
606 4
603 4
603 4
603 3
603 2
604 5
619 4
603 5
619 2
619 1
622 0
621 4
603 4
602 5
617 1
615 1
615 4
600 3
600 5
618 4
600 4
600 2
601 2
601 3
600 4
600 2
600 4
600 2
600 3
600 1
600 1
602 3
600 0
599 4
599 4
599 5
618 3
604 2
603 4
601 2
600 3
600 5
617 4
599 0
599 2
599 3
599 3
599 2
599 5
646 4
601 0
600 2
600 2
600 2
605 4
603 1
605 3
603 5
618 2
618 0
618 4
603 0
602 3
602 0
602 0
602 5
648 5
696 1
696 2
696 5
751 4
615 4
613 1
613 1
613 3
612 1
615 0
606 2
606 3
605 4
603 3
602 4
602 2
603 2
603 0
602 0
602 2
602 3
602 3
602 1
605 3
604 0
603 2
607 4
605 3
604 2
603 0
602 2
608 0
608 1
613 3
611 2
610 0
609 2
609 4
604 1
604 0
603 5
647 1
647 1
647 1
647 1
650 5
693 4
618 3
614 0
605 2
605 2
605 3
605 1
605 3
605 1
605 2
604 3
604 5
647 1
647 5
694 5
748 3
693 3
677 5
748 3
714 2
712 3
704 5
822 2
819 4
629 2
628 3
620 3
620 3
618 4
610 2
609 3
609 2
609 0
607 5
654 3
636 0
636 4
618 2
617 4
605 4
605 1
605 1
605 3
605 4
605 3
605 1
605 0
603 5
650 4
606 0
604 4
603 3
603 3
603 3
603 1
603 1
605 5
624 0
624 4
603 5
621 5
656 3
623 4
604 4
602 0
602 0
602 5
649 1
651 2
650 2
650 3
630 0
629 2
628 2
627 4
616 3
610 1
610 5
624 0
624 4
607 1
607 1
607 5
623 3
611 3
611 4
602 2
601 4
601 2
601 0
600 0
600 0
600 4
599 1
599 0
599 5
646 2
650 3
630 2
629 5
673 1
673 0
673 2
671 0
671 5
744 3
706 1
706 2
704 2
702 0
702 3
691 5
810 5
945 0
945 4
636 3
625 2
624 3
622 0
619 1
620 4
615 3
615 1
615 1
615 4
604 4
603 3
603 3
603 0
602 0
602 2
602 5
647 3
634 2
633 0
633 4
617 1
617 3
610 4
603 2
604 0
602 5
645 4
604 4
603 0
601 4
601 4
601 2
601 2
601 5
618 0
618 3
609 2
608 1
608 3
606 4
602 0
601 5
648 2
648 5
701 1
698 5
760 4
615 3
611 3
610 2
609 0
608 1
608 3
608 1
608 5
646 5
696 3
662 5
726 3
693 5
784 0
784 2
781 2
778 0
778 0
778 4
625 5
640 0
640 4
614 0
612 3
612 3
612 0
612 3
612 3
612 0
612 2
614 4
612 5
630 4
606 5
625 1
626 3
614 3
612 0
612 5
672 5
739 3
692 4
619 2
617 5
631 0
630 1
630 0
630 3
618 3
617 5
674 3
658 2
657 0
657 5
747 2
745 2
743 5
846 2
843 5
945 0
945 2
941 0
941 5
1046 2
1041 4
650 3
638 1
638 0
628 2
628 1
628 4
621 2
620 0
619 2
619 5
671 4
624 5
630 1
630 1
631 0
630 4
617 3
616 1
616 4
611 0
609 0
609 1
609 4
609 4
609 4
609 2
609 3
609 4
609 0
608 1
608 2
608 0
608 3
608 3
608 3
608 0
608 1
608 4
607 4
607 1
607 5
621 5
650 4
610 4
608 5
621 4
608 0
608 5
650 4
611 5
622 3
611 5
631 2
629 5
667 4
613 3
613 2
612 1
612 4
609 1
609 0
609 0
609 0
609 3
609 3
609 4
606 4
606 3
606 3
606 5
617 4
606 3
606 0
606 3
606 2
606 2
606 1
606 5
645 3
630 5
672 0
672 2
670 0
670 0
670 0
670 4
623 3
618 1
618 0
614 2
614 4
611 2
610 5
625 3
614 4
606 0
606 0
606 3
606 0
606 0
606 3
606 5
652 2
652 5
704 1
704 0
704 4
607 4
604 3
604 2
604 0
602 3
602 2
601 1
601 3
601 2
601 3
601 3
601 1
601 5
641 0
641 0
641 1
641 3
624 5
669 4
606 2
605 5
616 4
603 4
603 2
603 2
603 2
603 3
603 0
602 3
602 0
602 4
602 2
602 4
602 2
602 2
602 1
602 4
602 5
618 3
607 3
607 0
605 5
658 4
607 4
602 3
602 5
614 0
614 0
614 5
660 4
602 5
615 4
601 4
601 2
601 3
601 3
601 5
615 5
645 5
689 3
644 0
642 1
642 0
642 0
642 5
713 3
681 4
618 3
615 1
615 5
631 4
604 4
603 0
603 2
603 1
603 3
602 2
602 2
602 4
602 4
601 2
601 0
601 4
601 2
601 3
601 2
601 0
600 0
600 3
600 1
600 3
600 3
600 3
600 5
646 2
646 5
697 3
659 2
658 0
658 3
649 0
649 0
649 0
649 1
649 2
648 2
647 3
646 4
622 4
602 5
616 1
616 1
616 4
605 5
616 3
605 4
601 4
601 4
601 2
600 3
600 0
600 4
599 3
599 4
599 0
599 5
646 3
630 1
630 4
606 5
621 5
654 4
612 3
611 2
610 3
609 5
623 3
613 5
635 2
635 2
635 4
609 2
608 3
608 0
607 1
607 0
607 3
606 4
601 1
601 4
601 2
601 5
614 4
602 4
602 5
613 4
603 1
603 2
603 5
613 1
613 0
613 2
613 4
603 2
603 0
602 2
602 2
602 5
641 5
690 0
690 0
690 5
745 3
701 1
701 3
684 0
684 3
680 3
677 1
677 2
676 5
781 3
748 4
631 4
611 5
619 1
619 1
619 0
619 5
671 0
671 5
732 1
732 5
798 4
618 4
614 4
614 4
614 5
626 3
613 3
611 4
606 3
606 3
606 2
605 3
605 4
605 1
605 3
605 0
605 0
605 3
605 1
605 3
605 3
605 2
605 0
605 5
648 5
698 4
613 0
610 0
610 3
609 3
609 3
609 5
646 2
646 1
646 3
629 5
666 4
609 1
609 2
608 3
607 4
606 2
606 3
606 4
606 0
605 5
642 1
642 3
630 3
625 3
621 3
621 0
621 4
616 2
615 5
626 0
626 5
679 4
619 3
611 3
611 0
608 0
608 2
608 0
608 2
608 1
608 4
605 3
605 0
605 1
605 3
605 2
604 5
642 4
605 2
604 4
604 4
603 5
614 3
604 1
604 0
603 4
602 3
602 5
617 2
617 3
611 0
611 5
663 3
651 5
716 1
716 5
800 3
750 3
742 5
893 3
866 0
866 4
639 5
651 3
637 5
676 5
749 3
705 0
705 2
704 4
631 2
629 0
626 0
626 5
707 1
707 3
680 0
680 0
680 5
801 3
779 5
951 3
930 3
926 0
926 3
923 3
923 4
634 3
623 2
622 0
620 2
619 3
618 5
688 0
688 1
688 5
769 2
768 0
768 5
853 4
629 1
629 5
630 0
629 2
629 0
629 0
629 4
610 2
609 3
608 3
607 1
607 4
603 4
603 3
603 5
616 3
608 0
608 0
608 1
608 5
662 2
662 3
648 1
648 2
647 2
646 5
712 0
712 1
712 0
712 0
712 5
800 3
751 3
737 3
732 4
625 4
605 1
605 3
605 0
604 0
604 0
604 4
601 4
601 0
601 5
652 5
706 2
706 4
608 5
617 5
659 1
659 5
707 2
707 4
606 2
605 4
605 1
605 3
605 2
605 3
605 4
604 0
603 4
603 1
603 4
603 1
603 2
603 4
603 5
619 1
619 4
603 4
603 3
603 5
620 5
657 5
700 2
700 3
654 5
703 2
701 4
613 1
613 2
612 5
623 4
604 4
604 2
604 1
604 3
604 4
603 2
603 3
603 2
603 1
603 5
619 1
619 4
604 2
604 5
619 3
606 3
606 3
605 3
605 1
605 3
605 5
634 4
606 4
605 5
619 3
607 5
635 3
617 4
604 1
604 5
622 0
622 3
610 4
605 5
621 5
663 3
630 5
670 3
653 4
612 1
612 3
612 2
611 3
610 2
609 1
609 1
609 4
605 5
619 4
604 5
620 4
604 4
604 2
604 3
604 3
604 5
620 4
604 0
604 0
604 0
604 5
652 3
633 5
687 3
661 3
655 1
655 2
653 4
612 5
629 3
613 0
613 5
671 0
671 0
671 4
614 2
613 1
613 1
613 5
628 4
606 5
624 2
624 0
624 5
674 3
648 4
610 5
625 3
613 4
607 2
606 5
622 5
658 5
704 3
655 4
613 5
625 2
623 4
606 3
606 5
618 0
617 1
617 2
616 0
616 5
662 0
662 3
633 3
629 0
627 4
618 3
613 4
605 5
617 4
603 4
603 4
603 1
603 1
603 3
603 4
602 1
602 3
602 4
602 2
602 2
602 5
615 2
615 3
605 1
605 1
605 2
604 4
604 3
604 2
603 2
603 0
603 0
603 1
603 5
648 4
604 3
604 4
604 5
617 3
604 2
603 0
603 1
603 3
603 0
603 3
603 4
602 0
602 4
601 1
601 5
618 3
607 5
639 1
639 0
639 3
620 4
605 2
604 5
621 3
606 0
606 5
659 2
657 5
717 3
676 5
737 4
609 3
607 5
624 4
603 2
602 2
601 4
601 2
601 3
601 2
601 0
600 3
600 3
600 3
600 0
600 3
600 3
600 2
600 4
600 5
616 4
602 3
602 3
602 1
602 4
602 0
602 5
646 3
629 2
628 5
678 3
652 2
650 0
650 5
733 0
733 4
623 5
634 3
619 3
617 4
606 1
606 5
621 3
609 4
605 4
601 5
614 0
614 3
604 1
604 0
604 3
604 5
654 3
632 2
631 3
631 3
631 0
631 1
631 5
711 2
708 3
684 4
615 1
615 3
612 3
612 2
611 3
611 0
610 4
609 1
609 4
601 4
601 5
615 4
602 2
602 1
602 5
618 5
654 0
654 1
654 5
708 4
612 0
609 0
609 1
609 5
657 4
611 2
610 4
608 2
608 1
608 3
607 2
607 1
607 3
606 4
605 3
605 0
603 1
603 4
602 3
602 3
602 3
602 4
602 2
602 2
602 4
602 3
602 5
621 0
621 3
608 2
607 2
606 4
603 5
615 2
615 0
615 5
661 1
661 5
706 4
612 5
622 2
622 0
622 4
610 2
609 3
609 3
607 5
617 0
617 3
609 4
603 2
603 3
603 2
603 3
603 3
603 5
617 3
606 2
605 4
604 4
604 0
604 0
604 2
604 3
604 5
644 0
644 2
644 5
690 4
608 4
607 0
605 1
605 5
644 3
627 0
626 1
626 3
622 0
622 5
685 3
664 4
615 3
608 3
607 1
607 2
606 3
606 3
605 1
605 3
605 1
605 0
605 3
605 2
605 2
605 1
605 4
604 0
604 0
604 5
651 1
651 1
651 3
634 5
690 2
688 1
688 4
615 4
603 3
603 3
603 4
603 4
603 2
603 4
603 4
603 2
603 5
616 1
616 2
616 2
616 2
616 3
605 0
604 0
604 5
652 0
652 0
652 0
652 1
652 5
709 3
669 2
668 1
668 4
613 0
610 3
610 3
610 1
610 4
604 5
619 2
619 3
607 3
607 1
607 4
600 2
599 5
614 0
614 2
614 4
600 5
613 1
613 1
613 0
613 1
613 1
613 4
601 0
601 0
601 5
650 2
650 5
705 5
763 4
614 4
611 4
611 1
611 1
611 0
602 2
602 4
602 4
602 0
602 5
648 2
648 2
648 5
699 2
699 4
609 0
603 3
603 3
603 2
603 4
602 2
601 4
601 0
601 1
601 4
601 5
614 2
614 5
645 3
619 3
617 0
615 2
614 0
614 4
611 2
610 4
601 4
601 5
614 0
614 5
658 4
603 3
603 2
603 0
600 3
600 3
600 5
641 5
690 2
690 5
742 4
612 4
610 5
615 5
640 4
603 1
603 5
617 3
606 0
606 0
606 5
652 2
652 4
608 5
618 5
648 2
648 4
614 3
612 5
626 0
626 4
610 3
610 1
610 4
607 2
607 1
607 4
607 3
607 2
607 4
607 2
607 0
606 0
606 5
645 4
607 4
607 2
607 0
604 3
604 1
604 2
604 4
604 2
603 2
603 4
603 2
603 3
603 0
603 1
603 1
603 0
603 5
642 1
642 5
688 0
688 0
688 4
609 0
603 1
603 3
603 1
603 0
603 3
603 2
602 4
601 4
601 1
601 5
619 3
607 2
606 4
605 3
602 0
602 4
602 2
602 2
602 4
602 2
602 2
602 2
602 2
602 2
602 4
602 4
602 0
602 4
602 4
602 5
620 5
654 0
654 2
654 4
610 1
610 0
606 0
606 4
605 2
605 3
605 2
605 4
604 4
604 5
619 5
650 0
650 3
630 2
629 4
605 1
605 4
605 5
618 1
618 4
604 4
604 5
618 -1
