5 2000
2949 2
2948 3
1416 5
1342 0
1059 5
1091 3
847 4
794 3
789 3
779 3
773 3
773 1
773 3
773 0
714 2
727 3
708 5
717 1
717 5
745 5
780 4
694 0
691 0
691 5
728 5
769 4
680 1
687 3
676 1
683 0
665 0
665 5
690 2
698 2
710 0
710 3
671 0
666 4
656 0
652 4
648 2
648 3
647 4
644 3
644 2
643 3
643 4
643 3
643 5
651 5
667 5
694 1
695 0
695 4
650 3
646 3
646 4
645 5
652 0
651 4
643 5
654 1
657 5
671 2
671 5
694 2
700 0
700 4
643 0
641 5
669 5
705 4
641 5
649 5
664 3
643 4
638 5
644 5
662 5
693 2
689 4
639 4
639 2
642 3
642 2
641 4
641 3
641 1
658 2
651 3
645 2
646 3
645 0
641 0
641 5
672 5
703 5
746 2
746 0
746 0
746 1
746 2
746 4
648 2
650 1
651 3
649 1
662 0
651 4
644 3
643 5
649 4
637 4
637 5
642 0
642 3
638 0
638 3
638 0
638 5
671 3
658 5
691 3
668 2
666 3
659 3
656 4
635 0
634 4
629 1
642 2
641 5
640 5
662 1
662 5
699 0
699 4
634 5
641 5
664 5
704 0
704 5
759 5
819 4
640 3
639 4
635 4
635 3
635 5
636 1
637 1
639 4
629 2
633 3
630 0
627 0
627 3
626 1
628 0
627 5
664 5
703 3
676 4
629 0
629 5
667 5
707 0
707 3
666 0
666 1
667 4
637 2
636 5
647 0
646 3
635 4
625 3
624 3
624 4
619 0
619 2
618 2
618 2
622 2
624 2
630 2
636 0
636 3
631 4
624 3
624 5
636 3
626 2
625 5
641 1
642 5
669 4
627 1
627 5
636 4
625 0
623 2
623 4
623 4
623 0
622 3
622 5
656 5
698 4
626 4
626 2
627 3
626 2
628 0
626 1
626 3
626 3
626 1
628 2
627 5
658 0
658 2
660 4
626 4
625 3
625 2
627 3
626 0
626 5
660 4
629 4
628 4
628 3
628 3
628 2
631 4
629 0
626 0
626 0
626 3
626 2
631 2
638 1
646 4
636 1
640 3
632 1
633 5
637 3
632 2
631 1
634 0
632 0
632 2
634 5
667 3
651 5
682 5
729 1
730 1
730 3
679 0
679 4
641 5
653 2
651 5
675 5
720 3
669 0
669 0
669 4
636 0
636 3
633 4
629 1
629 5
644 3
637 1
637 5
663 0
663 3
646 2
645 0
645 3
641 5
711 3
686 4
635 2
633 4
622 4
622 4
622 4
622 5
630 0
630 3
626 1
628 2
627 0
627 4
620 3
619 4
617 0
616 2
619 2
619 5
670 1
670 5
726 2
727 0
727 1
726 5
785 2
788 4
637 5
639 2
639 4
628 0
622 2
625 4
620 0
620 3
620 0
620 5
667 4
623 0
621 4
619 0
619 5
666 3
651 4
624 5
640 0
639 4
621 5
636 0
635 4
618 2
619 5
632 0
632 4
618 4
618 5
630 4
617 0
616 0
616 1
616 0
616 5
663 4
620 2
622 4
620 1
620 3
619 2
620 4
619 4
619 3
619 2
621 5
636 4
620 1
622 3
620 4
620 3
620 0
620 0
620 1
622 0
622 5
659 0
659 3
643 5
684 0
684 3
662 4
629 4
621 2
621 3
620 5
635 2
635 0
635 4
618 1
621 4
619 5
630 4
618 2
620 5
632 2
634 3
624 4
619 2
618 5
632 1
631 5
655 0
655 2
659 5
699 4
631 3
631 5
637 5
658 2
658 2
664 4
634 4
633 4
633 4
633 4
633 5
638 4
632 4
632 4
632 1
634 4
633 2
634 0
630 0
630 3
629 5
663 4
629 0
627 4
627 3
626 5
637 4
627 0
626 3
626 2
630 1
633 5
663 5
706 1
706 4
634 2
637 0
635 3
632 4
628 2
631 2
635 0
634 4
631 4
629 5
642 5
665 5
699 3
653 4
631 5
637 2
641 0
641 3
634 4
626 2
630 3
628 5
636 5
655 3
632 4
625 2
624 4
624 3
624 2
624 1
626 4
625 3
625 0
625 0
625 1
625 2
625 0
625 2
630 3
629 5
660 3
644 4
630 5
637 5
653 2
650 2
652 3
635 0
634 5
674 4
635 4
630 0
629 5
662 4
632 4
632 5
639 4
631 1
633 4
632 0
630 3
629 2
629 0
629 3
629 4
627 5
638 3
630 1
631 2
630 4
628 5
636 3
630 5
646 5
672 2
675 1
675 4
635 4
634 2
635 4
635 4
635 4
635 3
634 4
634 4
634 5
640 4
631 1
635 0
633 0
633 2
633 3
632 3
631 1
634 2
633 5
663 3
647 2
646 2
644 5
674 5
716 5
770 3
717 0
716 4
651 5
657 2
655 5
677 3
653 4
631 3
631 2
630 2
629 3
629 2
628 0
627 2
626 5
670 5
718 0
718 2
716 5
771 0
771 0
771 3
714 3
696 1
696 3
691 0
691 4
643 3
637 2
636 4
625 3
625 0
625 4
624 3
624 5
635 3
627 2
626 5
643 4
624 2
623 3
623 0
621 1
622 3
621 0
621 1
623 1
623 2
622 3
621 2
624 0
624 0
624 4
622 0
622 0
622 0
622 0
622 4
621 4
620 0
620 0
620 4
620 0
620 5
657 1
657 4
624 0
624 4
622 5
632 0
632 2
635 4
625 3
625 2
624 1
628 0
625 3
625 2
624 0
624 2
624 4
621 1
621 1
623 1
623 0
623 1
624 2
623 2
622 4
621 5
631 4
622 1
622 4
622 0
621 1
621 1
621 2
621 5
655 4
623 0
623 4
621 3
621 4
621 5
633 5
651 0
651 2
657 5
696 2
696 4
635 4
632 2
632 0
626 0
626 2
626 2
626 3
626 2
626 4
626 3
626 3
625 4
625 3
625 0
625 5
655 0
655 5
688 3
661 4
629 4
628 2
627 3
627 2
627 0
627 2
627 1
628 5
653 5
685 1
685 4
628 3
628 2
628 4
628 0
626 0
626 1
626 2
626 4
625 5
635 0
635 1
637 4
626 3
625 5
635 4
624 4
624 5
633 2
633 2
633 5
652 0
652 4
627 1
627 4
627 0
623 5
651 3
638 4
625 2
624 1
624 4
623 2
622 5
630 4
622 5
629 5
647 2
647 0
647 4
621 4
621 4
621 4
621 2
621 0
621 3
621 2
621 4
620 0
620 4
620 4
620 2
625 1
628 0
626 5
654 0
654 4
624 0
624 4
622 3
622 1
622 0
622 4
622 1
629 1
629 5
635 1
635 0
635 5
668 0
668 4
624 5
633 3
625 2
624 5
636 2
637 0
637 4
624 1
624 5
630 0
630 4
619 4
619 4
619 0
618 1
620 1
621 3
619 3
619 3
619 4
619 1
619 4
619 5
629 1
630 1
630 4
620 5
630 1
630 4
620 0
618 0
618 5
648 3
636 0
636 4
629 0
628 2
627 0
627 3
625 1
625 0
625 4
624 4
619 1
621 4
620 0
619 5
654 5
694 2
694 0
694 4
620 5
633 5
655 5
695 0
695 2
695 4
625 3
623 1
623 1
624 4
622 4
622 2
621 1
621 2
621 2
621 4
620 0
617 0
617 3
617 4
616 3
616 4
616 2
616 4
616 1
616 4
616 2
616 3
616 4
616 4
616 0
616 4
616 2
618 0
618 0
618 4
616 3
616 4
616 0
616 1
616 5
647 2
647 2
649 4
617 2
617 4
617 0
615 4
615 4
615 2
615 4
615 3
615 0
615 0
615 0
615 0
615 2
615 0
615 4
615 4
615 3
615 4
615 3
615 1
615 4
615 0
615 2
615 4
615 4
615 1
615 3
615 0
615 1
615 1
615 1
615 0
615 0
615 0
615 4
615 2
615 1
615 1
615 4
615 1
615 5
628 0
628 0
628 4
616 3
616 2
616 5
628 2
628 0
628 4
616 4
616 4
616 5
628 0
628 4
616 4
616 5
628 3
619 2
618 1
618 4
618 0
618 0
618 5
652 0
652 3
640 5
671 0
671 0
671 0
671 5
730 0
730 5
802 3
742 4
636 5
645 0
644 0
644 4
629 3
627 4
622 0
619 1
619 2
619 0
619 3
619 3
619 3
619 4
617 5
625 3
618 4
616 5
625 4
616 5
624 5
648 3
629 5
650 2
646 5
689 4
616 4
615 0
612 1
613 1
613 1
613 0
613 0
613 2
613 3
613 4
613 5
625 0
625 4
614 5
625 4
614 5
625 1
625 0
625 0
625 0
625 2
625 0
625 4
614 4
613 5
624 5
650 2
650 1
651 4
615 3
615 5
623 1
623 2
623 0
622 3
615 3
615 0
614 2
614 0
614 5
657 2
657 1
657 1
658 4
615 1
615 4
614 4
614 0
613 4
613 2
613 3
613 4
613 2
613 5
622 1
622 1
623 5
648 0
648 4
614 1
614 1
614 3
614 4
614 3
614 4
614 1
614 0
613 2
613 3
613 5
649 1
649 4
614 2
614 0
614 0
614 2
614 0
614 3
614 0
614 3
614 4
614 1
614 1
614 0
613 3
612 2
612 0
612 3
612 0
612 3
612 4
612 1
612 1
612 1
612 2
612 4
612 0
612 4
612 2
612 4
612 4
612 2
612 4
612 0
612 0
612 0
612 4
612 3
612 4
612 4
612 1
612 2
612 4
612 1
612 2
612 1
613 4
613 2
613 3
612 0
612 5
650 2
650 3
635 2
634 0
633 1
633 1
633 2
632 5
686 3
669 4
624 1
624 1
624 0
623 3
623 0
623 1
623 3
623 3
623 0
623 0
623 1
624 5
682 0
682 2
680 4
623 2
622 0
620 1
620 3
620 4
620 4
613 3
612 4
612 4
612 4
612 4
612 4
612 3
612 4
612 5
623 0
623 0
623 4
612 5
624 1
624 0
624 4
612 2
614 2
614 3
614 4
613 4
612 5
623 3
615 1
615 3
614 1
614 4
613 0
613 4
612 5
627 0
627 3
617 1
617 4
613 4
613 4
613 2
613 3
612 4
612 1
612 3
612 4
612 5
623 3
614 1
614 2
613 2
613 2
612 4
612 0
611 3
611 2
611 1
611 1
611 0
611 3
611 3
611 2
611 2
611 1
611 2
610 3
610 5
651 1
651 5
692 3
673 1
673 1
673 2
672 2
671 5
722 3
698 3
685 1
685 3
683 2
682 4
632 5
634 3
627 1
627 5
646 4
624 5
636 3
627 5
646 4
622 0
620 5
671 4
626 0
624 4
621 0
620 1
620 3
620 3
620 3
620 1
620 5
666 3
650 3
647 3
647 0
647 5
721 3
702 5
794 5
902 3
865 4
644 0
638 1
638 3
638 2
637 5
702 2
698 3
676 3
673 5
766 2
764 4
637 1
637 5
649 4
623 4
619 2
619 0
618 3
617 4
617 4
617 4
617 4
617 5
627 2
627 5
644 0
644 5
695 2
695 0
695 0
695 1
695 3
660 2
659 1
659 2
658 3
649 4
626 3
623 4
620 4
620 4
620 4
620 1
620 3
619 0
617 0
617 5
659 0
659 2
659 4
618 5
627 0
627 1
627 5
669 0
669 1
670 4
620 3
618 0
618 0
618 4
617 0
617 4
616 4
616 4
616 5
626 3
621 5
633 0
632 5
674 5
727 0
727 4
629 2
628 4
626 4
626 4
626 0
620 2
620 2
620 5
654 4
621 0
620 0
620 2
620 4
618 3
618 3
618 2
618 1
618 1
618 3
618 3
618 3
618 2
618 2
618 3
618 4
618 0
618 0
618 1
618 0
618 2
618 3
618 2
618 0
618 4
618 5
629 2
629 0
629 0
629 0
629 0
629 4
617 0
617 2
617 5
653 2
653 3
640 0
637 4
625 0
624 5
671 0
671 0
671 1
671 5
728 4
631 1
631 0
624 5
672 2
672 0
672 3
653 4
624 2
623 3
623 5
635 0
635 0
635 4
621 1
621 1
621 1
621 5
636 5
658 5
691 2
691 5
746 2
746 3
681 4
628 0
625 4
623 4
617 3
617 0
616 2
616 5
654 1
654 5
699 0
699 1
699 3
663 0
663 5
731 5
800 1
800 2
796 3
750 4
637 4
623 2
622 4
622 5
628 1
628 3
619 2
618 2
617 3
616 0
616 4
615 3
615 3
615 4
614 2
614 4
614 4
614 4
614 5
626 5
646 3
623 0
623 1
623 4
618 2
617 2
616 5
626 4
615 5
626 0
626 0
626 5
673 2
673 0
673 2
673 3
644 3
639 2
638 3
634 5
672 2
670 5
729 2
726 5
795 4
641 0
635 4
626 4
619 3
619 1
619 2
619 0
617 0
617 0
617 1
617 0
617 0
617 3
616 0
616 2
616 3
615 4
614 1
614 4
612 5
624 0
624 4
614 2
614 3
614 3
614 5
626 0
624 0
624 4
613 0
613 1
613 4
613 3
613 0
613 3
613 5
655 0
655 3
639 4
617 2
616 3
615 1
615 4
611 3
611 4
611 5
620 5
642 3
625 4
611 4
611 4
611 1
611 4
611 2
611 2
613 4
611 2
611 5
621 4
612 3
612 5
624 2
624 0
624 5
667 5
718 5
772 4
619 4
617 0
615 3
614 2
613 2
613 0
613 0
613 4
612 5
624 4
613 4
613 4
613 5
623 1
623 5
643 1
643 0
643 1
643 0
643 2
643 4
615 1
615 4
615 0
614 5
648 0
648 4
615 3
615 4
615 3
615 0
615 3
614 3
614 4
613 4
613 1
613 4
613 4
613 3
613 1
613 4
613 4
613 3
613 2
613 3
613 1
613 4
613 1
613 5
624 1
623 0
623 4
614 0
614 5
648 2
648 3
634 2
633 3
630 3
629 4
616 3
615 5
629 3
621 0
621 0
621 2
621 1
621 0
621 3
621 3
620 3
620 5
652 0
652 2
652 4
621 0
620 3
619 0
619 0
619 3
619 0
619 5
668 3
645 2
644 0
644 3
642 0
642 5
717 0
717 0
717 4
632 0
628 4
623 4
613 3
613 4
612 4
612 0
612 5
655 5
701 0
701 5
756 1
756 4
621 0
615 4
614 2
613 3
613 4
612 0
612 4
612 2
612 2
612 5
623 3
613 4
610 5
621 4
611 5
622 5
643 1
643 0
643 1
643 3
625 4
613 0
612 0
612 0
612 2
612 3
612 5
653 4
613 3
613 2
613 1
613 1
613 1
613 3
613 5
624 5
645 1
645 5
680 0
680 2
680 4
617 4
616 3
616 4
616 5
623 5
643 5
681 3
639 5
665 5
715 2
713 2
713 5
770 2
770 4
626 5
633 4
615 2
615 0
611 0
611 4
610 1
610 3
610 0
610 4
610 4
610 4
610 3
610 1
610 3
610 0
610 4
610 1
610 4
610 1
610 1
610 0
610 4
610 4
610 3
610 3
610 3
610 2
610 0
610 0
610 3
610 4
610 0
610 5
648 4
613 3
613 2
613 4
613 4
613 4
613 4
613 2
613 4
613 3
613 4
613 2
613 0
613 1
613 4
613 1
613 4
613 5
624 0
624 0
624 3
616 5
654 2
654 3
640 4
614 3
614 5
624 1
624 5
651 3
629 2
628 1
628 4
615 4
615 4
615 0
615 5
656 5
703 5
754 4
628 2
627 1
627 2
627 3
627 3
627 0
621 3
620 0
620 2
620 4
618 0
616 5
654 5
700 0
700 5
756 3
700 5
755 3
726 4
633 3
628 2
627 3
626 2
625 1
625 2
624 4
619 5
629 4
617 4
617 1
617 1
617 4
617 1
617 1
617 2
617 5
627 5
649 4
619 3
618 5
625 2
625 0
624 5
667 0
667 4
617 5
622 5
636 3
622 0
621 2
621 5
666 5
714 4
621 4
616 0
615 1
615 1
615 5
652 5
695 4
619 4
618 0
617 2
617 5
652 4
618 2
618 4
618 4
618 4
618 3
618 3
618 2
618 5
624 3
619 4
618 5
624 4
615 4
615 4
615 0
615 2
615 2
615 2
615 0
615 4
615 4
615 2
615 4
615 2
615 2
615 1
615 5
622 5
636 4
615 2
615 2
615 3
615 2
615 4
615 4
615 3
615 4
615 4
615 3
615 5
621 4
615 5
621 0
621 5
659 4
617 2
617 4
617 4
617 0
615 0
615 1
615 2
615 4
614 3
614 4
614 3
614 4
614 0
614 1
614 3
613 2
613 4
613 4
613 0
613 5
649 0
649 4
615 4
615 3
615 4
615 0
613 3
613 2
612 2
612 3
612 3
612 4
612 3
612 0
612 3
612 4
611 5
620 3
615 2
614 3
613 4
611 0
610 2
610 1
610 3
610 5
647 4
612 1
612 5
621 2
621 0
621 0
621 1
621 4
611 1
611 5
621 1
621 2
621 4
612 1
612 2
612 4
612 4
612 4
612 2
612 0
611 1
611 4
611 4
611 0
611 0
611 2
611 2
611 4
611 1
611 4
611 2
611 0
611 5
650 4
611 3
611 5
621 3
614 1
613 4
611 4
611 3
611 3
611 3
611 2
611 3
611 0
611 5
650 0
650 0
650 4
611 5
620 1
620 2
620 5
639 3
620 3
616 2
615 0
615 4
614 5
626 4
614 4
613 2
613 3
613 5
625 3
617 2
616 4
612 2
612 1
612 2
612 4
612 4
612 5
623 4
614 0
611 4
610 0
610 5
649 5
692 1
692 0
692 2
692 3
664 3
657 0
656 3
653 5
734 2
732 1
732 0
732 4
631 5
643 5
662 0
662 0
662 3
636 3
634 5
694 3
677 0
677 5
776 2
773 3
752 4
641 3
634 3
632 5
644 4
621 1
621 1
621 4
616 2
616 4
616 2
616 4
616 0
616 0
616 2
616 0
616 5
663 5
714 4
617 5
623 3
616 -1
2949 2
2948 0
2048 2
2011 1
2011 1
2011 0
2006 2
1972 1
1972 0
1972 5
2085 3
1936 5
2096 4
855 3
762 2
757 4
732 3
703 0
697 2
696 5
731 0
731 3
699 3
688 4
664 2
663 5
668 5
688 3
665 3
661 3
660 1
662 1
662 5
681 4
648 3
647 5
655 3
646 0
646 1
651 3
647 4
642 0
642 4
639 4
635 4
635 1
638 0
635 1
637 5
675 1
689 3
660 4
641 1
644 1
644 1
644 4
640 3
636 5
645 2
646 5
675 0
675 2
678 5
720 0
720 5
767 3
711 2
710 2
709 0
709 5
778 3
751 4
663 1
665 3
650 2
649 2
648 5
655 5
679 1
680 0
680 5
735 4
646 0
645 4
636 5
640 5
665 0
665 3
642 0
642 0
642 0
642 0
642 5
701 2
699 5
758 4
639 4
632 0
628 5
672 4
633 0
628 2
634 5
676 3
655 0
654 2
653 4
639 4
630 2
631 3
628 2
627 4
627 5
634 3
628 5
645 4
624 4
624 1
626 1
628 2
626 2
624 5
637 1
638 2
637 5
664 5
699 3
647 0
647 3
645 3
644 1
645 2
644 5
706 5
774 3
726 3
713 5
826 4
638 5
651 5
690 2
690 5
748 2
744 4
638 3
634 2
633 5
646 5
679 4
630 2
629 2
628 5
634 3
625 0
623 4
617 0
617 5
665 0
665 2
663 2
664 5
717 2
721 0
721 0
721 5
780 5
840 4
636 2
635 2
635 3
633 5
637 4
626 5
634 2
637 5
655 4
626 4
626 0
621 4
621 4
621 4
621 4
621 2
623 2
624 5
639 4
622 1
623 2
624 1
628 4
626 3
625 4
624 5
631 3
624 0
623 4
623 5
630 2
628 3
623 3
623 4
623 0
622 2
621 5
654 0
654 3
644 2
643 4
623 3
623 3
622 4
622 1
622 4
622 3
622 5
629 1
631 2
630 0
630 1
630 0
630 4
621 0
621 0
621 1
621 4
621 5
631 4
621 3
621 1
625 1
625 3
621 4
621 3
621 3
621 3
621 2
622 0
621 5
654 1
657 2
654 4
621 0
621 5
655 1
655 4
622 2
626 3
622 5
631 2
631 1
637 1
637 4
625 3
625 3
625 2
625 0
624 0
624 5
657 2
657 0
657 4
623 4
623 3
623 5
633 2
638 0
638 4
625 4
625 4
625 3
625 1
625 2
625 4
625 4
625 4
625 3
625 1
634 4
633 2
637 3
632 0
625 1
625 3
625 2
624 3
624 4
623 3
622 2
626 3
623 0
622 5
652 4
622 3
622 4
622 2
622 5
631 4
622 0
622 0
622 1
623 2
622 3
622 0
622 4
622 4
622 5
632 4
623 5
636 4
623 0
623 2
623 4
623 0
623 1
623 1
625 3
625 5
652 2
659 5
689 3
658 4
628 1
631 4
627 4
627 3
626 4
626 0
623 4
622 5
630 4
622 2
623 0
622 2
627 1
627 4
623 3
623 4
623 1
623 3
622 1
625 3
622 1
622 4
622 5
630 2
637 1
638 5
658 4
624 0
622 3
622 2
622 1
623 4
623 2
623 0
623 3
622 2
621 3
621 0
621 1
621 3
621 5
647 3
637 3
636 1
637 2
636 5
664 0
664 5
717 3
681 5
746 0
745 0
745 0
745 0
745 4
630 2
629 5
636 3
628 5
647 3
635 0
635 3
635 3
634 1
634 4
624 3
622 5
642 3
627 3
625 4
618 0
618 3
618 4
617 3
617 2
616 4
613 0
613 1
616 1
618 2
615 2
613 3
613 5
658 3
636 0
636 5
699 4
622 3
618 1
621 5
634 2
633 4
616 3
614 1
614 1
618 3
613 0
613 2
615 2
615 0
615 2
615 0
615 3
613 4
612 3
612 5
627 3
615 5
636 1
636 0
636 0
636 4
615 1
622 3
616 2
615 4
613 2
614 3
614 4
614 4
614 2
615 3
615 2
614 0
613 2
613 4
612 5
626 3
615 3
612 5
633 4
610 4
610 5
624 1
625 3
614 1
617 1
617 0
615 3
615 5
656 0
656 2
659 5
706 1
709 4
617 4
616 0
615 4
614 0
614 5
653 1
653 2
652 3
631 2
630 3
629 1
629 5
664 3
643 0
643 5
713 4
623 4
613 4
613 5
619 4
612 0
612 4
612 3
612 4
611 0
611 4
611 3
611 4
611 3
611 5
619 0
619 2
619 5
659 3
637 4
613 2
614 3
613 4
612 1
616 4
615 2
614 3
614 0
614 3
614 4
611 4
611 4
611 1
611 5
622 3
612 3
612 4
608 4
608 1
611 4
610 0
608 5
645 1
645 0
645 5
689 0
689 4
611 3
610 4
610 4
610 3
610 1
610 3
610 1
614 3
610 5
620 3
611 4
609 1
614 3
609 2
609 4
609 0
609 1
609 4
607 1
609 2
608 0
608 4
607 3
607 4
607 0
607 4
607 3
607 5
620 5
641 4
609 0
609 4
609 3
609 5
622 4
610 2
609 4
609 5
621 3
610 2
609 4
609 3
609 5
621 3
611 5
628 0
628 4
611 5
623 2
623 4
610 4
610 4
610 5
621 3
611 3
611 2
610 3
610 4
610 0
610 5
645 3
632 5
671 5
720 0
719 4
618 1
618 1
618 0
618 0
618 1
618 5
663 4
615 4
611 0
611 1
611 5
648 4
611 1
614 2
611 2
610 3
610 2
612 2
613 0
612 3
612 1
612 4
609 0
609 1
613 3
610 4
609 1
609 3
609 3
609 4
609 4
609 5
620 4
609 2
609 3
609 5
621 3
610 2
609 1
609 0
609 4
609 0
609 2
609 3
609 4
609 5
620 3
610 3
610 5
629 3
620 4
610 3
609 3
609 1
609 3
609 4
609 3
609 5
621 0
621 2
621 4
609 3
609 4
609 5
621 3
610 3
610 4
609 3
609 3
609 4
609 3
609 2
609 3
609 3
609 0
608 4
608 3
608 0
608 2
608 5
645 3
632 5
672 1
673 3
649 2
648 1
650 4
617 4
612 1
612 3
611 3
611 3
611 2
611 5
624 4
609 1
612 3
609 3
609 4
608 3
608 4
608 0
608 0
608 2
608 0
608 3
607 3
607 2
607 0
607 4
607 5
619 5
641 3
615 0
615 4
612 3
610 1
610 3
610 5
624 4
608 2
607 0
607 0
607 2
607 3
607 2
607 4
607 0
607 0
607 5
643 3
631 1
631 2
630 2
629 3
628 3
627 0
625 2
624 3
624 3
624 1
624 1
625 0
625 1
625 3
625 0
625 0
625 5
686 4
624 3
616 3
616 5
627 0
627 1
627 4
613 5
626 4
608 0
608 3
608 5
646 3
637 3
630 2
629 4
610 3
609 2
608 5
621 1
621 0
621 3
610 0
610 3
609 3
609 4
606 3
606 4
603 5
617 3
608 2
607 1
607 2
606 2
605 5
627 3
614 4
606 3
605 4
603 4
603 2
604 2
605 3
604 3
604 4
604 4
604 3
604 0
604 0
604 5
645 5
690 4
613 0
612 4
610 4
609 3
609 3
609 2
609 3
609 5
622 4
612 4
612 4
612 0
612 2
612 3
611 1
611 3
611 4
609 3
609 0
609 1
609 4
609 3
608 0
608 1
608 1
608 3
608 5
641 5
685 1
690 4
618 0
613 5
651 4
611 4
611 0
611 2
611 3
611 4
609 2
609 0
609 1
609 5
645 3
634 0
632 4
620 3
618 1
618 3
616 3
616 3
616 3
616 4
607 2
607 5
618 3
610 4
607 3
606 5
620 1
620 5
641 4
607 2
607 0
607 2
607 5
647 4
608 2
608 4
608 2
608 0
608 5
649 0
649 2
649 3
634 3
632 5
677 3
658 3
657 1
657 2
656 3
655 1
655 0
655 2
654 4
627 1
627 4
611 4
611 4
611 0
610 4
609 4
609 5
619 4
609 0
609 0
609 0
609 3
609 1
609 0
609 1
609 3
609 0
609 2
609 4
608 4
606 5
616 4
606 4
606 5
617 0
617 5
659 5
710 2
710 4
614 3
614 3
614 5
623 4
613 3
613 3
613 1
613 0
611 3
611 3
611 4
611 2
610 0
610 5
652 4
615 3
615 0
614 1
614 5
656 0
656 0
656 4
615 3
615 5
625 4
617 3
616 5
625 5
647 5
682 3
637 2
636 2
635 5
674 3
654 4
622 1
622 3
618 4
613 1
613 2
613 0
613 1
613 4
613 3
613 3
613 5
622 0
622 4
613 5
622 4
613 4
613 0
613 5
651 4
613 5
622 4
613 0
613 3
613 4
613 4
613 3
613 5
623 0
623 4
613 3
613 5
622 0
622 3
614 4
613 4
613 0
613 3
613 1
613 4
612 3
612 4
612 5
623 1
623 4
613 2
613 4
613 4
613 0
612 5
651 3
635 2
634 2
633 0
632 5
689 4
620 4
614 5
623 3
617 0
617 3
617 5
658 2
656 4
614 5
624 5
646 1
647 0
647 0
647 4
612 3
610 3
610 1
610 2
610 5
622 5
647 3
623 2
622 1
622 3
621 1
621 0
620 3
620 0
620 2
619 4
619 5
632 3
621 0
621 2
621 3
620 2
620 4
617 2
616 0
616 4
616 3
615 5
629 4
610 0
610 5
657 2
657 1
657 1
659 0
659 0
659 2
659 2
659 4
610 5
621 4
609 3
608 0
608 4
608 3
608 3
608 2
608 0
608 0
608 2
608 4
608 0
608 3
608 3
608 5
651 3
634 5
682 3
659 5
724 2
721 0
721 3
696 5
796 2
793 0
793 3
765 3
758 0
758 5
939 4
628 2
626 3
617 1
617 3
616 1
616 5
628 0
628 1
628 3
617 4
615 1
615 1
615 3
615 4
608 4
608 4
608 3
608 4
608 4
608 3
608 3
608 1
608 5
621 2
621 0
621 5
677 5
737 0
737 2
737 3
687 0
686 4
627 3
620 5
632 4
615 0
613 3
613 5
662 3
646 2
645 5
709 5
781 0
781 4
622 4
612 4
611 4
611 1
611 0
608 2
608 3
607 3
607 2
607 0
607 3
607 3
607 3
607 5
656 1
656 2
655 3
643 3
639 1
639 3
638 5
704 1
704 0
704 1
704 0
704 0
704 0
704 2
702 2
700 3
684 0
684 4
626 3
621 5
635 4
609 5
624 3
613 0
613 4
610 3
610 2
609 2
609 3
609 5
622 4
607 0
606 4
605 4
604 4
604 2
604 5
618 0
618 5
671 4
608 0
606 2
606 0
606 5
655 4
608 4
608 2
608 4
608 0
606 2
606 4
605 4
604 3
604 5
617 1
617 3
607 1
607 3
607 1
608 4
604 5
616 3
606 5
631 5
673 3
641 3
637 4
606 4
603 0
603 2
603 3
603 4
603 4
603 4
603 3
603 0
603 0
603 0
603 0
603 3
603 4
603 5
614 2
614 4
603 4
603 4
603 4
603 3
603 4
603 4
603 1
603 0
603 2
603 3
603 4
603 4
603 4
603 5
614 1
614 2
614 4
603 3
603 3
603 3
603 5
616 4
603 4
603 2
603 3
603 5
614 5
645 1
645 2
645 3
616 5
654 1
654 4
606 4
604 4
604 5
615 4
603 0
603 4
603 3
603 4
603 2
603 0
603 5
648 2
648 0
648 0
648 2
648 4
604 4
604 3
604 3
604 0
603 1
603 4
603 5
618 0
618 5
668 4
607 5
618 1
618 0
618 1
618 4
605 4
605 4
605 3
605 5
618 0
618 4
605 0
604 0
604 0
604 1
604 4
603 5
618 3
607 4
603 4
603 3
603 5
618 5
646 3
619 4
604 0
604 3
604 5
649 0
649 0
649 0
649 3
635 3
632 3
632 0
632 3
632 2
631 2
630 0
630 3
630 0
630 3
630 4
623 0
623 4
616 4
605 3
605 4
604 0
604 0
604 2
604 5
652 4
604 0
604 4
604 2
604 2
604 4
604 3
604 4
604 4
604 4
604 5
620 3
608 2
607 4
605 4
605 0
605 4
605 2
605 4
605 4
605 0
605 3
605 4
605 2
605 3
605 3
605 4
605 5
619 3
606 0
606 1
606 5
657 2
654 1
654 4
608 5
620 3
608 0
608 2
608 3
606 5
655 1
655 3
636 3
635 4
611 4
607 2
607 1
607 0
607 3
607 4
606 0
605 0
605 2
605 1
605 2
605 0
605 5
653 5
706 4
609 2
609 5
621 4
608 4
606 1
606 3
606 0
606 2
606 1
606 3
606 2
606 3
605 5
648 4
605 3
605 0
605 1
605 1
605 4
605 5
617 3
608 2
607 0
607 3
606 4
603 0
603 5
651 1
648 0
648 3
636 5
691 0
691 4
614 1
614 4
605 4
605 4
605 5
617 5
648 0
648 5
702 4
610 2
610 3
610 0
608 1
608 0
608 3
608 3
608 5
654 2
654 0
654 4
609 2
608 2
607 3
607 1
607 4
606 2
606 5
619 0
619 5
669 2
669 4
608 3
608 4
608 3
608 5
620 0
620 4
609 3
609 2
608 3
608 3
608 5
618 2
618 3
610 3
609 3
609 4
607 3
607 4
607 4
607 4
607 2
607 1
607 0
607 0
607 2
607 0
607 4
607 3
607 0
607 3
607 3
607 3
607 3
607 3
607 3
607 3
607 0
607 2
607 0
607 0
607 4
607 1
607 4
607 4
607 2
609 5
620 3
609 4
607 3
607 3
607 4
607 5
619 4
608 0
608 1
608 0
608 4
607 4
607 2
607 4
607 0
607 3
607 4
607 2
607 4
607 0
607 2
607 1
607 3
607 0
607 0
607 0
607 3
607 3
607 2
607 4
607 1
607 0
607 0
607 2
607 0
607 3
607 3
607 2
607 1
607 5
650 1
649 3
630 5
673 3
657 3
655 0
654 3
653 3
653 0
653 0
653 2
652 0
652 4
630 3
624 3
623 3
623 5
640 2
639 2
638 0
638 5
707 5
780 5
858 3
794 5
899 3
864 3
845 0
845 0
845 0
845 0
845 1
845 1
845 3
838 2
836 3
833 4
639 3
632 0
631 2
630 0
630 4
627 5
639 0
638 1
638 3
631 3
629 3
629 0
629 4
622 1
622 0
621 3
621 4
618 5
633 5
668 1
668 4
619 4
610 0
609 5
660 1
660 0
660 4
610 3
610 0
609 0
609 0
609 1
609 0
609 0
609 4
609 4
607 2
607 3
607 4
607 5
621 0
621 4
608 3
608 3
608 3
608 0
607 2
607 0
607 3
607 1
607 4
607 1
607 2
607 4
607 1
607 5
621 3
615 1
615 5
642 3
627 2
626 2
625 3
623 3
623 4
608 3
608 4
607 2
607 3
607 4
607 3
607 4
607 1
609 4
608 4
608 1
608 4
608 0
607 5
657 0
657 3
636 5
698 3
674 2
672 3
669 0
669 0
669 3
668 4
629 3
624 5
644 2
643 0
643 2
642 4
621 0
619 5
686 1
686 1
686 2
685 1
685 0
685 5
759 4
633 0
629 5
693 0
693 2
691 3
671 2
670 4
618 4
608 1
608 1
608 0
608 0
608 3
608 4
607 0
607 2
607 5
659 2
659 1
659 4
608 2
608 4
608 4
608 0
607 3
607 4
607 5
621 4
608 0
607 0
607 2
607 3
607 0
607 3
607 2
607 5
658 3
647 3
646 5
716 0
716 2
714 5
808 4
627 0
625 5
687 4
621 3
620 1
620 3
620 5
630 3
622 0
620 3
619 4
616 1
616 4
607 3
607 4
607 5
618 3
609 3
608 4
606 3
606 3
606 5
620 4
608 4
608 0
606 1
606 0
606 2
606 0
606 4
606 0
606 4
606 0
606 2
606 3
605 4
605 1
605 0
605 4
605 3
605 5
621 3
609 0
609 4
607 4
605 5
620 1
620 5
649 2
649 5
704 4
612 5
620 3
610 3
610 0
610 4
607 5
620 1
620 5
651 3
624 2
623 3
621 3
620 5
664 5
726 2
726 2
723 3
689 3
673 3
673 0
673 2
671 0
671 5
782 4
627 4
614 4
614 3
613 3
611 0
609 4
608 4
607 3
607 2
607 5
622 3
611 3
609 1
609 2
608 0
607 4
603 3
603 0
603 2
603 5
651 2
651 0
651 4
605 2
605 0
604 3
604 3
604 3
604 3
604 3
604 5
652 3
632 5
698 5
770 2
767 5
849 0
849 1
849 2
845 4
629 3
626 5
633 1
633 5
655 4
619 1
619 4
617 4
617 0
614 5
662 3
636 3
630 1
630 3
630 2
629 3
628 0
628 3
626 2
625 4
618 5
632 0
632 1
635 3
622 4
615 1
615 2
614 3
612 4
606 2
606 0
605 5
654 4
608 5
619 4
609 5
618 4
609 0
608 0
608 3
607 0
607 4
607 0
607 1
607 0
607 5
657 3
640 5
701 3
679 0
679 4
625 4
608 3
607 5
619 4
608 1
608 0
606 1
606 3
606 3
606 4
605 4
605 0
604 4
604 1
604 0
604 3
604 4
604 5
619 2
619 2
619 4
608 3
608 1
608 0
606 3
606 0
606 5
656 5
714 0
714 3
682 4
615 4
610 3
607 3
607 0
605 0
605 2
605 3
605 2
605 5
651 4
606 1
606 0
606 1
606 4
605 4
605 0
605 3
605 1
605 4
605 3
605 3
605 2
605 2
605 4
605 2
605 3
605 2
605 4
605 3
605 4
605 4
605 5
620 2
620 1
620 3
609 0
609 1
609 2
608 4
606 5
621 3
610 2
609 4
605 2
605 3
605 0
605 4
605 0
605 3
605 4
605 5
619 3
608 4
605 1
605 0
605 0
605 0
605 5
652 5
706 1
706 3
672 2
671 5
729 1
729 1
729 4
618 5
624 1
624 4
615 2
615 2
615 5
624 4
615 1
615 -1
2949 5
2949 0
1930 1
1930 5
2025 4
849 0
787 1
789 5
830 3
778 5
826 3
794 0
794 0
794 1
795 0
795 4
714 5
712 3
702 2
700 0
700 4
675 5
674 4
656 0
654 3
654 5
702 0
702 3
681 5
733 3
712 1
712 2
711 1
712 5
801 0
801 4
662 2
659 1
663 3
648 0
646 5
711 4
638 1
638 0
631 3
631 4
626 2
625 5
643 3
629 4
626 4
623 5
635 4
621 4
621 2
622 1
626 2
622 2
622 2
623 2
625 2
627 3
626 3
626 4
623 0
622 0
622 5
665 0
665 5
715 5
770 2
770 5
830 4
645 4
643 3
640 5
649 3
636 1
639 4
629 3
628 3
627 3
627 5
633 4
623 2
624 4
624 4
624 3
624 1
627 2
626 1
629 4
628 5
632 0
631 3
626 2
625 5
652 0
652 3
643 2
642 4
626 4
622 5
627 5
653 5
688 3
648 2
647 0
647 1
648 1
650 1
651 2
650 5
697 5
754 4
634 3
626 1
630 5
637 2
637 4
623 2
623 5
631 0
630 3
622 3
621 0
620 1
621 2
620 5
668 4
618 3
617 1
621 3
617 1
619 5
628 2
629 5
658 2
659 2
663 3
630 2
629 3
624 3
623 3
623 3
623 5
651 1
652 3
636 3
635 4
620 0
620 5
670 5
730 0
730 2
726 2
723 2
725 3
677 0
677 2
676 0
676 4
633 4
622 0
620 5
667 0
667 0
667 4
617 3
616 4
616 2
616 3
616 0
616 3
616 0
616 3
616 4
616 0
615 5
658 3
640 3
637 2
636 2
635 2
634 5
688 5
755 5
833 2
829 5
909 0
909 1
912 1
911 4
642 5
644 4
628 0
627 0
627 5
666 1
669 1
669 2
666 1
666 0
666 3
646 5
685 1
682 0
682 0
682 3
668 4
634 3
628 1
628 1
629 3
627 5
642 4
620 2
620 2
620 5
626 2
626 2
630 5
655 1
654 1
655 5
690 3
640 1
642 0
642 4
623 4
612 3
611 3
611 3
611 0
611 1
614 3
612 0
612 4
610 5
622 1
627 3
617 1
617 4
615 4
615 3
612 2
615 1
617 3
613 3
613 2
614 4
613 3
613 5
622 1
633 2
622 3
617 2
616 2
616 2
616 0
616 3
615 2
614 2
614 5
653 4
616 3
615 3
615 4
615 5
624 1
624 3
617 5
636 0
636 3
626 2
625 3
623 3
622 4
618 3
615 5
629 3
618 0
616 5
661 5
707 3
663 0
663 4
627 0
626 3
625 4
623 2
622 2
621 0
620 3
620 2
622 5
659 0
659 0
659 4
620 3
618 5
625 0
624 1
626 3
619 2
618 2
620 5
661 4
620 5
626 1
626 4
616 5
622 0
622 1
623 4
615 5
618 4
615 2
617 3
615 5
621 0
621 0
621 4
613 0
613 5
659 5
707 4
623 2
623 4
623 3
623 0
620 1
620 4
617 3
617 0
614 3
613 3
612 2
611 2
610 3
610 0
609 1
609 4
609 4
608 2
610 0
610 2
610 2
610 1
611 0
611 1
614 2
611 4
609 0
609 5
649 3
636 3
632 0
632 4
621 0
620 1
623 3
623 3
622 2
621 2
619 2
619 1
619 1
622 2
621 2
622 5
670 4
620 3
620 1
622 3
620 3
620 3
620 3
620 4
612 3
612 4
612 3
612 2
612 2
615 2
615 3
613 0
611 5
650 3
633 2
632 0
631 3
629 3
629 4
620 4
611 0
611 2
613 0
613 2
613 4
611 0
611 3
611 2
611 5
653 1
653 3
641 3
640 5
690 3
670 5
737 3
713 0
713 4
630 0
630 1
631 5
703 0
703 1
704 5
783 2
780 2
778 4
633 1
633 1
633 2
631 2
628 0
626 4
622 4
611 5
621 0
621 1
621 4
613 2
613 4
613 3
613 1
615 2
614 2
614 2
617 2
617 4
616 1
616 1
624 5
621 4
616 3
616 4
616 0
616 5
652 0
652 3
634 2
633 0
633 3
632 4
626 3
625 2
624 2
623 0
623 2
623 4
622 0
622 3
622 2
621 5
661 0
661 4
624 0
623 3
623 0
623 0
623 0
623 2
623 4
623 2
622 3
622 3
622 2
621 3
621 0
621 3
621 3
621 3
619 3
619 4
617 4
611 3
611 2
612 2
615 3
615 2
614 4
614 3
614 2
615 3
615 2
615 2
619 4
619 1
619 3
619 2
622 2
625 3
623 0
620 1
621 4
616 2
616 4
616 3
616 2
619 3
617 0
616 0
616 0
616 4
616 0
616 0
616 3
614 5
648 0
648 3
632 5
670 3
650 3
646 4
617 1
617 0
617 2
617 2
618 4
614 5
626 4
613 3
613 3
613 2
613 0
613 2
618 2
618 0
618 5
653 1
654 3
639 3
633 3
631 4
617 5
627 5
646 3
625 3
624 3
623 2
622 0
622 3
622 3
622 0
622 2
621 2
621 4
617 4
612 2
614 1
617 0
617 0
617 1
619 4
613 4
613 1
615 4
614 0
612 2
612 3
612 4
611 0
611 2
611 3
611 3
611 3
611 0
611 0
611 4
611 3
611 4
611 4
611 3
611 0
611 3
611 0
611 5
654 0
654 2
654 5
702 0
702 4
621 5
628 3
619 2
618 4
616 3
614 1
614 2
613 2
613 5
626 0
626 2
626 3
619 0
619 0
619 4
618 3
617 0
617 2
618 3
618 4
617 0
617 2
617 2
618 3
618 4
615 1
617 4
614 0
613 4
612 4
612 2
612 3
612 4
611 4
611 5
627 3
617 5
643 4
611 1
613 3
611 4
610 1
610 4
610 0
609 3
609 2
609 2
614 5
650 3
633 3
632 2
631 0
630 0
630 1
631 3
628 2
627 3
627 4
621 4
611 0
610 1
610 1
610 1
610 3
610 5
654 1
655 3
639 1
639 5
688 2
683 5
744 1
744 0
744 4
636 3
628 4
616 1
616 4
616 3
616 4
616 0
614 3
614 3
614 5
651 2
651 0
651 4
616 4
616 0
614 3
614 4
613 2
613 5
625 5
646 1
646 0
646 3
627 4
612 3
612 1
612 2
612 1
612 3
611 4
611 3
611 3
611 2
611 1
611 4
611 3
611 5
624 0
624 5
663 3
638 0
637 4
625 3
623 0
622 5
681 2
681 5
746 3
699 0
699 4
636 2
635 3
631 0
630 2
628 5
689 3
667 4
629 0
628 0
628 4
622 4
609 3
609 1
609 1
609 2
609 4
609 2
609 0
609 0
609 3
608 2
607 4
607 4
607 3
607 4
607 5
617 3
610 4
608 3
607 3
607 4
607 0
607 2
607 3
607 3
607 3
607 3
607 3
607 2
607 4
607 5
619 5
646 1
646 2
646 1
646 4
611 1
611 0
609 3
609 0
609 4
607 4
607 4
607 0
607 4
607 5
619 3
611 0
611 4
608 1
608 5
620 4
610 1
610 4
609 4
608 3
608 2
608 0
608 4
608 4
608 0
608 1
608 2
608 3
608 3
608 2
608 3
608 1
608 5
648 4
610 0
608 0
608 5
648 1
648 0
648 3
631 5
682 4
615 3
614 4
613 3
613 1
615 5
629 4
614 4
614 3
614 1
614 0
611 3
611 1
611 2
611 4
610 5
624 5
651 3
626 3
624 0
624 4
618 4
612 2
611 3
611 2
611 4
610 2
610 2
612 5
626 5
647 0
647 2
647 3
627 1
629 0
628 1
628 2
627 1
627 4
622 5
633 3
625 1
625 3
624 3
624 4
619 0
617 2
617 2
617 4
616 2
615 2
614 3
614 3
614 0
614 4
614 3
614 4
611 4
611 0
610 3
610 0
610 1
610 2
611 0
611 3
611 2
610 0
610 5
650 2
650 3
635 5
675 5
728 4
625 1
625 4
615 3
615 2
615 2
615 3
615 3
615 1
615 3
615 0
611 3
611 0
611 4
610 2
610 3
610 2
610 4
610 4
610 0
610 0
610 1
610 3
610 5
647 3
628 2
627 4
613 0
613 3
613 5
649 4
614 2
613 1
613 4
612 5
621 4
612 3
612 1
612 4
612 4
612 3
612 4
612 2
613 2
613 5
620 2
620 2
620 3
612 0
611 0
611 5
652 4
610 4
610 4
610 1
610 4
610 5
619 4
612 2
611 4
611 1
611 2
611 3
611 3
611 4
611 5
623 3
613 3
613 1
613 2
612 5
631 0
631 3
619 5
654 1
654 1
654 1
654 3
637 2
636 5
679 5
735 0
735 3
697 2
695 5
779 3
761 3
756 3
750 4
626 2
625 4
611 3
611 4
611 4
611 5
622 4
613 3
612 0
612 5
658 3
636 0
635 4
625 3
623 3
623 5
635 1
635 3
627 3
624 3
623 3
623 1
623 4
613 1
613 3
613 3
613 0
613 5
664 4
617 2
616 2
615 3
614 4
612 1
612 1
612 1
612 2
612 3
612 5
617 3
612 5
625 2
625 3
615 1
615 2
614 0
614 4
611 3
611 4
609 3
609 3
609 1
609 3
609 2
609 5
615 2
615 3
611 3
611 4
609 0
609 2
609 2
609 4
609 4
609 0
609 1
609 5
648 2
648 1
648 3
637 2
636 3
630 0
630 2
629 3
627 5
681 0
681 1
681 4
623 3
618 2
617 2
616 5
626 2
625 5
650 0
650 4
618 4
611 5
616 1
616 2
616 3
611 1
611 2
610 4
609 1
609 4
609 5
616 2
616 5
637 0
637 5
686 4
612 2
612 4
612 4
612 3
612 3
612 3
612 3
612 4
612 0
611 0
611 3
611 1
611 5
651 3
630 0
630 3
629 0
629 3
629 0
629 5
689 4
624 3
623 4
611 5
620 4
615 4
614 0
613 2
613 1
613 3
613 3
613 0
613 2
613 1
613 2
613 0
613 0
613 3
613 4
613 0
613 3
613 0
613 4
612 3
612 3
612 1
612 2
611 4
609 3
609 1
609 3
609 3
609 4
609 4
609 5
618 5
638 2
638 4
613 4
613 1
613 0
612 3
612 5
644 3
628 1
628 3
627 2
626 5
663 3
645 0
645 2
644 5
717 3
698 2
697 2
696 5
795 2
793 4
636 4
615 1
615 5
621 2
621 2
621 4
612 2
612 4
612 5
621 1
621 2
621 4
612 2
612 0
611 5
652 0
652 3
637 4
613 1
613 2
612 1
612 3
612 3
612 3
612 0
611 0
611 0
611 4
608 2
608 4
608 2
608 2
609 3
608 2
608 3
608 4
608 3
608 5
617 3
608 3
608 4
606 0
606 4
606 4
606 3
606 4
606 2
606 0
606 5
646 2
646 2
646 1
646 2
646 3
630 1
630 0
629 2
628 4
616 4
606 5
618 5
639 3
618 2
617 5
645 0
645 0
645 3
629 3
626 4
610 2
609 1
609 2
608 4
608 1
608 4
608 3
608 4
607 0
607 3
607 3
607 0
607 2
607 1
607 2
607 2
607 5
651 0
651 4
608 3
608 1
608 5
619 5
642 4
613 3
613 1
613 3
613 5
619 0
619 0
619 0
619 3
614 3
614 4
610 2
610 4
610 4
610 1
610 2
610 5
622 3
612 3
612 2
611 4
610 1
610 3
610 4
610 5
622 2
622 3
612 5
630 2
630 2
628 4
610 2
610 0
608 4
608 0
608 3
608 3
608 0
608 4
608 2
608 2
608 4
608 5
624 3
610 2
609 0
609 4
608 0
608 2
608 3
608 1
608 5
647 3
632 0
632 2
631 2
630 5
691 3
668 0
668 0
668 5
764 3
740 2
738 5
881 3
856 5
1063 3
1044 5
1329 4
647 5
649 4
619 2
618 5
630 4
615 4
615 5
626 4
615 3
613 0
613 4
611 0
610 0
610 4
610 4
609 3
609 4
609 0
609 0
609 0
609 0
609 0
609 0
609 3
609 5
655 2
655 3
641 2
640 0
639 3
635 4
619 4
611 0
610 2
610 3
610 2
610 0
610 3
610 5
656 2
656 4
612 3
612 1
612 1
612 0
612 2
612 0
612 3
612 2
611 0
611 2
611 3
611 0
611 4
611 3
611 2
610 4
610 1
610 4
610 4
610 3
610 2
610 4
610 2
610 3
610 2
610 4
610 3
610 4
610 5
622 2
622 3
615 1
615 4
612 3
612 4
611 2
611 5
624 5
646 5
682 4
617 2
616 2
616 0
614 1
614 0
614 5
652 0
652 2
652 3
643 3
636 5
682 4
619 3
619 5
624 3
617 0
617 0
617 0
617 2
617 2
617 4
615 0
615 4
614 4
612 2
612 5
618 0
618 0
618 0
618 2
618 2
618 1
618 2
618 3
612 0
612 3
612 3
612 3
612 5
654 3
637 3
631 2
630 5
675 3
655 4
616 4
611 5
620 2
620 0
620 3
611 5
649 4
610 2
610 3
610 4
610 5
620 3
614 2
613 0
613 4
611 4
610 3
610 4
610 5
620 3
614 3
613 0
613 4
610 2
610 4
610 4
610 0
610 4
610 3
610 0
610 2
610 4
610 0
610 0
610 4
610 4
610 4
610 0
610 3
610 4
610 2
610 5
618 2
618 5
645 4
618 0
615 1
615 3
615 1
615 3
615 0
615 5
659 3
643 0
643 4
620 4
610 4
610 2
610 3
609 3
609 0
609 5
651 0
651 1
651 3
634 0
633 2
633 0
633 5
697 4
624 0
621 3
621 1
621 4
617 0
617 0
617 4
616 3
616 3
616 4
608 0
608 2
608 4
608 0
608 2
608 4
608 2
608 1
608 2
608 3
608 0
608 2
608 2
608 3
608 0
608 0
608 0
608 5
655 2
655 3
638 4
612 4
609 3
609 2
609 5
624 3
615 0
615 3
614 5
667 0
667 2
667 4
616 0
616 5
669 4
615 3
614 4
609 2
609 0
609 2
609 3
609 5
653 0
653 4
612 5
625 4
612 3
612 3
612 2
612 3
612 4
612 0
611 3
611 5
653 3
636 3
634 3
634 3
633 4
615 3
612 2
611 0
611 1
611 3
611 3
611 2
611 4
611 2
610 0
610 1
610 4
610 1
610 0
610 1
610 5
652 3
637 3
634 2
633 3
631 1
631 1
631 4
611 2
610 3
610 0
610 2
609 3
609 3
609 3
609 3
609 0
609 5
656 0
656 4
610 3
610 3
610 5
623 4
608 0
608 0
608 3
608 4
606 4
605 0
605 0
605 3
605 2
605 1
605 4
605 4
605 2
605 0
605 5
653 4
605 2
605 3
605 4
605 2
605 0
604 5
652 0
652 1
652 4
606 4
606 0
603 4
603 0
603 3
603 4
603 3
603 4
603 4
603 4
603 3
603 2
603 1
603 0
603 3
603 3
603 1
603 3
603 0
603 4
603 3
603 3
603 2
603 3
603 0
603 5
652 4
604 3
604 5
621 5
648 0
648 2
648 2
648 2
648 5
703 2
703 0
703 0
703 0
703 1
703 3
648 3
641 4
609 2
608 1
608 1
608 3
608 0
606 0
606 5
654 3
637 2
636 2
635 3
633 3
633 3
633 2
632 3
630 1
630 5
680 3
658 4
615 0
615 4
610 0
610 0
610 1
610 0
610 3
610 0
610 2
610 3
610 1
610 3
610 2
610 3
610 5
660 3
646 3
645 2
644 3
642 0
642 3
641 1
641 0
641 4
621 0
620 1
620 1
620 3
620 5
687 5
760 1
760 3
725 2
724 4
628 1
628 5
632 3
623 5
652 3
640 3
637 3
637 3
635 4
615 2
614 3
611 4
603 0
603 3
603 1
603 1
603 2
603 2
603 3
603 4
603 0
603 4
603 0
603 0
603 2
603 1
603 1
603 0
603 2
603 5
654 0
654 5
712 3
679 4
614 0
611 0
611 0
611 1
611 5
666 4
609 4
606 3
606 4
606 1
606 3
606 3
606 0
606 2
606 1
606 2
606 5
654 5
705 3
666 3
657 0
657 3
656 2
655 3
655 3
654 0
654 5
754 2
752 1
752 5
850 1
850 3
809 4
647 3
636 3
633 2
632 1
632 3
630 5
640 4
613 2
613 4
612 3
612 5
621 5
647 1
647 3
619 0
619 2
618 0
618 4
612 2
611 5
625 3
613 0
612 5
672 2
671 0
671 3
652 2
651 5
727 0
727 1
727 4
618 2
617 0
615 4
611 0
611 3
611 2
611 0
611 5
667 4
611 2
610 2
609 0
608 5
660 5
720 4
613 3
611 5
622 2
622 0
622 1
622 4
610 4
604 4
603 2
603 5
612 0
611 3
603 1
603 4
601 0
601 3
601 3
601 4
601 2
601 4
601 2
601 4
601 4
601 2
601 4
601 3
601 2
601 3
601 2
601 2
601 2
601 3
601 0
601 3
601 4
601 5
611 0
611 4
602 2
602 0
601 3
601 2
601 1
601 4
601 3
601 5
611 4
602 3
602 5
612 4
601 5
612 4
601 1
601 1
601 3
601 5
613 4
601 4
601 3
601 3
601 2
601 3
601 2
601 4
601 0
601 4
601 5
613 3
604 4
601 3
601 4
601 5
611 2
611 3
604 0
603 2
603 0
603 1
603 5
653 2
653 4
608 0
605 2
605 1
605 4
604 3
603 0
602 4
602 3
602 2
601 2
601 2
601 1
601 3
601 0
601 1
601 3
601 3
601 4
601 5
612 4
603 2
603 5
613 4
601 4
601 0
601 4
601 4
601 5
613 3
605 2
604 4
601 4
601 5
614 2
614 4
602 3
602 4
602 1
602 2
602 1
602 4
602 5
613 2
613 4
602 2
602 0
601 2
601 0
601 3
601 3
601 4
601 3
601 4
601 3
601 3
601 0
601 0
601 2
601 5
647 0
647 2
647 2
647 2
647 2
647 4
601 2
601 1
601 5
611 2
611 0
611 0
611 4
602 3
602 -1
2949 4
2949 3
1621 0
1099 3
834 4
802 5
773 2
777 2
777 5
770 4
761 2
755 4
748 4
748 5
748 1
749 2
747 3
743 0
714 4
705 5
705 1
705 2
706 4
702 1
702 1
704 5
702 0
696 0
696 0
696 5
719 2
719 1
717 2
719 3
700 2
699 5
715 0
715 1
715 3
685 1
689 4
677 1
681 4
677 5
682 1
699 0
682 3
672 4
666 4
664 2
667 5
673 0
672 0
672 1
689 0
675 5
706 2
706 3
677 5
693 4
651 4
649 2
653 3
649 4
648 3
648 4
648 3
648 1
648 1
650 2
648 4
648 1
657 5
651 3
649 1
649 5
658 0
656 0
656 1
677 5
697 4
648 2
649 3
648 0
646 5
668 3
657 5
682 0
682 4
648 1
649 2
648 5
654 2
653 4
645 1
645 2
648 1
648 2
647 5
651 5
660 2
668 4
643 1
645 5
650 4
643 1
645 5
650 5
663 2
663 4
643 0
643 0
643 0
643 4
643 4
642 4
642 0
642 1
658 4
657 3
643 4
643 3
643 0
641 1
643 3
641 3
641 3
641 5
662 4
642 0
642 3
641 3
641 1
647 4
645 4
645 5
650 0
649 1
649 3
644 5
663 3
654 5
674 4
646 5
652 5
666 2
667 4
642 1
642 3
642 5
647 4
640 1
646 5
647 2
651 1
652 4
640 3
640 2
643 4
641 5
645 1
651 5
659 4
641 2
644 4
641 4
641 0
641 1
647 0
642 1
642 2
649 4
644 4
644 5
651 3
647 3
646 5
657 4
645 0
645 4
644 4
644 2
644 0
644 2
644 1
644 4
644 3
644 4
644 1
644 4
644 4
644 1
661 0
645 3
644 5
662 4
641 5
643 3
640 5
645 3
640 4
638 5
641 5
654 0
654 5
682 4
642 1
644 2
644 4
643 3
643 5
644 0
643 4
639 4
639 0
639 4
639 3
639 2
639 0
638 3
635 2
635 5
661 4
637 0
637 3
635 2
635 4
634 3
634 5
640 5
654 2
659 5
681 3
654 3
652 4
635 0
635 4
634 5
639 5
652 4
634 0
634 1
636 2
634 2
644 3
641 0
640 3
638 1
638 4
637 0
636 2
639 4
633 1
637 3
635 2
635 3
633 2
635 1
637 5
639 0
639 0
639 5
667 4
636 4
636 3
636 4
636 4
636 2
636 2
636 4
636 5
640 5
653 1
655 0
655 1
656 2
655 1
659 5
688 3
660 3
653 3
653 4
636 3
634 4
632 1
632 1
632 5
640 4
632 4
632 3
632 3
632 5
639 2
641 3
634 5
641 2
642 1
644 2
642 4
630 5
637 2
637 1
637 0
637 4
627 3
627 2
627 3
627 3
627 3
627 1
633 4
632 4
632 5
639 0
638 0
638 1
638 3
631 5
657 5
689 3
658 4
629 3
628 2
627 3
627 2
626 3
626 0
625 2
631 2
638 5
665 4
626 4
626 2
629 1
643 5
637 5
654 4
629 4
629 5
635 5
649 5
673 1
674 0
674 5
718 1
718 4
633 4
632 3
632 0
629 1
631 5
657 3
638 3
634 0
631 5
676 3
663 2
662 5
715 3
697 5
777 0
777 2
773 3
749 2
747 4
636 3
628 3
627 0
626 5
676 1
677 3
658 5
708 4
633 4
624 5
634 1
635 2
634 3
625 0
624 5
672 4
628 0
625 2
625 1
626 0
626 3
623 4
617 0
617 4
616 3
616 5
629 5
657 2
658 2
660 5
698 0
698 3
653 4
618 4
617 3
616 4
616 1
617 4
617 4
617 4
617 5
624 1
636 1
636 1
639 5
649 4
618 5
625 4
618 5
625 4
618 4
618 4
618 4
618 4
618 1
620 3
617 4
617 1
617 0
616 5
655 4
615 0
615 5
655 1
656 5
703 5
756 5
814 2
810 4
630 4
629 0
624 0
623 5
661 0
661 2
665 2
669 3
645 4
623 0
621 4
616 3
616 4
615 5
629 3
619 3
619 2
618 2
617 5
637 4
617 3
617 3
616 3
616 3
616 3
616 5
627 4
616 1
618 4
617 5
627 4
616 5
628 2
628 3
619 3
618 3
618 0
617 3
617 3
617 4
615 4
614 0
614 3
614 4
614 2
616 0
616 4
616 2
618 4
618 5
629 5
649 2
649 5
681 5
722 3
666 2
665 0
665 3
651 4
631 3
624 4
616 5
627 5
649 0
649 3
626 2
625 3
623 1
623 1
623 2
622 0
622 5
668 3
651 2
650 4
625 5
637 4
619 1
619 3
616 5
629 3
619 4
615 4
615 2
614 2
616 0
616 0
616 4
613 4
613 0
613 3
613 4
613 1
613 0
613 4
613 1
616 2
615 2
615 3
615 4
614 5
628 2
633 3
619 4
615 5
627 4
615 4
615 1
621 0
618 0
618 4
614 1
616 5
628 2
629 0
629 4
614 4
613 0
613 3
612 3
612 2
612 0
612 0
612 4
612 0
612 3
612 3
612 0
612 3
612 4
612 3
612 2
617 4
613 2
613 1
617 4
616 4
616 4
616 5
627 3
615 3
615 1
615 3
615 2
614 3
614 2
613 4
613 4
613 3
613 5
627 1
630 4
615 4
615 5
630 3
619 4
614 5
625 3
618 3
617 0
617 5
654 2
654 2
651 5
693 3
664 4
622 1
628 5
632 1
632 1
632 3
625 4
619 3
618 3
618 1
618 0
618 0
618 2
624 4
615 3
615 3
615 5
627 3
617 4
615 4
614 0
614 5
649 3
636 4
614 3
614 4
614 0
614 2
614 0
614 4
614 2
614 2
614 4
614 3
614 5
626 2
626 1
629 5
650 4
618 0
613 2
613 5
647 1
650 2
649 5
683 2
687 3
657 4
618 2
617 5
630 5
647 5
682 0
682 3
642 3
633 0
631 2
630 5
680 0
680 3
663 1
663 3
660 0
660 5
741 3
722 0
722 3
717 2
715 5
845 0
845 5
991 1
991 4
656 4
630 5
637 1
637 5
652 1
652 0
652 5
695 2
691 2
696 5
744 5
800 5
859 0
859 2
858 4
636 2
635 2
636 2
636 5
640 2
640 5
654 3
634 2
633 5
650 1
650 1
652 3
634 5
655 3
638 4
620 3
619 2
618 5
634 3
622 2
621 5
639 5
670 5
715 3
663 0
662 0
662 5
730 5
804 0
804 0
804 4
639 0
637 3
636 1
637 5
694 3
672 3
669 1
669 0
669 0
669 3
669 5
768 4
643 4
624 3
622 3
622 0
620 2
620 4
620 3
620 3
620 2
619 0
619 4
619 4
619 4
618 3
618 4
618 4
618 4
618 0
618 4
618 4
618 3
618 3
618 5
635 4
622 4
620 3
620 3
620 0
619 0
619 3
619 0
619 2
619 3
619 4
618 3
618 2
618 4
617 0
617 0
617 5
663 4
619 3
619 2
621 0
620 2
620 3
619 1
619 5
653 4
618 1
618 4
618 4
618 5
630 4
619 0
616 3
616 4
616 4
616 5
631 5
655 4
623 4
623 3
623 2
623 2
624 1
626 4
624 4
624 0
621 4
619 3
619 1
619 4
619 3
619 0
618 0
618 1
618 0
618 2
618 3
617 4
615 3
615 3
615 5
631 0
631 3
621 5
652 2
650 0
650 3
639 4
620 0
618 4
617 5
630 1
630 4
616 3
616 4
615 4
615 5
626 4
615 3
615 4
615 1
618 0
616 5
658 1
658 4
618 0
617 1
617 1
617 4
615 3
615 2
614 4
614 4
614 5
626 4
615 4
615 5
626 4
615 4
615 3
615 1
615 5
626 2
626 1
626 4
615 4
615 4
615 0
614 0
614 0
614 3
614 1
614 5
655 2
655 3
639 3
637 4
617 5
626 4
615 4
615 1
615 2
616 3
616 3
616 4
616 3
616 5
628 5
650 5
684 1
684 0
684 2
684 1
684 0
684 1
684 0
684 1
684 4
624 4
623 5
631 4
622 0
620 2
620 0
620 5
657 5
701 4
624 0
619 3
618 3
618 5
650 0
650 0
650 2
649 1
649 0
649 5
695 2
695 1
695 2
695 2
695 3
661 3
651 4
624 3
621 1
621 5
633 2
632 2
632 2
632 4
619 4
618 2
619 4
619 3
619 0
616 5
654 0
654 4
617 3
617 4
617 4
617 0
616 5
653 0
653 1
653 2
653 0
653 3
639 3
636 1
636 4
622 2
621 1
621 0
621 3
621 2
620 0
620 2
620 5
663 3
651 1
651 5
701 0
701 5
765 3
726 0
726 0
726 0
726 5
830 3
809 4
653 5
657 2
655 3
646 0
644 0
644 3
643 5
712 3
689 2
688 0
688 4
637 3
632 1
633 0
631 0
631 4
624 4
617 0
616 2
616 2
616 2
616 2
616 0
616 3
616 4
616 4
616 0
616 2
616 0
616 4
616 3
616 3
616 4
615 0
614 4
614 5
634 5
660 4
626 1
626 5
631 1
631 5
655 3
629 3
626 2
625 3
625 3
625 0
623 3
623 2
622 2
622 2
621 3
620 3
620 5
671 0
671 1
671 0
671 4
622 3
619 4
616 1
616 4
616 4
616 2
616 1
616 1
616 0
614 5
658 0
658 0
658 4
619 3
618 3
618 3
618 0
615 2
615 4
615 3
615 4
614 4
614 5
626 5
650 4
619 5
625 5
647 3
626 4
617 1
617 4
617 2
617 2
616 4
616 5
629 2
629 1
652 0
639 4
617 5
627 4
615 4
615 1
615 0
615 0
615 3
615 0
615 0
615 3
615 3
615 0
615 4
614 0
614 0
614 4
614 3
614 1
614 5
629 1
630 3
617 3
617 3
616 5
639 3
626 4
616 3
614 5
629 0
629 1
630 0
630 0
630 0
630 2
630 1
630 3
617 2
617 5
659 2
659 3
635 4
618 2
617 0
617 0
617 4
615 0
615 3
615 5
659 3
640 2
639 4
619 4
614 0
614 1
615 0
614 1
614 2
613 1
613 4
612 5
629 4
614 5
628 2
628 4
614 5
628 1
628 5
657 0
657 0
657 5
703 3
661 3
653 4
619 0
618 4
616 4
613 3
613 3
613 4
613 5
624 2
624 2
624 2
624 0
623 3
613 4
612 5
629 4
613 2
613 3
613 1
613 3
613 3
613 1
613 4
613 5
628 3
615 0
614 3
614 2
613 0
613 1
613 1
613 3
613 2
613 3
613 2
612 5
657 0
657 3
641 0
639 4
622 3
619 0
618 0
618 4
616 3
616 4
610 4
610 4
610 3
610 4
610 1
610 4
610 0
610 4
610 0
610 5
656 0
656 0
656 2
656 5
706 1
706 0
706 3
672 4
620 0
619 2
618 0
618 4
615 2
614 4
612 4
612 1
612 5
629 3
620 4
613 4
612 1
612 4
612 5
627 5
655 4
619 4
619 2
619 1
619 2
619 0
616 3
616 3
616 0
616 1
616 0
616 0
616 0
616 4
615 4
615 4
614 4
614 0
614 3
613 4
613 3
613 4
613 0
613 2
613 4
613 0
613 5
653 2
653 3
635 4
614 3
613 4
613 0
613 2
613 5
654 4
616 3
616 5
629 5
653 3
624 1
624 4
616 2
616 4
616 3
615 4
615 1
615 4
615 2
615 1
615 3
615 5
630 1
630 4
616 3
616 4
615 5
628 4
614 5
626 3
614 4
613 4
613 4
613 5
625 3
616 4
613 4
613 2
613 0
613 5
654 2
654 2
654 3
637 3
636 4
617 3
616 3
615 0
615 1
615 3
615 4
615 0
615 1
615 5
657 0
657 5
703 4
623 2
622 5
633 1
633 0
629 0
629 4
617 3
617 3
617 3
617 4
616 5
628 3
621 4
617 3
616 0
615 1
615 4
614 2
614 4
614 2
614 3
614 3
614 4
614 3
614 0
614 4
614 0
614 4
614 2
614 4
614 2
614 0
614 4
614 2
614 4
614 5
627 3
615 4
615 2
615 4
615 4
615 5
625 1
625 3
617 1
617 2
616 3
616 0
616 5
658 3
644 5
692 3
667 0
667 2
666 2
665 5
754 1
754 0
754 4
633 4
616 3
615 1
615 2
615 5
628 2
628 1
628 2
628 0
628 3
618 4
613 0
613 4
613 3
613 0
613 3
613 0
613 1
613 0
613 2
613 1
613 0
613 1
613 4
613 3
613 5
628 4
614 3
614 5
629 4
614 5
627 0
627 3
615 0
615 5
662 0
662 0
662 2
662 2
660 0
660 2
660 0
660 2
660 0
660 3
640 0
640 5
704 1
704 3
686 3
679 4
626 1
626 4
614 3
613 3
613 2
613 0
613 4
613 3
613 3
613 2
613 1
613 3
613 0
613 5
659 1
659 0
659 3
642 1
642 0
642 2
641 4
627 0
626 2
625 4
622 3
618 3
618 1
618 4
614 2
614 0
613 3
613 5
659 3
641 0
641 2
640 4
626 3
623 1
623 3
623 4
614 1
614 4
614 4
614 3
614 1
614 4
614 3
614 4
614 3
614 0
614 4
614 0
614 0
614 3
614 2
614 3
614 4
614 4
614 2
614 4
614 0
614 0
614 3
614 4
614 4
614 4
614 2
614 2
614 0
614 5
660 0
660 0
660 1
660 4
617 4
617 0
615 5
661 0
661 5
713 1
713 5
770 0
770 3
709 4
619 3
618 3
618 1
618 5
629 2
629 1
629 0
629 0
629 3
618 5
662 2
660 3
642 4
613 0
612 2
612 4
612 5
624 5
647 5
682 2
682 1
682 2
682 2
686 0
686 0
686 3
648 1
648 4
616 4
613 5
627 1
625 3
616 5
633 4
614 5
626 5
646 2
646 2
646 5
680 3
641 3
633 3
629 3
629 5
672 2
670 3
657 4
617 2
616 3
616 0
615 1
615 4
615 0
615 0
615 0
615 2
615 5
668 3
656 4
620 3
617 1
617 1
617 3
617 0
617 3
617 4
617 3
617 1
617 2
616 0
616 1
616 0
616 5
671 3
650 2
649 3
649 4
619 0
619 4
616 4
611 3
611 4
611 3
611 4
611 1
611 4
611 1
611 3
611 1
611 1
611 1
611 5
627 0
627 3
616 3
614 2
613 3
613 4
612 0
612 2
612 3
612 0
612 1
612 5
663 4
613 5
628 0
628 3
617 4
611 5
628 0
628 5
683 3
651 0
651 1
651 2
650 2
649 0
649 0
649 3
646 5
730 2
728 3
704 2
702 0
702 0
702 3
700 3
700 4
634 1
634 3
628 0
628 3
628 2
628 3
628 3
628 2
628 0
628 0
628 4
627 1
627 3
625 5
640 2
640 4
619 3
617 4
613 2
613 4
613 5
625 0
625 5
677 3
641 1
641 1
641 2
640 2
639 3
638 4
616 4
612 3
612 5
624 1
624 0
624 2
624 3
614 3
614 0
614 4
614 0
614 2
614 2
614 4
612 1
612 5
625 5
644 5
684 2
684 2
684 3
644 5
700 3
671 0
671 2
669 5
768 3
740 3
736 2
734 1
734 4
630 2
628 1
628 4
613 0
611 4
610 1
610 0
610 4
610 0
610 5
658 1
658 2
657 5
708 5
767 4
619 3
619 0
616 5
661 4
616 4
615 0
613 2
613 3
612 2
612 3
612 0
612 5
656 2
656 4
613 3
613 4
613 3
613 2
613 1
613 2
613 3
613 2
613 5
624 3
613 3
613 4
610 2
610 3
610 4
610 2
610 5
625 2
625 2
625 2
625 4
612 2
611 5
624 1
624 4
612 0
611 1
611 5
654 3
640 4
612 3
612 1
612 4
611 3
611 3
611 1
611 0
611 1
611 0
611 3
611 4
611 4
611 5
621 0
621 4
610 3
610 5
624 1
622 0
622 4
611 2
610 0
609 1
609 0
609 5
653 4
609 3
609 0
609 5
653 4
609 0
609 3
609 4
609 1
609 1
609 3
609 0
609 3
609 3
609 3
609 2
609 5
650 4
609 4
609 0
609 4
609 5
623 3
612 3
611 0
611 2
611 0
611 4
611 4
609 0
609 2
609 1
609 0
609 0
609 0
609 0
609 4
609 4
609 2
609 2
609 4
609 2
609 0
609 4
609 3
609 2
609 0
609 3
609 0
609 0
609 3
609 4
609 5
623 0
623 4
610 0
609 4
609 4
609 0
609 0
609 1
609 3
609 3
609 3
609 0
609 2
609 0
609 0
609 0
609 2
609 3
609 0
609 3
609 1
609 4
609 2
609 3
609 3
609 5
624 0
624 3
614 3
614 2
613 4
609 2
609 5
624 5
643 1
643 0
643 4
612 1
612 0
610 2
610 0
610 0
610 1
610 2
610 0
610 2
610 4
609 5
623 2
623 2
623 3
613 2
612 5
630 1
630 3
617 4
610 3
610 3
610 3
610 0
610 5
655 3
637 2
636 0
636 4
620 3
619 1
619 1
619 0
617 3
617 4
615 1
615 3
615 4
609 2
609 2
609 3
609 0
609 1
609 3
608 0
608 0
608 5
652 3
637 4
608 1
608 0
608 4
608 1
608 1
608 3
608 0
608 4
608 3
608 0
608 2
608 4
608 4
608 5
621 0
621 2
621 5
667 4
614 4
614 3
612 0
611 1
611 1
611 0
611 5
655 4
610 4
610 4
610 4
610 4
610 0
610 1
610 3
608 3
608 3
608 4
608 0
608 1
608 5
653 3
640 4
610 2
609 0
609 4
609 4
608 1
608 4
608 2
608 5
622 1
622 4
609 0
608 1
608 5
653 4
608 2
608 4
608 3
608 1
608 2
608 5
622 4
609 1
609 0
608 3
608 3
608 0
608 0
608 4
608 4
608 4
608 2
608 5
622 4
610 1
610 0
608 0
608 5
653 4
608 0
608 1
608 4
608 4
608 2
608 5
622 5
643 4
613 2
613 5
622 5
641 5
667 1
667 -1
2949 1
2949 3
1212 5
1186 2
1183 2
1180 5
1153 5
1139 0
949 5
982 5
1022 5
1063 1
1067 3
775 5
763 1
764 0
752 1
753 3
713 3
686 5
699 4
668 4
662 2
662 5
668 0
666 3
657 2
656 5
679 5
708 0
708 1
710 0
709 2
716 0
716 3
686 5
715 2
713 3
683 5
729 5
785 4
670 4
659 3
658 4
656 5
657 2
655 2
656 4
647 2
648 5
657 4
647 4
647 1
647 4
647 0
644 4
643 3
643 4
643 2
645 3
644 5
654 4
646 3
646 2
646 0
645 4
643 3
643 1
645 4
644 2
644 5
651 2
657 2
664 2
672 4
653 3
653 5
659 4
651 2
656 2
662 5
668 0
668 4
659 2
667 1
669 5
672 5
690 4
660 2
663 5
671 2
678 5
694 2
707 1
707 4
671 0
669 5
684 2
710 4
678 2
678 2
702 3
686 5
682 0
678 0
678 2
678 3
674 4
666 2
670 3
666 2
671 5
675 0
674 1
680 1
681 3
667 4
663 5
668 1
670 2
668 4
662 5
666 5
680 4
658 2
658 0
658 4
657 0
657 1
658 3
658 0
658 3
658 5
674 2
674 2
674 3
667 1
668 2
667 4
656 2
656 5
661 2
664 2
673 2
673 0
673 3
661 2
664 5
681 2
695 3
673 1
675 5
689 5
712 1
713 2
712 4
668 0
663 0
663 4
655 3
654 1
654 3
654 2
653 2
652 0
650 5
678 0
678 0
678 4
651 1
657 0
655 5
682 1
682 4
650 2
649 5
661 1
662 2
661 5
682 5
710 1
712 3
668 4
649 5
652 2
653 1
656 0
654 1
658 5
681 3
660 4
643 4
642 2
643 5
649 2
651 3
644 2
643 3
642 2
641 2
642 4
639 5
650 0
649 2
659 0
659 2
659 5
689 3
660 4
644 2
643 3
643 4
642 1
646 2
645 0
643 3
639 3
639 5
660 1
662 1
662 4
641 4
641 5
652 1
654 1
658 3
646 4
644 3
642 5
652 5
669 1
669 0
667 5
700 5
738 2
738 1
738 2
738 4
645 5
651 4
644 5
651 5
666 2
666 4
643 0
640 0
640 5
666 5
701 2
710 1
710 1
714 0
712 4
654 3
650 5
654 2
654 0
654 3
650 3
648 4
644 2
643 2
642 4
642 3
642 0
641 0
641 2
645 3
641 2
644 2
644 3
642 1
642 0
641 0
641 3
641 5
665 4
640 3
639 0
638 2
638 4
638 3
638 3
638 2
638 0
637 5
660 1
660 4
638 1
638 3
637 3
637 5
644 2
648 0
647 3
641 4
636 3
636 3
636 2
636 2
636 2
636 5
644 5
663 1
667 3
649 0
647 4
641 2
641 2
640 5
647 0
646 2
653 5
685 5
721 4
650 5
653 5
665 4
647 2
649 2
652 0
649 2
649 0
649 5
676 0
676 4
640 3
639 1
641 4
640 5
647 1
647 4
639 2
639 4
639 1
641 0
639 1
644 3
642 4
639 4
639 3
637 3
636 0
635 2
635 0
635 2
635 4
633 3
633 3
633 1
633 4
633 3
633 1
636 1
639 0
634 5
663 4
636 1
636 4
635 3
635 2
635 3
635 2
637 5
645 0
645 4
634 5
643 3
637 2
636 1
636 0
634 3
634 3
634 1
634 1
634 1
638 2
637 3
634 5
659 3
650 5
678 3
666 2
665 1
665 2
664 0
663 0
663 4
643 1
643 3
642 2
641 4
632 2
631 5
639 3
631 4
628 2
627 4
627 1
627 1
629 3
629 1
629 5
640 2
642 5
660 1
660 0
660 2
660 5
708 5
761 0
761 5
814 2
815 0
815 4
644 3
642 2
641 5
646 2
646 3
639 1
649 1
649 1
649 0
642 2
642 4
637 1
637 3
637 0
636 3
635 5
659 3
648 3
642 0
641 3
641 4
634 2
633 4
628 3
628 2
629 3
628 5
638 5
659 4
630 2
631 5
640 3
628 4
626 2
625 2
624 3
624 2
626 2
628 2
628 3
626 3
625 3
625 0
624 3
624 0
624 3
622 0
622 2
624 3
623 1
623 4
620 4
619 2
619 3
619 0
619 2
624 0
624 5
666 5
712 2
712 2
712 2
712 4
628 3
628 2
627 0
623 4
623 3
623 4
622 3
622 2
622 0
621 4
621 3
621 0
621 3
621 3
621 5
647 3
638 5
675 4
623 4
623 0
621 3
621 4
621 0
621 0
621 4
621 4
621 1
623 4
622 1
622 3
622 3
622 4
622 1
622 5
630 5
647 2
654 5
687 0
687 4
631 4
631 0
625 0
625 5
658 2
658 5
700 2
700 3
668 1
671 1
673 0
670 0
670 5
734 3
709 0
709 4
639 5
645 4
622 0
621 3
621 5
661 4
621 2
620 3
620 4
620 0
619 0
619 4
619 3
619 3
619 3
619 0
618 4
618 3
618 5
629 0
629 3
624 1
624 4
618 0
617 0
617 1
621 5
655 0
655 4
619 5
629 4
618 3
617 3
617 5
628 3
619 0
619 3
617 2
617 4
616 5
629 3
617 5
639 1
639 3
625 1
625 5
655 5
703 4
623 5
630 1
632 5
656 0
656 4
623 3
620 0
618 3
617 4
616 5
627 2
629 3
622 2
621 4
616 5
625 5
648 0
648 2
649 0
649 2
649 0
649 3
624 1
624 0
624 0
624 2
623 5
674 0
674 3
653 1
654 1
655 3
646 2
645 3
644 1
645 5
703 5
774 0
774 0
774 0
774 5
866 4
633 0
629 2
631 4
626 0
626 0
626 3
625 5
681 3
665 0
665 4
631 4
616 0
616 4
616 3
616 4
615 5
624 4
615 4
615 5
629 0
629 3
617 4
614 0
614 2
616 0
616 3
615 0
615 4
615 5
629 5
660 3
633 1
633 0
633 2
632 5
692 3
674 0
674 4
631 4
616 1
616 3
616 1
618 3
616 4
616 4
616 1
618 4
617 3
617 1
617 5
624 0
624 4
616 4
616 5
629 3
616 0
616 4
615 0
615 5
658 2
658 2
658 1
659 3
641 4
616 5
626 3
616 5
635 2
635 3
624 3
622 1
622 0
621 0
621 5
675 4
619 2
618 0
618 1
618 0
618 3
617 1
617 4
614 0
614 5
660 1
661 1
661 0
661 3
645 1
645 0
645 1
646 0
646 1
646 3
644 5
723 3
698 4
636 3
633 0
632 0
632 4
625 2
624 3
624 1
624 3
624 5
637 5
668 4
623 5
633 5
666 3
631 1
631 3
626 5
658 4
621 0
621 3
621 3
621 2
620 0
620 1
620 0
620 5
676 1
677 1
677 2
676 3
660 0
660 0
660 5
741 0
741 5
828 1
828 2
824 5
918 0
918 0
918 0
918 1
917 3
857 3
838 2
836 5
1018 2
1013 4
649 4
631 1
631 2
630 4
630 5
631 2
631 0
631 0
631 0
631 3
625 5
667 5
720 2
720 0
720 5
782 3
724 4
635 5
636 3
627 3
624 5
650 3
633 4
616 2
616 1
616 4
615 4
615 3
615 4
615 4
614 0
614 4
613 5
630 3
619 1
619 4
613 0
613 0
613 1
613 5
655 0
655 3
642 2
641 4
615 4
612 4
612 4
612 2
612 1
612 2
614 0
614 2
614 1
614 4
612 3
612 5
629 3
622 0
622 4
616 1
616 5
629 4
614 5
628 3
618 5
641 0
641 5
690 1
690 1
691 0
691 2
688 0
688 4
624 3
624 3
624 3
624 0
621 1
623 5
671 3
654 5
710 3
678 1
678 1
678 0
678 3
674 4
635 1
635 1
635 3
628 2
627 1
627 3
626 0
626 3
626 3
626 4
624 4
614 5
630 3
619 1
619 3
617 4
613 0
613 5
664 5
720 0
720 3
678 5
737 2
734 3
712 4
623 2
622 2
621 3
619 3
619 4
615 1
615 1
615 5
629 1
630 0
630 3
621 2
620 4
614 3
614 2
614 5
628 4
618 2
617 0
616 4
615 2
615 4
614 2
614 4
614 3
614 2
614 2
614 4
614 0
614 1
614 4
614 3
614 0
614 0
614 2
614 3
614 2
614 4
614 4
614 3
614 3
614 2
614 2
614 1
614 5
624 0
624 4
615 5
626 3
618 1
618 3
616 3
616 2
615 4
615 4
614 3
614 5
623 3
617 4
614 3
614 1
614 4
614 4
614 5
623 0
623 4
615 1
615 4
615 3
615 3
615 2
615 0
614 4
614 2
614 4
614 3
614 1
614 2
614 5
624 3
616 5
633 0
633 5
688 0
688 0
688 3
659 0
659 3
654 4
624 0
624 3
622 5
680 0
680 4
626 5
635 2
634 4
619 5
630 1
630 1
631 1
631 1
631 4
616 3
616 5
625 5
652 0
652 2
652 0
652 3
632 4
619 3
618 4
618 5
628 4
616 3
616 5
626 0
626 0
626 3
619 3
619 4
616 1
616 5
628 4
617 2
617 3
617 2
617 3
617 3
617 4
617 2
617 4
617 2
617 4
617 4
617 2
617 5
626 1
626 4
617 2
619 4
617 3
617 5
626 3
619 5
635 5
676 4
620 1
620 5
629 1
629 4
619 4
619 0
617 2
617 1
617 3
617 3
617 4
616 0
616 5
657 0
657 3
642 4
619 3
619 3
619 5
628 3
619 3
619 4
618 0
617 5
663 1
663 4
619 0
618 1
618 4
616 0
616 2
616 4
616 3
616 2
615 5
624 3
617 1
617 4
615 4
615 2
615 2
615 0
615 2
615 0
615 4
615 1
615 5
626 2
626 0
626 4
616 3
616 3
616 3
616 2
616 3
616 1
616 2
616 1
616 3
616 0
615 3
615 5
655 5
706 3
669 3
656 3
654 0
654 2
653 2
652 3
652 0
652 3
651 4
628 4
614 4
613 0
613 3
613 3
613 5
661 4
617 5
627 5
656 4
617 0
616 2
616 1
616 5
665 5
718 0
718 4
622 3
621 0
619 4
617 5
630 3
622 0
619 5
667 0
667 0
667 1
667 3
643 4
617 4
613 4
613 4
613 3
613 4
613 4
613 4
613 5
626 0
626 3
620 5
657 3
644 1
645 5
688 0
688 0
688 5
766 3
729 4
628 4
620 4
620 1
620 2
620 5
629 3
622 3
622 3
622 5
648 0
648 3
638 0
638 5
704 0
704 2
702 3
688 3
682 5
773 4
632 4
618 5
625 5
647 4
619 2
619 0
617 2
617 2
617 1
617 4
614 3
614 4
614 3
614 0
614 2
614 3
613 4
612 1
612 3
612 0
612 5
654 4
614 4
614 4
614 0
613 2
613 0
613 4
613 1
613 2
613 5
624 4
615 2
615 4
615 4
615 0
614 4
614 5
624 4
615 3
615 3
615 1
615 4
615 4
615 2
615 3
615 1
615 3
615 5
622 3
617 0
617 0
617 0
617 0
617 3
616 5
652 5
701 0
701 4
619 2
618 1
618 5
625 1
625 3
618 0
618 0
618 3
617 3
617 1
617 4
612 5
624 4
612 1
612 4
612 3
612 3
612 1
612 0
612 5
653 4
613 0
613 4
612 0
612 5
656 2
656 0
656 3
638 5
684 3
663 1
663 1
663 4
622 3
620 4
613 4
613 3
613 3
613 4
613 1
613 3
613 2
613 3
613 2
613 3
613 5
625 4
612 4
612 0
612 5
655 0
655 3
643 4
614 0
613 0
613 5
656 4
616 3
616 5
625 0
625 1
625 2
625 0
625 0
625 0
625 5
673 3
648 3
646 3
641 5
691 0
691 2
689 4
622 2
621 0
621 3
621 5
671 4
620 4
609 5
615 1
615 0
615 4
609 0
609 3
609 0
609 4
609 2
608 4
608 3
608 0
608 1
608 3
608 2
608 3
608 5
654 0
654 3
635 4
611 3
610 5
620 3
612 4
608 1
608 1
608 4
607 0
607 2
607 1
607 1
607 1
607 1
607 4
607 1
607 3
607 5
619 3
612 3
611 0
611 4
610 3
610 3
610 5
621 3
614 4
608 2
607 4
607 4
607 4
607 0
607 2
607 3
607 5
649 4
609 3
609 1
609 5
618 4
609 3
609 2
609 3
609 5
618 5
649 4
610 3
610 5
621 5
651 4
609 0
607 4
606 0
606 4
606 3
606 3
606 0
606 4
606 1
606 5
616 0
616 5
664 4
609 0
607 0
607 4
607 0
607 4
607 1
607 1
607 4
607 3
607 1
607 3
607 4
607 4
607 2
607 1
607 4
607 3
607 1
607 0
607 3
607 5
647 0
647 0
647 2
647 2
647 5
697 3
662 5
723 4
614 5
624 0
623 1
623 5
674 3
651 2
650 3
641 4
612 1
612 1
612 3
611 4
607 3
607 4
606 3
606 3
606 1
606 1
606 0
606 5
648 1
648 3
633 1
633 0
633 3
631 2
630 4
617 5
630 3
621 3
620 0
620 2
619 3
619 4
617 5
629 3
624 1
624 0
624 0
624 2
623 1
623 2
623 2
623 3
620 3
620 3
620 0
620 4
618 0
618 1
618 0
618 1
618 0
618 4
616 4
608 2
607 3
607 1
607 5
618 5
649 2
649 0
649 4
609 1
609 3
609 4
608 0
607 5
654 1
654 1
654 3
638 4
611 1
611 3
610 3
609 4
608 5
618 2
618 0
618 1
618 0
618 3
611 3
610 2
609 3
609 3
609 4
607 5
620 4
608 0
606 2
606 4
606 3
606 5
618 3
610 0
610 3
609 1
609 1
609 0
609 5
660 2
662 3
643 2
642 3
641 4
610 0
609 3
609 4
608 3
608 0
608 1
608 3
608 0
608 2
608 3
608 4
607 3
607 3
607 2
607 0
607 4
606 3
606 3
606 4
606 4
606 2
606 2
606 0
606 0
606 3
606 0
606 2
606 3
606 3
606 3
606 2
606 4
606 2
606 1
606 4
606 3
606 5
618 1
618 4
608 1
608 0
606 3
606 3
606 5
654 3
637 1
637 2
636 4
609 2
608 3
608 3
608 2
607 5
618 4
608 1
608 1
608 0
607 3
607 2
606 4
606 4
606 3
606 0
606 3
606 5
649 3
636 4
609 5
620 1
620 4
610 3
610 3
610 3
610 3
610 2
609 4
609 5
618 3
611 4
607 3
607 5
621 2
621 4
608 0
605 2
605 2
605 4
605 2
605 1
605 4
605 5
620 0
620 0
620 4
607 0
605 3
605 0
605 3
605 5
652 4
610 3
610 5
619 0
619 0
619 1
619 1
619 2
619 0
619 3
613 3
610 4
609 4
607 0
607 4
607 3
607 5
619 3
613 5
640 0
640 4
611 0
609 1
609 2
609 4
609 4
607 5
622 4
609 4
609 0
607 0
607 4
607 3
607 1
607 4
607 4
607 4
607 3
607 3
607 4
607 2
607 3
607 4
607 2
607 5
619 0
619 2
619 3
614 0
614 0
614 3
614 4
610 1
610 4
607 4
607 0
607 3
607 3
607 1
607 3
607 2
607 0
607 1
607 4
607 1
607 3
607 4
607 4
607 0
607 3
607 0
607 4
607 3
607 4
607 1
607 0
607 3
607 0
607 5
652 5
704 0
704 0
704 5
764 5
825 2
822 5
885 2
883 0
883 0
883 1
883 0
883 0
883 4
630 2
629 4
627 5
627 3
623 0
621 2
621 5
659 4
618 4
618 4
618 0
618 1
618 4
618 5
625 0
625 2
625 5
670 0
670 4
621 0
619 1
619 4
619 0
619 5
657 3
645 0
645 4
626 4
618 4
618 5
624 0
624 5
666 3
644 4
617 2
617 3
616 2
616 5
622 0
622 1
622 3
620 2
619 2
619 4
617 5
623 3
619 3
619 4
616 4
616 0
616 2
616 4
615 3
615 4
615 4
614 3
614 4
614 4
614 2
614 3
614 2
614 5
622 4
616 4
616 1
616 4
616 4
616 2
616 1
616 4
616 3
616 5
623 5
645 4
616 3
616 3
616 5
623 3
616 0
614 3
614 3
614 4
613 2
613 3
612 5
622 5
644 5
678 4
615 3
615 0
614 3
614 1
614 4
613 5
624 4
615 3
615 4
615 4
615 3
615 3
615 4
615 4
615 2
615 4
615 2
615 3
615 2
615 0
614 2
614 0
614 4
613 2
613 0
613 0
613 1
613 5
650 3
632 3
630 5
666 4
616 5
626 1
626 4
615 4
615 4
615 0
613 4
613 5
625 3
618 3
616 1
620 3
618 4
616 5
627 4
616 5
626 2
626 1
626 2
626 5
650 4
619 5
627 3
618 0
617 0
617 0
617 5
660 4
617 2
616 4
616 3
616 4
616 5
627 1
627 5
646 5
687 5
732 5
783 4
622 4
621 1
621 5
627 3
620 5
633 3
622 2
621 2
620 3
619 5
640 4
616 0
615 4
615 1
615 3
615 4
614 5
622 0
622 2
622 3
618 3
617 2
616 4
615 1
615 2
614 3
614 1
614 4
614 3
614 2
614 0
614 0
614 1
614 0
614 0
614 5
654 4
618 3
618 2
617 4
616 3
616 0
613 5
652 5
697 0
697 2
697 3
664 5
706 0
706 2
703 0
703 0
703 4
629 0
625 3
625 2
624 4
622 4
617 0
617 3
616 4
616 0
616 0
616 3
615 5
652 2
650 1
650 3
638 0
636 0
636 4
627 3
624 5
634 4
617 2
616 1
616 3
616 1
616 3
616 4
614 3
614 5
624 5
651 4
615 1
615 2
614 5
623 5
655 1
655 0
655 3
634 3
631 5
668 1
668 3
647 5
697 5
774 0
774 0
774 4
635 3
628 4
619 4
619 5
622 5
645 4
616 4
616 1
616 5
622 2
622 5
648 4
614 4
614 1
614 4
614 3
614 3
614 3
614 0
613 5
656 0
656 3
641 3
636 2
635 0
634 4
621 -1
