5 2000
913 0
825 5
1108 2
1104 5
1491 1
1490 0
1490 2
1483 2
1475 2
1469 5
1917 3
1610 4
645 4
626 2
623 3
598 3
588 4
585 4
585 5
636 3
603 0
602 4
563 1
565 2
564 0
560 3
558 4
551 1
551 1
551 2
549 4
547 3
548 0
547 0
547 4
541 3
548 2
546 0
543 2
542 0
542 2
542 0
542 0
542 4
538 2
537 5
647 0
647 0
647 1
648 1
649 5
910 1
910 3
730 2
728 4
579 3
561 2
560 5
650 4
547 4
546 1
546 5
639 2
637 2
635 2
633 2
631 2
629 5
853 5
1178 0
1178 0
1178 0
1178 1
1179 5
1543 2
1536 5
1909 4
632 5
666 0
659 4
577 1
577 3
577 0
567 5
764 4
565 2
563 3
559 5
632 3
600 5
795 2
792 1
792 5
1122 3
905 2
902 2
899 0
896 4
578 3
564 1
565 3
563 3
556 0
549 2
548 2
547 3
549 2
548 0
546 1
547 4
540 5
654 1
655 0
654 3
606 2
604 1
606 4
545 0
544 1
544 0
544 0
544 4
534 5
643 2
641 3
598 0
595 2
594 0
594 3
592 0
592 4
547 2
546 2
545 0
544 1
544 4
536 5
684 5
1009 1
1008 0
1008 0
1008 1
1008 3
812 0
809 5
1269 4
600 0
585 1
586 2
584 3
578 0
578 0
578 0
578 5
878 5
1280 3
1039 3
939 0
938 4
587 1
587 1
588 2
585 0
577 4
550 2
548 0
548 1
550 4
545 2
544 5
666 2
664 0
663 2
661 3
614 5
860 4
567 4
563 2
562 5
645 2
643 3
599 4
549 3
543 1
545 1
548 4
545 5
634 3
596 0
594 3
593 5
863 2
860 2
857 4
566 0
555 3
558 0
556 3
556 2
555 2
554 5
790 5
1143 2
1138 1
1136 1
1136 2
1131 0
1131 3
890 4
583 0
573 0
573 2
572 2
571 3
570 2
569 0
569 5
828 5
1188 0
1188 5
1586 4
599 2
597 2
594 3
580 5
647 5
871 0
871 0
871 5
1193 3
908 5
1259 2
1254 5
1745 4
612 2
608 4
594 0
570 3
570 5
776 3
674 5
979 3
855 5
1354 3
1218 5
1958 0
1958 5
2755 3
2568 2
2561 5
3555 0
3555 1
3555 5
4595 0
4595 4
625 0
603 4
561 5
653 2
651 2
649 4
556 5
633 4
550 4
549 3
552 0
545 0
545 0
545 4
539 1
539 2
539 0
539 2
538 5
723 0
723 3
637 3
619 4
558 4
553 5
656 1
657 2
655 0
655 3
618 2
616 4
551 5
640 3
599 3
596 1
596 3
593 3
589 2
588 2
587 5
814 4
559 0
549 2
547 3
546 1
547 5
753 3
657 2
655 1
656 1
656 0
655 0
655 5
1054 4
579 0
566 2
565 0
565 1
565 3
562 4
538 0
538 1
538 3
537 2
536 0
536 5
763 0
763 0
763 2
761 5
1100 4
567 1
567 4
563 4
563 5
633 3
596 5
783 3
698 4
558 1
558 1
558 2
556 0
553 3
555 4
536 1
536 0
536 4
533 0
533 5
747 5
1072 1
1071 0
1071 2
1066 2
1061 1
1060 1
1060 3
834 4
587 2
584 4
577 2
576 5
641 4
554 2
553 5
633 2
631 5
848 4
563 2
562 4
558 1
561 3
557 3
560 2
559 5
623 0
619 5
866 0
866 2
861 2
857 3
717 4
562 2
561 0
554 3
555 2
554 3
557 3
556 5
749 4
558 0
552 0
552 2
551 0
551 2
550 3
549 5
749 4
545 0
540 5
739 0
739 4
545 4
544 4
544 0
538 5
733 0
733 1
732 2
729 3
637 0
633 0
633 0
633 0
633 3
626 2
624 3
622 4
549 1
549 0
549 3
549 4
535 0
535 2
535 4
534 0
534 3
536 2
535 2
534 3
536 2
535 1
535 2
535 0
535 2
534 4
534 5
668 2
666 1
666 3
607 4
544 2
542 3
540 0
539 0
539 0
539 2
538 5
763 1
763 5
1101 3
867 5
1262 0
1262 2
1256 3
1063 0
1063 4
588 2
585 4
572 2
570 4
570 5
670 4
556 5
651 4
553 1
553 5
633 5
858 2
855 0
855 5
1188 4
581 3
574 1
574 0
558 4
548 4
547 2
546 0
545 4
543 4
543 4
543 3
552 0
546 0
546 1
546 1
547 2
546 4
537 0
537 4
535 5
627 4
543 3
552 0
549 2
548 4
539 1
540 2
539 3
543 1
543 4
543 2
542 0
540 5
728 4
550 2
549 1
549 5
632 2
630 4
545 3
550 3
549 4
549 0
543 1
544 4
537 0
536 4
535 5
630 4
544 5
626 1
625 3
586 2
585 1
585 1
586 0
578 5
842 5
1200 4
585 0
563 2
561 2
560 3
555 4
543 0
542 4
539 3
543 3
541 0
538 4
534 0
534 2
534 1
537 5
727 2
724 4
540 5
638 1
638 5
886 4
559 2
558 3
563 0
550 2
549 2
548 1
549 3
552 2
551 0
551 2
550 3
552 2
551 4
540 2
539 0
539 2
538 0
538 4
534 3
537 1
537 0
536 2
535 4
533 2
533 1
533 4
533 3
539 4
538 4
538 2
537 4
537 0
536 1
537 2
536 0
536 0
536 2
536 1
536 2
535 4
533 3
539 4
539 2
537 1
537 4
537 5
632 4
539 2
538 5
625 3
585 0
582 2
581 3
580 3
580 1
581 1
581 3
580 4
543 2
542 5
660 0
660 3
619 2
618 0
615 0
615 3
608 4
542 3
541 4
537 4
537 3
538 3
538 4
538 0
537 2
536 5
766 4
548 0
542 2
541 5
754 5
1080 2
1075 5
1450 5
1829 1
1827 2
1819 1
1817 5
2198 2
2186 2
2176 5
2534 4
638 0
600 3
581 4
560 2
559 0
555 0
555 4
548 0
547 2
547 2
547 4
544 1
545 2
543 3
548 0
547 3
546 0
546 4
537 3
543 3
542 0
540 5
733 4
550 2
549 0
544 3
549 1
551 4
545 5
628 0
627 0
627 4
540 2
540 4
540 2
540 4
540 1
540 0
533 1
534 2
533 1
533 4
533 1
533 4
533 0
533 0
533 2
533 4
533 5
642 4
539 4
539 3
542 3
540 5
638 2
636 3
598 1
598 2
597 3
585 3
584 4
546 3
549 3
545 0
543 0
543 4
534 2
534 4
533 4
533 5
640 4
540 1
540 0
535 4
534 0
534 1
534 4
534 4
534 0
534 2
534 2
534 2
534 0
534 5
732 1
732 0
732 4
539 1
539 0
533 4
533 4
533 1
533 0
532 1
532 3
538 2
537 4
535 0
534 2
533 2
532 2
531 1
531 0
531 5
730 0
730 1
730 3
639 4
560 4
554 4
554 5
642 3
603 4
547 0
544 3
546 3
544 5
766 4
552 5
652 3
609 1
609 1
610 4
555 3
551 5
641 2
638 2
636 2
634 4
547 3
548 4
548 3
550 5
626 4
549 3
552 3
550 5
632 1
633 3
595 2
594 4
554 3
552 0
547 0
547 3
549 3
549 2
548 3
548 2
547 3
546 0
545 0
545 2
544 3
543 5
779 0
779 5
1119 3
863 1
863 0
863 4
583 5
671 4
551 3
550 1
551 4
551 5
634 3
596 0
592 0
592 1
592 4
547 2
546 2
544 5
657 0
656 0
656 2
654 4
538 2
537 1
537 2
536 3
547 3
545 4
545 1
545 3
542 0
537 3
537 0
537 4
531 4
530 0
530 4
530 3
534 3
533 3
534 2
532 2
531 4
531 3
538 4
538 4
538 5
651 4
537 0
532 2
532 5
750 2
746 0
746 3
655 0
651 5
1037 3
888 1
888 4
589 5
689 2
687 2
685 4
553 0
543 4
537 0
537 2
537 3
539 4
538 0
537 4
534 4
534 0
534 5
759 3
671 0
666 4
566 3
555 3
553 3
552 4
545 4
545 4
545 3
543 1
543 3
544 0
542 2
541 0
541 2
541 4
537 3
542 0
542 1
542 5
780 2
776 4
551 1
551 2
548 2
547 3
547 3
557 5
646 4
542 0
535 4
534 2
534 0
534 0
534 3
541 1
541 3
536 3
538 2
537 0
537 1
537 5
756 3
667 0
664 3
648 5
1030 2
1025 0
1025 4
576 1
576 1
576 4
562 5
648 3
609 3
597 3
595 2
594 3
592 0
590 3
588 4
546 5
675 2
673 1
673 3
623 4
548 1
548 5
658 2
656 3
609 2
608 2
607 1
607 3
602 4
540 4
536 2
535 1
535 4
535 4
535 1
535 3
538 3
539 2
538 4
538 2
537 5
650 4
539 4
538 2
537 4
537 4
537 2
537 4
537 3
544 5
646 4
538 2
537 4
537 3
545 0
539 3
541 3
539 2
538 2
537 0
537 3
537 3
540 4
534 0
533 4
531 5
644 0
644 4
541 2
540 2
539 2
538 4
538 4
538 5
633 4
538 4
538 3
543 1
543 5
637 3
593 1
593 0
589 2
588 2
587 2
586 5
898 1
898 4
561 0
554 4
536 2
535 1
535 3
538 3
540 2
539 3
539 3
537 2
536 0
536 4
533 2
532 0
532 5
737 3
654 3
633 1
633 2
632 2
630 1
630 3
622 4
546 1
546 1
546 0
545 0
545 2
544 0
544 3
544 2
543 2
542 3
541 5
787 5
1154 2
1149 4
577 3
566 1
566 0
550 2
549 2
548 4
541 3
546 1
546 1
546 0
543 5
756 2
754 0
754 0
754 2
750 3
661 4
572 1
572 0
564 4
539 1
539 3
545 2
544 2
543 2
542 4
541 3
544 4
544 1
544 3
547 4
547 2
545 2
544 1
544 0
540 4
533 0
533 2
533 0
533 2
533 0
533 3
536 2
534 4
533 3
536 4
536 3
536 0
536 3
537 2
536 2
535 4
532 3
535 4
535 2
534 2
533 2
533 5
643 3
593 0
589 0
589 4
537 2
536 0
535 4
532 3
538 3
536 0
536 2
535 2
534 3
535 4
533 5
662 0
662 1
660 2
658 3
607 2
605 0
604 2
602 3
597 2
596 4
543 2
542 2
540 2
539 2
538 2
537 5
663 2
661 2
659 0
658 2
656 2
654 3
613 3
602 5
862 3
766 2
764 2
762 3
739 4
563 5
678 3
628 4
552 3
544 3
545 4
540 3
541 0
538 3
541 0
541 2
540 3
542 4
536 1
536 3
537 4
535 0
535 5
747 2
744 3
666 2
664 4
560 1
560 3
543 3
544 3
543 1
543 0
539 5
762 0
762 4
539 0
535 4
531 4
531 2
531 4
531 5
649 2
647 2
645 5
910 2
905 0
905 5
1258 1
1258 0
1258 5
1627 5
1999 0
1999 2
1989 0
1989 4
598 2
597 2
596 4
593 5
632 0
626 2
624 4
562 2
562 4
562 3
574 2
572 2
569 3
573 5
631 2
629 3
600 2
598 1
598 2
596 4
555 0
551 2
550 3
553 4
545 3
546 4
546 4
546 2
545 1
545 1
545 0
545 4
540 3
543 2
542 4
541 3
540 1
540 0
539 4
537 3
544 0
543 2
542 0
542 2
541 5
747 0
747 0
747 5
1064 4
567 0
551 3
554 0
550 1
550 3
550 2
549 4
540 2
539 1
539 3
538 4
537 4
537 4
537 2
536 4
536 3
535 4
535 1
535 0
532 0
532 2
531 0
531 5
730 2
727 0
727 4
544 4
542 2
541 3
545 1
545 4
545 5
635 5
877 2
874 4
559 2
558 0
544 4
538 2
538 4
538 4
538 0
537 2
537 0
537 2
537 3
546 0
544 4
533 1
533 3
540 3
539 3
539 3
540 0
537 3
541 4
533 3
534 2
533 2
533 2
532 2
531 4
531 2
531 0
531 1
531 5
724 0
724 1
724 4
541 4
541 2
540 4
540 3
544 4
543 4
543 3
547 0
544 1
544 2
543 1
543 3
544 0
542 0
542 5
750 3
664 4
551 4
547 5
641 4
543 2
542 5
625 1
623 4
539 4
539 1
539 5
628 4
539 5
628 4
539 4
539 2
538 1
538 2
538 3
544 2
543 3
545 2
543 1
543 0
537 3
538 0
537 5
748 4
548 1
548 0
538 3
538 5
744 2
741 2
739 2
737 3
650 0
649 4
557 4
544 2
543 5
660 0
660 2
658 0
658 2
656 1
656 2
654 2
652 1
652 2
650 2
648 4
545 1
545 1
545 2
544 0
536 0
536 2
535 2
534 4
532 2
532 2
532 3
541 4
541 4
541 2
538 4
538 0
537 2
536 3
540 0
539 4
532 2
531 0
531 0
531 0
531 0
531 3
536 0
536 2
535 2
534 2
533 4
532 3
540 2
538 3
537 2
536 5
656 0
656 3
600 3
594 2
592 2
591 2
590 2
589 0
588 2
587 4
548 2
546 0
545 3
548 2
546 2
545 4
538 4
533 1
533 2
532 2
531 2
530 4
530 4
530 4
530 0
530 2
530 0
530 0
530 1
530 2
530 2
530 3
532 0
532 4
531 4
531 2
530 5
662 3
604 5
858 1
858 4
564 4
557 1
557 2
556 1
556 3
553 2
552 2
551 2
550 5
645 4
541 4
540 3
546 2
544 0
538 5
748 4
545 2
544 2
543 4
543 4
543 2
542 2
541 4
541 1
541 0
537 4
533 3
537 5
632 3
590 1
590 2
589 4
547 3
550 4
545 0
543 4
532 3
536 2
535 3
536 3
534 0
534 4
530 2
530 2
530 0
530 2
530 4
530 3
534 2
532 1
532 4
532 0
532 2
531 2
530 0
530 1
530 3
535 4
533 2
532 5
647 3
601 3
583 5
814 2
811 5
1183 2
1178 5
1608 1
1608 0
1608 1
1608 2
1601 5
2030 0
2030 5
2453 1
2453 5
2866 4
646 0
617 0
617 4
570 2
569 1
569 2
567 0
561 1
561 4
561 2
559 3
554 1
554 2
553 4
552 2
551 2
550 4
550 4
550 3
558 2
556 2
554 2
551 4
551 2
550 5
629 2
627 5
835 4
564 3
567 2
565 1
565 2
563 0
554 3
553 4
545 5
636 3
594 2
593 2
592 3
586 5
789 5
1133 2
1128 4
575 5
642 4
554 5
635 0
631 5
869 2
864 0
864 4
564 2
564 4
564 3
566 4
565 1
565 0
550 0
550 0
550 2
549 2
548 2
547 3
550 0
549 2
548 5
754 0
754 2
751 5
1048 2
1043 3
820 5
1151 2
1145 4
581 4
570 1
570 2
567 3
562 4
562 4
562 2
560 0
551 2
550 4
541 2
541 5
650 0
650 2
648 5
901 5
1234 3
925 4
596 4
590 4
590 3
577 2
576 5
641 3
601 2
600 5
792 4
559 2
558 4
554 2
553 1
553 2
552 2
551 2
550 2
549 1
549 2
548 3
551 3
552 0
549 3
550 2
549 2
548 2
547 0
547 1
547 5
759 2
756 0
756 2
753 4
557 3
552 1
552 1
552 4
551 0
547 3
549 4
542 0
540 4
536 5
635 4
543 0
536 5
732 3
642 4
553 1
553 5
643 2
641 0
641 1
641 3
596 1
596 2
594 3
589 2
588 2
587 2
586 5
829 4
559 4
551 0
544 4
531 2
530 0
530 2
530 2
530 4
529 4
529 2
529 1
529 3
537 2
535 4
535 4
535 4
535 3
533 4
533 3
532 1
532 3
535 1
535 2
534 3
537 2
536 2
535 3
536 0
535 1
535 4
531 4
531 2
531 5
635 5
901 2
897 1
897 2
894 2
891 5
1231 0
1231 4
576 2
575 0
550 2
550 3
548 4
541 2
539 5
631 0
631 5
896 1
896 3
730 2
729 3
685 1
685 5
1007 2
1003 1
1003 4
583 0
570 2
569 3
567 0
566 3
566 4
541 2
540 4
538 2
537 2
536 3
540 2
539 2
538 2
537 2
536 5
654 4
544 3
544 3
541 5
649 2
647 4
542 5
640 2
638 4
541 1
541 4
541 3
550 4
550 4
550 3
551 3
547 3
548 5
639 2
637 4
543 0
534 2
534 2
534 4
534 3
539 3
538 1
538 2
537 2
536 4
536 0
534 2
533 3
538 2
537 0
537 0
537 3
538 4
533 3
536 0
536 5
745 4
541 5
637 4
538 4
538 3
545 2
544 0
540 5
747 5
1055 3
820 0
819 3
757 4
567 1
567 2
566 3
561 5
689 4
545 0
543 2
542 5
764 3
667 2
666 5
970 2
966 2
962 2
958 4
573 2
570 4
558 2
557 3
549 0
545 0
545 4
531 2
531 2
531 3
537 5
643 2
641 3
592 4
539 0
538 3
541 0
540 4
530 2
530 1
530 5
646 2
644 2
642 4
544 0
538 5
745 2
742 2
739 1
739 4
541 4
539 3
543 5
644 1
644 2
642 4
537 0
533 2
533 4
533 2
533 1
533 2
533 3
539 4
539 4
539 2
538 5
632 2
630 0
629 2
627 3
590 2
589 5
793 1
793 3
699 4
552 2
551 3
545 3
545 2
544 4
542 4
542 4
542 4
542 2
541 3
541 5
649 0
647 4
537 0
533 2
533 3
538 2
536 3
538 4
534 2
533 5
655 3
597 1
597 1
597 4
546 4
544 3
537 1
537 5
661 2
659 5
942 2
937 1
937 0
937 2
932 0
932 2
929 5
1302 1
1298 2
1294 5
1671 2
1664 3
1255 2
1247 3
1071 4
600 5
667 2
664 4
568 3
562 4
560 2
560 0
556 0
556 2
555 3
556 4
550 2
549 1
549 2
548 0
546 3
546 2
545 4
540 0
540 3
542 2
541 1
541 2
540 1
540 2
539 2
538 4
536 5
643 3
601 1
601 2
600 2
598 4
549 0
548 1
548 3
547 0
547 2
546 2
545 4
537 5
645 3
599 2
598 2
596 3
588 2
587 3
587 3
583 4
544 2
543 2
542 3
538 2
538 3
540 2
539 5
648 3
610 4
550 5
640 0
640 5
907 4
567 4
565 -1
913 0
825 3
779 5
1068 0
1067 0
1066 5
1539 2
1534 3
1300 5
1970 3
1774 4
607 3
587 1
587 2
586 5
682 2
680 1
680 2
678 5
931 0
931 4
583 2
582 0
571 5
778 4
568 5
656 2
654 3
607 1
608 1
608 0
603 1
604 2
603 4
563 3
557 5
667 5
946 5
1301 3
982 1
982 1
983 0
980 2
976 1
977 4
590 5
660 2
658 4
562 0
549 0
549 0
549 0
549 1
551 1
552 0
551 2
550 5
772 5
1112 4
576 0
560 3
561 1
564 4
552 2
551 3
549 1
549 5
629 5
883 5
1222 1
1222 0
1222 4
582 5
637 3
595 2
594 1
596 4
559 1
561 5
635 4
549 4
549 2
548 3
557 3
552 0
545 0
545 3
546 1
547 5
738 3
657 5
927 5
1339 3
1120 5
1676 4
588 0
575 5
820 1
820 4
566 1
566 4
563 1
563 2
562 3
560 4
558 5
627 0
624 2
622 0
622 0
622 3
593 1
594 0
589 5
880 1
878 0
878 3
754 3
714 4
566 5
675 0
674 3
631 3
620 0
620 0
620 4
550 5
692 1
692 4
547 3
548 3
545 2
543 0
540 0
540 3
539 4
529 5
657 0
657 5
950 3
750 2
748 1
748 0
745 0
745 1
744 4
568 4
559 3
553 2
552 5
663 5
938 3
755 0
751 3
719 4
561 5
681 1
682 3
625 4
552 2
550 3
544 4
541 2
540 0
537 0
537 2
536 0
536 3
537 4
534 0
533 5
752 4
544 2
543 2
542 1
542 5
647 4
543 4
540 5
640 5
879 1
879 0
879 2
875 3
706 2
703 4
573 4
567 0
557 1
558 3
558 3
561 3
560 2
559 2
558 4
538 4
538 2
537 3
540 2
539 3
539 1
539 0
538 3
538 5
752 2
749 2
747 3
658 2
656 3
635 3
633 4
549 1
551 5
674 5
962 2
957 3
786 0
783 3
747 3
722 2
720 4
567 2
566 1
568 0
563 1
564 4
541 0
541 3
543 4
539 0
539 4
535 2
534 0
534 1
536 5
781 1
780 1
780 5
1143 4
564 4
559 2
558 4
558 0
545 3
549 5
731 5
1069 2
1065 1
1064 3
842 3
773 3
744 4
565 5
675 4
549 1
549 3
552 1
555 4
550 4
550 3
550 5
656 0
654 3
601 0
599 3
597 2
596 0
595 2
594 1
594 4
554 4
541 0
540 5
789 0
789 4
553 5
656 4
543 0
536 4
533 2
533 0
533 3
542 3
540 3
542 3
541 1
542 0
541 5
770 3
671 2
669 3
645 4
551 3
548 0
547 3
550 3
550 4
540 5
672 3
615 3
600 1
602 4
546 1
548 2
547 3
546 2
545 0
543 4
535 3
542 4
539 4
539 2
538 4
538 2
537 3
539 3
537 3
540 5
670 5
968 1
968 0
968 2
964 3
771 2
769 3
715 0
714 4
569 2
567 0
561 2
560 2
559 0
559 2
558 3
560 4
536 5
682 3
612 2
610 3
601 0
601 0
601 3
601 0
601 0
601 3
601 1
601 2
600 0
600 4
555 1
555 0
555 2
554 0
554 3
555 3
554 1
554 3
554 3
555 5
840 4
560 3
553 0
546 5
786 4
559 1
561 3
554 3
557 5
650 0
648 3
602 1
602 0
601 3
592 5
916 3
792 0
791 3
769 5
1296 3
1158 3
1111 1
1111 0
1111 5
1934 1
1934 2
1929 5
2800 4
601 3
571 1
571 3
567 2
566 4
557 0
550 5
757 3
661 5
952 1
952 2
949 3
813 2
810 3
787 3
776 4
556 5
683 4
550 2
549 0
545 3
547 3
546 0
546 4
539 3
539 4
538 0
537 3
539 0
539 2
538 5
762 5
1111 3
869 2
865 3
781 2
778 4
579 4
571 3
568 3
561 3
565 4
562 1
562 5
642 4
553 3
554 3
553 1
553 3
557 4
555 3
555 2
554 5
635 1
635 4
552 2
551 5
634 2
632 2
630 0
626 3
596 2
595 4
546 0
542 3
544 2
543 1
543 3
543 4
535 2
534 0
534 3
536 3
535 4
533 3
533 4
532 1
533 4
533 0
533 4
532 2
532 5
643 0
643 4
543 2
542 1
542 1
542 2
541 0
533 1
535 4
533 2
533 5
646 4
542 1
542 2
542 0
534 3
538 2
537 3
535 0
535 3
537 2
535 4
530 1
530 3
536 2
535 3
534 3
535 3
534 3
536 4
536 4
536 3
535 3
534 3
535 3
535 0
535 3
536 2
535 3
534 0
534 2
533 2
532 5
738 2
735 5
1059 0
1059 1
1057 0
1057 3
835 2
832 3
750 4
575 5
666 2
664 2
662 4
553 4
549 4
549 2
548 3
551 3
555 1
555 4
555 5
635 1
635 4
552 0
541 0
541 2
540 4
533 1
535 2
533 1
533 4
533 5
633 5
877 1
877 0
877 5
1220 5
1580 4
582 4
581 3
575 1
575 2
573 3
566 1
566 2
564 2
563 4
560 1
560 1
560 4
560 1
560 1
560 5
621 4
551 1
551 2
551 3
563 3
561 5
625 4
551 3
560 1
560 1
560 1
560 4
560 2
558 2
557 2
556 5
624 0
619 4
542 2
542 3
552 3
549 4
549 5
629 0
629 0
629 0
629 4
540 4
540 3
544 0
542 0
542 4
536 4
536 5
629 0
629 5
869 0
869 2
866 0
866 3
694 3
661 2
660 1
660 3
652 1
652 2
651 2
650 1
650 4
553 3
555 5
661 2
659 2
657 0
657 3
614 1
614 0
611 0
611 4
548 3
542 2
541 2
540 2
539 2
537 3
541 2
540 3
538 1
538 0
537 2
536 4
534 4
532 4
532 1
532 2
532 3
537 3
536 2
535 4
535 1
535 2
532 3
538 5
665 3
605 5
857 2
854 4
565 4
555 2
554 4
554 3
556 5
652 5
900 5
1244 4
575 0
561 3
558 0
557 5
782 0
781 2
778 3
683 4
566 2
565 4
561 2
558 1
559 4
559 1
559 4
559 5
640 0
637 1
636 2
634 4
539 5
633 1
634 3
597 4
551 3
548 0
544 1
544 1
545 2
544 4
533 2
533 0
533 1
533 4
532 2
532 4
532 4
532 0
532 2
532 4
532 4
532 4
532 1
532 1
532 1
532 0
532 3
537 0
536 0
536 3
537 2
536 1
536 2
535 4
531 3
535 1
535 2
534 5
637 3
594 3
587 0
586 0
586 3
585 5
891 2
887 4
568 2
567 4
557 2
556 4
556 1
556 4
556 0
544 2
543 4
534 2
534 0
533 2
533 3
539 5
724 4
548 0
540 1
540 2
540 0
540 2
539 5
744 2
743 2
742 2
738 4
543 0
537 3
543 4
542 0
538 3
539 4
534 4
534 5
633 4
539 5
627 2
625 4
537 4
537 0
534 4
532 1
532 2
532 3
537 0
535 3
536 4
532 3
533 0
533 2
533 3
537 3
536 5
736 4
544 4
543 1
543 3
542 4
542 4
542 4
542 4
542 1
542 0
539 2
538 3
540 3
542 3
540 1
540 4
533 0
532 2
532 4
531 2
531 3
539 5
633 2
631 0
631 4
540 0
534 2
533 4
533 2
533 2
533 0
533 3
541 0
538 2
537 5
739 4
546 0
537 2
536 5
729 0
729 1
728 1
728 2
726 2
724 2
721 3
644 2
643 0
640 0
639 2
638 3
625 4
553 5
682 2
680 5
998 0
998 2
993 2
988 2
985 0
985 0
985 5
1373 2
1366 3
1060 4
587 2
585 3
569 2
567 3
561 2
560 1
560 4
556 2
555 1
555 0
545 0
545 3
542 0
542 0
542 1
542 2
541 2
540 2
539 1
539 5
751 3
658 5
933 3
810 3
784 3
775 2
773 3
768 5
1256 3
1119 5
1823 0
1823 5
2601 1
2601 2
2595 2
2588 0
2588 2
2582 0
2582 1
2582 2
2576 0
2576 2
2570 2
2564 4
611 0
590 0
590 0
590 3
586 2
585 5
840 0
840 4
573 5
658 2
655 3
615 3
605 2
603 4
550 5
648 5
923 2
917 5
1260 5
1647 3
1286 4
596 2
594 5
642 4
561 2
560 4
560 2
559 2
558 1
558 5
627 1
628 1
628 0
626 3
595 3
586 3
581 4
549 2
548 0
548 4
544 2
543 4
542 4
542 0
541 0
541 5
758 0
758 3
659 1
659 2
657 4
562 0
555 5
797 2
793 4
566 1
566 3
553 0
545 1
545 3
545 4
532 4
532 2
532 0
531 4
530 5
640 0
640 2
638 2
636 3
593 3
587 3
584 1
584 2
582 4
542 1
542 4
541 0
540 0
540 2
539 5
787 4
550 3
551 3
546 3
548 4
544 1
544 0
540 3
546 5
747 2
744 4
546 3
544 3
545 5
639 3
592 2
591 0
588 0
588 1
588 2
587 3
583 4
544 4
539 2
538 4
538 1
538 4
538 4
538 0
536 2
535 4
531 3
538 3
536 2
535 2
534 3
535 2
534 3
537 2
536 4
536 2
533 3
537 2
536 3
534 0
533 2
532 2
532 1
532 2
532 2
532 0
532 2
532 0
532 2
532 4
530 2
530 5
657 3
601 4
551 4
550 0
544 0
544 2
543 2
542 0
542 3
543 2
542 3
541 3
541 0
541 4
532 5
651 5
944 1
941 3
743 3
697 0
697 3
690 3
686 5
1129 4
583 0
573 2
572 1
572 2
571 3
570 0
569 3
569 2
568 1
568 0
568 0
568 1
568 4
543 4
537 4
537 4
537 0
537 3
543 2
542 0
542 5
790 1
789 5
1152 4
587 2
585 1
585 1
585 1
585 2
584 2
582 4
576 3
579 5
637 2
635 4
553 3
558 4
558 4
558 5
623 0
620 5
864 3
707 4
572 2
570 1
570 2
568 3
552 4
552 2
551 2
550 2
549 4
549 4
549 0
545 2
544 2
543 5
741 2
737 4
547 2
546 0
540 3
544 0
543 0
543 2
542 4
538 1
538 3
541 5
639 3
605 3
591 1
591 0
583 2
582 0
582 3
581 2
580 2
579 1
579 1
579 2
578 3
577 0
577 2
576 4
544 2
543 4
539 3
539 2
538 4
536 2
535 2
534 5
669 1
669 2
667 1
666 4
541 2
540 4
539 3
541 3
544 1
544 3
540 4
539 2
538 1
538 3
537 0
536 5
743 2
739 3
652 3
631 1
631 0
629 2
628 2
626 2
625 2
623 4
555 2
554 1
554 5
677 0
676 2
674 3
619 2
617 3
608 3
602 3
603 5
902 5
1338 1
1338 3
1117 4
581 0
574 5
838 3
731 2
729 2
727 0
725 4
569 2
567 2
566 1
567 0
564 3
566 4
539 3
539 4
536 2
535 2
534 2
533 2
532 0
530 4
528 3
532 2
531 3
531 2
530 5
663 0
663 3
604 1
604 4
545 2
544 5
653 2
651 3
605 0
603 0
603 3
601 3
601 2
600 0
600 5
953 2
948 3
816 3
783 2
781 2
778 2
776 0
776 2
774 3
767 1
767 0
767 3
765 0
765 0
765 2
764 3
763 2
762 5
1337 2
1333 3
1205 1
1205 4
596 4
579 2
578 3
566 1
566 4
560 2
559 4
559 2
558 4
558 0
552 2
551 3
554 4
543 2
542 2
541 2
540 3
538 5
660 4
546 0
540 3
547 3
542 5
765 2
762 3
667 3
646 0
643 0
643 2
642 2
641 0
641 2
640 0
640 1
640 0
640 1
640 2
639 3
636 5
1027 3
905 2
902 4
582 5
678 0
675 2
673 2
671 0
671 0
671 4
560 2
559 4
551 0
548 0
548 5
766 1
765 3
681 2
679 0
676 3
664 3
660 5
1053 3
929 2
927 3
888 5
1498 3
1368 3
1327 5
2273 3
2142 4
608 2
606 2
604 5
699 1
699 5
995 3
813 3
768 0
768 2
765 3
763 3
759 0
759 0
759 4
572 2
570 2
569 1
569 4
554 3
550 1
550 1
550 2
549 2
548 0
547 2
546 1
546 5
796 1
796 2
793 1
791 2
788 5
1149 0
1149 2
1144 0
1144 3
917 0
916 4
581 1
581 2
578 2
577 4
566 1
566 2
564 2
563 2
562 2
561 4
561 4
561 4
561 4
561 2
560 2
559 1
559 2
558 2
557 4
556 4
556 4
556 3
555 1
555 2
554 3
554 3
554 5
659 4
544 3
550 4
549 3
550 3
543 0
542 2
541 2
540 2
539 2
538 2
538 3
540 4
537 3
538 0
536 5
757 3
657 0
656 3
644 5
1020 5
1504 0
1504 1
1504 2
1498 2
1493 4
590 0
575 3
571 5
793 3
702 3
676 2
674 4
563 2
561 2
559 3
546 0
543 0
543 1
543 3
544 5
803 0
803 3
703 5
1066 2
1063 4
572 2
570 5
663 5
938 0
938 5
1324 4
576 1
576 5
643 4
557 2
557 4
557 3
566 2
563 3
565 3
568 2
566 0
552 2
551 2
550 3
550 3
553 3
551 2
550 0
550 0
550 5
762 2
759 5
1079 0
1079 4
565 5
642 3
600 0
592 2
591 2
590 5
881 2
878 2
875 4
577 4
571 4
571 0
552 5
770 4
561 0
550 3
551 1
551 4
532 3
530 3
534 3
536 3
537 2
536 3
536 2
534 2
533 1
533 2
532 3
534 0
533 3
534 5
726 5
1046 2
1041 0
1041 4
571 2
570 5
637 2
635 5
851 1
850 2
847 5
1161 4
569 3
575 2
573 4
570 0
551 1
551 2
550 1
550 4
539 2
538 1
538 3
543 2
542 3
540 3
539 4
539 2
538 3
541 0
540 3
544 2
541 3
541 0
540 3
541 3
541 4
535 1
535 1
535 5
639 4
540 3
544 5
635 3
597 1
597 1
597 2
596 0
589 1
589 2
588 5
873 3
753 2
751 5
1143 3
997 2
994 4
586 0
573 0
573 2
572 2
571 2
570 3
566 3
568 1
568 1
568 0
568 3
569 2
568 3
568 0
568 3
568 1
568 0
568 3
568 3
568 0
568 4
544 1
544 0
544 5
793 2
790 2
786 2
783 3
682 1
682 3
655 4
561 3
555 4
548 3
549 5
662 4
554 0
543 0
543 5
781 4
553 3
553 1
553 2
551 0
545 4
538 3
543 4
543 5
640 4
542 2
542 2
541 5
630 5
875 2
872 1
872 4
565 5
631 5
853 2
850 3
691 2
688 3
655 2
654 3
647 3
639 3
639 2
638 2
637 2
636 1
636 3
631 1
631 2
630 5
915 2
911 0
911 2
908 4
576 3
556 4
551 1
551 1
551 2
550 3
552 0
542 4
534 3
540 5
640 4
542 4
542 2
541 0
535 3
537 2
536 3
536 2
535 3
537 2
536 2
535 1
535 3
537 2
536 2
535 2
535 0
534 3
535 3
534 0
534 4
532 3
535 1
535 3
540 3
539 4
538 3
535 5
644 0
644 4
541 0
535 3
539 3
536 3
540 4
536 1
536 0
536 2
535 3
535 3
534 2
533 1
533 3
535 2
534 2
533 1
533 1
533 1
533 3
533 5
737 4
545 3
551 3
550 2
549 2
548 1
548 3
548 2
547 3
546 1
546 4
546 2
545 2
544 5
633 4
540 1
541 2
540 5
632 4
539 3
545 5
638 4
541 3
547 2
544 2
543 2
542 4
541 1
541 3
546 2
545 0
541 2
539 4
537 1
537 3
542 2
541 2
540 2
540 0
537 4
535 2
535 3
539 3
541 2
538 4
538 4
538 0
537 2
536 2
535 1
535 3
538 2
536 3
538 5
730 2
728 1
728 0
728 0
728 3
649 0
644 4
559 2
557 3
548 0
546 4
533 0
533 3
536 3
535 5
759 1
758 1
757 2
753 3
667 3
636 2
635 3
626 4
551 2
550 3
545 1
545 0
543 0
543 0
543 3
545 0
545 3
545 4
537 4
532 1
532 2
532 3
536 3
534 3
536 3
536 1
536 3
535 5
678 4
548 2
547 0
543 2
542 3
544 0
543 4
535 2
534 5
665 5
953 3
773 0
770 3
727 3
717 3
709 3
705 0
705 1
705 5
1203 1
1203 4
576 0
565 2
564 3
567 0
565 1
565 0
565 2
564 2
563 4
544 5
673 2
671 5
967 3
776 0
771 3
734 2
732 0
731 4
574 5
711 4
556 2
554 5
660 0
659 0
659 4
538 3
546 2
544 2
543 1
543 3
542 3
541 0
537 2
536 1
536 3
540 5
766 3
675 2
673 3
655 5
949 2
945 4
568 4
558 4
558 1
558 3
555 4
553 5
641 4
551 1
551 2
550 0
539 3
545 2
544 4
538 1
538 3
535 3
540 3
539 3
538 3
535 1
535 4
535 5
641 1
641 3
605 3
593 4
544 3
542 3
538 0
536 3
540 2
539 2
538 4
533 2
532 5
652 3
598 5
827 0
827 2
824 0
824 3
725 3
707 5
1088 5
1613 5
2152 0
2152 2
2146 4
600 2
596 3
571 5
659 4
551 0
545 2
544 2
544 3
553 2
552 3
549 3
549 3
544 3
546 2
545 0
544 4
537 0
535 5
732 4
547 2
546 3
549 3
550 0
543 4
532 2
532 4
532 2
532 3
536 2
535 5
637 1
637 0
636 0
636 4
539 4
539 3
546 3
545 2
544 0
541 3
544 4
536 1
536 3
537 4
536 0
534 2
534 3
539 0
539 0
539 0
539 3
541 1
541 4
533 3
538 4
537 5
640 5
896 3
733 0
728 1
728 2
726 4
569 4
557 4
557 0
552 4
536 1
536 0
536 1
536 4
536 2
535 0
535 2
534 0
534 3
539 3
536 0
536 3
540 5
744 4
546 1
546 2
544 4
541 4
541 4
541 3
545 3
545 2
543 1
543 1
543 0
537 2
536 4
531 5
647 2
645 3
592 0
588 4
544 0
544 4
539 4
534 3
539 0
537 0
537 1
537 3
538 4
533 5
647 -1
913 5
912 1
913 3
814 3
777 1
777 5
884 1
884 1
886 2
883 1
884 5
1153 3
990 2
986 4
602 1
602 4
593 0
579 2
577 0
577 3
575 0
574 3
574 1
575 3
573 0
573 4
551 5
650 0
650 2
648 0
648 3
607 5
856 1
855 5
1258 0
1258 4
583 3
576 1
579 3
571 3
574 4
571 2
568 2
566 4
566 5
629 3
595 2
594 1
594 4
556 3
549 5
633 1
633 3
582 3
580 4
549 2
548 5
649 4
551 3
550 4
550 2
548 3
551 2
549 3
552 2
549 4
549 5
629 1
630 5
859 0
859 1
859 1
858 2
854 0
854 0
854 1
854 0
854 0
854 2
851 0
851 3
702 5
991 5
1443 5
1927 0
1927 3
1636 1
1636 5
2229 3
2019 5
2837 0
2837 2
2829 0
2829 2
2822 0
2822 1
2822 2
2815 0
2815 5
3670 0
3670 4
625 5
639 5
834 2
831 1
832 0
831 0
831 3
711 0
707 2
705 3
687 4
575 3
560 3
560 3
558 2
557 5
709 3
634 2
632 5
938 3
819 2
816 2
814 2
811 2
809 5
1284 2
1280 5
1870 0
1870 5
2456 2
2449 4
597 5
653 2
651 4
559 2
558 5
633 4
556 5
637 4
555 4
555 2
554 3
561 0
551 3
550 3
549 2
548 3
548 4
535 1
535 2
534 0
534 3
537 3
537 4
536 5
635 3
593 4
547 4
545 2
544 0
543 2
542 2
541 5
747 5
1063 2
1059 5
1422 4
577 3
575 3
568 5
634 1
635 4
553 0
543 4
537 4
537 2
536 3
545 4
545 0
543 2
542 2
541 3
543 3
545 2
544 1
544 2
543 0
543 5
743 2
741 2
739 3
655 0
648 2
646 3
633 2
632 4
553 2
551 3
548 1
548 3
545 0
544 0
544 1
544 3
544 1
546 2
545 3
545 4
537 0
537 2
536 2
536 3
540 2
538 4
536 3
539 3
536 0
536 5
778 2
774 2
771 2
768 3
674 2
672 2
670 0
668 2
666 5
1080 0
1080 5
1560 2
1554 3
1314 1
1314 0
1314 5
1959 2
1952 2
1945 3
1760 5
2582 4
618 3
594 3
584 3
581 4
568 0
560 2
559 4
549 5
630 2
628 4
551 2
550 5
626 0
625 3
591 2
590 3
585 3
581 0
578 5
847 0
846 3
730 4
568 1
568 5
670 2
668 2
666 1
666 2
664 2
662 4
550 2
550 1
550 3
556 4
552 1
554 0
550 5
765 0
765 1
765 3
666 4
561 2
560 0
552 0
552 0
552 5
799 3
702 3
672 5
999 5
1473 3
1260 2
1255 0
1255 1
1254 4
601 5
687 0
685 4
557 1
557 2
556 0
552 0
552 2
551 2
550 3
551 0
550 5
785 4
552 5
652 0
650 2
648 1
649 2
647 2
645 4
543 5
633 2
631 2
629 4
542 2
542 3
549 2
547 3
548 3
549 4
549 4
549 4
549 4
549 5
633 4
544 3
549 4
548 4
548 1
550 3
550 2
549 2
548 3
547 0
542 5
750 5
1064 4
569 5
630 3
596 2
594 4
560 4
560 5
636 2
634 4
547 1
550 0
544 5
736 1
736 3
639 4
556 2
555 3
542 2
541 0
538 1
539 4
534 4
533 3
541 3
538 1
538 4
537 3
536 3
537 4
537 5
641 2
639 1
638 4
540 2
539 2
538 2
538 2
538 0
534 1
535 3
537 3
537 0
537 4
533 0
533 4
531 4
531 2
531 3
535 0
535 2
534 2
533 5
734 2
731 0
731 1
732 1
732 3
648 0
641 2
639 5
1003 3
860 4
574 0
566 2
565 1
565 2
564 0
564 2
563 3
564 3
565 3
563 0
563 4
543 5
672 2
670 3
617 3
603 3
598 3
598 2
597 3
597 3
596 3
595 2
594 3
594 3
594 1
596 4
541 3
540 5
676 4
542 2
541 2
540 4
539 4
539 4
539 4
539 5
646 2
644 0
644 2
642 4
540 4
539 2
539 0
532 2
532 5
733 2
730 3
649 0
646 3
632 4
559 4
546 2
545 0
545 5
783 2
779 1
779 2
776 3
680 2
678 0
677 1
677 5
1105 4
584 5
673 5
960 2
956 1
956 5
1331 2
1325 3
1051 2
1047 4
578 4
575 2
574 4
574 2
572 5
646 2
644 4
556 3
557 2
556 4
555 3
558 5
630 4
551 4
551 0
543 4
539 2
539 2
539 2
539 2
539 4
539 2
539 0
537 5
722 5
1030 2
1025 2
1020 3
783 4
590 2
586 4
580 2
577 3
556 3
558 5
645 4
551 5
637 1
637 4
547 5
629 3
585 2
583 2
581 3
578 3
573 4
544 1
546 0
541 4
534 4
534 4
534 3
542 2
540 4
540 0
540 3
542 3
544 4
536 0
536 1
537 3
537 1
538 2
537 5
749 0
748 4
542 2
541 4
540 0
537 2
536 0
536 2
536 3
539 0
539 4
534 3
538 2
537 1
537 1
538 3
543 5
648 0
648 4
542 2
541 4
539 3
542 2
541 2
540 3
542 1
544 3
543 2
541 3
542 5
636 0
635 3
598 1
598 4
549 1
549 0
545 4
536 2
535 2
535 5
648 0
648 3
598 5
823 3
723 2
721 3
702 3
692 4
559 4
549 4
549 2
548 5
675 2
673 1
673 4
550 5
666 3
624 2
623 3
607 3
604 2
603 3
599 0
598 5
936 0
936 2
932 1
932 1
931 3
811 1
811 5
1274 3
1125 3
1075 4
584 5
689 2
686 1
686 0
685 4
562 2
559 2
557 3
554 0
550 1
550 1
550 4
538 0
538 2
537 5
767 2
764 0
764 2
761 1
760 3
664 0
663 4
565 2
563 4
550 3
546 3
548 3
543 0
539 2
538 4
532 5
662 3
598 4
541 2
540 1
542 1
542 1
544 3
544 3
546 1
546 3
544 2
543 3
546 3
544 5
658 2
656 3
601 2
599 1
599 3
595 4
541 0
541 2
541 2
540 2
540 2
540 4
535 3
538 5
659 3
613 4
550 2
548 2
547 4
546 4
546 3
546 5
651 3
611 4
548 2
546 2
545 2
544 4
544 3
548 1
548 0
542 4
537 1
537 3
540 3
537 4
537 2
536 3
542 1
542 0
540 2
539 2
538 4
534 0
534 2
534 3
539 2
537 2
536 2
536 3
540 1
540 3
538 5
742 4
543 2
541 2
540 5
653 2
651 1
650 2
648 2
646 2
644 0
640 2
638 3
590 4
547 1
547 3
544 2
543 3
546 0
540 3
542 2
541 2
540 2
539 4
533 1
534 5
653 3
605 3
589 3
589 3
589 0
585 3
585 0
585 3
585 2
584 3
584 0
584 5
911 5
1318 3
1097 3
987 3
939 3
917 5
1553 0
1553 0
1553 4
576 2
574 5
662 1
663 2
661 3
628 2
626 4
558 2
557 3
551 0
544 2
543 3
542 4
536 2
535 2
535 4
535 2
535 2
535 4
534 4
534 0
533 2
532 4
531 5
647 0
647 4
541 1
542 2
541 5
637 3
597 2
595 0
587 5
888 4
560 5
649 3
606 4
547 2
546 3
539 3
537 5
647 5
917 2
912 4
556 3
555 0
546 0
546 3
548 5
735 1
735 0
735 1
735 3
663 5
924 5
1358 4
577 5
658 5
900 5
1252 0
1252 4
584 5
656 3
605 5
778 5
1135 2
1131 4
582 3
571 4
565 5
622 1
621 3
590 2
589 3
588 3
583 2
582 2
581 3
580 3
580 0
576 2
575 4
548 3
545 4
541 0
537 5
753 2
750 1
750 4
542 2
541 1
541 2
540 3
542 4
541 3
543 2
542 0
535 0
535 3
538 0
538 1
538 2
537 3
538 4
533 2
532 3
534 2
533 1
533 2
533 1
533 5
646 4
541 2
540 1
540 5
632 1
632 2
630 0
629 2
627 4
536 2
536 3
539 0
536 3
537 3
536 1
536 2
535 5
736 2
733 0
733 2
731 0
731 2
729 2
726 3
644 1
644 5
898 3
787 2
784 3
763 2
761 2
759 0
756 4
569 3
559 0
555 4
542 3
549 2
548 2
547 0
545 4
540 3
547 2
545 1
545 3
541 5
689 4
544 2
543 4
541 0
533 2
533 3
538 3
538 4
537 3
538 2
538 5
665 3
609 3
597 3
593 2
592 5
842 5
1246 3
1017 3
937 2
934 2
931 2
929 2
926 3
893 2
891 3
879 2
877 3
872 5
1463 4
597 4
576 3
569 1
569 4
566 0
552 4
539 4
539 1
539 2
538 5
643 0
643 5
914 1
914 5
1253 3
947 3
843 2
839 2
836 2
834 3
793 3
772 0
770 3
765 4
574 3
562 1
562 2
561 2
560 3
558 4
552 0
548 0
548 4
540 0
539 2
539 3
541 1
541 2
540 3
539 3
539 4
538 2
537 2
537 2
537 3
537 2
536 0
535 2
535 3
537 3
535 4
534 4
533 1
533 3
536 4
535 5
678 5
993 5
1369 2
1362 2
1355 3
1051 3
928 0
927 2
924 3
876 0
876 4
595 2
593 4
578 3
560 5
688 2
684 3
627 2
625 2
623 0
621 1
621 4
564 3
550 0
548 2
547 0
547 3
547 2
546 2
545 2
544 4
536 3
543 2
542 3
542 4
540 2
539 2
538 2
537 1
537 2
536 1
536 3
540 4
540 3
540 0
538 0
538 2
537 2
536 3
537 0
537 2
536 2
535 4
532 1
532 1
532 4
532 5
664 0
664 3
607 1
607 2
605 2
603 4
552 2
551 0
547 5
799 3
693 2
690 5
1027 0
1027 4
569 3
554 5
665 2
663 5
936 2
933 4
558 2
557 3
562 5
640 1
640 3
604 2
603 3
600 5
814 2
811 3
719 3
705 2
704 0
701 4
552 3
545 0
543 2
542 2
541 3
544 1
544 0
544 0
544 1
544 3
544 2
543 4
536 0
536 5
770 4
548 2
547 2
546 0
536 0
536 2
535 3
538 4
534 3
537 4
535 3
536 2
535 3
535 2
532 2
531 4
531 3
533 3
531 3
534 2
533 4
533 1
533 2
532 2
531 0
529 2
529 5
739 0
739 2
737 3
651 3
626 2
624 4
546 3
536 3
539 2
538 3
538 0
537 0
537 0
537 5
766 5
1112 3
894 4
582 5
643 0
641 3
607 5
852 2
849 3
752 4
571 2
570 2
568 5
663 4
545 0
541 5
754 3
663 0
660 3
648 1
648 5
1019 3
899 3
858 3
837 0
837 0
837 1
837 3
832 0
832 3
832 3
832 4
574 4
556 3
552 3
550 5
703 4
556 3
550 5
681 4
550 1
550 5
652 1
652 2
650 1
650 3
598 3
591 3
588 2
587 0
585 1
585 2
584 3
583 4
547 4
540 3
536 0
536 2
535 0
535 4
531 5
670 3
609 0
606 0
606 2
604 2
603 1
603 0
603 5
955 2
951 5
1375 0
1375 1
1375 4
572 2
570 1
570 1
570 5
645 5
880 4
561 3
561 2
559 3
560 4
557 3
557 2
556 3
551 4
550 2
550 5
634 2
632 2
630 1
630 1
630 1
630 5
862 3
711 0
707 0
706 5
1114 3
953 2
950 2
947 4
582 2
580 4
570 4
570 3
561 3
561 5
668 1
668 3
610 0
608 3
605 4
548 3
549 2
548 1
548 2
546 2
544 2
543 2
542 4
538 0
537 5
793 4
552 2
551 2
550 0
542 3
546 2
543 1
543 4
534 0
534 2
533 4
533 4
531 4
531 0
531 3
538 2
537 0
534 0
534 2
533 3
534 5
758 0
758 4
547 2
546 2
545 5
656 3
608 2
606 0
601 4
553 4
543 2
542 3
544 0
539 2
538 5
770 5
1111 2
1106 5
1486 2
1476 0
1476 2
1469 1
1467 2
1458 3
1136 5
1547 3
1312 2
1306 4
610 1
610 2
608 3
569 0
557 5
771 4
557 1
560 4
557 2
554 0
550 2
549 3
551 2
550 2
549 5
737 2
735 0
734 2
732 2
729 0
729 2
727 2
725 0
725 3
656 2
654 3
638 1
638 5
905 5
1331 4
584 3
580 3
574 3
569 5
651 3
608 4
553 0
546 3
548 0
548 1
548 4
538 0
537 3
542 2
541 2
540 1
540 3
538 2
537 0
537 1
537 4
533 4
532 0
532 5
747 2
744 0
744 4
546 3
550 2
548 0
545 0
545 1
545 4
533 5
635 5
890 2
885 3
718 1
718 1
718 0
714 4
569 2
568 0
562 3
566 0
566 2
565 0
565 5
840 4
560 3
550 3
550 3
547 5
665 0
662 4
541 1
541 5
647 2
645 0
644 3
597 4
549 3
547 4
546 4
546 0
543 4
534 1
534 4
534 5
647 2
645 2
643 2
641 0
641 3
595 0
591 0
590 4
543 1
543 4
534 4
534 2
533 4
533 0
532 0
532 5
755 2
752 1
752 2
750 2
748 1
748 5
1090 2
1086 4
565 0
548 4
536 3
549 1
549 1
549 0
544 0
544 4
532 0
532 2
532 2
532 1
532 2
532 3
536 3
537 2
536 3
539 3
540 0
540 2
539 0
539 0
539 2
538 2
537 2
536 3
538 4
534 5
652 5
917 2
912 4
554 2
553 2
552 0
541 2
541 3
545 0
542 3
543 4
535 0
535 3
535 0
535 2
534 3
537 5
752 3
668 1
668 4
559 3
549 4
546 4
546 2
545 1
545 1
545 0
540 2
539 0
539 0
539 4
531 3
536 0
534 2
533 2
532 1
532 4
529 4
529 0
529 0
529 0
529 5
740 2
737 0
737 2
735 0
735 4
544 3
545 3
546 0
538 0
538 0
538 2
538 0
538 1
538 0
538 2
537 3
539 2
538 0
538 1
538 0
538 0
538 4
532 3
534 2
534 0
534 1
534 3
537 4
532 0
531 5
741 1
740 4
542 2
541 2
540 2
539 5
644 1
644 1
644 2
642 5
897 2
894 0
894 2
891 3
715 1
715 5
993 3
860 3
821 0
821 3
815 2
814 0
814 5
1404 1
1404 3
1264 4
602 0
590 1
590 0
590 4
558 4
554 4
554 2
552 2
551 4
551 5
666 1
666 1
666 2
664 4
550 5
657 3
613 3
603 1
603 0
603 4
553 0
550 1
550 2
549 5
790 2
787 5
1141 2
1136 5
1529 2
1521 1
1521 2
1514 2
1508 0
1508 4
597 2
594 0
573 0
571 5
791 0
791 0
791 4
565 0
553 5
755 0
755 3
660 4
574 0
565 4
543 0
539 4
537 4
534 2
534 0
534 0
534 4
533 5
637 3
601 3
589 1
589 0
583 2
582 3
581 5
889 3
764 3
735 4
558 1
558 5
670 0
670 2
668 3
621 0
619 4
558 0
554 2
553 2
552 2
551 5
819 5
1205 0
1205 2
1200 4
575 5
640 3
609 2
608 2
606 0
598 5
909 1
909 2
905 4
566 2
565 4
558 2
557 2
556 4
556 0
548 0
548 5
779 5
1108 3
875 5
1231 2
1226 3
1052 0
1051 0
1051 5
1660 2
1655 3
1493 5
2277 2
2270 1
2270 2
2264 3
2119 2
2113 2
2108 4
613 3
586 4
568 1
568 2
566 2
565 2
564 0
552 3
554 4
544 3
544 2
543 0
539 5
760 4
550 4
548 4
548 3
544 3
544 3
543 3
543 0
537 4
533 2
533 4
533 4
533 2
533 0
533 4
533 4
533 2
533 2
533 1
533 5
633 0
633 2
631 2
629 0
629 0
629 0
629 3
591 2
589 0
585 4
546 2
545 3
544 3
545 4
540 1
540 3
538 2
537 1
537 0
536 4
533 1
533 1
533 0
533 4
533 2
533 4
533 3
537 1
537 4
537 5
643 2
641 3
595 4
551 2
550 5
646 4
546 0
537 0
537 5
767 4
544 0
540 3
542 4
536 5
636 0
636 2
634 2
632 2
630 2
628 5
907 0
907 0
907 2
903 0
903 0
903 1
903 1
902 2
899 4
556 3
557 3
558 3
557 3
555 4
554 2
552 1
552 5
618 2
616 2
614 3
589 2
587 4
551 2
550 4
550 3
552 3
553 2
552 2
550 4
549 0
543 3
547 0
545 2
544 1
544 3
544 1
544 0
544 1
544 2
543 4
533 2
532 2
532 5
639 2
637 4
545 2
544 4
544 2
544 2
544 0
535 4
534 0
534 2
534 3
539 3
541 1
541 2
538 5
730 3
639 0
636 3
628 3
623 0
622 3
622 0
622 2
621 4
559 4
542 4
542 0
540 1
540 0
540 4
532 2
531 5
677 3
619 5
903 0
903 3
783 2
781 1
781 0
780 2
778 3
764 1
764 2
760 2
758 2
756 4
570 0
568 4
547 1
547 4
542 0
541 2
541 1
541 0
541 4
539 2
538 5
674 5
983 3
781 0
778 0
778 0
778 2
776 2
773 3
730 4
576 4
564 3
557 5
659 4
554 0
551 3
552 3
552 2
551 0
549 4
542 0
540 2
539 1
539 1
539 5
762 1
762 3
668 2
666 0
663 2
661 4
561 4
549 2
548 3
543 2
542 1
542 0
540 3
540 4
535 3
538 4
538 0
537 5
765 2
761 2
759 1
759 3
655 4
558 0
556 5
805 3
692 2
690 0
690 0
690 5
1130 2
1125 4
580 2
578 3
568 1
568 4
558 2
556 0
547 5
768 1
768 0
768 1
767 0
767 4
555 2
554 4
551 2
550 4
550 4
550 5
642 5
893 4
553 4
553 2
552 2
552 1
552 5
643 5
888 2
885 0
885 0
885 4
550 4
550 2
550 2
550 2
550 1
550 0
542 2
542 0
542 0
542 2
542 4
540 3
547 0
547 3
550 0
548 5
764 3
673 2
671 3
642 5
946 0
946 2
942 2
938 0
938 2
934 0
934 0
934 1
934 5
1396 2
1391 4
591 2
589 4
572 2
571 5
633 5
858 3
705 4
573 0
569 5
793 0
793 3
694 4
575 0
570 2
569 -1
913 3
746 0
658 1
660 1
661 4
617 0
589 3
582 4
570 5
645 2
643 0
642 0
642 3
607 1
607 2
606 1
606 5
792 0
789 2
786 1
786 1
786 0
786 4
571 5
642 1
643 0
639 3
603 0
598 1
600 3
591 1
591 5
869 3
762 5
1158 1
1158 4
581 2
580 1
583 3
564 0
553 1
555 0
554 4
540 3
542 0
541 2
539 5
752 4
548 1
548 2
546 5
646 4
546 5
639 4
547 5
634 1
635 4
547 3
551 2
549 4
549 5
632 3
592 3
587 4
548 3
546 2
544 2
543 5
650 3
601 5
818 2
815 3
720 2
718 2
716 2
714 0
713 4
570 5
689 0
688 1
690 0
690 4
549 5
661 0
661 3
611 2
609 5
874 0
874 5
1270 2
1265 0
1265 0
1265 1
1265 5
1701 0
1701 1
1700 2
1693 3
1398 3
1227 0
1226 0
1226 2
1221 2
1217 4
595 5
682 0
677 5
987 3
810 0
809 3
769 4
578 3
560 0
555 3
555 2
554 4
543 5
676 1
678 1
679 5
977 2
974 3
789 1
790 5
1173 0
1173 0
1173 0
1173 2
1168 5
1676 0
1676 0
1676 3
1434 4
597 3
575 5
678 0
674 4
557 4
551 3
555 0
546 1
547 4
537 4
537 1
539 4
538 5
637 0
637 2
635 0
635 5
902 1
900 1
898 1
900 2
897 2
894 0
894 4
566 2
565 2
564 5
622 0
619 5
855 3
703 4
574 0
563 0
563 4
541 2
540 3
541 0
541 5
740 2
737 1
736 2
733 0
733 2
731 2
728 3
647 3
616 0
614 2
613 3
612 4
547 1
549 2
548 0
546 5
818 0
818 1
816 4
559 5
653 3
602 0
600 0
600 4
552 5
676 4
547 5
651 2
649 3
601 0
598 1
598 4
548 5
668 3
621 4
551 2
550 3
552 3
553 0
549 0
549 0
549 2
547 0
547 0
547 2
546 2
545 0
545 3
546 2
545 5
765 4
550 2
549 4
544 4
544 4
544 3
546 1
550 5
651 0
650 1
651 3
614 2
612 4
551 0
549 0
549 4
534 0
533 1
533 4
533 3
540 0
539 3
541 0
540 2
539 2
538 0
538 1
541 3
539 2
538 1
540 0
539 3
540 2
539 2
538 4
531 2
531 3
536 2
535 4
535 0
534 1
534 3
538 1
538 5
744 2
741 3
655 0
654 3
641 0
640 3
639 0
639 2
637 0
637 4
562 3
548 1
550 2
549 4
540 1
541 0
541 5
775 3
688 2
686 3
666 0
662 4
568 3
555 0
554 5
824 4
565 4
552 1
553 2
552 0
547 4
539 4
539 0
539 2
539 3
543 0
542 0
542 0
542 3
543 3
542 1
542 2
541 4
537 2
536 0
536 4
534 4
533 2
533 3
537 5
644 3
593 4
547 5
636 0
634 4
539 1
539 5
632 0
631 4
536 5
628 4
536 1
536 1
537 3
542 4
542 4
542 5
626 1
627 0
625 4
533 2
533 0
532 3
535 1
537 2
536 3
534 2
533 5
734 3
649 4
558 2
557 1
559 0
552 4
535 2
533 1
535 5
649 2
647 4
540 0
536 3
539 4
538 1
540 3
538 4
538 3
537 5
639 0
639 5
920 1
920 0
920 2
915 4
559 5
642 0
637 0
637 0
637 0
637 1
637 2
635 0
635 1
634 3
597 5
809 3
721 2
718 4
560 4
556 0
550 3
549 1
552 3
552 3
549 2
548 3
550 1
552 2
550 2
548 1
549 3
552 2
551 1
552 1
552 4
535 3
534 2
533 2
533 1
534 2
533 5
648 0
647 1
647 0
647 3
591 5
836 4
550 3
546 3
550 0
542 2
542 0
542 0
542 1
543 1
544 5
763 4
544 4
541 3
542 1
543 2
541 3
545 3
547 3
545 2
542 5
639 3
597 5
802 3
712 4
570 4
565 5
659 0
657 4
540 1
540 4
537 5
641 0
640 4
538 3
540 2
539 0
537 5
738 3
642 2
640 2
638 4
561 2
559 3
547 4
544 0
540 1
541 2
540 4
531 0
531 1
533 0
533 4
529 2
529 2
529 3
535 1
535 4
534 2
533 1
536 4
535 1
539 3
535 1
535 2
534 2
533 5
643 4
542 0
536 2
534 1
535 4
530 4
530 4
530 0
530 3
534 2
533 4
532 0
532 1
532 2
531 3
537 1
538 1
538 5
731 3
643 3
628 0
624 5
994 3
870 1
870 2
867 0
866 5
1433 4
592 1
592 5
668 5
930 4
560 0
546 4
538 4
536 5
658 3
600 1
600 0
598 0
598 2
597 0
597 3
594 0
593 4
550 3
545 0
543 5
805 1
806 3
699 3
667 4
557 1
557 2
555 3
546 5
682 5
979 3
790 0
787 2
784 2
782 1
782 4
571 1
571 1
571 4
563 2
560 4
560 4
560 3
558 1
558 0
553 1
553 2
552 1
553 2
552 3
550 5
784 2
781 0
781 5
1121 0
1121 0
1121 0
1121 4
575 4
572 2
571 4
571 2
570 5
632 4
555 3
561 5
642 2
640 3
602 5
802 4
560 3
554 5
654 5
900 3
728 2
726 1
727 5
1039 0
1039 1
1039 3
893 2
890 4
583 4
576 0
560 3
556 0
555 3
556 3
556 3
555 0
555 0
555 2
554 2
553 5
820 1
820 2
817 5
1188 1
1187 3
953 0
952 2
949 4
580 2
578 2
576 0
568 3
569 0
569 2
568 0
568 5
852 0
852 1
852 3
739 4
570 1
570 2
568 2
567 1
567 5
668 0
665 0
665 3
626 2
625 4
551 0
546 4
535 3
537 4
532 4
532 4
532 3
532 0
532 3
533 0
533 4
529 3
533 0
533 3
533 5
752 2
750 4
543 4
540 4
540 0
536 2
536 0
536 4
532 2
532 2
532 5
637 2
635 2
633 2
631 2
629 0
629 3
589 2
587 0
584 4
553 2
552 3
548 3
546 2
544 4
536 4
536 4
536 5
644 1
643 3
600 3
591 3
586 2
584 0
583 0
583 3
583 4
545 2
544 4
536 2
535 5
667 3
608 0
606 2
603 3
597 4
547 3
545 0
544 0
544 0
544 4
536 2
535 4
532 3
538 2
536 4
536 4
536 4
536 4
536 2
535 1
535 0
535 0
535 0
535 0
535 4
531 3
535 3
534 2
533 5
673 1
674 3
615 3
606 2
605 1
606 4
544 3
546 0
542 2
541 3
541 0
541 0
541 4
534 2
533 4
533 0
533 2
533 1
534 4
533 3
536 2
535 0
535 4
532 5
672 5
977 1
976 2
971 2
965 4
564 2
563 3
565 4
561 0
551 3
548 4
538 3
540 0
538 0
538 0
538 5
755 4
549 1
549 2
548 1
549 1
549 5
642 2
640 4
540 0
533 0
533 2
533 4
531 0
531 3
537 4
536 2
535 3
535 3
540 4
540 0
537 4
530 4
530 1
530 2
530 2
530 3
540 4
540 0
537 4
530 2
530 4
530 2
530 5
636 2
634 0
634 4
537 3
542 2
541 3
547 4
547 4
547 2
545 0
539 2
538 2
537 1
537 2
536 4
531 0
531 3
536 3
535 4
535 0
535 3
536 5
732 0
732 3
646 5
909 5
1334 3
1105 4
586 2
584 0
574 3
573 2
571 0
569 4
545 5
657 1
656 0
655 3
615 2
613 2
612 2
610 2
609 3
600 2
599 2
598 4
551 0
551 2
550 1
550 2
549 4
541 3
544 4
538 3
543 3
539 4
538 0
537 2
536 3
539 4
534 3
537 0
537 2
536 0
536 0
536 3
537 2
536 4
532 2
532 3
534 5
658 4
543 3
544 4
542 3
541 4
541 0
538 1
538 0
538 4
532 2
532 0
532 3
539 5
727 0
727 5
1030 0
1030 5
1382 4
576 4
576 2
575 5
617 5
811 2
808 0
808 3
676 4
565 0
557 4
542 0
542 4
541 2
540 0
540 4
540 0
540 3
541 2
540 4
536 4
535 0
534 1
534 0
534 4
531 3
534 3
537 4
537 3
533 0
533 4
531 0
531 5
738 3
649 3
630 3
614 4
542 0
541 3
541 3
540 1
541 0
541 2
540 2
539 3
541 2
540 5
794 3
687 0
687 3
671 2
669 4
560 3
553 1
553 1
553 0
552 3
553 2
552 1
552 4
541 4
534 0
534 4
533 4
532 1
532 2
531 5
675 2
673 0
673 0
673 1
673 3
612 2
610 2
609 4
549 5
667 4
548 2
547 4
543 4
543 2
542 2
541 3
544 5
645 5
910 5
1268 3
970 1
970 2
966 0
963 4
585 2
583 1
583 4
573 4
573 5
647 0
642 1
642 5
922 3
749 1
749 2
747 2
744 1
744 1
744 3
713 0
708 1
708 4
563 4
551 2
550 0
548 2
547 2
546 0
546 0
546 0
546 4
538 3
544 4
543 4
543 2
542 4
542 0
539 0
539 5
768 2
764 3
667 3
642 2
641 2
640 0
639 1
639 0
639 0
639 0
639 2
638 0
638 0
638 5
1051 3
905 4
585 3
560 5
696 0
696 1
697 3
636 3
622 0
622 0
622 2
620 4
558 5
697 5
1024 4
573 3
566 5
648 3
606 5
827 3
728 0
725 5
1189 3
1052 3
996 1
996 4
584 4
569 2
567 4
567 4
567 1
567 0
565 5
831 0
831 2
828 3
719 0
719 2
717 3
702 0
702 0
702 5
1174 2
1170 1
1170 5
1705 1
1705 4
605 2
603 1
603 4
586 1
586 4
586 2
584 0
562 4
545 5
642 5
906 2
901 3
742 1
742 2
739 1
738 1
738 2
736 2
734 2
732 0
730 1
730 5
1152 2
1147 5
1621 1
1621 2
1613 4
600 4
589 3
583 3
580 3
578 0
555 5
763 0
763 4
554 0
545 1
545 2
544 5
746 1
745 2
742 4
552 3
550 0
543 3
545 0
545 4
536 1
536 3
542 5
644 0
644 0
644 5
913 3
737 1
737 0
733 4
570 0
567 3
567 4
541 3
543 5
672 3
616 3
608 3
604 5
891 2
888 1
888 4
554 4
548 4
548 2
547 2
546 5
648 0
646 1
645 0
645 2
643 5
917 5
1270 1
1270 2
1264 5
1638 2
1631 3
1245 3
1060 3
971 0
971 0
971 0
971 3
951 3
934 2
931 2
928 0
928 2
925 4
578 2
576 5
713 3
650 3
639 1
639 0
637 5
1039 0
1039 2
1035 4
583 3
563 3
557 2
556 3
555 3
558 3
556 3
555 0
550 1
550 0
550 4
542 2
541 0
540 1
540 2
539 2
538 3
544 2
543 0
542 2
541 5
775 1
775 3
670 4
566 4
559 4
559 2
558 1
558 3
550 4
549 3
554 1
554 0
546 4
537 5
652 4
551 1
551 2
548 4
547 3
546 2
545 0
543 0
543 2
543 0
543 0
543 5
751 4
544 3
546 3
547 3
547 5
650 1
650 4
543 1
543 1
543 2
543 3
545 2
544 2
543 2
542 1
542 3
545 1
545 3
547 0
542 5
751 2
749 0
749 0
749 0
749 1
749 5
1067 1
1067 3
829 2
827 1
827 3
756 0
753 0
753 0
753 0
753 4
578 4
558 2
557 2
556 3
555 2
553 2
552 2
551 0
548 4
542 2
541 0
539 4
537 5
653 0
653 2
651 3
602 4
544 3
542 1
542 5
651 4
543 2
542 3
545 0
543 1
543 1
543 1
543 3
544 0
544 4
535 3
543 0
540 4
533 1
535 3
542 0
540 5
751 1
751 0
751 3
653 3
636 0
633 3
632 4
551 2
550 0
549 3
550 2
549 2
548 4
539 4
537 2
536 1
536 3
537 0
537 3
538 5
782 0
782 2
779 3
692 4
558 3
552 0
545 4
534 4
533 3
540 2
538 1
538 3
537 2
536 3
535 5
662 5
952 3
764 2
761 2
759 2
757 2
756 3
708 4
565 2
563 3
554 4
548 5
643 2
641 2
639 3
594 0
588 2
587 1
587 3
580 2
579 5
868 0
868 2
865 2
862 0
862 4
560 4
554 2
553 3
554 4
554 3
546 3
553 3
548 5
639 3
592 3
584 0
578 4
542 4
536 0
534 2
533 2
532 2
532 3
535 0
535 0
535 0
535 3
536 4
533 3
536 4
535 0
534 2
533 1
533 0
533 2
532 2
532 2
531 0
531 3
532 0
532 5
779 4
548 2
547 3
543 5
648 3
599 5
837 3
738 3
709 2
707 2
705 3
696 4
550 2
549 1
549 2
547 4
542 3
536 2
535 5
682 1
682 2
680 3
624 2
623 2
621 3
608 3
605 5
897 0
897 4
558 0
551 4
538 0
537 2
537 2
537 4
534 5
665 0
665 0
665 1
665 2
663 0
663 0
663 4
549 0
537 2
536 2
536 3
537 4
534 5
650 0
650 4
542 0
535 2
535 3
538 2
537 2
536 4
534 4
534 2
533 1
533 2
533 4
533 3
535 1
535 3
536 2
535 2
534 3
534 5
652 0
652 1
651 1
651 0
651 1
649 3
605 2
604 4
547 5
644 0
644 5
935 2
932 2
929 2
926 1
926 0
926 3
750 0
749 5
1188 4
588 3
567 2
565 0
556 2
555 1
555 2
554 2
553 0
553 5
772 2
769 5
1092 4
578 0
562 1
562 2
560 3
556 5
742 2
740 2
738 1
738 3
652 3
628 2
627 1
627 2
626 2
625 2
624 3
617 0
614 2
613 5
987 2
983 0
983 0
983 4
572 1
572 1
572 1
572 4
562 2
561 2
560 5
645 1
645 3
595 4
545 5
646 0
646 3
608 3
595 2
593 2
592 1
592 1
592 2
591 2
590 0
588 2
587 2
586 5
890 3
769 3
733 3
721 1
721 4
553 4
547 5
678 0
678 3
634 1
634 3
621 4
552 3
542 3
544 1
544 0
541 5
782 3
682 2
680 4
569 0
559 3
559 2
558 4
539 0
539 2
538 4
536 0
536 1
536 3
538 2
538 1
538 2
537 1
537 0
537 2
537 1
537 2
537 1
537 4
536 4
536 0
536 0
536 3
539 1
539 4
537 2
536 2
535 3
537 2
536 4
535 0
534 0
534 3
538 3
535 4
531 3
539 3
536 4
535 4
535 3
539 2
538 2
537 5
666 3
613 1
613 4
548 2
547 4
545 3
548 1
548 2
546 4
543 3
544 3
546 5
658 2
656 2
654 3
604 4
545 1
545 2
544 4
543 0
540 5
778 2
776 1
776 3
674 0
672 2
670 0
670 4
563 2
561 4
550 3
552 5
657 3
608 2
606 1
606 2
604 3
598 0
596 0
596 0
596 0
596 2
595 0
595 1
595 1
595 2
594 3
595 3
594 5
922 4
568 2
567 4
557 4
557 3
547 1
547 0
539 0
539 3
541 0
540 3
542 5
782 1
782 4
554 2
553 2
552 3
552 4
550 3
555 3
552 0
547 4
537 0
536 4
535 0
535 3
536 3
537 3
534 0
534 4
533 5
642 1
642 1
642 2
640 2
638 3
598 2
597 1
597 5
817 0
817 2
814 3
715 0
714 5
1169 4
570 1
570 3
553 4
549 1
549 3
547 1
547 1
547 4
547 1
547 4
547 4
547 2
546 4
546 2
545 2
542 1
542 5
643 3
601 5
831 4
559 3
553 2
552 4
551 3
547 4
546 2
545 2
545 2
545 3
548 4
548 5
642 5
888 5
1219 0
1219 1
1218 0
1218 0
1218 2
1212 2
1207 4
582 1
582 2
581 3
580 2
577 0
561 0
561 4
546 4
545 1
545 4
545 5
636 3
596 3
582 5
784 2
781 2
779 2
777 0
777 2
774 5
1124 1
1123 0
1123 0
1123 4
551 3
559 5
644 5
880 0
880 1
878 3
731 4
574 4
570 5
639 1
639 2
637 4
555 3
560 4
559 3
561 3
558 4
558 1
558 1
558 4
558 2
556 0
547 4
536 3
541 3
541 2
540 3
540 2
539 4
539 0
535 5
740 2
736 3
647 5
935 4
554 1
554 4
545 2
544 0
539 2
538 2
537 3
540 2
539 5
747 3
659 4
556 4
549 3
542 2
541 1
541 4
539 5
649 3
608 3
593 4
543 2
542 1
542 4
540 0
538 5
763 2
759 2
756 4
547 0
542 3
546 2
544 0
542 0
542 2
541 2
540 4
536 3
540 0
538 2
537 2
536 3
537 4
533 2
532 3
537 0
537 4
531 2
531 1
531 0
531 3
536 4
535 0
534 3
536 2
535 5
738 2
736 5
1060 4
561 5
643 2
641 3
600 5
772 4
562 3
557 2
554 1
554 5
636 3
595 2
594 5
799 4
556 2
555 4
550 3
549 3
551 0
540 2
539 5
747 5
1055 3
846 2
843 5
1202 1
1202 5
1683 1
1683 1
1683 3
1418 1
1418 2
1414 1
1413 4
597 3
579 3
570 0
561 4
547 3
550 2
549 2
548 5
645 2
643 2
641 4
549 1
549 2
548 4
545 2
545 2
545 3
554 1
554 3
554 3
552 1
552 5
629 2
627 0
627 0
627 1
627 3
591 4
551 2
550 2
549 3
547 2
546 2
545 1
545 2
544 4
541 0
535 4
534 2
534 1
534 2
533 3
541 3
536 3
537 2
535 5
638 2
636 4
541 2
541 5
628 3
585 4
546 2
545 3
542 4
538 4
538 4
538 4
538 0
536 2
535 4
532 2
532 2
532 1
532 0
532 4
532 1
532 1
532 3
536 2
535 0
535 4
531 2
531 2
531 3
535 5
641 0
641 2
639 4
543 2
542 4
541 3
543 3
547 3
545 2
544 4
543 2
542 4
542 1
542 3
547 3
545 3
545 2
544 3
541 2
540 0
532 0
532 2
532 0
532 3
536 0
536 2
534 2
534 2
534 2
534 2
534 0
534 2
534 4
531 2
530 2
530 2
530 3
532 5
643 3
600 4
542 3
538 0
535 4
530 2
530 -1
913 1
913 0
825 5
1108 4
620 5
661 3
614 3
610 4
568 4
568 5
648 4
560 4
560 1
562 2
561 0
555 3
558 1
561 5
736 2
733 3
657 2
655 4
563 3
555 5
653 5
904 1
904 1
903 5
1252 5
1624 1
1624 3
1250 5
1689 1
1689 5
2220 0
2220 5
2770 0
2770 1
2770 0
2770 2
2757 5
3307 0
3307 2
3295 1
3291 1
3291 2
3278 0
3278 4
645 3
610 4
597 5
630 2
628 5
791 1
790 2
786 1
787 5
1054 3
813 0
809 5
1245 5
1744 3
1454 4
601 1
604 3
582 1
582 5
661 2
659 0
655 4
552 4
545 3
548 4
548 4
548 5
634 4
542 5
636 5
886 4
556 1
558 0
547 5
750 3
659 0
655 3
641 3
634 1
634 0
634 0
634 5
1024 2
1020 5
1492 3
1277 3
1145 5
1864 1
1864 5
2645 1
2645 2
2638 3
2422 5
3384 2
3376 2
3367 1
3367 5
4357 3
4190 3
4103 2
4095 4
652 0
613 5
889 2
884 0
884 3
772 3
732 0
731 5
1221 2
1216 4
597 1
597 0
581 0
581 2
580 1
582 4
551 1
552 4
546 2
545 2
545 0
542 5
757 2
755 3
659 2
657 2
656 3
636 5
926 4
568 2
567 2
566 1
566 5
667 5
947 4
570 3
572 0
556 5
782 4
561 3
564 2
562 1
564 3
560 3
560 4
557 2
555 3
559 2
557 0
549 2
548 3
548 1
550 3
550 3
547 1
548 0
548 0
548 5
765 1
765 1
765 0
765 3
669 3
640 4
549 0
548 4
536 3
540 3
541 2
540 0
539 3
540 1
540 5
756 0
756 0
756 5
1099 3
892 2
889 3
805 3
777 4
572 3
559 4
549 1
549 3
547 4
546 4
546 2
545 1
547 0
542 5
754 1
753 0
753 1
754 1
753 0
753 4
551 0
543 2
542 5
742 3
647 4
566 3
551 5
659 0
659 5
952 5
1300 5
1680 2
1672 2
1664 2
1656 4
602 3
585 2
583 2
582 2
580 2
579 3
581 2
578 3
573 5
630 3
599 3
593 0
588 5
853 3
734 3
705 5
1066 3
943 1
943 0
942 4
573 0
567 4
542 0
542 4
536 4
533 3
538 2
537 3
538 0
537 3
539 3
538 5
785 4
549 2
548 2
547 0
541 3
544 0
544 5
775 0
775 5
1122 3
882 2
878 2
875 3
802 1
803 4
576 4
566 2
565 3
555 2
554 0
548 0
547 4
538 5
653 2
651 3
607 4
556 0
550 5
782 3
683 5
1013 1
1012 1
1012 1
1013 5
1478 0
1478 4
600 2
597 1
599 4
583 3
570 4
569 3
563 3
570 4
569 4
569 0
558 5
768 1
767 0
767 3
667 1
669 5
940 5
1364 5
1823 0
1823 3
1548 2
1542 0
1539 0
1539 4
601 4
589 2
586 3
566 5
651 0
649 0
649 1
650 2
648 2
646 3
605 1
607 3
594 3
590 0
588 3
585 4
546 2
545 2
544 5
676 3
611 0
610 4
554 3
550 0
549 4
540 2
539 2
538 5
657 0
657 3
613 3
599 3
593 3
591 5
853 0
853 5
1253 0
1253 3
1027 2
1023 1
1023 1
1021 0
1019 2
1015 1
1016 1
1017 3
946 2
943 4
579 1
579 3
562 3
558 0
549 1
551 2
550 2
549 4
539 2
538 2
537 5
669 2
667 2
665 2
663 3
601 0
600 4
556 2
555 3
548 4
538 3
543 2
541 4
541 5
664 3
608 1
609 5
869 3
770 3
742 4
557 4
554 1
557 2
554 2
553 2
551 1
553 4
553 0
550 2
549 3
551 2
550 1
551 3
548 4
536 5
667 1
667 3
610 3
601 2
599 3
596 3
593 3
593 0
592 4
552 2
551 2
550 3
547 3
546 2
545 4
537 3
540 4
539 2
538 2
537 0
536 4
533 5
669 2
667 4
548 0
539 4
534 1
536 1
538 4
536 3
541 5
654 3
603 2
601 3
592 1
592 2
591 2
590 5
836 2
833 0
833 0
833 0
833 4
558 4
551 3
550 3
546 3
541 3
542 5
637 3
593 0
591 2
590 4
546 0
546 2
545 0
545 3
549 5
791 5
1141 3
901 4
584 3
556 4
550 2
549 4
549 1
551 3
553 4
553 1
553 1
553 3
556 3
556 5
636 2
634 0
630 2
628 0
628 2
626 3
598 2
597 0
592 0
591 0
591 0
591 3
591 4
550 2
549 4
541 0
541 1
541 2
540 2
539 0
539 3
542 5
759 3
665 1
665 3
641 3
631 0
630 1
630 2
629 2
628 0
628 3
628 0
628 3
629 3
628 0
628 3
628 3
629 3
629 0
629 2
628 3
628 0
628 4
560 2
559 0
556 5
845 2
842 5
1229 3
1001 4
588 2
585 1
587 2
585 2
582 0
569 2
568 4
548 3
545 2
544 5
664 0
663 5
975 3
808 2
805 5
1170 2
1165 2
1160 3
983 3
936 4
573 2
571 3
556 3
553 0
548 5
799 3
696 4
563 5
666 5
966 5
1339 2
1333 5
1738 0
1738 4
615 4
609 5
652 3
608 1
609 2
607 2
605 0
593 3
592 0
592 3
590 0
590 3
590 0
589 3
589 0
589 1
590 3
589 2
588 1
588 4
546 3
547 1
547 0
543 0
543 2
542 4
536 5
672 3
623 3
610 3
602 0
601 1
602 2
600 2
598 5
936 4
570 5
665 0
662 2
660 4
548 2
547 5
652 1
652 1
652 4
546 3
546 4
546 0
542 3
546 0
544 1
544 3
545 5
766 5
1103 2
1098 1
1097 3
856 3
789 3
753 5
1176 4
588 3
562 3
559 2
557 1
557 3
557 4
552 5
643 3
606 5
827 5
1210 0
1210 0
1210 2
1204 5
1625 3
1331 0
1330 2
1324 1
1324 0
1324 5
1893 0
1893 3
1683 2
1676 0
1676 0
1676 3
1538 3
1461 3
1430 3
1413 0
1413 2
1410 0
1410 1
1411 2
1408 5
2502 5
3653 4
608 2
606 5
662 2
660 2
658 0
649 3
615 5
883 4
573 0
563 1
563 3
562 3
565 2
564 3
562 3
564 2
561 0
560 4
546 5
656 0
656 5
954 4
565 0
545 0
545 3
546 4
542 2
540 3
541 0
540 4
533 1
533 3
536 3
536 4
535 2
535 3
538 0
535 3
537 2
536 0
536 2
535 2
534 0
534 3
537 1
537 0
537 2
536 4
531 4
531 3
537 0
535 1
535 1
535 1
535 1
535 3
536 4
531 4
531 3
534 3
535 2
534 4
534 0
534 3
536 4
531 3
533 5
656 0
656 4
545 2
544 3
543 0
538 3
540 0
540 4
534 5
652 2
650 5
910 0
910 5
1249 3
951 4
592 3
571 2
569 3
561 3
558 4
553 1
553 3
549 3
552 2
551 3
548 4
548 3
550 1
550 3
552 2
551 5
640 4
547 2
547 4
547 4
547 1
547 0
539 0
539 2
538 2
538 3
541 3
541 3
542 0
542 3
543 2
542 1
542 0
542 0
542 5
761 4
551 5
647 2
645 2
643 0
643 3
593 2
592 1
592 0
589 4
549 0
548 1
548 0
548 3
551 0
549 4
536 2
535 0
535 1
535 2
535 2
535 3
538 4
537 2
534 2
533 2
532 5
653 5
938 2
933 3
762 2
757 0
756 4
577 0
563 1
563 3
564 3
562 3
562 3
562 5
794 3
701 2
699 0
696 2
694 3
681 3
677 4
559 3
545 5
685 3
630 2
628 3
613 0
612 4
551 2
550 1
550 2
549 3
546 3
544 5
690 1
690 1
690 5
1020 2
1016 2
1013 4
566 0
554 3
556 4
544 1
544 3
542 2
541 2
540 3
545 4
545 5
643 2
641 3
599 3
584 1
584 3
585 2
584 0
583 4
540 0
540 5
787 4
557 1
557 3
553 5
651 0
648 3
601 3
590 4
544 3
544 5
669 2
667 3
609 0
606 3
604 3
603 2
602 5
938 2
934 0
934 3
811 4
573 3
562 2
560 4
554 3
556 2
554 3
550 5
661 3
606 2
604 3
596 2
594 2
593 0
593 0
593 0
593 3
593 1
593 0
593 2
592 3
592 3
592 0
592 3
592 0
592 2
590 4
546 2
545 2
544 0
544 2
543 4
534 2
533 2
532 4
528 2
528 2
528 4
528 5
677 2
675 1
675 3
619 1
619 0
617 1
617 3
611 2
610 0
610 1
610 0
610 0
610 5
984 4
564 2
563 4
552 1
552 2
551 2
549 0
543 3
545 4
535 4
535 2
534 0
533 3
536 4
535 4
535 1
535 5
652 5
941 5
1310 4
568 3
568 0
555 4
537 3
542 4
540 4
540 2
539 0
537 4
535 0
535 5
732 5
1031 4
566 3
564 3
555 0
544 5
745 3
654 4
567 4
565 2
563 0
557 2
556 4
540 3
542 1
542 0
540 2
539 0
539 0
539 2
538 4
537 5
641 0
641 2
639 1
639 0
639 5
907 1
906 3
733 0
728 2
726 4
573 5
671 4
547 4
547 3
552 2
549 0
545 2
544 3
548 3
544 2
543 0
543 3
545 4
539 2
537 2
536 0
536 4
535 0
535 0
535 1
535 3
539 1
539 2
538 3
539 2
538 5
756 5
1090 2
1085 0
1085 1
1083 4
562 4
560 0
546 0
545 1
545 5
754 3
659 3
628 3
616 2
615 0
610 4
550 5
688 2
686 3
636 2
633 0
631 1
631 2
629 1
629 1
629 3
623 5
994 0
994 0
994 0
994 0
994 3
864 4
566 3
557 3
553 4
545 4
544 4
544 0
538 3
537 2
536 3
537 1
537 1
537 2
536 3
537 2
536 2
535 4
531 3
538 0
538 2
537 4
531 2
531 0
531 0
531 2
531 2
531 4
530 5
654 5
956 1
956 5
1318 2
1312 4
586 1
586 2
584 0
562 3
565 4
547 2
546 1
546 3
542 1
542 5
644 1
643 2
641 3
602 2
600 4
548 5
643 2
641 0
641 4
542 4
541 4
541 2
540 1
540 1
540 0
537 4
537 1
537 4
537 0
537 2
537 4
537 3
546 5
642 3
602 2
601 2
599 1
599 4
551 5
641 2
639 0
638 3
602 1
602 4
546 1
546 5
649 3
604 0
600 2
598 4
554 5
664 1
664 3
623 1
623 5
855 4
568 5
660 1
660 4
549 4
546 4
546 3
563 2
560 5
641 2
639 3
601 0
594 4
542 3
545 0
544 0
544 0
544 0
544 4
531 0
531 0
531 3
532 4
530 0
530 2
529 3
532 3
532 1
532 3
532 4
532 3
533 4
532 4
532 2
531 0
531 3
533 5
753 1
752 3
667 2
665 3
636 0
633 4
553 3
547 4
537 1
537 0
535 4
528 1
528 3
533 4
532 3
529 3
533 0
532 4
528 5
683 4
541 0
532 4
527 0
527 5
742 3
656 0
653 0
653 1
653 2
651 5
1029 3
891 3
845 3
838 3
832 2
830 1
830 5
1390 2
1386 0
1386 3
1249 0
1248 2
1244 4
593 2
591 0
578 3
577 3
578 4
545 3
547 2
546 2
545 4
539 4
539 4
539 2
536 0
536 3
540 0
538 0
538 3
539 0
539 4
532 2
531 0
530 1
530 0
530 2
530 2
530 5
773 4
538 3
541 0
535 0
535 2
534 5
753 3
671 5
976 3
857 0
856 2
854 3
836 1
836 0
836 0
836 2
834 3
822 0
822 5
1453 4
590 2
587 3
568 2
567 0
555 3
557 4
538 0
537 1
537 0
537 2
537 3
539 3
540 3
539 2
538 2
537 3
537 0
537 3
538 3
538 5
767 2
764 2
760 0
760 4
550 0
543 2
542 4
535 3
541 4
540 2
538 2
537 4
537 5
650 4
546 0
537 3
538 3
541 3
539 2
538 3
539 1
539 4
535 3
538 2
537 5
658 0
658 2
656 2
654 3
600 3
588 2
587 0
584 5
898 0
898 2
894 5
1302 4
584 0
561 3
562 4
545 2
544 2
543 0
542 2
541 0
541 4
537 0
537 3
543 5
744 3
653 5
941 0
941 0
941 3
828 5
1295 0
1295 0
1295 3
1156 1
1156 2
1153 2
1150 1
1150 2
1147 5
1854 5
2631 2
2625 2
2618 2
2612 3
2426 2
2420 3
2299 1
2299 4
600 4
590 3
562 3
566 0
559 2
558 3
555 4
538 4
537 0
537 5
754 4
552 0
541 3
545 2
544 3
544 0
544 4
535 2
534 3
538 0
537 3
539 5
765 2
761 3
662 3
633 3
628 4
550 0
548 2
547 5
801 3
696 4
571 3
549 3
548 2
545 3
546 2
545 3
543 3
544 4
541 2
540 5
654 2
652 5
941 1
941 2
936 2
931 4
566 2
565 3
559 2
558 2
556 2
555 2
554 1
554 0
546 3
551 3
548 3
545 3
544 2
543 3
543 0
542 3
543 5
758 4
548 1
548 3
547 0
542 3
543 5
744 3
653 0
651 0
650 1
650 3
635 0
635 3
633 0
633 2
632 2
630 3
630 5
1028 4
577 5
664 2
662 4
548 5
638 5
899 0
899 2
896 3
711 5
1039 0
1039 2
1035 2
1031 0
1031 3
881 4
574 3
552 3
548 0
541 0
541 3
541 0
541 3
542 3
541 3
543 0
543 5
795 0
795 2
791 4
550 4
544 4
544 4
544 4
544 5
638 1
636 3
589 4
549 4
546 5
639 2
637 4
545 1
545 0
538 2
538 0
538 2
538 2
537 2
537 2
537 4
533 3
539 1
539 1
539 4
539 2
537 2
536 5
642 3
595 2
594 3
583 3
581 4
543 5
662 0
661 3
606 2
604 1
604 0
601 1
601 0
601 3
601 4
553 3
549 2
547 4
542 1
542 3
539 1
539 4
537 2
536 0
536 5
761 1
761 2
758 2
756 3
664 0
662 5
1075 0
1075 2
1070 2
1066 4
575 3
561 2
560 4
550 2
549 5
636 0
635 0
635 1
635 3
599 3
591 4
545 5
643 5
921 3
747 5
1082 3
926 0
922 4
578 3
559 5
687 5
990 0
990 0
990 0
990 2
985 0
985 3
792 0
789 4
572 2
571 0
565 2
564 3
566 2
565 0
565 3
566 0
566 1
566 2
565 5
853 2
849 2
845 3
732 0
731 4
572 4
560 2
559 5
678 0
677 0
677 2
675 4
547 4
546 3
547 2
546 1
546 2
545 0
540 2
540 3
543 5
771 4
549 0
543 1
543 1
543 2
542 1
542 0
542 3
545 0
545 4
537 1
537 2
537 2
537 4
537 2
537 4
537 1
537 2
537 3
540 4
540 3
543 4
543 2
541 3
539 3
539 2
538 3
543 5
655 4
545 1
545 5
646 5
894 2
891 2
888 3
722 2
719 1
719 5
1045 4
588 2
586 3
570 1
570 5
655 3
603 3
588 3
587 0
584 0
584 2
583 0
583 3
582 1
582 4
544 4
538 2
537 4
537 5
657 3
609 4
545 0
545 2
544 2
543 0
543 3
546 0
546 3
546 0
546 1
546 3
546 4
536 4
535 2
534 3
538 4
538 0
537 2
536 2
535 5
751 2
747 2
745 3
652 5
961 0
961 2
957 2
953 3
829 1
829 1
829 3
796 1
796 2
794 1
794 0
793 1
793 0
793 5
1341 0
1341 0
1341 0
1341 2
1336 2
1332 3
1204 1
1204 4
607 2
605 5
692 0
691 4
562 3
556 3
554 0
550 1
550 3
552 4
542 3
543 5
682 4
546 1
546 3
551 2
550 4
547 4
547 2
546 5
644 3
603 3
593 1
593 3
589 2
588 5
821 1
820 4
551 0
546 4
536 4
535 5
644 4
540 3
546 5
645 3
597 3
587 0
583 3
581 2
580 0
580 1
580 4
541 2
540 0
540 3
543 0
543 0
543 0
543 4
533 1
533 5
671 0
671 1
671 2
669 5
967 4
567 2
564 2
563 1
563 3
565 3
555 1
555 4
555 0
542 1
542 5
754 2
750 4
551 2
550 0
545 2
544 5
744 2
742 5
1045 2
1039 2
1035 2
1030 4
570 2
568 5
637 0
635 2
633 3
594 2
593 3
581 2
580 5
769 4
548 0
545 0
545 2
544 0
544 5
743 1
743 2
740 2
737 5
1060 0
1060 2
1054 4
578 5
640 0
636 3
597 2
596 2
595 5
800 1
800 4
557 3
551 5
640 0
638 5
900 0
900 5
1247 2
1241 0
1241 0
1241 5
1608 0
1608 4
589 2
587 2
584 3
582 3
574 2
573 2
572 1
572 3
573 1
573 3
570 4
567 0
555 4
546 3
550 3
550 0
550 2
550 3
551 5
728 3
645 2
644 4
563 2
562 4
558 4
558 5
647 0
647 0
647 2
645 3
604 0
603 2
602 5
886 5
1289 3
1057 5
1563 2
1558 1
1558 2
1551 1
1551 4
598 1
598 5
666 3
625 4
558 4
558 2
557 0
551 3
554 3
552 4
537 4
537 5
655 2
653 3
605 3
591 0
591 0
591 2
590 4
553 0
551 4
541 2
540 2
539 5
670 0
670 0
670 3
610 3
597 2
596 3
594 3
589 1
589 2
588 1
588 4
544 2
543 2
542 1
542 2
541 0
540 0
540 5
796 4
557 1
557 0
547 5
784 2
781 5
1126 3
895 2
892 2
889 4
579 2
578 2
577 1
577 1
577 0
561 5
790 0
790 4
557 0
548 2
547 4
536 1
536 3
538 4
537 2
536 1
536 3
535 4
535 4
535 1
535 5
642 2
640 4
542 2
541 1
541 5
636 3
594 1
594 2
592 4
550 3
552 0
546 4
536 3
541 0
539 5
754 2
750 3
656 5
932 1
932 4
567 4
558 4
558 0
549 0
549 3
549 4
537 4
536 1
536 3
543 4
543 4
543 4
543 2
542 4
542 4
542 4
542 5
644 2
642 2
640 2
638 2
636 3
593 5
805 4
560 4
555 3
546 5
647 2
645 0
644 0
644 0
644 2
642 2
640 2
638 0
638 1
637 2
635 1
635 1
635 -1
