5 1000
244 5
244 5
235 4
218 0
162 5
184 5
211 3
190 1
191 0
191 1
194 0
193 2
185 0
185 3
182 1
183 2
176 2
169 5
230 4
93 4
92 5
89 5
97 3
91 3
87 5
109 3
105 4
78 4
77 2
78 5
85 2
84 4
71 2
72 0
72 5
80 1
80 1
80 3
76 5
83 5
99 0
99 5
120 1
121 1
122 2
118 4
72 0
71 4
71 1
73 5
74 0
74 1
76 1
76 2
75 0
75 0
75 5
92 2
89 1
89 5
106 0
106 3
89 3
86 0
86 2
84 3
83 5
111 4
70 2
69 1
69 2
69 3
69 5
73 2
73 3
73 5
82 1
82 5
103 2
100 0
100 1
99 4
69 5
71 0
71 2
72 2
72 2
75 2
81 1
83 3
75 3
75 3
75 1
75 0
71 4
68 5
74 1
75 1
75 5
89 5
110 2
109 0
109 4
72 2
72 1
72 4
72 4
72 5
73 1
74 4
73 3
77 1
83 5
75 3
75 3
74 5
82 5
96 3
89 2
86 3
84 4
74 3
74 5
89 0
88 3
77 4
72 4
72 4
72 0
72 5
91 5
114 3
90 2
88 3
83 0
83 3
83 2
81 3
81 5
110 2
106 3
94 4
75 5
88 0
87 2
89 2
86 3
74 0
74 4
72 4
71 2
73 0
72 2
76 2
76 2
91 2
91 4
88 5
104 3
90 3
80 1
80 3
90 4
89 3
79 5
83 1
84 2
83 2
85 5
95 5
116 3
87 3
80 0
80 5
107 0
107 0
107 2
99 1
99 0
99 5
127 0
127 3
102 1
102 3
98 2
96 2
94 3
93 5
133 0
133 4
75 3
78 5
85 5
103 2
94 3
85 5
95 3
85 1
85 1
85 5
107 0
107 3
95 2
93 5
127 3
115 3
112 4
74 2
72 4
71 3
71 2
73 5
85 5
105 2
105 3
89 3
77 1
78 5
99 5
122 3
96 0
96 3
94 5
133 0
133 3
120 1
120 2
117 3
115 3
115 2
113 2
111 1
111 3
111 0
111 3
111 3
111 3
111 4
77 1
79 0
77 3
77 1
78 4
75 0
75 4
75 0
75 2
73 0
73 5
98 3
83 4
75 5
75 4
73 5
72 2
75 3
72 5
84 1
85 3
72 2
73 2
73 3
73 1
75 5
94 4
73 2
71 3
73 2
74 3
71 2
72 2
72 3
73 0
72 4
71 0
70 5
89 5
110 3
84 3
81 5
107 4
74 2
75 4
75 3
75 1
75 2
73 3
75 5
84 5
102 2
99 1
99 0
99 0
99 3
83 2
81 3
74 5
93 5
119 5
150 3
117 2
114 4
76 3
78 3
78 5
85 1
86 4
76 3
80 4
78 3
80 1
82 1
82 1
82 2
80 2
79 3
79 3
79 3
79 5
82 4
77 0
70 4
70 3
70 4
70 2
70 0
70 3
70 3
70 4
70 2
71 3
70 3
70 2
71 2
71 0
71 4
71 3
70 0
70 4
70 5
85 5
104 0
104 0
104 4
71 2
72 4
72 3
73 2
71 1
71 3
73 0
72 4
71 0
70 5
89 3
77 3
75 3
75 2
73 3
73 0
73 3
73 3
73 2
72 3
72 5
83 3
80 5
98 4
73 5
74 0
73 4
73 0
71 3
71 4
71 3
71 3
71 0
71 3
71 2
71 3
71 1
72 0
72 5
92 4
72 2
71 4
71 2
72 5
87 0
87 1
88 5
107 3
84 3
77 3
77 2
76 1
76 3
76 0
76 5
100 2
96 0
96 0
96 5
123 0
123 5
155 1
155 2
147 4
71 2
72 5
85 3
73 0
73 2
73 0
73 3
73 4
72 5
74 2
75 2
75 3
74 1
74 1
75 3
74 5
81 1
82 3
78 3
78 2
77 2
76 4
71 1
71 4
71 3
71 3
71 3
71 5
73 4
72 5
73 5
79 0
79 4
71 3
71 4
71 1
71 5
73 4
72 4
72 3
72 1
72 1
72 3
72 3
72 2
73 3
74 4
74 4
74 5
74 3
74 4
73 3
74 0
72 5
86 3
77 2
76 4
71 3
71 5
77 5
82 3
78 5
95 4
71 3
70 1
70 4
70 5
71 4
68 0
68 5
83 1
81 2
80 4
72 4
72 0
68 3
68 3
68 3
68 3
68 2
68 2
68 0
68 2
68 3
68 3
68 5
83 3
77 3
76 0
76 2
74 3
74 3
74 0
74 3
74 3
74 2
73 1
74 3
73 4
71 0
71 3
71 3
71 3
71 2
70 4
70 0
70 5
88 4
72 0
69 3
69 2
69 2
70 5
83 3
77 4
68 0
68 5
81 2
80 4
72 2
72 4
72 2
72 1
72 5
73 3
73 5
80 5
94 3
85 4
72 3
72 0
72 3
72 2
72 3
72 2
72 1
72 3
72 2
72 1
73 2
72 2
72 5
79 3
76 5
86 1
86 3
83 2
81 5
92 1
92 3
86 2
83 3
82 4
70 4
68 3
68 3
68 4
68 2
68 2
68 2
68 5
74 1
74 4
68 0
68 3
68 0
68 2
68 3
68 5
81 4
73 3
72 1
72 3
72 3
72 2
72 4
72 5
73 1
73 3
73 0
71 5
82 2
82 1
82 3
75 2
74 1
74 0
74 3
73 4
70 4
70 3
69 2
69 2
69 4
69 2
69 4
69 3
69 3
69 3
69 0
69 3
69 3
69 0
69 4
69 3
69 4
69 2
69 3
69 4
69 2
69 0
69 0
69 2
69 4
69 2
69 0
69 4
69 5
75 5
87 5
100 2
91 3
83 0
83 5
108 0
108 2
106 3
101 3
100 4
77 1
77 2
76 0
73 1
73 1
73 3
73 0
73 3
73 0
73 3
73 1
73 1
73 1
73 2
72 0
72 0
72 1
72 0
72 2
72 0
72 3
72 0
72 0
72 3
72 0
72 4
72 0
71 4
71 2
70 0
70 4
70 3
70 4
70 0
70 5
77 2
77 4
72 3
75 1
75 3
72 2
72 2
72 1
72 4
72 3
75 4
74 1
74 3
74 3
74 2
74 4
74 5
74 2
74 1
74 0
73 5
79 2
79 3
75 1
75 2
74 2
72 2
71 3
71 2
70 4
70 3
70 3
70 2
70 4
70 5
85 0
85 3
73 3
73 3
73 0
73 3
73 0
73 4
72 4
71 0
71 5
79 4
72 4
71 4
71 3
73 0
72 2
72 3
72 1
72 0
72 5
93 2
91 5
113 3
95 0
94 3
92 3
92 3
92 3
92 2
90 1
90 5
126 4
75 0
70 0
70 2
70 1
70 3
70 5
89 3
76 2
75 0
75 3
75 4
71 4
71 0
71 5
79 5
101 3
88 3
83 3
83 2
82 4
75 2
72 2
72 2
72 0
71 5
81 2
81 4
72 1
72 1
72 5
73 3
73 3
73 2
72 2
71 5
76 1
76 1
76 4
72 1
72 1
72 4
72 5
73 5
79 4
71 1
71 3
71 2
71 2
72 1
72 4
72 2
72 0
72 3
70 5
75 4
72 1
72 3
74 0
72 5
80 0
80 0
80 5
92 2
92 3
85 3
81 3
80 0
77 3
77 3
77 2
76 2
75 3
74 1
74 2
73 1
73 3
73 1
73 5
93 3
87 2
84 5
110 3
101 4
72 3
72 1
72 4
70 2
70 2
70 3
70 4
70 0
68 3
68 2
68 2
68 4
68 3
68 3
68 3
68 0
68 4
68 0
68 2
68 4
68 0
68 0
68 3
68 0
68 2
68 1
68 5
81 0
81 5
100 4
73 0
73 2
73 4
72 0
71 3
71 1
71 1
71 0
71 5
81 5
101 3
83 5
97 3
94 5
130 3
116 2
114 0
114 2
112 3
111 0
111 5
169 0
169 4
73 3
75 3
74 3
75 1
75 3
73 2
72 4
72 4
72 4
72 1
72 0
70 1
70 0
70 0
70 4
70 3
70 4
70 4
70 0
70 4
70 4
70 4
70 4
70 3
70 1
70 5
85 4
71 3
73 0
72 0
72 1
72 4
71 1
71 5
83 0
83 2
83 0
83 3
72 0
72 0
72 4
72 3
72 4
70 1
70 2
70 0
70 3
70 0
70 3
70 2
70 0
70 4
70 5
85 2
85 4
71 2
71 5
85 4
71 2
71 5
85 3
73 0
72 2
72 5
95 3
84 3
80 4
73 3
73 3
73 2
72 0
72 4
72 1
72 2
72 1
72 5
87 2
87 5
108 3
86 3
82 0
82 3
82 0
82 5
110 4
76 4
76 0
73 5
93 3
83 1
83 5
109 2
105 5
134 3
106 1
106 0
105 5
143 3
130 2
126 1
126 2
122 2
119 5
165 4
76 5
86 2
84 4
71 3
73 4
72 3
76 4
74 3
76 2
75 4
75 5
72 2
72 1
72 2
72 0
70 1
70 4
70 2
70 5
85 3
73 -1
244 0
160 3
151 5
209 3
198 5
281 2
275 1
275 4
88 2
83 3
73 3
73 1
74 5
73 0
72 5
88 2
85 3
80 0
80 2
79 3
77 2
76 3
76 4
73 4
70 3
68 4
67 4
67 5
70 0
70 3
70 2
69 3
69 5
83 0
83 0
83 5
100 0
100 4
68 2
69 0
68 0
68 3
66 1
66 0
66 0
66 5
80 1
80 4
68 0
67 1
69 3
68 5
80 1
80 0
80 3
78 3
76 4
68 1
68 3
68 5
72 2
74 1
74 1
76 1
77 1
77 3
72 3
70 2
69 1
71 0
70 5
87 0
87 3
82 0
82 3
79 1
80 0
80 3
80 4
72 0
72 2
71 1
72 0
72 5
93 4
71 0
70 3
69 2
68 1
69 5
84 3
80 5
100 0
100 1
102 2
98 0
98 1
99 5
127 2
124 1
124 0
124 0
124 2
121 3
111 1
111 2
108 3
107 3
106 5
154 2
152 2
149 5
201 0
201 3
184 0
184 3
176 3
174 0
174 4
76 3
71 0
71 0
71 5
91 4
70 3
69 1
70 3
68 3
68 1
70 1
73 5
77 4
67 0
67 0
67 2
69 3
67 4
67 5
75 1
76 0
75 5
91 3
81 1
85 5
101 0
101 3
91 5
125 0
125 5
164 5
205 4
77 5
76 4
71 2
71 3
69 4
69 5
73 5
84 1
85 3
78 5
97 5
122 0
122 2
113 3
100 0
100 3
97 3
95 3
95 0
95 2
93 5
137 2
133 4
71 4
71 0
70 2
72 5
91 4
72 3
75 2
74 0
72 4
70 3
70 3
70 3
70 5
74 4
71 5
74 2
77 3
73 3
72 3
72 5
77 3
74 4
70 0
70 2
70 1
71 1
72 2
71 5
86 5
108 0
108 3
96 3
89 3
86 1
87 5
116 3
108 1
113 3
104 2
102 1
102 3
102 3
101 4
71 4
70 0
68 5
80 1
80 4
69 1
69 4
68 3
68 1
68 1
68 1
68 5
73 1
73 2
72 2
74 3
70 5
78 1
78 2
77 1
79 1
79 3
77 5
94 3
90 0
90 5
125 1
125 3
116 5
160 1
160 2
156 5
206 0
206 3
194 1
194 0
194 2
189 1
189 3
182 5
258 5
341 1
341 2
330 5
416 2
408 1
408 3
396 2
389 2
382 3
379 1
379 2
372 5
494 3
485 1
485 0
485 2
478 4
76 5
87 5
105 3
80 2
78 3
78 3
78 0
77 0
77 2
76 2
75 4
73 2
72 5
88 1
87 5
109 3
83 3
81 3
81 0
81 1
81 3
81 2
80 3
80 0
80 0
80 3
79 3
79 1
79 2
78 3
78 3
77 1
77 0
77 3
77 5
104 2
100 5
129 3
117 3
106 2
104 5
144 2
139 1
138 1
138 0
138 0
138 2
135 0
135 3
130 2
127 2
125 5
177 4
74 2
73 2
72 4
72 5
75 5
87 3
81 0
79 1
81 4
71 2
71 3
71 1
72 3
70 5
73 0
73 4
68 3
68 5
74 0
74 2
74 2
74 5
90 3
83 3
81 1
81 5
92 5
108 5
133 5
159 0
159 3
141 2
134 0
134 0
134 0
134 5
172 3
165 4
75 1
75 0
72 3
71 3
71 2
71 3
71 2
70 4
68 5
75 5
91 3
79 2
78 5
91 3
85 0
85 0
85 4
72 3
72 5
75 3
74 1
75 3
74 3
74 5
85 3
83 2
82 5
103 4
72 3
72 1
72 0
71 3
71 2
70 3
70 4
69 5
76 2
76 5
84 2
83 0
83 3
78 0
77 2
76 0
76 1
76 4
72 4
68 4
68 5
72 4
68 0
68 2
68 1
69 3
68 4
68 4
68 5
72 3
70 5
76 3
74 2
73 0
73 5
89 2
88 5
107 4
73 4
72 3
72 2
72 2
72 3
72 2
72 2
73 2
73 2
72 5
72 0
71 1
72 3
71 5
91 3
78 2
77 2
76 3
75 1
75 2
74 1
74 2
73 3
73 4
70 1
70 3
70 2
71 4
71 3
70 3
70 4
70 5
85 4
71 2
71 0
70 2
70 3
70 4
70 0
70 2
70 5
89 2
89 3
77 2
76 2
75 3
74 3
74 5
94 3
81 5
108 4
73 4
73 2
73 1
73 3
75 1
75 4
73 1
73 0
71 1
71 1
71 2
71 3
71 5
78 5
99 3
87 4
73 1
73 2
72 3
74 4
73 5
72 2
72 4
72 3
72 2
72 2
72 4
72 2
73 4
73 4
73 0
73 3
72 1
72 4
72 5
72 3
72 3
72 2
72 4
71 1
71 5
85 5
102 1
90 4
70 5
85 5
104 3
80 2
78 5
96 4
74 3
77 5
76 1
76 2
75 3
74 0
73 5
95 5
119 0
119 4
72 5
73 0
72 4
72 0
70 4
70 3
70 2
70 3
70 3
70 4
70 5
85 2
85 3
73 5
93 3
79 1
79 2
78 0
77 0
77 3
77 5
104 2
100 4
75 4
75 5
89 0
87 0
87 0
87 2
87 5
109 1
109 5
135 0
135 3
97 2
94 2
91 3
85 4
74 3
74 1
74 4
74 4
74 4
74 1
74 2
72 5
83 0
82 0
82 5
104 3
80 1
80 2
78 3
77 3
76 2
75 3
75 2
74 4
71 3
73 4
72 3
74 1
74 3
76 3
74 0
72 4
70 4
70 3
70 1
70 5
85 3
73 3
73 1
73 4
70 0
70 2
70 3
70 1
70 0
70 5
89 3
76 4
73 1
73 1
73 4
72 5
83 5
101 2
101 5
125 1
124 2
121 3
80 3
77 2
76 5
96 3
86 0
85 5
118 0
118 2
114 3
101 5
144 3
131 0
131 5
190 3
179 1
179 5
253 2
248 4
75 5
85 3
74 4
73 3
73 3
73 2
73 2
71 4
71 5
85 2
85 2
85 3
73 2
73 2
72 4
72 4
72 1
72 2
73 3
74 5
84 1
84 3
75 0
73 2
72 5
95 3
85 0
85 1
85 3
82 3
82 1
82 5
112 3
100 5
137 4
75 0
74 3
74 1
74 4
73 2
72 1
72 1
72 4
72 4
72 5
87 4
73 4
73 4
73 5
87 0
86 3
76 3
76 1
76 2
74 5
97 2
95 5
118 0
118 3
90 0
90 5
122 0
122 2
119 2
115 4
74 3
76 3
74 1
74 0
71 4
71 3
71 0
71 2
71 1
71 4
71 5
86 2
86 2
86 2
86 1
85 1
85 3
75 5
91 3
79 5
107 4
74 5
88 3
77 3
77 3
77 1
77 4
73 3
75 0
72 2
70 4
70 4
70 2
70 2
70 5
85 3
73 3
73 0
73 0
73 5
97 3
86 4
74 1
74 2
72 4
71 3
73 5
86 4
71 4
71 5
85 1
76 2
75 4
71 0
70 5
89 2
89 2
89 5
110 3
91 4
75 2
75 2
75 3
77 3
75 0
70 5
89 3
78 2
77 2
76 5
98 3
83 2
81 4
73 5
87 0
86 3
75 2
73 4
70 3
70 0
70 1
70 1
70 4
70 4
70 2
70 4
70 5
85 3
74 5
83 4
72 1
72 4
72 1
72 1
72 2
72 3
74 2
73 3
79 4
77 3
80 3
77 4
77 1
77 0
70 3
70 2
70 3
70 0
70 2
70 4
70 1
70 5
85 2
85 4
72 5
73 2
73 1
73 5
90 0
90 2
90 4
82 4
82 3
89 3
79 4
79 4
79 2
79 0
70 0
70 0
70 5
89 0
89 3
77 0
77 1
77 4
75 1
75 2
73 3
73 2
72 3
72 3
72 0
71 1
71 1
71 3
71 0
71 3
71 4
71 3
71 5
86 4
71 0
70 5
89 2
89 3
75 0
75 4
74 0
73 3
73 5
95 0
95 5
119 0
119 0
119 5
147 3
106 0
106 2
102 3
95 3
92 3
90 3
90 0
90 2
88 0
88 4
73 4
70 5
85 5
104 3
76 4
73 1
73 5
75 4
71 0
68 2
68 3
68 2
68 2
68 2
68 3
68 2
68 2
68 3
68 1
68 4
68 1
68 0
68 3
68 0
68 2
68 3
68 3
68 3
68 2
68 1
68 1
68 3
68 4
68 5
74 5
86 5
108 5
130 4
71 0
68 3
68 4
68 0
68 3
68 2
68 0
68 3
68 0
68 5
81 3
75 5
94 3
86 2
84 0
84 5
113 3
101 2
99 2
97 5
136 2
133 5
175 0
175 3
162 0
162 5
215 1
215 2
209 3
206 2
201 0
201 5
281 2
276 3
262 4
80 5
80 2
77 0
76 0
76 4
69 0
69 3
69 0
69 2
69 5
84 0
84 2
81 1
81 0
81 3
76 3
76 3
76 3
76 3
76 3
76 5
96 4
72 4
72 3
72 1
72 4
72 0
68 4
68 0
68 4
68 1
68 1
68 -1
244 0
160 3
149 2
145 5
200 4
94 5
87 1
88 3
87 0
86 2
85 5
106 5
132 5
158 0
158 2
149 0
149 0
149 2
141 5
171 2
157 1
157 3
140 2
134 4
74 3
74 1
74 4
74 5
86 5
106 3
79 0
79 4
74 2
72 1
74 2
72 3
72 0
72 5
95 2
91 3
79 2
78 4
74 3
73 5
86 1
75 3
74 4
71 4
71 3
73 0
72 4
71 5
83 0
83 5
105 1
105 3
91 4
79 0
72 3
72 0
72 4
71 5
86 3
75 0
74 2
73 4
72 3
72 4
70 5
85 1
84 2
83 2
86 1
87 2
86 1
86 2
85 1
75 4
72 3
73 0
72 5
92 3
80 2
79 4
71 3
73 4
72 2
73 4
73 2
74 0
73 3
71 2
72 0
71 2
73 2
73 2
73 5
89 4
74 1
78 0
76 0
76 4
73 2
79 2
94 4
94 0
94 1
94 1
90 5
98 3
93 3
84 3
92 5
84 0
76 4
73 4
72 1
72 3
74 5
74 4
72 4
72 0
70 5
89 1
89 3
77 2
75 2
73 2
72 0
72 0
72 2
71 0
71 1
73 0
73 0
73 0
73 3
73 0
73 3
73 5
93 1
84 3
80 2
79 0
79 5
107 1
107 1
106 5
138 0
138 2
128 2
122 3
106 2
103 1
104 4
77 1
77 3
77 2
75 0
70 4
70 0
70 2
72 5
91 4
72 3
75 2
74 5
73 0
72 2
74 3
73 3
72 4
70 2
73 2
76 3
70 5
85 5
104 4
71 0
70 5
89 3
78 2
77 4
72 2
73 4
73 0
72 4
72 3
71 2
74 3
71 0
70 5
77 2
81 3
75 0
75 0
75 3
73 2
72 2
71 0
71 2
74 0
74 1
74 5
89 5
108 1
108 1
108 4
74 3
73 2
74 3
74 2
73 2
74 4
74 4
74 4
74 3
79 3
75 3
76 2
75 0
71 2
76 3
73 3
71 2
75 4
72 3
73 4
72 0
70 4
70 1
72 2
70 5
85 2
88 2
90 2
90 1
89 1
90 5
110 5
137 0
137 1
119 0
119 2
118 2
117 2
118 5
143 1
142 1
143 1
141 3
94 2
92 4
80 2
79 0
70 3
70 4
70 0
70 3
70 5
89 1
90 0
90 5
111 5
137 2
137 3
102 3
93 3
89 3
88 3
88 2
86 0
86 2
85 1
86 0
86 4
74 2
73 3
72 3
72 2
71 4
71 5
85 2
87 3
74 0
73 0
73 0
73 3
73 2
72 5
83 2
80 0
80 4
73 5
74 5
80 1
81 4
72 4
71 3
71 3
71 1
71 3
71 0
71 3
71 3
71 0
71 1
71 3
71 0
71 4
71 2
74 0
73 2
73 3
70 0
70 1
70 1
70 5
77 4
72 0
70 0
70 3
70 2
70 2
72 5
79 4
73 2
73 1
73 5
72 4
72 3
74 3
74 5
74 5
80 2
79 4
71 2
72 2
72 2
72 4
72 0
72 1
74 2
72 4
72 4
72 1
74 4
73 3
74 5
74 3
74 3
74 4
71 5
75 1
75 4
72 2
73 0
72 0
72 1
74 3
71 3
71 2
71 4
71 3
75 0
74 3
73 0
71 2
70 3
70 5
81 5
102 3
90 3
89 2
87 5
116 0
116 1
112 4
73 3
72 0
68 2
68 5
83 2
80 2
80 5
100 2
100 4
72 2
72 4
72 5
73 1
74 4
71 1
71 3
71 5
73 3
72 2
75 2
75 0
72 4
69 4
69 5
76 3
70 4
68 3
68 0
68 1
68 2
68 5
83 5
102 0
102 4
73 4
72 5
73 5
82 3
77 3
76 5
87 3
85 0
85 3
82 4
74 0
73 5
92 4
74 1
74 4
72 3
72 5
72 2
72 5
78 5
92 1
90 2
91 1
92 1
92 0
92 1
91 5
106 0
106 1
106 4
72 3
71 2
71 3
71 4
71 4
71 2
71 4
71 2
72 2
72 4
72 4
72 3
71 3
71 2
71 0
71 2
71 5
81 2
81 4
71 0
71 3
71 4
71 1
71 0
70 0
70 1
70 2
70 3
70 4
67 3
67 3
67 4
67 3
67 5
73 4
71 2
71 5
72 1
72 4
71 2
71 0
71 1
71 4
71 2
71 0
71 1
71 2
71 4
71 0
71 4
71 3
71 5
73 1
73 1
73 1
73 2
73 5
79 0
78 3
76 0
76 0
76 0
76 4
70 0
70 4
69 5
76 2
73 5
89 2
89 1
89 1
80 2
79 1
78 3
76 4
71 4
70 3
70 2
72 0
72 1
72 3
71 3
71 5
88 4
72 2
72 2
72 0
70 3
70 3
70 5
89 2
89 5
110 0
110 3
84 3
83 1
83 2
81 4
72 1
72 5
83 4
72 4
72 5
84 4
72 5
73 5
89 1
88 1
88 0
88 3
77 4
73 5
75 3
72 4
71 2
71 4
71 4
71 4
71 0
69 1
69 3
69 3
69 1
69 0
69 2
69 4
68 2
68 0
68 3
68 0
68 5
81 3
75 0
75 3
75 4
70 4
68 2
68 3
68 0
68 5
81 1
77 5
93 5
114 1
114 3
91 3
87 1
87 0
87 5
122 0
122 5
160 3
139 0
139 5
191 1
191 4
85 5
77 5
87 5
108 2
101 3
93 4
77 3
77 5
80 1
80 2
77 5
86 4
74 4
72 3
72 4
72 1
72 2
72 0
71 3
71 4
71 5
73 2
73 4
72 5
73 3
73 3
73 5
79 1
79 4
72 3
74 3
72 0
70 2
70 4
70 5
75 2
75 4
72 3
73 3
72 3
74 1
74 0
72 5
80 2
80 5
92 4
72 3
74 1
74 4
73 0
71 5
81 5
101 4
72 4
72 2
72 0
71 1
71 4
71 3
71 2
71 0
70 3
70 0
70 0
70 3
70 3
70 5
77 1
77 4
72 3
73 2
73 2
73 2
73 5
73 5
81 3
77 2
76 4
73 5
76 1
76 3
74 4
72 0
71 0
71 0
71 4
71 3
71 2
71 4
71 2
71 3
71 0
70 2
70 1
70 1
70 3
70 1
70 4
70 2
70 0
70 4
70 2
70 5
75 5
84 3
78 3
77 5
91 0
91 2
89 3
83 1
83 4
72 3
72 0
71 3
71 4
71 4
71 3
71 2
71 1
71 1
71 4
71 2
71 4
71 5
73 5
81 3
77 5
101 3
88 4
73 1
73 1
73 1
73 3
75 4
73 5
83 2
83 4
72 2
72 4
72 4
72 4
72 1
72 3
74 0
72 4
71 4
71 4
71 3
71 5
73 2
73 0
73 5
93 0
93 4
72 1
72 3
74 2
72 0
70 4
70 3
70 2
70 2
70 4
70 5
85 0
85 5
106 4
71 2
71 5
85 3
74 4
72 4
72 4
72 2
72 5
83 3
72 0
71 2
71 5
93 2
89 1
89 2
89 0
89 5
110 4
71 5
85 2
85 3
74 0
73 5
96 1
96 4
72 2
72 3
72 3
72 0
71 5
93 4
72 2
72 0
71 0
71 1
71 0
71 1
71 2
71 0
71 0
71 0
71 4
71 3
71 0
71 0
71 3
71 4
71 3
71 3
71 4
71 2
71 4
71 5
74 3
74 1
74 0
74 5
84 5
104 0
104 5
129 3
113 2
111 4
75 2
74 5
86 4
73 3
73 5
87 3
77 0
76 2
74 4
72 3
72 3
72 4
70 3
70 3
70 4
70 0
70 2
70 3
70 0
70 3
70 1
70 3
70 5
89 4
71 4
71 5
85 5
102 2
102 4
70 5
85 4
71 0
70 3
70 4
70 3
70 3
70 2
70 5
85 4
71 0
70 0
70 4
70 2
70 1
70 4
70 3
70 3
70 1
70 3
70 4
70 0
70 2
70 3
70 1
70 2
70 3
70 2
70 0
70 5
89 3
78 5
98 4
71 2
71 2
71 1
71 2
71 4
71 3
73 5
75 5
92 3
78 5
103 5
130 5
163 2
151 4
77 3
87 2
87 2
77 5
83 4
76 3
78 5
85 2
83 3
78 1
78 3
78 5
88 4
75 0
70 5
89 3
78 4
74 4
73 0
70 3
70 4
70 3
70 1
70 3
70 3
70 5
85 5
104 3
87 3
79 5
101 5
130 3
102 3
97 3
97 3
97 3
97 3
97 2
95 5
140 3
126 4
74 4
73 0
72 4
72 3
72 3
72 5
87 4
73 3
73 5
87 5
106 4
72 2
70 3
70 4
70 2
70 2
70 1
70 4
70 0
70 5
89 0
89 3
77 5
99 4
71 2
71 4
71 3
73 5
75 4
72 4
72 2
72 0
70 3
70 5
89 0
89 3
78 3
75 4
72 2
70 4
70 2
70 3
70 3
70 0
70 4
70 2
70 0
70 4
70 2
70 0
70 4
70 3
70 5
85 3
73 -1
244 3
119 2
119 0
87 4
73 1
77 1
77 1
77 2
73 1
75 4
74 0
71 2
73 0
73 0
73 4
73 0
72 5
79 3
75 4
72 2
73 1
76 1
78 2
75 1
78 0
77 4
73 3
72 3
72 1
75 3
72 5
76 2
76 5
83 5
102 0
102 5
119 5
145 1
144 0
144 3
109 2
106 4
76 2
75 5
85 4
73 2
74 4
74 3
73 4
72 2
73 0
71 0
71 4
71 0
71 1
75 1
75 5
77 1
78 1
79 3
75 2
74 4
71 4
71 0
70 2
74 4
71 4
71 1
71 5
87 0
87 3
73 0
73 0
73 0
73 3
73 1
73 2
72 4
71 0
71 5
79 1
79 0
79 0
79 5
101 5
124 5
151 5
179 5
208 3
146 3
126 5
165 1
166 0
166 2
161 5
198 0
198 0
198 1
198 0
198 1
198 0
198 1
198 2
190 0
190 2
182 5
225 2
218 2
210 2
204 4
83 1
83 2
79 0
70 3
70 3
70 4
70 5
85 4
71 0
70 2
72 5
91 5
112 0
112 2
119 2
136 4
98 2
98 4
98 3
77 1
77 4
76 5
72 4
72 0
71 3
71 1
78 5
82 4
73 5
73 3
73 5
77 4
72 3
74 5
74 1
75 2
73 5
80 3
76 4
70 0
70 5
77 0
77 0
77 5
88 3
80 2
79 1
81 1
81 3
78 2
77 2
76 4
73 3
72 3
72 0
70 0
70 0
70 4
70 2
71 3
70 4
70 4
70 5
75 1
74 4
72 5
73 4
72 5
73 0
72 3
72 1
73 2
72 1
73 0
73 0
73 0
73 2
75 4
72 1
74 2
72 5
73 3
73 5
78 1
78 5
88 3
80 4
71 3
71 3
71 5
75 2
75 2
78 0
77 2
78 4
73 2
75 0
74 3
73 3
71 4
71 2
72 0
72 2
72 2
72 5
91 2
98 2
98 0
98 1
97 0
97 2
98 5
119 5
144 5
168 3
103 2
102 4
79 3
89 2
88 2
78 5
83 1
84 2
84 2
83 3
79 2
79 4
78 5
82 1
83 4
76 2
77 4
77 0
72 5
91 2
91 1
92 5
112 2
99 3
84 3
83 1
83 1
84 1
84 2
83 2
82 5
90 1
90 1
95 4
81 0
80 0
80 2
70 1
70 4
70 3
70 4
70 4
70 3
70 0
70 2
75 2
80 4
75 0
75 0
75 2
75 0
75 3
73 4
72 0
70 0
70 3
70 5
89 0
89 0
89 3
78 0
78 1
79 3
76 1
77 3
76 2
75 2
74 3
74 4
72 0
72 1
74 1
74 3
72 1
73 2
71 2
70 2
72 0
72 3
72 1
72 4
71 4
71 1
73 0
72 3
72 0
72 5
93 0
93 4
73 3
75 5
75 0
74 0
74 0
74 4
70 4
70 3
70 0
70 2
70 0
70 4
70 0
70 5
89 4
71 0
70 0
70 0
70 3
70 3
70 0
70 3
70 0
70 3
70 0
70 1
71 4
70 5
85 0
85 3
73 0
73 5
96 3
83 5
99 3
93 2
91 5
124 0
124 0
124 3
111 3
109 4
74 1
74 3
73 3
73 2
72 4
72 4
72 0
70 4
70 2
71 5
87 0
87 4
72 2
72 2
72 1
72 0
71 1
73 4
72 0
72 4
72 1
72 5
75 5
82 1
82 3
77 5
84 2
82 3
80 5
95 5
127 0
127 4
73 5
74 0
73 4
73 3
76 1
81 4
79 0
72 4
72 2
73 0
72 1
74 5
91 2
90 4
75 0
73 0
73 0
73 4
72 5
87 4
73 3
74 4
73 2
74 1
76 1
78 4
76 2
78 2
78 2
78 4
78 1
78 4
78 1
78 2
78 2
78 5
87 4
76 2
76 5
88 4
75 1
75 3
72 3
76 4
74 1
74 5
82 0
81 1
82 0
82 3
72 2
73 5
92 2
92 4
72 4
72 4
72 5
73 2
75 1
75 2
75 5
91 4
73 2
73 4
73 4
73 3
79 3
76 2
75 0
71 1
71 5
81 4
72 0
71 1
73 2
71 1
71 2
71 3
71 3
71 1
72 5
81 1
81 4
72 2
72 2
72 4
72 3
75 4
74 4
74 0
71 5
91 3
79 1
79 1
78 2
76 2
75 0
75 2
74 4
73 2
73 2
73 2
74 5
75 2
77 2
77 4
72 4
72 5
85 3
74 5
88 1
88 5
112 3
87 5
112 3
97 4
77 0
72 4
72 3
72 3
72 4
72 5
87 4
73 4
73 1
73 2
73 4
73 5
87 1
87 2
87 4
72 4
72 2
73 0
72 0
72 4
72 4
72 2
72 0
72 3
71 1
71 5
87 4
72 2
72 4
72 4
72 5
73 4
72 0
70 3
70 0
70 3
70 4
70 3
70 4
70 3
70 2
70 3
70 4
70 3
70 1
70 3
70 1
70 4
70 5
85 5
104 5
129 1
116 2
116 2
115 1
105 2
104 4
73 4
73 3
77 3
75 1
75 3
77 4
75 4
75 3
75 3
77 4
76 4
76 3
78 3
76 5
83 1
77 0
72 4
72 0
71 4
71 0
71 4
71 4
70 5
85 3
73 3
73 5
94 0
94 0
94 5
119 5
150 5
182 4
72 5
73 0
72 3
72 0
72 3
72 3
72 1
72 3
72 5
83 5
105 0
105 3
87 3
86 4
75 4
75 0
73 4
73 0
73 2
73 5
93 2
93 5
118 2
115 0
115 5
143 3
100 2
97 3
89 4
76 2
75 2
73 1
73 5
83 0
83 3
72 2
72 0
72 3
72 3
72 0
72 0
72 4
72 1
72 5
88 1
88 4
72 1
72 0
70 2
70 5
89 2
89 5
110 5
136 0
136 0
136 0
136 4
72 4
72 3
74 4
74 2
73 2
73 1
73 5
82 4
71 0
70 5
89 2
93 1
93 0
93 1
93 3
79 3
76 0
76 3
76 2
75 4
72 5
88 3
76 4
73 0
73 0
73 0
73 5
93 3
83 4
72 3
72 1
72 2
70 0
70 5
89 2
89 4
72 0
70 5
89 0
89 0
89 0
89 4
72 5
73 0
72 5
92 1
81 5
102 0
102 2
100 5
127 2
126 2
126 1
125 4
81 3
90 2
80 5
82 3
88 3
78 1
78 1
78 4
77 0
70 1
70 0
70 3
70 0
70 4
70 0
70 2
70 5
89 4
71 3
73 0
72 3
72 1
72 5
91 5
115 2
102 4
80 1
80 0
79 4
79 1
78 2
78 2
78 2
78 0
70 0
70 2
70 3
70 0
70 4
70 0
70 5
89 4
71 4
71 0
70 5
89 2
89 3
77 0
77 5
100 3
88 0
88 1
88 4
76 2
75 3
75 4
73 3
73 1
73 2
71 4
71 1
71 0
70 0
70 0
70 4
70 1
70 3
70 0
70 4
70 4
70 4
70 0
70 4
70 2
70 4
70 5
85 3
73 5
93 5
115 5
144 3
111 3
98 0
97 0
97 0
97 1
97 4
76 5
90 3
78 0
78 4
74 4
72 4
72 2
70 5
85 2
85 5
104 4
71 3
73 1
73 1
73 4
73 2
73 5
86 1
86 1
86 3
75 5
89 3
77 2
76 5
96 1
96 0
96 2
93 3
81 3
80 2
78 5
104 2
101 3
89 1
89 1
89 4
73 3
73 0
72 5
95 0
95 1
95 4
73 4
71 0
70 5
89 5
110 3
87 1
87 3
80 5
96 0
96 4
74 4
72 4
72 1
72 5
83 4
71 3
72 3
71 4
71 3
73 5
85 5
105 0
105 5
129 5
159 4
73 5
86 1
86 3
75 2
74 4
74 4
73 3
77 4
75 3
77 4
76 1
76 2
76 2
76 0
70 2
70 2
70 1
70 4
70 0
70 4
70 5
85 5
104 3
79 2
78 2
76 1
76 0
75 3
75 1
75 3
75 0
75 0
75 5
99 5
125 2
122 2
109 0
109 3
96 0
96 4
75 4
73 3
75 1
75 3
75 2
75 0
71 4
71 2
71 1
71 0
71 4
71 1
71 5
86 2
86 5
106 3
90 0
89 2
87 5
119 4
79 3
78 2
76 0
72 4
72 3
72 0
72 5
91 4
72 4
72 3
74 5
84 2
84 1
84 4
71 5
85 3
74 4
72 5
73 3
73 4
72 3
74 2
72 0
71 0
71 2
71 3
71 3
71 1
71 2
71 3
71 1
71 3
71 3
71 5
91 0
91 2
90 4
71 0
70 5
89 4
71 3
73 5
86 5
103 0
103 5
128 0
128 2
126 3
90 0
90 3
85 5
115 0
115 4
74 3
74 0
73 4
73 2
72 0
72 4
72 5
87 0
87 2
87 4
73 5
87 3
76 2
75 3
75 2
73 3
73 1
73 4
71 4
71 0
70 2
70 3
70 2
70 3
70 2
70 2
70 0
70 2
70 3
70 -1
244 1
244 3
132 3
99 5
78 0
70 1
72 5
90 3
78 5
98 4
73 4
73 4
73 2
72 4
72 2
73 2
75 1
77 0
77 0
77 1
77 0
77 5
93 0
93 2
97 0
97 1
97 1
96 2
95 0
95 1
95 1
95 4
83 1
83 0
75 5
91 0
91 5
109 2
109 1
98 1
98 0
98 4
75 2
90 2
111 4
111 2
111 4
111 3
96 4
96 1
96 5
79 0
70 2
70 3
70 3
70 3
70 4
70 5
85 3
73 3
73 5
94 0
94 5
119 4
72 4
71 2
72 1
72 0
72 3
71 2
72 5
91 1
91 0
91 1
91 4
72 5
85 1
76 0
76 3
72 3
72 2
75 5
97 4
73 1
73 5
72 5
88 5
108 4
72 3
75 3
72 5
73 1
74 5
77 3
75 1
76 5
87 3
84 1
84 4
74 0
73 1
75 5
94 1
96 5
121 4
73 4
73 1
75 3
73 0
72 4
72 1
74 4
73 0
72 1
74 0
74 4
73 4
73 3
73 3
73 1
75 0
74 0
74 5
94 0
94 3
83 0
83 0
83 1
83 0
83 1
85 4
76 1
78 3
76 5
89 0
88 5
113 5
143 1
144 3
105 5
133 0
133 4
75 5
85 1
75 2
73 5
89 1
90 0
90 4
71 3
71 2
73 4
73 0
72 2
72 5
91 5
112 1
101 0
101 5
121 3
94 5
114 5
140 4
78 3
78 5
86 2
84 2
83 1
76 4
74 0
70 3
70 0
70 2
70 5
89 1
89 4
72 5
73 4
73 0
70 2
72 3
72 2
72 1
73 5
91 1
91 1
92 0
92 4
73 5
73 4
73 3
77 1
79 2
77 0
73 4
71 3
71 3
71 3
71 0
70 4
70 2
72 4
72 4
72 5
85 0
85 2
89 1
78 4
74 1
78 5
77 5
80 5
99 4
74 3
79 1
79 1
79 4
76 1
76 4
76 5
83 0
82 2
88 1
85 1
85 5
104 3
78 2
77 0
77 5
103 2
100 0
100 0
100 5
128 0
128 3
99 2
96 1
96 0
96 0
96 4
78 4
77 3
77 2
75 0
72 3
72 1
73 2
72 3
72 4
71 2
70 5
85 2
89 1
89 2
91 0
91 0
91 4
87 0
87 4
87 1
87 3
99 1
99 4
99 4
99 4
99 0
77 5
97 1
97 1
89 4
71 5
85 4
72 0
70 5
89 5
110 5
136 3
93 5
113 3
97 3
96 4
73 0
73 5
83 2
80 3
80 2
79 3
77 5
93 4
74 4
74 4
74 2
73 0
71 0
71 4
71 5
73 0
73 4
72 3
75 4
74 2
74 3
74 1
76 0
73 4
72 4
72 4
72 3
74 0
72 1
73 4
71 3
71 1
71 2
71 4
71 0
71 1
72 4
71 5
72 3
72 0
72 0
72 3
72 1
74 4
73 3
73 4
71 2
73 4
73 2
74 5
77 0
77 4
74 4
74 4
74 4
74 3
76 0
72 5
79 5
94 1
96 1
95 4
75 1
75 3
74 0
73 0
73 0
73 0
73 3
71 3
71 1
77 1
77 4
72 1
72 2
72 2
72 2
72 4
72 1
72 4
72 3
74 0
73 3
73 1
73 2
72 5
78 3
76 2
75 2
74 2
74 0
74 4
73 4
73 5
86 5
101 4
72 3
72 1
72 4
71 2
72 3
71 0
70 3
70 2
70 5
89 1
89 5
111 0
111 0
111 2
98 3
84 0
77 3
77 0
77 4
74 3
74 5
90 2
88 0
88 0
88 3
76 2
75 3
75 0
75 3
75 5
99 4
73 3
75 3
73 2
74 5
86 3
76 4
74 4
73 1
73 0
70 0
70 2
70 2
70 3
70 4
70 2
72 4
72 2
72 1
72 3
74 4
73 2
74 4
74 5
85 1
85 2
85 4
73 1
73 4
73 3
75 0
73 4
70 0
70 1
70 5
85 5
104 0
104 0
104 3
90 5
115 1
115 3
101 5
140 2
135 0
135 2
132 5
177 5
224 5
270 0
270 0
270 3
252 3
242 1
242 5
331 0
331 2
325 2
319 5
410 2
402 1
402 2
394 5
488 0
488 2
480 0
480 0
480 0
480 2
472 0
472 1
472 0
472 4
90 0
74 2
74 5
97 5
121 4
74 1
74 0
72 3
72 4
72 0
72 0
72 3
72 1
72 5
95 1
95 0
95 0
95 4
73 4
71 2
71 4
71 0
70 0
70 0
70 4
70 2
70 3
70 3
70 3
70 4
70 5
85 0
85 5
106 3
87 4
77 4
76 3
78 2
77 0
70 2
70 2
70 0
70 1
70 1
70 0
70 5
89 4
71 2
71 3
73 3
73 1
73 0
72 5
91 0
91 4
71 2
71 1
71 2
71 5
85 3
73 4
71 0
70 0
70 5
89 2
89 0
89 3
78 3
76 3
75 0
75 4
69 1
69 3
69 1
69 2
69 0
69 1
69 4
68 5
74 3
71 4
68 1
68 3
68 1
68 1
68 4
68 5
74 4
68 1
68 2
68 5
74 2
72 3
72 0
72 2
72 4
72 4
71 4
71 3
71 2
71 5
85 1
85 4
71 4
71 1
71 2
71 1
71 2
71 1
71 3
73 0
72 1
72 5
91 2
91 0
91 3
81 2
80 5
103 2
99 4
71 0
70 0
70 2
70 5
89 1
88 4
71 2
71 4
71 3
71 3
73 3
71 2
71 3
73 3
71 0
70 0
70 1
70 2
70 4
70 2
70 1
70 4
70 0
70 3
70 0
70 2
70 0
70 3
70 1
70 1
70 2
70 4
70 3
70 2
71 5
87 5
105 3
82 3
78 4
71 4
71 4
71 1
71 1
71 3
71 2
71 4
71 4
71 1
71 3
71 4
71 5
73 3
72 5
78 0
78 2
78 4
73 4
72 3
74 5
74 2
72 0
71 2
71 3
71 4
71 4
71 4
71 3
71 2
71 1
71 0
70 4
70 2
70 1
70 2
70 1
70 2
70 5
75 1
75 5
84 2
84 5
103 1
102 2
101 0
101 4
72 2
72 4
72 4
72 3
72 0
71 3
71 5
81 2
81 2
81 0
81 1
79 5
101 0
101 0
101 5
122 1
122 0
122 2
107 3
95 5
105 0
105 0
105 3
89 1
89 5
121 1
121 3
107 2
105 3
103 1
103 2
101 0
101 3
101 1
101 2
99 3
99 3
99 0
99 5
144 4
73 3
73 2
72 3
75 5
75 5
92 3
79 5
105 4
72 0
70 4
70 1
70 3
70 5
85 2
85 2
85 4
71 0
70 4
70 0
70 2
70 5
89 0
89 3
78 0
78 5
99 1
99 3
85 3
84 5
111 3
99 0
99 0
99 2
97 4
75 2
73 3
75 2
74 3
74 4
73 5
83 0
82 1
82 5
104 0
104 4
71 3
73 0
72 5
91 3
80 2
79 0
79 5
104 5
133 0
133 4
74 2
73 5
86 0
84 1
75 4
71 0
71 1
71 4
71 3
71 5
86 4
72 5
73 0
72 3
72 3
72 5
93 1
93 4
72 3
74 2
72 2
72 4
72 5
83 1
83 1
83 5
102 0
102 3
76 2
74 3
74 1
77 5
85 2
80 0
80 0
80 2
78 3
78 0
78 2
76 1
76 1
76 2
75 3
75 2
75 1
75 5
102 0
102 0
102 2
100 4
73 4
72 5
73 5
89 5
109 5
134 5
161 3
104 5
118 3
111 2
108 5
147 1
147 4
74 3
74 1
74 3
74 5
86 0
85 5
108 5
134 1
134 2
126 3
85 1
85 3
82 0
82 5
112 3
96 5
135 5
178 4
73 1
73 4
73 1
73 0
70 4
70 0
70 2
70 1
70 5
89 3
78 5
99 0
99 2
96 2
95 0
95 5
119 5
148 2
141 3
98 5
113 1
113 5
144 3
127 4
78 0
77 5
102 3
88 4
76 4
76 4
76 5
87 0
85 2
85 1
85 4
73 2
71 2
70 4
70 0
70 0
70 4
70 5
85 3
74 4
72 5
73 2
73 0
72 2
72 1
72 5
92 5
112 2
98 0
98 0
98 5
124 0
124 1
110 3
93 4
81 2
81 1
81 4
81 5
85 5
95 2
92 0
92 2
89 2
89 4
81 0
81 1
80 5
88 3
83 5
93 1
93 5
113 5
142 4
77 5
83 5
96 5
121 5
149 0
149 2
144 4
76 4
76 3
80 2
78 2
77 1
77 5
82 1
82 5
96 1
96 2
96 4
75 4
75 0
70 4
70 5
85 5
104 1
103 5
130 4
71 0
70 3
70 3
70 2
70 4
70 2
70 1
70 4
70 1
70 3
70 4
70 0
70 2
70 4
70 5
85 4
71 2
71 3
73 5
75 1
75 3
75 3
75 3
75 3
75 5
93 2
91 1
90 0
90 2
88 4
73 2
72 0
71 3
71 0
71 3
71 -1
