5 2000
328 0
296 3
276 2
272 5
362 2
355 0
355 4
206 5
210 5
280 1
280 2
277 4
199 3
197 3
194 1
195 0
191 3
191 4
185 0
185 1
186 1
187 1
187 2
186 2
185 1
186 3
185 3
184 0
183 2
183 5
261 5
361 3
293 3
270 5
392 1
394 5
553 3
496 5
708 3
659 3
628 4
214 5
225 5
297 0
297 4
200 0
196 0
196 4
191 3
193 1
193 0
191 0
191 1
191 3
190 1
191 2
190 5
263 4
194 5
213 4
190 0
186 4
185 0
185 0
185 0
185 2
185 0
185 0
185 5
255 5
351 5
462 5
572 5
683 3
538 5
671 1
671 3
598 4
203 0
189 2
189 4
185 3
186 2
185 4
184 5
202 5
266 3
234 4
190 3
187 0
184 1
185 1
185 1
187 2
185 2
184 5
254 5
344 5
446 5
549 1
549 3
436 3
385 1
386 3
361 0
361 2
357 4
203 3
193 5
217 3
202 5
273 3
237 3
231 2
230 2
229 1
230 2
229 5
352 4
200 4
196 3
191 4
190 2
189 2
187 3
189 5
205 2
203 3
193 2
192 5
254 4
190 4
189 1
189 3
186 2
186 4
186 2
184 3
186 3
185 5
203 2
201 4
182 1
182 2
182 4
182 3
183 5
202 4
183 3
185 4
185 5
201 5
262 1
263 0
263 2
260 2
257 5
346 1
342 0
342 0
342 0
342 3
271 2
268 2
265 1
265 4
199 1
199 2
198 5
214 1
215 0
214 5
295 0
295 1
294 3
250 5
348 5
497 0
497 5
652 3
571 4
210 3
192 2
191 1
191 0
186 4
184 1
187 4
186 5
203 4
184 3
184 3
184 2
184 2
185 5
202 5
267 1
266 0
266 1
266 2
264 5
353 3
275 5
382 5
520 3
446 3
408 5
626 5
854 5
1100 1
1100 5
1339 0
1339 5
1572 1
1572 5
1807 2
1792 0
1792 1
1791 1
1791 2
1781 4
221 5
222 1
223 3
209 1
209 0
206 3
204 2
203 4
192 3
187 5
208 5
283 4
195 0
190 3
188 5
243 4
189 0
185 0
185 1
186 3
186 1
187 5
250 4
189 5
198 1
198 4
183 4
183 4
183 3
184 0
182 2
181 1
182 5
235 4
184 4
184 2
184 1
184 4
184 0
181 2
181 0
181 0
181 5
235 4
184 4
184 3
187 1
187 4
187 3
186 4
186 5
201 5
258 3
217 4
189 3
185 4
185 5
205 3
198 0
195 5
291 5
414 2
410 3
334 2
330 0
330 3
304 1
304 2
302 3
293 4
199 3
190 5
218 1
218 4
187 0
184 5
258 3
225 5
322 2
320 2
318 3
276 3
264 4
185 4
184 5
214 0
214 0
214 1
214 5
314 5
431 1
431 0
431 4
201 0
193 0
193 5
268 2
266 4
192 4
190 3
189 4
189 2
188 2
188 2
186 0
183 5
244 3
206 1
206 3
204 3
200 3
199 5
285 3
248 3
242 0
241 0
241 1
242 3
238 3
238 3
238 2
237 3
237 2
236 5
390 2
387 5
557 5
736 5
906 3
841 0
841 2
834 3
791 4
220 1
220 5
225 5
285 4
199 3
194 0
192 5
262 2
259 4
193 4
193 4
193 3
192 0
189 0
189 5
256 3
220 4
191 2
189 2
187 2
185 1
185 2
184 5
214 2
214 0
214 3
199 3
197 3
196 5
271 4
187 4
184 5
201 2
199 2
199 2
199 0
199 3
191 5
269 3
232 5
343 5
483 3
425 2
421 2
416 2
413 3
378 4
200 3
189 0
184 5
269 4
186 5
207 0
206 5
295 1
294 3
240 3
225 4
187 5
219 1
218 1
218 3
202 1
204 2
203 4
184 4
183 0
182 1
183 1
184 2
183 4
180 4
180 1
180 2
179 0
179 2
179 4
178 2
178 3
179 0
179 1
180 2
180 1
180 0
180 0
180 1
182 1
183 4
178 4
178 5
210 5
304 2
301 0
301 5
410 2
406 3
315 0
314 1
315 5
451 4
207 3
194 5
207 5
281 4
196 0
187 3
189 2
188 3
187 0
187 3
188 4
185 5
210 1
210 5
285 2
282 4
194 2
193 3
192 4
192 4
192 5
203 3
194 3
192 4
182 1
182 3
184 0
183 2
181 4
179 4
179 3
181 5
203 4
183 0
180 3
181 5
238 2
237 5
316 4
193 0
186 1
186 2
186 5
242 3
212 2
210 5
281 0
281 1
280 4
201 4
197 4
197 5
208 4
190 4
190 2
190 5
208 5
274 1
273 3
230 3
220 2
219 3
215 5
302 1
302 1
302 4
201 0
195 4
187 4
185 3
186 2
185 1
185 0
184 2
184 4
182 0
182 5
250 0
250 4
189 5
209 5
273 2
270 1
269 2
266 1
266 3
227 0
226 5
346 0
346 4
195 2
193 4
189 3
185 5
207 4
185 1
185 5
207 0
204 1
204 1
205 3
198 4
187 0
186 2
185 3
185 1
186 5
243 3
219 4
185 0
184 3
185 2
184 0
184 2
183 1
183 5
253 3
221 4
188 3
185 3
185 4
184 1
184 5
201 5
273 4
189 3
188 4
188 3
189 2
190 0
184 0
184 0
184 2
183 3
183 4
182 2
181 1
181 3
181 3
181 2
181 3
181 3
181 3
180 0
180 0
180 4
180 3
184 1
184 0
184 4
180 4
180 3
181 1
181 2
181 1
181 5
205 0
205 3
197 5
250 0
250 2
248 0
248 3
220 4
190 3
185 2
183 3
183 5
212 5
296 0
296 1
296 1
295 3
249 3
229 4
192 2
191 0
190 2
189 5
271 2
269 0
269 0
269 5
377 4
195 2
192 3
188 3
190 0
184 0
184 1
184 0
184 1
184 4
181 3
184 3
182 3
183 0
182 5
246 0
246 2
244 4
184 5
211 3
202 3
198 4
186 4
186 4
186 2
185 4
185 3
182 3
183 4
182 1
182 5
210 3
199 4
182 0
182 4
182 1
182 1
182 5
208 5
284 1
284 4
191 0
185 1
185 1
186 2
185 3
186 3
186 5
242 3
214 2
212 3
206 4
187 3
186 3
183 3
184 4
183 5
209 2
207 1
207 2
205 2
205 5
282 2
279 5
380 3
296 3
268 4
198 4
196 5
207 1
208 4
192 1
192 0
187 2
187 3
189 3
187 5
252 4
190 1
190 5
214 5
279 2
276 3
243 2
242 3
231 0
231 4
193 3
190 4
187 2
187 0
184 5
262 4
191 2
190 1
190 1
190 2
189 4
189 5
206 4
186 4
185 0
181 0
181 0
181 3
183 5
250 0
250 4
189 0
182 1
183 4
178 5
210 3
198 3
194 3
192 0
192 3
192 0
192 4
182 0
182 5
267 5
379 5
497 0
497 0
497 3
405 0
405 0
405 2
401 2
394 1
394 4
198 2
196 2
194 2
193 5
212 5
287 4
195 2
193 0
188 3
186 3
184 3
183 0
183 4
179 4
179 5
208 3
197 4
182 3
178 0
178 1
178 3
180 2
179 0
179 2
178 3
180 4
180 3
178 4
178 3
181 2
180 1
180 4
180 4
180 5
205 5
283 3
246 3
231 4
190 1
190 0
189 3
189 4
186 0
186 5
264 4
191 2
189 3
188 2
187 5
212 3
200 5
275 3
238 4
186 5
210 5
293 1
293 2
290 4
192 2
191 1
191 5
200 0
198 3
196 1
196 3
192 1
192 1
192 1
192 5
257 3
225 4
183 3
178 3
180 4
180 1
182 4
181 0
180 4
178 4
178 3
181 2
180 4
180 3
179 4
179 3
181 0
181 4
179 4
179 3
179 3
180 3
179 4
179 3
181 0
181 1
181 1
181 1
181 3
181 4
177 4
177 3
180 3
178 1
178 3
179 4
179 3
178 3
179 3
179 1
179 2
179 1
179 2
177 0
177 2
177 2
177 5
253 1
253 2
251 4
183 4
183 0
180 5
253 4
184 4
184 4
184 4
184 5
205 0
205 4
180 0
180 5
254 1
254 0
254 5
346 0
346 3
274 5
383 3
335 4
201 0
200 3
198 4
186 5
212 3
198 5
278 4
191 2
190 4
186 4
186 1
186 3
186 1
186 4
186 1
186 5
203 3
191 0
190 4
183 5
210 4
185 5
201 4
184 2
184 3
183 4
183 5
201 2
201 2
199 5
266 2
266 0
266 2
266 3
219 5
315 0
315 3
274 5
415 0
415 3
371 3
346 4
193 5
221 0
221 0
221 1
221 0
221 3
210 4
184 5
216 1
216 2
214 4
183 4
181 3
184 5
206 0
205 4
177 3
178 2
178 2
177 4
177 3
180 5
212 1
212 2
210 5
301 5
413 2
408 0
408 2
404 3
315 4
204 3
193 2
192 2
191 5
212 0
211 1
211 1
211 4
188 0
186 4
184 4
184 2
184 3
187 3
187 5
207 5
276 3
236 3
215 4
192 4
189 4
189 2
188 4
188 3
186 5
212 1
212 3
201 5
278 2
276 0
276 2
273 4
194 3
187 2
186 2
186 5
212 3
200 4
188 4
188 0
187 2
186 5
249 0
249 0
249 4
187 3
188 3
186 4
184 3
185 4
185 2
184 4
184 0
182 3
182 0
182 4
181 1
181 0
181 3
182 2
182 0
182 3
182 3
182 2
181 5
258 0
258 5
352 3
277 3
250 0
250 4
195 1
195 3
190 4
186 4
186 1
186 3
186 5
210 3
198 5
279 4
189 4
187 4
187 3
184 2
184 3
185 2
185 4
185 3
184 3
184 1
184 2
183 2
183 3
184 4
184 5
215 5
289 1
289 2
286 1
286 5
378 1
377 4
205 5
204 1
204 4
192 4
192 3
192 4
192 0
188 5
253 2
252 4
192 5
201 0
201 0
201 5
271 0
271 1
271 5
363 4
197 4
197 3
194 3
194 2
193 3
193 0
187 2
187 5
244 2
244 4
187 0
186 4
184 4
184 2
184 0
184 1
184 2
184 3
185 1
185 0
185 2
185 1
185 5
248 3
218 3
212 0
210 0
210 3
208 1
208 5
313 4
195 5
210 4
188 4
187 4
187 1
187 2
186 3
186 2
186 3
187 2
187 2
187 1
187 2
186 2
186 5
212 2
210 3
199 0
196 1
196 4
185 5
216 3
202 3
200 4
181 4
181 1
181 2
181 4
181 2
181 4
181 4
181 4
181 2
181 1
181 2
181 0
178 3
179 2
179 0
179 4
178 2
178 3
179 4
178 4
178 0
178 4
177 5
205 4
182 1
182 3
180 2
180 3
180 4
180 4
180 1
180 2
180 2
180 3
180 1
180 5
203 2
203 2
201 2
201 3
190 3
189 5
255 0
255 5
360 2
357 2
353 5
467 5
583 3
478 1
477 3
418 2
414 4
210 2
208 4
201 3
197 2
197 3
196 3
196 2
194 4
192 2
192 3
193 4
193 1
193 3
193 3
192 1
192 5
205 3
199 3
196 0
193 3
194 1
194 3
193 3
193 2
192 4
187 3
185 2
184 1
184 3
184 5
216 0
215 1
214 0
214 3
202 3
200 4
182 5
209 5
293 0
293 3
249 0
249 5
383 3
335 4
200 0
196 1
196 2
195 3
191 2
190 1
190 1
190 1
190 3
190 5
268 5
375 2
370 3
309 0
308 0
308 2
305 3
284 0
284 1
284 3
276 2
274 4
195 4
187 1
187 0
186 2
185 4
183 2
182 0
180 4
179 0
179 4
178 1
178 4
178 1
178 4
178 4
178 2
178 2
178 4
178 3
179 4
179 5
219 3
200 4
183 2
182 3
181 2
181 4
181 3
181 3
179 3
180 2
180 3
180 0
179 3
179 4
178 2
178 3
179 1
179 3
178 4
178 4
178 4
178 2
178 3
178 4
178 3
178 4
178 3
179 0
179 4
178 3
178 2
178 2
178 0
178 2
178 3
179 2
179 5
250 4
184 4
183 2
182 3
182 0
180 2
179 2
179 5
247 5
338 4
188 3
187 4
186 0
183 2
181 2
180 2
180 1
180 3
181 2
180 3
180 1
180 5
229 2
227 2
226 5
309 2
309 1
309 3
237 0
235 0
235 4
195 3
191 3
189 5
215 1
215 3
203 5
275 0
275 2
272 3
243 3
235 2
234 3
230 4
185 4
184 4
184 3
183 3
182 5
216 0
216 2
214 1
214 3
204 0
203 2
202 2
200 1
200 3
198 1
198 5
304 0
304 4
188 4
184 4
184 2
183 2
183 2
182 2
181 3
183 1
183 2
181 3
182 3
184 3
183 2
183 2
183 2
183 3
182 0
180 4
178 3
181 3
180 1
180 4
180 1
180 1
180 2
180 3
181 4
181 1
181 3
181 3
181 4
181 5
201 4
182 3
181 2
181 2
181 3
182 5
199 1
199 0
199 1
199 4
179 4
179 5
200 0
200 5
274 3
242 4
194 3
185 2
185 2
184 3
186 3
185 5
205 0
204 0
204 2
202 0
202 1
202 3
198 2
197 4
186 2
185 2
185 2
184 3
181 0
180 1
180 5
242 3
208 3
204 2
203 3
202 2
201 5
281 3
251 3
244 5
385 1
385 0
385 3
345 3
332 2
330 0
330 5
561 5
809 0
809 2
804 3
755 4
220 5
224 3
216 0
213 1
213 5
316 0
316 3
274 1
274 2
272 0
272 0
272 3
262 3
259 3
256 4
193 2
192 2
190 2
189 2
188 3
186 2
185 3
184 2
183 5
224 4
188 3
186 5
207 5
295 2
291 4
185 5
203 5
286 4
186 3
187 3
187 3
186 1
186 0
185 3
185 3
185 3
185 0
184 4
182 4
182 2
182 2
182 3
182 4
182 2
181 0
180 3
180 2
180 4
179 3
180 3
180 4
180 2
180 2
180 3
180 4
180 0
180 3
180 4
179 3
179 3
180 3
179 3
180 4
180 1
180 5
206 4
185 0
182 5
246 2
245 3
216 2
214 4
187 3
182 3
181 3
181 4
180 4
180 1
180 0
178 2
178 2
178 2
178 3
179 4
178 2
178 5
200 0
200 2
200 4
181 0
179 2
179 3
180 2
180 5
242 0
242 1
242 3
212 0
212 2
211 3
208 3
207 1
207 0
207 1
207 3
206 3
206 5
328 3
296 2
294 2
292 5
458 0
458 3
413 3
396 0
396 4
200 3
189 0
187 4
185 1
185 2
184 2
183 5
218 0
218 0
218 2
216 2
214 2
214 0
214 2
214 3
202 3
199 4
183 1
183 4
183 1
183 2
182 2
182 2
182 0
182 1
182 3
183 0
183 2
183 2
182 3
183 3
181 3
182 0
182 0
182 3
182 0
182 3
182 3
182 3
182 4
180 0
180 3
181 1
181 5
265 4
186 2
185 2
184 0
183 2
183 3
185 3
183 0
183 3
185 0
185 1
185 1
185 3
185 0
185 4
182 2
181 4
180 3
180 2
180 5
200 2
200 3
197 5
255 1
255 4
185 4
184 3
184 4
184 3
185 2
185 2
185 3
183 4
183 2
183 2
183 0
182 3
183 2
182 2
182 3
181 5
232 3
215 0
214 2
212 4
188 4
185 3
181 0
180 3
181 3
179 3
180 2
179 0
178 2
178 2
178 4
178 3
178 0
178 3
178 2
178 4
178 4
178 1
178 2
178 5
209 1
209 2
207 3
194 4
184 4
180 3
178 4
178 2
178 3
178 1
178 2
178 5
201 4
183 0
180 4
179 5
203 0
203 2
201 2
201 2
199 3
190 5
254 4
186 0
184 1
184 4
181 0
180 4
180 5
203 4
182 2
182 1
182 2
182 0
180 4
179 3
182 4
182 0
180 1
180 4
178 0
178 1
178 0
178 1
178 2
178 3
180 2
179 0
179 2
178 2
178 4
178 1
178 3
180 0
180 3
181 5
248 4
183 4
181 4
181 0
179 1
179 3
180 4
179 2
179 4
179 3
178 2
178 2
178 5
205 3
194 3
191 3
189 1
189 0
188 2
187 2
186 2
186 0
186 0
186 3
187 0
187 3
187 3
187 4
185 2
184 3
182 1
182 2
181 4
181 1
181 4
181 5
208 1
208 5
301 3
247 2
245 4
189 2
188 0
185 5
256 5
352 4
187 1
187 1
187 3
185 3
184 4
183 3
184 4
184 0
183 0
183 3
183 5
233 0
233 1
232 2
230 1
230 2
229 3
207 4
186 0
184 3
185 0
185 2
184 0
184 4
179 5
201 2
201 4
184 5
198 3
191 0
188 3
188 3
188 0
188 3
188 4
183 0
183 3
184 3
183 4
179 1
179 0
179 5
254 2
254 2
254 3
214 4
185 5
207 4
184 3
183 1
183 0
180 3
181 4
181 2
181 3
180 4
180 4
180 2
180 4
180 3
182 2
182 3
181 3
180 1
180 3
181 5
199 3
194 5
253 4
189 2
188 4
186 5
200 1
200 4
184 3
184 0
181 0
181 2
181 0
181 2
181 0
181 2
181 5
247 5
334 2
330 3
261 4
196 2
195 0
186 0
186 3
185 0
185 4
179 2
179 2
179 3
179 2
179 4
179 2
179 0
177 2
177 2
177 1
177 3
179 0
179 0
179 2
178 4
177 3
177 4
177 3
180 4
180 4
180 3
178 4
178 4
178 4
178 0
178 1
178 4
177 4
177 4
177 2
177 4
177 2
177 4
177 3
177 4
177 2
177 0
177 0
177 4
177 3
180 5
205 1
205 5
286 3
236 0
236 2
234 2
233 3
228 3
225 0
225 0
225 2
224 5
361 2
357 4
194 4
193 3
191 2
191 0
184 3
184 1
184 1
184 4
182 2
181 3
181 4
181 5
203 4
184 3
184 3
183 3
183 5
197 5
276 4
185 1
185 4
185 3
186 4
185 1
185 3
183 5
196 2
196 1
196 0
196 1
196 2
196 2
194 5
271 0
271 -1
328 4
328 0
296 2
293 5
371 3
327 5
474 1
474 1
474 4
220 0
215 3
212 3
211 1
213 5
287 3
252 0
252 5
406 1
404 4
205 1
207 2
205 1
206 4
197 5
209 3
204 4
191 5
210 2
208 3
204 4
190 5
211 2
211 5
288 1
287 1
287 5
389 5
504 3
402 0
402 5
549 1
550 3
483 4
203 3
194 0
189 3
189 1
189 5
268 4
191 5
207 1
208 5
291 0
291 2
288 1
288 1
288 5
397 2
393 5
507 1
506 5
614 5
723 4
218 2
216 1
216 4
213 3
207 1
207 4
206 1
209 2
206 5
197 2
197 1
200 0
198 0
198 1
198 5
263 3
219 3
206 2
204 4
187 3
188 2
187 2
186 0
185 5
267 1
267 2
266 3
227 3
215 5
328 0
328 5
474 1
473 5
628 5
788 3
702 0
702 2
693 4
219 4
215 4
215 1
218 1
218 1
218 4
218 0
206 0
206 2
204 1
205 0
205 4
193 4
193 5
213 5
290 5
399 1
398 5
508 3
408 3
361 3
336 4
204 0
197 5
288 4
198 5
216 4
191 5
209 1
210 2
208 0
208 0
208 4
187 5
211 4
186 3
186 2
186 5
210 2
209 3
199 5
263 2
261 4
190 5
210 3
201 2
200 3
198 4
186 4
184 0
183 1
186 2
183 3
183 0
183 1
186 4
183 2
182 5
211 0
211 1
212 1
212 2
210 0
210 1
211 5
307 2
304 5
419 0
419 2
415 1
413 3
324 2
321 0
320 4
198 3
191 3
189 1
191 4
187 1
190 4
189 2
189 3
191 1
195 0
187 2
186 3
186 0
185 1
185 4
180 1
180 1
180 5
208 5
282 5
389 1
388 3
301 0
301 4
200 0
195 2
194 5
271 1
271 4
192 2
191 3
189 3
188 2
187 5
214 2
212 1
213 3
200 0
199 5
290 2
287 5
407 2
403 3
338 2
334 5
476 0
476 1
476 4
207 2
206 4
203 2
201 2
200 1
201 2
200 3
193 2
193 5
203 4
186 3
186 2
184 2
184 0
181 0
181 0
181 3
181 0
181 1
181 2
181 4
179 4
179 1
181 3
179 2
180 5
199 0
199 4
182 0
181 0
181 5
239 3
214 2
212 4
185 1
185 5
207 0
206 0
206 1
207 1
208 1
209 3
200 4
184 2
183 5
200 5
276 2
275 2
272 2
269 0
269 3
226 2
224 3
212 1
212 2
211 3
209 0
209 3
209 4
193 3
188 1
188 0
188 2
187 0
187 4
184 4
183 3
180 1
180 1
183 0
183 2
182 3
182 1
182 2
182 2
181 1
182 1
185 2
182 5
266 4
185 3
184 5
202 3
193 4
184 3
182 2
182 5
205 1
205 4
182 1
182 2
182 2
182 5
204 1
205 2
203 3
195 3
195 0
195 4
181 3
179 4
179 5
208 2
208 1
207 3
200 4
185 4
184 4
184 2
184 3
184 2
183 2
183 0
180 2
180 4
179 4
179 5
211 4
184 0
182 5
259 0
259 5
364 0
364 2
362 3
282 3
253 5
378 2
376 2
374 2
371 3
325 2
323 2
321 2
319 1
319 2
317 0
317 5
498 1
498 0
498 4
200 0
193 5
283 3
245 2
243 5
365 3
324 4
200 4
193 2
192 4
192 2
189 2
188 3
189 4
188 0
183 4
182 5
215 3
200 4
185 4
183 1
183 3
182 1
183 1
183 2
183 3
182 2
181 5
212 4
184 4
183 3
186 0
183 4
179 3
182 0
181 1
181 4
179 1
179 0
179 4
179 2
179 1
179 1
179 1
180 2
180 1
180 4
180 4
180 2
181 3
181 3
181 1
181 0
181 2
179 3
180 4
179 2
179 2
178 5
207 3
195 2
194 0
192 0
192 4
186 3
184 2
183 4
180 3
180 0
178 1
182 2
178 0
178 4
178 4
178 0
178 0
178 3
179 3
179 1
180 3
179 4
179 2
178 2
177 4
177 2
177 4
177 5
209 5
301 3
243 3
228 4
185 3
181 0
180 2
180 3
180 1
180 1
180 0
180 4
179 2
179 2
179 5
223 4
185 5
208 4
180 5
210 4
182 1
184 3
183 1
183 5
209 3
197 3
196 0
196 2
195 3
192 3
191 2
190 5
280 1
280 3
244 2
243 3
238 5
374 4
193 3
187 3
185 0
182 4
181 5
210 0
210 2
208 0
208 4
184 4
182 4
182 3
183 2
182 1
186 4
185 1
185 3
183 5
201 2
199 3
190 2
189 1
189 5
248 2
246 2
245 3
218 4
181 2
180 3
178 4
178 4
178 5
207 4
182 0
178 2
178 0
178 2
179 1
179 3
179 0
179 1
180 3
179 3
179 3
179 4
178 2
178 1
178 4
178 2
179 0
178 0
178 1
179 4
179 4
179 5
209 2
207 3
197 1
197 1
198 2
196 4
180 5
206 2
204 4
181 4
181 3
180 2
180 4
180 0
178 5
248 2
248 3
217 4
187 0
185 4
180 3
181 4
180 4
180 2
181 4
181 4
181 4
181 1
181 3
180 4
180 3
179 1
179 2
179 0
179 2
179 2
179 3
180 2
180 3
179 0
179 2
179 3
179 3
180 4
178 5
206 0
206 3
196 4
181 1
181 4
181 2
180 3
180 5
210 2
210 5
297 4
192 0
185 4
184 0
184 3
185 3
185 2
185 3
185 0
185 1
185 2
185 5
252 4
187 1
187 2
186 1
186 4
186 3
189 2
188 2
186 3
186 2
184 3
185 1
185 0
183 5
240 4
185 0
183 4
182 2
182 1
184 4
184 3
185 3
184 1
184 3
184 0
182 1
183 5
236 3
211 4
189 1
189 4
188 0
184 0
184 5
252 2
250 0
250 5
342 4
198 1
198 2
197 2
196 3
197 4
196 0
192 5
249 2
247 1
246 2
244 4
189 4
189 2
189 5
205 4
187 4
187 2
188 4
188 3
189 3
190 2
188 3
188 4
188 0
186 0
186 0
186 4
185 4
185 4
185 3
185 5
204 5
258 0
258 4
190 3
193 1
193 3
191 3
191 3
190 4
190 3
191 2
191 5
203 2
201 3
194 5
236 4
190 3
190 2
189 2
189 0
187 3
187 2
186 2
185 3
186 5
233 1
233 0
233 5
320 2
315 4
190 3
189 0
183 2
183 3
183 4
180 3
180 4
180 1
180 3
180 2
179 5
203 5
281 4
184 3
185 3
185 4
184 1
184 3
182 3
182 0
181 4
181 0
181 5
236 4
184 4
184 1
184 4
184 3
186 2
186 0
182 4
181 2
182 4
182 3
181 5
199 2
199 4
183 5
196 2
194 4
183 0
182 3
184 4
180 4
180 0
180 5
237 0
237 1
237 3
213 4
184 2
183 4
183 4
183 5
203 2
203 3
196 2
195 2
194 4
187 4
187 1
187 5
202 3
198 0
196 1
196 0
196 4
185 4
183 2
183 0
181 3
181 4
181 2
180 3
180 4
180 4
180 4
180 1
180 4
180 4
180 3
180 4
180 1
180 5
208 0
208 5
292 0
292 4
188 1
191 0
187 0
187 0
187 0
187 1
188 3
190 0
189 4
186 2
185 2
184 3
183 4
182 5
201 3
195 3
192 1
193 3
195 4
187 4
187 3
184 0
183 2
183 1
183 2
183 3
183 4
181 0
181 4
181 5
208 4
188 0
185 1
185 5
252 0
252 2
251 5
345 1
344 2
341 5
448 2
442 0
442 0
442 5
551 4
211 4
210 2
207 2
206 3
203 0
193 5
249 1
249 4
188 2
188 2
188 0
186 5
240 4
185 2
185 0
185 0
185 1
185 1
185 3
184 1
185 5
240 2
238 5
323 5
427 0
427 5
532 3
406 2
403 4
205 2
203 5
211 3
202 3
198 5
240 3
219 0
219 2
218 3
216 3
214 3
213 4
186 3
183 3
182 3
181 0
181 2
181 3
181 2
180 3
180 1
180 2
179 5
258 3
229 4
187 4
186 2
185 4
185 2
184 3
186 5
210 4
184 0
181 2
181 3
182 2
181 0
181 5
267 3
238 0
237 0
237 4
184 2
183 4
180 1
180 2
180 1
180 0
179 4
178 3
179 4
179 5
211 5
302 2
299 0
299 4
188 2
187 4
187 0
182 5
255 3
224 3
212 0
211 5
337 3
301 2
298 0
298 2
295 5
471 2
467 0
467 3
423 2
419 3
401 5
661 5
934 4
205 4
199 1
199 4
199 0
192 3
193 2
192 4
183 5
215 2
213 2
211 5
290 4
188 1
188 2
188 1
188 2
187 5
207 5
276 0
276 2
273 4
189 2
189 3
190 5
203 4
182 5
212 3
200 2
199 1
199 4
187 2
185 5
213 2
211 0
211 3
199 4
185 5
214 2
212 3
199 2
198 0
197 5
295 4
193 3
186 3
188 3
188 3
188 4
186 0
181 5
247 1
247 1
247 3
218 3
212 0
212 0
212 0
212 2
211 2
210 0
210 2
209 4
184 1
184 0
183 1
183 4
179 3
181 3
182 4
181 2
179 0
178 2
178 3
180 5
249 4
185 5
202 0
201 3
198 2
197 1
197 0
197 5
293 3
256 1
256 1
256 0
256 3
248 3
243 2
242 1
242 4
190 0
190 1
190 5
289 2
287 3
247 3
236 0
236 2
234 3
231 4
188 2
187 3
181 1
181 0
181 3
182 1
182 0
182 4
182 5
220 5
323 0
323 0
323 2
320 0
320 1
319 4
193 4
192 2
192 1
192 5
204 1
205 5
279 4
188 1
188 0
185 3
186 3
183 2
182 3
182 5
247 3
222 2
221 2
220 2
219 4
187 4
185 3
182 0
181 5
257 4
184 4
184 4
184 3
183 3
182 2
182 0
180 1
180 0
180 2
180 3
179 0
179 4
177 4
177 5
203 3
197 4
184 4
184 2
183 4
183 5
204 0
204 4
182 2
181 2
181 0
179 4
179 2
179 5
207 1
206 3
193 4
182 2
181 3
181 4
181 3
180 0
178 3
180 1
180 2
179 0
179 3
179 3
179 3
179 0
179 5
246 3
214 1
214 5
302 4
187 1
187 2
186 1
186 2
185 2
184 4
183 4
183 0
181 1
181 4
179 4
179 5
202 3
195 5
266 2
264 2
262 0
262 4
189 3
184 0
181 5
247 0
247 3
211 0
210 2
209 0
209 2
208 1
208 3
206 2
205 2
204 3
204 2
203 3
202 5
311 3
270 2
268 4
187 3
182 3
182 2
181 4
180 5
215 4
183 2
182 2
182 3
183 3
182 4
182 1
182 3
183 5
209 4
181 0
179 3
179 4
179 0
179 2
179 2
179 2
179 2
179 3
180 3
179 4
179 4
179 2
179 5
208 0
208 3
194 3
193 1
193 3
192 2
191 2
190 4
181 5
213 1
213 0
213 5
307 4
192 2
191 4
190 3
188 3
182 0
179 5
246 1
246 3
216 2
215 4
188 0
186 4
180 0
179 3
180 2
180 2
179 3
180 0
180 0
180 1
180 4
178 2
178 3
178 5
206 4
182 2
182 3
182 3
183 2
182 1
186 3
182 0
180 0
180 2
180 3
180 1
180 5
244 0
244 3
219 1
219 4
191 2
190 0
186 4
183 0
183 0
183 4
182 4
182 2
182 3
180 4
180 0
180 0
180 3
181 1
181 3
181 4
179 2
178 4
178 1
178 5
207 3
196 2
195 0
195 2
194 2
193 1
193 3
192 2
191 1
191 0
191 0
191 3
191 0
191 0
191 2
190 5
291 3
252 2
250 3
236 2
235 4
186 2
184 4
183 4
183 2
182 5
224 5
323 3
274 3
256 2
255 5
391 2
388 5
564 0
564 1
564 5
737 1
737 0
737 3
661 3
609 5
883 3
836 1
836 2
830 5
1188 4
215 4
206 1
206 2
204 3
196 4
196 3
194 2
192 2
191 3
192 1
192 3
190 1
190 2
190 0
186 4
185 4
184 5
203 2
203 1
203 4
186 0
181 2
181 3
181 3
179 3
181 2
181 2
181 3
180 4
179 4
179 0
179 3
180 0
180 2
179 2
178 0
178 0
178 4
177 0
177 1
177 2
177 0
177 3
179 2
178 0
178 0
178 1
178 2
178 0
178 0
178 2
177 4
177 1
177 1
177 4
177 4
177 1
177 5
209 0
209 5
291 4
182 1
182 3
185 3
184 2
184 0
180 3
180 2
180 4
178 0
178 4
178 3
179 3
179 5
211 3
199 5
266 2
263 2
260 0
260 2
258 1
257 0
257 3
230 0
229 0
229 1
229 1
229 3
224 1
224 2
223 2
222 1
222 0
222 2
221 3
220 5
354 3
312 0
312 5
508 3
458 0
458 2
454 3
442 4
202 0
200 5
294 0
294 2
291 2
287 2
284 3
247 4
188 2
187 5
205 2
203 2
203 0
202 3
196 5
277 4
189 3
188 3
189 4
186 3
185 2
185 0
181 5
246 2
245 4
183 0
182 3
182 4
179 4
179 2
178 2
178 3
179 5
203 1
203 0
203 3
196 2
195 4
182 5
201 2
199 0
199 4
183 4
182 5
196 3
191 4
183 2
182 0
182 3
182 5
249 3
218 3
211 5
298 0
298 3
266 5
426 3
380 3
363 4
191 0
190 3
188 5
272 4
188 2
187 4
185 0
183 3
183 2
182 3
181 0
181 3
183 3
182 1
182 4
179 4
179 4
179 0
179 2
179 5
259 2
256 2
254 2
252 4
183 1
183 3
184 4
184 5
205 5
277 4
185 3
186 3
186 4
186 5
206 0
205 3
195 4
182 2
181 1
181 2
181 4
181 1
181 5
207 5
278 4
183 0
181 0
181 5
245 2
245 5
335 5
436 1
436 0
436 4
192 5
207 3
194 3
192 4
183 0
182 5
252 4
184 4
184 2
183 3
184 5
205 4
183 5
204 2
204 4
182 3
185 0
183 5
248 2
245 3
219 1
219 5
297 4
193 0
191 5
272 2
270 3
234 0
233 2
231 3
227 1
227 3
223 3
222 4
187 5
224 3
212 2
210 5
311 5
446 3
379 3
354 2
351 3
340 2
338 0
338 5
572 3
526 3
511 4
202 0
198 3
198 3
198 3
198 4
183 3
182 3
183 5
218 4
188 2
187 2
186 3
184 4
183 2
183 2
182 4
182 4
182 1
182 4
182 0
180 5
251 0
251 3
218 4
187 3
183 4
181 2
181 5
207 3
194 3
193 5
259 4
189 4
188 2
187 3
187 0
183 3
183 5
250 0
250 2
248 4
185 2
184 4
183 2
182 5
207 3
200 0
196 4
182 2
181 4
180 0
180 4
179 2
179 3
179 0
179 4
179 2
179 2
179 2
179 4
179 2
179 0
179 0
179 5
254 3
221 5
309 3
272 4
189 1
189 2
188 3
187 2
185 4
184 2
184 0
182 4
181 3
183 4
181 3
182 4
182 3
181 3
181 2
179 2
179 5
203 3
194 1
194 3
193 1
193 3
190 3
189 3
189 4
183 4
182 3
182 4
181 2
180 3
181 3
183 2
181 4
180 3
180 4
180 4
180 5
202 3
197 5
266 2
263 0
263 4
188 5
201 1
200 5
263 3
234 4
190 2
189 4
188 4
188 4
188 2
187 0
183 1
183 1
183 4
182 0
181 4
180 3
181 1
181 4
181 2
181 5
202 4
184 1
184 0
181 4
181 4
181 3
183 3
181 5
198 0
198 1
198 4
184 0
181 2
181 3
183 0
183 3
183 0
183 2
183 3
183 0
183 4
180 2
180 4
180 5
206 0
206 3
195 4
182 4
182 2
182 1
182 2
181 2
180 0
180 1
180 2
180 2
180 0
180 3
182 2
182 3
181 2
181 4
180 4
180 3
182 3
180 2
179 4
179 1
179 5
207 1
207 0
207 4
182 5
201 5
277 1
276 4
184 0
181 5
246 2
245 1
245 0
245 1
245 4
187 5
206 4
184 3
185 2
183 2
183 1
183 2
182 3
184 2
184 0
182 0
182 4
180 5
200 4
182 4
182 4
182 4
182 2
182 0
180 1
180 0
180 4
180 5
200 4
182 2
182 1
182 3
183 3
183 0
181 5
238 4
183 0
181 3
182 3
181 4
179 2
179 4
179 3
180 1
180 4
180 0
180 1
181 2
180 1
180 4
179 5
199 2
197 3
190 3
187 1
187 3
188 0
187 3
187 4
185 0
185 0
185 3
184 5
269 2
267 4
189 5
205 2
203 2
201 0
200 5
287 3
244 0
244 1
244 5
377 5
523 4
199 1
199 2
198 0
192 3
194 1
194 4
185 3
185 2
184 2
183 5
201 2
199 2
199 1
199 3
193 1
193 2
192 2
191 3
190 3
186 0
185 1
185 5
270 1
270 3
231 2
230 0
230 3
224 0
224 0
224 1
224 2
223 3
222 4
188 2
187 0
187 1
187 0
187 0
187 3
187 1
187 2
186 0
186 3
186 3
186 0
186 2
185 5
278 4
193 0
188 3
189 2
188 0
188 2
187 4
185 1
185 3
184 3
183 4
181 0
181 3
182 3
182 3
181 2
181 4
181 1
181 2
181 0
181 2
181 0
181 4
181 4
181 4
181 0
181 3
182 3
182 3
183 4
182 0
182 4
181 1
181 4
181 3
182 3
181 2
181 4
181 2
181 2
181 3
182 1
182 5
210 0
210 3
200 5
279 3
248 3
238 2
237 3
235 3
235 0
235 3
235 2
234 2
233 0
233 4
185 2
184 2
183 1
183 4
180 3
179 0
177 1
177 3
178 2
178 5
259 1
259 0
259 1
259 0
259 3
228 0
226 3
224 2
223 3
221 4
186 5
215 0
215 5
319 2
316 5
435 2
431 5
557 0
557 4
200 0
193 2
192 4
188 4
187 2
187 2
187 2
187 3
185 4
185 0
185 -1
328 4
328 2
327 5
328 1
329 4
302 3
245 3
237 1
237 5
228 2
226 5
245 5
287 1
286 0
286 4
207 0
205 5
248 0
248 3
224 0
223 0
223 5
316 3
272 2
270 5
387 1
388 4
219 3
200 0
191 0
191 0
191 1
192 3
191 2
190 3
187 2
186 4
185 2
184 5
206 4
184 2
184 5
202 3
196 4
185 2
184 0
184 0
184 0
184 4
183 0
183 1
184 0
184 0
184 4
183 1
183 5
204 3
198 5
266 2
263 3
237 1
239 2
237 2
235 3
226 5
323 3
291 5
452 5
644 0
644 0
644 3
578 3
544 4
205 0
197 1
198 4
189 3
186 5
218 4
192 5
211 0
211 0
211 3
204 5
277 2
274 4
194 5
206 4
187 4
187 0
184 3
186 4
185 4
184 0
184 5
256 4
191 0
189 3
187 2
186 3
187 2
186 4
183 5
211 2
211 4
183 2
183 2
184 3
185 2
184 0
182 5
252 1
252 5
343 0
343 4
201 1
201 3
196 5
216 3
203 4
191 0
190 2
189 3
191 5
257 5
360 0
360 2
356 0
356 5
476 4
203 5
212 5
266 5
362 4
201 1
201 4
201 4
201 1
203 5
206 5
253 1
252 0
251 4
195 5
205 2
206 5
263 3
224 4
196 0
191 1
194 3
190 0
190 4
183 4
180 3
180 0
180 5
251 1
251 0
251 5
351 4
188 3
185 5
204 2
202 5
274 0
274 5
369 3
283 4
200 2
199 2
198 3
191 3
190 0
184 4
181 2
181 5
207 3
197 5
260 3
228 5
337 1
338 5
488 3
425 5
616 3
562 0
562 4
221 1
223 5
229 3
217 2
215 0
214 5
343 1
343 0
343 3
303 1
303 3
284 5
476 3
425 4
203 5
220 0
219 3
210 0
210 5
328 0
328 5
472 0
472 4
200 1
201 3
195 4
193 5
209 5
269 3
235 3
219 1
220 4
184 4
182 5
212 5
298 5
401 0
401 3
323 5
457 3
394 2
391 1
391 0
391 3
374 2
371 5
603 2
599 2
594 4
206 0
198 4
185 2
184 4
183 3
186 3
183 2
183 3
184 0
184 2
184 3
185 2
184 3
183 0
183 3
184 4
182 2
182 0
182 0
182 4
181 3
182 3
183 1
183 3
181 2
182 4
182 3
182 0
182 0
182 3
183 1
183 2
182 1
183 4
180 5
210 3
195 5
268 5
373 4
196 3
192 0
184 4
182 3
185 3
184 3
184 4
184 3
183 1
183 4
183 3
186 0
184 3
182 3
181 2
180 2
180 3
180 0
180 2
180 1
183 4
180 5
207 0
207 4
181 3
183 3
183 0
181 0
181 3
182 3
182 3
180 2
179 3
179 3
180 5
243 5
340 5
447 3
343 5
478 3
408 2
405 4
216 5
218 4
194 3
196 3
191 3
193 3
191 1
191 3
189 2
188 5
207 5
267 1
267 3
226 4
191 5
216 3
203 3
202 2
201 4
184 0
184 2
184 0
184 4
182 4
182 2
182 0
182 3
183 1
184 4
184 5
222 0
222 1
223 5
307 5
404 0
404 2
396 4
200 4
198 4
198 2
197 4
197 3
189 0
187 5
248 3
222 3
213 0
213 4
188 1
190 5
214 0
214 4
188 1
188 0
185 2
185 4
182 4
182 5
212 4
184 3
184 5
207 0
207 3
196 2
195 1
196 5
272 1
272 2
269 3
243 3
235 5
352 3
313 2
311 3
292 3
288 2
287 5
488 1
489 4
194 4
190 5
207 5
291 3
248 0
247 1
247 5
397 5
552 3
487 3
453 2
450 3
427 3
419 0
419 4
202 2
201 5
226 5
318 3
272 0
272 3
260 3
255 2
253 3
253 4
191 4
190 0
190 5
282 5
398 4
198 5
206 2
204 1
204 5
269 2
266 4
186 4
186 1
188 1
192 4
189 1
189 5
202 4
185 4
185 2
185 5
205 4
186 1
189 4
188 4
188 3
186 5
203 4
184 2
184 0
183 5
241 3
212 2
211 2
210 0
206 4
186 0
185 4
183 5
206 1
205 0
205 3
197 5
287 3
246 4
189 1
189 2
188 3
186 5
222 4
181 4
181 3
181 4
180 4
180 4
180 5
204 4
181 3
182 4
182 2
181 0
178 2
178 3
179 5
249 3
219 1
221 4
185 1
185 4
184 2
183 0
183 3
183 5
260 3
222 0
221 2
220 2
218 2
217 3
214 3
214 2
213 2
212 3
212 4
184 5
220 5
322 0
322 1
321 3
262 3
250 0
250 3
246 0
246 4
187 0
186 0
186 1
186 5
287 2
284 2
282 4
191 3
186 3
185 1
186 5
214 2
213 5
287 2
284 3
231 2
230 1
231 3
222 0
222 5
344 3
304 2
302 4
199 4
195 1
195 0
191 2
191 1
191 0
191 3
190 1
190 0
190 4
183 4
182 3
183 5
207 3
197 4
183 0
182 3
181 3
181 5
260 4
187 4
186 5
200 5
278 0
278 2
275 5
384 2
379 5
486 3
390 1
389 0
389 5
534 5
693 5
853 3
763 3
713 1
713 5
948 3
902 3
874 4
226 3
210 5
226 4
197 1
197 0
192 0
192 3
192 3
190 4
183 1
185 3
186 3
185 4
183 0
179 4
177 3
178 3
179 4
179 2
180 5
210 2
210 1
210 2
209 4
182 3
185 3
181 0
179 0
179 0
179 3
181 5
245 3
218 4
188 0
186 5
270 1
269 5
375 0
375 2
370 4
195 3
192 3
193 1
193 4
192 5
203 3
197 5
248 5
344 1
344 5
462 2
455 2
450 4
202 4
201 3
193 0
188 3
188 2
187 4
185 1
185 3
185 1
185 5
203 2
201 2
199 2
199 4
185 5
200 5
260 0
260 5
356 2
352 3
267 0
264 0
264 2
262 1
262 5
392 2
388 1
388 3
328 4
199 1
199 0
196 4
188 4
185 4
185 4
185 2
185 3
186 0
186 2
186 3
186 1
186 1
186 3
187 3
187 3
186 3
185 3
185 4
180 2
180 5
210 1
210 5
298 4
193 1
193 3
188 1
188 0
183 2
183 0
183 0
183 5
249 2
247 1
246 2
245 4
186 3
184 4
184 1
184 5
198 3
191 4
184 3
181 4
181 5
198 0
198 3
193 3
190 4
183 0
182 0
182 3
184 5
254 3
222 3
218 1
218 2
216 4
190 1
190 4
186 5
208 4
187 3
186 2
185 1
185 3
186 1
186 2
185 3
186 0
183 0
183 5
261 0
261 4
185 3
182 4
180 3
180 3
180 2
180 4
180 4
180 4
180 3
181 0
180 0
180 0
180 2
180 3
180 3
180 5
249 0
249 2
246 1
244 3
211 2
210 3
205 0
205 0
205 4
185 5
217 5
317 0
317 2
314 3
265 4
196 0
188 0
188 4
185 0
185 4
184 0
184 4
184 5
216 5
305 5
410 0
410 4
200 3
200 2
198 1
198 3
197 5
210 2
208 5
259 5
346 3
268 2
265 3
239 2
237 3
229 0
229 0
229 3
224 3
224 2
223 3
223 4
188 4
183 5
211 0
211 5
306 4
195 3
192 4
192 3
191 5
200 5
257 3
229 3
216 5
297 1
298 2
295 5
430 4
200 3
197 0
193 3
192 3
191 0
191 3
192 5
262 0
262 0
262 1
263 3
228 0
227 4
189 3
184 3
184 4
183 1
183 2
182 5
208 5
288 3
243 4
194 2
193 2
192 0
189 4
186 1
186 3
187 4
187 3
184 4
184 0
183 1
184 0
184 3
185 2
184 2
184 0
184 1
184 5
245 2
243 2
241 3
213 1
213 3
208 4
186 0
183 2
183 0
183 4
179 3
179 5
214 0
214 2
212 2
212 1
212 4
181 4
181 0
178 3
178 1
178 4
177 3
177 4
177 5
208 4
182 2
182 4
182 2
183 3
183 3
183 3
182 5
201 4
183 0
181 2
181 1
181 3
180 2
179 1
179 1
179 4
178 4
178 5
209 3
200 2
199 3
196 2
195 4
179 2
178 3
179 1
179 4
179 0
178 2
178 1
178 2
178 0
178 3
178 0
178 4
177 4
177 4
177 5
211 4
181 0
177 4
177 3
178 5
210 5
297 2
294 5
400 3
322 4
202 0
196 5
278 0
278 1
278 5
379 3
310 2
308 3
282 4
199 3
191 3
189 0
187 0
187 0
187 3
188 4
185 0
182 3
182 4
181 4
180 5
209 2
209 0
209 3
196 0
196 3
194 5
298 2
295 2
292 4
186 1
186 3
185 2
185 0
185 2
185 1
185 2
185 0
185 0
185 1
185 3
185 3
186 4
180 4
179 2
179 0
179 2
179 3
180 5
251 3
220 4
188 3
182 1
182 2
181 2
181 1
181 3
182 2
181 3
183 4
183 0
183 3
183 4
181 0
181 2
181 1
181 3
182 4
182 2
181 3
181 0
180 2
180 3
180 4
180 2
180 2
180 2
180 3
181 2
180 1
180 4
180 4
180 5
204 5
279 2
276 4
189 4
189 3
188 3
185 0
183 5
245 2
244 0
244 1
244 3
208 3
203 0
203 4
181 3
180 4
180 4
180 4
180 1
180 4
180 2
180 4
180 5
212 4
182 4
182 4
182 5
203 0
203 3
191 1
191 2
190 2
189 4
180 0
180 1
180 2
179 0
179 1
179 1
179 4
177 3
177 5
213 3
199 4
184 5
212 4
182 4
181 3
181 2
181 1
181 2
181 3
182 4
181 2
181 4
181 4
181 0
180 3
180 2
179 0
179 0
179 4
178 2
178 4
178 2
178 3
179 0
179 5
251 4
183 3
182 2
182 2
182 4
182 3
183 1
183 3
182 2
182 1
182 1
182 3
183 5
203 2
201 5
274 0
274 2
271 2
268 2
267 2
267 0
267 3
221 3
212 4
188 2
187 3
187 0
185 2
184 4
182 2
181 4
181 4
181 3
180 2
180 2
180 4
180 0
180 2
180 0
180 3
181 3
180 3
181 1
181 0
181 0
181 0
181 3
181 0
181 5
263 4
189 1
189 3
186 4
184 2
184 3
185 3
182 5
202 4
184 3
185 5
202 3
197 0
195 3
194 4
183 4
180 5
208 5
297 4
187 3
187 3
188 4
187 4
187 3
184 5
199 4
185 2
185 4
185 0
183 1
183 5
249 4
184 2
184 0
184 4
184 3
185 3
185 4
185 0
183 5
248 2
247 4
188 1
188 3
187 2
187 2
187 1
187 4
187 5
202 0
202 1
202 0
202 5
273 3
221 0
220 3
216 4
190 2
189 1
189 0
189 5
286 1
286 1
286 3
247 3
238 0
238 3
236 4
193 3
187 0
187 4
185 4
184 0
184 3
184 0
184 3
185 0
185 3
185 4
181 0
181 2
181 5
264 3
234 0
233 4
187 4
184 4
184 1
184 4
184 4
184 2
183 1
183 3
181 1
181 3
182 2
182 0
182 1
182 0
182 0
182 2
181 4
180 1
180 3
178 3
178 3
178 3
177 1
177 5
221 3
205 2
204 3
202 3
199 0
199 3
199 3
199 4
186 3
179 2
179 2
179 2
179 2
179 5
222 2
219 4
183 0
179 1
179 0
179 2
179 3
181 0
181 2
180 3
181 3
181 3
181 2
180 2
179 5
259 3
224 0
224 4
187 0
185 5
273 0
273 0
273 5
384 0
384 0
384 0
384 4
196 5
207 4
184 4
184 0
182 0
182 0
182 3
183 0
183 0
183 4
179 3
179 0
179 2
178 3
178 3
179 5
245 5
339 0
339 3
265 4
192 4
189 1
189 0
186 3
185 2
184 3
184 3
183 0
183 1
183 0
183 4
180 5
212 3
200 2
199 1
199 1
199 4
185 4
185 1
189 2
185 0
185 5
267 3
228 3
221 3
216 0
215 5
344 2
340 2
337 2
334 0
334 4
194 2
190 2
189 4
189 0
186 5
267 2
264 3
227 5
331 1
331 1
331 4
189 4
188 3
182 1
182 3
183 5
211 5
296 4
187 2
186 2
186 3
186 4
184 4
184 3
184 3
185 5
198 0
198 3
193 1
193 4
179 3
182 4
182 2
181 5
205 0
205 4
183 2
182 3
182 0
179 2
179 3
180 3
179 4
179 0
179 4
178 3
178 3
179 4
179 2
179 1
179 3
179 0
179 4
178 1
178 4
178 3
178 4
178 1
178 2
178 5
214 5
298 0
298 3
241 4
186 2
185 0
182 4
180 4
180 3
180 0
180 4
179 3
179 4
179 0
179 0
179 1
179 0
179 2
179 1
179 3
180 5
252 3
221 3
212 2
211 1
211 1
211 0
211 5
340 5
477 3
403 4
209 5
218 1
218 1
218 0
216 4
194 3
187 2
186 5
206 5
289 1
288 3
236 0
236 3
228 4
187 0
186 0
186 3
184 5
274 0
274 0
274 3
236 0
236 1
236 3
231 3
230 4
184 0
184 2
183 2
182 3
183 2
182 3
183 4
181 0
181 3
181 4
180 4
178 0
178 3
179 4
179 0
179 3
179 5
269 3
237 2
235 5
350 4
193 0
191 0
191 0
191 3
190 3
189 3
189 4
182 5
220 0
220 2
218 4
182 0
180 1
180 1
180 3
180 1
180 2
180 4
180 5
215 0
215 2
213 4
187 4
184 4
184 1
184 3
184 1
184 0
182 5
248 5
343 2
340 3
263 3
242 2
241 2
240 0
240 5
373 4
200 2
199 0
195 5
285 5
401 3
328 0
328 2
325 0
325 0
325 2
322 3
300 2
297 2
295 2
293 3
279 1
279 4
193 1
193 4
190 3
183 3
183 5
214 0
214 0
214 4
184 4
183 3
183 0
181 2
181 0
181 4
178 0
178 5
255 4
183 0
180 0
180 0
180 3
179 3
179 0
179 4
177 0
177 3
178 1
178 4
178 4
178 4
178 2
178 5
212 0
212 3
197 0
197 5
304 3
265 5
398 3
359 2
357 5
568 0
568 0
568 3
525 3
510 4
205 1
205 3
198 0
191 0
191 5
282 0
282 3
243 4
190 3
185 3
186 1
186 3
182 3
181 3
182 4
181 3
181 4
181 3
180 2
180 2
180 2
180 4
180 4
180 4
180 3
181 2
181 0
179 2
178 4
178 0
178 2
178 2
178 5
246 4
185 0
182 0
182 3
182 0
182 5
256 2
254 2
252 5
351 1
350 0
350 0
350 4
194 2
194 2
194 2
194 4
192 4
192 0
185 5
246 0
246 4
184 2
183 2
183 5
205 3
193 3
189 4
181 3
181 1
181 4
181 4
181 1
181 3
183 4
183 3
180 2
180 2
180 0
178 5
247 4
185 3
185 2
185 3
187 0
184 2
184 1
184 0
184 1
184 0
184 3
183 2
182 3
182 4
180 2
179 2
179 3
182 3
181 3
182 1
182 2
181 2
179 1
179 2
179 1
179 1
179 4
179 3
179 0
179 5
247 5
342 5
446 3
331 3
293 2
290 1
290 5
418 1
418 5
585 4
218 2
215 3
204 4
200 2
200 3
194 5
210 0
210 3
202 3
197 4
186 3
186 3
184 4
184 4
184 0
183 4
181 4
181 4
181 3
181 0
179 4
179 3
180 3
179 3
180 2
179 2
179 0
179 4
179 1
179 2
179 2
179 0
179 0
179 4
179 4
179 4
179 0
179 0
179 1
179 4
179 4
179 4
179 2
179 1
179 3
179 4
179 5
205 5
289 5
394 3
296 3
268 2
266 5
390 0
390 3
347 4
200 3
192 0
191 3
189 2
188 3
187 5
270 1
269 1
269 5
378 5
501 2
495 3
398 3
357 3
342 4
203 3
197 2
196 5
214 2
212 3
196 3
193 0
193 4
184 4
183 5
217 5
305 3
252 2
249 4
185 5
212 2
210 5
305 3
242 0
242 2
240 2
238 5
377 2
373 4
196 4
190 5
202 4
181 2
181 2
181 3
183 3
182 3
184 3
184 3
184 1
184 0
183 5
245 3
216 2
215 0
214 3
212 0
211 3
210 5
327 3
285 1
285 5
455 2
450 5
635 5
826 0
826 3
765 3
725 4
210 3
197 3
198 3
197 3
197 3
195 0
191 2
191 2
191 5
256 3
225 2
223 0
223 3
218 4
192 3
188 3
187 0
186 4
186 3
185 4
185 1
185 0
185 5
261 2
260 2
258 3
217 0
217 0
217 0
217 3
214 3
213 5
336 4
194 3
185 5
215 4
185 0
183 2
183 4
182 1
182 2
182 4
182 4
182 4
182 3
182 1
182 4
182 4
182 3
182 4
182 2
181 1
181 3
182 3
181 0
181 1
181 4
180 3
181 5
203 2
201 3
194 3
192 5
261 0
261 5
372 4
189 0
185 3
184 4
182 3
180 2
180 5
212 4
183 2
183 1
183 3
183 4
183 5
203 1
203 3
198 2
197 5
254 0
254 5
357 3
294 2
291 3
265 3
254 2
252 4
190 3
188 0
187 3
187 1
187 2
186 3
186 0
186 3
186 0
186 4
181 3
179 5
217 1
217 2
215 4
184 2
183 4
182 1
182 0
179 1
179 3
179 4
178 3
177 5
207 0
207 4
182 3
181 4
181 0
177 3
179 0
179 5
254 3
221 3
208 2
206 2
205 4
182 2
181 0
181 3
182 3
181 3
182 3
181 3
182 4
179 3
179 3
180 5
213 0
213 2
212 3
203 0
203 3
201 2
200 4
183 0
182 3
182 0
182 4
179 5
217 5
315 3
260 4
187 3
182 3
181 5
216 4
181 2
180 1
180 3
181 1
181 2
180 3
180 0
177 2
177 4
177 5
210 2
210 2
208 5
289 3
242 5
335 0
335 0
335 4
190 5
210 3
201 2
199 0
199 3
199 2
198 0
198 3
198 4
185 0
184 2
184 5
267 5
372 2
368 4
194 -1
328 0
296 4
227 1
227 1
227 1
229 0
220 5
286 1
289 5
376 0
376 1
373 4
216 2
214 1
216 5
219 1
220 3
207 1
207 3
204 1
204 0
199 0
199 0
199 1
200 3
199 5
278 1
278 3
243 3
236 2
235 3
228 2
227 3
224 3
224 2
222 5
345 0
345 1
345 0
345 1
345 1
346 2
343 0
343 1
343 1
342 4
190 5
209 4
185 0
182 1
184 3
185 1
187 4
184 0
181 4
180 3
181 0
180 4
178 3
180 1
180 2
178 2
178 1
178 3
179 1
184 4
183 4
183 5
204 3
199 2
198 3
193 3
191 5
265 0
265 1
265 0
265 3
242 0
242 1
243 1
243 1
243 3
235 5
386 1
386 4
192 3
182 3
184 3
182 2
181 4
180 0
177 3
179 3
178 4
178 1
178 5
217 3
208 5
283 5
398 1
396 0
396 1
396 4
197 4
197 5
205 0
204 1
204 2
202 3
198 3
193 0
193 4
187 5
214 0
214 0
214 2
212 3
204 4
184 0
184 2
183 0
183 5
262 5
361 5
474 2
466 4
197 5
210 4
191 4
191 3
188 0
185 5
243 1
243 2
242 1
241 2
238 1
237 5
325 3
255 1
255 3
232 1
233 4
186 2
185 2
184 2
183 1
187 5
212 2
212 4
185 0
181 0
181 0
181 4
179 5
208 4
183 3
184 4
183 2
183 2
184 0
182 3
181 5
234 1
234 0
233 1
233 1
232 5
318 0
318 5
430 1
429 2
424 1
421 3
326 4
199 3
189 5
210 4
188 4
187 5
204 5
261 4
192 3
191 5
208 5
262 1
262 4
185 5
210 1
208 2
206 2
205 4
185 4
185 1
185 0
184 0
184 4
183 1
185 2
185 3
185 1
185 5
207 4
188 3
190 1
190 4
190 1
194 2
190 4
190 2
188 1
192 4
191 2
191 1
195 4
194 4
194 3
194 5
203 0
201 3
196 4
185 0
184 5
237 0
237 1
237 1
237 2
235 2
232 4
188 3
188 5
207 4
184 3
186 1
186 0
185 2
184 4
181 4
181 0
181 3
182 5
239 3
210 1
210 1
213 0
210 0
210 2
209 2
208 3
204 3
203 2
202 4
183 2
182 2
181 3
181 3
181 4
181 3
181 0
181 2
181 1
183 5
276 3
237 0
237 1
237 1
239 5
382 5
540 4
203 3
194 3
193 0
188 4
186 1
189 0
186 4
185 4
185 1
188 4
187 1
187 4
187 2
186 1
188 4
188 5
207 3
198 3
199 4
190 2
189 4
189 4
189 4
189 3
187 3
188 2
189 0
187 3
186 4
181 3
178 1
178 2
178 2
179 5
211 1
211 4
182 5
208 5
279 2
276 4
186 0
184 2
184 2
185 0
185 0
185 2
185 4
182 3
185 3
183 3
181 5
203 4
182 2
182 3
186 4
186 5
201 1
201 1
202 1
203 1
203 2
201 4
181 2
182 0
180 3
181 3
181 0
181 3
181 0
180 5
258 3
220 0
220 0
220 2
219 3
213 3
211 1
211 1
211 5
326 0
326 1
326 2
323 1
323 5
466 4
196 4
192 5
206 2
204 1
203 0
202 4
184 2
184 4
184 4
184 0
183 0
183 4
183 4
183 3
183 1
185 3
182 3
183 0
183 3
182 1
182 0
182 1
182 2
181 4
180 5
208 1
209 1
209 0
209 0
209 3
196 1
196 3
193 4
183 4
182 1
182 3
182 5
211 0
211 4
185 3
184 0
182 1
183 4
182 5
204 5
281 4
185 0
182 3
180 5
253 0
253 4
186 0
185 0
185 2
184 4
179 3
180 2
181 0
181 0
181 5
252 5
342 3
273 3
241 3
232 1
232 5
349 3
315 5
499 2
495 4
198 1
198 1
198 3
190 1
192 3
190 2
189 2
188 2
188 0
181 5
255 4
190 4
188 1
188 1
189 3
188 4
186 4
186 1
186 3
185 5
199 2
198 5
259 3
231 2
230 5
307 4
196 4
194 5
204 4
191 4
189 2
190 0
187 3
186 1
187 2
186 3
185 0
185 5
258 0
258 4
187 0
184 1
184 0
183 2
183 2
183 3
182 1
182 2
181 4
179 3
179 1
181 2
180 1
180 5
208 3
196 1
197 1
198 4
182 2
181 5
207 4
184 4
184 3
183 3
184 4
184 0
181 3
180 3
180 5
253 2
251 4
185 4
184 3
182 1
182 2
181 1
181 3
182 2
182 2
183 0
182 3
181 3
181 2
180 1
182 1
185 5
241 2
239 2
238 2
239 0
239 4
184 3
182 0
180 2
179 2
179 1
179 4
179 0
179 2
179 5
245 4
181 3
182 1
182 5
203 2
201 2
199 5
266 3
232 4
188 2
187 3
186 0
183 4
181 4
181 3
182 3
181 1
183 1
185 5
204 2
202 0
202 4
182 3
182 0
180 4
179 4
179 3
179 5
200 0
200 4
181 4
181 1
184 4
184 1
184 3
181 3
182 3
182 4
182 2
182 1
182 1
182 2
181 4
181 0
179 4
179 4
179 3
179 3
180 2
179 0
179 2
179 4
179 0
179 3
179 5
241 0
241 4
183 4
183 5
197 0
196 3
190 0
190 3
190 2
189 1
189 3
189 4
182 3
181 2
182 1
182 5
206 4
182 0
181 1
181 5
245 0
245 2
244 1
244 3
216 2
215 4
185 3
181 3
181 1
181 4
181 4
181 4
181 0
181 4
181 3
181 3
181 1
184 4
183 0
181 4
180 3
180 2
180 2
181 2
181 2
181 2
182 2
183 5
218 2
216 0
216 2
217 4
185 4
184 5
201 3
192 5
253 1
253 2
251 2
249 5
357 3
291 4
190 3
185 3
183 4
183 0
182 4
181 3
182 3
181 5
199 4
185 4
184 1
184 3
185 4
185 2
185 1
185 5
198 2
196 2
194 3
189 4
185 4
185 5
200 4
183 0
182 3
183 3
182 3
184 4
181 3
180 2
180 2
179 4
179 3
181 0
181 3
181 1
182 4
179 2
179 2
179 5
198 5
278 5
376 2
372 0
372 2
368 4
199 4
198 3
192 0
187 0
187 2
186 5
255 3
222 1
222 5
306 3
273 5
411 4
198 2
196 0
192 5
268 1
269 2
266 2
264 4
191 2
190 2
188 0
181 3
183 0
183 4
178 4
178 1
178 2
179 1
179 2
180 4
180 2
181 5
207 5
278 2
278 3
233 2
230 1
230 0
229 2
228 5
338 5
472 5
608 2
600 0
600 2
589 0
589 4
211 3
202 0
196 5
267 4
187 2
186 3
184 0
182 1
182 5
243 5
334 3
269 2
267 5
362 0
362 4
200 3
198 0
193 1
193 0
192 5
267 1
267 3
231 4
196 2
195 2
194 0
192 2
191 0
191 0
191 2
190 2
189 4
187 4
186 3
186 1
186 2
186 2
186 2
185 4
185 3
186 3
185 4
185 4
185 3
185 5
213 4
187 3
188 2
187 4
187 2
187 3
187 3
187 0
183 2
183 4
181 2
181 2
181 1
181 4
181 4
181 0
181 4
181 0
181 4
181 4
181 0
181 2
181 3
182 4
182 1
182 0
182 2
181 3
182 2
182 1
182 0
182 3
182 2
182 3
182 2
182 4
181 4
181 5
208 3
197 4
187 5
208 0
208 3
198 3
195 5
260 4
189 3
188 0
185 4
182 1
182 0
182 2
182 2
182 3
182 3
182 1
182 3
182 2
181 3
181 1
181 4
180 0
180 4
179 1
180 2
180 2
180 3
179 5
213 4
185 2
182 2
181 3
181 1
181 3
181 1
181 3
181 4
181 3
180 2
180 2
181 1
181 1
181 4
181 0
180 5
239 3
214 3
205 0
203 4
185 2
184 0
184 1
184 5
271 3
232 0
232 0
232 3
228 1
228 4
189 3
186 4
183 0
182 2
181 2
181 5
269 1
268 4
185 3
185 1
185 4
184 0
182 4
182 0
182 0
182 1
182 3
183 0
183 0
183 0
183 5
259 4
186 5
204 4
185 0
185 3
184 5
250 5
339 4
191 1
191 2
190 4
189 2
189 4
189 0
186 4
182 0
182 4
182 0
182 2
182 4
181 3
181 0
181 0
181 5
238 3
204 5
273 2
270 0
270 4
189 4
187 3
185 5
204 4
184 1
184 5
199 0
198 4
181 1
181 0
181 3
182 5
243 2
241 4
184 2
183 5
206 4
183 2
183 2
183 0
182 5
245 4
182 3
183 5
201 2
199 5
265 0
265 4
185 1
185 4
185 2
184 0
183 3
183 5
233 5
317 1
316 4
194 1
194 4
194 4
194 3
189 2
189 2
189 3
190 1
190 2
189 0
184 4
181 3
183 1
183 1
183 0
182 4
181 4
181 1
181 3
183 5
201 4
183 0
182 1
182 2
182 1
182 3
183 0
183 2
183 0
183 0
183 2
183 4
181 4
180 3
184 0
183 0
183 3
183 0
183 4
180 4
180 5
201 0
201 1
201 1
201 2
199 4
183 5
201 3
195 4
184 3
181 4
181 0
181 2
181 0
181 2
181 4
181 4
181 4
181 5
201 2
199 3
194 0
192 4
185 4
183 2
183 0
183 4
181 5
205 5
278 4
187 0
183 0
183 4
181 2
181 3
182 2
182 4
182 4
182 3
183 0
182 4
181 0
181 0
181 4
180 4
180 2
180 4
180 2
180 2
180 0
180 0
180 3
182 2
181 0
181 5
245 2
242 5
333 3
273 2
269 1
269 4
201 2
198 3
194 4
191 0
186 1
186 0
186 4
181 5
206 3
196 2
195 2
194 2
193 5
254 4
190 0
185 4
182 0
182 5
249 1
249 2
246 4
184 2
183 2
183 3
184 4
183 4
183 1
183 5
203 3
198 4
181 4
181 3
180 2
180 4
180 0
180 0
180 0
180 4
179 4
179 5
200 2
199 2
199 4
182 4
182 4
182 0
180 4
180 4
180 2
180 5
201 4
182 2
183 3
183 3
182 0
179 0
179 5
241 3
210 5
289 2
286 1
285 2
283 0
283 2
281 4
190 4
186 5
203 1
202 5
279 0
279 4
189 4
189 0
186 2
186 2
186 1
186 2
186 3
188 2
187 1
187 5
247 2
245 5
343 0
343 5
458 5
567 3
457 4
208 1
208 3
202 4
197 2
195 4
195 0
189 3
190 4
186 2
185 5
206 2
204 1
204 5
273 2
270 3
239 4
202 0
197 0
197 5
273 1
272 0
272 4
196 3
188 1
188 5
217 5
287 1
286 4
189 3
193 4
192 1
192 5
203 2
201 2
200 0
200 1
200 4
187 2
187 4
187 0
183 2
183 2
183 4
182 2
182 1
182 1
182 1
182 5
211 5
280 0
280 0
280 2
277 2
274 4
189 4
189 4
189 2
189 1
189 4
189 1
189 3
191 0
188 2
186 3
188 5
239 0
239 5
315 5
413 4
199 3
201 3
195 0
192 1
192 2
191 3
189 3
189 5
232 3
211 4
191 3
191 2
189 2
188 2
188 5
209 4
190 3
188 5
206 1
206 0
205 3
196 2
195 1
195 0
194 3
192 3
193 1
193 2
192 5
276 3
243 2
241 4
192 5
214 2
212 0
212 0
212 5
308 4
188 3
186 0
183 3
184 3
184 4
183 5
200 2
198 4
185 2
185 4
185 1
185 2
185 4
185 4
185 4
185 0
182 4
181 4
181 4
181 2
181 5
199 4
182 2
182 0
181 0
181 5
244 4
184 5
199 4
185 0
184 4
182 2
182 4
182 4
182 2
182 2
182 4
182 1
182 5
197 1
197 2
197 2
197 4
183 3
183 2
183 3
185 0
182 3
183 4
179 0
179 4
179 5
198 0
198 5
273 1
273 0
273 4
188 3
188 4
188 1
188 0
183 3
185 2
184 0
183 0
183 3
182 5
249 3
217 4
186 0
184 4
180 0
180 0
180 3
181 2
180 4
180 0
180 5
254 0
254 0
254 2
252 2
250 3
213 0
213 4
186 3
183 5
211 4
184 5
207 4
182 2
182 3
184 3
185 0
183 3
183 1
183 3
182 0
182 3
182 1
182 1
182 4
180 5
206 0
206 4
184 1
184 5
200 2
198 1
198 3
188 1
188 2
187 2
186 4
180 5
206 4
183 2
183 3
186 3
186 4
186 3
186 0
183 4
181 3
182 4
182 1
182 4
182 5
205 4
180 3
183 1
183 1
183 3
182 3
182 3
182 5
204 4
180 4
180 5
201 0
201 5
283 2
280 4
190 0
185 2
185 5
249 1
249 4
189 4
188 0
185 0
185 5
249 5
340 1
340 4
190 4
190 5
202 4
187 2
187 2
187 0
184 3
183 0
183 5
244 3
216 2
215 3
209 3
207 0
207 2
205 2
204 5
325 3
277 3
268 2
266 4
186 2
185 0
185 0
185 4
182 4
180 5
208 5
302 0
302 3
258 5
373 0
373 2
370 0
370 3
322 4
194 2
191 4
188 3
184 2
184 4
183 5
210 3
195 1
195 1
195 2
194 5
265 4
185 1
185 0
182 5
250 1
250 4
190 1
190 2
189 2
189 3
192 4
191 3
188 4
188 2
188 5
202 0
201 0
201 4
183 2
183 2
183 3
186 3
184 0
181 1
181 2
181 2
181 1
181 1
181 4
180 2
180 0
180 5
240 0
240 4
184 2
184 5
207 0
207 5
283 2
280 3
236 1
236 2
234 5
314 1
314 2
310 3
274 1
274 2
272 4
194 3
192 3
192 2
190 4
188 0
186 1
186 4
183 1
183 3
183 4
183 3
183 3
184 4
184 4
184 5
209 5
291 3
247 2
244 4
185 2
184 1
184 3
183 3
182 2
181 1
181 0
179 5
252 5
353 3
272 2
269 2
266 1
265 0
264 4
183 4
182 1
182 0
182 4
181 4
181 3
180 2
180 3
181 3
181 0
180 5
254 4
184 4
184 0
180 5
249 4
183 0
181 4
180 5
206 5
288 3
240 3
227 4
186 0
185 3
186 2
185 2
184 3
182 4
180 0
180 0
180 0
180 0
180 4
179 3
181 2
179 1
179 5
209 5
295 4
192 2
191 0
184 5
244 5
328 4
196 0
190 3
190 0
189 3
189 1
189 5
249 3
218 5
298 4
196 1
196 4
189 4
189 5
206 5
279 3
237 4
195 4
193 5
208 4
192 2
191 1
191 3
192 0
189 2
188 5
253 4
187 1
187 3
188 5
214 3
198 1
198 3
197 0
197 2
196 2
195 0
195 3
193 4
180 4
178 4
178 5
207 4
183 3
182 2
182 2
182 0
180 2
180 2
180 3
182 4
180 3
180 5
205 0
205 3
195 1
195 2
194 5
258 2
256 4
188 5
205 4
185 4
185 4
185 0
180 5
245 4
187 4
187 4
187 0
180 4
179 4
179 5
203 3
194 2
193 0
190 4
183 4
182 3
180 2
179 1
179 1
179 0
179 3
180 5
247 4
186 1
186 2
185 4
185 3
187 5
206 3
195 4
185 4
184 3
184 1
184 4
184 3
182 0
180 2
179 2
179 0
179 1
179 2
179 2
179 1
179 5
248 0
248 4
181 0
178 3
180 3
179 3
178 2
178 3
179 1
179 3
179 0
179 3
180 0
180 0
180 3
181 0
181 1
181 4
178 2
178 5
211 0
211 3
197 3
198 0
197 1
197 2
196 4
185 2
184 5
212 0
212 4
189 0
182 4
179 0
179 4
179 4
179 3
182 4
181 2
181 4
181 4
181 3
180 5
206 1
206 4
181 1
181 4
181 0
179 4
179 0
179 2
179 2
179 4
179 3
180 4
180 3
179 1
179 2
179 2
179 2
179 4
179 0
179 5
240 4
184 2
184 2
184 3
183 2
183 4
183 1
183 2
183 0
180 1
180 5
236 0
236 5
321 5
421 2
416 4
201 0
195 3
192 0
192 3
192 4
188 3
186 0
185 4
183 1
183 4
183 5
208 5
276 4
188 5
207 0
207 2
205 0
205 3
193 2
192 2
190 3
189 4
184 0
184 4
183 2
183 2
182 5
212 5
300 4
190 3
188 3
188 3
189 2
189 4
189 4
189 4
189 5
201 2
199 1
199 2
199 0
197 0
197 0
197 2
197 4
184 3
185 5
203 3
193 2
192 1
192 4
182 0
181 3
182 4
180 3
179 4
179 3
179 0
179 3
181 4
181 5
209 2
207 4
181 3
183 3
183 4
183 0
181 0
181 4
179 1
179 3
179 4
179 4
179 4
179 4
179 0
179 0
179 2
179 3
180 4
179 4
179 3
178 3
180 4
180 4
180 3
179 3
178 3
179 3
179 1
179 5
211 5
282 3
225 0
223 3
219 2
218 1
218 4
190 1
190 0
190 4
184 2
183 4
181 2
181 5
217 1
217 2
215 3
200 4
182 4
181 4
181 2
181 5
217 0
217 4
184 3
186 4
186 5
211 5
291 5
398 2
394 0
394 4
198 3
197 5
206 1
206 4
188 5
210 2
208 4
189 4
189 3
190 4
190 2
190 4
190 5
210 2
208 1
208 4
189 0
185 5
235 4
188 5
208 4
187 5
209 1
209 0
209 0
209 1
209 3
197 1
197 4
188 4
187 2
187 2
186 0
185 5
246 0
246 0
246 0
246 1
246 2
245 2
245 5
337 5
448 4
199 3
198 3
195 5
216 0
215 2
213 5
284 5
377 3
292 1
292 4
199 1
199 4
198 4
198 4
198 4
198 3
193 4
192 4
192 0
184 1
184 3
184 3
184 2
183 5
236 3
216 3
209 3
205 2
204 1
204 2
203 3
201 3
199 3
199 2
198 1
198 4
184 2
183 1
183 2
183 4
183 2
183 2
183 0
183 5
257 3
222 3
215 5
308 2
305 1
302 4
186 1
186 4
182 3
184 0
183 1
183 5
263 4
184 -1
328 3
254 4
254 4
254 5
247 5
260 5
296 3
253 0
251 1
252 1
252 5
367 5
508 5
652 1
652 3
561 4
228 5
226 1
227 3
213 3
207 3
207 2
206 3
205 5
262 5
374 3
315 0
315 1
316 0
316 2
313 4
191 5
212 5
288 5
398 4
207 0
193 5
252 0
252 3
221 5
309 3
263 4
191 4
189 4
189 3
188 2
187 0
186 5
260 2
258 1
263 5
359 2
353 0
353 2
349 1
348 4
195 4
194 4
193 0
189 4
187 2
188 0
186 1
187 4
185 5
207 1
208 2
207 5
276 0
276 5
368 4
195 0
185 5
239 1
237 0
237 4
186 4
186 1
188 4
187 3
185 2
183 2
184 0
180 2
181 2
182 4
182 4
182 1
182 2
183 0
183 2
183 2
185 5
240 2
243 5
316 4
195 5
211 2
212 0
211 2
213 0
213 4
190 0
187 4
186 4
186 5
210 3
195 3
193 5
232 0
232 0
232 5
335 5
449 5
567 4
204 5
214 0
213 3
201 0
200 3
195 3
194 1
198 3
196 1
196 4
189 2
185 3
185 2
184 2
184 5
218 4
183 0
181 3
182 2
181 3
183 2
182 5
240 5
326 0
326 0
326 0
326 5
430 5
540 3
425 1
424 3
358 3
335 0
334 0
334 4
202 1
204 4
196 1
196 2
195 1
201 2
195 0
193 5
269 2
267 2
264 0
264 5
367 0
367 0
367 0
367 4
195 5
212 0
211 5
281 1
281 4
196 1
197 0
191 5
261 3
220 1
220 2
218 5
298 3
264 4
184 1
186 5
216 2
214 3
201 1
201 5
282 5
407 0
407 3
337 2
334 3
304 3
294 0
294 1
294 0
294 0
294 2
293 2
292 0
292 0
292 2
291 1
292 3
288 0
288 4
190 1
194 4
192 1
194 4
192 1
192 2
191 5
222 4
188 1
188 0
184 4
182 4
181 2
181 2
181 3
182 1
183 2
182 0
181 0
181 0
181 0
181 3
182 2
181 4
180 4
180 1
180 5
213 1
214 2
212 5
304 3
255 3
233 3
229 5
335 1
336 5
495 3
440 2
436 5
644 4
201 0
197 5
275 3
240 5
355 2
351 4
196 5
219 0
218 2
216 5
301 1
301 1
301 0
301 5
412 0
412 5
536 5
659 4
210 0
200 5
264 0
264 2
261 5
359 3
289 4
207 3
197 4
195 0
190 2
189 4
186 5
203 3
196 3
195 4
185 1
187 2
185 2
185 2
184 3
184 2
184 2
185 0
185 5
248 5
344 2
340 0
340 1
340 0
340 4
199 5
212 2
210 5
269 5
363 1
367 0
367 3
281 3
252 5
358 1
358 0
358 0
358 2
355 3
314 3
306 3
301 4
199 5
220 4
194 2
192 4
191 4
191 1
191 4
191 3
190 4
189 0
182 3
183 4
181 0
181 0
181 2
181 3
181 0
181 1
182 0
182 5
267 0
267 5
374 0
374 4
192 3
189 5
212 4
184 3
184 4
183 2
183 1
186 4
185 4
185 0
184 0
184 2
183 3
184 4
181 5
202 4
183 5
199 2
199 5
259 2
256 1
255 1
255 4
188 0
184 2
184 1
182 4
181 1
181 5
208 3
197 0
195 0
195 4
186 3
184 5
210 5
290 0
290 0
290 4
190 2
190 4
190 1
194 3
187 4
186 3
187 2
186 3
185 2
186 0
182 2
183 2
185 2
185 3
182 0
181 4
179 0
179 0
179 4
179 0
179 5
244 3
210 2
209 2
208 4
185 1
185 3
181 4
180 2
179 5
205 3
199 3
196 3
197 1
199 2
197 3
194 5
269 2
266 4
189 3
185 4
185 2
183 2
183 4
183 3
185 3
186 0
184 2
184 4
182 0
182 4
181 5
200 4
182 3
182 4
182 0
181 3
182 4
180 2
179 3
180 5
200 2
200 3
195 2
194 4
182 2
181 2
180 5
196 1
197 4
181 5
198 2
198 4
182 2
182 2
183 1
183 5
201 3
195 5
247 2
245 5
347 3
279 4
199 3
189 4
187 2
186 4
186 3
187 1
188 0
185 2
184 3
182 3
181 2
180 3
180 0
180 4
178 0
178 0
178 2
178 4
178 2
179 3
180 2
180 2
178 1
178 2
178 4
178 3
180 0
179 2
179 1
179 2
178 2
178 5
255 0
255 3
221 5
312 0
312 2
309 0
309 3
262 4
190 0
190 2
188 2
187 3
188 4
185 3
183 0
182 1
182 5
253 0
253 3
225 3
219 3
216 3
217 2
216 4
182 5
214 4
184 1
185 3
184 5
212 3
203 1
204 4
184 2
183 2
182 1
185 2
184 3
182 0
179 5
261 4
184 3
181 5
205 1
206 3
194 3
191 4
182 5
206 1
206 2
204 4
183 2
182 0
179 1
179 4
179 3
181 4
181 4
181 4
181 3
180 5
204 1
203 2
202 5
279 0
279 0
279 4
186 4
186 4
186 4
186 1
186 2
186 4
186 2
187 0
183 5
245 2
246 0
246 2
245 5
329 2
324 0
324 3
255 2
252 1
254 5
330 1
329 3
291 0
291 4
201 0
196 4
185 5
209 5
289 4
190 2
189 4
189 3
189 3
190 3
188 5
203 2
202 0
202 5
269 0
269 0
269 4
189 2
188 3
190 4
188 1
188 2
187 1
187 2
185 0
181 1
181 2
181 4
179 0
179 4
179 5
201 5
267 0
267 1
266 3
227 5
298 0
298 0
298 5
427 0
427 4
196 2
195 1
195 2
194 2
193 4
193 1
193 3
192 4
191 4
191 5
206 2
204 1
205 5
267 2
264 2
261 2
258 0
258 0
258 3
232 2
230 4
189 1
189 4
189 2
187 4
187 3
189 0
187 5
264 2
262 1
261 4
189 1
189 0
186 0
186 3
186 1
187 0
187 4
180 2
180 0
180 0
180 4
179 3
181 5
209 5
289 1
292 0
290 4
187 2
187 2
187 3
185 0
180 3
181 4
179 3
180 5
208 3
197 1
197 2
196 0
196 5
292 4
193 1
194 3
188 2
187 4
186 4
186 3
184 3
187 1
187 2
186 3
184 5
208 3
195 4
186 1
186 2
185 0
181 4
180 4
180 2
179 1
182 2
179 3
179 0
179 2
179 4
179 0
179 0
179 0
179 3
180 5
243 2
241 2
242 0
242 3
210 5
301 1
300 0
300 1
301 0
301 5
430 1
430 0
430 4
201 0
192 2
191 4
183 5
199 4
183 3
185 0
182 3
182 1
182 0
181 4
178 5
209 3
195 4
181 0
180 2
180 4
179 2
180 3
180 0
180 4
179 4
179 2
179 4
179 3
180 1
180 3
179 3
179 0
179 0
179 5
250 2
249 2
248 5
340 4
188 1
188 3
184 2
184 5
206 4
180 2
181 0
179 2
179 4
179 2
179 5
209 2
209 2
210 2
210 5
289 5
387 5
491 2
484 0
484 4
194 4
194 1
194 0
191 0
191 2
191 4
190 5
213 2
213 3
201 3
197 2
196 1
197 0
196 3
197 0
196 3
193 0
193 4
181 2
180 5
208 4
185 4
185 2
184 4
184 1
184 1
184 4
184 4
184 4
184 3
185 1
185 0
180 0
180 3
181 3
181 2
180 2
179 0
179 4
179 3
180 2
180 1
181 5
207 4
184 0
179 5
247 2
246 0
246 2
243 2
242 2
242 2
242 1
242 0
242 5
334 0
334 4
199 2
198 5
214 0
213 4
192 1
192 2
192 3
189 1
190 5
208 4
188 4
188 5
193 5
251 0
251 0
251 2
251 3
219 0
217 0
217 3
210 5
318 0
318 2
315 1
315 2
312 0
312 2
310 3
271 3
256 0
256 2
254 2
253 2
252 4
201 3
191 3
190 4
188 2
187 2
187 5
224 0
224 1
224 5
330 0
330 2
325 3
263 1
264 4
197 0
193 5
275 2
272 4
196 2
194 5
214 4
184 1
184 3
184 2
184 0
182 2
181 5
245 4
183 3
184 3
183 4
183 2
182 2
182 2
182 0
181 2
181 2
181 2
181 0
181 3
181 4
180 3
179 4
179 2
179 3
180 2
180 2
179 0
179 1
179 4
179 4
179 3
179 1
179 4
179 5
201 5
274 5
379 3
308 3
280 4
193 5
213 3
204 3
204 5
275 2
273 3
237 3
229 3
227 3
224 0
224 0
224 2
222 4
185 1
185 3
181 2
180 3
180 2
179 3
178 5
225 2
225 0
225 2
222 2
222 5
320 3
261 3
242 2
240 4
190 4
189 1
189 1
189 0
185 4
183 5
216 5
306 4
187 2
186 3
184 1
184 4
183 0
180 3
180 2
180 1
180 3
180 2
180 0
180 0
180 1
180 5
247 2
245 4
185 4
185 1
185 2
185 0
180 3
179 1
179 4
179 4
179 3
179 3
180 2
180 4
180 4
180 4
180 5
212 4
183 1
183 3
183 3
183 2
182 3
182 0
180 1
180 5
241 1
241 4
184 3
184 1
184 2
183 2
183 2
183 0
181 4
181 3
181 3
180 2
180 5
208 3
196 2
195 4
183 0
181 4
179 3
180 5
209 5
288 2
285 5
386 1
386 2
382 0
382 3
293 4
191 4
188 2
188 0
186 5
256 2
255 3
221 0
219 1
219 3
214 3
211 5
326 1
325 0
325 3
282 4
191 0
191 3
191 4
186 2
185 1
185 4
184 2
184 5
210 0
210 2
210 4
187 4
186 3
183 2
183 2
183 5
207 4
182 5
205 5
290 4
190 0
186 3
184 1
184 1
184 2
184 4
182 5
207 0
207 3
196 5
268 0
268 5
382 3
304 3
271 1
271 2
270 0
269 3
265 1
265 2
264 3
264 3
264 2
263 2
260 2
259 2
258 2
257 0
257 2
256 4
192 3
186 0
186 4
183 0
183 5
276 3
246 3
236 0
236 5
388 2
384 1
384 0
384 4
195 5
212 0
211 1
211 1
211 4
189 2
188 5
210 1
210 5
297 3
248 5
363 5
516 1
516 0
516 3
435 5
625 0
625 3
575 1
575 1
575 4
212 2
209 4
205 3
192 5
209 1
209 2
207 3
199 2
198 1
198 4
188 3
184 3
183 5
205 3
193 2
192 4
183 5
207 3
200 3
194 5
267 3
240 3
225 3
224 0
224 5
364 5
524 4
204 0
196 1
196 5
277 4
188 4
188 0
187 5
256 0
256 3
228 5
324 2
321 2
318 5
456 1
456 2
452 0
452 1
452 1
452 5
592 2
586 3
496 3
447 2
443 5
655 3
603 2
598 0
598 0
598 3
571 4
208 2
206 4
201 2
200 3
194 4
189 3
189 0
186 0
186 4
186 0
185 0
185 5
253 0
253 1
253 5
350 2
346 3
268 3
248 0
248 4
194 3
190 4
188 0
186 5
262 5
362 1
361 5
471 3
380 4
205 4
201 5
207 2
207 0
204 3
199 2
198 1
198 2
197 2
196 4
190 3
185 4
184 1
184 2
184 2
184 3
187 4
186 4
186 1
186 1
186 1
186 0
183 2
182 2
182 3
183 0
183 0
183 2
182 2
181 3
182 5
241 2
239 4
186 0
182 1
182 2
182 5
234 4
185 5
212 2
212 3
201 0
199 5
286 0
286 3
251 0
251 4
193 5
217 1
217 2
217 1
217 5
308 2
305 4
197 3
191 2
190 4
188 0
184 1
184 0
184 2
183 2
182 0
182 2
182 2
182 4
179 2
179 5
202 4
181 1
181 1
181 3
184 2
183 4
183 0
181 4
179 1
179 4
179 0
179 3
181 5
240 0
240 5
340 3
268 0
267 5
413 2
410 2
407 4
199 2
197 0
191 2
190 4
182 1
182 2
181 5
206 3
201 2
200 0
198 5
300 1
299 5
422 1
420 4
198 0
191 3
193 4
188 0
188 1
188 1
188 2
187 3
187 1
187 0
187 4
185 1
185 5
207 1
206 3
201 3
200 4
184 1
184 3
185 5
210 0
209 4
184 0
182 2
182 1
182 3
183 4
183 5
216 1
214 3
202 5
272 1
272 4
188 5
211 3
200 0
199 4
186 3
184 4
184 2
183 4
183 5
214 1
214 4
185 4
184 4
184 3
183 0
180 3
181 5
255 4
185 0
181 0
181 5
247 2
246 3
214 2
212 1
212 4
186 1
186 2
185 2
184 2
183 0
180 0
180 3
180 0
180 2
180 0
180 3
180 4
179 2
178 4
178 4
178 2
178 3
178 4
178 1
178 5
212 2
212 1
212 2
210 5
302 5
412 3
317 5
440 4
211 2
209 0
200 3
198 5
258 2
256 2
254 3
227 3
215 2
214 5
316 5
458 2
453 0
453 4
200 4
195 5
207 3
198 4
185 4
184 0
182 5
253 2
250 4
185 3
183 1
183 2
183 4
182 2
182 2
182 4
182 2
182 2
182 2
182 5
207 5
276 1
276 2
274 3
228 1
228 2
226 2
224 2
223 5
306 3
264 2
262 3
251 0
251 0
251 2
250 2
249 3
243 2
241 2
240 0
240 3
237 5
400 3
353 5
587 2
583 2
579 1
578 1
578 3
528 1
528 0
528 4
204 2
201 3
191 3
185 2
184 4
179 2
179 2
179 3
180 4
180 5
207 3
198 4
179 1
179 5
201 0
201 4
178 2
178 3
179 4
179 3
180 5
208 2
206 4
182 2
182 2
182 2
182 4
182 0
181 5
250 3
219 1
219 2
218 2
217 5
300 0
300 5
429 1
427 2
422 3
352 2
349 1
349 0
349 3
322 4
197 2
196 5
216 4
187 5
212 2
210 4
185 3
183 3
182 2
182 2
182 1
182 2
182 1
182 4
182 4
182 5
204 1
204 5
274 5
368 0
368 5
473 0
473 2
468 5
573 2
565 3
415 5
522 2
516 2
510 5
652 5
795 3
693 5
881 1
881 3
823 5
1073 0
1073 5
1340 0
1340 0
1340 3
1290 3
1250 3
1224 5
1677 0
1677 1
1677 5
2144 3
2107 4
213 1
213 0
207 5
278 4
200 1
200 3
198 0
195 3
194 4
189 3
190 4
188 0
187 4
186 0
186 3
188 4
188 4
188 3
186 4
186 3
187 2
186 3
186 5
214 4
187 5
211 3
200 2
199 2
198 3
197 2
196 2
195 2
194 3
193 1
193 4
188 4
188 4
188 2
187 5
206 0
206 0
206 1
206 0
206 0
206 3
192 4
185 4
184 5
209 2
207 0
207 1
206 1
206 4
187 0
184 2
184 5
254 5
351 3
271 3
249 1
249 2
248 2
247 3
241 3
236 0
236 3
235 5
388 1
388 5
558 2
553 2
548 3
484 3
451 4
208 1
208 5
224 1
224 2
222 0
221 2
219 3
213 0
213 3
212 1
212 2
211 4
196 4
190 2
189 5
218 1
218 3
208 4
191 5
214 2
212 4
192 2
190 4
188 0
185 5
255 5
354 0
354 2
349 3
278 3
257 2
255 4
197 3
191 2
190 3
192 0
191 2
190 4
188 3
188 0
187 5
267 0
267 2
265 3
233 5
336 3
291 0
291 2
289 3
277 4
194 3
186 1
186 3
186 4
183 2
182 2
182 3
181 0
180 2
179 2
179 0
179 2
179 5
246 2
246 4
183 5
204 5
277 3
237 3
223 1
223 5
314 2
311 0
311 5
450 2
445 2
440 0
440 5
588 5
732 2
724 5
871 0
871 2
862 1
862 2
854 5
994 4
225 3
209 2
208 2
208 3
206 5
209 3
202 0
199 4
192 0
190 2
190 2
190 0
190 0
190 3
191 2
191 2
191 1
191 5
244 1
244 3
217 3
208 2
207 3
203 1
203 5
287 2
284 4
187 5
207 0
205 2
203 2
201 0
201 3
195 4
182 0
180 0
180 3
180 4
178 3
178 4
178 5
212 0
212 0
212 3
201 2
200 5
280 4
189 2
188 2
186 4
184 1
184 2
183 0
180 3
181 0
180 0
180 0
180 4
179 3
180 5
212 5
294 4
190 0
183 5
245 5
334 2
329 5
434 2
429 1
429 5
540 3
401 3
356 3
335 0
334 3
321 4
206 5
225 3
213 2
212 2
211 2
210 2
209 3
207 2
206 0
206 2
205 3
204 3
204 2
203 2
201 5
309 1
308 1
308 3
269 2
267 5
414 5
591 3
538 2
532 3
489 2
486 0
486 1
486 2
483 0
483 1
483 4
217 2
215 3
200 1
200 0
196 3
197 0
197 2
196 5
287 4
190 4
188 1
188 3
188 4
187 2
186 3
186 4
186 3
187 4
187 1
187 3
188 3
187 3
188 3
186 4
186 4
186 4
186 4
186 3
187 3
187 5
204 1
203 0
202 4
183 0
183 4
182 2
182 4
182 4
182 2
182 1
182 2
182 4
182 4
182 5
199 4
183 3
186 0
183 2
182 0
182 2
180 0
180 0
180 3
181 1
181 2
180 1
180 4
180 0
180 3
180 3
180 4
179 0
179 0
179 0
179 3
181 0
181 0
181 0
181 4
179 5
203 5
274 3
230 4
189 4
186 2
185 4
185 3
183 0
181 2
180 3
182 2
181 3
182 2
181 3
180 2
180 4
180 4
180 3
180 2
180 2
180 4
180 5
204 3
194 2
193 3
190 0
190 1
190 5
277 2
274 4
190 4
187 3
184 4
184 1
184 0
181 3
182 3
181 0
181 3
182 3
181 3
182 2
182 0
182 3
182 0
182 3
182 5
257 3
229 1
229 4
188 2
187 4
186 5
207 4
182 2
182 2
181 4
181 4
181 3
183 3
183 4
183 3
184 3
183 2
183 2
183 4
183 5
203 2
201 4
183 2
183 4
183 3
185 2
183 2
183 2
183 1
183 3
185 2
185 0
181 5
243 2
241 2
240 5
338 2
337 1
337 3
258 5
353 0
353 4
203 3
190 4
186 1
186 -1
