5 2000
800 2
799 0
704 5
887 5
1172 1
1171 5
1509 4
551 3
518 1
521 1
521 4
514 3
505 1
505 1
508 2
506 5
537 4
492 2
488 4
488 4
487 5
536 2
534 0
528 0
528 1
528 1
529 4
477 3
482 1
482 4
482 2
481 3
480 3
481 5
528 2
526 0
526 2
524 1
525 2
523 3
505 2
504 2
503 5
644 1
644 0
642 5
893 0
893 4
507 2
506 4
498 2
497 0
488 4
482 3
488 0
483 2
482 5
626 1
626 0
626 2
624 1
627 5
846 4
490 0
480 2
479 2
479 5
614 5
824 4
498 4
498 4
498 3
495 5
539 4
479 0
474 0
474 0
474 2
474 3
477 1
478 0
478 5
626 2
624 2
623 5
840 0
840 1
839 5
1090 4
523 2
519 5
550 0
549 3
518 5
653 5
901 2
897 1
896 2
892 5
1175 4
531 2
530 3
513 2
512 2
511 4
507 3
512 1
512 2
510 2
509 1
512 3
508 3
508 0
491 2
490 0
490 2
489 4
480 2
480 0
479 0
479 3
483 3
481 5
596 0
596 0
596 1
596 3
543 4
490 5
530 4
477 4
477 1
479 3
481 4
481 3
478 4
478 2
477 5
528 4
475 2
474 1
475 4
475 5
525 2
523 2
521 3
504 0
502 3
498 4
473 5
529 2
527 0
527 3
508 2
506 0
504 0
504 1
505 1
506 4
478 5
542 0
542 1
543 1
543 2
541 1
541 2
539 4
481 0
475 4
472 4
469 4
469 3
473 2
472 4
472 4
472 4
472 3
471 1
471 4
471 5
529 4
470 0
467 1
469 4
467 3
473 4
473 5
528 2
526 3
508 0
508 2
506 2
505 2
504 2
503 0
503 5
717 2
713 3
625 0
623 3
601 5
951 0
951 4
501 5
562 2
560 3
532 5
719 5
1031 0
1031 3
858 5
1260 3
1121 3
1057 0
1057 2
1053 3
1023 4
521 5
578 4
490 4
485 0
476 4
469 2
468 3
472 2
471 5
541 3
512 0
512 4
475 0
475 0
475 2
474 0
474 5
655 4
484 2
481 3
481 2
479 5
554 4
473 4
473 3
477 5
537 5
701 5
951 4
498 2
495 2
494 3
493 5
546 2
544 3
514 2
512 4
480 4
479 0
478 2
477 4
472 4
472 1
473 2
472 5
526 4
473 0
471 1
472 3
474 3
473 2
472 0
470 4
467 2
467 5
533 1
534 5
717 4
479 1
479 1
483 2
479 2
479 2
479 3
479 5
524 0
521 0
521 4
471 3
475 1
475 3
473 2
473 2
472 0
470 3
472 1
473 4
469 5
529 4
469 2
469 4
469 4
469 2
469 2
468 4
468 5
529 2
527 5
696 1
696 1
698 0
697 2
694 2
691 5
927 5
1196 4
507 4
505 5
531 2
529 5
651 4
489 4
489 1
490 2
490 3
491 2
489 4
489 0
479 0
479 5
628 3
555 5
739 0
738 1
739 3
648 0
645 2
643 5
1013 1
1014 0
1014 4
514 2
513 5
558 0
554 4
483 2
482 1
482 1
485 1
485 4
479 3
482 0
479 4
468 4
468 5
538 5
724 3
617 2
615 2
613 1
613 4
491 0
484 3
486 3
487 3
484 3
484 2
483 1
483 5
657 4
476 4
474 4
474 3
475 0
468 4
463 5
531 4
466 4
466 2
466 4
466 2
465 3
469 0
465 1
468 2
467 2
466 3
468 0
466 2
465 2
464 2
464 2
463 4
461 5
528 4
464 4
464 4
464 4
464 5
527 4
464 5
527 4
464 3
468 2
468 5
527 2
525 1
525 0
522 2
520 0
520 0
520 5
698 4
479 4
477 0
469 0
469 3
473 2
472 1
472 5
609 3
548 4
480 4
478 0
478 3
478 3
480 0
480 5
656 4
479 1
480 4
478 5
536 3
512 5
658 3
586 2
583 5
827 2
823 4
495 5
547 0
547 1
548 4
477 5
531 5
716 4
478 4
476 4
476 2
476 1
476 2
476 0
471 5
624 5
854 2
849 4
486 0
474 5
623 1
623 4
470 2
470 4
470 0
469 5
626 2
623 2
623 2
623 1
625 2
624 3
545 0
543 4
485 1
485 2
484 1
486 0
484 4
470 0
470 4
469 5
531 3
511 2
510 0
509 4
480 0
478 3
478 2
477 1
479 3
477 2
476 3
478 0
478 2
477 5
683 5
958 4
491 3
488 0
476 3
475 4
470 5
545 4
467 3
471 4
471 0
469 3
471 2
470 5
632 4
470 2
470 1
470 3
472 5
541 4
466 2
466 4
466 0
463 1
465 3
469 1
469 5
629 5
876 0
876 5
1159 5
1446 2
1438 3
1135 2
1129 0
1127 3
977 4
533 0
517 5
725 3
637 3
607 2
603 1
604 4
496 1
496 5
581 4
489 5
549 2
547 2
545 1
544 0
543 3
524 2
523 4
478 1
478 1
480 1
480 4
475 3
475 3
471 5
548 1
548 3
512 0
511 3
506 2
505 4
474 4
468 3
467 2
466 0
465 1
466 3
465 0
465 2
464 2
463 3
465 5
639 2
636 5
908 4
496 3
488 5
553 4
472 3
476 0
469 3
469 4
461 4
461 3
466 2
465 2
464 3
467 2
465 3
469 2
468 2
467 1
467 2
466 0
465 2
464 5
625 4
467 2
466 1
466 0
460 5
624 5
871 1
870 1
870 1
871 3
688 5
953 4
503 2
500 5
548 0
544 1
544 1
546 0
546 4
472 4
469 0
468 1
468 5
621 3
557 5
755 3
660 3
637 0
635 2
633 2
631 1
631 3
628 2
627 4
487 5
571 3
540 3
532 0
530 0
530 4
476 2
475 3
469 0
469 4
466 3
470 4
467 2
466 2
465 4
465 4
465 4
465 4
465 0
464 0
464 0
464 2
463 2
462 4
462 4
462 2
462 2
462 5
549 2
547 2
545 2
543 3
513 3
502 5
696 0
696 5
1004 2
999 3
812 2
809 1
809 1
809 3
743 5
1167 2
1162 4
514 1
514 4
501 2
498 1
498 0
485 4
467 5
542 2
540 2
538 5
748 3
612 2
610 4
495 3
484 3
482 2
481 1
483 2
481 4
478 4
478 4
478 2
477 5
531 0
529 0
529 0
529 4
468 2
468 3
468 3
469 2
468 1
468 2
467 5
529 0
529 4
465 1
465 2
465 1
465 0
465 0
465 5
632 2
631 2
630 0
630 4
471 4
470 0
466 2
466 4
463 0
463 1
463 4
463 3
466 2
465 0
464 5
619 3
554 5
764 0
764 0
764 3
679 3
653 4
482 2
481 1
481 4
476 1
476 1
478 3
472 0
470 2
469 4
466 2
466 0
466 4
465 1
465 4
465 0
465 2
465 1
465 3
468 2
467 3
467 3
469 1
469 4
466 0
466 1
466 4
460 2
460 4
460 4
460 4
460 1
460 3
465 0
464 2
463 2
462 2
461 2
460 4
460 3
466 0
465 0
465 4
460 5
541 3
502 1
502 4
470 5
543 3
505 0
505 4
472 5
545 0
545 5
768 3
636 1
636 4
493 2
492 2
491 1
491 2
490 2
489 4
485 3
480 5
545 3
505 1
505 3
499 4
472 1
472 2
471 3
471 0
467 3
467 5
631 1
631 0
631 4
476 2
475 5
546 5
734 0
734 5
1002 1
1000 5
1280 0
1280 4
516 0
492 2
491 2
491 0
491 2
490 2
490 2
489 2
489 1
489 2
489 3
480 4
472 4
472 0
469 4
465 4
465 5
536 2
534 3
502 4
477 4
477 0
476 4
469 5
535 3
508 5
662 5
923 3
762 1
762 3
696 3
668 4
495 1
495 2
493 2
492 2
489 0
488 2
487 2
486 4
473 4
467 2
467 4
467 3
469 0
468 4
464 3
466 2
466 0
466 0
466 4
464 2
463 2
464 4
464 5
543 0
543 2
541 0
541 2
539 5
755 0
755 5
1033 1
1033 0
1033 2
1027 0
1027 3
788 4
509 1
509 3
489 3
485 1
485 1
485 5
554 0
551 2
549 4
470 3
470 3
469 4
468 3
468 2
467 5
536 2
534 5
705 1
705 3
586 4
481 0
474 1
474 5
631 5
872 0
872 4
500 0
481 2
480 0
480 5
633 4
477 4
476 0
472 2
471 0
471 4
465 4
465 2
465 4
465 1
465 3
471 2
470 1
470 2
469 5
537 2
535 1
534 3
510 1
510 2
509 2
508 5
647 4
479 4
476 2
475 0
468 4
463 2
463 5
536 2
534 2
532 1
532 3
502 5
643 0
642 5
896 4
488 3
481 3
483 3
479 1
479 3
481 5
536 0
533 5
724 4
476 5
534 5
698 4
477 4
477 4
477 3
481 2
480 5
537 4
469 2
469 3
474 3
477 0
474 2
473 1
473 3
474 5
601 2
599 3
549 4
483 2
482 4
479 3
470 0
468 4
463 4
463 4
463 1
463 2
463 5
526 0
526 0
526 5
707 2
704 4
478 5
537 3
506 5
633 2
630 3
577 3
559 4
480 4
476 3
475 5
560 4
471 4
467 2
467 3
470 2
469 1
469 0
465 2
464 3
466 4
460 4
460 0
460 4
459 4
459 2
459 3
464 3
462 4
462 0
461 1
461 1
461 4
458 1
458 2
458 0
458 3
461 3
465 3
463 3
462 5
618 3
559 0
558 5
838 4
491 4
478 5
538 2
536 3
510 3
505 3
504 3
501 1
501 2
500 4
469 2
468 3
468 2
466 5
552 2
550 1
550 1
550 2
548 0
548 0
548 0
548 5
768 2
765 4
476 5
540 2
538 4
470 4
469 0
466 2
466 2
466 1
466 3
465 0
465 0
465 5
646 2
644 2
642 0
642 2
640 0
640 2
638 1
638 0
638 0
638 0
638 4
464 3
467 0
464 4
461 0
461 0
461 2
460 0
460 3
464 0
464 2
463 4
460 1
460 2
460 3
464 4
463 4
463 3
464 4
464 2
463 0
463 4
458 3
464 2
463 1
463 1
463 5
539 3
506 1
506 5
677 3
599 4
477 2
475 1
475 4
472 4
472 4
472 4
472 2
471 4
471 4
471 0
467 5
643 2
640 2
637 0
637 0
637 2
635 3
558 4
477 0
474 3
475 4
462 3
465 1
465 5
543 2
541 3
509 2
508 5
696 0
696 4
480 5
543 4
469 3
473 5
547 4
469 5
531 0
528 1
528 5
738 4
494 3
484 3
485 0
475 1
475 4
468 0
467 4
465 3
471 5
537 0
537 0
537 2
535 4
469 4
469 3
474 4
473 0
470 1
470 2
469 5
623 0
623 0
623 3
550 0
547 2
546 5
818 3
712 4
502 4
494 3
485 1
485 3
483 3
480 2
479 4
478 2
477 2
476 5
525 1
524 4
473 3
476 5
542 2
540 2
538 4
475 1
475 0
471 2
471 2
469 0
469 1
469 0
469 4
466 5
532 4
468 2
467 4
467 0
463 1
463 2
463 2
463 3
466 4
463 1
463 3
462 3
464 1
464 0
463 5
624 0
624 2
622 1
622 1
622 0
622 2
620 4
465 3
464 2
464 0
464 4
461 1
461 2
461 1
461 5
535 3
497 5
662 3
578 2
576 5
839 5
1198 5
1562 4
519 4
507 2
506 4
504 2
501 4
501 3
493 2
492 1
492 4
490 4
490 1
490 3
493 4
493 2
491 2
490 0
481 0
481 0
481 4
474 0
473 3
476 0
476 4
469 0
469 5
603 4
477 5
532 2
530 2
528 0
527 2
527 2
527 3
504 3
495 5
635 3
569 2
567 3
550 2
548 0
546 2
545 1
545 3
543 5
844 2
841 2
837 2
834 0
834 4
500 4
489 0
483 4
474 4
473 1
473 1
473 1
473 2
472 0
472 0
472 2
471 2
471 4
469 1
469 2
468 4
468 4
468 3
472 0
471 2
470 2
469 2
468 4
466 2
466 4
466 2
465 4
465 4
465 4
465 2
465 0
465 0
465 3
468 2
467 1
467 5
606 1
606 2
603 1
603 1
603 3
551 4
479 2
478 5
541 3
515 0
513 1
513 4
477 2
476 3
471 1
471 2
470 5
554 0
554 0
554 2
552 2
550 0
550 2
548 4
468 2
467 1
467 4
467 5
538 4
467 4
467 4
467 4
467 3
470 4
468 0
465 4
460 0
460 5
612 0
612 2
611 1
611 2
607 3
538 5
749 4
479 1
479 2
477 2
476 4
471 3
476 4
476 1
476 3
475 5
530 2
528 0
524 4
466 5
538 3
502 3
500 5
653 2
651 3
584 2
582 1
582 0
581 2
579 0
579 3
571 3
569 2
568 2
567 4
481 4
470 1
470 2
469 1
469 2
468 2
467 4
467 4
467 2
466 5
556 2
554 0
554 2
552 2
550 4
471 2
470 0
466 3
465 3
466 4
464 5
545 3
512 4
472 0
470 0
470 0
470 2
469 4
463 4
463 5
541 4
468 5
538 3
501 2
500 0
500 3
497 3
496 5
709 2
706 3
620 3
593 2
591 2
589 1
589 2
588 1
588 0
587 4
490 0
489 0
489 2
488 2
486 5
696 4
490 2
489 4
481 2
480 1
480 4
480 5
534 3
511 4
471 0
469 4
464 1
464 2
463 3
468 4
468 1
468 1
468 5
533 0
533 2
531 2
529 0
529 5
737 3
618 4
495 4
490 2
488 0
480 0
480 4
465 5
535 2
533 2
531 3
496 0
496 0
496 0
496 2
495 3
493 4
472 3
467 4
465 3
467 1
467 0
465 4
462 0
462 3
465 2
464 3
466 0
466 4
462 3
467 2
466 2
465 4
465 4
465 4
465 3
465 4
465 4
465 4
465 1
467 2
465 1
465 1
465 2
465 5
545 0
545 2
543 3
505 2
504 4
468 3
470 0
469 3
469 3
469 3
469 2
468 4
464 3
468 0
467 0
467 4
464 4
463 4
463 2
463 3
468 3
465 0
465 3
465 1
465 2
464 4
462 2
462 0
462 3
466 1
466 5
631 1
631 4
474 2
473 1
473 4
472 4
472 5
538 0
536 2
534 4
469 0
466 2
466 3
471 4
469 0
468 3
469 4
463 0
463 4
462 4
462 2
462 4
462 4
462 5
533 2
531 3
497 0
493 0
493 4
472 5
540 5
726 3
616 2
614 2
612 3
570 4
481 0
477 0
477 5
673 2
670 4
484 1
484 4
477 1
477 4
477 0
469 0
469 3
469 1
469 5
642 5
902 0
902 2
897 4
486 5
535 0
532 2
530 2
529 3
501 0
501 4
481 2
480 5
542 4
470 3
475 4
472 3
468 2
467 3
472 3
472 2
471 4
471 2
470 0
465 4
462 1
462 0
462 0
462 5
609 3
555 2
554 2
553 2
551 2
550 0
550 2
549 3
541 4
478 2
477 0
477 1
477 1
477 0
477 2
476 4
465 1
465 3
467 3
467 4
465 5
544 0
544 4
469 3
470 3
472 0
467 2
465 3
467 3
467 0
467 2
466 4
462 0
462 0
462 4
458 2
458 2
458 3
461 2
460 4
460 4
460 5
540 4
462 1
462 0
459 2
459 2
459 0
459 3
461 0
461 5
636 2
634 4
470 0
461 3
464 0
464 3
467 2
466 4
460 4
460 5
536 4
463 5
533 0
532 3
502 3
500 1
500 3
498 3
493 4
469 4
465 2
464 2
463 2
462 0
460 2
459 5
632 4
466 0
462 4
458 5
540 2
538 3
496 4
464 2
463 1
463 3
464 5
544 1
544 0
543 2
541 3
508 4
470 1
470 3
468 2
467 4
467 1
467 4
467 0
464 0
464 2
463 5
627 2
623 4
467 3
468 4
468 4
468 4
468 3
468 5
537 2
535 3
505 5
658 2
655 4
472 4
468 1
468 3
470 4
470 0
467 1
467 4
463 2
463 2
463 0
463 1
463 4
463 4
463 2
463 1
463 2
463 0
463 5
617 4
467 1
467 0
464 1
464 2
464 2
464 2
464 4
462 0
462 5
608 3
544 2
542 4
479 5
544 4
468 4
468 4
468 0
463 3
467 4
465 2
464 5
534 0
534 0
534 2
532 2
530 3
499 2
498 0
498 1
498 0
498 2
497 4
470 3
468 1
468 4
466 1
466 1
466 5
533 3
506 0
506 0
506 2
504 4
473 2
472 3
466 0
464 1
464 5
641 4
472 2
471 3
472 3
471 4
469 3
471 3
468 0
465 0
465 0
465 2
464 5
630 3
558 3
537 5
753 2
750 0
750 2
747 4
481 4
474 3
473 4
471 2
470 0
468 0
468 3
470 0
469 2
468 4
461 2
461 2
461 5
535 5
740 3
622 3
577 4
481 3
476 4
472 0
467 1
467 5
649 5
911 1
910 0
910 4
488 3
482 5
545 3
511 3
505 4
473 3
474 0
473 5
634 3
566 5
783 2
780 2
776 3
680 1
680 0
679 3
655 4
484 3
473 3
473 2
472 4
470 5
558 2
556 2
554 5
767 1
767 2
764 4
475 2
474 0
471 1
471 5
632 4
477 2
476 2
475 3
477 1
477 4
474 2
473 2
472 3
474 2
473 5
526 0
523 5
711 2
706 3
599 4
486 2
485 4
482 3
472 0
467 1
467 3
470 3
469 4
463 3
465 2
463 5
527 4
463 3
470 4
470 2
469 3
468 1
468 3
468 4
468 0
465 2
464 2
463 5
608 4
467 3
469 2
468 2
467 2
466 4
466 0
464 1
464 3
467 5
609 2
607 4
469 4
469 0
465 0
465 3
467 2
466 4
462 3
465 4
464 2
462 2
462 2
461 0
461 3
465 4
463 2
462 2
461 3
463 5
527 0
527 3
499 2
498 1
498 5
663 4
475 4
473 4
473 1
473 4
473 2
472 4
472 2
471 4
471 5
529 2
527 5
699 3
595 3
558 2
556 3
544 0
544 0
544 3
543 2
542 4
483 -1
800 0
708 3
652 4
531 3
516 5
557 5
701 3
605 0
603 4
485 3
481 4
477 3
475 3
476 5
536 1
536 2
534 3
510 3
506 5
667 0
667 0
667 2
664 3
597 3
583 3
577 1
578 1
578 2
576 1
577 5
865 1
864 4
496 4
489 5
546 0
542 1
543 4
476 1
479 5
540 2
538 0
538 2
536 3
510 3
502 4
471 0
471 4
464 2
463 5
536 5
730 1
730 3
610 4
488 0
482 5
672 0
672 0
672 5
935 5
1232 0
1232 4
517 5
542 3
511 0
509 5
721 3
633 5
926 5
1305 3
1132 4
521 5
572 4
498 0
487 2
486 5
642 5
888 5
1163 5
1454 1
1452 1
1450 0
1450 4
530 5
553 4
504 4
504 0
493 2
493 5
618 2
615 5
829 2
827 0
827 3
648 1
649 5
864 2
861 2
858 0
858 3
734 5
1089 4
524 0
509 0
509 1
510 1
511 4
486 3
478 2
477 0
474 3
475 4
468 4
467 0
467 5
639 2
636 3
557 0
557 5
838 2
833 3
724 2
722 3
682 3
668 4
489 5
576 3
538 5
762 1
762 2
759 1
759 1
757 4
493 4
487 1
489 1
489 3
481 5
535 1
533 2
531 5
722 4
479 5
541 5
730 5
982 1
980 2
974 3
748 5
1018 2
1012 0
1012 4
507 5
547 3
518 0
513 5
738 2
735 5
1027 0
1027 5
1339 2
1332 2
1325 5
1645 2
1637 1
1634 1
1634 0
1634 4
529 5
561 4
502 3
497 4
496 3
496 0
486 5
608 4
489 4
489 2
488 2
487 2
486 2
486 0
481 0
481 3
483 5
590 1
589 3
533 2
532 2
531 1
531 1
532 5
684 2
681 3
609 0
607 3
593 0
593 0
593 2
591 3
589 0
588 0
588 3
585 2
584 5
946 2
942 2
938 1
937 1
936 4
500 1
500 2
498 2
497 4
485 1
485 0
475 4
467 4
466 4
466 2
466 2
466 5
539 4
468 4
468 2
468 0
466 2
466 4
466 2
467 4
467 4
467 5
537 1
538 1
538 4
471 2
470 2
469 2
469 4
469 1
469 0
467 1
468 0
468 2
468 4
466 2
466 1
466 3
468 0
468 0
468 5
626 1
625 1
624 5
873 0
873 5
1149 2
1142 5
1427 1
1426 3
1103 5
1407 1
1407 3
1203 3
1086 1
1087 1
1088 3
1025 2
1020 5
1618 4
517 3
497 2
495 5
557 4
478 5
538 1
539 5
711 0
711 1
711 1
711 3
599 3
564 2
563 1
565 0
564 1
565 5
874 0
874 4
497 1
497 2
496 4
490 4
490 4
490 3
483 0
473 2
472 4
466 2
466 2
466 2
466 0
466 3
469 3
472 0
472 2
471 4
464 4
464 3
467 3
467 5
528 0
528 4
465 4
465 1
469 4
468 2
468 3
471 0
466 1
467 1
467 1
468 2
467 4
463 2
463 2
463 2
463 0
463 5
617 4
466 1
468 0
464 2
464 2
463 2
463 0
463 4
462 1
464 3
467 2
466 5
534 0
534 2
532 4
469 0
465 1
466 5
613 2
612 1
608 5
842 4
479 1
479 4
479 0
471 1
472 4
467 1
467 4
467 4
467 5
527 4
467 4
467 5
529 3
495 2
494 1
497 5
634 0
634 2
631 3
562 5
794 4
488 1
488 2
486 3
481 2
480 4
473 4
473 2
472 0
467 5
633 3
565 0
563 5
849 5
1193 1
1192 3
1024 5
1454 2
1447 2
1441 1
1441 0
1441 3
1281 4
524 0
508 0
508 3
506 1
506 1
507 0
506 2
504 1
504 2
503 0
503 0
503 4
476 0
476 1
478 5
669 3
592 0
589 5
911 2
907 2
903 2
899 0
899 4
513 0
501 2
499 0
499 4
478 4
474 4
474 2
473 1
476 3
474 1
474 1
474 1
474 2
473 4
472 5
537 2
535 0
534 3
505 4
474 0
470 3
471 3
470 3
473 0
472 0
472 4
464 1
464 4
462 4
462 2
462 4
462 1
464 2
463 4
462 5
535 5
741 1
742 4
475 1
475 1
475 1
475 4
475 5
522 4
466 0
463 5
636 0
636 0
636 5
891 3
716 0
713 2
711 5
1056 4
505 4
498 1
498 0
488 4
477 1
480 3
480 2
479 5
541 0
540 4
472 2
472 2
471 1
471 1
471 2
471 3
474 2
472 3
477 3
479 2
477 5
537 4
472 3
480 1
480 4
478 0
476 1
476 3
475 1
475 5
632 2
630 0
630 4
479 4
479 3
475 4
475 4
475 3
477 4
477 2
476 2
475 4
475 5
527 5
681 3
581 4
499 2
498 5
542 5
708 4
485 2
482 0
473 3
472 4
469 1
469 3
468 0
467 3
468 1
471 3
469 5
619 2
617 3
557 4
485 2
484 4
481 3
478 3
472 0
467 4
463 5
532 4
469 2
468 3
474 4
474 3
472 4
472 3
469 4
469 0
466 4
464 0
464 2
464 1
464 2
464 1
466 3
468 4
467 1
467 2
467 2
467 3
471 3
470 0
470 0
470 2
469 4
464 0
464 3
465 5
601 5
820 2
815 0
815 2
811 0
811 3
649 2
646 4
501 4
496 2
494 2
493 5
552 1
551 1
551 2
549 3
510 5
673 3
594 1
596 0
595 2
593 0
593 0
593 0
593 0
593 2
591 0
591 1
591 3
580 2
578 0
578 2
577 1
579 0
579 2
577 2
576 5
922 4
513 3
489 3
488 2
487 5
546 2
544 5
733 4
484 3
487 0
475 1
476 4
464 4
464 4
464 2
464 1
464 2
464 1
464 5
529 3
500 0
497 0
497 4
472 1
474 3
469 3
470 5
540 5
710 4
485 1
485 1
486 2
485 0
475 3
475 1
475 4
468 2
467 1
467 2
466 3
467 0
466 0
466 5
625 0
625 0
625 3
552 5
763 4
488 3
475 3
473 0
467 3
468 5
619 2
617 1
615 4
465 2
464 1
465 3
465 0
464 4
462 0
462 3
467 4
464 3
465 2
464 2
463 1
463 3
464 1
464 2
463 3
465 3
466 0
465 0
465 3
465 1
465 3
465 4
460 4
460 2
460 0
460 1
461 0
461 2
460 2
460 5
617 0
617 0
617 3
551 4
480 4
476 5
536 2
534 2
532 3
502 0
501 2
500 4
469 4
464 2
463 3
466 2
464 0
463 2
462 3
465 3
463 0
463 3
464 4
462 4
462 5
547 0
547 0
547 2
545 2
543 4
465 0
463 4
463 4
463 2
462 4
462 4
462 3
469 4
469 4
469 4
469 0
466 4
460 5
541 5
737 0
737 0
737 1
736 3
616 2
613 0
612 4
489 4
481 3
482 3
476 5
537 1
538 5
738 2
735 0
735 4
478 4
477 3
479 1
479 1
479 4
478 1
478 3
480 0
473 3
473 5
618 1
618 5
861 2
855 0
855 2
851 4
481 5
528 4
473 1
473 3
476 2
475 1
475 0
470 4
466 3
471 4
471 2
470 0
468 0
468 2
467 3
468 3
470 5
618 1
618 5
847 4
486 4
481 2
480 5
521 0
520 5
686 1
686 2
682 4
479 2
479 0
472 4
471 4
471 4
471 2
471 4
471 0
471 3
471 3
471 0
471 5
627 0
627 4
474 1
474 5
529 4
468 0
466 3
469 4
467 5
524 0
524 3
503 3
497 3
495 4
473 1
473 2
472 1
472 1
472 5
534 1
534 2
532 0
531 0
531 2
529 4
470 4
468 4
468 4
468 4
468 1
468 2
468 2
468 2
468 5
529 4
467 2
467 0
466 4
465 2
466 4
466 5
525 0
525 3
496 4
473 4
471 2
470 1
470 4
470 0
468 2
467 2
466 2
465 0
465 5
624 3
548 3
535 3
530 3
525 2
524 2
523 2
522 2
521 1
521 5
723 3
638 0
638 1
638 4
491 4
479 4
479 0
477 1
477 4
467 2
467 5
550 5
772 1
771 2
766 5
1043 4
508 2
507 1
507 0
483 0
483 2
482 0
482 1
482 5
645 0
645 0
645 0
645 5
888 5
1164 5
1440 3
1103 0
1103 2
1096 1
1096 2
1090 5
1431 1
1430 0
1430 3
1238 2
1232 1
1232 5
1688 4
543 3
515 1
515 0
507 3
502 1
502 4
484 3
487 4
483 4
483 1
483 1
483 0
480 5
631 2
628 2
625 3
556 2
554 3
539 5
735 4
496 0
491 0
491 3
494 3
492 0
492 5
690 5
969 2
964 5
1274 3
1029 4
519 4
510 4
510 4
510 3
498 4
496 2
495 2
495 2
494 3
494 4
494 1
494 2
493 5
526 3
502 0
498 4
476 4
473 0
471 4
467 2
467 0
467 3
471 3
471 2
470 0
470 1
470 5
632 5
869 2
865 1
864 5
1136 0
1136 1
1135 3
868 4
519 4
511 0
494 3
490 4
474 3
475 2
474 5
543 0
543 3
509 2
508 5
691 1
691 4
476 4
473 0
470 3
472 4
467 5
537 2
535 2
533 3
503 4
474 3
472 4
472 4
472 5
534 0
533 4
467 3
471 2
470 0
465 2
464 1
464 1
464 2
463 0
463 4
461 5
539 0
539 0
539 3
503 3
500 3
497 0
496 2
495 4
473 3
468 4
463 5
534 4
465 3
466 3
469 2
468 5
525 2
523 2
521 3
497 4
467 2
466 0
465 4
463 3
461 0
461 2
461 3
462 4
461 2
460 3
461 0
461 4
459 4
459 4
459 4
459 3
462 2
461 3
462 2
461 4
461 5
533 4
461 2
461 3
463 4
463 2
462 4
462 0
461 5
633 3
552 2
549 0
548 1
548 0
548 4
477 5
557 1
556 4
468 3
467 3
468 2
467 4
466 4
466 2
465 1
465 0
463 0
463 1
463 3
465 2
464 3
465 2
464 4
460 1
460 3
464 4
464 1
464 2
463 4
463 3
461 2
459 0
459 0
459 2
458 4
457 2
457 3
461 1
461 2
460 4
460 5
541 5
725 0
725 0
725 2
720 2
717 2
713 2
708 2
705 4
485 3
481 4
478 4
478 3
478 4
477 3
477 2
476 3
478 4
478 5
520 0
518 2
516 0
516 3
500 4
472 3
472 3
475 0
472 2
471 2
470 0
470 1
470 2
469 3
470 0
470 3
469 3
470 3
469 4
459 3
465 5
542 0
542 1
542 0
542 0
542 5
738 0
738 2
733 2
730 2
726 5
984 1
983 2
977 0
977 0
977 1
977 1
976 0
976 2
970 3
749 3
680 5
962 4
507 0
497 2
496 2
495 3
494 2
493 3
491 4
476 4
474 2
473 5
554 5
752 1
752 5
1023 2
1017 5
1313 2
1305 5
1581 4
540 1
540 4
536 3
517 3
511 2
509 2
508 3
508 2
507 0
494 3
489 3
487 3
487 3
485 2
484 1
484 2
483 3
484 3
483 5
599 3
546 0
544 0
544 4
484 2
483 2
482 3
478 2
477 3
476 4
473 0
469 2
468 2
467 3
469 2
468 2
467 5
619 4
476 0
472 1
472 2
471 1
471 4
466 5
541 2
539 2
537 3
507 4
474 5
557 5
750 0
750 1
750 1
750 0
750 1
749 0
749 2
746 0
746 0
746 3
627 4
489 3
476 0
471 4
464 1
464 0
464 5
612 2
611 3
545 3
527 2
526 3
520 4
469 5
553 3
521 2
520 4
472 1
472 2
471 3
470 4
468 2
467 1
467 4
467 3
466 1
466 3
472 1
472 2
471 5
551 0
550 2
548 2
546 4
471 2
470 3
474 4
472 4
472 4
472 5
529 5
717 0
717 3
608 2
606 4
492 1
492 2
491 2
490 0
480 2
479 5
662 2
659 2
656 4
478 0
471 0
471 0
471 2
470 3
471 1
471 3
470 5
640 1
640 1
639 4
481 2
480 0
474 4
468 3
469 4
467 3
470 3
472 0
472 2
471 5
635 4
473 0
468 3
468 4
464 2
463 2
463 3
468 2
467 1
467 2
466 3
467 2
466 2
465 4
465 4
465 2
464 2
463 2
462 2
462 4
462 2
462 3
466 5
540 2
538 3
515 3
502 2
501 3
499 0
497 3
496 0
495 2
494 2
493 0
493 3
492 0
492 3
492 2
491 5
711 0
711 4
481 0
475 2
474 3
479 1
479 0
479 0
479 5
669 2
665 4
482 4
479 3
474 4
472 5
531 2
529 0
526 4
463 3
468 3
464 0
462 2
461 3
461 4
458 3
464 5
539 1
539 2
537 3
504 3
499 0
499 3
499 2
498 1
498 2
497 4
467 3
465 3
464 5
547 0
547 2
545 1
545 0
545 3
514 1
514 0
511 3
508 1
508 2
507 0
507 3
506 5
744 0
744 2
741 4
486 5
549 5
741 4
487 2
486 1
486 4
485 4
485 2
484 2
483 5
525 3
498 4
473 3
475 4
475 0
471 4
465 4
465 0
465 2
465 4
465 2
465 4
465 0
465 3
472 3
470 3
469 5
590 5
811 4
489 4
489 2
488 4
488 3
484 2
483 3
482 3
482 3
479 4
479 4
479 2
478 2
477 5
524 5
662 2
659 3
574 2
573 2
571 3
542 3
524 0
522 0
522 3
520 2
519 4
477 3
473 4
470 3
470 3
471 1
471 4
470 2
469 5
555 4
471 3
471 4
470 4
470 4
470 2
469 0
467 1
467 2
466 5
627 4
477 3
478 1
478 2
477 4
473 3
475 2
474 0
469 0
469 3
470 5
612 4
472 1
472 2
471 4
468 2
468 2
468 3
475 3
476 2
475 0
472 4
464 3
470 3
466 3
471 3
467 4
467 2
466 4
466 0
465 0
465 5
614 2
612 4
466 4
466 5
529 4
463 2
463 2
463 3
466 5
528 2
526 4
463 4
463 4
463 2
463 4
463 3
467 5
529 0
528 0
528 2
526 4
460 1
460 4
460 1
460 0
460 0
460 4
460 5
530 4
462 2
462 0
460 3
466 4
465 5
531 4
462 5
529 2
527 0
526 2
524 3
495 3
494 2
493 2
492 3
489 0
486 2
485 0
485 3
487 2
486 5
680 3
607 0
607 4
474 5
549 2
547 2
545 3
514 2
513 4
473 4
471 3
469 5
546 3
513 2
512 2
511 4
470 5
542 3
510 3
504 2
503 0
502 1
502 4
472 3
469 3
470 4
467 3
466 2
465 2
464 3
465 3
466 2
465 0
465 5
639 2
635 4
472 0
467 4
460 5
543 4
463 3
468 3
468 1
468 2
467 1
467 2
466 4
466 4
466 3
468 2
466 1
466 0
464 2
463 1
463 4
460 1
460 1
460 3
464 0
463 0
463 4
460 2
460 5
540 0
540 4
466 2
465 0
463 3
466 4
464 4
464 4
464 4
464 0
464 4
461 1
461 4
461 4
461 1
461 3
468 1
468 4
468 1
468 0
467 4
461 0
461 0
461 3
463 3
462 0
462 3
464 5
629 5
882 2
877 4
481 0
469 2
468 3
470 0
468 1
468 4
464 4
461 4
461 4
461 0
461 0
461 5
618 2
617 3
555 1
555 0
554 3
544 2
543 4
478 2
477 3
471 0
469 3
471 3
469 5
663 4
473 2
471 1
471 2
470 3
467 2
466 0
465 3
467 5
649 0
649 1
649 0
649 1
649 3
568 3
548 4
475 0
475 2
474 0
474 3
475 1
475 0
475 4
462 2
462 3
466 4
464 0
463 3
463 0
463 3
463 0
463 4
458 5
562 3
521 1
521 2
520 2
519 5
717 0
717 0
717 2
712 0
712 2
709 1
709 4
482 1
482 2
481 2
480 4
478 4
478 4
478 0
473 3
475 4
461 2
461 1
461 0
461 3
464 4
463 2
462 0
462 3
464 3
463 4
460 1
460 4
460 0
460 0
460 3
461 3
465 0
465 2
464 5
646 4
476 2
475 4
470 2
469 1
469 4
469 4
469 5
539 2
537 4
469 4
468 1
468 1
468 1
468 4
468 5
530 2
528 5
705 5
944 4
504 0
489 4
476 0
474 3
474 1
474 5
608 4
476 1
476 4
475 5
524 3
502 3
494 3
488 1
488 3
488 4
470 4
470 3
467 2
466 3
472 2
471 0
467 2
466 5
622 4
466 4
466 2
465 3
466 0
464 4
459 5
523 3
494 3
488 2
487 2
486 4
466 0
466 2
465 3
468 2
467 1
467 4
461 2
460 4
460 3
463 0
462 4
458 4
458 0
458 3
462 0
462 2
461 2
460 0
460 3
464 3
463 3
463 1
463 3
463 5
625 1
625 5
866 3
691 1
691 2
687 1
687 4
496 4
490 0
481 2
480 4
470 0
469 1
469 2
468 3
471 1
471 4
469 1
469 5
539 2
537 4
467 1
467 4
467 0
465 3
469 0
468 4
465 3
467 0
466 5
636 3
570 5
781 3
686 2
684 4
495 3
478 5
558 4
472 5
535 4
471 4
471 0
463 2
462 5
611 0
611 3
550 5
747 3
653 3
626 2
624 2
622 5
962 1
962 5
1379 1
1379 3
1238 5
1776 0
1776 0
1776 2
1770 5
2344 5
2918 2
2910 2
2901 5
3469 4
548 4
539 5
544 5
659 2
656 3
570 1
570 3
553 1
553 0
552 3
549 3
546 4
482 4
478 5
571 0
571 1
571 4
481 4
477 5
547 4
474 0
469 2
468 0
468 5
635 0
635 2
633 2
630 4
474 3
474 2
474 0
468 5
625 5
864 2
859 3
692 5
952 1
952 3
826 0
826 4
509 0
499 3
498 5
695 4
481 2
480 5
555 0
553 5
770 4
491 2
490 0
479 4
468 3
473 0
472 2
471 2
471 4
466 1
466 2
465 3
472 2
471 3
468 2
467 1
467 1
467 2
467 0
466 5
620 2
618 3
552 2
551 3
533 3
522 2
521 1
521 2
520 5
713 4
494 5
551 4
476 4
476 1
476 0
468 1
468 0
468 4
466 3
473 2
471 -1
800 4
800 0
708 1
708 2
705 5
885 0
884 2
877 3
752 2
749 2
746 5
1081 2
1076 3
954 5
1457 1
1457 3
1315 2
1310 5
1982 0
1982 3
1888 1
1888 5
2746 3
2668 2
2661 0
2661 4
514 4
505 5
562 3
531 5
688 1
688 4
492 5
567 0
566 2
564 4
474 5
542 2
540 3
510 5
678 0
678 2
675 0
675 0
675 0
675 1
674 4
486 3
480 5
533 0
531 4
468 0
467 2
467 4
465 5
533 5
728 2
723 4
480 5
532 4
476 0
466 3
470 3
469 3
469 0
468 2
467 4
462 5
528 2
526 5
707 2
706 2
703 5
959 2
955 3
720 0
719 0
719 4
517 5
549 5
711 4
491 2
490 1
490 4
486 1
486 2
485 5
521 2
519 5
667 3
564 5
767 2
764 1
764 0
764 5
1082 2
1077 0
1077 1
1076 0
1076 1
1074 0
1074 5
1414 2
1408 1
1408 3
1198 4
528 4
507 4
507 0
496 5
661 5
902 5
1183 0
1183 5
1461 5
1733 3
1398 4
551 0
514 4
484 1
484 4
482 2
481 4
481 3
486 2
485 4
485 4
485 0
479 0
479 0
479 0
479 4
472 1
472 1
473 5
530 4
477 1
480 5
526 1
527 2
525 3
502 3
500 3
499 2
498 3
496 0
493 2
492 5
686 2
683 5
953 5
1258 3
1005 0
1005 0
1005 2
1000 5
1382 5
1788 2
1780 0
1780 5
2195 1
2193 5
2613 5
3024 0
3024 3
2799 3
2623 1
2623 4
554 2
548 1
548 3
514 0
503 2
502 4
488 3
489 2
488 5
541 2
539 5
680 4
488 2
485 3
486 1
488 2
487 5
538 4
480 2
480 3
483 2
482 0
476 1
476 1
476 4
471 3
478 0
475 5
625 1
625 0
625 2
621 1
623 3
551 2
549 1
549 4
484 0
484 1
485 0
485 5
654 4
478 3
474 1
476 3
474 2
473 2
473 5
537 4
470 3
474 4
474 3
472 4
472 5
529 2
527 0
526 4
468 1
470 4
470 2
469 3
477 5
537 4
470 3
474 2
472 2
471 3
476 5
529 2
527 2
525 5
685 3
592 3
555 3
546 3
539 0
536 2
535 2
534 0
534 0
534 1
535 5
819 1
819 0
819 0
819 3
726 0
726 4
496 2
495 1
498 3
480 4
474 4
474 4
474 2
473 1
473 2
472 4
472 4
472 2
471 1
472 1
474 4
472 5
543 0
543 4
471 5
537 5
731 5
982 4
507 4
502 0
485 2
484 5
624 0
624 3
545 3
529 0
526 2
524 1
525 4
481 2
480 4
471 0
471 5
642 4
475 2
474 5
543 2
541 5
732 3
619 2
618 3
576 5
828 2
825 4
500 5
555 0
553 4
479 2
478 3
473 1
474 1
474 1
474 2
473 2
472 2
471 0
467 1
468 2
467 4
462 4
462 3
463 1
463 5
540 1
541 4
465 4
465 3
469 3
466 0
464 5
623 0
623 5
883 2
878 3
700 0
699 0
699 2
695 2
692 2
689 0
689 0
689 0
689 0
689 3
643 4
504 5
571 5
802 1
802 2
799 3
675 2
672 3
634 5
968 3
859 3
824 2
822 0
822 2
820 4
501 5
579 4
482 0
477 3
481 2
480 2
479 0
478 5
672 4
486 2
485 0
480 2
479 0
479 5
658 0
658 0
658 4
484 5
548 2
546 3
515 5
674 3
596 2
594 3
584 2
583 0
582 2
581 0
581 1
582 3
579 4
486 0
484 3
484 2
483 3
483 3
484 0
483 4
467 3
471 0
470 2
469 3
469 0
469 0
469 5
663 4
470 4
468 0
464 2
463 2
462 5
635 2
633 5
891 3
724 4
513 5
572 5
756 2
753 0
753 3
636 4
493 2
492 2
490 1
490 5
560 1
561 3
523 1
525 0
522 2
521 5
759 3
660 2
658 4
492 0
488 4
479 2
478 3
481 2
480 3
479 2
478 1
478 4
475 2
474 3
476 2
475 0
474 2
473 2
472 1
472 3
472 4
471 3
472 0
471 4
468 3
472 5
549 0
549 0
549 0
549 3
515 5
692 2
689 0
689 3
622 0
622 0
622 3
606 0
606 2
604 3
604 3
601 3
601 0
601 2
599 1
600 4
488 2
487 3
478 4
475 4
475 3
473 5
569 4
476 4
470 2
469 3
470 4
469 3
470 2
469 4
469 4
469 4
469 2
468 2
467 4
467 0
464 3
466 5
638 4
473 5
543 3
513 0
511 4
479 5
557 0
557 5
775 3
657 3
615 2
613 4
489 2
488 3
478 4
475 2
474 4
472 2
471 3
474 5
550 5
752 4
484 4
481 4
481 5
525 3
499 4
475 2
474 2
473 4
472 2
471 0
468 1
468 2
467 2
466 4
465 4
465 3
469 4
469 0
466 0
466 0
466 2
466 2
466 5
624 1
623 0
623 0
623 4
477 5
535 3
511 3
503 5
649 3
581 5
845 3
747 0
746 2
743 3
720 4
487 2
486 1
487 4
478 3
471 4
469 4
469 0
468 2
467 2
466 3
470 0
470 0
470 4
462 3
468 0
466 2
465 1
465 3
466 3
466 2
465 2
464 3
465 2
464 2
463 4
460 3
463 1
463 5
564 0
564 3
531 4
473 4
472 2
471 3
471 5
554 4
472 2
471 4
469 3
467 2
466 4
465 3
467 3
466 0
463 4
459 2
459 4
459 1
461 0
461 0
461 5
624 4
465 1
465 4
465 0
459 0
459 2
458 3
461 2
460 4
460 2
459 2
458 0
458 0
458 3
463 5
621 0
621 0
621 4
467 4
466 0
459 2
459 4
457 3
462 3
460 3
463 3
461 2
460 4
460 1
461 3
463 0
462 4
457 3
462 2
461 3
462 2
460 5
544 3
506 3
497 2
496 2
495 5
677 0
677 0
677 0
677 2
674 2
671 5
955 3
781 4
496 2
495 2
494 4
489 0
477 3
477 2
476 2
475 0
475 4
461 2
460 4
458 4
458 3
462 3
462 0
462 4
458 4
458 3
459 3
464 5
544 4
465 2
464 0
460 1
460 5
631 2
630 4
462 3
466 5
542 5
738 4
478 3
475 0
469 1
469 3
470 4
465 2
464 0
464 4
463 5
534 1
534 0
534 2
532 4
465 5
529 1
529 0
529 0
529 4
464 4
463 2
463 0
463 3
467 5
615 4
467 5
533 2
531 4
465 3
470 3
466 4
466 5
529 2
527 4
465 3
470 3
466 4
466 4
466 1
466 2
465 2
465 2
465 4
465 5
523 1
522 0
521 4
464 0
463 4
463 2
462 3
467 0
466 3
468 3
466 0
464 0
464 3
465 2
464 4
461 3
465 3
466 1
466 2
465 3
463 3
463 4
463 3
465 2
463 4
463 5
535 3
502 2
501 2
500 5
660 2
656 4
478 2
476 4
474 3
470 4
469 0
465 4
461 4
461 2
461 4
461 5
535 2
533 3
500 4
473 0
471 2
470 5
624 4
477 0
470 1
470 0
470 2
469 4
465 3
472 1
472 1
472 1
472 0
471 4
465 2
464 5
537 0
537 3
504 2
503 2
502 2
501 5
660 0
660 1
660 4
480 4
476 3
470 4
470 3
469 0
465 4
462 0
462 4
462 1
462 2
462 2
462 4
462 0
462 0
462 2
462 2
462 5
614 3
551 4
479 2
478 4
473 2
472 0
469 1
469 2
468 3
470 5
621 4
470 4
470 2
469 2
468 4
468 2
467 3
469 5
532 0
531 5
720 5
959 4
504 2
503 5
527 3
506 2
505 4
479 2
479 4
479 4
479 2
478 3
476 0
474 1
474 0
474 1
474 0
474 4
465 5
530 0
530 4
464 0
463 0
463 3
466 4
466 5
532 0
532 3
507 2
506 4
471 0
470 4
463 2
463 3
469 0
468 5
601 3
544 4
484 2
482 2
481 2
480 2
479 3
476 2
475 2
474 0
470 2
469 0
469 2
468 2
467 5
622 2
621 0
621 2
619 2
618 4
467 2
466 0
463 5
605 1
605 1
605 3
538 2
537 4
483 2
482 0
474 4
466 3
465 0
465 0
465 1
465 2
464 1
464 0
464 0
464 2
464 4
462 4
462 4
462 4
462 3
466 2
465 0
465 1
465 4
462 4
462 3
463 0
463 3
467 0
467 2
466 2
465 2
465 3
466 1
466 4
464 2
464 0
464 5
626 3
551 3
540 3
536 0
536 5
812 5
1157 3
992 0
992 4
529 0
514 4
482 0
480 0
480 0
480 5
653 2
650 5
914 4
507 0
485 4
471 0
469 3
468 1
468 0
468 2
467 3
469 2
468 0
468 5
641 3
565 0
565 4
484 4
474 4
474 5
554 4
468 2
467 2
466 2
465 3
470 3
466 4
466 3
469 2
468 0
466 3
466 4
462 3
467 2
465 3
466 4
466 0
465 2
464 4
462 1
462 2
462 4
462 3
466 5
541 4
463 2
463 5
534 4
463 1
464 4
464 3
466 1
466 4
466 2
465 2
464 5
541 3
505 4
472 1
472 1
472 0
470 2
469 4
463 2
462 4
462 4
462 3
470 2
468 0
467 1
467 2
466 1
466 1
466 4
461 3
467 2
466 1
466 3
464 3
467 0
464 3
465 5
629 4
468 0
467 2
466 2
465 4
460 2
460 4
460 4
460 4
460 3
466 0
465 5
630 4
472 2
472 1
472 4
472 4
472 2
471 4
471 3
471 3
471 2
469 2
468 5
537 4
463 0
461 5
616 4
463 1
463 5
538 3
500 2
499 5
658 4
478 4
473 2
472 1
472 4
472 2
471 1
471 3
475 2
474 0
469 0
469 4
462 4
462 2
461 3
469 3
467 5
542 0
542 3
513 5
680 0
680 5
969 2
965 2
961 3
793 0
793 0
793 2
790 0
790 0
790 3
743 2
740 4
500 3
486 2
485 5
570 2
568 5
770 1
770 2
767 3
645 3
608 1
608 3
594 3
585 2
584 1
584 2
583 0
583 5
941 2
937 2
933 3
827 0
826 0
826 5
1330 0
1330 4
511 0
496 5
710 5
1008 4
505 3
494 3
488 0
479 1
479 1
479 0
479 3
479 3
479 0
478 4
465 2
464 5
532 5
721 2
718 3
607 1
607 4
496 5
547 4
475 3
479 5
537 5
698 5
948 4
499 2
496 3
491 0
480 4
472 1
472 4
472 3
477 0
474 3
476 0
476 5
631 3
558 3
540 2
539 1
539 3
528 3
522 2
521 2
520 1
520 4
480 0
479 0
479 3
479 0
479 3
480 3
481 0
481 0
481 3
481 2
480 4
469 2
468 3
471 2
470 2
469 3
470 4
469 2
468 2
467 2
466 2
466 4
466 5
539 4
471 3
476 5
538 2
536 4
470 3
471 5
533 5
717 5
969 4
495 0
480 0
480 2
479 3
477 4
470 4
470 2
469 1
469 0
467 4
463 0
463 2
463 3
465 3
469 3
470 2
469 5
614 2
611 4
468 4
468 5
533 3
505 4
475 5
526 2
524 0
524 5
709 3
591 0
590 3
573 4
489 5
565 5
781 4
494 0
482 4
471 4
469 0
469 0
469 3
473 5
632 2
630 3
557 2
555 4
476 2
475 0
471 4
461 5
541 4
468 0
463 3
465 4
464 0
464 3
467 4
464 4
464 1
464 3
465 5
530 2
528 2
526 5
718 5
975 1
975 5
1241 4
512 2
509 0
493 2
492 0
492 2
491 5
649 2
647 4
484 5
529 2
527 0
525 1
525 4
477 0
476 3
478 2
477 0
477 4
472 4
470 2
470 3
474 3
474 5
537 3
509 4
482 3
480 4
478 0
474 1
474 2
473 0
473 4
467 4
467 1
467 4
467 2
467 5
524 4
467 4
467 4
467 3
472 0
469 4
466 1
466 0
466 4
466 3
468 2
466 2
466 5
525 2
525 3
496 3
494 2
493 3
492 0
491 0
491 2
490 3
491 0
491 5
691 2
688 0
688 5
978 1
977 5
1284 4
521 3
508 1
508 1
508 2
506 1
506 2
504 0
484 4
478 2
477 4
476 5
532 5
691 0
691 2
688 0
688 0
688 3
578 2
576 4
492 0
483 1
483 2
482 2
481 2
481 3
484 0
483 2
482 4
471 5
532 3
509 4
471 5
531 0
530 1
530 4
468 5
528 5
712 3
598 0
597 3
579 4
490 3
482 0
477 5
665 3
585 3
557 2
555 3
551 4
475 5
561 5
787 4
492 0
480 3
482 3
482 4
469 2
468 2
467 2
466 2
465 5
543 4
472 0
467 3
468 0
468 0
468 2
467 5
637 2
636 0
636 4
472 5
538 5
705 0
705 0
705 4
477 2
476 4
475 4
475 2
475 3
476 0
468 0
468 4
463 1
463 3
468 3
468 0
467 2
466 2
465 4
462 5
535 2
533 3
500 3
494 0
494 1
494 2
493 5
705 2
702 0
702 4
477 5
543 3
509 4
476 5
537 3
510 1
510 1
510 5
678 0
678 2
675 2
671 0
671 2
668 4
487 1
487 4
480 2
477 5
535 0
533 5
732 0
732 3
622 4
485 0
476 5
647 0
647 2
645 4
481 0
476 1
476 4
467 4
466 5
541 3
507 2
506 0
503 3
499 3
499 3
499 3
498 0
498 2
497 3
497 1
497 4
472 4
466 1
466 4
466 4
466 0
466 0
466 0
466 1
466 3
466 3
466 4
460 4
460 5
549 5
766 2
760 5
1030 4
491 0
476 3
477 5
625 3
562 0
560 2
559 4
487 4
477 2
476 0
472 4
464 4
463 2
463 2
462 0
460 3
463 3
463 0
463 1
463 1
463 3
466 3
466 0
466 2
465 0
465 0
465 3
465 2
464 1
464 5
648 0
648 5
917 2
912 2
905 3
732 3
667 4
493 2
492 3
478 2
477 4
473 5
544 4
475 3
475 2
474 4
474 3
474 3
476 5
533 1
533 4
468 1
468 0
465 3
467 5
615 0
615 3
550 0
549 4
476 3
469 2
468 2
467 2
466 4
464 0
463 1
463 0
463 2
463 5
635 4
468 3
467 3
471 4
471 5
542 0
540 4
462 4
461 5
534 5
708 3
589 4
486 3
482 4
480 0
474 5
645 2
643 3
562 3
541 3
535 1
535 0
534 0
534 5
836 1
836 0
836 2
833 4
488 2
487 4
481 0
471 0
471 3
473 1
473 3
471 1
471 4
460 3
466 2
465 5
549 0
549 2
547 2
545 4
467 0
462 2
461 4
459 2
459 5
533 0
533 3
504 1
504 5
682 1
682 5
968 4
502 2
500 5
544 0
540 2
538 2
536 4
479 3
478 3
475 0
473 3
475 5
619 0
619 1
619 3
563 2
561 2
560 5
753 3
670 3
636 2
634 2
632 2
631 0
631 4
490 4
475 2
474 3
473 0
466 5
653 0
653 4
477 0
471 4
463 2
462 4
461 4
461 0
461 5
629 2
627 3
563 0
562 2
560 4
480 2
479 4
473 1
473 1
473 5
550 0
549 3
512 3
512 0
511 4
473 0
473 5
672 2
669 3
593 0
592 0
592 0
592 0
592 3
583 5
917 4
495 2
494 4
482 0
474 0
474 1
474 0
474 5
662 4
471 2
469 2
468 5
534 1
534 5
723 0
723 4
475 0
467 1
467 5
628 3
555 4
487 2
485 4
483 4
483 4
483 3
477 1
477 1
477 3
474 4
472 3
470 1
470 0
466 0
466 5
629 2
627 3
558 3
546 2
544 0
541 2
539 2
537 4
480 5
565 2
563 3
534 3
526 0
526 3
525 2
524 5
788 2
785 2
781 0
781 4
488 4
480 5
533 5
716 2
711 2
708 3
601 4
486 1
486 1
486 2
484 1
484 1
484 0
478 5
656 3
576 3
554 0
554 2
553 5
865 0
865 3
762 2
759 1
759 0
759 2
756 2
754 4
505 2
504 4
494 2
493 5
553 2
551 0
548 2
546 3
519 2
518 5
717 3
634 3
615 5
949 4
500 4
490 3
482 4
478 4
478 3
477 4
476 0
471 2
470 0
470 5
634 3
565 0
565 1
565 4
487 2
486 2
485 3
480 4
477 5
541 5
724 5
986 4
494 3
485 0
475 4
469 5
539 0
539 0
539 0
539 0
539 3
510 3
502 2
501 3
499 3
499 4
476 0
476 5
646 2
644 0
644 2
642 5
902 2
898 2
893 2
888 2
884 2
880 3
704 2
701 0
699 3
655 4
500 2
499 2
498 2
497 3
486 0
481 4
471 4
468 0
467 1
467 3
468 2
468 3
466 3
468 4
463 5
556 1
556 2
554 0
554 2
552 2
550 4
474 3
476 1
476 0
469 0
469 1
469 2
468 3
471 5
637 2
635 4
474 1
474 2
473 1
473 0
471 1
471 3
475 2
474 5
641 4
472 3
474 5
552 2
550 2
548 1
547 2
545 5
742 0
742 3
625 2
623 2
622 3
587 1
587 0
586 2
584 2
583 2
582 5
920 4
501 2
500 2
499 0
492 0
492 5
691 0
691 3
598 0
598 4
493 4
483 1
483 1
483 5
560 0
560 5
784 1
783 4
480 5
545 0
540 0
540 5
759 0
759 1
759 5
1035 1
1033 5
1312 1
1310 0
1310 2
1303 3
1024 2
1019 1
1019 0
1018 2
1012 1
1012 2
1007 1
1005 0
1005 3
866 2
861 0
861 1
861 4
519 3
498 2
497 0
490 2
488 2
487 2
486 0
486 2
485 2
484 1
484 4
476 2
475 1
475 3
484 3
480 2
477 3
477 2
476 5
544 1
544 3
509 3
503 4
476 3
476 2
474 4
472 2
471 1
471 2
470 3
472 4
472 3
473 5
533 4
474 3
472 5
522 5
704 2
699 2
694 1
692 2
689 2
686 3
580 3
553 0
551 2
549 3
546 3
542 3
541 2
540 3
540 2
539 5
816 0
816 3
723 -1
800 4
800 4
800 4
800 2
799 0
707 5
889 3
760 0
758 0
758 1
759 5
1153 3
1029 4
525 4
512 0
502 2
500 0
500 0
500 3
495 5
672 5
942 1
940 3
771 0
771 1
771 3
719 5
1135 4
515 1
517 1
517 1
517 3
490 1
490 1
491 1
492 4
485 3
484 0
476 1
477 0
477 2
476 2
475 3
477 1
477 5
624 3
565 2
564 2
563 4
483 5
550 5
744 5
1024 0
1024 0
1024 1
1024 2
1018 2
1012 0
1012 1
1011 4
516 5
550 0
541 0
541 0
541 5
752 3
616 1
615 1
618 0
612 1
613 2
611 5
925 1
924 4
504 3
494 2
493 1
493 4
486 3
479 3
479 5
535 2
533 2
531 2
529 1
529 3
501 3
497 4
473 2
472 4
472 4
472 2
471 5
534 5
714 5
970 1
969 5
1244 4
511 0
495 5
626 5
826 4
502 2
501 3
486 0
474 1
474 4
473 1
473 1
473 5
530 3
508 3
498 0
496 2
495 3
495 3
495 2
494 2
493 3
493 5
679 1
679 4
483 2
480 1
480 2
479 2
478 4
474 5
523 5
678 5
901 2
894 4
500 1
503 5
526 0
526 0
526 1
524 3
503 3
502 2
501 1
503 2
502 2
501 2
500 1
500 2
499 0
498 3
496 4
473 3
469 5
549 4
470 2
469 3
470 5
534 2
532 2
530 3
494 4
476 2
475 4
474 4
474 1
477 4
477 0
473 5
633 2
631 3
558 2
556 1
561 3
536 5
750 5
1080 4
514 1
516 4
505 0
492 3
489 3
484 0
482 1
484 2
483 0
483 1
483 3
482 2
481 3
482 5
662 5
936 3
736 2
731 4
499 4
493 3
486 2
485 5
550 3
515 3
512 5
692 0
692 5
1003 2
997 3
816 3
761 3
730 3
715 5
1157 1
1156 4
505 3
490 3
489 3
489 2
488 0
480 0
480 0
480 5
673 3
601 5
864 2
860 4
498 3
484 0
476 1
477 3
477 1
480 3
478 4
468 1
468 2
467 3
464 0
463 4
460 3
463 1
463 2
462 0
462 1
462 0
462 2
461 3
464 1
465 2
464 0
464 2
463 4
461 0
461 2
460 4
460 3
466 3
463 2
462 0
460 2
459 4
459 2
458 1
458 4
458 0
458 0
458 1
459 2
458 2
458 5
625 2
625 5
874 4
488 5
521 5
679 0
679 1
677 5
923 0
923 1
923 0
923 5
1199 5
1470 2
1458 2
1450 2
1442 0
1442 2
1434 3
1067 2
1060 0
1058 1
1057 3
924 0
923 0
923 3
862 0
862 2
856 2
852 1
852 5
1303 4
537 5
572 4
499 0
484 2
482 5
631 2
628 5
868 3
693 1
693 2
691 4
509 2
508 2
507 3
495 3
490 1
492 3
489 5
541 2
539 2
537 5
703 4
483 2
482 4
479 3
481 0
475 0
475 3
475 4
470 0
469 5
612 2
609 2
606 5
826 3
648 5
897 2
892 4
521 4
509 4
509 4
509 3
491 3
490 3
486 5
532 1
532 2
530 2
528 0
526 1
526 4
477 2
476 0
474 4
472 4
472 2
472 0
472 5
609 3
547 2
546 5
714 1
715 4
486 3
481 1
484 1
484 4
480 3
480 4
479 3
479 0
475 2
474 1
475 2
474 4
471 4
471 2
470 2
470 3
474 5
540 5
701 3
591 3
564 0
560 4
483 3
475 4
472 2
471 2
470 2
469 0
466 3
469 2
468 5
626 0
626 2
624 4
470 4
468 2
468 5
533 2
531 5
719 0
719 3
609 2
607 2
605 2
603 2
601 3
563 2
562 0
561 1
562 3
555 5
852 2
848 3
754 2
752 3
716 2
714 1
714 1
714 0
714 0
714 4
492 1
492 0
488 0
488 2
487 5
710 2
707 3
626 5
935 3
830 2
827 2
824 0
824 0
824 1
825 5
1306 5
1825 1
1824 1
1823 4
518 4
506 1
506 0
491 2
490 2
489 5
628 4
486 1
486 1
486 4
486 2
484 5
540 2
538 2
536 3
509 4
479 4
479 5
521 4
473 2
472 0
470 3
471 4
469 4
468 3
471 1
473 4
472 2
471 3
473 3
471 2
471 0
469 2
468 2
467 3
469 4
468 5
529 2
527 5
691 0
691 1
691 5
935 2
931 1
930 2
924 5
1180 3
893 3
764 0
760 4
520 3
501 4
488 3
486 1
486 0
480 1
481 5
645 0
645 0
645 3
571 3
557 5
781 2
778 4
492 2
490 3
483 5
559 2
557 2
555 4
477 2
477 2
477 2
477 3
478 4
478 5
530 2
528 4
475 3
477 3
475 2
474 4
473 3
476 2
475 2
474 1
474 2
473 5
531 4
473 3
479 5
537 3
507 1
507 4
469 2
468 0
467 0
467 0
467 3
470 4
467 0
467 2
466 2
465 1
466 0
466 2
465 3
467 5
627 2
624 3
553 2
551 5
776 5
1094 0
1094 4
495 4
491 3
484 3
481 2
480 2
479 5
546 2
544 4
478 3
484 1
484 3
478 1
478 5
531 0
529 0
529 5
713 1
713 2
710 2
707 4
485 3
486 2
484 1
484 5
536 3
503 1
503 2
502 5
642 4
481 5
535 2
533 4
475 0
471 5
627 2
625 0
625 4
475 2
474 0
469 3
471 4
468 0
468 3
470 2
469 4
467 2
466 3
472 4
472 3
470 5
534 2
532 4
467 4
467 4
467 2
467 1
467 3
472 5
534 0
534 3
505 2
504 4
471 5
535 0
535 3
506 2
505 3
497 2
496 0
494 0
493 2
492 5
710 0
710 3
616 2
614 0
613 2
611 4
488 2
487 4
476 0
474 5
661 2
659 2
657 3
584 3
563 3
551 0
551 1
552 1
552 1
552 2
551 4
484 3
470 0
470 4
462 3
466 4
464 1
464 4
464 1
464 3
463 4
463 3
462 0
462 5
641 2
639 0
639 2
637 3
566 4
481 2
480 3
478 4
474 2
473 4
473 4
473 4
473 5
530 3
504 3
499 4
469 2
468 3
467 2
465 5
534 2
532 4
467 1
467 2
467 2
467 4
467 2
467 3
473 1
473 2
472 2
470 2
470 0
467 3
468 3
468 5
626 3
560 2
559 4
475 4
473 0
471 2
470 2
469 5
643 3
567 4
478 2
477 0
476 0
476 4
462 5
539 4
462 3
463 3
463 4
463 0
462 3
463 2
462 5
626 1
626 3
554 1
554 0
554 4
479 2
478 4
469 3
466 2
465 2
465 3
463 4
462 3
466 4
466 4
466 0
463 2
462 5
639 0
639 2
637 2
635 0
635 0
635 3
566 4
479 5
555 3
522 2
520 5
712 3
627 4
483 4
479 2
478 5
539 2
537 0
537 4
466 3
466 1
466 2
465 3
467 0
467 1
468 3
469 4
462 1
462 4
461 4
461 2
460 5
531 2
529 4
460 5
533 5
731 2
726 2
723 3
597 3
563 3
558 1
558 4
481 4
479 2
478 0
476 1
477 0
477 0
477 2
476 3
477 2
476 3
477 3
476 3
475 2
474 0
474 0
474 4
470 2
469 2
468 2
467 4
467 3
469 3
471 5
548 4
476 3
478 5
544 0
544 0
544 2
542 4
470 1
470 3
470 2
469 0
468 3
470 4
466 2
465 4
465 2
464 0
464 3
467 2
466 5
614 5
855 0
855 5
1141 3
889 0
889 0
889 2
883 4
527 3
497 3
492 0
485 1
485 0
485 2
484 4
475 2
474 1
474 2
473 5
525 2
523 4
474 3
475 4
475 4
475 4
475 5
523 1
524 4
475 5
521 4
474 2
474 3
477 2
475 2
474 4
473 3
476 2
475 3
474 4
474 2
472 2
471 3
473 3
472 2
472 1
472 0
467 0
467 1
467 2
466 3
470 1
470 1
470 0
470 3
471 5
625 2
623 3
548 0
548 4
474 4
466 5
540 4
466 4
465 0
462 0
462 0
462 4
461 0
461 1
461 1
461 5
611 0
611 1
611 0
611 2
608 1
607 0
607 3
547 2
546 2
545 4
486 2
485 5
540 3
509 2
506 4
469 0
468 1
468 2
467 4
462 4
461 5
531 4
462 2
461 2
461 4
461 0
460 3
463 5
613 3
550 2
549 1
548 4
471 3
469 3
465 3
467 0
465 0
465 4
459 2
459 2
458 4
458 3
462 5
539 4
463 0
460 3
464 3
464 4
459 2
458 0
458 2
458 0
458 1
458 3
460 3
462 3
462 3
462 2
461 4
461 4
461 3
461 4
461 5
541 3
509 0
505 5
728 5
1037 2
1032 1
1031 5
1351 5
1670 0
1670 2
1662 2
1654 3
1390 4
538 5
551 5
678 2
674 3
582 3
561 2
560 4
486 3
482 3
477 5
560 1
560 4
476 4
476 2
476 4
476 2
476 0
469 3
471 1
471 2
470 2
469 4
468 2
467 4
467 4
467 5
533 3
507 1
507 1
507 4
475 2
474 5
541 5
743 2
738 5
992 3
776 2
771 3
706 4
508 5
563 3
532 1
532 0
528 4
475 3
472 2
471 0
470 3
472 0
472 3
472 2
471 0
471 0
471 4
467 3
471 4
471 0
470 0
470 2
469 3
470 2
469 3
471 5
646 0
646 3
577 5
822 2
816 2
813 5
1154 4
497 0
483 5
665 0
665 4
482 5
542 1
542 4
478 2
478 2
478 5
539 5
706 2
703 3
590 1
590 0
587 3
569 4
492 5
552 5
754 5
1035 1
1034 4
515 4
508 4
508 1
508 4
508 4
508 2
505 2
504 3
495 5
529 2
527 0
523 4
477 2
476 4
476 1
476 2
476 0
473 1
473 3
477 4
472 4
472 2
471 3
474 3
472 2
471 0
470 2
469 5
617 1
616 2
616 0
616 4
470 1
470 5
533 4
471 5
526 3
500 4
473 2
472 5
529 1
529 3
506 2
505 0
503 2
501 5
700 3
611 2
609 5
868 0
868 4
497 4
492 1
492 2
489 3
481 2
480 0
469 3
470 3
472 2
471 5
606 4
467 0
465 0
465 4
459 4
459 0
459 4
459 5
538 5
723 2
718 0
718 2
715 5
974 2
968 1
967 2
963 1
961 3
745 2
742 2
739 4
521 2
520 5
544 0
541 2
539 5
740 2
737 4
489 5
540 1
540 5
699 2
696 3
587 3
559 3
544 2
542 3
534 5
734 4
492 2
490 3
485 4
475 3
473 2
472 5
532 1
532 3
508 4
469 5
539 5
718 1
717 4
486 3
484 0
470 3
470 4
462 4
462 0
462 5
617 0
617 1
617 5
860 5
1146 4
501 0
489 5
645 2
644 5
890 0
890 2
884 3
690 2
687 1
687 1
686 3
631 4
497 5
546 0
545 3
527 5
731 4
492 5
535 2
533 3
512 2
511 5
687 5
967 4
509 3
495 3
491 2
490 1
490 0
481 4
474 4
473 5
530 0
530 2
528 4
473 4
473 2
473 1
473 2
473 0
471 3
476 1
476 1
476 5
617 2
615 3
550 5
749 0
749 3
659 1
659 2
657 2
653 0
653 2
651 0
651 5
1020 5
1439 3
1282 0
1282 4
540 2
536 5
573 0
569 2
567 0
567 3
541 2
540 2
539 0
539 1
539 5
816 3
725 3
684 4
500 2
498 2
496 2
495 2
494 5
572 3
537 2
535 4
473 2
472 0
471 4
468 4
465 0
464 5
649 2
646 3
565 2
564 3
542 2
540 5
801 0
801 4
482 4
473 2
472 0
469 0
469 4
463 1
463 2
462 2
462 5
545 5
753 3
611 2
609 0
608 1
608 0
608 2
606 2
604 1
604 0
604 2
602 0
602 4
482 4
477 4
477 2
475 2
474 3
470 3
473 2
472 4
470 4
470 4
470 2
469 3
470 4
470 5
543 4
472 4
471 0
467 3
469 1
469 4
467 5
538 1
538 3
508 1
508 2
507 2
506 4
470 1
470 3
466 1
466 2
465 2
465 1
465 1
465 4
465 4
465 5
532 1
532 0
531 3
500 1
500 5
680 1
680 0
680 0
680 5
962 2
957 5
1275 4
504 5
536 5
679 0
679 2
676 2
673 1
672 2
669 2
666 3
566 3
544 2
543 2
542 3
531 2
530 3
528 4
478 0
478 3
478 4
472 0
472 3
473 1
473 2
472 4
469 4
469 5
544 2
542 5
767 3
648 0
647 4
499 2
498 1
498 4
488 2
487 2
486 1
486 0
479 1
479 2
478 4
468 4
468 2
467 3
469 4
469 1
469 2
468 1
468 4
468 1
468 3
470 4
470 2
469 2
468 3
469 4
469 5
541 4
468 3
470 2
469 4
469 5
537 2
535 5
737 4
482 2
481 2
480 0
468 3
467 2
466 2
465 1
465 5
615 0
615 4
469 3
471 0
466 0
466 1
466 4
462 2
462 3
470 5
536 1
536 3
508 5
668 0
668 1
668 2
665 4
479 5
537 1
537 0
536 4
470 4
469 4
469 0
467 4
465 4
465 2
465 2
465 4
465 3
469 3
469 4
469 2
467 3
471 3
469 0
468 0
468 3
469 0
469 5
646 5
912 1
911 4
485 2
484 2
483 2
482 0
471 2
470 3
474 0
474 3
474 1
474 4
465 4
463 1
463 3
464 2
463 0
462 0
462 2
461 2
460 4
460 0
459 3
461 2
461 3
461 1
461 4
459 2
459 3
464 3
463 2
461 2
460 4
460 4
460 3
464 0
463 3
463 4
457 3
463 3
466 0
463 2
461 3
463 3
461 2
460 2
459 3
461 0
461 1
461 1
461 3
462 2
461 2
460 5
620 5
862 2
858 5
1132 0
1132 0
1132 0
1132 3
873 2
866 5
1158 4
506 1
506 3
492 2
490 4
487 4
487 1
487 3
480 0
471 0
470 3
469 3
467 3
466 2
465 2
464 5
611 3
542 2
540 1
540 2
538 2
537 0
536 2
535 0
535 2
534 5
807 4
489 0
482 2
481 3
481 2
480 4
464 5
547 0
547 2
545 4
466 5
537 5
752 0
752 4
486 5
527 2
525 1
522 3
502 0
501 3
496 4
471 2
470 3
466 2
465 4
463 2
462 4
461 4
461 2
460 3
462 4
462 1
462 4
462 0
462 4
460 5
538 3
506 4
473 4
471 3
466 4
465 5
535 5
730 1
730 4
487 4
485 0
469 1
469 0
469 5
635 4
472 0
466 2
465 0
465 4
464 3
467 5
545 3
508 2
507 2
506 3
501 0
497 2
496 2
495 5
720 1
719 4
485 1
485 3
475 3
475 4
472 0
469 5
637 0
637 2
634 5
874 3
702 4
502 2
498 0
485 2
484 2
483 3
485 2
484 4
469 0
468 3
470 2
469 4
462 4
462 0
462 5
634 2
633 3
554 2
552 5
781 4
492 4
483 4
483 0
475 4
465 0
465 2
465 3
468 5
631 2
629 5
874 5
1152 4
512 4
510 3
500 2
499 0
483 4
476 4
476 0
476 3
477 0
477 0
477 1
477 4
471 3
476 0
474 2
473 3
476 5
625 0
625 4
480 0
476 0
476 0
476 2
475 4
470 4
470 2
470 0
470 4
470 2
470 2
470 2
470 4
470 2
470 0
470 4
470 1
470 1
470 3
473 2
472 0
471 2
471 2
470 4
470 1
470 0
470 2
470 3
471 4
470 5
535 0
535 2
533 3
503 3
499 0
497 3
497 2
496 4
473 5
536 0
536 5
743 0
743 1
743 3
621 2
620 0
617 0
617 0
617 3
595 2
594 0
593 2
592 3
589 5
941 3
840 0
840 4
499 5
566 1
566 3
539 4
480 4
475 3
473 4
470 4
470 0
468 5
652 3
578 0
576 0
576 2
574 3
560 4
481 4
473 4
473 3
470 4
470 0
469 1
469 2
468 4
464 1
464 0
464 0
464 5
640 3
566 0
565 4
491 4
479 2
478 5
552 0
550 1
550 1
550 2
548 2
546 2
544 5
776 4
486 0
477 1
477 0
476 1
476 3
476 2
475 4
469 3
474 0
473 4
466 0
466 3
470 5
638 0
638 4
476 2
475 1
475 4
475 4
475 0
470 0
470 2
469 0
469 2
469 0
469 3
472 3
470 4
470 5
541 4
470 0
466 4
465 4
464 3
467 0
466 2
466 2
466 4
463 0
463 2
463 5
621 4
471 5
534 3
503 3
496 0
496 2
495 3
496 1
496 5
713 3
621 3
591 5
910 4
490 3
486 2
485 5
558 2
556 2
554 3
523 4
492 3
479 5
560 0
560 4
473 2
472 4
472 0
467 0
467 3
471 4
470 3
469 3
467 4
466 4
466 0
466 3
469 0
469 0
469 3
469 3
471 0
471 2
470 4
466 3
469 4
469 3
467 0
467 0
467 2
466 2
465 0
465 2
464 0
464 4
464 2
464 3
468 2
467 2
466 4
466 0
466 3
469 0
469 0
469 0
469 3
470 2
469 2
468 2
467 3
468 5
635 2
633 2
630 2
628 4
469 0
467 3
469 3
466 3
468 1
468 4
466 4
466 2
466 0
466 2
465 2
465 1
465 3
467 2
466 1
466 2
465 3
467 3
466 0
466 0
466 5
643 2
641 2
639 0
639 5
889 1
889 2
884 2
879 3
711 3
641 4
491 1
491 3
481 5
548 5
748 2
745 3
621 3
589 2
588 2
586 0
584 3
578 4
489 2
488 0
488 3
487 5
709 0
709 0
709 2
706 0
706 2
701 1
700 3
620 2
618 0
618 2
616 2
614 0
614 0
614 2
613 0
613 0
613 4
483 2
482 2
481 4
475 5
547 2
545 4
475 4
475 4
475 2
475 5
535 3
497 4
474 3
469 4
468 0
468 3
470 4
465 4
464 1
464 0
464 3
465 2
464 1
464 4
462 4
462 0
462 5
637 3
564 5
804 2
800 2
796 3
689 2
686 5
1053 3
939 2
935 3
891 -1
800 3
662 1
662 1
662 1
662 1
662 4
662 3
628 1
628 1
628 3
615 3
604 3
606 1
609 5
599 0
552 3
529 2
528 5
621 4
507 3
502 2
501 4
500 1
502 1
502 5
541 0
540 0
540 4
485 5
533 3
516 3
511 5
615 3
559 3
546 4
480 3
475 0
472 0
472 5
637 4
468 5
533 2
531 1
532 5
716 2
713 4
479 0
473 1
474 2
474 3
473 2
472 1
472 5
605 3
550 2
549 0
547 4
480 5
546 2
544 1
545 1
546 3
520 3
518 1
518 1
518 0
518 2
516 1
518 2
517 0
516 2
515 3
510 1
513 0
513 2
512 3
510 4
474 2
473 3
468 0
467 3
471 5
652 0
652 4
476 0
474 2
473 5
653 5
914 4
504 2
502 4
498 3
495 2
495 2
494 5
532 5
687 0
687 2
682 3
587 5
804 2
800 1
800 5
1123 0
1123 5
1466 2
1459 1
1458 4
531 2
527 4
522 4
522 4
522 3
502 1
505 1
506 1
507 4
499 4
499 2
498 5
529 4
484 4
484 2
484 5
532 3
505 0
500 2
499 3
499 3
496 3
495 4
475 2
474 3
472 3
478 5
542 3
519 3
514 0
511 4
475 2
474 1
476 4
473 4
473 0
472 1
473 3
474 1
474 2
473 2
472 0
472 1
473 5
652 3
573 3
551 0
549 1
549 4
481 2
480 0
480 5
676 5
956 4
494 2
492 2
491 3
483 4
482 1
482 0
475 0
474 5
658 2
655 4
474 0
472 2
471 1
472 1
472 4
465 4
465 4
465 5
535 4
469 5
532 3
496 4
469 2
468 2
467 0
467 3
467 1
468 4
463 5
543 1
543 5
750 5
1014 0
1014 3
798 5
1098 2
1093 4
526 0
507 3
503 5
676 3
604 1
610 0
605 4
494 2
493 2
492 3
482 2
481 3
479 3
479 0
477 1
478 1
478 0
478 3
482 3
479 3
479 2
478 2
477 2
476 4
468 0
468 1
469 1
470 3
470 2
469 2
468 0
468 4
467 1
467 4
464 5
549 0
549 5
764 5
1037 0
1037 2
1031 1
1027 0
1027 3
820 4
509 3
499 3
493 3
494 2
493 5
540 0
537 4
478 4
477 3
478 3
477 4
475 3
476 2
475 2
474 4
474 0
470 5
624 4
470 2
470 2
470 5
529 0
529 3
501 4
473 2
472 1
474 3
473 0
471 1
472 0
472 0
472 3
474 4
468 5
527 4
467 2
467 5
525 0
525 3
503 5
673 5
941 2
937 2
931 0
931 0
931 2
927 3
750 0
750 2
746 1
747 2
744 4
504 4
494 0
488 3
491 2
490 3
487 0
487 3
489 4
478 0
478 3
476 1
478 3
477 4
465 3
463 3
466 1
466 4
466 3
464 2
463 2
463 2
462 4
462 5
557 3
518 5
698 2
694 1
694 5
992 0
992 1
992 1
991 4
505 2
503 3
490 1
490 4
487 3
486 3
484 2
483 3
486 3
485 0
477 5
628 4
474 2
473 2
472 3
471 5
532 1
533 0
531 0
531 4
465 2
465 4
465 0
465 2
465 1
466 0
466 1
467 0
467 1
468 4
466 2
466 5
529 4
465 4
465 2
465 2
465 2
466 1
466 0
466 2
467 0
467 3
468 1
469 2
468 4
467 2
466 0
466 2
465 0
465 1
466 3
468 1
469 4
468 3
467 4
467 5
534 0
534 2
532 4
467 0
467 0
467 0
467 2
467 2
467 0
467 1
468 5
616 2
615 4
467 4
467 1
467 0
464 0
464 2
464 4
463 4
463 0
463 2
463 1
464 4
463 0
463 2
463 3
466 4
466 0
466 2
465 2
464 0
464 1
465 4
463 4
463 2
463 0
463 0
463 5
609 1
610 2
609 4
471 1
471 4
471 3
472 5
527 2
525 2
523 1
524 0
523 0
523 0
523 2
521 1
522 0
522 2
520 3
498 5
644 0
644 3
573 3
555 1
557 5
774 1
774 5
1109 2
1104 2
1099 4
513 2
511 4
501 4
501 2
499 4
499 4
499 3
494 2
493 2
492 3
492 1
492 2
490 3
489 3
489 2
487 2
486 2
485 4
481 4
481 2
480 3
486 1
486 3
482 4
482 0
474 2
473 2
472 4
469 0
469 5
604 3
542 0
540 5
781 3
679 5
1026 1
1025 2
1021 3
908 5
1398 3
1296 4
511 0
503 3
500 2
499 3
497 2
496 2
494 1
494 1
495 4
473 2
472 3
475 0
474 1
475 2
474 2
473 4
467 1
469 3
472 3
471 0
469 0
469 5
643 4
474 2
473 5
547 5
751 2
748 0
748 1
748 4
486 3
483 5
542 0
538 4
472 2
471 2
470 0
465 3
468 3
467 5
619 3
547 1
547 3
529 0
527 4
480 3
476 4
471 4
471 2
470 4
470 4
470 3
470 4
469 5
550 5
755 4
487 0
480 3
482 4
470 4
469 2
468 5
533 4
469 0
466 0
466 0
466 4
465 3
472 3
471 1
471 4
471 1
471 1
471 1
471 2
470 2
469 3
474 5
540 2
538 0
538 2
536 4
466 2
465 2
465 4
465 2
465 3
471 2
470 2
469 4
469 1
469 3
468 3
468 3
469 2
468 0
465 0
465 0
465 4
463 4
463 2
463 4
463 5
535 1
536 2
534 1
534 3
503 3
494 2
493 2
492 3
493 2
492 2
491 2
490 0
490 2
489 4
475 2
474 3
467 4
465 1
465 3
467 1
467 2
466 2
465 0
464 2
463 0
463 3
466 2
465 4
464 5
539 0
539 3
510 4
468 0
466 2
465 4
463 4
463 0
463 5
637 4
469 5
536 0
534 5
748 3
619 4
488 4
483 2
482 3
476 4
475 0
472 1
472 3
474 0
474 3
475 2
474 4
468 2
466 5
533 3
512 3
507 4
475 5
530 4
473 5
526 0
524 3
506 3
498 2
497 0
496 4
476 2
475 3
477 2
476 2
475 3
474 1
475 3
475 1
476 2
475 3
472 1
472 3
474 2
472 4
469 0
468 5
638 0
638 4
478 5
540 1
541 2
539 4
472 0
469 3
470 0
470 3
473 2
472 4
468 4
467 2
466 0
466 2
465 3
468 0
468 3
469 3
468 1
468 4
465 4
465 4
465 2
464 4
464 0
464 0
464 4
464 5
542 0
542 5
762 1
762 2
757 4
486 2
485 1
485 5
538 2
536 0
533 1
534 1
534 4
476 5
529 5
705 4
484 3
483 2
482 2
481 0
473 2
472 5
613 4
468 0
467 0
467 4
467 4
467 5
529 4
471 0
470 2
470 3
471 3
472 4
467 0
467 4
465 3
468 0
467 4
465 2
465 0
465 2
465 0
465 0
465 3
469 3
468 2
467 5
607 1
607 4
470 5
536 2
534 3
497 3
492 2
490 3
488 0
487 3
489 0
489 0
489 2
488 3
487 5
689 2
686 4
488 2
486 2
485 2
484 2
483 1
483 0
472 4
462 4
462 4
462 3
468 2
467 0
466 2
465 2
464 2
463 1
464 2
463 4
463 0
463 3
466 3
464 4
463 5
536 4
467 3
472 2
471 2
470 1
470 3
471 4
471 2
470 4
470 3
471 0
464 2
463 0
463 1
463 3
465 2
464 5
630 0
630 2
627 3
564 0
562 4
480 5
552 2
550 0
548 2
546 4
471 5
533 3
509 0
505 0
505 3
504 0
504 5
749 1
749 0
749 2
746 5
1053 2
1047 5
1373 4
515 4
507 4
507 5
530 0
527 0
527 1
527 1
527 5
699 4
490 3
487 0
469 2
469 5
609 3
554 4
482 2
481 3
477 0
473 3
474 2
473 0
473 3
474 1
475 3
474 5
638 1
638 0
638 2
636 2
634 2
631 4
474 0
468 1
468 1
468 5
619 5
855 5
1128 0
1128 3
871 2
867 5
1154 5
1531 3
1332 2
1326 4
530 0
508 2
507 5
694 4
486 3
488 2
487 4
483 0
479 5
642 1
641 5
889 0
889 4
503 1
503 0
485 2
484 4
476 0
474 4
473 0
473 3
476 2
475 3
471 0
471 2
470 0
470 5
628 2
625 3
564 5
774 3
686 2
684 1
684 2
682 2
680 1
680 4
500 2
499 3
486 2
485 0
479 3
481 3
477 3
477 2
476 0
476 2
475 2
474 3
477 0
476 4
467 4
465 0
465 0
465 1
465 4
464 2
463 2
463 2
463 1
463 2
463 2
463 1
463 3
466 5
538 2
536 4
471 4
470 1
470 0
463 2
463 5
615 2
614 3
548 5
744 4
486 0
481 2
480 2
479 3
480 2
479 2
478 4
467 3
470 3
470 2
469 4
469 0
468 2
467 3
470 2
469 5
628 5
867 0
867 4
482 4
480 0
473 2
472 1
472 0
472 3
472 3
475 1
475 3
473 1
473 0
473 0
473 3
473 1
473 3
475 4
468 0
467 2
466 2
465 4
464 5
530 0
530 0
530 3
505 5
655 3
590 3
571 4
483 0
479 0
479 3
481 4
469 5
552 0
552 0
552 0
552 4
475 4
473 3
474 2
473 2
472 4
471 3
472 1
472 0
469 4
466 1
466 1
466 3
468 2
467 3
469 2
468 0
468 0
468 1
468 3
470 4
466 4
465 4
465 0
465 2
464 4
463 5
530 0
530 4
465 1
465 0
463 2
462 2
462 4
462 2
462 5
541 1
541 0
541 0
541 1
541 4
465 1
465 1
465 3
469 4
468 3
467 0
465 2
464 3
466 1
466 3
467 5
629 1
629 2
627 5
862 0
862 4
482 0
472 3
474 2
473 1
473 2
472 3
469 2
468 3
469 0
468 4
466 2
466 0
466 2
465 3
470 5
619 4
469 4
469 1
469 2
469 0
466 1
466 0
466 0
466 2
466 2
465 0
465 3
471 3
470 0
470 2
469 2
468 1
468 1
468 4
466 4
466 0
466 5
620 4
476 3
474 2
473 5
541 3
505 1
505 2
503 5
645 0
645 0
645 2
643 1
643 0
643 2
641 1
640 0
640 2
638 4
482 1
482 4
479 2
478 2
477 0
473 2
472 2
471 0
470 2
469 2
468 3
470 2
469 3
469 3
468 2
468 2
468 3
467 2
466 2
466 4
466 2
465 0
465 4
464 5
541 4
468 4
468 3
471 2
470 1
470 2
470 2
469 2
469 4
469 4
469 3
472 1
472 4
472 2
471 4
471 2
470 4
470 2
469 3
470 0
467 4
465 4
465 4
465 1
465 0
465 4
464 5
536 3
500 0
498 0
498 2
497 3
497 1
497 2
496 2
495 1
495 3
494 0
494 5
718 4
493 4
490 2
489 5
544 2
542 0
540 2
538 1
538 2
536 2
534 0
534 2
532 0
532 4
476 3
475 2
474 2
473 2
472 1
472 4
471 5
526 3
502 4
474 0
473 4
468 5
528 0
528 0
528 1
528 3
506 3
500 2
499 4
475 4
470 3
472 3
470 0
465 4
459 4
459 1
459 0
459 5
623 4
468 5
535 2
533 4
467 0
460 3
465 4
463 3
464 0
463 4
459 0
459 4
459 1
459 2
459 2
459 4
459 0
459 0
459 3
460 4
460 4
460 5
530 5
714 0
714 4
482 2
481 0
468 5
618 2
615 2
614 1
613 0
613 2
612 4
471 3
472 0
468 3
468 2
467 2
466 2
465 0
465 2
464 0
464 4
460 3
464 0
462 3
462 0
462 1
462 3
464 1
464 0
463 2
462 1
462 4
459 2
459 3
465 0
464 2
463 4
459 0
459 3
461 1
461 2
460 3
461 4
460 5
533 1
533 3
502 2
501 4
468 4
468 3
466 5
535 4
464 4
464 1
464 0
461 2
461 4
458 4
458 3
462 1
462 5
536 0
536 0
536 5
733 0
733 2
728 3
605 2
603 5
842 4
495 2
494 1
494 0
483 4
467 3
472 2
471 0
469 3
470 3
471 4
463 0
463 4
461 2
460 4
460 4
460 0
460 1
460 3
463 4
463 2
462 2
461 3
464 0
463 4
459 2
459 2
459 4
459 3
465 5
536 0
536 4
462 0
459 4
459 3
464 4
464 1
464 2
463 4
463 2
463 1
463 2
462 4
462 5
538 2
536 1
536 1
536 2
535 2
533 3
499 0
499 0
499 1
499 4
467 3
466 5
538 5
725 3
600 0
599 2
597 0
597 1
597 3
567 4
481 3
472 3
468 3
470 4
467 2
466 3
464 4
464 4
464 0
462 0
462 3
464 0
464 3
465 2
464 2
463 3
464 0
464 0
464 1
464 1
464 4
461 1
461 1
461 4
460 0
460 1
460 2
459 3
461 2
460 4
459 4
459 4
459 3
463 3
462 2
461 0
460 3
464 1
464 4
462 3
462 4
462 4
462 1
462 0
461 0
461 4
458 5
540 4
461 2
460 2
460 1
460 0
460 0
460 1
460 4
460 0
460 5
626 0
626 2
625 0
625 1
625 2
623 5
872 0
872 0
872 2
867 4
485 4
483 4
483 4
483 2
482 5
523 2
521 2
520 0
517 0
517 2
517 1
517 4
475 3
481 0
473 0
473 2
472 4
465 2
464 5
530 0
530 0
530 5
716 2
711 4
481 4
480 5
527 3
502 4
483 1
483 3
481 3
478 3
479 2
478 4
477 4
477 0
469 4
465 0
465 4
464 0
464 5
608 3
547 3
528 2
526 0
526 1
526 2
525 3
520 0
520 5
797 3
707 0
705 1
705 0
705 3
681 5
1092 5
1566 5
2043 2
2036 4
525 3
498 4
495 5
529 3
503 4
478 4
478 0
475 4
468 0
468 5
612 3
549 0
549 2
548 0
548 2
546 1
546 4
478 0
476 0
476 0
476 2
475 3
476 0
476 4
467 2
466 3
466 2
465 0
465 4
463 0
463 1
463 2
463 5
636 5
896 0
896 4
487 0
479 4
473 0
472 3
473 4
468 5
543 0
543 2
541 3
506 2
505 0
505 1
505 4
477 0
476 2
475 4
467 2
466 3
470 5
543 2
541 3
510 4
471 2
470 3
472 1
472 3
472 1
472 4
471 1
471 4
471 0
468 4
463 0
463 5
630 4
471 4
470 0
464 5
624 0
624 3
554 0
553 0
553 0
553 4
480 0
478 1
478 5
670 4
477 4
474 0
471 0
471 5
652 0
652 5
917 0
917 1
913 5
1199 4
501 2
499 0
477 1
477 2
476 4
470 3
477 2
475 4
474 0
468 3
470 0
470 3
470 2
469 3
470 2
469 4
466 4
466 0
466 3
468 4
465 2
464 2
464 0
464 2
463 4
463 4
463 3
472 3
466 4
466 0
465 1
465 2
464 3
467 1
467 4
466 0
466 2
465 1
465 3
467 3
468 3
468 2
467 5
620 3
550 4
477 3
471 1
471 3
468 2
467 5
537 0
537 3
510 3
502 2
501 3
499 4
468 5
543 3
508 3
500 2
499 0
498 2
497 3
497 1
497 2
496 1
496 0
495 3
495 2
494 4
469 2
468 2
467 4
463 4
463 2
463 0
462 0
462 4
461 3
465 2
464 4
464 0
463 3
464 0
464 4
460 5
547 4
468 2
467 4
466 5
536 4
465 1
465 0
460 5
630 4
468 5
540 4
469 0
464 1
464 4
463 5
533 4
464 0
462 0
462 2
462 0
462 2
462 4
462 2
462 3
466 3
464 0
464 5
635 2
633 2
631 0
631 3
555 3
536 1
536 4
474 1
474 4
471 2
470 0
470 0
470 2
469 3
472 3
472 3
472 2
471 5
641 5
906 4
481 3
476 3
479 4
478 4
477 3
473 3
474 1
474 2
473 1
473 4
473 0
469 0
469 3
471 4
464 0
464 3
465 5
601 4
465 4
465 3
469 4
469 5
525 2
523 4
461 0
458 4
457 1
457 1
457 2
457 3
463 2
462 3
460 4
460 4
460 4
460 0
460 2
459 4
456 5
524 4
456 5
523 3
498 1
498 3
492 4
464 5
531 2
529 2
527 4
459 1
459 2
459 0
458 0
458 4
458 2
458 3
463 5
530 2
528 2
526 4
457 2
457 4
457 4
457 4
457 5
526 1
526 4
458 5
524 2
523 4
459 3
462 2
461 4
461 3
464 3
464 3
461 1
461 0
460 0
460 4
457 2
457 5
523 2
522 1
522 0
522 4
458 2
458 3
463 4
463 5
524 0
523 4
458 2
458 0
458 5
597 3
542 0
538 0
538 4
475 2
474 1
474 0
473 0
473 0
473 2
472 4
463 0
462 0
462 4
461 4
460 3
464 4
463 4
463 1
463 5
538 0
538 0
538 1
538 0
538 0
538 3
504 1
504 3
496 4
466 5
542 3
515 3
506 3
501 0
500 2
499 0
499 3
499 2
498 3
499 2
498 0
498 5
738 0
738 4
484 5
540 4
467 3
473 3
471 1
471 2
470 5
528 3
499 0
497 0
497 3
496 0
495 4
469 4
464 0
464 1
464 5
634 4
474 3
470 3
468 4
467 3
468 2
467 0
463 1
463 5
617 0
617 5
872 1
870 2
865 2
860 2
856 3
695 5
982 2
976 2
971 0
971 2
966 4
512 4
506 3
491 4
486 2
485 4
485 0
476 2
475 0
475 4
467 4
467 0
467 2
467 4
465 2
464 0
464 2
464 0
464 0
464 0
464 2
464 1
464 5
609 4
467 3
468 0
467 1
467 1
467 2
466 3
469 0
469 3
472 2
471 2
470 5
625 0
625 2
623 5
864 5
1129 3
885 2
880 5
1192 5
1570 1
1570 5
1969 0
1969 5
2371 4
558 2
554 4
546 3
513 2
512 2
511 1
511 0
490 5
624 5
818 3
653 3
607 5
817 4
495 4
487 2
486 5
536 3
506 1
506 5
659 1
659 3
589 5
849 0
849 5
1219 3
1063 1
1063 4
533 5
566 0
560 0
560 0
560 5
789 3
676 -1
