5 2000
3357 5
3356 0
2607 1
2608 0
2583 3
2331 3
2231 4
2002 3
1974 4
1962 4
1959 5
1973 3
1940 0
1923 2
1923 5
2168 2
2167 1
2167 1
2167 5
2521 5
2954 5
3438 5
3896 3
3329 2
3320 4
2053 3
1961 5
1983 4
1908 2
1906 5
1941 1
1945 4
1887 1
1887 1
1889 1
1891 0
1865 1
1867 3
1853 5
2032 2
2029 0
2028 0
2028 2
2029 2
2030 1
2031 1
2031 3
1933 4
1844 1
1844 5
1926 5
2176 2
2173 1
2175 0
2174 0
2174 3
2009 0
2005 0
2005 5
2435 4
1913 2
1911 0
1872 2
1870 1
1872 3
1859 2
1858 5
2138 1
2139 5
2579 3
2305 0
2303 3
2203 0
2202 0
2202 5
2888 2
2884 3
2675 3
2557 5
3489 2
3484 5
4535 0
4535 0
4535 0
4535 0
4535 2
4529 1
4529 2
4523 2
4517 5
5518 3
5246 0
5246 5
6409 5
7621 0
7621 0
7621 5
8838 0
8838 0
8838 0
8838 4
2012 5
1974 5
2126 4
1869 0
1838 0
1838 0
1838 3
1819 2
1818 0
1817 4
1793 3
1783 0
1779 2
1779 3
1778 3
1774 0
1773 5
2082 5
2497 0
2497 3
2240 5
2695 1
2697 0
2696 4
1897 3
1825 5
1897 4
1800 3
1791 4
1782 2
1781 1
1781 2
1780 3
1780 0
1766 2
1765 0
1765 5
1993 3
1887 4
1786 3
1771 0
1762 5
1999 2
2000 0
2000 2
2001 4
1783 2
1782 2
1781 4
1776 0
1763 5
1991 2
1990 3
1902 5
2159 1
2159 3
2022 2
2019 3
1974 5
2351 3
2198 3
2139 5
2803 5
3676 3
3391 1
3390 0
3390 2
3385 3
3231 2
3227 4
1905 0
1866 4
1794 3
1778 2
1777 4
1759 2
1756 1
1760 5
1891 0
1889 0
1889 5
2273 4
1809 3
1787 0
1769 0
1769 5
2074 1
2075 0
2075 1
2077 4
1776 3
1765 0
1744 2
1745 1
1747 2
1745 3
1741 0
1741 2
1741 0
1741 0
1741 3
1741 5
2027 0
2027 0
2027 3
1902 0
1899 0
1899 5
2364 3
2152 1
2154 3
2078 1
2082 4
1814 4
1757 0
1745 3
1746 3
1745 0
1744 2
1743 0
1743 3
1743 1
1744 2
1743 0
1743 0
1743 0
1743 3
1743 3
1742 3
1742 4
1732 5
1910 0
1909 2
1907 5
2320 1
2320 3
2097 2
2095 0
2093 2
2091 3
2015 4
1791 5
1947 0
1942 1
1941 0
1941 4
1775 0
1755 1
1756 2
1755 0
1755 0
1755 3
1754 3
1754 1
1754 5
2095 4
1780 3
1765 3
1760 5
1891 0
1886 0
1886 4
1746 4
1737 3
1737 0
1730 2
1730 0
1730 4
1724 0
1724 5
2014 4
1757 0
1735 0
1735 0
1735 3
1734 3
1734 0
1731 3
1731 0
1731 3
1731 0
1731 0
1731 2
1730 3
1730 5
2043 4
1754 5
1881 0
1877 3
1813 0
1808 5
2196 3
2044 5
2549 3
2326 2
2323 5
3051 0
3051 0
3051 3
2828 3
2713 4
1859 1
1861 3
1802 0
1779 0
1779 5
2155 0
2155 3
2000 4
1781 3
1763 3
1758 4
1741 1
1745 0
1734 5
2036 2
2035 1
2035 0
2035 4
1761 1
1765 5
1876 0
1869 0
1869 1
1868 4
1740 1
1740 1
1744 3
1741 2
1740 5
1877 4
1748 3
1746 2
1745 2
1744 0
1733 2
1732 1
1732 4
1728 1
1731 0
1728 3
1727 0
1726 3
1726 3
1726 4
1724 0
1723 5
1989 4
1747 2
1745 0
1731 3
1731 4
1725 5
1867 2
1865 2
1863 0
1862 5
2188 3
2003 1
2003 5
2358 5
2910 0
2910 0
2910 4
1861 0
1793 3
1788 0
1782 1
1783 0
1783 3
1778 4
1747 5
1894 1
1894 3
1825 5
2147 0
2145 5
2693 5
3325 2
3319 2
3313 2
3307 3
2937 5
3591 0
3591 3
3305 2
3299 2
3294 4
1916 5
1938 4
1816 4
1809 4
1809 3
1798 0
1781 4
1765 3
1763 0
1759 3
1757 2
1756 2
1755 2
1754 0
1751 4
1745 0
1744 2
1744 0
1744 4
1742 5
1875 1
1875 5
2167 3
1999 2
1997 3
1921 2
1920 0
1913 0
1913 0
1913 4
1798 4
1766 4
1766 0
1757 0
1757 0
1757 3
1755 5
2050 2
2048 1
2048 2
2046 4
1781 4
1764 4
1764 2
1763 4
1763 1
1765 3
1757 4
1753 3
1754 3
1752 2
1751 2
1751 3
1751 0
1739 0
1739 2
1739 5
1995 5
2367 3
2117 4
1808 3
1784 2
1783 0
1764 5
2024 2
2024 1
2025 4
1772 2
1771 4
1768 5
1846 5
2088 2
2085 3
1928 3
1867 3
1847 4
1781 3
1759 2
1758 5
1900 2
1899 3
1828 3
1808 0
1798 4
1758 4
1745 5
1910 5
2296 3
2074 1
2076 2
2074 4
1803 3
1778 0
1757 1
1757 3
1753 3
1753 4
1738 3
1734 3
1734 0
1733 3
1732 0
1730 5
2053 3
1911 1
1912 5
2309 3
2111 1
2111 3
2049 2
2047 3
2012 3
1997 5
2594 3
2424 3
2353 0
2353 2
2351 2
2348 5
3336 3
3159 2
3154 0
3154 3
3078 4
1888 3
1819 3
1804 0
1789 4
1757 3
1751 4
1739 0
1736 2
1735 0
1735 4
1733 0
1732 4
1732 2
1731 4
1730 3
1730 0
1730 5
2075 2
2073 2
2071 3
1918 0
1916 0
1916 0
1916 3
1896 3
1877 5
2389 4
1810 3
1773 5
1935 4
1755 0
1737 2
1736 4
1729 0
1728 0
1728 0
1728 0
1728 4
1728 4
1727 2
1727 4
1727 4
1727 4
1727 3
1726 1
1726 2
1725 1
1725 3
1725 2
1725 0
1725 1
1726 5
2030 5
2483 3
2207 4
1802 1
1802 3
1778 5
1903 0
1900 2
1900 3
1841 3
1820 5
2114 0
2114 5
2646 4
1855 0
1793 3
1784 4
1746 2
1745 4
1740 5
1883 4
1756 2
1755 1
1755 5
1869 0
1864 5
2190 3
2002 2
2000 5
2366 0
2364 5
2932 3
2623 2
2619 2
2615 2
2612 4
1888 3
1840 0
1808 3
1790 1
1790 2
1789 4
1754 4
1747 0
1745 4
1742 2
1741 2
1741 2
1741 3
1740 2
1740 4
1740 2
1739 4
1739 1
1739 0
1736 2
1735 5
2015 5
2420 2
2416 1
2414 5
2901 3
2537 0
2535 3
2365 0
2365 1
2365 4
1876 3
1811 0
1793 5
2109 0
2109 2
2106 1
2105 4
1795 3
1775 1
1777 3
1769 0
1759 5
2013 1
2012 0
2012 1
2012 5
2413 0
2413 3
2171 5
2598 2
2594 3
2366 5
2970 5
3740 4
1950 1
1950 5
1947 2
1945 0
1926 3
1884 4
1789 2
1787 5
1896 1
1895 5
2205 1
2206 4
1810 3
1796 2
1795 0
1776 0
1776 2
1775 0
1775 3
1766 0
1763 1
1765 3
1762 3
1759 2
1758 3
1755 2
1755 3
1753 3
1752 2
1752 5
2025 0
2025 1
2026 3
1895 3
1859 0
1856 1
1856 2
1854 0
1854 1
1854 4
1777 0
1773 4
1742 3
1738 3
1737 0
1733 4
1731 3
1730 2
1729 2
1728 5
1911 4
1751 1
1751 3
1744 3
1743 1
1743 4
1737 4
1737 2
1737 2
1737 3
1736 3
1736 4
1735 0
1726 0
1726 1
1726 1
1727 0
1726 5
2029 3
1904 5
2277 5
2846 1
2846 3
2542 5
3210 0
3210 4
1884 4
1832 1
1832 4
1831 5
1878 4
1794 4
1793 3
1782 0
1760 5
2006 1
2006 0
2006 0
2006 1
2006 1
2006 4
1777 3
1770 2
1769 0
1751 2
1750 2
1750 4
1741 5
1854 2
1854 0
1854 0
1854 5
2143 3
1971 0
1964 3
1902 3
1878 3
1860 4
1767 3
1753 5
1935 3
1851 3
1826 5
2162 5
2719 3
2442 3
2291 5
2978 5
3853 1
3853 4
1924 2
1921 4
1857 5
1874 0
1865 0
1865 0
1865 4
1773 1
1773 5
1874 1
1874 0
1871 3
1819 5
2064 0
2062 3
1939 5
2309 2
2305 1
2305 0
2305 4
1831 2
1829 3
1796 0
1781 3
1772 0
1772 5
2091 2
2090 5
2541 5
3069 0
3069 0
3069 0
3069 0
3069 1
3066 4
1865 0
1809 4
1777 1
1777 3
1761 2
1760 0
1752 1
1752 3
1752 0
1752 2
1751 2
1751 5
2013 5
2373 2
2372 4
1801 3
1786 0
1762 3
1759 4
1751 0
1749 4
1747 3
1746 3
1746 2
1746 5
1856 0
1855 5
2129 4
1788 4
1784 3
1778 4
1775 3
1772 0
1751 3
1748 4
1740 0
1739 5
1964 0
1964 2
1964 0
1964 2
1964 4
1762 4
1760 0
1746 2
1746 1
1746 4
1744 3
1743 0
1743 3
1743 3
1742 5
1947 3
1851 1
1851 3
1825 2
1824 3
1812 3
1809 2
1808 4
1757 2
1756 2
1755 3
1747 3
1747 4
1743 3
1743 0
1742 3
1740 2
1739 1
1739 0
1738 3
1739 0
1738 3
1739 0
1739 4
1736 1
1736 2
1735 1
1735 3
1735 4
1735 5
1857 4
1747 2
1746 5
1853 4
1743 3
1743 5
1852 4
1743 2
1743 4
1743 3
1743 2
1743 4
1743 5
1851 3
1793 0
1783 2
1783 5
2077 2
2073 1
2073 0
2073 4
1787 5
1875 3
1817 3
1802 2
1801 2
1800 4
1753 4
1745 4
1745 3
1744 3
1740 3
1740 3
1739 4
1738 4
1737 0
1733 3
1734 3
1734 1
1734 1
1734 0
1734 3
1734 1
1734 5
1991 5
2366 2
2365 4
1787 0
1754 2
1754 2
1754 2
1754 0
1754 2
1754 5
2001 3
1881 1
1881 5
2125 4
1777 1
1777 3
1753 3
1751 2
1750 3
1746 1
1746 4
1742 3
1741 4
1740 0
1735 4
1730 3
1732 5
1868 2
1868 5
2137 0
2137 1
2137 1
2137 5
2521 3
2212 3
2076 2
2073 4
1807 3
1771 4
1755 4
1755 3
1754 2
1753 2
1752 5
1863 1
1863 2
1863 0
1861 0
1861 4
1754 0
1740 1
1740 4
1738 3
1738 5
1861 5
2149 1
2149 3
1975 3
1897 2
1896 5
2186 4
1805 4
1777 5
1864 4
1761 4
1761 2
1761 3
1757 0
1742 3
1741 1
1741 2
1740 3
1740 0
1738 5
2022 0
2022 4
1756 0
1738 1
1738 1
1738 2
1738 2
1738 3
1738 2
1737 2
1736 4
1729 3
1726 1
1726 1
1726 1
1726 1
1726 5
1869 4
1742 2
1740 1
1740 2
1739 0
1729 1
1729 0
1729 3
1730 2
1729 5
1982 3
1876 4
1752 4
1742 4
1742 5
1873 0
1871 4
1739 3
1735 4
1731 2
1730 3
1730 3
1731 2
1731 2
1731 4
1731 1
1731 0
1724 5
1986 3
1878 3
1840 0
1837 0
1837 3
1825 3
1819 1
1819 3
1814 0
1811 2
1810 2
1809 5
2284 3
2128 2
2126 2
2124 4
1807 3
1773 0
1761 2
1759 2
1758 0
1758 3
1756 3
1753 1
1753 1
1753 4
1737 4
1728 3
1727 5
1898 3
1837 4
1757 5
1894 2
1892 2
1890 5
2266 3
2066 4
1793 2
1792 3
1770 0
1752 4
1740 4
1734 3
1733 2
1732 1
1732 1
1732 1
1732 2
1731 4
1729 0
1726 4
1723 4
1723 3
1723 3
1723 4
1723 2
1723 0
1722 2
1722 0
1722 3
1722 5
2008 0
2008 4
1742 4
1735 5
1849 0
1844 3
1789 0
1784 3
1777 2
1776 1
1776 2
1775 4
1742 3
1730 3
1730 1
1730 3
1726 2
1725 2
1724 2
1723 4
1719 3
1720 4
1719 3
1719 0
1719 4
1718 3
1719 1
1719 1
1719 2
1719 5
1878 4
1739 0
1725 4
1720 3
1721 0
1720 2
1720 0
1720 2
1720 2
1720 2
1720 2
1720 5
2027 2
2025 0
2025 2
2024 0
2024 4
1753 4
1747 5
1858 3
1792 5
2044 1
2044 4
1766 5
1859 3
1806 4
1747 3
1736 3
1734 4
1729 0
1722 4
1717 3
1718 3
1718 5
1870 3
1800 4
1731 1
1731 2
1730 5
1859 5
2185 2
2185 4
1772 2
1771 2
1770 3
1760 2
1759 0
1737 0
1737 0
1737 4
1722 4
1721 2
1721 1
1721 4
1721 2
1721 3
1722 4
1722 4
1722 2
1722 0
1719 3
1719 0
1719 3
1719 3
1719 3
1719 4
1716 3
1715 2
1715 2
1715 4
1715 3
1716 0
1716 3
1716 1
1716 5
1978 5
2358 2
2358 0
2358 2
2355 4
1789 4
1779 3
1766 0
1737 0
1737 2
1737 5
1985 3
1888 1
1887 4
1762 1
1762 4
1752 1
1752 4
1752 3
1746 3
1743 2
1742 1
1742 3
1742 0
1731 1
1731 4
1726 4
1726 0
1726 3
1726 4
1725 4
1725 1
1725 0
1725 4
1725 3
1725 2
1725 5
1861 1
1861 1
1861 2
1861 1
1861 5
2152 2
2152 3
1964 2
1963 1
1963 0
1959 4
1784 1
1784 3
1759 5
1890 1
1890 2
1889 3
1821 1
1821 1
1821 0
1813 3
1803 2
1801 3
1797 2
1796 4
1750 4
1731 5
1890 3
1813 4
1746 5
1866 0
1863 3
1808 3
1787 5
2089 4
1775 3
1756 0
1744 4
1728 1
1728 3
1727 1
1727 3
1726 2
1725 3
1724 3
1723 0
1723 2
1723 1
1723 1
1723 3
1723 4
1719 3
1717 0
1716 3
1715 1
1715 5
2008 1
2008 3
1888 2
1887 5
2262 0
2261 4
1771 1
1771 3
1752 3
1749 4
1735 0
1726 3
1726 4
1721 3
1719 2
1718 3
1718 4
1718 0
1715 0
1715 4
1715 4
1715 3
1716 0
1716 3
1716 2
1716 3
1716 5
1996 1
1996 3
1869 0
1863 1
1863 3
1840 2
1839 0
1838 4
1765 1
1765 4
1729 3
1724 5
1895 0
1893 4
1743 2
1742 4
1732 3
1728 3
1727 5
1871 4
1731 2
1730 1
1730 2
1729 2
1728 3
1726 2
1725 3
1725 0
1719 2
1719 2
1719 0
1719 2
1719 3
1718 0
1718 3
1719 2
1719 4
1716 3
1714 4
1712 2
1712 4
1712 4
1712 5
1862 2
1861 5
2217 0
2217 0
2217 5
2696 5
3218 5
3674 2
3660 4
1865 2
1862 4
1847 5
1844 4
1789 4
1788 1
1788 0
1757 3
1750 4
1744 0
1741 4
1738 0
1737 3
1738 0
1738 3
1738 2
1738 4
1736 3
1733 2
1733 2
1733 2
1733 4
1733 2
1733 1
1735 2
1735 4
1735 4
1735 3
1734 2
1734 3
1735 4
1735 4
1735 5
1845 1
1845 4
1741 3
1740 2
1740 4
1740 4
1740 1
1740 2
1740 0
1736 2
1736 0
1736 0
1736 0
1736 0
1736 2
1736 4
1734 4
1734 3
1734 4
1734 2
1734 3
1734 5
1841 3
1792 4
1745 3
1743 4
1739 0
1733 3
1734 0
1733 2
1733 2
1733 3
1733 5
1972 2
1971 3
1867 0
1864 4
1770 4
1744 2
1743 0
1734 4
1726 5
1866 5
2178 4
1778 0
1753 0
1753 3
1748 2
1746 0
1745 3
1745 2
1744 4
1736 3
1732 4
1724 3
1723 4
1723 0
1720 4
1720 0
1719 0
1719 4
1718 4
1717 3
1718 4
1718 2
1718 3
1717 2
1717 5
1854 1
1854 3
1791 3
1770 3
1759 5
2007 4
1757 3
1740 2
1739 3
1740 0
1726 1
1726 0
1726 3
1725 2
1724 2
1723 0
1723 3
1723 2
1723 2
1723 4
1718 4
1713 5
1859 1
1859 3
1805 5
2080 5
2559 0
2559 4
1790 3
1763 0
1741 2
1741 2
1741 1
1741 5
2018 2
2018 1
2018 4
1748 0
1736 3
1734 0
1733 0
1733 0
1733 4
1724 3
1723 2
1722 4
1719 1
1719 0
1719 3
1719 0
1718 1
1718 3
1718 3
1718 4
1715 4
1714 3
1714 4
1713 2
1713 2
1713 1
1713 3
1713 4
1713 3
1714 0
1714 4
1712 4
1712 5
1868 4
1725 4
1722 3
1722 5
1861 3
1795 0
1786 3
1774 4
1732 0
1727 0
1727 5
2051 1
2050 3
1918 3
1872 5
2255 4
1782 3
1759 0
1738 0
1738 4
1723 0
1722 0
1722 4
1719 3
1719 1
1719 1
1719 0
1719 5
2035 5
2492 0
2492 3
2219 4
1800 3
1761 4
1746 4
1746 1
1746 0
1733 2
1732 2
1732 4
1729 5
1857 2
1857 5
2165 2
2165 4
1778 0
1742 1
1742 4
1725 2
1724 4
1723 4
1723 0
1722 2
1722 2
1722 2
1722 1
1722 4
1722 0
1722 4
1722 3
1720 4
1720 3
1721 3
1720 2
1720 0
1718 4
1718 1
1718 5
1851 4
1736 3
1736 0
1726 4
1723 3
1724 5
1854 4
1735 5
1834 0
1831 0
1831 2
1831 2
1831 4
1726 2
1726 1
1726 3
1726 0
1722 2
1722 4
1721 1
1721 3
1722 0
1722 3
1722 3
1722 0
1722 0
1722 3
1721 0
1721 3
1721 4
1719 5
1850 0
1850 4
1734 4
1730 5
1828 4
1723 3
1723 3
1722 3
1722 0
1719 1
1719 0
1719 2
1719 0
1719 0
1719 3
1719 3
1718 2
1717 4
1716 3
1716 1
1716 0
1716 5
1962 4
1742 3
1734 3
1733 4
1731 0
1724 0
1724 5
1979 4
1739 5
1835 4
1727 0
1723 4
1721 3
1722 0
1720 4
1719 4
1719 2
1719 2
1719 5
1840 0
1840 3
1793 5
2045 1
2045 4
1774 5
1858 0
1851 5
2179 1
2179 0
2179 2
2176 0
2176 0
2176 3
1985 5
2352 3
2184 4
1812 0
1783 4
1739 0
1736 0
1735 3
1734 5
2052 4
1755 4
1743 0
1734 5
2017 0
2017 0
2017 2
2017 2
2016 3
1899 0
1890 4
1778 3
1754 4
1738 3
1736 4
1733 5
1874 4
1746 2
1745 3
1740 5
1865 0
1860 0
1860 3
1807 0
1799 0
1799 4
1745 3
1737 0
1729 3
1727 1
1727 3
1726 0
1726 1
1726 4
1721 4
1717 1
1717 5
1885 4
1738 2
1736 0
1723 1
1723 2
1723 3
1723 4
1719 3
1719 3
1717 0
1716 4
1715 4
1715 2
1715 5
1882 0
1882 4
1734 0
1720 3
1720 5
2002 3
1892 4
1756 5
1886 4
1733 2
1732 3
1731 0
1722 3
1720 4
1716 3
1716 0
1716 4
1715 3
1715 1
1715 3
1716 3
1715 5
1870 2
1870 3
1795 4
1733 5
1875 4
1732 3
1729 4
1728 1
1728 4
1728 3
1727 2
1726 4
1726 0
1721 2
1721 0
1721 1
1721 0
1721 5
2009 2
2009 3
1910 3
1857 0
1852 4
1761 1
1761 2
1759 4
1727 5
1889 3
1815 2
1814 3
1794 4
1738 4
1725 5
1888 4
1744 1
1744 3
1737 4
1733 1
1733 3
1732 2
1731 0
1726 3
1724 4
1719 1
1719 2
1718 2
1717 3
1717 1
1717 2
1717 4
1716 3
1717 0
1715 4
1714 3
1714 2
1714 2
1714 1
1714 4
1714 3
1715 1
1715 2
1714 4
1714 3
1715 4
1715 2
1715 4
1715 4
1715 3
1714 4
1714 4
1714 5
1874 2
1874 0
1874 3
1810 2
1809 2
1808 1
1808 2
1807 4
1736 3
1732 3
1731 1
1731 3
1731 0
1724 5
2023 4
1745 4
1741 0
1724 4
1720 4
1720 4
1720 0
1720 4
1720 5
1879 5
2204 3
2004 3
1926 4
1765 0
1754 3
1749 0
1749 2
1748 2
1748 3
1748 4
1725 0
1725 0
1725 0
1725 0
1725 4
1718 3
1719 2
1718 1
1718 2
1717 0
1717 5
2026 5
2461 4
1800 0
1754 3
1751 0
1748 3
1747 1
1747 4
1729 5
1892 5
2241 3
2025 4
1778 4
1760 5
1860 4
1749 2
1748 1
1748 4
1745 4
1745 0
1735 0
1735 3
1735 4
1726 3
1725 5
1875 3
1803 4
1744 0
1733 2
1732 5
2028 4
1751 1
1751 4
1747 2
1746 5
1868 1
1868 2
1868 1
1868 4
1741 2
1740 4
1738 0
1728 4
1728 0
1727 3
1725 3
1726 0
1725 4
1722 4
1719 5
1869 0
1869 3
1792 0
1785 3
1779 1
1779 3
1774 4
1738 4
1720 3
1718 0
1717 2
1716 3
1716 1
1716 4
1714 3
1714 5
1893 2
1893 4
1742 5
1869 4
1727 0
1719 3
1717 5
1995 4
1740 4
1738 1
1741 3
1737 3
1734 0
1724 4
1721 2
1721 4
1721 0
1720 4
1719 1
1719 3
1719 -1
3357 1
3357 5
3356 1
3357 1
3358 2
3356 4
3293 0
2508 1
2498 2
2494 0
2466 3
2237 0
2220 1
2221 0
2219 2
2217 3
2126 0
2120 4
1953 4
1928 3
1900 3
1877 2
1876 4
1871 3
1870 3
1863 3
1859 5
1932 1
1933 2
1932 1
1932 2
1931 0
1927 2
1926 4
1848 1
1850 4
1843 5
1900 5
2104 3
1944 0
1934 0
1934 1
1936 2
1934 2
1933 3
1896 2
1895 2
1894 4
1828 4
1814 4
1813 2
1812 0
1807 5
2086 5
2480 4
1897 2
1895 1
1895 0
1841 0
1841 3
1832 0
1830 4
1815 2
1813 2
1811 0
1809 2
1809 4
1803 1
1806 5
1926 0
1926 1
1928 1
1928 4
1820 4
1810 5
1900 4
1804 0
1795 4
1793 4
1793 5
1907 0
1907 5
2203 0
2203 3
2030 4
1848 5
1906 0
1895 3
1863 3
1844 3
1829 3
1823 2
1822 3
1818 5
2062 5
2513 3
2272 0
2269 1
2269 4
1879 4
1830 3
1817 2
1816 0
1810 5
2111 2
2110 1
2110 2
2108 0
2108 2
2108 0
2108 4
1826 0
1802 3
1794 2
1793 5
2054 5
2454 3
2198 0
2192 0
2192 0
2192 2
2191 0
2191 2
2190 1
2191 0
2191 2
2189 1
2190 2
2189 4
1857 2
1855 0
1826 5
2174 1
2175 1
2175 0
2175 4
1830 0
1806 4
1780 4
1774 5
1905 3
1835 3
1820 5
2087 0
2087 0
2087 5
2569 5
3136 5
3739 4
1936 5
1932 4
1845 0
1818 3
1810 0
1806 3
1798 3
1795 0
1793 5
2067 2
2065 4
1808 3
1793 5
1880 5
2127 0
2127 3
1980 2
1979 4
1817 0
1793 3
1791 0
1791 2
1790 5
2085 1
2088 1
2088 3
1955 0
1951 0
1951 4
1820 0
1806 0
1806 5
2158 0
2158 0
2158 3
2025 0
2019 0
2019 0
2019 0
2019 2
2017 5
2569 2
2565 4
1886 1
1886 2
1883 1
1883 0
1849 2
1848 4
1799 5
1918 2
1918 1
1919 1
1919 1
1919 3
1853 2
1852 2
1851 0
1847 5
2250 0
2250 0
2250 0
2250 4
1831 5
1902 0
1886 5
2258 0
2258 3
2066 5
2499 0
2498 0
2498 1
2499 2
2495 0
2495 1
2495 0
2495 3
2309 3
2206 1
2209 0
2207 0
2207 0
2207 3
2171 2
2169 5
2943 3
2778 4
1892 1
1895 1
1895 0
1864 3
1849 2
1847 3
1841 3
1839 0
1839 1
1840 2
1839 0
1839 0
1839 2
1838 0
1838 4
1781 1
1781 2
1780 2
1779 0
1776 0
1776 0
1776 2
1775 4
1756 4
1745 1
1747 4
1745 1
1749 3
1743 5
1950 1
1951 5
2382 0
2382 5
2942 5
3542 4
1904 1
1904 2
1901 3
1835 2
1834 5
1899 0
1890 4
1788 5
1868 2
1868 4
1778 5
1855 4
1771 0
1764 5
1995 3
1884 5
2131 2
2128 4
1807 5
1890 0
1881 2
1879 5
2209 0
2209 5
2652 3
2324 1
2324 2
2321 3
2163 3
2090 0
2087 2
2085 5
2689 0
2689 3
2507 3
2418 2
2415 1
2419 4
1895 4
1822 0
1801 2
1799 5
2137 5
2628 1
2627 3
2340 0
2336 3
2225 1
2226 0
2226 2
2224 0
2224 0
2224 0
2224 0
2224 3
2182 4
1846 4
1786 4
1786 2
1785 5
1932 0
1931 0
1931 4
1787 1
1789 5
1906 0
1896 5
2310 0
2310 2
2307 2
2304 5
2820 2
2815 3
2485 4
1853 1
1855 0
1812 3
1795 3
1783 2
1782 2
1781 0
1780 5
2144 3
2000 5
2482 2
2478 4
1828 1
1828 0
1792 1
1792 3
1785 5
2106 0
2104 2
2101 3
1963 2
1962 3
1914 5
2368 3
2205 2
2202 4
1809 4
1757 1
1759 3
1746 2
1745 0
1732 0
1732 2
1732 3
1733 1
1735 0
1734 0
1734 4
1731 4
1727 0
1724 0
1724 2
1723 3
1723 2
1723 5
2048 4
1755 5
1877 2
1877 5
2203 1
2204 5
2688 5
3230 5
3765 0
3765 0
3765 4
1916 3
1858 5
1894 4
1810 5
1872 0
1863 3
1820 2
1819 4
1778 1
1778 1
1778 3
1769 3
1768 1
1768 5
1866 5
2121 3
1953 0
1948 0
1948 4
1797 1
1797 4
1775 2
1774 2
1773 4
1773 3
1766 5
1872 3
1810 3
1798 2
1797 4
1761 0
1756 2
1756 3
1755 1
1756 2
1755 0
1751 0
1751 2
1751 2
1751 4
1742 1
1742 5
1885 0
1884 2
1884 3
1827 2
1826 2
1825 0
1823 1
1824 2
1823 1
1823 4
1763 2
1762 3
1748 2
1747 2
1746 2
1745 4
1732 3
1733 3
1732 3
1733 2
1733 4
1733 0
1730 4
1728 5
1889 4
1754 3
1749 4
1746 0
1735 3
1735 5
2005 2
2003 3
1876 0
1868 5
2298 2
2296 3
2123 2
2122 4
1808 2
1806 2
1804 5
1923 1
1923 3
1844 0
1836 4
1759 0
1753 0
1753 2
1752 4
1736 1
1736 0
1735 2
1735 0
1735 0
1735 2
1735 0
1735 2
1735 0
1735 2
1735 1
1735 4
1731 4
1728 4
1728 1
1728 2
1728 3
1729 4
1728 1
1730 2
1729 3
1728 2
1727 2
1727 5
1889 5
2260 0
2260 3
2051 3
1969 5
2414 4
1818 0
1793 2
1792 5
2145 0
2145 0
2145 0
2145 5
2659 0
2659 5
3241 1
3242 4
1886 1
1887 3
1827 3
1812 0
1776 0
1775 2
1776 4
1754 4
1751 0
1748 3
1744 0
1743 2
1743 4
1735 4
1735 4
1735 3
1735 3
1735 4
1735 3
1736 5
1846 2
1846 0
1845 4
1761 2
1760 4
1758 2
1758 5
1834 0
1832 3
1786 0
1778 4
1744 2
1743 5
1856 3
1799 1
1799 2
1798 4
1741 4
1732 3
1733 0
1729 1
1729 4
1727 0
1725 2
1725 3
1725 0
1725 2
1725 4
1725 0
1725 0
1725 0
1725 3
1725 2
1725 3
1724 2
1724 2
1725 0
1724 3
1722 5
1987 1
1987 3
1872 4
1759 0
1741 1
1741 0
1741 5
2045 0
2045 1
2045 0
2045 0
2045 3
1912 1
1912 5
2299 4
1806 4
1772 4
1771 5
1850 3
1784 4
1740 2
1739 0
1732 0
1732 5
2003 2
2001 2
1999 5
2418 4
1792 1
1792 2
1789 2
1788 2
1787 4
1778 4
1778 1
1778 3
1769 2
1768 4
1763 1
1763 0
1744 3
1740 4
1737 4
1737 4
1737 2
1737 1
1737 0
1737 3
1738 2
1737 2
1737 1
1738 4
1735 3
1734 3
1735 2
1734 2
1734 5
1852 0
1852 1
1852 2
1852 5
2146 4
1780 1
1782 2
1780 5
1852 4
1756 3
1755 4
1754 3
1754 4
1753 2
1753 2
1754 2
1755 2
1755 2
1755 2
1755 0
1746 3
1744 4
1742 3
1742 4
1742 2
1742 3
1741 2
1741 4
1741 2
1741 0
1740 1
1741 5
1960 5
2278 3
2035 3
1946 3
1910 5
2202 3
2076 3
2024 5
2519 2
2516 3
2350 3
2292 3
2264 3
2240 0
2239 0
2239 2
2237 4
1857 1
1857 0
1848 2
1847 3
1843 3
1835 2
1834 3
1833 2
1832 3
1829 5
2298 2
2294 0
2294 2
2290 2
2286 3
2135 5
2817 3
2621 3
2529 2
2526 4
1858 4
1795 1
1795 1
1797 3
1785 4
1770 1
1772 3
1764 0
1752 4
1737 2
1736 4
1734 1
1734 1
1734 3
1735 2
1735 3
1733 1
1733 2
1733 1
1733 3
1734 0
1730 4
1727 4
1727 1
1727 3
1728 4
1728 4
1728 5
1890 5
2255 4
1801 4
1790 1
1790 2
1789 0
1761 0
1761 2
1761 1
1761 3
1755 2
1754 5
2017 4
1773 4
1765 5
1850 4
1760 1
1760 2
1759 4
1759 3
1756 4
1754 5
1855 4
1756 2
1754 2
1753 0
1744 4
1742 3
1743 2
1742 5
1862 3
1811 2
1810 4
1764 0
1751 4
1740 3
1740 0
1738 5
1999 5
2386 2
2383 5
2844 1
2844 0
2844 3
2468 1
2467 5
2899 3
2660 3
2528 0
2524 5
3240 2
3235 1
3235 0
3235 4
1909 5
1968 0
1949 1
1949 1
1949 1
1949 5
2392 4
1843 1
1843 3
1807 5
1909 4
1782 1
1782 4
1778 0
1761 3
1760 5
2019 0
2018 3
1910 1
1911 0
1906 1
1906 2
1904 1
1904 4
1777 1
1777 2
1776 0
1765 5
2101 3
1962 3
1916 2
1915 1
1915 4
1777 2
1776 0
1764 1
1764 3
1759 4
1741 2
1740 4
1731 2
1730 3
1729 4
1727 3
1727 0
1725 0
1725 4
1722 0
1722 0
1722 4
1721 5
1894 1
1894 2
1892 2
1892 1
1892 3
1820 0
1815 2
1814 2
1813 3
1798 0
1798 0
1798 0
1798 2
1797 2
1796 3
1793 3
1790 5
2244 2
2241 4
1791 0
1761 1
1761 2
1760 2
1759 0
1759 5
2136 0
2136 2
2132 4
1780 5
1881 1
1881 4
1745 3
1740 2
1739 4
1734 0
1725 1
1725 5
2017 3
1894 4
1753 2
1752 5
1863 1
1863 5
2182 2
2179 1
2179 5
2658 0
2658 5
3183 3
2767 0
2767 5
3346 2
3340 2
3333 4
1866 2
1863 0
1803 2
1801 4
1753 1
1753 4
1746 2
1745 2
1744 4
1744 4
1744 1
1744 4
1744 0
1740 2
1740 3
1736 3
1735 3
1733 2
1732 4
1726 0
1726 5
1993 5
2372 1
2371 1
2369 3
2120 2
2119 3
2018 3
1958 2
1956 4
1780 0
1764 3
1762 5
2092 0
2092 0
2092 2
2088 5
2606 0
2606 0
2606 4
1820 3
1787 3
1774 5
1892 5
2179 3
2001 4
1785 3
1768 0
1748 2
1748 4
1736 5
1856 0
1856 0
1856 0
1856 3
1804 1
1804 3
1786 0
1781 4
1742 3
1732 4
1719 0
1719 4
1719 2
1719 3
1720 4
1720 0
1720 3
1720 5
2011 5
2427 5
2919 3
2559 2
2555 0
2553 0
2553 1
2551 2
2547 0
2547 5
3137 4
1867 3
1816 1
1816 3
1800 5
1895 2
1893 2
1892 2
1892 0
1879 0
1879 3
1812 0
1807 2
1807 0
1807 3
1795 4
1760 1
1760 4
1742 2
1741 0
1738 3
1737 5
2005 2
2004 2
2003 3
1890 3
1849 2
1848 5
2168 5
2712 2
2707 0
2707 4
1858 4
1816 5
1874 3
1825 4
1777 4
1772 0
1759 5
2026 2
2024 3
1893 3
1845 1
1845 4
1768 2
1767 4
1749 2
1748 1
1748 4
1748 5
1873 5
2194 0
2194 0
2194 0
2194 4
1782 5
1854 5
2114 1
2114 2
2113 5
2509 3
2198 2
2196 3
2070 0
2070 0
2070 2
2066 2
2064 3
2010 2
2008 2
2006 0
2002 3
1973 5
2543 3
2370 5
3165 2
3160 2
3155 0
3155 2
3150 3
2956 3
2857 1
2857 3
2791 1
2791 0
2791 4
1871 2
1868 3
1815 3
1804 2
1803 4
1774 2
1773 2
1772 2
1771 3
1769 3
1769 5
1937 3
1861 4
1768 1
1768 5
1929 5
2326 2
2323 2
2320 2
2317 1
2317 3
2103 2
2101 0
2099 1
2099 4
1838 0
1810 3
1800 3
1797 2
1795 0
1794 0
1794 0
1794 0
1794 0
1794 2
1793 3
1793 4
1753 2
1752 3
1742 1
1742 4
1732 3
1731 3
1729 2
1728 2
1728 0
1728 3
1724 0
1723 3
1724 5
2075 3
1933 2
1932 4
1764 1
1764 2
1762 2
1760 5
1921 3
1845 4
1749 5
1900 1
1900 5
2296 5
2824 0
2824 5
3362 0
3362 2
3355 4
1848 3
1801 2
1799 3
1791 4
1782 2
1780 3
1776 1
1776 5
1840 5
2070 3
1922 5
2191 1
2191 4
1815 4
1791 5
1861 3
1805 2
1804 0
1796 4
1751 3
1750 5
1881 0
1880 1
1880 4
1752 4
1747 5
1860 0
1855 4
1741 0
1736 2
1736 3
1734 0
1734 4
1728 5
1863 0
1862 3
1801 3
1784 3
1776 1
1776 2
1775 2
1774 2
1772 3
1769 2
1768 1
1768 2
1767 3
1763 1
1763 3
1760 2
1759 4
1729 4
1725 0
1722 5
2011 0
2011 0
2011 3
1880 3
1843 3
1830 5
2175 0
2175 1
2175 4
1799 1
1799 1
1799 5
1920 3
1838 0
1829 0
1829 4
1749 0
1747 2
1746 5
2104 4
1773 1
1773 3
1754 0
1736 3
1735 4
1724 3
1722 2
1721 0
1719 4
1718 0
1715 3
1716 4
1715 4
1714 3
1713 4
1713 3
1713 0
1713 2
1713 5
2000 4
1740 5
1868 3
1808 2
1806 2
1805 3
1777 2
1776 2
1775 2
1774 3
1763 0
1762 4
1736 4
1715 3
1713 3
1713 0
1713 4
1712 4
1711 0
1710 2
1710 5
2015 3
1892 3
1844 3
1825 2
1824 2
1823 1
1823 1
1823 3
1813 4
1741 3
1731 0
1728 3
1728 4
1718 2
1717 0
1716 3
1717 4
1716 5
1915 2
1913 0
1913 1
1913 0
1913 4
1743 0
1723 4
1717 4
1710 0
1710 2
1710 5
2010 4
1735 0
1712 1
1712 2
1712 4
1707 2
1706 4
1706 0
1706 5
1992 4
1734 3
1731 0
1716 2
1715 3
1715 3
1715 2
1714 4
1709 3
1710 4
1709 3
1708 2
1707 1
1707 0
1705 5
1983 4
1731 2
1730 1
1730 5
1857 2
1857 5
2171 4
1769 2
1766 3
1754 1
1757 5
1862 2
1862 2
1862 0
1857 5
2173 5
2584 2
2580 5
3042 0
3042 2
3040 1
3039 5
3488 0
3488 0
3488 3
2995 2
2989 5
3447 4
1926 2
1922 1
1922 2
1919 3
1841 3
1828 2
1826 2
1825 4
1813 2
1811 2
1811 4
1811 2
1811 1
1811 2
1811 1
1811 3
1809 4
1806 5
1860 2
1858 0
1847 1
1847 4
1787 1
1787 2
1786 4
1784 4
1784 2
1783 1
1783 3
1782 3
1782 2
1782 3
1782 2
1782 3
1781 2
1781 2
1781 5
1854 3
1814 2
1812 3
1792 0
1784 1
1784 5
2045 4
1793 0
1775 3
1769 3
1768 3
1767 0
1767 3
1767 4
1757 3
1754 3
1754 3
1752 1
1752 3
1752 4
1748 2
1748 5
1863 4
1763 2
1762 2
1761 4
1758 4
1758 3
1757 4
1755 3
1756 3
1756 4
1756 3
1755 2
1755 2
1755 4
1755 4
1755 0
1744 2
1744 2
1744 3
1744 2
1744 2
1744 4
1742 4
1742 1
1742 3
1742 3
1743 3
1742 2
1742 4
1742 4
1742 0
1742 1
1742 0
1742 3
1742 3
1742 3
1743 2
1742 2
1742 2
1742 3
1743 0
1743 2
1743 3
1743 0
1743 0
1743 0
1743 0
1743 4
1741 5
1855 3
1804 4
1755 5
1854 4
1758 4
1756 2
1755 4
1755 2
1755 1
1755 1
1755 3
1755 2
1755 3
1755 3
1755 0
1745 4
1740 5
1850 5
2090 3
1927 2
1926 2
1925 2
1924 5
2171 3
2016 1
2016 0
2012 4
1826 4
1780 3
1770 0
1758 0
1758 5
2049 5
2469 2
2466 2
2462 0
2462 3
2191 0
2188 4
1827 4
1788 2
1787 1
1787 2
1786 2
1785 4
1785 1
1785 0
1765 2
1764 5
2035 4
1773 2
1772 5
1853 4
1754 3
1752 0
1743 5
2002 4
1755 4
1753 3
1750 3
1749 5
1840 2
1839 5
2098 3
1941 5
2217 0
2217 1
2217 3
2058 2
2056 4
1803 1
1803 3
1771 3
1762 3
1761 3
1759 1
1759 3
1758 1
1758 2
1757 0
1748 0
1748 2
1748 0
1748 3
1745 4
1726 4
1723 2
1723 5
1871 3
1817 5
2095 2
2091 2
2089 4
1770 0
1747 3
1742 0
1742 0
1742 5
2067 3
1939 1
1938 5
2333 3
2170 4
1802 0
1778 3
1774 2
1773 1
1773 0
1771 0
1771 0
1771 3
1767 3
1767 2
1766 4
1737 2
1736 3
1726 0
1724 2
1724 4
1717 0
1717 4
1715 3
1715 4
1713 3
1714 4
1714 3
1714 5
1893 3
1821 3
1795 5
2128 3
1990 3
1945 3
1922 0
1919 2
1917 0
1917 0
1917 2
1916 5
2554 3
2383 1
2383 3
2319 3
2282 5
3205 0
3205 2
3200 3
3022 0
3021 5
4252 4
1902 3
1826 2
1825 3
1806 5
1947 0
1943 5
2354 0
2354 2
2351 3
2129 0
2126 3
2043 4
1827 0
1815 0
1815 4
1759 3
1750 0
1745 4
1737 2
1736 0
1735 3
1734 5
2087 0
2087 2
2086 1
2086 2
2085 4
1765 2
1764 4
1750 0
1730 2
1729 3
1729 0
1729 2
1729 2
1729 0
1729 3
1729 3
1729 5
2049 2
2049 3
1931 3
1880 1
1880 2
1878 4
1756 0
1744 5
2112 5
2626 5
3201 0
3201 2
3194 2
3188 1
3186 0
3186 3
2810 4
1856 4
1823 2
1822 3
1802 2
1801 0
1773 1
1773 4
1754 3
1751 0
1746 3
1743 5
1982 3
1887 0
1875 2
1874 3
1849 4
1765 4
1741 5
1886 5
2231 4
1782 0
1760 5
2046 1
2046 3
1925 5
2263 5
2825 1
2825 1
2825 5
3443 2
3437 3
3051 4
1885 4
1841 4
1841 3
1815 4
1808 5
1851 4
1782 4
1782 0
1764 3
1759 3
1754 5
1952 4
1766 2
1765 4
1760 2
1759 4
1759 0
1743 4
1735 4
1734 5
1838 4
1739 3
1739 5
1845 3
1798 1
1798 2
1797 2
1796 2
1795 3
1779 3
1767 3
1767 3
1766 1
1766 1
1766 0
1754 4
1732 1
1732 0
1727 3
1727 1
1727 1
1727 5
1996 0
1995 3
1871 2
1870 1
1870 0
1868 4
1756 4
1726 3
1724 4
1723 2
1722 0
1716 1
1716 0
1716 1
1716 0
1716 2
1715 4
1713 1
1716 5
1863 3
1806 0
1802 3
1791 3
1783 3
1782 4
1745 0
1741 5
2092 4
1756 3
1741 2
1740 1
1740 5
1885 3
1810 4
1734 3
1725 4
1718 3
1717 4
1716 1
1716 2
1716 1
1716 4
1716 0
1714 3
1714 3
1713 5
1976 2
1975 4
1741 3
1735 5
1859 2
1859 2
1857 3
1790 0
1786 3
1778 0
1776 2
1775 5
2159 5
2686 3
2400 2
2393 2
2390 4
1823 3
1780 3
1759 4
1743 0
1732 1
1732 3
1731 4
1720 3
1719 2
1719 3
1719 4
1719 3
1719 3
1719 1
1719 5
1850 4
1733 2
1732 0
1722 3
1722 0
1721 2
1721 3
1721 2
1720 2
1720 5
1977 5
2357 2
2352 2
2352 0
2352 0
2352 3
2104 0
2099 4
1806 2
1804 0
1775 1
1775 4
1743 2
1742 2
1741 4
1733 4
1733 0
1728 4
1726 5
1868 3
1805 2
1804 3
1778 4
1733 2
1732 2
1731 0
1729 4
1724 4
1723 3
1723 2
1723 0
1722 2
1722 0
1722 3
1722 0
1720 5
2017 3
1901 3
1852 1
1852 5
2195 5
2793 4
1853 3
1797 4
1783 3
1775 5
1868 2
1866 0
1859 2
1857 1
1857 3
1802 2
1801 5
2062 2
2060 4
1781 4
1762 2
1761 4
1761 2
1760 3
1752 4
1749 3
1749 4
1748 0
1738 1
1738 1
1738 4
1731 5
1845 0
1844 4
1743 2
1742 1
1742 0
1731 3
1730 3
1729 2
1729 4
1727 0
1727 0
1727 3
1726 2
1726 0
1726 4
1723 3
1724 3
1724 1
1724 5
1846 0
1846 3
1797 0
1791 2
1790 4
1757 3
1743 3
1737 2
1736 5
1887 5
2212 3
2024 0
2022 2
2021 3
1966 3
1926 4
1783 0
1779 2
1778 5
2166 0
2166 4
1805 3
1771 3
1762 5
1906 0
1897 3
1815 3
1797 3
1791 4
1751 0
1743 0
1743 4
1728 0
1726 3
1727 3
1727 5
2049 1
2049 5
2532 3
2257 2
2254 2
2251 4
1810 2
1808 4
1773 4
1773 0
1748 3
1746 3
1746 2
1745 3
1743 2
1742 3
1742 4
1725 3
1722 2
1722 5
1873 4
1740 2
1739 3
1737 4
1734 5
1853 1
1853 4
1733 3
1732 0
1726 0
1726 2
1726 0
1726 3
1726 3
1724 3
1724 5
1990 5
2369 4
1805 4
1791 4
1791 3
1774 0
1747 2
1747 5
1976 2
1975 3
1861 4
1760 1
1760 4
1748 3
1743 3
1742 5
1842 4
1741 0
1729 3
1728 4
1722 0
1722 1
1722 2
1722 2
1722 0
1722 3
1723 5
1954 3
1857 4
1760 5
1854 3
1807 2
1806 -1
3357 5
3356 2
3354 5
3320 1
3321 0
2915 2
2910 3
2453 1
2455 4
2080 5
2061 2
2059 5
2194 5
2509 1
2508 4
1997 3
1949 0
1912 5
2129 5
2463 1
2463 3
2218 1
2218 5
2561 5
3096 5
3694 2
3687 5
4255 0
4255 1
4253 0
4253 5
4777 2
4764 4
2062 4
2026 5
1966 5
2030 4
1891 2
1882 0
1855 3
1846 3
1838 1
1841 4
1825 3
1817 4
1810 0
1798 2
1799 4
1796 4
1795 3
1796 5
1885 1
1887 4
1811 0
1799 5
2016 0
2016 2
2017 1
2017 2
2016 0
2016 1
2016 3
1905 4
1814 2
1813 0
1798 0
1798 4
1786 3
1784 0
1782 3
1782 2
1781 1
1782 5
2004 1
2005 0
2005 5
2347 4
1861 5
1893 2
1891 2
1891 1
1893 0
1879 1
1878 0
1878 2
1876 5
2156 2
2158 5
2535 5
2961 4
1909 5
1915 4
1852 3
1834 1
1834 5
1891 0
1885 5
2126 1
2126 2
2123 5
2444 3
2155 4
1874 4
1851 2
1849 0
1823 5
2036 4
1818 3
1808 2
1808 2
1808 3
1805 5
1884 3
1844 2
1843 5
2009 5
2328 3
2104 5
2444 5
2973 2
2966 4
1925 0
1856 5
2154 0
2154 0
2154 3
2004 5
2373 5
2945 3
2640 5
3306 5
4098 3
3802 5
4712 0
4712 5
5638 0
5638 3
5383 1
5383 4
1983 4
1925 4
1925 5
1915 4
1854 3
1841 4
1836 4
1834 1
1836 2
1834 2
1833 2
1832 0
1811 1
1812 1
1814 2
1812 3
1805 5
1983 5
2260 1
2260 1
2262 2
2259 0
2258 2
2255 4
1828 4
1819 0
1790 4
1775 0
1775 5
1977 3
1871 2
1870 0
1863 1
1865 5
2178 4
1836 2
1833 5
1892 0
1881 3
1838 3
1823 2
1822 3
1813 2
1812 1
1813 4
1774 2
1773 5
1898 4
1776 3
1773 2
1772 2
1771 5
1866 2
1866 2
1867 1
1868 3
1822 4
1766 5
1864 4
1765 3
1766 5
1851 0
1849 0
1849 2
1850 5
2150 4
1802 4
1793 4
1793 0
1771 4
1763 1
1765 4
1765 4
1765 1
1765 3
1762 0
1759 4
1757 1
1757 1
1761 3
1759 3
1757 1
1759 2
1757 5
1853 1
1854 5
2090 0
2090 3
1930 0
1925 0
1924 2
1923 0
1923 1
1923 0
1923 4
1799 5
1909 5
2212 1
2212 0
2211 0
2211 3
2009 0
2008 3
1955 2
1953 0
1953 5
2498 1
2498 2
2495 2
2491 4
1858 4
1805 2
1804 1
1807 0
1782 4
1764 3
1762 4
1757 4
1757 2
1757 4
1757 3
1756 2
1756 4
1755 4
1755 3
1754 1
1754 1
1756 5
1864 4
1766 5
1849 4
1759 0
1752 2
1752 5
1999 5
2374 5
2835 4
1865 2
1863 2
1861 0
1813 4
1777 2
1776 0
1775 1
1779 1
1779 4
1774 2
1773 5
1860 3
1805 4
1770 2
1769 5
1862 2
1862 3
1813 3
1802 1
1804 1
1805 0
1797 3
1794 5
2084 4
1799 4
1780 4
1780 2
1779 5
1858 4
1769 0
1754 0
1754 0
1754 3
1753 3
1748 1
1748 3
1748 4
1742 3
1742 1
1742 5
1868 3
1808 4
1749 2
1748 3
1744 2
1743 2
1743 1
1743 0
1739 2
1740 4
1739 2
1738 2
1739 1
1742 4
1740 4
1740 2
1740 3
1739 1
1739 4
1738 2
1738 0
1738 3
1736 0
1736 5
1984 0
1984 4
1765 2
1764 2
1764 0
1745 1
1745 1
1746 4
1743 3
1742 4
1741 5
1856 4
1751 5
1855 4
1746 4
1746 4
1746 5
1859 4
1750 2
1750 0
1737 5
1977 5
2328 0
2328 1
2329 2
2328 2
2328 2
2329 4
1803 0
1762 4
1749 4
1748 4
1748 5
1856 4
1756 2
1755 3
1756 0
1747 2
1747 2
1748 4
1742 0
1740 0
1740 3
1741 3
1739 1
1739 1
1739 2
1739 0
1739 1
1740 0
1740 3
1740 1
1744 0
1741 1
1741 5
1993 5
2342 2
2341 4
1802 4
1796 4
1796 0
1763 2
1762 1
1762 2
1761 4
1743 3
1742 1
1742 4
1742 3
1744 0
1740 0
1740 4
1737 2
1737 3
1738 4
1738 0
1738 2
1738 5
1953 4
1759 4
1759 4
1759 1
1762 3
1758 3
1755 0
1744 2
1745 0
1745 3
1743 0
1742 0
1742 4
1736 4
1735 4
1735 0
1735 2
1735 2
1735 0
1735 1
1735 1
1735 0
1735 1
1738 5
1966 1
1966 2
1966 3
1855 2
1854 5
2116 3
1972 4
1805 3
1778 0
1764 5
2033 4
1777 5
1871 1
1872 5
2137 0
2137 2
2135 0
2135 2
2132 2
2133 5
2532 4
1850 5
1882 5
2068 5
2410 5
2853 4
1878 5
1890 1
1890 4
1811 2
1809 3
1800 4
1798 5
1871 0
1862 3
1810 3
1799 0
1796 0
1796 2
1795 0
1795 3
1789 2
1788 5
2033 2
2032 3
1917 5
2236 4
1812 2
1810 3
1777 5
1891 1
1893 3
1828 4
1773 3
1758 1
1758 4
1751 3
1751 4
1751 4
1751 2
1751 0
1744 5
1994 5
2361 4
1798 0
1766 3
1758 2
1757 3
1755 4
1747 0
1744 5
1996 1
1996 2
1994 3
1885 4
1775 5
1878 5
2171 2
2170 2
2167 3
1973 2
1971 4
1793 3
1776 5
1891 5
2180 4
1805 3
1782 4
1771 0
1755 4
1748 5
1850 3
1797 5
2021 0
2020 0
2020 5
2410 4
1818 0
1786 3
1776 4
1755 0
1749 5
2019 4
1768 3
1755 5
1882 4
1748 2
1747 2
1747 5
1852 2
1852 0
1849 0
1849 3
1788 1
1790 5
2024 2
2022 0
2022 4
1765 5
1864 0
1861 2
1861 3
1809 0
1806 4
1755 0
1750 2
1749 5
2052 2
2050 3
1919 5
2306 3
2142 1
2143 1
2143 4
1793 0
1767 4
1746 2
1745 3
1737 2
1736 1
1737 3
1735 0
1734 2
1734 3
1733 1
1733 1
1733 5
2028 2
2027 2
2027 1
2026 2
2025 4
1770 4
1756 3
1752 5
1869 0
1862 1
1863 2
1861 3
1812 3
1787 0
1782 0
1782 0
1782 5
2152 1
2151 4
1776 1
1776 2
1774 0
1752 3
1749 1
1749 2
1748 2
1747 1
1748 3
1747 0
1746 4
1735 2
1733 5
1905 4
1750 3
1745 0
1729 3
1728 3
1728 0
1728 0
1728 4
1724 3
1724 5
1884 5
2262 0
2262 2
2259 4
1788 0
1752 3
1747 4
1736 3
1731 4
1727 1
1727 0
1726 4
1724 0
1724 0
1724 0
1724 4
1724 0
1724 3
1723 2
1722 0
1721 4
1720 5
1877 1
1878 3
1816 2
1815 5
2104 4
1775 4
1754 3
1749 2
1748 5
1870 1
1870 4
1754 1
1754 2
1753 2
1752 3
1748 2
1747 1
1747 0
1734 5
1986 1
1986 3
1865 4
1760 5
1883 3
1811 4
1747 2
1746 5
1866 5
2176 2
2173 2
2170 4
1796 4
1785 1
1785 3
1777 2
1776 5
1850 3
1792 0
1783 3
1777 5
2061 5
2499 0
2499 3
2220 1
2220 5
2737 1
2737 2
2733 5
3410 2
3404 4
1906 0
1842 3
1821 4
1775 1
1775 3
1768 0
1762 4
1756 2
1755 3
1754 2
1753 1
1753 5
1886 5
2207 0
2207 2
2204 1
2205 3
2024 4
1810 4
1786 2
1784 2
1782 3
1777 4
1776 0
1769 3
1765 0
1762 5
2038 0
2038 5
2454 4
1839 4
1822 3
1808 0
1782 3
1770 4
1755 4
1754 0
1753 2
1754 2
1755 0
1754 3
1752 4
1749 5
1865 5
2136 3
1952 3
1883 0
1875 3
1852 1
1852 2
1851 0
1850 4
1774 1
1774 5
1935 3
1854 4
1761 5
1911 2
1909 1
1909 0
1905 3
1846 2
1845 4
1763 0
1755 4
1739 3
1736 3
1735 4
1732 5
1902 2
1901 2
1901 4
1755 5
1877 5
2192 4
1782 1
1782 0
1754 3
1749 0
1749 2
1748 4
1739 5
1891 1
1891 3
1818 3
1790 2
1788 2
1787 2
1785 1
1786 1
1786 3
1774 5
2061 3
1941 0
1940 4
1779 2
1777 2
1775 4
1737 3
1732 2
1732 4
1730 2
1729 4
1729 4
1729 5
1878 2
1878 4
1751 0
1731 2
1730 1
1730 5
2032 2
2032 0
2032 3
1900 3
1861 2
1860 0
1857 4
1766 2
1765 0
1758 4
1739 4
1727 5
1890 0
1890 2
1888 3
1830 1
1831 4
1748 5
1888 4
1752 3
1745 4
1739 3
1737 0
1728 5
2024 2
2024 4
1742 0
1730 5
2029 2
2029 3
1903 4
1757 4
1745 2
1744 4
1744 2
1743 2
1742 2
1741 2
1740 2
1740 1
1740 2
1739 2
1739 4
1736 0
1724 0
1724 2
1724 4
1715 3
1715 2
1714 2
1714 1
1714 3
1715 4
1714 0
1713 1
1713 2
1713 3
1713 2
1713 3
1713 0
1713 1
1713 0
1713 4
1712 3
1712 4
1712 2
1712 5
1869 1
1869 2
1869 1
1869 4
1731 2
1730 3
1728 3
1728 4
1726 1
1726 4
1726 0
1717 2
1717 4
1714 4
1714 4
1714 4
1714 5
1854 5
2164 0
2164 4
1765 4
1764 1
1764 3
1758 3
1753 0
1737 3
1736 3
1734 3
1733 2
1732 4
1725 2
1724 1
1724 4
1724 4
1724 3
1725 2
1724 4
1723 2
1723 4
1723 4
1723 3
1724 5
1849 1
1848 1
1848 2
1847 2
1847 4
1740 4
1740 4
1740 0
1725 5
1977 4
1745 4
1744 5
1827 1
1819 4
1735 4
1735 5
1837 0
1831 0
1831 5
2133 3
1951 4
1787 4
1773 5
1850 3
1793 3
1783 3
1780 3
1774 4
1743 1
1743 3
1736 2
1735 5
1869 4
1739 2
1738 5
1856 1
1856 3
1805 3
1792 1
1792 4
1738 4
1734 2
1733 3
1732 0
1731 0
1731 0
1731 5
2023 0
2023 2
2021 4
1755 4
1748 2
1747 1
1747 3
1747 0
1731 5
1997 0
1997 3
1889 5
2195 2
2192 3
2034 5
2501 3
2320 3
2224 5
2926 2
2922 1
2922 2
2918 1
2917 2
2912 0
2912 2
2909 3
2731 2
2727 2
2724 0
2724 2
2721 3
2648 5
3747 5
4930 2
4921 3
4707 1
4707 1
4707 4
1894 1
1894 4
1827 4
1827 2
1826 2
1824 3
1797 4
1786 4
1786 5
1862 3
1800 3
1775 1
1775 4
1747 3
1742 2
1741 0
1738 5
2029 2
2028 0
2028 3
1901 0
1896 2
1895 5
2329 5
2918 4
1835 5
1901 2
1899 4
1780 4
1777 0
1759 4
1743 3
1743 0
1738 4
1735 0
1733 5
1998 2
1998 4
1758 2
1756 4
1751 3
1747 1
1747 0
1740 2
1740 0
1740 4
1735 3
1735 0
1735 5
1979 1
1979 4
1756 0
1739 4
1734 2
1734 2
1733 4
1733 2
1733 1
1733 4
1733 3
1731 3
1731 2
1730 1
1730 2
1730 3
1730 0
1730 4
1730 1
1730 0
1730 4
1729 0
1729 0
1729 0
1729 4
1729 0
1729 2
1729 3
1729 3
1730 4
1729 0
1729 4
1728 4
1728 0
1728 2
1728 2
1728 0
1728 2
1728 3
1729 4
1729 2
1729 4
1729 0
1729 0
1729 5
1976 2
1976 5
2322 3
2085 5
2407 2
2404 1
2404 4
1829 4
1804 1
1804 4
1804 3
1775 0
1754 1
1754 2
1754 0
1754 2
1754 2
1754 2
1754 3
1753 3
1752 3
1751 0
1745 5
2016 4
1769 5
1861 3
1808 2
1807 4
1753 5
1864 1
1864 2
1863 0
1856 4
1746 2
1745 0
1739 2
1739 3
1740 5
1990 5
2348 0
2348 2
2343 4
1790 2
1789 0
1753 1
1753 4
1738 2
1737 3
1735 0
1734 4
1733 4
1733 4
1733 2
1733 2
1733 5
1852 4
1747 4
1744 5
1849 2
1849 3
1785 0
1780 0
1780 4
1747 4
1739 3
1735 4
1735 3
1736 1
1736 3
1735 5
1856 0
1856 4
1739 3
1739 0
1734 5
1983 0
1983 5
2353 3
2094 3
1991 2
1989 3
1941 4
1786 4
1758 0
1744 2
1743 3
1741 0
1739 3
1738 2
1738 2
1738 3
1736 3
1737 3
1734 2
1733 0
1733 4
1726 4
1721 5
1885 2
1884 0
1883 5
2258 5
2742 0
2742 4
1827 2
1825 3
1792 2
1791 3
1782 5
1873 0
1867 1
1867 2
1867 4
1760 1
1760 0
1748 5
2010 1
2010 0
2010 5
2392 1
2392 4
1796 4
1787 3
1772 3
1770 3
1769 0
1746 4
1737 3
1737 4
1737 2
1737 4
1737 2
1737 5
1837 2
1837 4
1747 1
1747 2
1747 4
1747 5
1833 1
1833 4
1743 3
1744 4
1744 4
1744 4
1744 0
1737 1
1737 2
1737 5
1946 2
1946 0
1946 3
1851 1
1851 4
1761 3
1746 1
1746 2
1745 2
1744 0
1739 2
1739 5
1954 3
1858 3
1829 1
1829 3
1816 4
1758 1
1758 2
1757 1
1757 2
1755 0
1746 4
1733 2
1732 0
1731 3
1731 2
1730 5
1969 2
1969 0
1969 2
1969 2
1969 3
1867 0
1860 0
1860 0
1860 3
1830 4
1759 2
1758 0
1749 0
1749 0
1749 3
1746 3
1744 4
1727 2
1726 4
1719 0
1717 3
1718 2
1717 3
1717 0
1717 3
1718 2
1718 4
1715 5
1899 2
1897 5
2292 2
2287 5
2805 4
1837 3
1805 5
1870 1
1870 0
1857 0
1857 5
2175 3
1991 2
1989 2
1988 1
1988 4
1785 0
1763 5
2048 5
2459 4
1813 4
1801 0
1766 3
1756 0
1754 1
1754 4
1741 4
1738 3
1736 2
1736 4
1736 2
1735 5
1854 2
1854 0
1853 4
1751 2
1750 0
1736 5
1994 1
1994 5
2356 3
2121 2
2120 0
2116 4
1825 4
1787 3
1773 1
1773 2
1772 2
1771 3
1766 1
1766 1
1766 5
1862 5
2138 5
2546 0
2546 4
1801 0
1764 4
1745 2
1745 2
1745 2
1745 2
1745 1
1745 4
1745 5
1853 3
1787 4
1748 4
1745 4
1745 0
1738 1
1738 2
1737 0
1737 2
1737 3
1735 2
1734 4
1730 3
1730 1
1730 2
1730 1
1730 2
1730 3
1730 4
1730 1
1730 3
1730 0
1730 0
1730 5
1976 5
2326 4
1789 2
1788 0
1754 3
1751 5
1982 0
1982 4
1755 4
1746 3
1741 5
1845 2
1843 0
1842 2
1842 5
2123 5
2508 4
1787 2
1785 0
1750 3
1746 3
1745 1
1745 4
1736 0
1734 2
1734 0
1734 3
1731 2
1730 4
1722 5
1856 1
1856 0
1856 0
1856 2
1856 0
1856 0
1856 2
1856 1
1855 0
1855 5
2150 3
1967 2
1965 2
1964 4
1771 5
1851 5
2135 3
1960 2
1958 0
1947 1
1947 4
1778 0
1768 2
1767 3
1761 0
1760 4
1738 5
1898 1
1898 0
1896 3
1828 4
1745 1
1745 2
1744 4
1733 4
1733 1
1733 2
1732 4
1732 4
1732 3
1730 1
1730 5
1878 1
1877 0
1874 3
1817 4
1738 4
1730 3
1728 0
1723 1
1723 3
1724 0
1724 0
1724 5
2031 5
2480 1
2480 0
2480 0
2480 3
2196 1
2196 0
2193 3
2099 5
2687 5
3428 5
4146 1
4145 5
4859 4
1898 2
1894 0
1819 4
1770 5
1888 2
1886 2
1884 1
1884 0
1883 4
1760 0
1751 0
1751 2
1749 1
1751 0
1750 1
1750 0
1750 0
1750 5
2032 1
2032 3
1894 4
1771 2
1770 1
1770 2
1768 0
1759 2
1758 4
1744 5
1877 3
1815 0
1809 2
1808 0
1808 0
1808 0
1808 2
1807 1
1807 0
1807 3
1793 1
1793 2
1792 2
1791 5
2134 5
2663 3
2378 4
1838 0
1802 0
1802 3
1795 0
1793 5
2178 5
2703 2
2697 5
3286 3
2902 3
2673 4
1852 0
1808 0
1808 1
1808 0
1808 2
1806 4
1758 3
1755 5
1906 5
2286 4
1792 2
1789 1
1789 2
1787 5
1860 0
1853 4
1746 1
1746 2
1745 5
1874 2
1873 4
1752 4
1748 3
1746 4
1742 3
1740 5
1844 2
1844 0
1839 3
1785 0
1775 4
1731 3
1725 4
1719 1
1719 4
1719 1
1719 5
1868 3
1808 1
1808 1
1808 4
1734 0
1724 0
1724 5
2015 0
2015 1
2015 1
2014 5
2435 0
2435 1
2434 3
2159 3
2030 1
2030 0
2027 4
1806 5
1953 3
1859 1
1859 0
1851 4
1765 0
1758 0
1758 3
1756 0
1756 2
1755 4
1730 1
1730 2
1729 2
1728 5
1926 3
1839 3
1816 0
1814 5
2314 4
1806 0
1774 2
1772 0
1772 2
1771 5
2152 2
2150 0
2150 5
2680 2
2675 2
2671 2
2666 3
2380 2
2378 4
1829 5
1908 3
1836 0
1824 0
1824 5
2247 4
1794 2
1793 4
1768 3
1759 2
1758 5
1852 0
1847 4
1745 1
1745 2
1744 0
1734 5
1996 0
1996 4
1749 4
1746 0
1731 4
1730 5
1848 4
1743 4
1743 0
1732 4
1728 2
1727 2
1727 0
1727 1
1727 5
1978 0
1978 2
1978 4
1745 2
1744 2
1744 3
1738 0
1729 2
1729 3
1727 1
1727 0
1727 3
1726 1
1726 4
1719 2
1718 5
1849 2
1847 4
1725 4
1724 2
1724 4
1723 3
1723 0
1717 2
1716 2
1716 5
1964 5
2310 0
2310 2
2306 0
2306 3
2077 0
2066 0
2066 4
1789 4
1749 2
1748 1
1748 5
1844 0
1843 5
2176 3
1979 3
1911 4
1770 2
1768 2
1767 0
1753 2
1752 2
1751 0
1751 3
1748 0
1748 1
1748 3
1747 3
1747 0
1747 2
1747 1
1747 0
1747 0
1747 0
1747 4
1730 1
1730 1
1730 0
1730 0
1730 3
1729 3
1729 5
2053 2
2052 0
2052 1
2051 0
2051 4
1769 5
1878 4
1738 3
1735 3
1734 1
1734 4
1731 3
1731 3
1731 5
1856 5
2147 2
2144 4
1747 2
1746 4
1742 4
1742 3
1738 2
1737 5
1847 3
1783 2
1782 0
1774 3
1767 0
1762 1
1762 0
1762 0
1762 3
1759 3
1758 4
1733 5
1891 1
1891 2
1891 5
2278 4
1769 5
1874 3
1800 3
1780 0
1774 4
1738 0
1733 0
1733 3
1732 4
1723 3
1718 0
1717 3
1717 3
1718 4
1715 3
1714 4
1711 2
1710 0
1710 2
1710 2
1710 0
1710 2
1710 2
1710 0
1710 3
1710 1
1710 5
2040 2
2039 4
1749 1
1749 2
1747 4
1737 0
1718 0
1718 0
1718 0
1718 3
1718 4
1710 1
1710 2
1709 0
1709 3
1710 4
1709 4
1709 5
1880 1
1880 3
1812 4
1727 3
1722 2
1721 2
1721 3
1721 4
1717 3
1716 2
1716 4
1716 3
1715 2
1715 4
1715 0
1710 3
1710 1
1710 3
1711 3
1711 4
1709 4
1709 3
1709 1
1709 2
1708 3
1708 1
1708 2
1708 1
1708 3
1708 4
1708 3
1708 0
1708 2
1708 4
1708 2
1708 4
1708 3
1708 1
1708 4
1708 0
1708 4
1708 4
1708 1
1708 3
1708 0
1708 5
1983 2
1983 5
2393 4
1785 0
1755 2
1754 3
1744 0
1740 3
1739 3
1738 5
2035 4
1754 4
1743 2
1742 0
1722 3
1720 4
1716 2
1715 3
1714 0
1713 2
1713 5
1996 3
1879 5
2201 2
2198 0
2197 0
2197 5
2734 3
2441 3
2291 3
2219 1
2219 5
2892 2
2888 3
2694 3
2603 0
2602 0
2602 5
3634 3
3469 3
3403 4
1885 2
1883 5
1995 2
1993 5
2403 0
2403 3
2187 5
2803 0
2803 2
2796 3
2571 4
1859 2
1857 3
1804 2
1802 2
1801 3
1789 3
1783 4
1754 3
1753 1
1753 1
1753 3
1752 0
1746 3
1742 2
1741 2
1740 3
1736 3
1737 3
1736 1
1736 5
2021 4
1762 2
1761 0
1738 4
1731 0
1731 3
1729 0
1729 2
1729 5
2041 0
2041 2
2038 1
2038 1
2038 3
1902 3
1850 0
1845 3
1838 4
1776 4
1743 3
1740 4
1736 1
1736 2
1735 5
1916 1
1916 1
1916 3
1840 3
1816 0
1811 3
1805 5
2267 4
1802 5
1922 3
1850 0
1840 5
2304 3
2132 5
2760 4
1831 0
1792 2
1791 4
1758 2
1757 4
1746 4
1746 2
1745 5
1895 1
1895 4
1752 3
1746 1
1746 4
1739 4
1738 3
1737 5
1868 3
1805 5
2069 0
2068 -1
3357 2
3356 5
3354 1
3355 0
2606 5
2814 3
2472 0
2448 1
2449 4
2013 4
1987 2
1985 3
1963 5
2000 0
1992 5
2244 5
2599 4
1958 2
1955 2
1952 5
1938 5
2071 3
1960 5
2149 0
2147 5
2550 1
2549 2
2545 2
2542 5
3059 2
3052 4
1954 5
1917 4
1863 4
1861 5
1906 3
1863 0
1855 2
1855 4
1827 4
1818 5
1906 3
1849 5
2054 4
1826 3
1810 5
1900 1
1901 3
1846 1
1847 1
1849 1
1850 0
1841 3
1825 5
2114 5
2551 3
2274 5
2759 1
2760 2
2755 5
3414 5
4111 4
1962 1
1962 5
1958 5
2144 5
2481 0
2481 2
2477 4
1876 5
1902 0
1886 4
1802 3
1791 0
1785 4
1772 4
1770 3
1770 0
1766 0
1766 1
1767 1
1768 4
1759 5
1869 0
1869 4
1778 3
1771 1
1773 5
1873 5
2111 2
2108 4
1796 5
1865 2
1864 3
1801 0
1795 0
1795 4
1761 1
1763 3
1756 3
1756 2
1755 1
1757 5
1876 2
1874 0
1873 1
1875 3
1807 3
1793 3
1788 4
1753 3
1745 3
1744 3
1742 1
1753 0
1746 0
1746 1
1747 2
1746 4
1736 2
1735 3
1734 2
1733 4
1729 3
1730 5
1869 0
1869 1
1870 1
1871 4
1749 2
1748 5
1853 4
1741 1
1743 5
1853 3
1798 1
1800 2
1799 5
2029 1
2029 5
2441 5
2948 2
2942 2
2937 5
3467 5
3943 2
3929 4
1908 2
1905 0
1845 1
1848 5
2087 1
2088 3
1942 2
1941 1
1942 5
2210 0
2209 4
1842 2
1839 5
1896 0
1880 2
1880 2
1880 3
1838 2
1837 3
1819 0
1814 4
1775 4
1755 0
1754 0
1754 4
1749 0
1747 0
1747 2
1748 5
2064 0
2064 5
2506 4
1829 4
1807 2
1804 3
1791 0
1765 5
1983 4
1774 5
1858 5
2086 0
2086 1
2088 2
2086 3
1925 3
1874 3
1849 5
2116 1
2116 0
2115 5
2624 4
1843 1
1843 4
1800 5
1869 4
1781 0
1766 0
1766 4
1760 5
1858 3
1815 1
1819 2
1818 0
1808 5
2123 4
1792 5
1864 3
1822 1
1823 1
1823 5
2043 4
1780 2
1778 5
1862 1
1861 5
2122 2
2118 2
2115 3
1952 5
2279 0
2278 4
1829 0
1793 4
1758 5
1887 3
1827 4
1759 2
1757 2
1755 2
1754 3
1749 5
1876 5
2185 4
1804 3
1784 0
1766 0
1766 2
1766 3
1758 1
1758 2
1757 1
1758 3
1751 5
1989 5
2358 4
1806 2
1802 4
1785 5
1851 3
1799 2
1798 5
1996 5
2345 4
1805 3
1788 4
1776 2
1775 1
1775 5
1845 4
1766 0
1756 0
1756 4
1751 2
1751 3
1750 5
1850 5
2092 2
2089 2
2092 4
1776 1
1780 3
1769 1
1772 3
1765 0
1754 0
1754 0
1754 3
1753 2
1752 0
1750 0
1750 3
1750 4
1743 1
1745 0
1743 1
1744 2
1743 5
1974 5
2300 3
2070 2
2068 4
1804 2
1802 5
1856 5
2100 4
1780 4
1773 2
1772 0
1754 3
1750 2
1749 3
1749 0
1748 0
1748 5
2000 5
2350 3
2102 1
2104 3
1994 2
1991 2
1990 5
2339 2
2336 1
2336 0
2335 3
2188 2
2185 0
2183 4
1851 2
1848 1
1848 2
1846 3
1803 1
1803 4
1765 3
1762 5
1872 4
1768 4
1760 4
1760 5
1858 5
2139 4
1779 5
1851 0
1846 4
1751 5
1853 1
1853 2
1851 4
1751 1
1751 5
1851 0
1849 5
2144 5
2536 2
2533 2
2533 5
3001 3
2572 5
2968 0
2968 3
2712 1
2711 2
2707 4
1860 3
1809 5
1910 4
1773 5
1860 0
1856 3
1802 3
1791 5
2032 1
2032 2
2030 5
2431 5
2949 1
2951 0
2951 2
2945 3
2586 0
2584 2
2582 1
2583 1
2583 2
2581 1
2580 5
3199 4
1916 3
1849 3
1814 2
1813 2
1812 3
1807 4
1794 3
1790 4
1785 3
1784 2
1784 2
1784 0
1768 3
1769 1
1770 3
1765 3
1763 1
1763 2
1762 2
1762 2
1762 2
1761 2
1762 1
1764 0
1760 2
1761 1
1761 3
1759 4
1754 5
1872 3
1808 0
1802 4
1766 2
1765 3
1758 2
1757 3
1754 1
1757 3
1754 4
1745 4
1745 3
1746 5
1862 3
1815 1
1816 3
1795 2
1794 0
1786 3
1780 1
1781 0
1780 4
1757 0
1752 2
1751 0
1751 1
1752 4
1741 0
1740 2
1740 4
1738 3
1737 5
1883 0
1881 2
1880 2
1879 0
1879 5
2237 5
2696 2
2690 3
2355 4
1831 3
1793 1
1796 3
1782 4
1771 4
1769 1
1771 3
1769 4
1767 2
1766 2
1766 4
1766 0
1752 0
1752 4
1746 5
1860 3
1806 4
1761 5
1861 2
1859 3
1796 0
1790 2
1790 0
1790 1
1790 0
1790 0
1790 0
1790 5
2119 0
2119 1
2119 3
1960 3
1910 3
1884 0
1879 3
1865 3
1864 5
2363 1
2364 4
1839 1
1839 2
1836 3
1784 0
1774 0
1774 0
1774 3
1772 4
1748 3
1740 3
1741 4
1733 3
1731 2
1731 2
1731 3
1731 0
1731 3
1732 5
2012 4
1760 1
1760 2
1759 1
1759 0
1740 4
1727 3
1725 3
1724 3
1724 3
1725 5
1887 3
1815 5
2096 3
1964 2
1962 4
1771 0
1758 1
1759 4
1733 4
1731 3
1728 4
1727 4
1727 1
1729 1
1731 3
1727 0
1724 1
1724 3
1724 5
2020 2
2018 3
1902 4
1773 3
1747 0
1736 3
1735 4
1723 5
1882 0
1882 0
1882 4
1744 0
1727 4
1723 2
1722 4
1721 0
1720 5
2019 2
2020 2
2022 1
2021 4
1759 4
1748 2
1748 2
1748 5
1858 3
1795 5
2029 4
1761 2
1760 0
1736 3
1734 2
1733 3
1731 1
1731 5
2005 3
1883 5
2239 2
2236 2
2234 3
2080 2
2078 5
2587 1
2587 4
1817 5
1900 0
1890 3
1831 3
1816 2
1815 1
1818 1
1818 2
1817 4
1751 0
1744 4
1731 4
1726 2
1725 0
1723 5
2058 4
1768 2
1766 0
1739 4
1728 3
1727 1
1727 1
1727 5
1885 0
1885 3
1814 1
1814 2
1813 1
1814 2
1813 1
1813 3
1798 5
2106 2
2104 3
1963 2
1961 0
1957 5
2529 5
3241 5
3967 2
3959 4
1910 1
1910 2
1907 3
1839 2
1837 2
1835 3
1809 1
1810 3
1797 1
1797 4
1781 4
1779 4
1779 3
1778 3
1779 4
1779 3
1776 3
1776 5
1849 1
1849 4
1762 5
1857 2
1857 5
2072 3
1918 2
1916 3
1864 0
1854 1
1856 3
1837 2
1836 4
1778 1
1778 1
1778 4
1752 5
1881 4
1763 1
1763 3
1759 3
1758 4
1755 0
1741 2
1740 4
1733 2
1733 2
1733 4
1733 4
1732 2
1732 1
1732 0
1730 5
1988 0
1988 5
2369 0
2369 0
2369 4
1810 2
1808 0
1772 1
1772 4
1748 2
1747 2
1746 4
1746 0
1745 2
1745 3
1745 3
1744 4
1739 3
1739 3
1740 3
1740 4
1740 4
1740 2
1739 0
1737 2
1738 0
1737 5
1989 1
1989 1
1989 3
1873 4
1779 3
1767 2
1766 3
1765 2
1764 3
1762 2
1761 3
1757 4
1752 4
1752 1
1752 3
1751 0
1739 0
1739 2
1739 3
1738 4
1733 4
1731 1
1734 4
1733 3
1733 3
1734 4
1734 3
1732 1
1732 3
1732 2
1732 3
1732 5
1846 5
2123 4
1770 1
1770 3
1756 4
1753 0
1738 5
1961 0
1961 5
2294 1
2292 5
2708 0
2708 4
1842 1
1842 1
1843 3
1798 2
1796 1
1798 2
1797 2
1796 2
1795 3
1788 1
1788 2
1787 0
1762 0
1762 2
1763 3
1757 3
1753 5
1938 3
1858 5
2092 0
2091 0
2091 0
2091 4
1790 0
1766 1
1766 0
1766 5
2039 2
2037 2
2037 2
2037 2
2037 4
1772 4
1761 4
1761 1
1761 4
1761 1
1761 4
1761 2
1759 1
1759 3
1756 4
1753 1
1753 5
1843 2
1844 5
2090 2
2090 2
2087 1
2086 2
2085 2
2085 5
2438 5
2880 2
2875 4
1846 0
1792 1
1792 3
1781 3
1777 0
1774 1
1774 1
1774 3
1769 4
1754 0
1745 1
1745 3
1743 1
1743 2
1742 1
1742 0
1742 3
1742 0
1741 4
1736 3
1734 2
1734 4
1734 3
1733 0
1732 5
1981 0
1981 5
2338 4
1791 2
1789 0
1758 4
1742 5
1846 3
1789 0
1782 2
1781 4
1745 5
1860 3
1807 3
1790 0
1784 3
1783 4
1754 4
1733 4
1732 3
1728 0
1726 3
1726 1
1726 3
1725 3
1725 4
1724 4
1723 2
1722 4
1722 2
1722 5
1875 1
1875 1
1875 1
1875 3
1809 1
1809 5
2101 0
2101 2
2098 4
1775 3
1754 0
1740 3
1741 1
1741 3
1738 2
1737 4
1730 3
1727 0
1725 5
1988 1
1987 3
1884 4
1760 3
1747 1
1747 3
1743 4
1734 4
1734 4
1734 5
1855 5
2144 1
2143 3
1973 1
1973 4
1776 4
1758 3
1750 0
1743 2
1743 3
1742 1
1742 3
1741 1
1741 3
1740 1
1740 3
1741 3
1740 5
1976 0
1976 2
1976 4
1756 4
1747 3
1745 5
1859 3
1791 2
1790 1
1790 3
1775 3
1769 2
1768 4
1737 4
1733 2
1732 2
1731 4
1731 4
1731 5
1863 0
1861 4
1739 1
1739 1
1739 3
1736 2
1735 0
1729 2
1729 4
1728 3
1726 0
1726 4
1724 0
1724 4
1724 5
1858 3
1809 3
1786 0
1778 0
1778 1
1778 3
1775 4
1748 3
1734 3
1733 2
1732 4
1730 5
1868 5
2196 5
2645 4
1811 3
1788 3
1780 3
1779 0
1755 4
1746 0
1741 4
1733 3
1734 3
1733 3
1733 1
1733 1
1733 2
1733 3
1733 2
1733 1
1733 5
1846 3
1789 1
1789 2
1788 0
1781 1
1781 2
1781 1
1781 5
2082 0
2081 3
1951 1
1951 4
1776 4
1751 5
1869 4
1755 3
1751 4
1748 0
1740 4
1735 1
1735 1
1735 3
1735 0
1735 0
1735 2
1735 4
1734 0
1734 3
1732 5
1978 4
1750 5
1850 3
1799 3
1785 4
1741 4
1737 5
1874 2
1872 1
1872 2
1872 4
1748 4
1745 4
1745 5
1851 4
1743 4
1743 3
1741 0
1737 3
1737 4
1729 2
1728 5
1853 3
1799 0
1792 3
1780 3
1772 5
2071 0
2071 4
1764 4
1743 3
1739 4
1737 2
1736 4
1736 4
1736 4
1736 5
1840 0
1838 5
2138 4
1775 2
1774 2
1773 3
1762 4
1752 0
1737 5
1962 3
1866 0
1860 1
1860 4
1768 2
1767 3
1752 2
1751 3
1749 3
1748 4
1735 2
1735 2
1735 0
1727 4
1724 4
1724 2
1724 4
1724 0
1724 5
1977 0
1977 3
1863 0
1853 2
1852 4
1763 3
1747 0
1740 2
1740 2
1739 3
1738 1
1738 3
1738 0
1738 2
1737 4
1725 2
1724 0
1724 2
1723 0
1723 3
1724 5
2029 5
2484 0
2484 0
2484 4
1794 4
1780 5
1840 4
1754 2
1753 4
1750 4
1750 4
1750 0
1733 5
1985 0
1985 1
1985 3
1877 4
1763 3
1749 2
1748 0
1737 1
1737 3
1735 0
1734 3
1733 4
1728 3
1723 3
1723 0
1722 0
1722 3
1723 4
1721 4
1718 3
1718 2
1717 4
1717 0
1716 2
1716 4
1715 5
1863 4
1744 2
1743 3
1738 3
1736 1
1736 0
1726 5
1977 5
2344 4
1780 2
1778 2
1777 5
1845 2
1845 2
1845 2
1845 3
1787 1
1787 1
1787 2
1786 1
1786 2
1785 1
1785 3
1769 5
1987 0
1987 2
1985 3
1888 0
1884 0
1884 0
1884 1
1884 3
1862 3
1847 3
1838 2
1837 3
1832 5
2257 3
2104 5
2726 4
1847 0
1814 4
1757 5
1900 5
2253 2
2250 4
1781 3
1762 1
1762 2
1761 5
1882 4
1748 2
1747 1
1747 4
1745 4
1745 3
1743 1
1743 0
1734 2
1733 3
1733 0
1731 4
1729 4
1727 0
1727 5
1977 4
1750 4
1747 5
1843 5
2103 3
1948 3
1884 5
2180 4
1794 2
1792 1
1792 0
1770 5
2097 1
2097 1
2097 1
2097 3
1950 2
1949 0
1947 4
1784 1
1784 2
1782 3
1757 3
1753 0
1745 4
1737 1
1737 4
1728 0
1727 5
2035 2
2034 3
1901 0
1899 1
1899 4
1777 5
1917 2
1915 5
2290 3
2076 3
1986 2
1984 5
2485 4
1833 1
1833 1
1833 4
1779 1
1779 5
1851 3
1793 2
1792 2
1791 5
2027 1
2027 2
2025 4
1775 1
1775 2
1773 3
1756 1
1756 5
1880 0
1875 3
1810 3
1784 4
1741 5
1878 1
1878 2
1877 4
1744 3
1738 5
1854 4
1736 5
1853 0
1849 0
1849 0
1849 0
1849 2
1849 0
1849 4
1733 0
1727 5
2012 0
2012 3
1891 0
1884 2
1883 3
1851 3
1835 4
1750 0
1745 4
1732 2
1731 4
1726 4
1726 0
1725 3
1724 3
1724 4
1720 0
1720 5
2052 0
2052 3
1938 3
1896 3
1874 2
1873 4
1762 0
1755 0
1755 2
1754 4
1733 3
1731 5
1933 3
1850 3
1822 1
1822 2
1820 1
1820 0
1818 5
2294 3
2122 3
2049 2
2047 0
2045 4
1802 4
1741 4
1741 2
1740 2
1739 3
1734 2
1733 0
1727 2
1727 4
1725 3
1724 4
1720 0
1719 4
1717 2
1717 3
1718 5
1918 0
1918 2
1916 3
1844 1
1844 4
1751 0
1738 2
1737 5
2086 4
1754 4
1742 2
1740 3
1734 5
1882 3
1806 4
1733 3
1727 1
1727 0
1721 4
1717 3
1715 4
1714 2
1714 3
1715 3
1715 5
1863 1
1863 4
1737 0
1721 1
1721 4
1715 3
1715 1
1715 2
1715 3
1714 4
1713 3
1713 4
1713 1
1713 4
1713 0
1713 3
1713 2
1712 0
1712 4
1709 0
1709 2
1709 2
1709 1
1709 3
1710 1
1710 2
1710 5
1985 4
1738 0
1720 4
1714 1
1714 0
1713 0
1713 4
1713 1
1713 4
1713 3
1712 3
1712 0
1712 4
1712 0
1712 3
1713 0
1712 5
2005 3
1885 3
1840 4
1745 4
1724 3
1721 3
1720 2
1719 5
1877 3
1801 2
1800 4
1733 3
1726 2
1725 2
1725 3
1726 0
1722 3
1721 4
1712 2
1711 2
1711 4
1711 1
1711 0
1709 5
2012 4
1734 1
1734 2
1733 0
1717 4
1711 4
1709 4
1709 0
1708 5
2000 3
1869 2
1867 3
1825 4
1736 4
1722 1
1722 3
1718 0
1712 2
1712 4
1709 5
1880 5
2242 4
1771 4
1757 4
1757 5
1847 4
1732 5
1868 5
2152 2
2149 0
2149 2
2149 3
1965 2
1964 4
1760 4
1748 3
1743 4
1739 5
1850 4
1740 1
1740 4
1738 3
1737 0
1724 0
1724 2
1724 4
1716 1
1716 2
1716 2
1716 5
1853 1
1853 3
1790 4
1735 5
1842 3
1781 3
1763 0
1755 2
1754 4
1734 2
1733 3
1728 5
1876 0
1875 1
1875 4
1737 2
1736 4
1734 4
1734 0
1719 3
1720 3
1721 0
1721 4
1713 5
1873 2
1872 2
1872 0
1872 2
1872 3
1807 2
1806 4
1733 1
1733 1
1733 4
1722 4
1721 0
1719 2
1718 3
1719 4
1714 0
1714 4
1713 4
1713 4
1713 3
1714 0
1714 2
1714 2
1714 2
1713 0
1713 3
1714 0
1714 0
1714 5
2014 4
1745 4
1742 3
1739 3
1737 0
1726 4
1719 0
1716 1
1716 3
1717 1
1717 4
1716 0
1714 4
1712 0
1712 0
1712 4
1712 4
1712 4
1712 0
1712 3
1712 5
1983 0
1983 3
1862 4
1740 0
1729 3
1730 2
1729 4
1718 5
1876 5
2212 2
2209 1
2207 0
2207 4
1765 1
1765 2
1763 1
1763 3
1748 5
1866 1
1866 5
2148 3
1976 2
1973 4
1778 4
1762 5
1836 0
1832 0
1832 2
1830 0
1830 0
1830 3
1783 1
1783 4
1734 4
1729 5
1859 2
1859 1
1859 4
1741 1
1741 5
1852 2
1850 2
1848 3
1796 0
1791 4
1739 5
1884 3
1814 5
2088 4
1766 5
1876 0
1867 1
1867 5
2226 3
2018 4
1782 5
1880 2
1879 3
1822 4
1749 2
1748 2
1747 0
1740 1
1740 4
1732 2
1731 2
1731 1
1731 4
1729 4
1729 2
1728 2
1728 1
1728 1
1728 4
1728 4
1728 0
1727 2
1727 2
1727 2
1727 4
1725 3
1725 0
1723 0
1723 4
1723 4
1723 1
1723 2
1723 3
1723 3
1724 0
1723 2
1723 5
2014 5
2423 3
2167 0
2161 2
2159 4
1816 0
1785 2
1784 1
1784 2
1783 2
1782 4
1748 2
1747 4
1735 0
1731 4
1726 0
1725 0
1725 0
1725 1
1725 5
2022 3
1886 4
1753 1
1753 4
1738 4
1738 2
1737 3
1733 2
1732 2
1732 3
1729 3
1730 4
1729 2
1728 2
1728 3
1728 3
1727 0
1722 5
2000 2
2000 4
1745 4
1740 3
1736 3
1736 0
1724 3
1724 4
1719 1
1719 4
1719 3
1718 4
1718 0
1716 0
1716 3
1717 4
1716 2
1716 0
1716 3
1717 3
1717 3
1717 2
1717 3
1718 3
1718 1
1718 0
1717 2
1716 5
1983 2
1983 3
1876 0
1870 4
1759 3
1745 5
1906 1
1906 0
1903 0
1903 3
1833 2
1832 5
2163 4
1768 3
1746 4
1734 1
1734 0
1724 3
1724 3
1725 4
1721 1
1721 5
1867 0
1867 2
1865 0
1865 5
2217 1
2217 2
2212 0
2212 2
2212 1
2212 4
1774 0
1749 4
1733 4
1731 0
1730 4
1728 1
1728 0
1726 4
1726 2
1726 0
1726 2
1726 4
1726 0
1726 2
1726 0
1726 2
1726 5
1986 0
1986 4
1755 2
1754 3
1752 3
1746 3
1744 3
1741 3
1740 4
1738 2
1738 2
1738 3
1738 1
1738 0
1731 0
1731 0
1731 3
1730 2
1729 3
1728 5
1966 0
1966 0
1966 5
2335 4
1785 0
1742 0
1742 2
1741 1
1741 3
1739 0
1736 0
1736 3
1736 4
1732 2
1731 1
1731 2
1730 5
1870 3
1799 1
1799 4
1740 0
1738 4
1728 3
1727 3
1728 2
1727 2
1726 1
1726 1
1726 0
1725 0
1725 4
1724 0
1724 0
1724 4
1724 4
1723 2
1722 4
1722 2
1722 3
1723 4
1723 1
1723 5
1865 3
1801 0
1796 2
1795 2
1794 3
1785 3
1782 0
1779 2
1778 5
2162 5
2687 5
3309 3
2918 4
1867 2
1864 0
1820 2
1818 0
1818 4
1767 5
1887 3
1820 2
1819 5
2076 2
2073 5
2545 0
2545 0
2545 1
2545 1
2545 4
1837 0
1791 4
1747 0
1743 4
1735 4
1734 3
1734 3
1733 5
1859 2
1859 5
2172 1
2172 4
1781 2
1779 2
1778 3
1764 3
1758 2
1757 3
1757 4
1752 5
1842 2
1842 2
1842 1
1842 3
1779 5
1995 0
1994 3
1889 3
1854 3
1840 5
2175 5
2720 0
2720 4
1830 0
1791 0
1791 2
1789 3
1781 2
1780 4
1737 4
1729 3
1727 1
1727 3
1728 3
1727 2
1727 3
1727 4
1727 4
1726 4
1726 5
1866 3
1811 3
1788 3
1781 3
1776 3
1774 1
1774 0
1766 3
1763 2
1762 3
1761 3
1761 1
1761 3
1760 1
1760 2
1759 3
1757 0
1757 4
1731 2
1730 2
1729 2
1728 3
1723 3
1722 0
1721 2
1720 1
1720 3
1720 5
2050 4
1763 1
1763 0
1739 3
1738 4
1725 2
1724 2
1723 5
1900 4
1744 1
1744 2
1743 0
1730 2
1730 0
1730 2
1730 5
2041 4
1768 5
1873 4
1737 0
1729 3
1727 5
2006 2
2005 1
2005 0
2005 2
2004 3
1879 3
1846 4
1756 0
1746 5
2080 0
2080 5
2556 4
1807 0
1764 4
1736 4
1733 5
1868 1
1868 4
1752 3
1749 5
1864 3
1806 1
1806 2
1805 4
1743 0
1738 0
1738 3
1737 0
1736 5
2034 3
1910 5
2250 4
1796 4
1769 5
1865 0
1861 2
1859 4
1745 0
1736 0
1736 3
1734 0
1732 0
1732 2
1731 4
1723 0
1723 4
1723 1
1723 3
1722 3
1722 2
1722 0
1722 0
1722 1
1722 5
2000 -1
3357 1
3357 5
3356 5
3322 3
2569 5
2607 0
2548 1
2548 3
2315 3
2232 3
2188 4
1919 2
1917 1
1920 0
1908 5
2212 5
2639 5
3155 1
3155 3
2724 5
3217 2
3210 5
3838 0
3838 2
3828 1
3828 0
3828 2
3818 3
3463 5
4195 3
3916 3
3718 0
3718 2
3712 4
2043 3
1942 1
1944 1
1946 5
2001 2
1999 3
1919 5
2166 4
1874 0
1844 3
1836 0
1833 5
2178 5
2656 5
3233 3
2814 0
2811 4
1923 3
1861 3
1841 5
1933 3
1856 0
1848 1
1849 2
1848 5
2196 1
2195 2
2192 2
2190 4
1833 1
1835 2
1833 5
1908 5
2180 4
1821 5
1885 4
1795 4
1793 4
1793 3
1789 3
1788 2
1788 3
1786 0
1774 2
1776 2
1777 1
1778 3
1772 1
1772 5
1990 5
2333 5
2784 2
2778 2
2776 0
2776 1
2777 0
2777 4
1864 4
1855 3
1835 5
1875 5
2077 3
1934 5
2212 2
2209 4
1833 2
1831 4
1813 1
1815 1
1817 1
1817 4
1814 5
1877 4
1789 2
1788 1
1790 5
1873 0
1869 2
1870 3
1822 5
2047 5
2436 0
2436 4
1860 0
1818 5
2087 4
1805 3
1791 4
1783 0
1768 3
1767 4
1760 2
1758 3
1755 3
1755 3
1754 4
1753 1
1753 3
1752 1
1754 4
1753 5
1870 2
1871 5
2114 1
2113 4
1789 3
1780 2
1779 1
1782 1
1786 0
1768 3
1765 0
1765 5
2002 5
2328 5
2748 0
2748 5
3215 5
3661 4
1907 2
1905 2
1903 4
1885 0
1817 5
2023 3
1907 3
1858 2
1856 5
2078 4
1805 5
1879 4
1772 3
1771 2
1770 3
1767 4
1766 3
1764 0
1752 5
1971 2
1971 1
1972 2
1971 3
1870 1
1871 2
1870 5
2105 5
2526 1
2525 5
3043 5
3612 1
3611 3
3150 4
1918 4
1880 2
1876 2
1873 0
1817 2
1816 4
1784 0
1779 2
1778 5
2007 4
1795 2
1794 4
1790 4
1790 3
1783 4
1782 1
1784 2
1783 0
1768 3
1767 1
1768 0
1765 3
1765 3
1765 2
1765 1
1765 1
1766 5
1994 0
1994 0
1994 4
1789 4
1784 5
1847 3
1806 2
1805 3
1796 5
1982 3
1884 0
1878 5
2264 3
2092 4
1819 3
1790 0
1778 5
2070 0
2070 2
2068 5
2497 5
3007 1
3007 5
3523 1
3526 3
3074 1
3076 2
3071 4
1895 2
1892 2
1890 2
1887 2
1884 5
1898 4
1810 0
1785 4
1775 2
1774 4
1772 1
1774 2
1773 5
1864 2
1863 3
1809 5
2013 5
2359 3
2117 1
2118 3
2012 5
2402 2
2399 0
2399 4
1858 2
1855 5
1913 4
1792 2
1791 4
1786 3
1781 2
1780 3
1774 3
1775 5
1866 2
1865 3
1818 4
1770 4
1765 4
1765 2
1765 5
1862 4
1768 2
1767 1
1770 1
1774 1
1774 3
1761 0
1755 4
1749 3
1750 4
1750 5
1858 0
1857 3
1811 5
2058 3
1936 3
1896 4
1780 2
1779 0
1772 3
1771 3
1769 0
1769 3
1765 3
1763 2
1762 2
1761 3
1761 5
2092 2
2090 2
2089 4
1789 4
1768 4
1767 0
1745 3
1746 4
1738 3
1736 3
1737 4
1736 5
1883 3
1808 2
1807 3
1790 3
1780 5
2062 2
2060 1
2058 5
2536 3
2269 5
2823 3
2595 4
1873 3
1803 2
1801 3
1794 3
1790 1
1792 3
1787 2
1786 0
1771 4
1747 2
1746 1
1748 2
1746 0
1744 0
1744 5
2041 4
1774 3
1764 0
1751 2
1751 5
2015 0
2015 3
1887 3
1851 3
1840 2
1839 1
1840 1
1842 2
1840 1
1840 2
1839 3
1824 0
1821 2
1820 4
1775 3
1753 3
1753 4
1737 3
1736 4
1735 4
1735 1
1735 2
1734 5
1902 4
1762 2
1761 1
1763 0
1745 1
1748 4
1740 5
1895 3
1828 0
1827 4
1768 3
1753 1
1755 4
1742 3
1742 1
1742 5
1881 2
1879 1
1880 5
2221 4
1804 1
1804 4
1794 3
1783 2
1782 5
1874 4
1769 3
1767 4
1765 2
1764 0
1754 1
1754 4
1748 1
1750 0
1748 2
1748 3
1745 0
1743 0
1743 0
1743 3
1743 3
1743 2
1743 4
1740 4
1738 0
1737 4
1736 5
1872 2
1873 0
1873 2
1873 4
1749 2
1749 3
1748 1
1748 0
1738 4
1734 2
1733 2
1733 2
1733 1
1737 5
1869 3
1802 2
1801 1
1803 1
1807 4
1756 4
1750 4
1750 2
1749 5
1861 1
1861 2
1861 2
1862 3
1809 2
1807 3
1788 2
1787 2
1786 4
1750 2
1749 0
1744 1
1744 4
1734 4
1733 4
1733 3
1734 4
1731 0
1730 4
1727 2
1727 3
1727 0
1726 3
1727 2
1726 2
1726 0
1726 0
1726 3
1726 0
1726 5
1988 0
1988 3
1877 2
1876 0
1869 3
1844 0
1841 2
1840 4
1777 5
1936 3
1849 3
1829 5
2194 5
2762 0
2762 0
2762 2
2757 3
2480 2
2477 3
2324 5
3047 1
3047 4
1866 4
1812 0
1772 5
2079 4
1796 3
1781 2
1779 2
1778 3
1773 3
1769 4
1762 5
1869 0
1860 4
1755 0
1748 4
1744 2
1744 3
1744 4
1744 2
1743 2
1743 0
1742 3
1741 2
1741 2
1741 2
1742 3
1740 0
1740 3
1740 2
1739 3
1738 3
1737 3
1737 3
1737 2
1737 4
1735 3
1735 3
1734 1
1734 4
1734 3
1734 3
1734 2
1734 3
1735 2
1735 0
1733 3
1733 2
1732 2
1732 1
1732 2
1733 2
1734 2
1735 1
1737 1
1738 1
1738 5
1982 2
1982 3
1864 3
1835 3
1823 5
2097 3
1975 3
1926 3
1913 2
1912 4
1778 2
1777 5
1956 4
1772 0
1748 3
1748 0
1748 5
2088 5
2577 0
2577 1
2577 4
1816 5
1872 5
2133 0
2133 0
2133 1
2132 3
1982 0
1979 4
1799 3
1761 5
1912 4
1760 3
1751 2
1750 0
1742 3
1742 3
1743 4
1737 2
1736 4
1736 3
1735 5
1882 3
1826 2
1825 5
2099 3
1955 2
1954 4
1783 2
1781 2
1778 3
1762 2
1761 3
1755 2
1754 4
1745 3
1744 1
1744 2
1743 2
1742 3
1742 4
1739 3
1738 3
1737 0
1732 0
1732 4
1729 3
1727 2
1726 3
1726 4
1726 2
1726 3
1727 0
1727 0
1727 3
1726 3
1726 3
1725 4
1721 0
1721 3
1722 5
1994 1
1994 2
1995 4
1756 5
1866 2
1865 0
1859 2
1859 2
1859 4
1740 3
1735 3
1735 2
1735 0
1730 2
1731 5
1992 0
1992 3
1878 3
1834 0
1826 0
1826 5
2278 5
2850 2
2845 4
1856 4
1816 3
1799 0
1768 2
1767 3
1766 5
1993 4
1774 5
1860 0
1854 3
1809 5
2050 1
2051 0
2047 0
2047 2
2045 2
2043 2
2041 2
2039 3
1927 0
1923 2
1922 5
2367 1
2367 4
1835 5
1906 0
1894 0
1894 3
1842 4
1762 4
1752 2
1751 3
1749 2
1748 5
1879 0
1878 3
1826 4
1753 1
1753 0
1742 3
1739 2
1739 3
1739 3
1739 5
2027 3
1902 3
1864 2
1863 1
1863 3
1846 2
1844 4
1759 2
1757 5
1905 4
1753 5
1872 2
1870 0
1863 5
2228 3
2032 0
2028 4
1790 2
1788 4
1750 0
1742 1
1743 4
1732 2
1731 1
1731 2
1731 0
1728 3
1728 0
1728 5
2027 2
2027 2
2025 3
1900 1
1900 4
1756 4
1734 4
1734 1
1734 5
1857 4
1740 3
1737 2
1736 4
1736 1
1738 2
1737 5
1852 4
1736 3
1732 2
1731 1
1731 1
1731 1
1731 5
1853 5
2157 0
2157 0
2157 5
2584 5
3074 2
3072 5
3564 3
3056 0
3051 0
3050 5
3581 3
3299 3
3106 1
3106 5
3782 2
3774 3
3560 4
1906 3
1832 2
1830 0
1797 2
1796 4
1765 4
1754 2
1753 3
1753 0
1745 3
1741 3
1739 2
1739 1
1739 3
1739 2
1738 4
1734 1
1734 0
1733 3
1732 4
1730 0
1730 3
1730 3
1730 3
1730 1
1730 2
1729 3
1730 3
1730 0
1730 4
1728 3
1728 3
1728 1
1728 5
1886 2
1885 0
1885 3
1816 5
2132 1
2130 2
2128 5
2632 3
2333 2
2329 3
2193 2
2190 5
2764 0
2764 4
1866 3
1799 2
1798 3
1775 4
1762 2
1761 3
1757 5
1858 3
1807 3
1788 1
1788 2
1787 2
1786 3
1778 2
1777 0
1770 5
2106 0
2106 3
1963 0
1960 1
1960 3
1921 3
1903 3
1891 2
1889 3
1882 5
2409 4
1828 3
1780 5
1939 4
1767 2
1765 2
1763 2
1761 0
1745 2
1744 0
1744 2
1743 0
1743 2
1741 2
1741 4
1724 0
1723 2
1722 4
1718 4
1717 5
1865 4
1737 2
1736 3
1734 1
1734 4
1730 4
1730 2
1729 1
1729 3
1729 2
1729 1
1729 3
1730 0
1723 1
1723 1
1723 0
1723 5
2008 0
2008 0
2008 0
2008 4
1751 4
1748 3
1741 3
1741 0
1728 4
1722 0
1719 2
1720 1
1720 3
1719 4
1717 0
1717 4
1715 5
1847 0
1847 5
2175 2
2176 3
1987 2
1986 4
1781 4
1764 5
1841 3
1790 3
1773 5
1996 0
1995 2
1993 2
1991 3
1897 3
1866 1
1866 0
1862 3
1853 5
2318 2
2314 3
2153 1
2153 5
2833 2
2828 4
1868 4
1798 2
1796 2
1794 4
1793 5
1865 3
1808 0
1797 4
1747 2
1745 0
1740 2
1740 4
1730 5
1895 4
1748 3
1743 2
1742 2
1741 2
1740 5
1884 3
1809 4
1744 0
1736 3
1736 5
2014 4
1758 2
1756 3
1745 5
1873 2
1872 5
2171 2
2171 4
1768 4
1760 3
1755 0
1739 2
1738 3
1733 1
1733 2
1732 4
1723 3
1723 2
1722 3
1722 3
1723 4
1722 2
1721 1
1721 5
1863 1
1863 0
1863 2
1863 2
1863 2
1863 2
1863 2
1863 3
1803 5
2051 5
2488 2
2483 5
3005 3
2632 0
2630 3
2456 1
2457 3
2356 0
2352 2
2349 2
2347 3
2301 2
2299 4
1874 3
1805 0
1793 4
1747 3
1739 3
1736 3
1735 3
1733 0
1733 3
1731 5
2061 0
2061 1
2060 5
2540 5
3112 2
3106 5
3656 4
1916 2
1912 2
1909 1
1910 3
1850 0
1800 5
2032 2
2033 2
2032 0
2032 2
2033 3
1899 2
1898 3
1848 4
1785 3
1771 2
1770 5
1893 5
2161 0
2161 4
1787 2
1784 2
1782 2
1780 2
1779 4
1775 0
1753 3
1750 0
1747 3
1746 0
1744 0
1744 1
1744 4
1735 4
1731 2
1731 1
1731 2
1731 1
1731 5
1873 4
1752 4
1748 5
1850 4
1740 5
1860 4
1742 4
1742 4
1742 5
1854 5
2102 5
2490 2
2487 3
2168 2
2166 1
2169 3
2052 3
1992 4
1811 0
1795 3
1784 0
1784 3
1780 3
1777 5
2141 2
2140 5
2677 1
2678 0
2678 5
3274 0
3274 5
3806 5
4309 1
4309 2
4300 2
4290 4
1894 4
1866 3
1831 2
1830 1
1830 5
1866 2
1865 0
1853 5
2101 2
2101 3
1952 0
1941 3
1891 4
1791 3
1777 2
1776 3
1774 3
1771 2
1770 2
1769 2
1768 2
1767 5
1890 1
1890 2
1889 2
1889 3
1830 2
1829 4
1767 4
1756 5
1858 5
2152 3
1995 2
1993 4
1795 0
1785 3
1778 3
1777 4
1756 0
1754 4
1744 3
1741 5
1876 0
1876 4
1760 0
1746 4
1742 0
1740 2
1740 2
1740 2
1740 4
1738 1
1738 4
1738 4
1738 3
1738 2
1738 1
1738 4
1738 5
1864 3
1798 1
1798 2
1797 0
1793 4
1752 3
1738 0
1734 2
1734 5
2015 5
2434 4
1798 5
1870 5
2104 2
2104 1
2102 0
2102 4
1781 5
1859 2
1859 1
1859 0
1856 2
1854 2
1854 3
1806 4
1762 3
1753 2
1752 4
1750 2
1750 1
1750 0
1746 1
1746 0
1746 3
1742 0
1741 1
1741 2
1741 2
1741 5
2020 5
2412 3
2159 0
2151 4
1812 0
1788 2
1787 4
1746 2
1745 0
1740 5
2020 1
2020 0
2020 2
2020 3
1904 5
2247 0
2245 0
2245 2
2242 2
2239 5
2808 3
2519 1
2519 4
1858 0
1820 3
1809 3
1804 2
1803 2
1802 4
1760 3
1754 2
1753 3
1753 5
1897 5
2267 2
2267 1
2265 0
2265 2
2265 3
2038 2
2037 2
2036 4
1803 2
1801 1
1801 5
1885 5
2199 5
2683 3
2372 0
2371 4
1850 3
1799 5
1897 2
1895 3
1826 3
1805 0
1801 2
1800 5
2206 3
2051 1
2051 3
1994 4
1807 5
1936 3
1860 4
1762 4
1751 0
1746 1
1746 0
1746 4
1739 3
1736 4
1732 0
1731 5
2040 2
2039 3
1908 2
1906 0
1902 0
1902 3
1875 0
1875 2
1874 2
1873 1
1873 1
1873 1
1873 5
2405 0
2405 0
2405 1
2405 5
3082 5
3755 0
3755 3
3377 5
4173 2
4165 2
4157 1
4157 1
4157 4
1902 4
1854 0
1813 0
1813 3
1800 0
1798 0
1798 4
1770 4
1763 4
1763 5
1858 0
1856 4
1763 3
1758 2
1757 0
1753 2
1753 3
1752 3
1751 2
1750 3
1748 0
1748 4
1743 2
1742 5
1857 3
1808 4
1754 0
1748 0
1748 5
2013 2
2011 2
2010 1
2009 1
2009 2
2008 0
2008 1
2008 0
2008 2
2008 3
1898 1
1898 4
1779 1
1779 3
1764 3
1763 3
1760 3
1758 3
1756 2
1755 5
1879 0
1878 0
1878 3
1818 0
1813 4
1759 0
1752 4
1738 5
1874 3
1814 0
1809 3
1799 0
1798 0
1798 5
2205 4
1795 5
1899 4
1755 3
1750 1
1750 4
1747 2
1746 2
1745 1
1745 5
1844 1
1844 5
2118 2
2115 4
1781 0
1752 0
1752 2
1752 2
1752 0
1752 0
1752 2
1752 2
1752 0
1752 4
1740 2
1739 5
1855 5
2129 2
2129 5
2534 0
2534 1
2533 0
2533 1
2532 5
3009 3
2588 0
2585 3
2400 2
2395 3
2281 3
2197 2
2195 4
1845 0
1827 0
1827 0
1827 4
1768 2
1767 1
1767 2
1766 5
1930 4
1770 1
1770 2
1768 3
1759 4
1754 3
1751 4
1751 2
1750 2
1750 3
1749 3
1750 4
1749 1
1749 2
1748 0
1739 1
1739 4
1732 1
1732 3
1733 2
1732 2
1732 2
1732 4
1732 4
1732 3
1732 3
1732 4
1732 2
1732 0
1730 3
1729 3
1728 3
1728 3
1728 2
1727 5
2002 5
2418 0
2418 4
1796 3
1772 1
1772 1
1772 4
1764 0
1750 3
1747 1
1747 2
1746 2
1745 3
1745 4
1739 0
1735 3
1734 4
1731 3
1732 2
1731 3
1731 0
1730 3
1729 3
1728 3
1727 0
1727 0
1727 0
1727 3
1727 1
1727 5
1987 3
1876 2
1875 2
1874 2
1873 4
1755 3
1740 2
1739 0
1731 3
1732 3
1732 0
1732 3
1731 2
1730 2
1729 0
1729 1
1729 4
1723 4
1722 2
1722 0
1722 4
1720 3
1721 5
1864 0
1864 1
1864 2
1864 0
1864 5
2211 5
2640 0
2640 5
3143 5
3609 5
4030 0
4030 2
4021 3
3434 5
3864 4
1932 3
1859 4
1842 3
1829 2
1828 4
1824 4
1824 0
1789 0
1788 3
1777 5
1964 0
1964 2
1961 0
1961 2
1959 2
1958 4
1776 3
1765 1
1765 4
1757 1
1757 2
1757 3
1756 3
1755 5
1831 3
1791 2
1790 0
1778 0
1778 0
1778 3
1770 2
1769 0
1765 0
1765 5
2047 1
2047 4
1781 0
1757 0
1757 4
1739 4
1736 3
1733 5
1853 0
1853 4
1747 0
1735 5
1990 0
1989 0
1989 5
2357 3
2101 2
2098 3
1983 1
1983 2
1981 3
1933 0
1929 0
1929 0
1929 3
1904 5
2386 1
2385 2
2382 0
2382 5
3062 5
3797 5
4484 0
4484 2
4476 3
4092 3
3852 3
3668 0
3667 4
1939 3
1838 3
1815 3
1797 1
1797 3
1787 3
1787 2
1786 2
1785 0
1769 3
1767 0
1764 3
1762 5
2061 3
1927 4
1770 1
1770 0
1756 4
1737 0
1735 1
1735 2
1735 4
1730 0
1730 5
2027 5
2484 2
2482 2
2480 0
2480 1
2480 3
2193 4
1782 5
1884 0
1879 0
1879 5
2268 0
2268 0
2268 0
2268 3
2061 2
2059 4
1782 4
1757 5
1865 2
1863 3
1807 2
1806 2
1805 1
1805 4
1756 1
1756 2
1755 0
1745 4
1735 2
1734 4
1733 3
1732 1
1732 5
1869 3
1809 4
1745 3
1739 4
1735 5
1864 5
2188 1
2188 0
2188 2
2188 4
1775 0
1756 5
2034 4
1753 4
1748 3
1741 1
1741 2
1741 2
1741 4
1738 3
1737 3
1736 3
1737 5
1843 2
1843 0
1842 3
1796 3
1776 3
1768 3
1762 0
1759 5
2090 3
1934 4
1769 4
1747 2
1746 5
1876 4
1748 2
1747 0
1732 3
1732 2
1731 1
1731 4
1722 5
1865 3
1799 5
2066 1
2066 4
1768 3
1752 2
1751 0
1738 4
1725 0
1724 3
1724 1
1724 0
1724 3
1724 3
1724 3
1724 3
1724 3
1724 4
1722 4
1720 3
1720 3
1720 2
1720 4
1720 3
1719 0
1718 1
1718 2
1718 2
1718 3
1719 3
1719 3
1719 4
1718 1
1718 0
1718 4
1717 2
1717 5
1863 1
1863 2
1863 4
1736 0
1724 0
1724 5
2000 2
2000 4
1746 0
1730 2
1729 2
1729 4
1721 2
1720 2
1720 5
1869 3
1800 5
2050 1
2050 1
2050 0
2047 0
2047 4
1772 2
1771 3
1753 4
1742 4
1742 3
1741 0
1733 3
1733 1
1733 4
1727 4
1726 3
1725 0
1722 3
1722 3
1721 4
1720 3
1720 2
1720 0
1720 4
1720 3
1720 5
1864 5
2166 5
2600 5
3091 0
3091 1
3090 0
3090 3
2655 3
2436 5
2920 3
2700 2
2695 0
2694 3
2588 0
2588 3
2532 3
2485 0
2485 3
2463 2
2459 2
2457 0
2457 3
2440 3
2424 4
1887 4
1820 3
1807 0
1796 0
1796 1
1796 2
1796 2
1795 5
2237 4
1815 2
1813 1
1813 0
1781 0
1781 3
1770 4
1743 5
1940 1
1940 2
1938 3
1861 3
1826 4
1737 0
1733 4
1726 0
1723 4
1723 4
1723 2
1723 0
1723 0
1723 3
1724 0
1724 1
1724 3
1725 4
1724 2
1723 5
1925 3
1851 3
1819 4
1744 2
1743 0
1739 0
1739 3
1737 1
1737 0
1737 3
1737 3
1737 2
1736 5
2140 4
1771 1
1771 0
1747 2
1746 3
1744 1
1744 0
1744 1
1744 2
1743 4
1730 5
1911 3
1835 3
1817 4
1742 0
1738 1
1738 1
1738 2
1737 3
1736 4
1725 0
1724 4
1720 2
1719 0
1719 3
1719 2
1719 3
1720 1
1720 3
1719 1
1719 2
1719 4
1719 4
1719 1
1719 3
1718 0
1718 0
1718 0
1718 3
1719 0
1719 4
1719 2
1718 3
1716 1
1716 5
1907 0
1907 1
1907 5
2349 5
2894 2
2888 3
2545 2
2541 0
2538 3
2389 4
1839 5
1913 3
1848 3
1828 3
1817 5
2127 4
1782 5
1890 0
1881 5
2280 0
2280 0
2280 3
2071 1
2071 1
2070 3
1994 1
1994 2
1993 2
1991 2
1990 3
1945 0
1941 0
1941 1
1941 4
1790 4
1744 3
1735 2
1734 2
1733 4
1729 4
1729 0
1724 4
1722 0
1722 3
1722 3
1721 1
1721 4
1719 1
1719 1
1719 3
1720 3
1718 2
1718 2
1718 2
1718 1
1718 3
1719 3
1718 1
1718 0
1718 3
1718 4
1717 1
1717 1
1717 0
1717 0
1717 5
2061 2
2060 0
2060 2
2058 3
1920 0
1918 4
1774 2
1773 4
1738 3
1731 2
1730 2
1729 4
1726 4
1726 3
1726 4
1726 2
1726 5
1895 2
1893 5
2248 0
2248 4
1776 2
1775 1
1775 4
1760 5
1836 1
1836 4
1750 3
1742 5
1846 4
1736 2
1736 3
1736 0
1722 4
1717 4
1717 5
1846 2
1845 0
1844 1
1844 5
2161 2
2161 1
2159 4
1757 2
1756 5
1845 0
1840 2
1840 3
1780 0
1776 4
1741 0
1738 4
1726 4
1720 3
1719 3
1718 3
1717 -1
