5 2000
120 5
121 4
106 0
79 5
109 5
150 3
125 1
126 5
184 3
166 1
167 4
68 2
67 4
66 4
66 1
66 1
66 1
68 3
58 4
58 4
58 5
63 0
63 2
63 4
54 1
54 5
69 5
102 0
102 4
54 0
54 1
54 3
55 3
55 4
53 5
67 0
67 1
68 2
66 2
65 0
65 3
60 1
60 5
88 0
88 4
55 2
54 2
54 5
69 4
54 4
54 5
68 0
68 3
61 3
61 5
90 3
75 4
57 4
55 2
55 1
55 4
55 2
54 4
54 0
54 5
78 1
78 1
77 5
115 2
111 1
110 1
110 0
110 1
110 5
153 4
55 1
55 2
55 4
55 2
56 0
56 0
56 0
56 3
55 1
56 1
57 1
57 4
54 0
54 1
55 1
56 1
56 2
55 5
83 3
72 4
57 4
57 4
57 1
57 5
67 2
67 0
67 2
67 4
56 1
59 1
59 0
57 0
57 3
56 3
58 3
57 2
56 0
56 0
56 5
86 2
83 1
83 5
127 0
127 3
96 3
86 0
86 2
83 3
81 5
143 4
56 3
54 4
54 2
55 5
67 3
61 5
86 2
84 5
127 5
174 1
170 3
137 4
57 2
56 3
54 1
57 4
57 4
57 1
61 4
61 5
68 3
64 3
62 2
61 0
61 1
64 5
98 0
98 4
59 1
62 5
65 5
99 3
79 1
80 4
57 4
57 5
68 4
56 3
55 2
55 4
55 1
55 2
55 5
68 1
68 2
66 3
60 3
60 2
59 1
60 3
59 1
60 2
59 3
60 5
82 2
80 3
69 4
55 4
54 5
70 3
65 1
68 4
59 4
58 3
56 4
56 5
68 3
63 2
62 3
61 5
89 4
55 0
54 1
54 4
54 5
73 5
107 0
107 1
104 4
55 3
55 0
55 1
58 0
58 4
55 4
55 2
55 2
55 2
55 3
55 3
55 3
55 3
55 1
55 1
56 4
56 2
56 2
55 1
55 5
68 0
68 2
69 2
69 4
55 1
55 3
56 4
56 3
55 3
55 2
55 5
66 3
60 4
55 2
55 4
55 3
55 5
68 3
61 0
61 3
61 4
55 3
56 1
58 2
57 4
56 4
56 1
57 0
56 3
56 4
54 4
54 4
54 0
54 4
53 0
53 5
79 0
79 4
54 2
54 4
54 0
54 1
56 1
56 4
55 1
55 5
67 0
67 1
68 5
103 0
103 1
103 5
145 5
188 4
57 1
60 5
67 2
65 0
65 4
54 2
54 3
54 5
69 5
102 5
144 2
140 2
134 5
174 3
117 1
117 5
166 4
65 3
61 5
73 2
70 5
101 0
101 3
79 0
79 0
79 3
75 2
74 1
74 1
74 2
73 0
73 5
127 4
60 1
63 4
61 3
57 0
56 4
54 3
55 1
57 4
56 3
56 4
56 2
55 2
55 5
69 1
67 4
56 3
55 4
55 2
55 5
65 1
66 2
65 1
66 4
55 5
65 3
60 1
61 5
82 4
55 4
54 5
69 2
67 5
97 2
94 4
54 4
54 2
54 0
54 4
54 0
54 5
78 5
113 2
113 0
113 4
54 0
54 4
54 1
54 3
54 3
54 2
54 0
54 4
54 5
68 1
68 3
59 0
59 5
96 3
78 1
79 2
78 5
129 2
126 1
126 5
188 2
183 5
250 1
250 3
221 0
221 5
313 3
291 3
279 0
279 2
273 1
273 2
268 3
255 2
250 3
240 4
68 1
69 4
67 4
67 3
63 1
64 2
63 3
63 0
62 4
59 3
58 5
69 1
69 5
97 2
94 2
92 5
133 3
88 2
87 2
84 2
82 2
81 2
80 1
80 3
76 3
73 3
71 1
71 0
71 5
128 2
125 1
125 2
122 4
58 2
57 1
59 4
58 1
61 0
59 0
59 3
60 1
60 1
61 5
95 1
95 4
55 2
55 3
55 1
55 0
54 3
55 2
54 0
54 2
54 3
55 0
55 4
53 2
53 2
53 3
53 4
53 3
53 0
53 0
53 0
53 4
53 5
67 5
99 2
98 5
143 0
143 3
104 3
90 2
89 3
84 1
85 5
143 2
140 2
137 4
60 5
70 4
55 2
55 2
55 2
55 3
55 1
55 5
67 5
95 2
92 1
93 5
138 1
135 3
100 1
100 0
100 0
100 4
63 4
62 4
62 4
62 4
62 4
62 4
62 3
55 2
55 2
55 0
55 5
81 1
81 5
115 0
115 3
87 4
57 3
55 2
54 5
71 2
69 3
63 0
63 5
103 2
99 5
146 3
121 2
118 0
118 2
115 1
115 2
112 4
53 2
53 5
68 2
69 4
54 1
54 2
54 3
54 4
54 3
54 3
54 2
54 4
54 0
54 4
54 0
54 3
56 2
55 4
53 3
53 5
67 3
62 2
61 0
61 3
61 4
55 3
53 0
53 0
53 3
54 4
53 2
53 1
53 2
53 2
53 0
53 3
54 5
75 1
75 0
75 3
65 1
66 2
65 3
64 3
64 0
64 5
108 4
58 4
56 5
67 5
96 4
55 2
55 4
55 0
55 2
55 2
55 5
79 3
66 3
64 1
64 2
63 5
94 2
91 2
89 5
136 0
136 5
186 2
181 2
173 0
173 3
137 2
133 3
113 4
60 3
56 5
69 0
69 2
67 3
60 3
61 5
91 5
136 3
112 2
109 3
98 0
98 3
96 2
95 3
93 5
169 2
165 3
146 4
56 4
56 3
54 0
54 2
55 2
55 3
55 0
55 3
57 2
56 3
56 0
56 2
55 3
55 2
55 3
55 2
55 0
55 2
55 5
85 5
121 3
88 3
81 2
79 3
75 1
75 4
56 2
56 5
69 2
67 2
67 2
67 4
55 5
70 3
63 3
62 0
61 5
100 0
100 1
100 0
100 3
84 0
84 4
57 2
56 3
55 3
55 4
54 0
54 4
54 4
54 0
54 0
54 0
54 0
54 2
54 0
54 5
83 0
83 2
83 0
83 3
67 2
66 2
65 3
62 5
98 0
98 4
56 3
55 0
54 4
54 3
54 5
68 2
66 3
61 4
57 1
57 1
57 1
57 4
57 4
57 0
57 3
57 2
56 5
85 2
84 4
53 2
53 4
53 3
53 2
53 2
53 2
53 2
53 3
53 2
53 3
53 0
53 4
53 5
67 2
68 3
62 5
92 0
92 3
79 1
79 3
75 2
74 2
73 2
72 3
72 0
72 3
72 3
72 3
72 4
57 1
57 0
57 4
55 0
55 2
55 0
55 4
55 1
55 4
55 4
55 4
55 5
69 5
108 3
76 5
125 2
122 5
181 0
181 1
181 2
177 5
241 1
241 0
241 3
202 2
196 1
196 3
171 2
167 2
163 2
159 3
145 4
64 0
62 4
60 0
60 4
59 5
71 4
60 2
59 5
69 4
58 2
58 0
57 4
57 3
57 1
57 2
55 3
55 2
55 3
55 5
68 2
66 2
64 5
92 0
92 2
92 3
75 3
70 2
69 0
69 3
68 2
67 3
67 4
57 4
56 5
69 5
102 2
99 4
56 4
56 3
55 4
55 2
55 3
55 1
55 0
55 3
55 2
54 2
54 3
55 2
54 1
54 2
54 1
54 1
54 2
54 3
54 2
54 2
54 3
54 2
54 2
54 3
54 0
54 2
54 2
54 0
54 3
54 1
54 2
53 3
53 0
53 5
82 2
79 4
54 4
54 0
54 3
54 4
53 4
53 5
66 1
66 2
65 2
65 3
61 5
88 2
85 0
85 0
85 0
85 5
126 2
122 0
122 3
101 3
91 0
91 2
90 2
89 3
86 2
85 0
85 2
84 2
83 0
83 0
83 2
82 3
82 0
82 2
81 3
81 3
81 2
80 3
80 4
56 2
55 4
55 3
55 0
55 0
55 3
57 0
57 3
57 4
53 3
53 3
53 4
53 2
53 3
53 2
53 2
53 3
53 2
53 4
53 0
53 2
53 3
53 4
53 4
53 2
53 3
53 5
71 1
71 0
71 3
62 4
53 2
53 2
53 3
53 2
53 2
53 5
71 4
54 3
54 2
54 0
54 2
54 4
54 3
54 3
54 5
69 3
62 3
62 4
56 0
56 3
57 2
56 2
55 0
55 5
88 3
71 4
56 1
56 2
56 0
55 2
55 3
54 3
54 2
54 3
54 3
54 3
54 4
54 4
54 2
54 2
54 3
54 2
54 4
54 5
70 3
61 3
61 2
60 0
60 3
60 3
59 2
58 3
58 1
58 4
55 4
55 1
55 2
54 3
54 2
54 5
72 0
72 5
109 5
155 3
118 3
105 0
105 2
103 3
99 3
96 1
96 2
93 2
92 5
165 2
161 2
158 2
155 3
132 5
227 2
222 2
217 3
198 4
63 0
60 0
60 2
59 3
60 0
60 1
60 2
59 1
60 3
59 5
100 1
100 3
84 3
78 5
132 5
199 3
170 2
166 2
162 2
158 2
155 2
152 3
135 2
132 0
132 3
127 3
126 2
125 3
125 0
125 2
124 4
57 4
55 2
55 3
54 5
68 3
61 1
61 0
61 2
60 1
60 0
60 4
55 0
55 0
55 1
55 2
54 5
83 2
80 4
54 3
54 1
54 0
54 4
54 2
54 0
54 1
54 0
54 0
54 2
54 3
54 5
77 3
69 3
67 2
66 0
66 1
66 3
66 3
65 1
65 0
65 2
64 1
64 2
63 1
63 1
63 0
63 4
55 2
54 2
54 1
54 2
54 4
54 2
54 4
54 2
54 5
70 2
70 3
59 5
81 2
79 4
54 1
54 3
54 4
54 2
54 2
54 3
54 5
69 1
68 3
62 2
61 4
56 0
56 4
55 0
55 3
55 3
56 2
55 2
54 3
54 2
54 3
54 3
54 5
74 3
65 5
101 3
83 5
141 0
141 4
58 0
57 2
57 3
57 2
56 3
57 3
57 4
54 3
55 0
55 3
55 1
55 0
55 5
87 3
72 2
71 3
69 2
68 2
67 5
111 1
110 5
169 3
139 2
136 2
133 1
133 2
130 0
130 5
213 2
207 0
207 0
207 4
61 0
57 0
57 5
90 1
90 3
75 5
122 5
183 4
58 2
57 3
55 3
55 3
55 2
55 5
69 0
69 5
98 5
141 5
184 5
223 1
223 2
217 3
162 3
125 5
195 2
192 3
167 3
158 4
67 3
57 5
71 1
71 1
71 2
69 5
103 0
103 2
101 4
56 4
56 4
56 2
56 2
56 4
56 4
56 5
68 3
59 2
58 2
57 4
54 4
54 3
54 5
68 3
61 3
61 2
60 2
59 2
58 1
58 2
57 4
56 2
56 3
56 2
56 2
56 2
56 2
56 2
56 2
56 2
56 3
56 4
55 5
66 2
64 0
64 2
64 3
60 1
60 4
56 5
68 2
66 5
94 1
94 1
94 3
75 3
71 1
71 3
68 5
103 4
57 2
56 2
56 0
55 3
56 4
55 5
67 4
55 0
55 5
81 2
78 1
78 3
65 2
64 3
63 4
57 1
57 2
56 2
55 0
55 2
55 3
56 2
55 2
55 3
55 2
55 3
55 1
55 0
55 5
87 3
75 0
75 2
74 1
74 5
124 2
120 2
117 1
116 2
111 4
57 3
55 0
55 2
55 5
80 4
54 2
54 0
54 2
54 5
79 0
79 0
79 5
115 5
156 4
56 2
56 3
54 1
54 2
54 2
54 3
54 5
69 3
61 3
61 2
60 1
60 0
58 4
55 5
71 3
64 1
64 2
63 3
63 2
62 0
62 5
102 4
56 2
55 3
55 1
55 4
55 0
55 0
55 4
55 5
67 0
67 5
98 0
98 3
80 1
80 2
79 0
79 4
56 3
55 5
69 4
54 2
54 5
69 0
69 0
69 1
69 4
55 0
55 4
55 5
68 2
66 2
66 2
66 0
66 4
55 1
55 0
55 5
76 0
76 1
75 3
64 2
63 0
63 0
63 4
55 3
54 2
54 3
55 5
70 3
62 3
61 3
61 0
61 0
61 3
61 4
54 0
54 2
54 4
54 3
54 3
55 2
54 1
54 4
53 3
53 0
53 1
53 2
53 5
82 2
80 1
80 3
65 2
64 2
63 4
56 1
56 2
55 2
54 2
54 4
54 3
54 1
54 2
54 5
65 0
65 2
65 2
65 4
54 5
67 2
67 2
67 5
100 0
100 4
56 1
56 3
55 3
56 5
70 4
54 5
69 1
69 3
61 2
60 2
59 1
59 0
59 0
59 4
56 4
55 2
55 4
55 1
55 2
55 5
68 2
66 0
66 3
59 3
60 3
59 2
58 4
56 1
56 3
55 3
55 3
55 5
67 4
55 5
67 5
96 0
96 4
55 2
55 1
55 4
55 4
55 2
55 5
69 4
55 4
55 3
55 1
55 2
55 3
55 5
66 3
61 5
86 0
86 1
86 5
133 1
133 4
55 1
55 4
55 2
55 2
55 4
55 2
55 5
67 3
60 0
60 4
55 2
54 4
54 2
54 2
54 0
54 5
77 3
62 4
55 0
55 3
56 2
55 4
54 3
54 0
54 3
54 3
54 2
54 5
83 2
81 5
117 2
112 1
112 0
112 5
156 5
199 4
62 0
61 5
90 3
74 5
113 2
110 0
110 5
164 2
160 1
160 4
63 0
58 2
57 0
57 2
56 1
56 4
55 2
55 2
55 1
55 2
55 3
55 0
55 2
55 0
55 4
55 2
55 2
55 2
55 5
71 0
71 4
57 4
57 1
57 1
57 2
55 3
55 5
64 1
64 1
64 0
64 1
64 3
61 4
57 4
57 0
56 4
54 2
54 5
66 2
66 0
66 5
99 3
74 3
70 3
70 3
70 5
107 2
104 5
161 5
223 1
223 0
223 3
193 2
188 3
157 4
61 2
60 5
67 2
65 2
65 3
61 2
60 3
60 2
59 1
59 3
59 4
55 0
54 5
84 1
83 5
125 5
167 1
166 1
166 3
128 4
61 2
60 2
59 2
59 2
59 2
59 0
56 5
84 2
81 2
78 0
78 4
54 2
54 1
54 0
54 4
54 3
54 1
54 2
54 5
68 2
68 3
60 3
60 4
56 5
66 1
66 3
61 2
60 2
59 3
60 1
60 2
59 2
58 1
58 4
53 2
53 3
53 4
53 2
53 0
53 5
80 4
56 2
55 4
55 0
55 4
55 4
55 4
55 2
55 5
69 2
67 2
65 2
65 5
92 4
56 5
71 2
71 5
103 1
100 4
56 4
56 2
56 1
56 0
56 4
55 2
55 2
55 2
55 5
71 5
102 4
55 2
55 4
55 2
55 4
55 3
55 4
55 4
55 2
55 2
55 3
55 5
68 2
66 2
64 3
60 4
55 2
55 0
55 3
57 5
79 0
79 3
70 3
70 2
69 2
68 4
56 0
55 3
56 3
57 2
56 0
56 2
55 5
86 2
83 1
83 3
72 3
70 0
70 2
69 3
69 3
69 0
69 3
69 3
69 2
68 1
68 2
67 4
56 4
55 2
55 1
55 1
55 4
55 2
54 2
54 2
54 0
54 3
55 1
55 1
55 5
77 2
75 5
113 2
109 0
109 4
55 3
54 5
71 5
104 2
101 1
101 4
54 2
54 5
71 4
54 1
54 3
54 2
54 5
72 2
70 3
61 2
60 2
59 1
59 4
54 0
54 0
54 2
54 2
54 5
80 3
68 5
100 5
149 3
114 2
111 4
55 1
55 5
64 0
64 2
62 4
54 2
54 2
54 5
67 3
61 3
60 2
59 4
56 3
54 5
65 1
65 2
65 3
60 4
55 2
55 0
55 4
54 5
65 2
65 2
65 4
54 4
54 5
65 4
54 2
54 3
54 2
54 4
54 3
54 2
54 2
54 2
54 0
54 2
54 0
54 5
77 0
77 2
75 0
75 2
72 2
72 5
105 0
105 3
75 3
69 2
68 2
67 5
101 4
55 1
55 2
55 4
55 5
67 3
63 1
63 2
62 2
61 0
61 3
60 3
61 3
60 5
96 3
80 3
79 4
55 4
54 0
54 1
54 2
54 3
55 2
54 4
53 3
53 2
53 4
53 1
53 2
53 4
53 4
53 4
53 2
53 4
53 2
53 2
53 0
53 4
53 2
53 1
53 5
69 2
69 4
55 0
54 3
54 1
54 0
54 3
55 4
53 4
53 4
53 4
53 3
54 4
54 4
54 2
53 4
53 3
53 4
53 4
53 3
53 5
66 5
100 0
100 4
54 2
54 2
54 2
54 3
54 3
54 4
54 5
67 3
62 1
62 2
61 5
83 4
58 3
56 2
56 1
56 3
56 3
56 0
56 5
83 4
54 3
54 5
69 2
67 3
60 3
60 5
86 4
57 2
56 4
55 5
66 2
66 5
95 1
95 2
92 5
132 3
90 4
60 4
59 2
59 4
59 3
55 3
55 5
68 5
98 5
141 0
141 1
138 4
55 4
55 1
55 1
55 4
55 5
67 2
65 2
65 4
55 5
66 4
55 4
55 1
55 2
55 0
55 3
56 2
55 2
55 5
76 4
55 3
55 2
55 0
55 2
55 0
55 3
55 3
56 2
55 4
54 4
54 1
54 1
54 1
54 4
54 3
54 0
54 4
54 3
54 3
54 3
55 2
54 4
54 4
54 5
68 2
66 0
66 3
60 2
59 5
84 2
82 2
81 4
54 3
54 2
54 2
54 5
70 2
68 5
101 5
141 5
181 3
130 2
125 4
61 2
61 5
64 1
64 1
64 4
57 0
57 3
57 2
56 3
57 5
78 4
53 5
67 3
59 2
58 2
57 0
57 4
54 5
71 2
71 4
54 4
54 5
70 5
101 2
98 2
95 4
55 3
54 4
54 5
68 1
68 3
61 3
61 2
60 2
59 3
61 4
56 2
55 5
67 -1
120 3
85 0
68 2
67 5
101 2
98 1
97 5
142 5
185 5
231 2
221 3
164 0
164 5
227 0
227 1
227 3
190 3
170 5
263 3
246 2
242 0
242 1
242 2
238 5
366 0
366 1
366 3
349 0
349 3
342 0
342 3
337 0
337 3
333 2
330 2
327 4
66 5
65 5
94 0
94 1
93 4
59 5
63 3
61 0
61 2
60 0
60 4
55 5
67 3
61 0
61 0
61 2
61 1
62 1
62 3
61 3
61 1
61 5
96 2
92 3
80 2
78 0
78 0
78 5
139 1
139 3
117 5
199 3
187 0
187 3
181 2
179 2
177 4
65 2
61 1
61 1
61 2
59 0
57 2
57 1
60 3
60 5
90 4
56 5
70 4
55 4
55 5
68 3
63 2
62 0
62 2
61 2
60 5
94 1
95 5
141 2
137 1
135 4
55 1
55 2
55 0
55 5
81 4
55 1
55 5
67 1
67 2
67 4
56 0
54 3
54 3
55 1
55 3
54 5
73 1
74 3
64 2
63 2
61 3
61 4
55 4
54 3
54 2
55 1
55 0
54 0
54 5
84 1
84 3
69 3
66 5
107 3
91 0
91 4
59 0
58 0
58 1
60 3
58 2
57 3
58 0
58 4
54 4
54 4
54 4
54 2
53 2
53 0
53 2
53 3
54 5
79 1
79 2
77 0
77 3
67 0
67 1
68 4
55 5
70 5
104 0
104 3
83 0
83 2
82 2
81 0
81 5
135 3
114 2
112 3
103 4
60 5
69 5
105 5
148 2
141 4
61 5
68 5
103 2
100 4
55 5
67 4
55 2
55 4
55 2
56 4
56 1
56 5
67 1
67 0
67 4
57 2
57 0
57 5
78 0
78 2
77 4
57 0
57 4
57 3
55 2
55 4
55 4
55 2
55 4
55 4
55 5
67 1
67 5
95 0
95 5
139 5
183 4
55 5
70 2
68 4
54 3
54 4
54 5
68 1
69 5
99 0
99 5
141 3
102 4
59 3
56 0
56 0
56 3
57 5
82 1
80 1
80 4
55 3
55 2
55 5
74 2
72 5
106 3
80 1
80 2
79 1
79 5
125 3
102 5
173 0
173 4
56 4
56 5
66 3
62 3
62 2
61 2
60 3
60 1
60 3
59 0
58 2
57 3
57 3
57 0
57 2
57 5
91 0
91 2
88 1
88 3
71 3
70 1
70 1
71 5
119 3
105 3
99 5
182 4
61 2
59 5
69 1
69 4
55 3
55 2
55 2
55 4
55 0
55 0
55 2
56 0
56 5
84 3
71 2
70 1
71 3
66 3
65 5
96 5
147 1
147 5
205 0
205 2
201 2
196 0
196 4
60 4
59 0
58 2
56 5
82 4
54 2
54 3
54 1
57 3
54 0
54 0
54 1
55 4
54 4
54 1
56 5
70 2
68 5
99 2
96 5
139 2
135 5
179 2
174 1
174 1
172 2
167 2
162 2
158 0
158 4
60 2
61 3
61 2
61 3
60 1
60 1
60 4
60 0
57 2
56 4
55 1
55 3
56 2
55 5
66 3
61 3
60 2
59 4
54 0
54 2
54 0
54 5
79 3
66 0
66 3
67 0
67 5
115 5
169 3
147 0
147 5
237 0
237 5
331 0
331 4
70 5
75 5
105 1
106 5
155 3
123 2
120 3
104 1
105 3
102 3
102 3
101 1
101 0
101 2
100 5
181 5
272 0
272 4
61 0
58 0
58 2
56 4
55 1
55 3
55 0
54 5
84 5
124 0
124 3
101 1
101 0
101 5
161 4
59 1
59 1
59 4
59 4
59 3
58 0
58 0
58 2
58 5
84 0
84 2
83 4
57 3
57 5
69 4
56 3
56 3
56 3
56 5
69 4
56 2
56 0
55 1
56 2
56 5
78 4
56 3
56 4
56 4
56 4
56 1
56 0
55 0
55 3
55 0
55 4
53 4
53 2
53 3
53 4
53 4
53 3
53 2
53 5
68 0
68 0
68 0
68 1
69 2
68 2
68 1
69 0
69 3
63 3
60 0
60 0
60 4
54 2
54 3
54 4
54 5
67 3
61 5
93 2
91 3
78 4
55 2
55 2
54 3
54 4
54 1
57 0
56 2
55 3
57 2
56 0
56 4
53 3
53 5
68 1
69 2
67 3
60 4
55 2
54 2
54 2
54 5
67 5
100 5
142 0
142 0
142 2
138 3
93 1
92 2
90 1
93 2
90 5
131 3
111 2
109 2
107 5
172 0
172 1
173 3
154 2
151 0
151 5
253 0
253 4
62 5
70 3
68 2
67 5
104 2
100 0
100 2
98 5
149 2
145 3
116 1
116 2
113 5
172 4
63 2
62 0
61 2
59 0
59 3
57 0
57 0
57 2
57 4
54 0
54 4
54 1
54 4
54 0
54 3
55 3
55 0
55 4
54 3
53 0
53 4
53 5
68 0
68 0
68 2
66 4
56 0
55 2
55 5
82 4
54 2
54 5
70 3
58 3
57 3
58 5
83 1
84 5
128 2
125 5
172 3
128 0
128 2
125 4
59 5
67 0
67 2
65 1
65 3
59 5
89 5
136 5
187 4
57 2
55 0
55 2
55 3
55 2
54 2
54 2
54 4
54 2
54 1
54 1
56 4
56 3
55 2
55 5
67 1
65 5
95 2
92 2
90 3
73 1
73 4
55 3
55 5
68 4
55 4
55 3
55 0
55 3
57 3
55 4
54 5
66 5
96 4
54 5
67 2
65 0
65 4
54 4
54 3
54 4
54 4
54 2
54 2
55 5
68 3
61 3
60 3
59 4
56 4
55 0
55 3
55 5
86 5
123 4
55 0
55 4
55 1
55 5
67 4
55 2
55 2
55 0
55 2
55 4
55 3
55 3
56 1
56 2
55 3
55 3
56 3
56 0
56 2
55 0
55 3
57 4
53 2
53 3
53 5
68 3
63 1
63 4
54 4
54 5
68 4
54 0
54 4
54 0
54 4
54 4
54 4
54 2
54 1
54 5
69 5
101 3
74 3
69 3
68 0
68 2
67 2
66 2
65 2
65 5
109 2
106 3
87 2
85 0
85 1
85 0
85 4
57 1
57 4
56 3
55 4
55 2
55 1
55 1
55 3
55 0
54 4
54 2
54 4
54 0
54 4
54 3
55 3
54 0
54 4
54 0
54 1
55 4
54 2
54 4
54 3
54 1
54 4
54 3
54 4
54 3
54 1
54 0
54 1
55 5
81 1
81 4
54 0
54 2
54 4
54 3
54 2
54 5
69 1
69 4
54 5
69 5
101 4
54 2
54 0
54 5
76 3
63 3
62 3
61 4
54 5
71 5
109 2
106 3
77 3
73 1
73 0
73 1
74 4
56 2
55 4
55 5
69 0
69 1
69 5
111 1
108 1
108 4
55 1
55 3
54 1
54 3
54 1
54 4
54 5
69 5
101 2
98 0
98 0
98 4
55 0
54 4
54 3
54 2
54 4
54 0
54 4
54 3
54 4
54 1
54 5
69 4
54 4
54 4
54 3
54 4
54 3
54 2
54 5
68 5
101 1
99 4
55 2
55 2
55 0
54 3
54 4
54 0
54 3
55 3
55 1
55 4
53 1
53 1
53 1
53 3
54 5
68 2
68 0
68 3
63 5
90 4
54 2
54 5
70 2
68 0
68 3
61 3
60 4
55 2
55 0
54 4
54 2
54 3
54 3
55 4
55 3
54 4
54 2
54 1
54 3
54 3
54 3
54 0
54 3
55 2
54 2
53 3
53 1
53 4
53 4
53 2
53 0
53 5
78 2
75 0
75 1
75 5
114 0
114 4
56 3
55 2
55 3
55 0
54 4
54 0
54 4
54 5
69 3
62 1
62 5
90 0
90 3
79 3
77 5
127 3
108 4
55 2
55 3
56 2
55 1
55 3
55 1
55 1
55 4
55 4
55 5
68 3
62 2
61 5
91 3
79 4
57 3
55 1
55 0
55 1
55 2
55 2
55 2
55 4
54 3
54 3
54 3
54 0
54 4
54 0
54 2
54 5
82 0
82 0
82 3
71 0
71 2
70 2
69 3
68 2
67 4
53 3
53 3
53 4
53 5
68 0
68 4
56 1
56 2
55 5
68 0
68 3
61 2
60 3
60 0
60 5
93 3
80 0
80 2
78 4
58 0
58 3
58 1
58 4
54 1
54 3
55 5
72 5
109 3
82 4
55 5
72 5
105 3
79 2
78 0
78 2
77 3
75 0
75 5
132 0
132 4
62 3
59 1
59 3
59 5
66 4
54 3
54 2
54 4
54 4
54 4
54 1
54 1
54 3
55 0
55 1
55 1
55 2
55 0
55 5
82 3
70 1
70 5
112 2
109 5
164 3
129 5
200 1
200 3
177 5
279 0
279 3
263 0
263 1
263 4
69 4
68 5
70 3
69 0
69 2
68 0
68 3
68 3
68 3
68 0
68 0
68 1
68 4
57 1
57 5
67 5
99 4
55 2
55 3
55 3
55 2
55 5
69 0
69 5
100 1
100 3
78 0
78 3
75 5
128 1
128 0
128 0
128 0
128 5
191 5
256 3
224 5
307 1
307 4
63 3
55 0
55 2
55 0
55 5
84 0
84 3
71 4
55 5
72 4
55 0
55 3
57 2
56 2
55 2
54 3
55 0
55 3
56 5
88 4
55 3
54 4
54 4
54 2
54 2
54 2
54 5
69 2
69 2
69 4
54 1
54 4
54 3
54 5
69 2
67 0
67 4
54 3
54 0
54 0
54 2
54 4
54 4
54 5
70 3
62 3
62 4
54 3
54 3
54 1
54 0
54 0
54 3
54 4
53 4
53 0
53 2
53 2
53 0
53 3
54 1
54 0
54 1
54 2
54 4
53 1
53 0
53 4
53 3
53 0
53 0
53 2
53 5
79 2
79 5
117 2
114 1
112 4
55 3
55 2
55 3
56 2
55 0
55 3
57 2
56 0
56 5
83 5
124 2
120 0
120 2
116 3
87 2
85 2
83 2
82 0
82 0
82 2
81 5
132 5
192 1
192 4
63 2
62 0
58 0
58 0
58 3
58 1
58 4
54 0
54 2
54 0
54 3
55 3
56 2
55 1
55 0
55 0
55 2
54 2
54 5
81 3
68 4
57 1
57 2
56 2
56 3
56 4
55 3
55 1
55 0
54 1
54 3
55 3
56 0
56 2
55 1
55 3
56 1
56 3
56 5
85 4
55 3
54 4
54 3
54 3
54 2
54 1
54 1
54 4
54 1
54 4
54 3
54 0
54 4
54 4
54 3
54 2
54 5
66 3
62 1
62 3
61 2
60 4
55 3
55 0
55 0
55 0
55 3
56 3
55 5
84 5
122 3
95 0
95 5
157 3
129 1
129 1
129 0
129 0
129 2
126 2
124 1
124 5
217 4
58 3
56 2
56 0
54 2
54 3
54 4
53 2
53 5
67 3
59 3
59 3
58 4
55 4
55 1
55 2
54 3
54 2
54 3
54 3
54 0
54 5
84 4
54 2
54 0
54 3
54 1
54 2
54 5
80 3
70 5
104 2
101 0
101 3
81 0
81 4
57 5
73 5
109 2
106 0
106 3
86 3
77 0
77 3
76 2
75 2
74 3
74 3
74 3
73 5
129 2
126 0
126 5
195 5
262 5
322 3
286 1
286 5
375 1
375 4
58 5
68 2
66 3
61 5
86 1
86 3
76 3
75 4
55 0
55 3
56 1
56 0
56 2
56 5
87 5
124 0
124 4
56 1
56 5
70 0
70 1
70 4
55 0
55 4
54 2
54 2
54 5
71 3
62 3
61 1
61 3
61 3
62 2
61 4
56 5
70 0
70 0
70 2
68 2
66 1
66 1
66 5
101 2
99 5
140 2
134 4
54 2
54 2
54 0
54 3
54 0
54 5
81 1
81 3
70 2
69 2
68 1
68 4
55 4
55 3
55 0
55 3
54 3
54 0
54 2
53 2
53 2
53 2
53 3
53 2
53 5
78 1
78 0
78 2
76 3
63 1
63 3
62 2
61 5
94 4
58 1
58 2
57 5
69 1
69 3
62 3
60 0
60 2
59 4
56 3
56 2
56 3
56 2
55 2
55 4
55 5
68 4
55 4
55 5
68 4
55 2
55 3
55 3
55 3
55 4
55 1
55 4
55 0
55 5
84 3
67 4
53 0
53 2
53 5
81 4
54 2
54 3
54 5
70 0
70 2
68 2
66 4
54 2
54 3
54 1
54 3
54 2
54 3
54 4
54 1
54 3
54 4
54 3
54 3
54 3
54 2
54 2
54 3
54 5
68 3
62 1
62 5
91 3
81 2
79 5
123 0
123 5
183 4
56 3
55 1
55 2
54 3
55 4
55 4
55 1
55 4
55 5
69 5
101 2
98 1
98 1
97 3
77 2
76 4
58 1
58 0
58 5
93 2
90 5
130 1
130 2
126 4
59 3
57 3
58 2
57 1
57 0
57 5
86 4
55 4
55 2
55 2
55 2
55 0
55 4
55 2
55 2
55 2
55 3
55 1
55 0
54 1
54 1
54 1
54 3
55 2
54 5
80 3
69 0
69 3
68 5
115 2
112 5
169 2
164 4
56 2
55 2
55 3
55 0
54 3
54 2
53 5
79 4
53 5
68 2
66 2
66 2
66 5
102 4
56 2
56 2
56 0
55 3
55 1
55 5
72 3
64 3
62 3
62 4
54 3
54 3
54 2
54 0
54 4
53 2
53 3
54 0
54 5
81 0
81 2
78 2
76 3
66 4
58 3
57 3
57 3
56 3
56 5
72 3
64 5
98 1
97 2
95 2
93 5
139 2
134 2
131 4
56 2
56 4
56 0
55 1
55 0
55 3
55 1
55 0
55 2
54 2
53 0
53 3
53 5
75 3
63 4
55 4
54 2
53 1
53 1
53 1
53 4
53 5
68 2
66 2
64 5
97 0
97 4
56 3
56 0
55 4
55 3
55 3
55 4
55 5
68 5
98 2
95 3
76 0
76 2
75 3
72 2
71 3
69 4
56 4
54 3
54 3
54 3
54 5
68 0
68 3
62 2
61 3
61 5
83 1
83 0
83 0
83 5
132 2
129 0
129 2
126 2
122 5
166 4
58 0
57 1
57 4
55 5
70 0
70 3
62 0
62 3
62 2
61 4
54 1
54 4
54 0
54 0
54 5
81 3
69 4
57 5
69 1
69 3
65 4
57 4
57 2
55 2
54 3
54 0
54 2
54 4
54 0
54 2
54 4
54 5
68 2
68 5
104 4
54 2
54 1
54 2
54 4
54 3
54 3
54 0
54 5
81 5
120 5
164 3
121 0
121 2
119 2
117 2
114 0
114 2
113 2
112 5
177 2
171 1
171 2
164 4
61 0
59 5
88 1
85 5
127 0
127 3
96 3
87 3
83 2
82 1
82 5
140 2
137 4
55 3
54 3
53 3
54 2
53 2
53 0
53 3
54 5
80 5
121 2
117 4
55 4
55 1
55 2
55 2
55 4
55 3
55 3
55 0
55 4
55 4
55 3
55 5
68 4
55 4
55 3
56 1
56 2
55 3
55 2
55 5
68 1
69 2
68 4
55 5
68 3
61 1
61 3
61 0
60 2
60 3
60 5
93 4
54 2
54 0
54 3
54 3
55 3
55 2
54 5
78 4
53 1
53 1
53 5
69 4
54 0
54 4
54 1
54 5
69 4
54 3
55 3
54 0
54 3
55 3
55 5
81 3
71 3
67 3
66 4
56 5
70 5
108 3
85 3
76 0
76 0
76 4
58 3
54 3
54 2
54 3
54 2
54 3
55 4
54 4
54 1
54 2
54 2
54 0
54 3
54 2
54 2
54 4
53 4
53 2
53 5
69 3
60 1
60 0
60 2
59 0
59 1
59 0
59 2
59 2
59 0
59 2
59 2
59 0
59 2
59 3
59 2
58 1
58 2
57 4
55 2
54 3
54 1
54 0
53 3
54 3
54 1
54 2
53 0
53 4
53 3
54 4
54 1
54 0
54 3
55 0
55 2
54 1
54 3
54 4
53 4
53 4
53 2
53 4
53 2
53 4
53 4
53 4
53 0
53 5
80 4
56 0
55 3
56 2
55 2
55 2
54 2
54 3
54 4
54 2
54 0
54 1
54 3
55 2
54 1
54 3
55 2
54 2
54 3
54 1
54 2
54 3
54 5
80 5
119 4
56 0
55 2
55 5
86 0
86 3
71 3
67 5
108 2
106 0
106 2
104 3
90 1
90 2
89 3
87 3
87 5
155 2
152 2
149 5
230 0
230 3
199 0
199 3
186 3
181 0
181 4
60 3
56 0
56 1
56 1
56 5
88 4
56 2
56 4
55 2
55 2
55 4
55 2
55 3
55 4
55 4
55 1
55 3
55 2
55 2
55 4
55 4
55 2
55 4
55 5
68 3
59 4
55 2
55 0
55 1
55 5
80 2
79 4
55 3
54 4
54 4
54 3
54 3
54 2
54 4
54 3
54 2
54 5
70 4
54 3
55 3
54 5
69 1
66 4
54 4
54 2
54 3
54 2
54 2
54 3
54 2
54 1
54 3
54 2
54 0
54 3
55 3
55 2
54 3
55 2
54 3
53 2
53 2
53 5
77 4
54 3
54 1
54 2
54 2
54 0
54 4
54 3
55 3
54 4
54 4
54 2
54 2
54 1
54 2
54 2
54 4
54 3
55 4
55 2
55 5
70 3
63 1
63 2
62 2
61 2
60 3
59 3
59 0
59 5
96 4
57 4
56 1
56 3
55 5
68 1
68 4
55 2
55 3
55 3
55 0
55 3
57 2
56 3
56 5
81 2
78 2
76 4
54 5
72 2
70 0
70 0
70 2
68 5
101 2
101 4
55 2
55 2
55 5
71 4
54 2
54 2
54 0
54 2
54 1
54 2
54 0
54 0
54 0
54 3
54 1
54 1
54 0
54 5
80 5
121 4
54 4
54 4
54 2
54 -1
120 3
79 4
79 5
70 0
65 5
97 1
96 3
80 5
124 5
183 0
183 2
178 3
146 0
146 3
139 2
136 0
136 1
136 5
235 2
231 5
337 0
337 2
330 4
58 5
66 5
96 3
79 2
77 0
77 4
55 3
55 4
54 4
54 5
68 4
54 5
68 2
68 0
68 3
61 3
61 4
55 5
68 3
62 4
56 0
56 2
56 4
55 1
55 3
54 1
56 1
56 5
71 5
103 0
103 4
54 3
54 4
54 1
54 0
54 5
81 3
66 5
105 3
90 1
90 5
148 0
148 5
217 5
288 0
288 5
359 2
351 3
320 3
304 2
297 1
297 4
74 2
66 2
61 4
60 3
55 3
55 3
55 5
71 1
71 2
69 5
105 3
79 5
124 5
183 3
159 0
159 4
58 4
58 4
58 5
67 0
67 0
67 2
65 5
94 3
80 5
117 1
117 5
176 0
176 5
240 4
61 2
61 1
62 1
62 4
62 5
72 4
58 3
55 3
55 1
56 4
56 1
58 2
57 3
56 1
61 0
58 4
55 2
55 4
55 3
55 0
55 5
81 5
119 4
55 4
55 5
66 1
67 5
96 1
96 2
93 2
93 5
136 2
132 0
132 0
132 3
95 3
84 4
59 0
59 3
59 4
58 3
57 1
57 4
56 3
57 3
56 3
57 1
57 2
56 5
69 2
69 5
101 4
54 5
69 4
54 5
68 4
54 0
54 4
54 4
54 2
55 2
56 4
56 1
56 0
56 2
56 3
54 2
54 5
73 4
55 3
55 1
55 5
67 5
98 4
55 4
55 5
67 5
98 0
98 3
76 5
118 0
118 0
118 3
97 3
93 3
93 3
91 2
90 3
90 4
56 3
55 3
55 3
55 2
55 4
54 0
54 5
79 0
79 0
79 4
57 4
57 5
67 1
68 3
61 5
87 4
56 0
55 0
55 4
55 0
55 0
55 0
55 2
55 2
55 1
57 0
56 4
55 2
55 4
55 5
72 0
72 3
62 1
65 2
64 2
61 3
59 2
58 1
59 5
85 0
85 3
75 4
55 3
55 4
55 4
55 0
55 0
55 1
56 0
56 3
58 0
58 1
58 0
58 0
58 3
58 1
59 0
59 2
57 4
53 5
67 1
68 5
101 5
145 0
145 2
137 5
182 3
135 3
111 0
111 3
105 3
101 3
100 2
97 5
165 3
149 2
146 1
146 5
245 3
230 5
364 5
506 4
64 2
62 2
58 0
54 4
54 3
54 2
54 2
54 1
54 2
54 4
54 4
54 0
54 4
54 1
54 5
69 4
55 3
55 2
55 4
55 4
55 1
58 4
58 2
55 3
55 3
56 4
56 5
65 1
67 3
61 3
61 5
91 0
91 2
88 5
130 0
130 3
104 1
104 4
59 4
59 4
59 5
68 2
66 4
56 3
56 0
55 5
80 1
79 4
54 2
54 0
54 4
54 3
54 1
56 3
54 3
54 5
69 5
101 4
54 1
54 4
54 0
54 4
54 2
54 3
54 3
55 4
55 0
55 4
54 2
54 4
54 4
54 4
54 1
54 3
54 1
54 4
54 4
54 5
69 3
62 2
61 4
54 3
54 2
54 0
54 4
54 4
54 3
54 3
55 1
55 4
55 5
69 5
102 5
144 2
138 4
56 2
56 5
70 5
100 4
57 1
55 5
70 4
55 4
55 2
55 3
55 3
55 2
55 5
70 2
68 3
61 4
56 3
55 0
55 5
80 2
77 1
77 5
116 1
115 2
113 2
112 1
111 0
111 0
111 1
110 3
82 5
124 4
55 0
55 0
55 4
55 2
55 2
55 3
55 4
55 1
57 0
56 2
56 1
57 2
56 0
56 3
56 0
56 2
55 3
56 0
56 4
54 3
54 3
55 5
69 4
54 4
54 3
54 4
54 4
54 3
55 0
55 1
55 3
56 3
56 4
53 2
53 2
53 3
53 1
53 5
68 0
68 0
68 0
68 1
69 4
54 4
54 0
54 0
54 5
80 4
54 2
54 1
54 4
54 0
54 2
54 2
54 5
79 5
114 5
155 3
106 1
105 4
57 0
56 5
88 2
87 2
86 0
86 4
54 2
54 5
70 2
70 3
62 2
61 4
54 0
54 3
55 2
54 5
77 3
65 0
65 5
114 2
111 0
111 0
111 3
92 0
92 2
90 3
87 3
87 2
85 3
85 0
85 3
85 5
157 2
154 5
227 5
302 2
294 1
294 5
370 2
361 0
361 2
353 4
59 2
58 0
56 4
55 0
55 5
79 3
64 2
63 5
95 2
92 0
92 1
92 5
138 1
138 2
131 5
185 1
185 3
143 3
129 4
59 4
59 2
56 4
56 3
55 2
55 0
55 0
55 0
55 1
57 5
80 2
78 4
54 5
69 3
61 5
90 1
89 2
87 3
80 1
80 0
80 2
78 1
79 2
78 5
132 2
129 1
129 4
59 5
68 3
65 2
64 3
63 3
64 0
63 2
62 2
61 4
54 2
54 5
71 1
71 0
71 3
63 3
61 5
90 5
140 4
56 5
68 4
55 3
55 5
70 1
70 1
71 1
71 2
69 2
68 4
55 2
55 3
55 4
55 5
68 1
68 2
66 5
93 1
92 0
92 5
135 3
100 1
100 2
99 3
89 0
88 3
83 1
84 0
84 0
84 2
83 4
58 3
56 2
55 3
55 5
69 1
70 1
70 4
54 2
54 5
67 4
54 0
54 1
54 3
55 2
54 2
54 3
54 3
54 2
54 2
54 5
77 0
77 1
77 4
54 5
69 4
54 2
54 1
54 3
54 4
54 0
54 1
54 0
54 0
54 4
54 2
54 2
54 0
54 5
79 3
66 2
65 4
55 0
55 2
55 4
55 2
55 4
55 3
54 1
54 0
54 2
54 4
54 2
54 5
70 3
61 3
60 2
59 5
83 2
81 1
79 5
118 2
114 1
114 2
112 5
158 4
58 3
57 1
58 3
57 2
57 3
57 4
57 5
67 2
67 5
91 2
86 0
86 3
69 0
69 2
68 0
68 1
68 3
64 2
63 4
55 4
54 4
54 5
65 4
54 0
54 2
54 3
55 4
54 2
54 4
54 4
54 5
66 3
60 5
87 3
75 1
75 2
72 2
71 1
71 2
70 2
69 2
68 2
67 4
55 2
54 5
70 1
71 2
69 4
56 4
56 3
54 4
54 5
64 4
54 2
54 2
54 2
55 3
54 4
54 0
54 2
54 3
54 5
81 2
78 3
69 3
66 2
65 2
64 2
63 5
98 3
80 5
134 4
55 4
54 2
54 4
54 1
54 3
54 2
54 4
54 1
54 1
54 1
54 1
54 3
54 5
69 5
99 5
143 2
139 4
54 5
70 0
70 4
54 2
54 5
70 5
103 2
102 3
80 1
80 4
58 3
55 0
55 5
80 1
79 4
54 4
54 0
54 1
54 4
54 4
54 2
54 5
70 2
70 1
71 0
71 5
103 4
54 2
54 4
54 3
54 2
54 5
70 2
68 4
54 1
54 5
70 2
68 0
68 1
68 3
60 2
59 2
58 5
80 4
56 2
55 1
55 0
55 3
56 3
56 4
53 5
67 4
54 2
54 4
54 4
54 1
54 2
54 3
54 5
69 4
54 2
54 0
54 2
54 2
54 2
55 3
55 3
55 4
55 1
58 3
54 4
54 1
54 2
54 3
54 0
54 5
80 3
68 2
67 1
67 4
54 0
54 3
55 0
55 5
83 4
54 0
54 3
56 2
55 1
55 5
79 1
79 0
79 4
53 3
53 2
53 4
53 4
53 2
53 3
53 2
53 3
54 2
54 5
69 5
102 3
77 2
76 2
75 2
74 1
74 5
113 3
90 1
91 5
153 0
153 3
135 0
135 2
132 3
128 2
126 1
126 3
123 4
58 5
72 5
107 5
150 1
148 4
60 1
60 4
60 3
54 2
54 4
54 4
54 2
54 2
54 1
54 5
70 3
61 1
62 4
57 5
67 5
97 2
94 4
55 2
55 3
55 0
55 3
56 4
54 2
54 5
67 3
62 2
61 1
61 0
61 4
56 2
55 5
69 3
64 4
54 5
68 2
66 2
64 3
60 5
84 2
82 3
73 5
115 5
177 3
145 3
133 3
130 0
130 4
59 0
57 4
56 2
55 3
55 1
55 2
55 2
54 1
54 0
53 0
53 5
79 1
78 4
54 3
54 3
54 4
54 2
54 2
54 5
66 2
66 2
66 2
66 2
66 3
59 4
56 2
56 5
67 3
61 2
60 3
61 4
54 3
54 2
54 3
54 2
54 0
54 2
54 1
54 2
54 2
54 3
54 5
76 5
116 3
91 5
139 2
133 1
133 1
132 2
129 2
126 5
183 3
148 4
63 4
63 0
62 5
96 4
62 2
60 2
59 5
74 4
58 4
58 2
57 2
57 5
70 2
70 2
70 2
68 2
68 3
62 1
62 1
62 2
61 3
59 2
58 5
81 2
78 2
76 2
74 2
72 3
64 5
91 5
141 3
102 5
167 2
163 3
141 4
64 4
63 3
58 4
56 3
55 2
55 3
54 4
54 2
54 3
54 4
54 5
66 2
64 2
62 1
62 3
59 1
59 3
60 3
59 4
55 2
55 3
55 2
55 3
55 2
55 2
55 2
55 2
55 0
54 4
54 5
67 2
67 2
67 2
67 2
67 4
55 1
55 5
67 4
54 4
54 2
54 4
54 5
67 2
67 5
99 2
95 4
55 4
55 4
55 1
55 4
55 4
55 4
55 4
55 1
55 5
69 3
62 3
61 3
61 0
61 0
61 3
62 5
96 2
93 3
81 0
81 2
80 4
57 2
56 4
56 5
67 3
61 2
60 2
59 4
56 2
55 2
55 5
72 5
107 3
82 2
80 5
126 2
123 5
182 3
148 4
57 4
57 2
55 1
55 3
54 2
54 1
54 5
68 3
61 2
60 3
59 2
58 5
88 4
56 2
55 4
55 5
67 2
65 2
63 4
55 5
66 1
66 1
65 3
60 4
58 1
58 4
58 2
57 2
56 3
56 4
55 0
55 5
81 2
78 3
65 3
63 3
63 3
62 3
62 2
61 4
55 3
54 5
71 5
105 0
105 2
102 4
54 2
54 3
54 2
54 2
54 3
54 0
54 3
55 5
81 5
121 3
100 5
149 1
149 2
146 2
142 5
210 5
279 3
232 3
214 5
332 0
332 2
327 5
448 5
569 2
561 3
538 4
63 3
61 5
65 4
57 2
56 2
56 3
56 4
56 2
56 2
56 2
56 1
56 3
55 0
55 4
55 3
55 3
55 4
55 3
56 0
56 2
55 3
56 4
54 4
54 5
65 2
63 2
63 3
60 5
83 2
80 0
80 2
78 1
78 3
67 2
66 5
107 5
163 0
163 1
162 2
158 0
158 2
151 5
203 4
61 4
61 4
61 4
61 1
61 1
61 3
57 4
57 0
56 2
56 2
56 2
56 5
79 0
79 1
79 2
79 0
79 3
64 5
95 5
143 4
54 3
54 3
54 4
54 5
68 2
68 2
66 5
97 0
97 2
94 4
55 4
55 2
55 0
54 4
54 4
54 5
72 4
55 3
55 0
55 2
55 3
54 2
53 2
53 5
74 5
109 2
105 2
102 4
55 2
55 3
55 4
55 2
55 2
55 0
55 5
79 0
79 1
79 2
76 5
110 0
110 4
55 4
55 5
71 0
71 4
55 3
55 2
55 2
55 3
55 4
55 2
55 5
69 2
67 3
61 3
60 0
60 0
60 3
60 4
53 3
54 3
53 2
53 4
53 3
53 1
53 5
67 0
67 2
65 0
65 2
65 1
65 5
96 5
135 5
176 5
218 3
164 2
159 5
217 3
175 2
173 4
66 2
65 5
67 4
57 3
56 3
55 0
55 1
55 5
76 2
76 5
114 1
114 1
112 1
111 1
108 4
56 2
56 5
71 5
105 3
79 2
78 3
72 1
72 4
55 1
55 5
68 3
64 1
64 4
57 3
55 4
55 3
56 2
55 2
55 3
56 2
55 3
55 4
55 2
55 2
55 4
55 2
55 1
55 2
55 3
55 2
55 2
55 2
55 5
69 2
67 0
67 2
67 4
55 2
55 0
55 3
55 4
55 5
67 3
62 0
62 2
61 4
54 4
54 3
54 5
68 4
54 1
54 1
54 5
68 3
63 1
63 3
62 0
62 5
103 0
103 3
85 0
85 1
85 4
56 3
54 3
54 0
54 4
54 1
54 2
54 2
54 1
54 2
54 0
54 4
53 3
53 2
53 4
53 3
53 5
68 1
68 3
62 2
61 3
59 3
59 4
53 2
53 3
53 5
71 4
54 1
54 4
54 3
55 3
55 1
55 2
54 4
54 5
69 2
67 4
54 5
69 3
62 3
62 4
57 3
56 3
55 1
55 1
55 1
55 4
55 2
55 2
55 3
55 1
55 1
55 4
54 5
69 2
69 5
100 0
100 5
143 0
143 3
106 4
59 4
59 5
68 3
64 4
57 1
57 3
56 3
56 3
57 1
57 3
56 4
56 2
56 0
56 0
56 2
56 3
56 2
55 4
54 5
68 0
68 0
68 3
63 2
62 0
62 4
55 5
67 3
62 3
61 0
60 3
60 3
60 2
59 3
59 0
59 0
59 4
53 5
68 5
102 2
99 1
98 5
142 1
139 0
139 1
137 3
105 0
105 3
94 1
94 3
90 2
89 5
157 4
59 3
56 0
55 1
55 5
85 3
69 0
69 5
122 4
56 3
55 1
55 0
54 5
83 3
67 5
108 4
55 4
55 5
68 4
56 0
55 3
56 3
58 3
55 1
55 2
54 5
83 2
80 1
80 1
80 3
66 1
66 0
66 2
65 3
65 3
65 5
113 4
56 2
55 3
55 4
55 3
55 3
55 3
55 0
54 0
54 4
54 0
54 4
54 5
68 0
68 2
66 5
98 2
95 1
93 0
93 4
55 0
55 2
55 3
56 2
56 5
79 0
79 5
120 0
120 4
54 4
54 2
54 4
54 3
54 5
69 4
54 3
54 1
54 4
54 3
54 4
54 2
54 1
54 2
54 3
54 0
54 5
80 2
80 5
118 0
118 0
118 3
91 4
53 4
53 3
53 4
53 3
53 0
53 0
53 4
53 1
53 0
53 1
53 3
54 4
53 3
53 0
53 5
80 0
80 4
54 5
67 1
67 4
54 3
55 2
54 1
54 1
54 2
54 3
54 3
54 2
54 5
68 3
61 0
60 5
97 0
97 2
94 3
79 5
131 3
111 0
111 5
195 3
178 1
178 2
174 1
174 5
290 2
286 4
56 5
69 3
63 4
54 3
54 3
54 2
54 3
54 2
54 4
54 5
70 2
70 2
68 4
55 3
55 2
55 2
55 4
55 4
55 1
55 2
55 0
55 3
54 4
54 4
54 3
54 1
54 3
54 0
54 2
54 5
80 3
66 0
66 1
66 5
111 4
56 2
56 4
56 5
67 5
98 3
81 3
76 3
73 3
72 4
56 5
68 4
54 1
54 2
54 0
54 2
54 0
54 5
80 4
54 3
54 3
55 2
54 3
54 4
54 3
54 5
69 5
99 5
143 1
142 0
142 0
142 3
105 4
60 4
60 5
65 4
55 4
55 4
55 5
68 0
68 3
61 3
61 1
61 5
79 4
55 4
54 1
54 2
54 3
54 5
69 4
54 3
55 3
54 5
69 4
54 3
54 2
54 4
54 2
54 3
54 3
54 4
54 2
54 2
54 3
55 5
69 3
63 3
63 4
55 5
68 1
68 5
104 3
76 0
76 4
57 2
56 5
67 3
63 2
62 2
61 3
61 0
61 0
61 5
100 4
60 5
67 1
67 4
55 2
55 5
66 3
61 5
85 3
74 5
118 2
115 3
98 0
98 2
95 1
95 5
166 4
60 3
55 4
55 3
55 2
55 0
55 3
56 5
80 2
77 1
77 2
75 3
66 4
55 5
67 4
54 4
54 1
54 4
54 3
55 0
55 4
54 2
54 0
54 5
80 4
54 4
54 5
68 4
54 3
54 0
54 4
54 5
67 5
98 3
75 4
56 2
55 3
55 4
55 2
55 4
55 0
55 4
55 4
55 1
55 3
56 3
55 3
55 1
55 2
55 3
55 0
55 3
55 0
55 2
55 1
55 1
55 3
57 0
57 3
57 3
57 4
54 0
54 1
54 2
54 4
53 5
69 5
102 0
102 3
77 5
116 2
111 5
165 5
220 0
220 4
60 5
69 1
69 4
58 0
56 3
55 2
54 3
56 0
56 1
56 2
55 2
54 5
82 2
82 3
68 2
67 3
64 4
54 3
55 3
53 1
53 3
54 3
53 0
53 2
53 1
53 4
53 3
53 3
53 4
53 2
53 3
53 1
53 4
53 5
67 0
67 1
67 2
67 3
62 1
62 3
59 0
59 4
55 2
54 4
54 3
53 0
53 4
53 3
53 3
53 3
54 3
53 2
53 3
54 5
70 2
68 5
105 2
102 4
56 3
56 0
55 3
56 4
54 3
54 2
54 1
54 2
54 1
54 3
54 4
54 0
54 4
54 1
54 5
65 3
61 2
60 5
86 0
86 3
75 4
57 3
56 5
68 4
54 3
54 0
54 2
54 4
54 3
54 5
65 4
54 1
54 3
54 0
54 5
81 3
70 3
66 4
55 0
54 2
54 3
54 0
54 3
54 4
53 4
53 3
53 0
53 3
54 3
55 4
53 4
53 5
70 4
54 3
54 0
54 5
80 2
79 1
79 4
54 2
54 1
54 3
54 1
54 4
54 4
54 4
54 5
69 2
67 0
67 0
67 5
98 4
54 3
54 3
54 2
54 5
70 4
54 3
54 1
54 1
54 5
70 0
70 3
62 4
56 0
56 1
56 4
55 3
55 5
67 4
54 1
54 5
68 5
101 -1
120 1
120 1
120 1
120 1
120 2
119 5
120 5
125 1
125 4
92 1
94 1
94 4
92 5
81 3
74 3
69 5
100 4
67 4
66 4
66 0
61 2
59 5
92 2
89 4
60 1
63 1
64 5
72 0
72 3
66 2
65 4
53 3
53 1
55 3
53 1
53 4
53 0
53 1
55 2
53 4
53 4
53 0
53 2
53 3
55 4
53 2
53 2
53 0
53 5
81 2
78 3
66 5
102 5
151 2
146 0
146 0
146 3
115 2
112 5
171 2
167 2
163 5
231 2
223 5
297 0
297 5
370 5
444 4
64 0
59 3
60 3
61 3
60 2
59 0
59 0
59 1
61 4
57 3
57 2
56 0
54 4
54 0
54 5
82 3
72 4
57 2
56 3
55 1
56 2
55 0
54 2
54 4
54 3
54 3
55 2
54 0
54 1
55 1
56 2
55 5
83 0
83 2
81 3
70 2
69 1
69 1
70 4
55 3
54 3
54 0
54 0
54 3
55 3
55 2
54 2
54 5
79 2
77 5
119 0
119 3
89 0
89 5
150 0
150 2
147 2
144 4
63 3
57 4
57 3
56 1
56 4
56 3
56 3
56 0
55 0
55 1
56 2
55 3
56 3
55 2
54 2
54 3
54 3
54 0
54 2
54 5
81 2
79 2
79 0
79 0
79 5
114 3
80 3
72 2
71 4
57 5
71 4
54 2
54 0
54 3
55 4
54 2
54 2
54 4
54 4
54 2
54 4
54 4
54 5
70 2
70 2
68 5
99 2
98 3
74 4
60 4
60 3
59 5
67 5
95 5
135 4
56 4
56 2
56 2
56 4
56 5
67 0
67 2
65 5
96 3
74 4
59 4
59 0
56 4
55 5
69 5
100 4
56 4
56 5
68 2
66 5
93 1
89 1
91 4
56 2
56 5
70 0
70 1
71 3
62 5
86 2
84 2
81 4
55 5
68 4
55 0
55 2
55 3
56 2
56 5
79 5
117 0
117 3
88 2
86 4
57 2
57 4
57 3
55 5
68 3
65 5
91 4
57 5
67 3
62 3
62 2
61 2
60 5
83 2
80 4
54 2
54 3
54 2
54 5
70 5
101 5
143 1
141 4
54 0
54 1
55 5
78 3
64 5
98 2
95 5
143 5
199 2
192 2
185 2
180 1
179 1
178 2
173 4
59 3
58 4
57 1
57 2
57 1
57 5
69 4
56 5
68 2
66 5
93 4
56 2
56 0
55 2
55 1
55 0
55 3
54 0
54 0
54 2
54 4
54 2
54 0
54 5
80 0
80 2
79 4
54 2
54 4
54 0
54 3
54 2
54 2
54 2
54 4
54 3
54 1
54 3
55 3
54 5
67 3
60 1
62 0
62 3
62 4
54 3
54 1
54 5
66 3
61 2
60 1
62 4
55 5
67 2
67 4
56 5
71 3
62 0
62 5
99 0
99 3
82 5
141 5
212 5
285 0
285 4
56 3
55 2
55 3
56 3
56 4
56 3
55 3
55 0
55 5
81 2
80 3
66 2
64 4
56 4
56 0
55 3
56 4
54 2
54 3
55 1
55 5
67 5
102 2
99 3
78 3
72 4
55 2
55 2
54 4
54 3
54 2
54 1
54 3
54 2
54 4
54 4
54 1
54 0
54 4
54 0
54 1
55 2
54 3
55 0
55 2
55 5
83 5
121 1
119 4
56 0
56 1
57 2
56 2
56 1
58 4
58 3
55 3
55 4
55 2
55 3
55 4
55 2
55 4
55 5
66 4
55 2
55 4
55 3
56 3
55 0
55 2
55 0
55 0
55 4
54 2
54 2
54 4
54 4
54 1
56 3
54 1
57 2
54 3
54 3
54 0
54 4
54 2
54 5
69 0
69 0
69 1
69 1
69 4
54 3
55 5
68 0
68 3
62 3
62 3
62 3
62 2
61 2
60 1
62 5
88 0
88 4
54 0
54 4
54 0
54 4
54 5
67 5
100 5
144 3
106 1
106 2
104 2
102 2
101 3
89 0
89 2
88 1
89 1
90 1
91 0
91 5
156 3
133 3
128 2
126 2
124 3
122 3
122 0
122 2
121 2
120 1
120 3
120 1
120 1
121 4
60 0
60 5
96 4
56 2
54 2
54 5
72 2
72 4
55 4
55 1
55 2
55 3
55 1
55 2
55 3
55 5
69 2
67 3
62 0
62 3
63 3
63 4
54 2
54 1
54 4
54 4
54 4
54 3
54 2
54 5
71 5
106 3
83 2
82 5
127 5
185 4
59 2
58 3
55 2
55 1
55 4
55 4
55 1
55 4
55 3
56 1
56 2
55 0
55 1
57 4
57 4
57 4
57 2
56 0
54 2
54 4
54 3
54 3
54 0
54 1
54 2
54 5
80 2
77 3
63 3
61 4
54 2
53 2
53 5
72 4
55 5
67 1
67 2
65 1
65 3
60 4
55 3
54 2
54 2
54 3
54 4
54 2
54 3
54 2
54 0
54 5
80 2
77 2
77 1
77 0
77 1
77 2
76 3
60 5
88 5
137 1
135 4
55 3
55 4
55 2
55 4
55 5
68 5
97 1
95 3
75 5
112 0
112 0
112 3
94 2
92 2
90 2
88 2
87 3
83 5
141 2
138 1
137 1
137 2
134 2
131 1
131 2
128 3
110 0
110 3
110 0
110 0
110 2
108 4
55 0
55 3
56 2
55 2
55 4
54 0
54 3
54 5
85 2
83 2
80 3
66 2
65 2
64 5
102 4
56 0
55 3
56 3
56 0
56 1
56 3
57 0
57 0
57 0
57 3
57 2
56 0
56 1
56 1
56 3
56 2
55 1
56 5
88 1
87 2
84 4
60 3
56 1
57 4
55 3
55 5
67 1
67 1
68 1
68 2
67 4
55 2
55 1
55 3
56 5
67 1
68 1
68 5
99 3
81 2
80 2
79 1
79 2
77 0
77 4
55 0
55 4
54 4
54 0
54 2
54 2
54 4
54 2
54 4
54 3
54 1
55 5
70 4
54 5
68 1
68 1
68 1
67 4
54 5
67 5
100 2
97 2
94 0
94 3
74 2
73 1
73 2
72 2
71 1
72 2
71 4
59 2
58 0
57 5
84 2
81 0
81 2
79 5
120 3
85 5
129 4
60 0
58 5
92 3
78 2
77 2
75 3
70 2
69 2
67 5
109 2
105 5
163 3
131 2
128 3
116 2
114 0
114 1
114 2
112 1
112 2
110 5
205 3
186 2
184 0
184 4
56 3
57 4
57 2
56 4
56 4
56 0
54 3
56 3
54 4
53 1
53 2
53 2
54 0
54 2
54 1
55 3
53 0
53 2
53 3
55 3
54 1
54 3
53 2
54 2
54 5
81 1
80 3
67 0
67 5
110 3
95 1
96 2
94 4
56 1
56 2
55 4
54 3
54 3
54 5
66 1
66 2
64 2
65 4
54 2
55 2
55 1
55 2
56 0
55 4
55 3
54 2
54 4
54 4
54 1
54 2
54 2
54 3
54 4
54 5
66 2
66 2
66 2
64 2
64 2
64 2
65 4
54 4
54 0
54 3
54 2
54 2
54 1
54 2
54 5
81 0
81 1
81 5
116 5
154 0
154 2
144 3
94 3
83 3
81 0
81 4
56 0
56 2
56 1
56 2
56 4
55 3
55 2
55 2
55 4
55 3
55 2
55 0
55 1
55 3
55 3
55 4
54 2
54 2
54 4
54 4
54 5
66 0
66 3
60 3
57 1
57 1
57 3
59 0
59 1
59 1
59 2
59 2
59 1
59 3
60 5
94 0
94 3
77 2
76 0
76 5
136 3
115 1
115 2
113 3
111 5
198 3
178 0
178 0
178 1
179 4
62 2
60 2
57 4
55 2
55 5
68 2
66 1
64 4
55 3
55 2
55 3
55 2
55 2
55 5
66 2
66 0
66 5
102 4
55 4
55 1
55 0
55 2
55 2
55 1
55 2
55 2
55 2
55 1
55 5
74 1
74 3
63 3
63 0
62 0
62 3
62 4
54 2
53 3
53 2
53 2
53 0
53 1
53 4
53 2
53 1
53 4
53 2
53 1
53 5
71 5
108 3
83 2
82 1
82 0
82 3
75 2
74 3
74 3
74 4
55 1
55 3
55 5
67 4
54 2
54 0
54 0
54 2
54 5
80 4
54 4
54 3
54 3
54 3
55 0
55 2
55 1
55 5
82 1
82 2
81 4
54 0
54 1
54 3
54 5
79 2
77 2
76 5
115 2
112 4
54 5
71 2
71 0
71 2
72 2
72 1
70 5
103 5
144 2
138 1
137 4
56 0
56 1
56 3
55 3
56 3
55 3
56 3
56 5
73 1
73 0
73 3
66 2
65 2
64 0
64 0
64 1
64 3
64 3
63 0
63 4
56 4
54 3
54 2
54 2
54 5
69 1
69 1
69 4
55 5
68 3
59 2
58 1
58 3
58 4
54 2
54 5
69 2
67 4
54 5
68 0
68 4
54 3
54 3
55 2
54 0
54 3
54 4
53 1
53 2
53 5
69 4
54 2
54 1
54 2
54 2
54 4
54 5
70 5
102 2
102 1
99 0
99 2
96 1
96 4
56 5
71 4
55 3
55 0
55 2
55 5
80 3
67 2
66 4
57 0
56 3
57 5
86 4
56 0
55 2
54 2
54 5
79 3
66 3
63 3
63 3
63 2
62 3
62 1
62 2
61 3
61 5
95 2
92 2
89 4
55 2
55 5
68 3
61 4
57 4
57 5
67 1
67 4
55 2
55 3
55 2
55 2
55 3
55 2
55 3
56 5
68 3
63 2
62 5
88 3
76 2
73 0
73 3
73 2
71 3
71 0
71 3
71 4
54 2
53 4
53 0
53 2
53 2
53 1
53 2
53 0
53 5
82 3
68 4
56 1
56 5
73 3
66 2
65 2
64 3
61 0
61 2
60 0
60 1
60 0
60 1
60 5
97 2
95 3
89 0
89 3
86 4
61 1
61 5
74 0
73 0
73 3
70 5
107 0
107 0
107 2
104 3
92 4
57 2
56 0
56 0
56 3
58 3
59 0
59 2
58 2
57 2
57 1
57 0
57 2
57 3
57 4
55 2
54 4
54 0
54 4
54 0
54 1
54 2
54 0
54 0
54 3
55 3
55 0
55 3
56 2
55 3
55 5
86 3
73 2
72 4
55 2
55 0
55 3
56 2
55 3
55 0
55 2
55 0
55 4
53 1
53 0
53 0
53 4
53 2
53 5
73 0
73 3
61 4
54 5
72 4
54 5
69 5
100 4
54 5
70 3
62 5
92 3
79 0
79 0
79 5
137 1
137 4
58 4
56 2
56 3
56 5
67 2
65 0
65 0
65 2
63 2
63 1
63 4
55 2
55 1
55 0
55 0
55 5
77 0
77 3
64 0
63 1
63 2
62 0
62 0
62 5
102 2
99 4
55 0
55 2
55 0
55 0
55 2
55 2
55 1
55 4
54 4
54 1
54 1
54 4
54 5
71 1
71 3
64 4
55 3
54 2
54 3
54 1
54 4
54 2
54 4
54 0
54 3
54 3
55 3
54 5
79 2
76 0
76 5
114 4
54 5
71 3
63 3
64 0
64 2
63 4
56 0
56 4
56 4
55 4
55 0
55 3
57 5
84 3
73 5
112 3
96 2
94 2
92 0
92 2
90 0
90 4
54 1
54 4
53 4
53 3
53 5
71 4
54 1
54 5
68 3
62 5
87 3
73 2
72 3
72 2
70 4
56 5
70 3
64 3
62 4
54 4
54 1
54 0
53 1
53 3
53 4
53 4
53 2
53 2
53 4
53 2
53 3
53 5
67 0
67 3
60 0
60 2
59 3
59 5
95 4
56 0
55 0
55 5
86 5
128 5
172 3
140 3
120 4
57 3
55 3
55 3
55 5
68 4
55 3
56 5
65 5
96 5
142 5
186 0
186 5
233 2
227 5
271 3
219 4
68 1
68 2
67 1
67 4
67 2
66 1
66 5
71 4
61 2
60 4
60 2
60 2
60 0
59 0
59 2
59 3
58 1
58 0
58 3
57 4
54 3
54 2
54 0
54 3
55 5
79 0
79 3
70 3
68 0
68 1
68 3
68 1
68 3
68 0
68 4
54 1
54 3
54 1
54 1
54 1
54 3
54 4
54 2
54 4
54 2
54 2
53 0
53 0
53 5
79 3
64 2
63 3
62 0
62 5
105 3
86 3
84 0
84 1
84 4
56 5
70 3
64 2
63 2
62 3
60 3
60 3
60 5
87 2
84 3
75 2
74 3
71 0
71 4
55 4
54 3
54 1
54 2
54 2
54 2
54 3
54 0
54 1
54 4
53 2
53 2
53 0
53 5
82 4
54 3
54 1
54 4
54 5
68 2
66 0
66 5
98 4
54 1
54 0
54 2
54 3
55 5
78 2
76 3
66 2
65 2
64 2
63 0
63 2
62 4
56 3
56 0
55 3
56 3
56 4
53 2
53 0
53 0
53 3
54 2
54 1
54 1
54 2
53 5
76 2
74 1
74 3
67 2
66 3
65 4
58 0
57 2
57 2
56 1
56 2
56 0
56 5
90 2
89 2
87 4
56 3
56 3
57 1
57 5
72 1
71 0
71 2
69 0
69 4
56 4
56 5
69 5
102 3
78 4
58 1
58 1
58 5
67 3
60 3
60 1
60 5
87 3
75 4
54 4
54 3
53 3
53 2
53 3
53 3
53 2
53 0
53 3
55 2
54 2
53 2
53 0
53 2
53 3
54 2
54 2
53 1
53 4
53 0
53 5
81 2
81 2
78 0
78 0
78 3
64 5
96 3
81 2
80 0
79 5
139 3
117 3
111 4
60 4
58 4
58 3
58 4
58 0
56 2
56 0
56 3
56 2
55 3
56 5
88 2
86 5
126 2
122 4
58 2
58 3
56 2
56 5
75 4
54 1
54 3
54 2
54 1
54 3
54 2
54 2
54 2
54 3
54 2
54 0
54 4
54 3
54 5
68 5
99 2
96 1
95 0
95 3
79 0
79 2
77 4
61 3
56 3
56 3
56 2
56 0
56 1
56 1
56 0
56 4
55 0
55 0
55 4
55 3
56 2
55 3
55 3
55 4
55 3
55 0
55 2
55 1
55 0
55 3
55 5
80 2
77 5
118 1
118 2
115 3
89 4
58 0
58 0
58 3
59 4
55 3
55 0
54 5
83 5
125 4
56 0
54 4
54 5
70 2
68 4
54 2
54 4
54 3
54 2
54 1
54 3
55 5
69 3
63 0
63 2
62 4
54 2
54 2
54 2
54 1
54 4
54 0
54 3
55 4
54 5
70 5
107 5
154 5
202 4
60 0
58 3
57 4
54 0
54 3
55 5
83 0
83 2
80 5
121 3
91 5
149 3
122 2
120 1
120 3
118 2
116 2
114 5
202 2
199 5
294 0
294 2
289 5
386 1
386 2
379 5
474 0
474 2
464 1
464 3
435 5
553 3
534 2
528 2
522 0
522 0
522 3
514 3
503 3
498 3
494 2
488 5
775 4
64 4
63 3
57 1
57 1
57 5
68 4
58 0
57 4
55 1
55 1
55 2
55 4
55 1
55 2
55 0
55 5
79 0
79 4
54 0
54 5
78 2
77 2
77 2
74 4
54 4
54 5
73 4
55 1
55 0
54 3
54 2
54 5
72 4
54 5
70 2
68 0
68 2
66 4
54 2
54 1
54 3
54 3
55 4
55 3
55 3
54 3
54 2
54 4
54 5
68 3
59 0
59 2
59 5
95 5
139 4
55 2
55 2
55 0
55 1
55 5
75 5
109 3
79 0
79 4
56 2
55 2
55 3
55 2
55 1
55 3
55 0
55 5
81 2
78 3
65 2
64 4
54 3
53 4
53 2
53 4
53 2
53 2
53 2
53 1
53 0
53 2
53 5
76 1
75 3
63 3
62 3
62 5
89 2
87 4
54 3
54 1
54 1
54 0
54 3
56 4
54 4
54 5
67 2
65 5
98 0
98 3
75 2
74 4
55 5
66 0
66 2
66 4
56 4
55 0
55 3
56 5
81 2
78 2
76 3
65 1
65 3
65 4
55 2
55 2
54 2
54 2
54 2
54 3
54 3
54 2
54 3
54 5
73 3
63 2
62 4
54 1
54 2
54 4
54 2
54 4
54 4
54 5
67 1
67 2
67 4
55 2
55 0
54 0
54 1
54 0
54 4
54 2
54 2
54 4
54 1
54 0
54 2
54 3
54 1
54 2
54 5
76 4
54 1
54 4
54 0
54 4
54 2
54 0
54 4
54 4
54 4
54 3
54 0
54 2
54 3
54 0
54 3
54 5
84 5
124 0
124 0
124 5
170 4
54 3
54 2
54 5
70 4
55 3
56 0
56 0
56 3
56 3
57 2
56 2
55 2
55 5
79 1
79 0
79 3
66 3
64 2
63 2
62 3
62 1
62 3
62 2
61 4
55 0
55 5
86 4
56 2
55 2
55 5
70 2
70 2
70 5
100 2
97 1
93 3
74 4
60 3
57 2
57 1
57 0
57 3
56 2
56 4
54 3
54 4
54 2
54 1
54 0
54 3
54 2
53 0
53 3
55 4
53 0
53 1
53 0
53 5
81 4
54 0
54 3
55 2
54 4
54 5
67 5
99 5
139 3
105 3
91 4
59 3
59 3
57 4
57 1
57 2
55 2
55 4
55 2
55 4
55 5
65 0
65 0
65 5
98 4
55 2
55 5
66 0
66 2
66 5
98 5
136 3
94 4
59 2
57 5
68 0
68 4
55 4
55 2
55 5
67 1
67 0
67 3
61 3
60 3
60 3
60 3
60 2
59 5
85 5
126 5
176 2
169 2
164 0
164 5
213 1
213 1
213 5
258 1
258 5
303 5
348 5
391 2
379 3
319 3
262 0
262 3
231 3
211 1
211 4
64 3
61 4
61 4
61 3
60 4
59 0
56 4
56 4
56 2
55 5
65 1
65 -1
120 0
102 2
99 0
99 1
99 5
148 0
148 2
141 4
65 3
58 4
57 5
67 1
68 1
69 1
69 3
62 5
89 2
86 3
73 2
72 3
72 0
72 2
71 4
55 5
70 1
70 5
102 4
56 4
55 1
55 3
55 0
55 2
55 2
55 4
55 2
55 2
55 4
55 4
55 4
55 1
58 5
69 0
69 2
69 5
102 5
140 0
140 3
90 5
123 1
123 3
103 5
174 2
169 2
165 1
165 5
240 4
55 2
55 5
68 3
62 0
61 4
54 1
54 4
54 1
56 5
70 2
68 4
54 0
54 1
55 4
54 2
54 4
54 0
54 5
78 5
117 4
54 5
70 5
105 2
105 5
144 5
185 2
177 4
61 3
59 5
70 4
57 3
58 0
56 4
55 3
55 3
55 3
55 1
55 2
55 2
56 4
56 0
56 3
55 0
55 0
55 4
54 3
55 3
54 1
54 5
69 3
62 2
61 1
64 4
57 2
57 3
57 0
55 0
55 0
55 3
55 2
54 4
53 1
53 4
53 4
53 0
53 4
53 1
53 3
53 4
53 1
53 5
68 2
66 0
66 4
56 3
55 0
55 5
81 3
72 0
72 5
124 3
106 3
99 3
97 4
58 4
56 4
56 2
55 3
55 0
54 4
54 2
53 1
54 0
54 0
54 2
54 1
57 4
56 5
69 0
69 1
72 3
62 3
62 3
60 4
54 4
54 3
54 1
55 1
55 5
67 1
65 5
96 5
141 1
138 5
184 3
150 1
150 3
123 5
205 2
201 4
63 2
62 4
62 1
62 4
62 0
59 4
56 4
56 3
56 4
56 4
56 5
69 5
105 3
79 5
123 2
119 4
55 2
55 0
55 5
77 2
76 3
62 4
55 4
54 5
69 0
69 5
106 0
106 1
106 4
55 2
55 0
54 5
80 5
121 3
90 3
78 1
78 3
74 1
75 3
73 1
73 5
125 3
108 4
57 0
56 3
56 0
56 1
56 3
56 0
56 2
55 4
54 0
54 5
85 0
85 4
59 0
56 2
56 4
54 1
56 0
56 2
56 4
54 5
70 2
70 3
60 5
89 4
56 0
55 1
56 4
54 3
54 5
70 1
71 2
69 0
69 2
67 1
67 3
62 4
55 2
55 1
59 0
56 3
56 5
86 2
83 4
56 3
55 1
55 1
55 1
55 1
55 2
55 4
55 5
69 1
69 4
54 2
54 3
54 3
54 5
69 3
62 3
62 3
62 2
61 3
61 3
61 5
87 3
76 5
123 5
187 0
187 4
56 1
56 4
55 5
68 3
63 4
57 2
56 0
56 2
56 1
56 4
55 4
55 3
55 0
55 0
55 1
55 4
55 3
56 4
56 2
55 2
55 2
55 2
55 3
55 2
55 2
55 2
55 2
55 2
56 0
56 4
56 4
56 4
56 4
56 1
56 3
55 1
55 1
55 3
55 1
55 2
55 4
55 2
55 4
55 2
55 1
55 2
55 4
55 4
55 5
67 2
67 3
60 4
57 5
67 2
65 0
65 0
65 0
65 3
60 5
88 1
88 0
88 3
73 0
73 0
73 4
55 5
73 3
64 0
64 3
64 5
107 2
103 0
103 1
104 2
101 0
101 3
90 5
154 4
55 2
54 1
54 3
53 0
53 4
53 5
67 0
67 3
62 5
96 3
79 5
130 4
56 2
55 0
55 3
56 4
54 2
54 2
54 0
54 4
54 4
54 2
54 4
54 3
54 2
54 1
54 4
54 5
66 2
64 3
58 5
83 3
72 4
55 4
55 4
55 2
55 5
66 5
100 5
141 1
141 0
141 2
134 2
130 2
126 4
60 1
60 2
60 4
60 5
66 5
92 1
90 2
89 1
90 5
127 5
168 2
167 4
57 0
57 4
55 1
55 5
70 0
70 0
70 5
103 3
77 3
70 2
69 4
60 3
56 4
55 0
54 2
54 3
55 3
56 5
79 2
79 1
79 3
72 5
111 5
166 3
130 5
209 4
65 3
58 5
71 4
56 0
55 5
78 5
115 0
115 0
115 5
157 2
152 5
195 0
195 3
142 3
118 2
115 3
104 1
105 4
65 5
68 4
55 3
55 1
57 3
55 0
54 3
55 3
55 1
55 2
54 4
54 3
53 2
53 2
54 3
53 0
53 4
53 5
67 2
67 3
61 0
60 3
60 4
55 5
69 3
62 0
62 3
62 0
62 0
62 0
62 1
62 3
62 2
61 5
103 5
156 2
149 5
199 4
57 5
68 2
69 2
70 0
70 3
62 5
87 5
133 3
99 1
103 3
89 4
62 3
57 5
74 4
59 0
57 2
57 5
88 0
88 3
75 3
71 5
116 1
114 3
100 0
100 0
100 4
59 5
68 3
64 2
63 2
62 0
62 2
61 2
60 4
54 0
54 2
54 3
56 2
55 0
55 0
55 1
55 3
56 2
55 0
55 4
54 3
54 1
54 2
54 2
54 4
53 1
53 5
67 0
67 0
67 4
56 4
55 2
55 0
55 2
55 3
55 2
54 4
54 2
54 4
54 5
66 1
66 0
66 1
66 2
66 4
55 3
55 2
55 5
67 5
101 1
101 4
55 2
55 2
55 3
55 3
55 3
55 4
55 5
67 4
54 5
68 0
68 5
101 2
98 3
78 3
72 3
69 3
68 3
68 3
68 3
68 1
69 4
54 5
68 0
68 5
106 1
103 0
103 3
82 5
125 3
102 4
57 5
65 1
65 1
63 3
63 4
55 0
54 0
54 3
56 0
56 5
93 4
60 4
59 1
59 5
69 2
67 0
67 0
67 3
64 2
62 2
61 5
83 4
56 0
56 1
58 1
61 3
57 3
56 4
54 5
66 3
63 5
91 2
88 5
133 1
133 3
103 2
101 5
169 3
138 5
238 1
238 0
238 0
238 0
238 3
219 4
66 3
58 3
57 3
56 5
74 5
109 3
76 3
72 4
57 5
65 2
65 2
65 5
96 3
74 2
73 3
70 2
69 2
68 2
67 4
54 5
71 5
107 3
83 5
123 1
123 5
185 4
61 4
59 3
57 0
56 1
56 2
56 4
56 5
69 0
69 1
70 5
97 2
94 1
94 4
56 5
70 0
70 5
104 5
147 2
143 5
188 3
134 5
174 5
236 0
236 3
206 4
60 0
60 2
60 3
59 2
58 2
57 3
59 2
58 5
81 4
55 2
55 1
55 1
55 3
56 1
56 3
55 0
55 4
55 5
68 1
69 4
55 4
55 1
55 5
68 4
55 0
55 3
57 5
82 0
82 5
121 3
96 3
88 2
87 2
86 2
84 0
83 5
144 3
122 4
59 4
58 5
68 4
56 2
56 2
56 1
56 0
56 5
80 2
79 3
66 3
65 3
65 3
65 0
65 5
111 1
111 4
56 2
55 3
55 4
55 3
55 0
55 2
55 2
55 5
80 3
64 3
62 4
56 4
56 5
69 5
109 3
80 2
78 0
78 2
76 3
75 4
57 3
55 4
55 5
69 2
69 3
62 2
61 3
60 4
55 0
55 3
56 4
54 0
54 5
86 2
83 3
71 1
71 5
112 3
95 4
58 5
68 0
68 5
108 2
105 2
102 2
100 5
142 5
185 5
226 0
226 2
217 3
170 0
170 3
144 5
220 4
64 0
59 2
58 0
58 3
60 0
60 1
60 4
53 3
54 3
53 2
53 5
67 2
67 5
100 3
75 3
74 3
70 5
113 0
113 4
55 4
54 1
54 5
68 0
68 3
61 4
54 3
54 4
54 2
54 5
68 1
69 5
100 5
142 3
101 3
89 0
88 3
85 3
83 0
83 2
81 1
81 2
80 4
55 1
57 4
55 3
53 5
69 1
68 0
68 4
54 5
65 1
66 2
65 2
65 2
63 2
64 0
64 0
64 3
58 0
58 3
59 0
59 1
60 4
55 4
55 3
55 1
55 3
55 3
54 5
66 3
61 5
91 5
134 1
134 0
134 4
56 5
68 0
68 2
66 5
97 5
141 2
137 0
137 4
54 4
54 5
70 5
102 3
79 0
79 2
78 5
129 2
126 3
106 2
104 3
100 1
100 5
173 3
156 5
257 2
252 2
248 2
244 5
351 5
463 0
463 2
457 1
457 2
448 5
557 1
557 2
551 5
657 4
67 5
67 3
64 5
91 4
58 0
56 3
58 3
56 2
56 4
54 5
67 2
65 3
61 5
82 3
74 0
74 4
58 0
58 5
96 0
96 2
95 3
78 2
77 3
75 2
74 2
72 3
71 4
57 2
56 0
56 3
57 3
57 1
57 3
58 0
58 5
92 3
75 0
75 0
75 2
74 3
71 5
125 3
107 1
107 2
105 2
103 4
60 2
59 5
75 2
72 5
110 4
58 1
58 0
54 4
54 4
54 5
64 3
61 0
60 5
95 2
92 5
142 4
56 0
55 5
85 0
85 2
82 2
80 3
68 4
55 3
55 2
55 5
68 4
55 5
69 3
61 0
60 4
55 3
55 3
56 5
72 3
67 2
66 4
56 3
55 2
55 4
54 2
54 2
54 2
54 3
54 1
54 5
68 3
62 4
56 0
56 4
55 5
66 2
64 3
60 1
60 0
59 4
55 4
55 5
71 1
71 0
71 3
63 0
63 3
63 5
104 1
103 5
159 3
129 4
58 4
57 3
57 5
65 5
98 1
95 5
137 0
137 1
137 3
99 0
99 2
98 2
97 5
160 0
160 3
136 3
129 0
129 4
55 2
55 0
54 0
54 5
80 3
67 0
67 2
66 0
66 5
115 1
115 3
94 0
94 2
93 0
93 0
93 2
91 3
90 3
90 3
90 2
89 4
57 3
56 3
56 5
75 0
75 3
66 3
66 3
67 1
67 3
66 3
66 3
66 0
66 5
118 0
118 1
118 2
115 3
99 3
92 2
90 2
88 1
88 0
88 4
59 4
58 4
58 1
58 1
58 2
57 3
58 3
57 4
54 4
54 0
54 1
54 3
54 3
54 1
54 5
82 4
54 0
54 1
54 4
54 4
54 1
54 2
54 3
55 0
55 4
54 4
54 3
55 3
54 2
54 5
69 3
61 4
54 5
69 1
69 2
67 0
67 5
99 1
99 3
77 3
71 3
70 4
56 0
55 3
56 3
56 3
55 3
56 2
55 1
55 1
55 1
55 2
55 2
55 0
55 3
55 4
55 1
55 3
54 2
54 0
54 4
54 1
54 3
54 4
54 3
53 3
54 2
54 0
54 2
53 0
53 3
54 4
53 2
53 2
53 3
54 5
68 5
105 4
56 0
55 5
84 3
72 2
71 4
55 3
53 2
53 4
53 0
53 3
54 2
54 0
54 3
54 0
54 5
82 3
69 3
68 0
68 3
68 0
68 0
68 3
68 3
68 3
68 2
67 0
67 2
66 2
65 1
65 4
55 4
55 0
55 5
85 4
55 5
70 2
68 1
68 3
63 1
63 5
91 1
91 2
88 0
88 1
88 2
85 0
85 5
130 4
55 3
54 0
54 0
54 2
54 4
54 0
54 4
54 4
54 3
54 4
54 5
69 1
69 0
69 4
54 3
55 4
55 3
54 0
54 2
54 5
80 1
79 4
54 2
54 2
54 0
54 4
54 0
54 3
54 3
54 3
54 2
53 5
75 4
53 1
53 0
53 2
53 4
53 3
54 2
53 5
68 5
101 4
54 2
54 3
54 3
54 0
54 1
54 4
54 3
54 0
54 4
54 5
69 1
69 4
54 4
54 2
54 0
54 0
54 2
54 5
75 5
112 3
84 5
127 4
58 4
58 2
55 3
55 3
56 0
56 4
55 4
55 1
55 3
55 4
55 2
55 3
55 5
68 2
66 0
66 3
61 3
61 3
61 1
61 1
61 0
61 2
61 2
61 1
61 5
94 0
94 5
138 4
55 4
55 1
55 0
55 5
77 2
76 3
65 3
63 3
62 2
61 4
55 0
55 1
55 4
54 2
54 4
54 1
54 5
69 1
69 2
69 5
101 2
98 4
56 5
71 4
56 4
56 0
55 3
55 2
54 4
54 0
54 3
55 3
54 5
74 1
74 1
74 5
113 3
94 1
94 4
60 4
60 4
60 4
60 2
59 0
56 3
55 2
55 0
55 2
54 2
54 4
53 5
68 5
101 0
101 2
98 2
95 1
95 3
72 0
71 1
71 1
71 3
66 4
55 2
54 5
66 4
54 4
54 5
65 2
65 3
60 1
60 3
60 3
60 0
59 4
53 3
54 3
54 3
54 1
54 4
54 4
54 0
54 2
54 0
54 5
82 0
82 4
54 3
54 3
55 5
68 4
54 2
54 4
54 3
54 3
54 2
54 2
54 1
54 4
54 4
54 0
54 4
54 0
54 2
54 4
54 0
54 3
55 3
54 3
54 3
55 1
55 3
54 3
55 4
54 0
54 3
54 5
81 2
81 2
78 4
54 1
54 5
72 3
62 5
85 4
55 4
54 3
54 2
54 4
54 4
54 3
54 2
54 5
68 3
60 3
59 1
59 0
59 4
55 3
55 3
54 1
57 1
57 4
56 0
55 3
57 4
54 4
54 1
54 0
54 0
54 4
54 0
54 1
54 5
83 3
71 0
71 4
57 3
55 3
54 4
53 3
53 3
53 2
53 5
68 4
54 2
54 2
54 4
54 5
67 3
61 4
56 0
55 0
55 2
54 4
54 3
54 5
66 4
54 2
54 0
54 4
54 2
54 4
54 3
54 4
54 5
66 0
66 4
54 3
55 0
55 4
54 4
54 5
65 4
54 1
54 3
54 0
54 1
54 3
55 2
54 1
54 2
54 5
80 1
79 2
77 4
54 0
54 2
54 0
54 3
55 4
54 1
54 4
54 2
54 5
69 0
69 4
54 4
54 4
54 2
54 5
70 5
101 0
101 1
101 4
54 4
54 4
54 1
54 5
70 5
101 0
101 2
98 4
56 2
56 2
56 0
55 5
76 0
76 0
76 4
55 4
55 3
55 3
55 0
55 5
81 5
118 4
55 4
55 2
55 1
55 3
54 3
54 3
54 2
54 3
54 2
54 5
66 4
54 0
54 1
54 2
54 5
80 1
80 2
78 2
77 3
65 4
55 5
70 2
68 4
55 1
55 4
55 4
55 3
54 1
54 0
54 5
80 1
79 0
79 4
54 1
54 2
54 4
54 1
54 4
54 0
54 5
79 2
76 0
76 2
76 0
76 1
76 3
64 4
54 1
54 2
54 0
54 3
55 0
55 0
55 2
55 4
54 4
53 3
53 2
53 4
53 2
53 2
53 0
53 2
53 2
53 4
53 2
53 4
53 0
53 5
80 3
69 0
69 5
117 0
117 2
112 4
56 2
55 5
68 3
62 1
62 2
61 4
57 1
57 0
57 2
57 4
56 1
56 2
56 5
68 2
68 4
55 1
55 1
55 0
55 2
55 1
55 4
55 4
55 3
55 0
55 5
80 0
80 4
54 5
70 2
68 1
65 0
65 4
54 2
54 4
54 0
54 2
54 4
54 0
54 1
54 2
54 5
76 4
55 3
55 3
55 3
55 1
55 4
55 4
55 0
55 4
55 3
55 3
55 2
55 2
55 3
55 1
55 3
55 0
55 5
80 1
80 4
54 4
54 4
54 2
54 5
69 4
54 5
69 2
67 4
54 2
54 4
54 3
54 2
54 4
54 0
54 3
56 4
53 3
53 4
53 5
68 4
54 0
54 3
54 0
54 1
54 5
82 0
82 3
71 4
56 0
56 3
56 2
56 5
86 5
122 4
55 1
55 2
55 4
55 0
55 3
56 3
56 0
56 5
85 4
54 5
70 4
54 5
70 0
70 0
70 2
70 3
64 2
63 4
57 4
57 5
68 5
104 3
83 0
83 2
82 2
81 5
137 5
199 3
160 0
160 1
160 4
64 2
62 4
61 4
61 1
61 5
71 1
71 3
64 2
63 1
63 3
62 2
61 3
61 2
60 2
60 0
60 5
104 2
102 1
99 4
57 5
68 3
62 5
92 2
90 2
87 3
76 0
76 2
73 4
56 3
56 3
56 4
54 5
69 3
62 3
61 3
61 2
60 1
60 4
54 1
54 3
55 4
55 2
54 2
54 1
54 5
70 3
61 0
61 5
103 4
60 0
59 5
90 1
90 3
75 5
117 2
112 2
108 1
108 4
57 1
57 5
68 2
68 4
56 5
68 3
61 4
56 1
56 3
55 2
55 2
55 4
55 1
55 0
54 5
80 2
79 2
76 3
63 0
63 2
63 3
62 5
108 3
92 0
92 5
156 4
59 2
57 3
56 4
55 4
55 2
55 3
55 5
67 4
56 1
56 2
55 3
55 1
55 3
55 2
55 0
55 4
55 4
55 4
55 5
68 3
61 2
60 4
57 5
66 2
64 4
55 4
55 4
55 3
55 0
54 2
54 5
80 3
66 0
66 2
65 4
54 3
53 5
69 3
59 3
59 2
58 0
58 4
54 4
54 2
53 0
53 2
53 5
83 3
70 4
55 3
54 1
54 0
54 2
54 4
54 2
54 4
54 3
54 5
69 1
69 2
69 4
54 4
54 4
54 4
54 4
54 4
54 0
54 5
81 5
120 2
113 1
110 3
84 5
131 5
194 1
194 2
189 4
58 3
55 1
55 0
55 2
55 5
80 3
66 4
56 3
55 5
71 0
71 2
69 1
69 2
67 0
67 1
67 2
67 3
63 2
62 4
59 0
59 2
58 5
89 1
88 0
88 3
74 5
121 2
117 0
117 3
99 3
95 0
95 1
95 4
56 2
55 3
55 3
55 4
54 5
71 3
64 0
64 5
105 5
161 2
157 5
208 3
175 3
151 3
138 3
135 2
133 1
133 4
61 0
58 1
58 2
57 5
88 5
132 4
59 2
58 3
56 1
56 3
55 3
55 2
55 4
55 5
69 2
67 2
65 0
65 0
65 -1
