2 500
30 5
29 5
24 4
18 0
18 2
16 5
19 1
20 0
21 1
23 2
20 0
20 3
16 4
11 4
11 5
9 3
9 0
10 4
7 1
10 0
8 1
12 5
13 3
11 4
7 4
7 2
14 5
14 5
14 2
14 5
14 4
14 2
14 4
14 4
14 0
14 0
14 5
14 3
12 3
11 0
9 5
9 2
9 2
14 1
13 0
15 5
16 1
16 5
18 2
16 5
17 5
18 1
18 3
15 4
11 1
13 0
12 0
12 5
14 0
15 1
16 2
14 2
13 0
19 3
13 5
15 1
15 5
20 1
20 5
30 5
40 2
33 5
37 5
42 1
42 4
7 0
9 3
12 4
10 5
7 5
10 2
14 5
14 5
14 2
14 2
14 4
14 1
15 5
16 2
14 5
14 5
14 3
10 4
10 5
7 1
10 1
12 3
7 1
7 5
12 0
12 1
12 3
11 4
9 0
7 0
9 3
14 4
12 1
15 0
12 2
9 5
9 1
8 0
10 0
11 5
19 2
17 5
22 5
24 3
12 4
7 5
12 0
13 1
12 2
11 0
13 0
13 4
7 5
12 4
7 3
13 0
13 2
10 1
10 5
11 4
7 1
7 2
14 1
13 5
16 2
14 3
19 4
19 5
15 5
15 3
13 5
15 4
7 3
12 0
11 1
11 2
10 2
7 1
7 1
10 0
10 4
9 4
9 0
10 5
13 0
15 0
17 1
16 2
15 5
16 5
17 5
18 2
14 0
14 2
14 2
14 4
14 5
14 5
14 5
14 3
15 3
10 2
10 2
14 3
15 5
10 5
10 0
11 5
18 5
25 2
19 2
14 2
14 1
13 4
13 3
17 2
12 2
12 5
13 4
11 5
10 0
10 1
10 2
10 5
13 2
14 2
14 1
13 3
17 5
12 2
14 2
14 3
19 1
18 5
12 5
11 0
11 2
11 1
11 5
19 5
27 2
22 3
15 5
25 5
36 0
38 1
38 1
38 5
50 2
40 1
40 2
34 0
34 0
34 2
29 0
30 4
12 5
13 5
18 1
18 4
11 4
11 5
10 0
9 4
7 2
7 3
12 3
7 1
7 5
10 1
10 2
10 0
10 3
12 2
10 5
12 4
7 0
7 0
7 1
7 1
10 3
10 3
10 2
7 3
12 0
11 5
13 2
11 2
9 4
7 5
10 5
17 3
10 2
9 2
8 3
8 1
8 2
8 1
8 5
13 2
13 3
9 3
9 0
9 3
9 3
9 4
7 1
7 1
7 4
7 4
7 4
7 4
7 4
7 3
12 2
10 1
10 0
10 4
9 2
9 2
9 4
9 0
9 2
9 4
9 3
11 0
11 2
11 2
11 3
11 4
9 2
9 3
11 2
9 5
9 1
9 3
10 5
12 2
12 1
10 4
7 4
7 3
12 2
10 4
9 0
9 3
11 2
9 4
9 4
9 5
9 0
9 3
11 4
9 4
9 3
12 0
12 3
10 5
11 1
11 5
17 3
13 2
12 4
7 0
7 5
10 0
10 3
11 2
8 2
7 0
7 0
7 1
7 0
7 5
10 0
10 2
10 5
17 3
10 2
9 3
9 4
7 3
12 5
11 0
11 4
7 4
7 3
12 5
11 0
11 4
7 3
12 5
11 3
11 0
11 0
11 5
18 2
16 4
7 5
10 0
10 2
10 3
11 4
9 4
9 2
9 0
7 2
7 5
10 2
10 1
10 0
10 4
7 0
7 0
7 0
7 0
7 0
7 0
7 0
7 3
12 4
10 0
9 3
11 5
9 3
12 5
15 3
14 3
14 5
24 3
22 1
22 1
22 5
37 5
55 3
49 0
49 2
45 3
44 1
44 2
40 3
40 3
39 2
36 2
34 1
34 3
34 0
34 3
34 4
7 1
7 0
7 0
7 1
7 4
7 2
7 2
7 0
7 1
7 0
7 0
7 3
12 2
10 0
10 2
10 5
13 5
18 5
25 3
23 2
22 5
34 4
15 2
14 4
14 1
13 4
13 3
17 5
10 0
10 2
10 3
10 4
9 2
9 0
7 1
7 1
7 1
7 4
7 3
12 4
10 5
7 3
12 0
11 2
10 2
7 0
7 5
10 5
17 1
14 3
10 1
10 2
9 4
7 2
7 0
7 3
12 4
10 3
10 5
7 3
12 0
12 2
10 5
11 1
11 4
7 4
7 3
12 4
10 5
7 2
7 3
12 4
10 4
10 2
10 4
10 4
10 -1
30 2
28 2
27 5
24 5
19 1
21 2
17 4
11 3
11 3
9 5
9 5
15 3
9 4
7 0
9 1
8 0
10 2
9 0
10 2
14 1
13 5
16 3
17 3
12 5
10 2
11 5
16 4
7 2
14 1
13 4
13 1
13 5
15 0
15 5
20 0
21 1
21 0
21 0
23 4
11 5
10 2
14 5
14 4
14 5
14 4
14 1
14 4
14 5
14 5
14 1
13 2
14 3
18 1
21 5
17 0
14 5
15 0
16 1
16 5
21 1
23 5
30 3
24 0
26 2
23 3
21 4
10 5
7 3
12 5
11 4
7 3
12 4
10 5
7 1
10 4
9 5
9 5
15 4
7 2
14 1
13 3
15 1
15 0
11 1
14 3
11 5
8 5
13 2
10 0
10 2
14 5
14 4
14 5
14 1
13 2
14 2
14 1
13 2
14 1
15 0
15 3
18 3
14 2
15 5
16 5
17 1
18 3
12 3
12 0
12 3
11 0
11 3
11 4
10 5
11 5
15 4
7 1
10 0
11 0
10 3
11 4
9 3
11 2
10 1
10 5
7 2
7 4
7 1
10 5
11 0
12 1
12 3
10 3
10 4
7 3
12 1
12 4
10 1
10 5
7 3
12 1
17 3
7 1
10 2
9 1
11 5
9 5
13 4
7 5
10 1
10 3
9 2
8 5
12 3
10 5
17 3
16 4
7 5
10 4
7 5
10 5
17 0
17 5
22 3
13 4
9 5
9 2
9 5
15 5
21 1
18 3
12 4
9 5
9 0
10 2
10 3
9 0
9 1
9 2
8 0
10 5
15 5
22 5
28 5
29 3
26 5
35 2
32 0
32 2
29 1
28 5
37 3
33 0
34 4
7 3
12 5
11 0
11 4
7 0
7 2
7 5
12 3
14 1
14 5
15 4
9 5
9 3
13 4
11 0
11 4
11 4
11 5
10 4
9 5
9 0
9 3
10 5
12 0
13 1
13 2
10 2
10 5
17 3
10 0
10 1
10 0
10 1
10 0
11 4
7 5
12 2
12 1
10 2
9 5
13 3
9 5
15 4
7 2
7 0
7 4
7 4
7 3
12 5
11 4
7 2
7 1
7 3
13 3
7 1
7 2
7 4
7 4
7 2
7 2
7 3
12 3
7 5
12 5
17 1
14 4
7 1
7 0
7 2
7 4
7 0
7 5
12 4
7 0
7 2
7 3
13 5
13 5
19 2
16 5
24 3
13 5
21 1
21 0
22 5
33 1
30 0
30 2
25 2
20 3
18 1
18 1
18 0
18 0
18 5
32 3
28 5
45 1
45 2
40 2
36 4
7 0
7 3
12 2
10 5
11 4
7 4
7 0
7 0
7 3
12 5
11 0
11 5
18 0
18 2
15 3
11 5
20 2
18 3
15 1
15 3
14 1
14 4
7 2
7 0
7 3
13 0
13 5
13 5
21 4
9 5
9 3
13 4
11 1
11 1
11 5
10 4
9 1
9 3
11 3
9 0
9 1
9 4
9 4
9 4
9 4
9 2
9 4
9 3
11 3
9 2
9 4
9 3
11 2
9 0
9 5
9 1
8 2
7 3
12 0
11 3
8 2
7 1
7 0
7 4
7 2
7 4
7 2
7 1
7 4
7 0
7 5
10 5
17 5
22 3
13 4
9 2
9 1
9 1
9 3
11 4
10 1
10 3
10 3
10 2
10 0
9 3
11 4
10 4
10 4
10 5
7 0
7 4
7 2
7 1
7 4
7 1
7 5
10 0
10 5
17 5
22 4
7 0
7 4
7 3
12 5
11 2
9 5
13 5
21 3
16 4
7 2
7 1
7 2
7 1
7 2
7 4
7 3
12 3
7 5
10 4
7 3
12 4
10 0
9 1
9 0
7 4
7 3
12 3
7 1
7 5
10 3
12 4
10 0
9 0
7 0
7 5
10 4
7 4
7 5
10 0
10 3
11 5
12 4
7 4
7 3
12 5
11 5
16 0
16 2
13 2
10 4
7 3
12 4
10 5
7 5
10 1
10 3
9 2
8 5
12 0
12 5
20 2
17 2
14 4
14 1
13 1
13 4
13 1
13 5
16 5
17 0
17 2
14 0
14 2
14 0
14 4
14 0
14 2
14 0
14 5
14 3
17 4
17 5
13 5
16 2
16 5
23 2
18 5
19 2
14 1
13 2
13 3
16 2
12 3
10 4
10 5
7 1
7 3
12 5
11 4
7 3
12 5
11 2
9 5
13 2
10 -1
