5 2000
4 4
4 4
4 3
2 0
2 1
3 2
3 3
3 5
7 2
7 1
6 0
7 1
7 5
15 1
15 3
10 4
2 2
4 5
8 1
8 4
3 1
3 1
3 5
6 1
7 2
6 3
3 3
3 5
9 0
11 1
10 0
11 4
2 5
5 0
7 3
4 2
3 4
2 5
5 3
4 4
2 4
2 0
3 5
8 3
5 3
5 3
5 1
5 5
12 4
2 1
3 1
4 0
4 5
7 4
2 2
2 0
4 2
6 5
6 0
6 1
2 4
2 1
2 5
5 3
5 4
2 3
3 2
3 5
6 1
5 1
5 2
4 1
4 5
9 1
10 1
10 1
10 0
10 5
19 1
19 3
14 0
15 0
16 5
30 0
31 3
30 0
31 1
31 5
49 4
2 4
2 3
2 1
3 5
5 2
6 4
2 2
2 4
2 5
6 0
9 1
5 3
4 1
5 5
11 4
2 2
2 3
2 3
2 5
5 1
4 4
2 4
2 4
2 5
5 3
3 0
5 4
2 1
2 5
5 4
2 4
2 3
3 1
3 5
5 4
2 1
3 2
2 3
4 5
5 2
3 0
5 3
4 1
5 5
12 0
13 2
10 0
13 2
10 5
16 1
16 4
2 1
3 2
2 5
6 4
2 1
2 1
2 2
2 5
6 3
3 3
3 3
3 2
3 5
8 4
2 4
2 4
2 0
3 5
8 3
5 2
4 3
4 2
4 5
10 4
2 1
3 1
4 0
4 5
7 0
10 0
14 2
12 2
10 5
12 1
10 1
10 3
6 0
8 5
18 3
15 0
15 4
2 2
4 5
8 0
9 1
9 2
8 0
9 5
10 3
5 4
2 1
2 1
3 5
5 2
3 3
4 4
3 4
3 5
5 1
6 2
4 3
4 1
5 5
9 1
9 3
8 4
2 0
3 5
8 3
4 1
5 1
5 0
6 5
15 4
2 0
3 4
2 1
2 5
5 2
8 3
3 2
4 4
2 5
5 0
6 2
6 0
9 3
6 5
14 2
11 1
11 4
2 4
2 5
5 3
4 4
3 2
3 0
3 5
8 0
10 1
10 4
2 3
2 5
5 2
6 0
9 0
10 0
11 5
11 1
11 4
2 2
4 1
2 5
5 4
2 1
3 3
2 0
3 5
8 0
11 0
12 2
9 0
10 5
11 1
11 3
6 0
7 3
6 5
16 4
2 1
2 1
3 2
2 5
5 2
6 1
4 3
3 1
4 5
9 4
2 4
2 3
2 0
2 5
7 3
4 0
5 4
2 2
4 5
8 3
3 3
4 4
3 3
2 5
5 2
6 0
9 4
2 4
2 5
6 4
2 3
2 1
3 4
3 5
5 1
6 2
5 3
3 0
5 5
12 4
2 2
2 0
4 4
2 5
6 4
2 3
2 3
2 3
2 5
5 2
8 3
3 1
4 1
4 5
9 3
8 3
8 3
8 1
8 5
18 1
18 4
2 1
2 4
2 5
5 0
8 4
2 3
3 0
3 5
7 2
5 4
2 0
3 0
3 5
8 2
6 4
2 1
2 2
2 5
6 2
6 0
6 4
6 4
6 5
6 0
6 1
2 0
2 3
2 5
5 3
3 3
3 3
3 0
5 5
12 3
8 3
8 3
8 4
2 5
5 4
2 4
2 1
2 1
2 5
5 2
3 4
2 2
6 2
6 5
6 1
4 3
3 3
4 2
3 5
5 4
2 4
2 0
2 3
3 5
7 2
6 4
2 3
3 3
2 5
5 1
5 4
2 4
2 3
2 5
5 1
5 1
5 3
4 3
4 5
11 0
11 4
3 0
3 4
2 5
5 2
4 2
6 4
6 3
2 5
5 3
4 3
4 2
3 2
2 5
7 4
2 1
3 0
4 3
3 5
7 4
2 3
3 2
2 1
3 5
5 4
2 2
2 2
6 3
2 5
5 4
2 2
6 0
6 3
2 5
5 1
5 0
6 2
5 2
6 5
10 2
6 2
6 0
6 0
6 5
6 4
6 2
6 3
3 2
3 5
6 4
2 4
2 0
2 3
2 5
7 2
6 3
3 0
3 2
3 5
9 3
6 3
6 3
6 1
7 5
15 3
13 2
11 4
2 3
2 5
5 2
6 3
4 3
3 2
2 5
7 4
2 2
2 2
2 4
2 5
6 2
6 3
2 4
2 3
3 5
5 0
6 0
9 0
10 1
10 5
18 2
15 1
13 4
2 2
4 5
6 4
2 1
3 0
3 0
5 5
11 3
6 1
6 4
2 2
2 5
6 4
2 3
2 4
2 3
3 5
5 3
5 1
5 3
5 4
2 5
5 2
6 2
6 2
6 1
4 5
8 1
4 1
4 1
4 2
3 5
7 3
6 2
5 2
4 4
2 5
5 4
2 4
2 3
2 1
2 5
5 0
5 1
5 1
5 3
4 5
10 2
8 1
8 2
5 0
5 5
12 2
10 1
9 4
2 1
2 5
5 2
3 1
3 3
3 4
2 5
5 2
3 2
3 4
2 4
2 5
6 0
8 3
3 0
5 4
2 5
5 4
2 2
2 1
2 2
2 5
6 2
6 4
6 0
6 1
2 5
6 0
9 3
5 3
4 2
3 5
8 0
11 4
2 2
2 2
2 5
5 1
5 2
5 3
3 4
2 5
5 4
2 4
2 2
2 4
2 5
6 1
6 4
2 1
2 1
2 5
5 2
5 1
5 2
3 4
2 5
6 0
8 3
3 4
2 1
2 5
5 4
2 2
2 3
3 4
3 5
5 3
5 0
5 2
4 2
3 5
8 2
6 3
5 0
6 1
7 5
15 2
12 3
9 4
2 1
2 5
5 0
5 0
6 1
6 4
2 5
6 4
2 1
3 2
4 1
4 5
8 3
4 2
4 1
4 3
4 5
9 4
2 1
2 4
2 2
2 5
6 1
5 0
5 3
3 4
2 5
5 4
2 1
2 3
2 2
2 5
6 0
6 4
2 4
2 1
2 5
5 3
5 2
4 4
3 3
2 5
5 0
5 2
5 2
6 2
6 5
6 4
6 0
6 4
6 2
6 5
6 1
2 4
2 1
2 4
2 5
5 3
5 3
5 4
3 0
3 5
7 2
5 3
4 2
3 1
3 5
8 2
6 2
3 1
3 2
3 5
8 2
6 2
6 1
2 4
2 5
6 1
4 3
3 0
5 4
3 5
5 3
5 4
2 1
2 2
2 5
5 3
3 2
3 3
3 2
3 5
8 3
5 0
5 0
5 1
6 5
13 4
3 3
2 1
3 1
4 5
5 0
5 3
5 1
6 3
5 5
13 3
12 1
12 3
11 2
10 5
24 1
24 4
2 0
3 3
5 5
7 1
8 2
6 3
5 3
5 5
13 0
13 3
12 4
2 1
3 5
5 0
5 2
3 3
3 1
3 5
8 3
7 2
6 2
5 3
5 5
13 4
2 2
2 2
2 0
4 5
9 1
5 4
2 1
3 3
2 5
5 4
2 2
2 1
2 2
2 5
6 4
2 2
2 1
2 2
4 5
6 0
6 4
4 1
5 1
5 5
7 4
4 1
4 2
6 4
6 5
6 3
2 3
2 1
2 1
2 5
5 4
2 0
2 2
2 4
2 5
6 3
4 1
4 3
3 0
3 5
10 3
8 3
7 3
7 3
7 5
17 2
15 2
12 0
12 1
12 5
22 3
19 4
2 4
2 0
2 5
5 2
5 2
5 0
6 2
3 5
8 2
6 0
6 1
4 1
4 5
8 4
2 2
2 1
2 3
3 5
5 1
6 2
4 1
5 3
3 5
8 4
2 4
2 4
2 3
2 5
5 4
2 3
2 0
3 4
2 5
5 2
3 2
3 2
3 3
3 5
7 3
6 3
7 2
6 0
7 5
13 2
10 3
9 3
9 4
2 5
5 1
4 3
3 0
3 3
3 5
9 1
9 1
9 3
8 0
8 5
19 0
20 3
17 1
17 4
2 5
5 0
5 0
5 1
5 2
4 5
10 2
8 4
2 4
2 4
2 5
6 3
3 2
3 4
2 0
2 5
5 4
2 3
4 2
3 0
4 5
8 2
6 0
6 4
2 3
3 5
5 2
6 4
2 0
2 4
2 5
5 2
5 0
5 3
3 3
3 5
9 0
9 3
8 2
7 3
6 5
15 2
12 2
9 4
2 2
2 5
6 3
4 0
4 2
4 2
3 5
9 3
6 3
5 2
4 3
4 5
11 2
8 2
5 3
4 2
3 5
8 2
6 3
7 1
7 2
6 5
14 1
14 3
10 4
2 1
2 5
5 0
6 2
6 4
2 2
2 5
6 4
2 0
2 1
2 0
4 5
9 0
9 3
4 3
5 3
4 5
10 0
11 2
8 0
8 0
9 5
16 2
12 2
8 2
6 3
2 5
5 2
3 4
2 3
2 4
2 5
5 3
4 2
3 1
4 2
3 5
7 3
5 0
5 0
5 2
4 5
12 1
12 2
10 1
9 2
7 5
13 3
11 0
11 4
2 2
2 5
5 2
4 2
4 2
4 3
3 5
7 2
5 1
4 3
4 2
3 5
8 1
8 3
6 1
6 0
8 5
18 2
15 0
16 3
13 3
12 5
27 4
2 2
2 2
2 3
2 5
5 4
2 4
2 0
2 1
2 5
5 1
5 2
4 3
4 0
4 5
10 1
10 4
2 3
3 2
2 5
5 1
5 2
5 3
4 2
3 5
8 2
6 0
6 1
6 3
6 5
14 4
2 4
2 3
2 2
2 5
5 2
5 3
4 2
3 3
4 5
8 2
6 3
5 4
2 3
3 5
5 0
5 0
5 2
5 0
5 5
12 2
9 3
6 4
2 0
2 5
7 2
6 4
2 2
2 4
2 5
6 4
2 1
2 3
3 1
3 5
5 0
5 4
2 2
4 1
3 5
6 1
5 2
4 3
4 2
3 5
6 2
6 3
6 0
6 0
6 5
14 3
10 0
10 1
10 2
8 5
20 1
20 1
20 1
19 0
19 5
32 4
2 0
2 2
2 2
2 5
5 0
5 4
2 2
2 1
2 5
5 3
5 2
4 3
3 4
2 5
5 1
5 3
5 2
4 2
3 5
9 3
6 3
6 2
5 2
4 5
12 0
12 2
10 4
2 0
2 5
7 2
6 1
5 2
5 3
3 5
9 4
3 3
2 4
2 4
2 5
5 1
4 3
4 3
4 4
2 5
5 0
5 2
5 0
5 4
2 5
5 3
4 1
4 4
2 0
2 5
7 2
6 2
6 2
6 4
6 5
6 2
6 0
6 0
6 4
6 5
6 2
6 4
6 0
6 3
2 5
5 2
3 2
3 4
2 0
2 5
6 0
6 2
6 0
6 3
2 5
5 1
5 3
4 4
2 2
2 5
5 1
5 3
4 1
4 1
4 5
10 3
9 2
8 3
7 0
7 5
17 3
16 2
14 3
13 4
2 5
5 2
5 4
2 1
2 4
2 5
5 2
3 3
4 4
3 1
3 5
5 4
2 4
2 0
2 3
2 5
6 0
6 0
6 2
3 3
3 5
7 4
2 3
2 4
2 2
2 5
6 0
6 2
6 2
6 3
2 5
5 0
5 4
2 4
2 1
2 5
5 0
5 3
4 3
4 3
4 5
10 2
7 3
5 0
5 2
4 5
12 0
12 3
10 3
9 1
9 5
22 3
20 4
2 4
2 4
2 5
5 3
4 2
4 1
4 3
4 5
11 1
10 3
8 2
7 1
7 5
17 4
2 4
2 0
2 2
2 5
6 3
3 2
2 3
3 3
3 5
6 4
2 1
2 4
2 2
2 5
6 2
6 4
6 0
6 4
6 5
6 4
6 3
2 3
2 0
2 5
7 3
4 1
4 2
3 2
3 5
9 2
6 2
6 2
6 0
6 5
6 3
2 2
2 2
2 4
2 5
6 2
6 3
2 4
2 0
2 5
5 4
2 4
2 2
2 1
2 5
5 4
2 2
2 0
2 3
2 5
5 3
4 4
3 2
3 2
3 5
6 3
4 1
4 2
4 3
4 5
9 0
9 1
9 3
7 0
7 5
18 2
16 3
14 4
2 3
2 5
5 1
4 1
4 3
4 2
3 5
8 2
6 3
7 3
5 2
4 5
10 3
9 2
8 4
2 0
2 5
5 2
3 4
2 2
2 0
2 5
6 3
3 4
2 0
2 2
2 5
6 1
5 0
5 2
4 0
4 5
9 2
6 0
6 2
6 4
6 5
6 4
6 2
6 3
2 3
2 5
5 0
5 4
2 3
2 3
2 5
5 3
4 3
4 3
4 2
4 5
11 4
3 3
4 3
3 3
2 5
5 3
4 4
2 2
2 3
3 5
5 2
5 3
5 1
5 0
5 5
12 2
10 4
2 1
2 0
2 5
5 0
5 1
5 3
4 4
3 5
5 3
4 2
4 1
4 2
4 5
10 4
2 2
2 1
2 1
2 5
5 2
5 4
2 4
2 3
3 5
5 4
2 3
2 4
2 1
2 5
5 2
5 4
2 0
2 3
2 5
5 2
3 2
3 3
4 3
3 5
7 4
2 1
2 2
2 0
2 5
6 3
3 4
2 2
2 3
3 5
5 3
4 2
4 3
4 0
4 5
10 3
8 2
7 4
3 2
3 5
6 2
4 3
3 4
2 4
2 5
5 3
4 1
4 0
4 4
2 5
5 3
3 3
3 3
3 2
3 5
9 3
5 4
2 3
2 2
2 5
6 0
6 1
4 4
2 2
2 5
6 3
3 3
3 4
2 1
2 5
5 3
4 4
2 3
2 3
2 5
5 2
5 3
4 2
3 4
2 5
5 1
5 3
4 4
2 2
2 5
6 3
3 4
2 4
2 1
2 5
5 3
4 1
4 2
3 1
3 5
8 0
8 2
5 3
4 0
4 5
11 3
8 2
7 2
6 3
6 5
15 3
14 3
13 4
3 2
2 5
5 3
3 4
2 0
2 0
2 5
5 0
5 3
3 3
3 3
3 5
10 3
8 1
8 0
8 3
7 5
17 3
16 2
14 2
12 4
2 5
5 3
4 3
4 2
3 3
3 5
9 2
7 0
7 3
4 2
3 5
10 1
9 3
8 3
7 0
7 5
18 0
18 0
18 0
18 3
15 5
30 4
2 2
2 2
2 3
2 5
5 0
5 0
5 4
2 4
2 5
5 4
2 3
4 3
2 3
2 5
5 4
2 2
2 3
2 3
2 5
5 0
5 3
3 4
2 3
2 5
5 2
5 2
5 2
5 4
2 5
5 4
2 1
2 3
3 2
3 5
6 4
2 3
2 2
2 3
2 5
5 4
2 2
2 3
2 1
2 5
5 2
5 3
4 3
4 4
2 5
5 1
5 4
3 4
3 3
3 5
5 2
5 3
4 4
2 3
2 5
5 3
4 3
4 3
4 3
4 5
11 2
9 1
8 4
2 2
2 5
5 3
4 2
3 4
3 2
3 5
6 4
2 1
2 3
2 3
2 5
5 4
2 3
3 2
3 2
3 5
6 2
4 2
4 3
2 2
2 5
7 3
4 2
3 2
3 2
3 5
8 3
3 0
3 2
3 3
3 5
9 4
3 3
3 0
3 0
3 5
7 2
5 2
3 2
3 1
3 5
7 3
4 1
4 2
4 0
4 5
11 2
8 0
8 2
6 1
5 5
11 4
2 1
2 1
2 3
3 5
5 3
4 4
2 3
2 3
2 5
5 1
5 2
4 2
2 0
2 5
6 4
2 3
2 0
2 2
2 5
6 3
3 3
3 3
3 3
3 5
8 3
6 3
6 1
6 4
2 5
5 0
5 3
4 4
2 2
2 5
5 2
5 1
4 3
3 3
3 5
9 3
9 1
9 2
8 3
7 5
16 3
15 2
13 3
12 2
11 5
26 0
26 3
23 3
23 4
2 5
5 3
4 4
2 0
2 0
2 5
7 3
4 0
4 3
4 1
4 5
11 4
2 3
2 2
2 3
2 5
5 4
2 3
3 2
2 4
2 5
5 3
4 3
5 2
4 1
4 5
8 3
7 0
7 4
3 3
4 5
5 0
5 4
2 2
2 4
2 5
5 4
2 4
2 2
2 3
2 5
5 3
3 2
3 2
3 3
3 5
7 4
2 4
2 1
2 2
2 5
6 3
3 3
3 3
3 2
3 5
9 2
8 0
8 3
3 1
3 5
10 1
10 4
2 3
2 1
2 5
5 0
5 3
3 4
2 3
3 5
5 1
5 2
5 4
2 2
2 5
6 3
3 3
3 2
3 1
3 5
7 3
5 2
4 2
4 4
2 5
5 3
4 1
4 1
4 3
5 5
10 4
2 3
3 3
3 1
3 5
5 0
5 4
2 0
2 3
3 5
7 4
2 3
2 1
2 4
2 5
5 2
5 3
4 4
3 3
2 5
5 1
5 3
4 0
4 1
4 5
12 3
9 2
8 1
8 3
8 5
19 4
2 4
2 4
2 2
2 5
6 2
6 0
6 4
6 1
2 5
6 4
2 3
3 2
2 1
2 5
5 1
5 0
5 3
5 2
4 5
10 4
2 4
2 3
2 3
2 5
5 0
5 0
5 4
2 3
3 5
5 0
7 3
5 2
4 1
4 5
12 2
11 0
11 3
7 3
7 5
17 1
17 2
14 3
12 3
12 5
26 3
26 3
25 0
25 4
2 5
5 3
4 0
4 4
2 2
2 5
5 4
2 2
2 0
2 0
2 5
6 4
2 0
2 3
3 3
4 5
5 3
5 1
5 4
2 4
2 5
5 3
3 4
2 2
2 2
2 5
6 3
4 3
3 2
3 2
2 5
6 3
3 1
3 2
3 1
3 5
8 4
2 0
2 1
2 3
2 5
5 4
2 2
2 1
2 3
2 5
5 4
2 3
2 0
2 1
2 5
7 4
2 4
2 1
2 2
2 5
6 2
6 3
2 3
3 3
2 5
5 4
2 2
2 -1
4 2
3 0
3 4
3 3
3 4
3 5
5 4
2 3
2 1
3 4
3 1
3 5
5 1
5 2
4 4
2 0
4 5
9 1
5 1
5 1
4 0
6 5
13 3
10 4
2 1
2 4
2 5
5 3
5 0
7 3
5 0
6 5
14 3
12 4
2 4
2 4
2 5
5 0
8 4
2 4
2 3
2 5
5 4
2 4
2 1
2 3
3 5
5 1
6 4
2 1
2 0
2 5
7 2
6 3
4 2
3 2
3 5
8 4
2 0
2 0
2 2
4 5
9 0
9 2
6 3
2 2
4 5
6 3
3 1
3 1
4 2
3 5
8 2
6 3
7 1
7 1
7 5
13 3
12 3
12 0
13 1
13 5
27 0
28 1
28 2
25 4
2 5
6 0
8 0
10 1
7 0
11 5
13 0
14 2
11 2
6 3
2 5
5 4
2 2
4 0
6 2
6 5
6 0
6 0
6 1
2 0
3 5
8 1
7 2
7 0
8 4
4 5
6 4
2 3
3 4
3 4
3 5
5 1
5 4
2 0
3 0
5 5
11 2
8 1
8 2
7 1
3 5
8 1
8 1
6 0
6 4
2 5
6 4
2 3
3 1
3 2
2 5
5 0
8 0
10 1
9 3
5 5
12 2
9 4
2 3
2 1
3 5
5 3
4 3
4 0
4 0
6 5
14 0
14 0
16 1
14 0
15 5
24 4
2 0
3 4
2 0
3 5
8 2
6 1
4 4
4 1
4 5
8 3
4 3
4 4
2 2
2 5
6 4
2 2
6 2
6 4
6 5
6 2
6 4
6 3
2 3
3 5
5 0
7 3
6 3
6 2
5 5
12 1
12 2
10 0
11 3
9 5
21 0
23 4
2 4
2 2
2 5
6 4
2 1
2 4
2 4
2 5
5 4
2 1
2 1
3 1
4 5
5 3
5 2
4 3
4 1
5 5
12 1
12 2
10 4
2 1
3 5
5 3
5 1
5 1
5 3
6 5
12 4
2 1
3 0
4 4
3 5
5 3
4 0
6 2
4 4
2 5
5 2
8 3
4 2
3 2
2 5
5 1
5 0
5 3
5 4
2 5
5 4
2 1
3 4
3 4
3 5
5 0
7 1
7 0
10 2
9 5
15 2
11 4
2 2
6 1
4 5
8 1
4 2
8 3
3 0
4 5
11 0
12 4
2 4
2 2
2 5
6 2
6 4
6 1
4 3
3 5
5 0
7 2
5 0
7 4
2 5
5 3
4 3
4 4
3 0
3 5
7 4
3 4
3 3
3 4
3 5
5 0
8 1
9 2
8 0
9 5
15 4
2 2
4 2
6 4
6 5
6 1
4 3
2 2
2 3
3 5
5 0
6 3
5 2
4 3
4 5
12 3
10 3
9 1
10 4
2 5
5 1
5 2
4 2
3 0
3 5
8 0
10 0
10 0
11 2
6 5
6 1
2 0
2 2
6 3
2 5
5 3
3 3
3 0
5 0
6 5
13 4
2 0
4 4
2 1
3 5
6 3
5 2
4 4
3 2
3 5
6 3
5 2
4 1
5 3
5 5
11 1
11 2
9 0
9 4
3 5
5 4
2 2
4 1
5 0
7 5
10 3
5 1
5 4
2 4
2 5
5 4
2 2
2 1
2 1
2 5
5 2
6 1
4 1
4 4
2 5
6 4
2 4
2 3
2 3
2 5
5 2
8 3
3 2
3 3
3 5
7 2
6 3
4 3
4 1
5 5
11 4
2 1
3 3
4 2
3 5
5 0
7 2
6 2
8 1
8 5
11 2
6 1
2 2
6 2
6 5
6 3
2 2
4 0
6 3
3 5
7 1
7 3
6 2
5 1
6 5
13 0
14 1
14 3
12 1
12 5
26 2
23 1
23 1
23 3
23 5
43 1
43 3
41 3
39 1
39 5
70 4
2 2
4 1
4 0
4 5
6 4
2 4
2 4
2 3
3 5
5 4
2 3
2 0
2 4
2 5
5 0
8 1
7 2
6 3
4 5
9 1
9 1
9 1
9 1
9 5
19 3
15 1
15 3
15 3
15 5
33 3
32 1
32 2
30 3
29 5
55 4
2 1
3 3
3 1
3 5
5 1
4 3
4 4
2 0
3 5
8 3
4 4
2 1
2 1
3 5
5 0
7 3
6 4
2 2
4 5
6 1
6 2
6 4
6 1
2 5
6 1
4 3
4 4
3 3
2 5
5 2
8 4
2 2
6 3
2 5
5 2
5 2
5 4
2 4
2 5
6 3
3 2
3 3
3 1
3 5
9 1
9 1
9 2
8 0
10 5
15 4
2 1
3 3
3 0
3 5
7 1
7 4
2 2
2 2
6 5
6 2
6 4
6 4
6 4
6 5
6 1
4 3
3 3
3 3
2 5
5 1
6 2
5 3
3 0
5 5
12 2
9 4
2 1
2 1
2 5
5 3
4 0
5 3
4 0
5 5
12 3
11 2
10 1
10 2
7 5
17 2
15 4
2 2
2 1
2 5
6 2
6 3
2 0
3 1
3 5
8 4
2 4
2 3
2 3
3 5
5 3
5 4
2 2
2 4
2 5
6 3
3 2
3 4
2 4
2 5
5 4
2 1
3 2
2 3
3 5
5 4
3 4
3 2
3 3
3 5
5 0
5 4
2 1
2 3
2 5
5 3
4 4
3 3
2 2
2 5
6 3
3 0
4 3
3 1
4 5
10 2
7 3
5 4
2 1
3 5
5 2
6 2
4 3
2 1
3 5
7 0
7 2
5 4
2 3
2 5
5 2
4 4
2 4
2 1
2 5
5 2
3 0
6 3
3 3
3 5
8 1
8 3
7 3
6 4
2 5
5 2
3 3
3 4
2 3
2 5
5 4
2 3
2 1
3 1
3 5
5 4
2 2
2 4
2 3
3 5
5 2
5 3
5 4
2 2
2 5
5 3
4 3
4 3
5 1
5 5
10 2
8 0
8 3
8 4
2 5
5 1
4 1
4 4
2 0
3 5
8 0
8 0
8 0
8 0
8 5
13 3
8 4
2 4
2 2
2 5
5 2
3 2
3 2
6 3
2 5
5 3
4 3
4 2
3 3
3 5
8 1
7 2
4 4
2 4
2 5
5 0
5 2
3 4
2 2
2 5
6 3
3 4
3 3
3 1
3 5
5 1
4 1
4 4
2 2
2 5
5 3
3 2
3 2
4 1
3 5
8 2
8 3
3 3
3 3
3 5
9 0
9 0
9 2
7 2
6 5
10 1
10 0
10 2
8 3
3 5
9 3
6 3
6 3
6 4
2 5
5 2
3 3
3 2
3 4
2 5
5 2
5 3
3 3
3 1
4 5
10 2
7 2
5 2
3 1
3 5
8 1
7 4
2 3
2 3
3 5
5 3
4 1
5 0
5 2
4 5
11 3
11 1
11 0
11 2
9 5
20 1
20 2
18 2
16 1
16 5
25 2
20 4
2 0
3 4
2 5
5 4
2 2
2 3
2 1
2 5
5 4
2 4
2 3
3 1
3 5
5 0
5 4
2 3
3 4
3 5
5 4
2 2
2 2
2 1
2 5
6 1
5 1
5 4
3 3
2 5
5 2
3 3
3 2
3 2
4 5
6 3
3 3
3 2
3 4
2 5
6 1
5 2
4 0
4 3
3 5
7 3
5 2
4 1
5 2
4 5
10 2
7 0
8 4
2 3
2 5
5 4
2 4
2 3
3 2
3 5
6 1
4 0
5 2
3 1
4 5
10 1
8 0
9 3
7 3
7 5
17 3
16 2
14 0
15 2
13 5
27 1
27 3
24 3
24 3
24 5
47 0
48 3
46 1
46 0
46 5
74 0
74 3
73 2
69 2
65 5
96 3
96 1
96 2
92 1
92 5
124 2
119 2
114 0
114 4
2 5
6 0
6 3
4 2
3 1
3 5
7 0
9 4
2 4
2 3
3 5
5 3
5 4
2 3
2 1
2 5
5 4
2 1
3 4
3 1
3 5
5 3
4 3
4 4
2 3
2 5
5 2
3 0
3 1
3 4
2 5
6 2
6 2
6 1
4 2
6 5
6 2
6 3
2 2
2 3
2 5
5 1
4 1
4 2
3 4
2 5
6 2
6 1
2 1
2 1
2 5
5 1
5 0
5 3
4 0
4 5
12 3
10 4
2 2
2 4
2 5
6 3
3 1
3 0
3 2
3 5
7 2
7 3
5 3
4 4
2 5
5 4
2 1
2 4
2 1
2 5
6 2
6 2
6 1
2 1
3 5
6 3
5 3
5 3
4 3
5 5
11 0
11 0
11 4
2 3
3 5
5 3
5 2
4 4
2 2
2 5
6 4
2 4
2 4
2 4
2 5
6 1
5 4
2 0
2 3
2 5
5 3
3 4
2 1
2 3
2 5
5 3
3 3
3 3
3 2
3 5
9 3
6 3
5 3
5 3
5 5
13 3
13 1
13 0
13 2
11 5
22 3
18 3
17 3
17 3
17 5
38 3
35 4
2 4
2 2
2 5
5 4
2 4
2 3
3 4
3 5
5 0
6 0
8 3
7 2
6 5
14 3
11 3
10 1
10 4
3 5
5 3
5 4
2 2
2 2
2 5
5 3
4 0
4 4
2 3
3 5
5 4
2 0
2 3
3 4
3 5
5 1
5 0
5 1
5 3
4 5
12 4
2 1
2 0
2 1
2 5
7 4
2 2
2 3
2 3
2 5
5 4
2 3
2 4
2 3
3 5
5 4
2 4
2 4
2 2
2 5
5 2
5 1
4 4
2 1
2 5
5 4
2 1
2 2
2 4
2 5
5 2
5 0
5 2
5 3
5 5
12 4
2 3
2 4
2 4
2 5
5 1
5 4
2 2
2 3
2 5
5 3
4 4
2 4
2 2
2 5
6 4
2 4
2 2
6 0
6 5
6 3
2 1
2 4
2 1
2 5
5 0
5 3
4 3
4 3
5 5
10 4
2 4
2 1
2 0
2 5
7 3
4 2
3 3
3 3
3 5
10 3
7 1
7 1
7 1
7 5
18 1
18 4
2 4
2 3
2 5
5 3
4 3
5 2
4 3
3 5
8 4
2 0
2 2
2 1
2 5
5 0
5 4
2 3
2 3
3 5
5 1
5 1
5 2
3 3
3 5
9 4
3 4
3 1
3 2
2 5
5 4
2 1
2 3
3 2
2 5
5 4
2 3
4 3
3 4
3 5
5 1
5 4
2 2
2 3
2 5
5 4
2 3
2 2
2 2
2 5
5 4
2 2
2 4
2 2
2 5
6 4
2 2
2 4
2 2
2 5
6 1
5 0
5 0
5 4
2 5
5 1
5 1
5 1
5 3
4 5
10 0
10 4
2 0
2 4
2 5
5 3
3 1
3 0
3 4
2 5
5 3
3 4
2 3
2 2
2 5
6 1
4 2
3 1
3 2
3 5
8 1
7 4
3 3
2 1
2 5
5 2
4 2
4 3
3 3
4 5
7 3
6 2
5 2
4 0
4 5
12 3
9 1
9 3
9 1
9 5
21 0
21 4
2 1
2 4
2 5
5 0
5 2
3 2
3 3
4 5
7 0
7 4
2 2
2 3
2 5
5 2
3 1
3 1
3 3
4 5
7 4
3 4
3 3
4 3
2 5
5 2
5 3
3 2
3 4
2 5
5 1
5 1
5 4
3 3
2 5
5 1
5 0
5 3
4 1
4 5
11 3
10 2
9 4
2 4
2 5
5 3
3 2
3 4
2 0
2 5
6 4
2 3
3 0
3 0
3 5
7 0
7 4
2 3
3 4
3 5
5 4
2 4
2 4
2 4
2 5
5 2
5 3
4 4
2 4
2 5
5 2
3 3
3 1
3 3
4 5
7 1
7 1
7 1
7 3
6 5
16 2
13 3
10 1
10 0
10 5
22 0
22 3
20 2
17 2
14 5
28 2
25 4
2 0
2 1
2 5
5 4
2 2
2 2
2 4
2 5
6 4
2 0
2 4
2 2
2 5
6 4
2 1
2 3
2 4
2 5
5 3
3 4
2 4
2 4
2 5
5 4
2 1
2 0
2 3
3 5
5 3
5 1
5 1
5 2
4 5
11 1
10 0
10 2
8 3
6 5
15 4
2 3
2 2
2 4
2 5
5 3
4 4
2 3
2 3
3 5
5 1
5 4
2 3
3 3
3 5
5 4
2 1
2 3
3 0
3 5
7 2
6 3
4 4
2 3
3 5
5 4
2 1
2 3
2 3
3 5
5 4
2 2
2 1
2 1
2 5
5 1
5 4
2 0
2 4
2 5
6 3
3 3
3 3
3 2
3 5
8 0
8 4
2 2
2 4
2 5
6 3
4 0
4 2
3 3
4 5
7 2
5 4
2 4
2 0
2 5
7 2
6 2
6 2
6 4
6 5
6 1
4 4
4 3
3 4
3 5
5 0
5 3
4 2
4 4
2 5
5 0
5 3
4 0
4 0
4 5
10 1
10 3
9 4
2 1
2 5
5 4
2 3
2 0
2 2
2 5
6 3
6 3
5 1
5 3
5 5
12 2
10 2
7 2
5 4
2 5
6 3
3 4
2 4
2 1
2 5
5 3
3 1
3 2
3 2
3 5
8 4
2 4
2 4
2 4
2 5
6 0
6 4
2 2
2 4
2 5
6 1
5 4
2 2
2 1
2 5
5 2
5 3
5 4
2 2
2 5
5 2
5 4
2 3
2 3
2 5
5 2
5 3
4 3
4 3
4 5
10 1
10 0
10 2
7 3
5 5
13 0
13 2
10 1
9 1
9 5
18 0
18 0
18 2
14 0
14 5
21 4
2 3
2 3
3 2
3 5
6 3
4 0
4 4
2 3
2 5
5 3
3 1
3 3
3 3
3 5
9 0
9 2
6 4
2 2
2 5
6 4
2 2
2 3
3 2
3 5
6 2
4 3
3 0
3 2
2 5
7 3
4 1
4 3
4 3
4 5
11 4
2 4
2 2
2 2
2 5
6 4
2 3
3 0
3 3
3 5
6 3
6 3
5 0
5 3
5 5
13 2
10 4
2 0
2 4
2 5
5 2
5 1
5 3
4 3
4 5
11 3
8 1
8 3
8 4
2 5
5 2
3 3
4 1
4 2
3 5
5 4
2 0
2 1
2 4
2 5
5 4
2 2
2 2
2 4
2 5
6 3
4 3
4 0
4 3
4 5
11 0
11 1
11 1
11 4
2 5
5 3
4 2
3 0
3 3
3 5
8 3
7 1
7 2
6 2
5 5
13 3
10 2
8 3
7 3
7 5
18 0
18 2
16 4
3 2
2 5
5 1
5 3
3 4
2 2
2 5
6 2
6 0
6 2
6 3
2 5
5 0
5 1
4 4
2 3
3 5
5 0
5 3
5 4
3 3
2 5
5 4
2 4
2 3
2 2
2 5
5 2
5 2
5 3
4 3
4 5
11 1
10 2
8 1
8 3
6 5
16 4
2 2
2 3
2 1
2 5
5 4
2 3
3 2
3 4
3 5
6 4
2 2
2 1
2 2
2 5
5 2
5 3
3 3
3 3
3 5
10 1
9 2
8 4
2 4
2 5
5 2
4 3
2 3
4 1
4 5
7 3
6 2
5 2
4 3
4 5
12 1
12 0
12 0
12 3
10 5
23 2
20 3
17 1
17 4
3 5
5 4
2 2
2 4
2 3
3 5
5 3
5 4
2 4
2 3
4 5
5 4
2 0
2 3
2 0
2 5
7 3
4 2
3 2
3 1
3 5
9 3
6 3
5 3
5 0
5 5
13 4
2 3
2 0
2 1
2 5
5 1
5 0
5 2
4 3
3 5
8 1
7 3
7 4
2 3
4 5
5 0
5 3
5 2
4 3
4 5
12 2
9 2
7 3
4 3
4 5
12 4
2 0
2 0
2 4
2 5
5 1
5 0
5 3
3 3
3 5
9 2
6 2
3 2
3 4
2 5
6 2
6 3
2 2
2 0
2 5
6 4
2 1
2 1
2 2
2 5
6 2
6 3
2 2
2 0
2 5
6 3
3 1
3 4
3 2
3 5
6 3
4 4
2 1
2 0
2 5
5 4
2 3
4 3
2 2
2 5
5 0
5 4
2 2
2 4
2 5
6 3
3 3
4 3
3 0
3 5
8 2
6 2
3 3
4 1
4 5
7 3
6 4
2 3
3 2
2 5
5 2
3 4
2 3
2 0
2 5
5 2
5 4
2 0
2 1
2 5
7 4
2 4
2 1
2 4
2 5
5 4
2 4
2 3
3 2
2 5
5 2
3 3
3 4
2 4
2 5
5 3
4 2
4 2
3 1
3 5
8 1
8 4
2 2
2 4
2 5
5 1
5 2
3 3
4 3
4 5
7 3
6 4
2 3
2 1
2 5
5 4
2 1
2 3
3 2
2 5
5 2
3 3
4 1
4 0
4 5
9 0
9 1
9 3
7 2
6 5
16 2
14 3
11 2
9 3
9 5
22 2
19 0
19 0
19 3
16 5
30 2
27 3
26 4
2 0
2 5
7 4
2 3
3 2
2 2
2 5
5 0
5 4
2 4
2 2
2 5
6 3
4 1
4 3
4 3
3 5
9 1
9 0
9 3
6 1
6 5
16 1
16 1
16 4
2 1
2 5
5 2
5 0
5 4
2 0
2 5
5 2
3 2
3 2
3 4
2 5
6 3
4 2
3 4
3 4
3 5
5 4
2 3
3 1
3 4
3 5
5 2
3 2
3 2
3 1
3 5
7 1
6 2
5 2
4 1
4 5
9 3
4 4
2 1
2 3
3 5
5 2
3 0
3 3
3 4
2 5
5 3
4 3
4 4
2 0
2 5
5 0
5 0
5 2
5 0
5 5
11 4
2 4
2 3
2 3
3 5
5 3
4 3
4 2
4 4
2 5
5 4
2 1
2 4
2 3
3 5
5 3
4 1
4 3
4 1
4 5
12 4
2 2
2 3
2 3
3 5
5 0
5 0
5 4
2 0
2 5
5 4
2 3
3 0
3 -1
4 2
3 0
4 2
3 1
3 3
2 1
2 1
3 2
2 0
2 5
6 0
9 0
10 2
6 0
8 5
11 1
11 3
6 3
5 1
6 5
15 3
12 0
13 4
2 1
3 5
5 1
5 2
4 4
2 3
3 5
5 1
4 3
4 0
6 0
8 5
15 0
16 1
16 3
13 0
14 5
27 2
23 2
20 1
20 4
2 5
5 2
4 4
2 4
2 3
2 5
5 0
8 4
2 1
3 4
3 5
5 3
4 1
5 4
2 4
2 5
5 0
8 2
6 1
5 4
2 5
5 3
4 0
5 0
5 2
4 5
11 4
2 3
3 1
3 3
3 5
5 4
3 2
3 3
2 3
4 5
5 1
5 2
4 2
3 2
3 5
9 1
9 1
8 0
8 2
7 5
14 4
2 0
3 4
2 4
2 5
6 3
3 4
2 2
2 3
2 5
5 3
4 1
5 1
5 2
4 5
9 2
7 3
5 4
2 4
2 5
5 3
4 4
2 2
4 3
2 5
5 0
8 1
7 0
8 3
5 5
14 2
11 3
8 3
8 4
2 5
5 2
3 1
3 2
2 3
3 5
5 2
6 3
4 0
5 0
6 5
14 2
11 4
3 3
3 2
3 5
6 4
2 0
3 1
3 0
5 5
9 0
10 3
8 0
10 3
9 5
21 1
21 4
2 1
2 2
4 5
8 3
4 2
3 4
2 2
2 5
6 1
4 2
6 3
3 3
3 5
9 0
11 4
2 3
2 4
2 5
5 2
3 0
6 2
6 2
6 5
6 4
6 3
2 1
2 3
3 5
5 1
6 2
5 0
5 1
6 5
13 2
11 1
11 1
10 0
11 5
20 3
15 1
15 2
13 1
13 5
26 4
2 1
3 0
3 3
3 5
7 3
5 3
5 0
6 0
8 5
17 1
17 2
14 4
2 4
2 5
5 1
5 4
2 1
2 2
2 5
5 2
3 1
3 0
4 2
6 5
10 2
6 0
6 2
6 4
6 5
6 4
6 4
6 2
6 3
2 5
5 3
4 3
5 3
4 1
5 5
11 0
12 3
10 2
9 3
9 5
21 3
20 3
19 4
2 2
4 5
8 3
3 2
3 0
4 2
2 5
6 2
6 3
2 4
2 0
2 5
5 1
5 3
4 1
4 2
3 5
8 4
2 3
2 0
3 0
3 5
9 0
11 4
2 4
2 4
2 5
6 3
3 3
4 2
3 0
3 5
9 2
6 2
3 4
2 4
2 5
6 4
2 3
3 1
3 0
3 5
6 1
7 2
6 4
2 4
2 5
5 0
6 2
3 3
3 0
3 5
9 1
9 0
11 3
7 0
8 5
17 3
17 0
18 2
15 2
12 5
24 0
25 2
22 4
2 2
2 5
6 4
2 4
2 2
6 1
2 5
6 0
8 0
10 4
2 1
2 5
5 1
5 3
4 0
4 2
3 5
10 4
2 2
2 0
4 1
2 5
6 2
3 2
6 2
6 4
6 5
6 2
6 2
6 2
6 4
6 5
6 3
2 1
3 2
2 3
2 5
5 3
3 3
3 2
3 4
2 5
5 3
3 3
3 3
3 3
3 5
9 2
12 4
2 3
4 1
4 5
5 4
2 1
3 0
3 3
2 5
7 1
6 0
9 3
5 2
3 5
9 2
6 4
2 0
4 2
6 5
6 4
6 0
6 2
6 4
6 5
6 2
6 2
6 2
6 3
2 5
5 2
3 3
3 2
2 0
3 5
8 1
6 2
4 1
4 4
2 5
6 2
6 0
6 3
2 1
2 5
5 1
5 0
6 3
5 3
5 5
12 2
9 1
9 1
9 2
7 5
16 0
17 2
15 3
11 3
10 5
23 2
20 3
18 1
18 3
18 5
38 4
2 4
2 1
2 4
2 5
5 4
2 4
2 3
2 4
2 5
5 2
5 2
8 1
8 4
3 5
6 3
5 4
3 2
2 1
3 5
5 3
5 3
5 2
4 2
3 5
9 0
11 2
9 4
2 2
6 5
6 0
6 3
2 4
2 2
2 5
6 2
6 4
6 0
6 2
6 5
6 1
4 4
4 2
6 1
2 5
6 1
5 4
2 4
2 4
2 5
6 4
2 2
6 0
6 3
2 5
5 2
6 4
2 0
4 2
6 5
6 0
6 2
6 0
6 2
6 5
6 2
6 1
4 2
6 3
2 5
5 3
4 0
4 2
3 4
2 5
5 2
6 0
9 2
6 4
6 5
6 4
6 4
6 2
6 3
3 5
5 4
2 2
2 4
2 3
3 5
5 4
2 4
2 1
3 0
4 5
8 3
6 2
5 2
4 1
5 5
11 4
2 2
4 2
6 3
2 5
5 3
5 1
5 2
4 2
3 5
9 2
8 3
5 2
4 4
2 5
5 1
4 1
4 1
5 0
5 5
13 3
11 4
3 1
4 3
2 5
5 0
8 3
5 4
2 4
2 5
5 1
5 3
3 4
2 4
2 5
5 0
5 2
5 1
5 2
6 5
11 2
9 1
9 1
9 3
4 5
10 0
11 2
8 0
11 2
8 5
13 2
9 3
5 3
4 2
4 5
11 3
8 4
2 2
2 4
2 5
6 3
3 0
4 3
4 1
5 5
11 0
12 2
9 1
9 1
9 5
18 2
15 2
12 1
10 3
7 5
17 3
17 1
17 3
15 2
13 5
29 0
30 3
28 1
28 0
30 5
50 3
48 2
45 2
41 4
2 5
5 4
2 4
2 2
6 3
2 5
5 4
2 1
2 0
2 3
3 5
7 1
7 2
5 2
3 0
3 5
9 4
2 3
2 4
2 2
2 5
6 2
6 0
6 2
6 3
2 5
5 2
6 3
3 2
3 3
3 5
9 1
8 2
7 2
5 3
4 5
10 1
10 0
11 4
2 2
2 5
6 3
3 1
4 3
3 4
2 5
5 3
4 0
6 2
5 2
3 5
8 2
8 1
7 3
3 3
3 5
10 2
7 3
4 4
2 1
2 5
5 3
4 3
4 1
4 3
4 5
10 3
8 3
8 2
7 0
9 5
20 2
17 2
15 2
12 4
3 5
5 4
2 4
2 3
2 1
3 5
5 0
5 4
2 3
2 4
2 5
5 3
4 1
5 4
3 2
3 5
6 3
5 3
5 3
4 4
2 5
5 4
2 4
2 3
2 0
2 5
7 2
6 0
8 1
7 3
3 5
10 2
7 2
6 4
2 3
2 5
5 1
5 0
6 1
5 3
5 5
12 0
12 3
10 1
11 2
9 5
20 0
20 0
23 2
20 1
18 5
31 1
31 4
2 4
2 2
2 5
6 0
6 0
8 4
2 1
3 5
6 3
4 2
3 2
3 4
2 5
5 0
5 2
5 2
5 3
3 5
10 0
10 0
12 2
9 2
6 5
10 3
4 2
3 4
2 1
2 5
5 3
4 4
3 4
3 3
4 5
5 0
5 3
5 3
5 4
3 5
5 2
5 2
5 4
2 2
2 5
6 2
6 0
6 0
6 4
6 5
6 1
2 3
2 3
2 2
2 5
6 2
6 4
6 0
6 3
2 5
5 2
8 0
8 0
9 3
4 5
11 3
8 2
7 4
2 1
3 5
5 0
5 4
2 2
2 0
4 5
9 1
9 4
2 2
2 3
2 5
5 2
3 3
3 3
3 1
3 5
7 2
7 2
7 2
5 2
3 5
8 1
7 3
3 0
3 1
3 5
10 0
10 1
9 0
9 4
2 5
5 4
2 3
2 2
2 1
2 5
6 3
3 3
3 4
2 0
3 5
8 2
8 4
4 1
4 2
4 5
6 0
6 2
6 0
6 2
6 5
6 3
2 3
2 1
2 4
2 5
5 1
5 2
5 2
6 2
6 5
6 3
2 3
3 1
3 3
3 5
5 3
4 3
4 1
5 4
2 5
5 3
4 3
4 1
4 4
3 5
5 2
3 4
2 4
2 0
2 5
7 3
4 1
5 2
4 3
4 5
10 3
9 1
9 0
10 4
2 5
5 0
6 1
6 3
6 0
6 5
15 0
15 2
13 3
9 2
7 5
18 2
16 1
16 0
16 2
14 5
23 0
23 0
23 3
21 3
20 5
36 1
36 2
33 3
31 0
31 5
51 3
50 2
47 4
2 2
4 5
8 1
8 3
4 2
4 4
2 5
5 0
5 3
4 3
4 3
4 5
10 4
2 2
2 3
3 2
2 5
5 1
5 2
4 1
4 3
4 5
9 1
9 3
7 3
7 4
2 5
5 1
5 2
4 1
4 0
4 5
9 4
2 3
2 1
2 1
2 5
5 1
4 4
2 4
2 3
3 5
5 4
3 1
3 4
3 2
3 5
6 2
6 3
4 3
4 1
4 5
10 4
2 3
2 2
2 2
2 5
6 0
6 3
3 3
4 1
4 5
8 0
8 4
2 2
2 0
3 5
8 1
7 1
6 2
5 1
5 5
10 2
8 3
4 0
4 2
3 5
7 4
2 2
2 3
2 1
2 5
5 4
2 2
2 1
2 0
2 5
7 4
2 4
2 4
2 2
2 5
6 3
3 3
3 1
3 0
3 5
10 3
7 0
7 2
6 2
5 5
14 2
12 3
9 2
7 3
7 5
18 3
15 4
2 0
2 3
2 5
5 2
5 3
4 0
4 1
4 5
10 1
10 2
8 0
8 0
9 5
17 3
15 3
12 1
12 1
12 5
28 4
2 3
3 3
3 4
3 5
5 1
5 4
2 4
2 4
2 5
5 0
5 0
5 3
4 2
4 5
10 2
8 1
8 4
2 1
2 5
5 3
6 3
4 2
3 3
3 5
8 2
6 4
2 4
2 1
3 5
6 4
2 2
2 0
2 1
2 5
5 2
3 2
3 3
3 4
2 5
5 4
2 3
3 3
3 1
3 5
5 1
5 3
5 0
5 4
2 5
5 2
5 2
3 3
3 4
2 5
5 4
2 2
2 3
2 4
2 5
5 2
3 1
3 2
3 3
4 5
7 2
7 4
2 4
2 4
2 5
5 4
2 3
2 2
2 2
2 5
5 3
4 1
4 0
4 3
4 5
12 4
2 4
2 4
2 2
2 5
5 1
5 4
2 3
2 3
3 5
5 4
2 4
2 2
2 3
2 5
5 3
4 3
4 2
3 3
3 5
9 2
7 3
4 4
2 4
2 5
5 2
3 3
3 4
3 0
3 5
7 3
5 1
5 0
7 1
7 5
16 0
16 1
16 2
13 4
2 5
5 0
5 3
3 1
3 4
2 5
5 4
2 3
3 3
2 4
2 5
5 4
2 3
2 1
2 2
2 5
6 3
3 3
4 4
3 2
2 5
5 3
4 2
3 4
2 1
2 5
5 0
5 3
4 3
4 4
2 5
5 4
2 3
2 4
2 1
2 5
5 3
3 4
3 3
3 0
3 5
7 4
2 2
2 3
2 2
2 5
6 0
6 4
2 1
2 2
2 5
6 2
6 3
2 4
2 3
3 5
5 3
5 3
5 1
5 4
2 5
5 3
4 2
4 3
3 4
2 5
5 0
5 4
2 3
2 2
2 5
6 3
3 0
3 3
3 0
3 5
8 2
6 2
3 4
2 4
2 5
6 3
4 3
4 1
4 2
3 5
8 3
6 0
6 4
3 3
4 5
5 0
5 1
5 0
5 3
5 5
14 4
2 4
2 2
2 0
2 5
5 0
5 4
2 1
2 4
2 5
5 1
5 3
4 2
4 2
3 5
8 1
7 3
5 4
2 2
2 5
5 3
4 1
4 0
4 3
4 5
10 0
10 3
9 4
2 3
3 5
5 1
5 0
8 1
6 1
6 5
15 1
13 1
12 1
12 3
11 5
25 3
23 1
23 1
23 4
2 5
5 3
4 4
3 2
3 3
2 5
5 4
2 4
2 1
2 2
2 5
6 3
4 3
3 0
3 3
3 5
10 4
2 4
2 3
3 1
3 5
5 0
5 2
5 1
6 2
6 5
13 1
12 4
2 3
2 3
3 5
5 3
5 3
6 3
5 1
5 5
13 3
10 1
10 1
10 4
2 5
5 0
5 3
4 2
4 3
4 5
10 3
8 1
8 2
7 1
7 5
18 3
15 2
13 4
2 1
2 5
5 4
2 3
3 4
3 4
3 5
5 3
4 3
4 4
3 4
3 5
5 3
5 3
5 3
5 0
5 5
13 4
2 1
2 2
2 1
2 5
6 0
6 4
2 4
2 0
2 5
6 0
6 3
4 4
2 3
2 5
5 3
4 3
5 3
4 4
2 5
5 3
4 0
4 3
4 3
4 5
10 3
8 1
8 3
8 4
2 5
5 1
4 2
3 3
4 3
4 5
9 3
7 4
3 1
3 4
3 5
5 1
5 0
5 0
5 3
5 5
12 2
9 2
7 1
6 2
4 5
11 1
11 4
2 3
2 2
2 5
6 0
6 2
6 1
4 2
4 5
8 1
5 3
3 3
4 1
4 5
9 0
9 1
9 2
8 2
7 5
13 4
2 3
3 2
2 2
2 5
5 4
2 0
2 3
3 3
3 5
5 2
3 3
4 0
4 1
4 5
11 4
3 0
3 3
3 2
2 5
7 3
4 0
4 4
3 1
3 5
5 1
5 3
5 4
2 0
2 5
5 0
5 4
2 0
2 1
2 5
5 0
5 1
5 1
5 3
5 5
10 3
10 4
3 4
3 1
3 5
5 2
3 1
3 3
4 0
4 5
9 0
9 2
7 4
2 3
3 5
5 1
5 2
4 2
3 4
2 5
5 3
4 1
4 2
3 3
3 5
8 4
2 3
2 3
2 0
2 5
7 0
7 3
4 4
2 1
2 5
5 2
5 1
4 3
5 3
4 5
10 2
8 4
2 0
2 0
2 5
6 3
3 0
3 2
3 3
3 5
7 0
7 4
2 1
2 1
2 5
5 3
4 1
4 3
4 3
4 5
10 3
9 3
8 0
8 1
8 5
20 2
18 4
2 4
2 2
2 5
6 4
2 2
2 3
2 3
2 5
5 4
2 3
3 3
3 1
3 5
5 3
5 2
4 3
4 3
4 5
11 3
8 4
2 0
2 4
2 5
5 0
5 3
5 0
5 2
4 5
12 3
9 3
9 3
9 3
9 5
21 3
20 2
18 4
2 3
3 5
5 0
5 1
5 4
2 3
3 5
5 3
5 3
5 2
4 3
4 5
11 0
11 2
9 2
7 3
4 5
12 4
2 2
2 2
2 2
2 5
6 4
2 2
2 4
2 2
2 5
6 1
5 0
5 0
5 2
4 5
9 1
5 3
5 3
4 2
3 5
9 3
6 4
2 0
2 4
2 5
5 1
5 4
2 2
2 2
2 5
6 2
6 1
2 2
2 1
2 5
6 4
2 4
2 3
2 4
2 5
5 4
2 1
2 1
2 4
2 5
5 2
4 3
3 2
2 3
3 5
5 2
5 0
5 2
3 4
2 5
5 2
3 3
4 4
3 1
3 5
5 0
5 3
4 2
4 3
4 5
10 0
10 4
2 2
2 0
2 5
6 4
2 3
2 2
2 4
2 5
5 2
5 2
5 3
3 1
3 5
10 4
2 3
3 3
3 2
2 5
5 1
5 4
2 3
2 4
2 5
5 4
2 3
3 4
3 1
3 5
5 2
5 3
4 2
3 3
4 5
9 3
7 4
2 0
2 2
2 5
5 2
5 0
5 4
2 1
2 5
5 2
3 2
3 4
2 0
2 5
6 2
6 0
6 1
4 2
4 5
8 2
6 2
6 1
4 0
4 5
9 0
9 4
2 0
2 3
3 5
5 1
5 3
4 2
3 2
3 5
9 2
6 0
6 3
3 1
3 5
9 3
6 4
3 1
3 4
3 5
5 3
5 4
2 2
2 1
2 5
5 4
2 3
3 2
3 3
3 5
5 4
2 3
3 3
2 2
2 5
6 4
2 0
2 4
2 3
2 5
5 0
5 1
5 1
5 0
5 5
13 1
13 3
9 4
2 0
2 5
5 4
2 3
2 0
2 3
3 5
5 4
2 0
2 4
2 3
4 5
5 3
5 4
2 3
3 3
4 5
5 0
5 3
5 3
5 4
2 5
5 4
2 3
2 2
2 0
2 5
6 2
6 3
2 0
2 4
2 5
5 4
2 3
3 2
2 2
2 5
5 4
2 1
2 1
2 3
3 5
5 4
2 3
2 3
2 4
2 5
5 1
5 4
2 4
2 0
2 5
6 0
6 2
6 3
2 3
2 5
5 1
5 2
3 3
3 3
3 5
7 4
2 0
2 3
3 4
2 5
5 3
3 4
3 2
3 4
3 5
6 4
2 3
3 3
3 4
3 5
5 3
4 0
4 3
4 4
2 5
5 4
2 2
2 4
2 3
2 5
5 2
4 4
2 2
2 2
2 5
6 4
2 3
2 4
2 4
2 5
5 2
5 1
5 3
3 4
2 5
5 2
4 2
4 2
4 3
3 5
7 3
5 4
2 3
2 2
2 5
6 3
3 1
3 0
3 2
3 5
9 2
9 2
6 4
6 4
6 5
6 3
2 2
2 2
2 3
2 5
5 2
5 0
5 1
5 0
5 5
11 2
8 3
5 1
5 3
5 5
12 3
11 3
10 3
10 1
10 5
23 0
23 3
22 2
20 4
2 5
5 2
3 3
4 0
4 3
4 5
9 3
7 3
7 4
2 0
2 5
7 4
2 2
2 3
3 0
3 5
7 2
5 1
5 0
5 3
4 5
10 3
8 3
8 1
8 3
8 5
20 3
18 3
17 3
17 1
17 5
37 4
2 3
2 2
2 4
2 5
5 4
2 3
3 4
3 0
3 5
7 4
3 2
3 3
4 0
4 5
7 3
6 1
6 0
6 3
6 5
15 4
2 1
2 1
2 3
3 5
5 3
5 4
2 1
2 0
2 5
5 0
5 3
3 3
3 2
3 5
9 3
6 3
5 3
5 1
5 5
13 -1
4 1
4 0
4 3
4 4
3 3
3 0
3 4
3 3
3 5
5 3
5 0
6 0
8 1
9 5
16 4
2 3
2 4
2 2
2 4
2 5
6 2
6 2
6 1
4 3
2 5
5 2
6 4
2 1
3 4
3 5
6 0
10 1
10 1
10 2
9 5
11 0
11 1
11 0
12 4
2 5
5 4
2 0
3 1
3 0
4 5
10 0
12 2
10 0
11 3
6 5
16 1
16 4
2 3
2 4
2 5
5 4
2 1
3 1
3 2
3 5
6 1
7 4
3 0
3 3
3 5
7 3
6 0
7 4
2 3
2 5
5 1
5 1
5 0
8 3
6 5
13 3
11 1
11 2
9 4
2 5
5 0
7 0
9 3
6 0
7 5
16 0
19 4
3 0
3 2
2 5
6 0
9 0
10 0
13 3
8 5
19 1
19 0
20 4
2 0
3 5
8 2
6 2
6 2
6 2
6 5
6 1
4 4
4 2
6 4
6 5
6 0
6 1
2 0
4 3
2 5
7 0
9 2
6 3
3 3
3 5
9 4
2 3
3 0
3 1
4 5
7 2
5 3
6 3
5 4
2 5
5 0
6 0
9 3
6 1
6 5
15 4
2 3
2 2
4 3
2 5
5 3
4 1
4 4
2 3
2 5
5 1
5 3
5 1
6 3
4 5
10 0
13 3
10 3
9 2
8 5
20 3
17 2
15 4
3 1
3 5
5 4
2 2
2 1
3 2
2 5
6 2
6 4
6 0
6 1
2 5
6 4
2 2
6 0
6 4
6 5
6 0
6 0
6 4
6 1
2 5
6 2
6 4
6 0
6 4
6 5
6 2
6 0
6 0
6 4
6 5
6 4
6 4
6 0
6 3
2 5
5 0
8 1
5 3
4 3
4 5
11 3
11 3
9 3
9 2
8 5
20 0
21 2
18 0
19 1
19 5
30 3
28 1
28 0
29 0
33 5
47 4
2 0
2 3
4 4
3 5
5 3
4 3
4 4
2 1
3 5
5 3
5 3
6 3
5 1
5 5
12 0
14 3
12 1
12 3
11 5
24 1
24 3
23 0
24 3
24 5
45 2
42 0
43 2
40 0
43 5
58 3
57 1
57 4
2 0
2 5
6 4
2 3
2 2
2 4
2 5
6 1
5 1
4 2
3 0
5 5
11 2
8 0
8 4
4 3
2 5
5 4
2 3
2 2
2 1
2 5
6 4
2 1
2 2
2 2
2 5
6 4
2 2
6 2
6 4
6 5
6 4
6 3
2 4
2 3
3 5
5 1
5 3
4 2
3 1
4 5
10 3
9 4
2 1
3 2
2 5
5 1
5 4
2 1
2 3
3 5
5 1
5 1
6 2
5 4
2 5
5 0
7 1
6 0
7 2
5 5
11 3
7 0
9 4
2 2
2 5
6 1
5 3
3 4
2 3
2 5
5 1
4 0
5 3
6 2
5 5
12 1
12 3
11 1
11 2
10 5
21 3
20 0
21 0
22 3
22 5
40 3
39 4
2 2
4 0
5 5
8 3
4 2
5 1
5 4
2 5
6 0
9 1
9 3
4 2
3 5
8 0
11 3
7 0
9 2
7 5
17 3
14 3
13 3
13 3
13 5
30 3
27 2
25 1
26 3
25 5
47 3
46 2
43 1
43 3
43 5
72 0
73 2
69 2
65 0
66 5
92 0
93 0
94 0
95 0
95 5
114 0
114 2
109 3
109 3
109 5
126 4
2 4
2 0
2 3
2 5
5 0
7 1
6 0
7 1
7 5
15 3
12 0
12 3
10 3
10 5
24 1
24 3
22 3
21 0
23 5
44 1
44 0
45 3
43 3
43 5
70 3
69 3
69 1
69 2
65 5
99 2
94 2
89 4
2 0
3 5
7 3
4 2
3 1
4 1
5 5
11 3
9 3
9 2
8 0
9 5
20 3
20 3
19 2
17 0
18 5
34 4
2 4
2 4
2 4
2 5
5 3
5 0
6 1
6 0
7 5
14 3
11 3
11 0
11 2
10 5
24 0
25 4
2 4
2 3
3 5
5 2
6 0
7 1
7 4
2 5
5 4
2 3
2 1
3 0
3 5
7 2
5 3
4 1
5 0
5 5
11 4
2 4
2 2
2 3
2 5
5 1
4 2
5 0
7 0
7 5
13 0
14 3
10 2
8 1
8 5
18 3
13 4
2 1
3 2
2 5
5 4
2 4
2 1
3 2
3 5
6 2
4 4
2 0
4 3
3 5
7 4
2 1
2 2
2 1
3 5
6 4
2 2
6 2
6 2
6 5
6 2
6 2
6 3
2 3
3 5
5 4
2 0
2 1
2 3
2 5
5 3
4 2
3 3
4 4
3 5
5 2
3 3
3 1
3 1
3 5
9 2
7 1
7 3
4 4
2 5
5 1
4 2
3 3
4 3
3 5
8 3
7 2
6 3
6 3
6 5
14 0
15 1
15 4
2 0
3 5
8 3
4 4
2 3
3 3
3 5
5 1
6 4
2 3
2 4
2 5
5 0
5 1
4 2
3 3
3 5
8 1
8 4
2 2
2 1
3 5
6 0
10 1
10 2
8 2
7 5
8 0
8 3
3 1
4 4
3 5
5 3
5 1
5 0
5 3
5 5
13 3
13 1
13 3
12 3
11 5
26 3
23 2
21 1
21 4
2 5
5 3
4 3
4 3
4 3
4 5
11 0
12 3
9 3
9 2
8 5
20 1
20 4
2 0
3 2
3 5
8 2
6 2
6 1
2 3
3 5
5 1
6 3
5 3
5 2
4 5
10 3
9 3
8 1
9 3
8 5
19 2
16 4
2 3
3 0
3 5
7 4
2 4
2 0
3 2
4 5
8 4
2 0
3 2
3 4
2 5
6 1
4 1
4 1
4 4
2 5
6 2
6 4
6 0
6 0
6 5
6 1
2 2
2 0
3 4
2 5
6 4
2 3
2 1
2 4
2 5
5 3
3 3
3 2
3 2
3 5
8 4
2 4
2 3
2 1
2 5
5 3
4 0
5 4
2 0
3 5
8 3
5 3
4 1
5 4
3 5
5 4
2 1
3 1
3 2
3 5
6 4
2 3
3 0
3 2
3 5
8 3
5 3
5 2
4 3
4 5
10 3
9 0
12 3
9 4
2 5
5 2
3 1
3 0
3 3
3 5
7 2
5 1
5 4
3 3
3 5
5 3
4 3
4 0
4 4
3 5
5 2
6 3
4 3
4 4
2 5
5 1
5 3
4 2
4 4
2 5
5 1
5 3
4 1
4 3
4 5
10 4
2 2
4 4
4 4
4 5
6 3
3 3
3 0
3 3
4 5
9 0
9 2
8 1
8 3
6 5
16 3
14 0
15 4
2 2
2 5
5 2
6 4
2 3
2 2
2 5
6 3
3 3
4 2
3 3
3 5
9 1
8 1
8 0
9 1
9 5
17 1
17 2
13 0
16 0
17 5
22 3
19 3
17 3
16 3
16 5
35 1
35 0
35 1
35 2
32 5
53 4
2 2
2 2
2 4
2 5
6 0
8 1
7 0
8 3
4 5
12 0
12 4
2 3
2 0
2 5
6 1
6 2
5 0
5 4
2 5
5 4
2 4
2 3
2 4
2 5
5 2
5 0
8 4
2 1
2 5
5 4
2 4
2 0
3 1
3 5
7 4
2 3
3 1
3 4
3 5
5 2
5 2
3 4
2 0
4 5
9 3
5 4
2 3
2 3
3 5
5 3
5 2
4 1
5 3
4 5
10 3
9 3
8 1
8 0
9 5
20 3
20 4
2 1
3 4
3 5
6 1
5 3
4 2
3 4
2 5
5 4
2 2
2 0
2 3
2 5
5 2
5 4
2 4
2 0
2 5
7 3
4 1
5 4
2 4
2 5
5 4
2 2
2 3
3 2
2 5
5 1
5 3
5 1
6 2
5 5
11 2
9 1
8 0
8 4
2 5
5 1
5 1
5 3
3 2
3 5
9 1
8 1
7 3
6 4
2 5
5 3
4 2
4 2
4 2
4 5
10 0
10 3
6 4
2 4
2 5
5 3
4 3
4 1
4 2
3 5
8 4
2 0
2 4
2 3
3 5
5 3
4 1
4 2
4 3
4 5
11 3
8 1
8 1
9 1
9 5
19 4
2 2
2 2
2 4
2 5
6 0
6 1
6 2
4 2
4 5
8 3
3 0
3 1
3 3
4 5
9 2
7 0
7 3
5 4
2 5
5 1
5 2
3 4
2 0
3 5
8 3
4 3
4 4
2 3
3 5
5 0
5 4
2 3
3 0
3 5
7 4
2 1
2 4
2 4
2 5
5 1
5 3
4 2
4 2
3 5
7 3
4 0
4 4
2 0
2 5
7 1
6 3
4 1
4 2
3 5
10 0
10 0
10 3
8 2
6 5
15 2
13 4
2 4
2 2
2 5
6 1
5 1
5 2
5 2
5 5
8 3
6 4
2 2
2 3
2 5
5 4
2 2
2 3
2 2
2 5
6 4
2 3
2 4
2 3
2 5
5 2
5 2
3 2
3 3
3 5
7 3
6 1
6 4
2 4
2 5
5 2
5 3
4 1
4 3
4 5
10 1
10 2
8 0
8 1
8 5
17 3
13 2
12 3
11 4
2 5
5 1
5 2
3 2
2 1
2 5
6 1
5 1
5 0
5 0
5 5
11 4
2 3
4 0
4 3
3 5
6 2
6 2
3 0
3 1
3 5
8 0
8 1
7 2
5 1
5 5
11 3
6 3
5 2
4 4
2 5
5 3
3 1
3 1
3 1
3 5
10 3
7 3
7 1
7 1
7 5
17 2
15 4
2 2
2 0
2 5
6 4
2 3
3 3
2 3
2 5
5 0
5 0
5 3
4 0
4 5
10 1
10 3
8 2
7 0
7 5
18 2
16 0
16 1
16 3
13 5
28 1
27 3
26 2
23 2
20 5
38 4
2 4
2 2
2 3
3 5
5 3
4 3
4 4
3 3
4 5
5 3
5 3
5 3
5 4
2 5
5 1
5 2
4 0
4 2
4 5
9 4
2 4
2 3
3 2
3 5
6 0
6 2
6 3
4 2
3 5
8 2
5 3
4 1
4 4
2 5
5 2
5 2
5 3
4 1
4 5
10 3
9 0
9 4
2 4
2 5
5 0
5 3
4 2
3 1
3 5
8 3
8 4
2 4
2 4
2 5
5 0
5 4
2 4
2 3
2 5
5 4
2 1
2 1
2 4
2 5
5 4
2 3
2 3
3 1
3 5
5 1
5 4
2 1
2 3
3 5
5 4
2 2
2 1
2 1
2 5
5 3
4 4
2 0
2 1
2 5
5 1
5 0
5 3
4 2
4 5
11 3
8 1
8 1
8 3
8 5
18 1
18 4
2 1
2 2
2 5
6 3
4 4
3 1
3 4
3 5
5 2
3 2
3 3
4 4
2 5
5 2
4 3
3 1
3 2
2 5
5 2
5 1
5 4
2 3
3 5
5 0
5 0
5 0
5 4
2 5
5 4
2 2
2 3
2 3
3 5
5 3
6 1
6 3
5 3
5 5
13 3
10 2
9 2
7 2
6 5
16 2
13 2
11 3
8 2
6 5
15 3
13 0
13 2
11 4
2 5
5 2
5 1
4 3
4 2
3 5
8 4
2 1
2 2
2 1
2 5
6 1
4 1
3 4
2 1
2 5
5 0
5 3
4 3
4 4
2 5
5 2
4 2
4 2
4 3
2 5
6 0
6 3
5 1
5 4
2 5
5 1
5 4
2 4
2 2
2 5
6 4
2 4
2 4
2 4
2 5
6 3
4 3
3 3
3 0
3 5
9 3
6 2
5 2
3 4
3 5
5 3
6 0
6 1
6 2
5 5
12 4
2 4
2 3
2 3
2 5
5 1
5 4
2 3
2 2
2 5
5 2
3 2
3 2
3 3
4 5
7 2
5 3
4 1
4 3
4 5
11 4
2 2
2 2
2 4
2 5
6 3
3 4
2 1
2 3
3 5
5 0
5 4
2 3
3 3
2 5
5 3
4 3
4 2
3 3
3 5
8 4
2 2
2 4
2 1
2 5
5 1
5 0
5 4
2 4
2 5
6 4
2 3
2 4
2 3
3 5
5 2
5 2
3 2
3 4
2 5
6 3
3 1
3 2
3 1
3 5
9 0
9 2
7 3
4 2
3 5
10 2
9 2
6 3
3 3
3 5
8 2
8 4
2 2
2 3
3 5
5 4
2 4
2 4
2 2
2 5
6 1
5 4
2 4
2 3
4 5
5 3
5 3
5 3
5 4
2 5
5 3
3 3
3 0
3 4
2 5
5 2
5 0
5 3
4 2
4 5
9 4
2 3
3 3
3 2
2 5
5 3
3 2
3 4
2 2
2 5
6 2
6 4
6 2
6 2
6 5
6 4
6 0
6 4
6 4
6 5
6 2
6 1
4 3
2 2
2 5
6 2
6 3
2 2
2 4
2 5
6 1
6 2
6 3
3 1
3 5
9 4
2 0
2 0
2 4
2 5
5 3
3 2
3 2
3 3
4 5
7 4
2 0
2 0
2 2
2 5
6 2
6 1
2 0
2 2
2 5
6 4
2 4
2 2
2 3
3 5
5 2
5 3
4 3
4 4
3 5
5 2
5 2
3 4
2 3
2 5
5 2
5 0
5 0
5 2
3 5
8 3
3 0
3 2
3 4
2 5
5 0
5 3
4 1
4 2
3 5
8 3
6 3
6 4
2 3
3 5
5 3
4 2
3 2
3 3
4 5
9 4
2 2
2 3
2 3
3 5
5 1
5 4
2 3
3 2
2 5
5 2
5 2
5 2
5 4
2 5
6 3
4 0
4 0
4 3
4 5
10 1
9 3
9 4
2 4
2 5
5 3
4 3
4 4
3 0
3 5
5 3
4 4
2 2
2 3
3 5
5 2
5 2
3 2
3 4
2 5
6 1
4 3
3 3
3 3
3 5
8 2
5 2
3 3
3 3
5 5
7 3
7 2
6 3
6 4
2 5
5 3
5 0
5 1
5 4
2 5
5 4
2 1
2 4
2 3
3 5
5 4
2 2
2 4
2 0
2 5
6 3
3 3
3 0
3 0
3 5
8 3
7 4
2 3
2 3
3 5
5 0
5 3
4 0
4 4
2 5
5 3
4 3
4 4
2 0
2 5
7 3
4 4
2 3
3 2
2 5
5 3
4 3
4 4
3 1
3 5
5 1
5 3
4 3
4 0
4 5
12 2
9 4
2 2
2 1
2 5
6 4
2 2
2 0
2 4
2 5
6 4
2 1
2 4
2 3
2 5
5 4
2 3
3 1
3 2
3 5
6 2
4 0
4 3
3 1
3 5
7 0
7 3
5 3
5 4
2 5
5 3
3 3
3 4
2 4
2 5
5 0
5 1
5 3
3 2
3 5
9 3
6 4
2 3
3 2
3 5
6 4
2 1
2 2
2 3
2 5
5 4
2 0
2 3
3 4
3 5
5 3
4 3
4 2
3 4
2 5
5 2
5 3
4 1
4 3
5 5
10 4
2 3
3 2
3 3
2 5
5 2
5 1
4 2
3 3
3 5
8 3
6 3
6 2
5 1
5 5
14 0
14 3
12 3
11 4
3 5
5 4
2 0
2 3
4 4
3 5
5 4
2 3
3 0
3 4
2 5
5 2
3 4
2 1
2 3
3 5
5 3
4 3
4 3
4 2
3 5
9 3
9 3
7 1
7 4
2 5
5 3
4 4
2 0
2 1
2 5
5 2
5 0
5 3
4 3
4 5
10 4
2 2
2 3
3 0
3 5
7 2
7 0
7 2
5 3
3 5
9 3
8 2
7 3
7 4
2 5
5 0
5 4
2 4
2 4
2 5
5 1
5 2
5 4
2 3
3 5
5 3
5 3
5 3
6 1
6 5
12 0
12 0
12 3
11 0
11 5
24 4
2 4
2 4
2 4
2 5
5 2
5 1
5 4
3 4
3 5
5 4
2 3
2 4
2 2
2 5
6 3
3 4
3 1
3 3
3 5
5 4
2 0
2 2
4 3
3 5
5 2
3 4
2 4
2 1
2 5
5 4
2 4
2 2
2 1
2 5
5 3
3 4
2 4
2 3
2 5
5 3
4 4
3 2
3 3
2 5
5 3
4 4
2 4
2 1
2 5
5 2
3 2
3 3
3 4
2 5
5 4
2 0
2 3
3 3
4 5
5 3
5 4
3 1
3 0
3 5
7 4
2 0
2 2
2 2
2 5
6 4
2 1
2 4
2 4
2 5
5 3
3 0
3 3
3 2
3 5
9 4
2 2
2 0
2 4
2 5
6 4
2 0
2 1
2 3
2 5
5 4
2 4
2 2
2 4
2 5
6 3
4 3
3 1
3 3
3 5
9 4
2 3
3 4
3 3
3 5
5 2
5 1
4 4
2 3
2 5
5 0
5 0
5 4
2 4
2 5
5 2
3 1
3 1
3 1
3 5
8 2
8 3
3 4
2 3
2 5
5 3
3 4
3 3
3 1
3 5
5 2
3 4
2 2
2 0
2 5
6 4
2 2
2 4
2 0
2 5
6 1
5 1
4 2
3 3
2 5
7 1
7 1
7 4
2 2
2 5
5 2
5 3
3 1
3 4
2 5
5 4
2 3
2 2
2 0
2 5
6 2
6 0
6 3
2 4
2 5
5 3
3 0
3 4
2 4
2 5
5 0
5 2
3 0
3 3
3 5
7 4
2 3
2 4
2 1
2 5
5 3
3 3
3 3
3 4
3 5
5 3
5 2
4 2
3 3
3 5
9 4
2 4
2 4
2 4
2 5
5 3
3 0
3 3
3 3
3 5
10 3
7 2
5 4
2 3
3 5
5 2
5 2
3 0
3 3
3 5
8 1
8 3
6 4
3 4
3 5
5 1
5 0
5 0
5 3
5 5
12 3
11 3
10 2
9 3
9 5
21 3
20 0
20 0
20 0
20 5
38 3
35 0
35 3
35 2
32 5
56 -1
4 1
4 4
4 4
4 2
5 0
5 5
8 2
8 1
8 0
9 4
2 2
2 1
3 1
3 2
2 5
6 1
4 4
2 0
3 1
3 5
8 3
4 1
4 4
3 2
3 5
6 0
8 1
8 2
6 2
4 5
8 1
4 3
3 2
2 3
2 5
6 4
2 0
3 2
3 3
4 5
7 0
9 4
2 1
3 4
3 5
5 3
5 2
4 3
4 3
5 5
10 4
2 2
4 0
5 2
6 5
6 0
6 3
2 1
2 3
2 5
5 3
4 0
5 4
3 1
4 5
5 0
7 0
9 3
7 4
2 5
5 4
2 0
4 3
3 0
3 5
9 0
10 1
10 1
10 4
2 5
5 0
8 2
8 4
2 1
2 5
5 0
6 0
9 3
5 4
2 5
5 2
5 3
4 0
5 0
5 5
13 4
2 2
4 0
7 2
6 5
6 0
6 3
3 4
3 1
3 5
5 1
6 2
5 3
4 4
2 5
5 0
8 4
2 0
2 4
2 5
5 2
4 3
2 2
4 2
6 5
6 4
6 3
2 4
2 1
3 5
5 0
7 0
8 0
9 2
6 5
12 4
2 1
2 2
4 1
4 5
6 0
9 1
5 4
2 0
3 5
7 1
7 4
2 2
6 0
6 5
6 2
6 3
2 3
2 2
4 5
8 2
6 1
4 3
3 2
2 5
5 2
3 0
6 3
4 3
3 5
9 4
2 2
4 1
2 4
2 5
5 3
3 4
2 4
2 3
2 5
5 4
2 3
2 2
2 4
2 5
6 1
5 2
4 3
3 2
3 5
6 2
4 2
6 0
6 0
6 5
6 1
4 4
4 0
7 3
3 5
7 4
2 0
3 3
4 4
3 5
5 4
2 0
3 3
4 3
3 5
7 4
2 1
2 4
2 3
3 5
5 4
2 0
3 1
4 1
4 5
8 4
2 1
3 3
2 3
2 5
5 2
6 3
3 1
3 0
3 5
9 2
6 4
2 3
2 4
2 5
5 2
8 3
3 2
3 0
5 5
11 1
11 2
9 3
5 1
6 5
11 3
10 1
10 4
2 2
4 5
6 3
4 3
4 3
4 1
4 5
9 0
12 0
13 2
10 4
2 5
5 4
2 3
3 1
3 4
3 5
5 4
2 0
3 1
3 1
4 5
8 4
2 4
2 2
6 0
6 5
6 3
2 2
4 0
6 0
6 5
10 4
2 3
2 2
2 4
2 5
6 0
6 4
2 0
4 4
2 5
6 2
6 3
2 3
3 1
3 5
5 1
6 1
6 2
5 3
5 5
10 3
10 3
9 4
2 1
3 5
5 4
2 1
3 4
3 3
2 5
5 2
3 3
4 4
3 0
4 5
8 2
6 2
4 0
8 2
6 5
6 3
2 3
3 4
3 3
3 5
5 4
2 2
4 1
5 3
4 5
5 1
5 2
4 0
5 3
5 5
14 4
2 0
3 1
3 0
4 5
9 2
7 1
7 1
6 3
4 5
11 2
9 4
2 2
2 2
2 5
6 4
2 4
2 2
6 1
4 5
8 4
2 2
2 2
6 0
6 5
6 4
6 1
2 2
6 1
2 5
6 1
5 2
4 3
2 2
4 5
8 1
6 4
2 1
2 4
2 5
5 2
3 4
2 1
3 2
2 5
6 2
6 3
2 3
3 2
2 5
5 1
5 1
5 4
2 3
2 5
5 0
5 3
3 0
5 0
7 5
13 1
13 2
11 0
14 2
11 5
13 0
14 1
14 4
2 3
2 5
5 3
4 3
4 4
2 4
2 5
5 0
6 1
6 4
2 2
6 5
6 1
2 1
2 4
2 3
3 5
5 2
5 3
3 2
3 0
5 5
11 4
2 3
3 3
2 4
2 5
5 2
6 3
3 4
2 4
2 5
5 4
2 1
2 1
2 3
2 5
5 2
5 2
4 3
2 3
4 5
7 4
2 3
3 3
2 3
3 5
5 2
3 1
4 3
4 2
3 5
7 2
8 4
2 3
2 1
2 5
5 2
5 1
5 1
5 2
4 5
10 0
10 3
6 4
2 4
2 5
5 2
3 1
3 4
2 1
2 5
5 1
5 0
6 1
6 4
2 5
6 2
6 3
2 1
2 0
2 5
7 1
6 3
4 2
3 4
3 5
5 3
5 3
5 0
5 2
4 5
10 1
10 2
7 2
5 1
5 5
12 3
9 3
9 2
8 1
9 5
19 2
17 1
17 4
2 3
3 5
5 4
2 1
3 1
3 3
2 5
5 2
5 2
8 2
6 1
2 5
6 3
3 4
3 3
4 4
4 5
5 4
2 3
3 0
3 2
3 5
8 2
8 3
4 4
2 0
2 5
7 3
4 4
2 0
2 3
3 5
7 4
2 2
4 1
5 3
3 5
5 4
3 3
3 3
3 2
2 5
5 1
5 0
5 2
3 1
4 5
10 3
7 0
7 1
7 2
6 5
14 2
12 4
2 0
3 4
2 5
6 4
2 4
2 0
3 0
3 5
8 2
6 4
6 4
6 4
6 5
6 3
2 4
2 0
2 4
2 5
5 0
7 1
6 4
2 3
3 5
5 1
5 3
5 3
5 3
5 5
13 1
12 0
14 1
14 4
2 5
5 2
3 2
3 1
3 4
2 5
6 3
3 0
4 3
3 2
3 5
9 2
8 0
10 2
6 3
2 5
5 2
6 0
9 2
6 3
2 5
5 1
5 4
2 2
2 3
3 5
5 4
2 3
3 1
3 1
3 5
5 1
5 2
4 3
4 0
5 5
13 3
10 2
8 2
6 3
5 5
13 3
12 3
11 4
2 2
2 5
6 2
6 4
6 2
6 4
6 5
6 3
2 1
2 3
2 2
2 5
5 2
4 0
6 2
6 2
6 5
6 3
2 3
3 3
2 2
2 5
5 4
2 4
2 3
2 3
3 5
5 1
5 4
2 3
3 2
3 5
6 3
4 1
4 3
4 3
4 5
11 1
11 0
11 4
2 4
2 5
5 1
4 3
3 1
3 3
3 5
9 1
9 1
9 3
7 3
7 5
17 1
17 4
2 4
2 2
2 5
5 4
2 4
2 2
2 1
2 5
5 4
2 3
3 4
3 1
3 5
5 2
6 1
4 4
2 1
3 5
5 3
5 4
2 1
3 1
4 5
5 1
5 2
4 3
4 4
3 5
5 1
5 0
5 1
5 1
6 5
14 4
2 3
2 3
3 4
3 5
5 3
5 2
4 3
4 3
5 5
11 2
9 4
3 0
3 2
2 5
7 4
2 2
2 4
2 0
4 5
9 1
9 0
10 2
8 3
3 5
8 2
6 3
5 3
5 3
5 5
13 3
10 0
10 0
10 0
12 5
24 0
27 3
23 0
24 2
21 5
37 4
2 2
2 3
4 2
3 5
5 3
4 0
5 2
5 4
2 5
5 3
4 2
4 4
2 4
2 5
6 4
2 3
3 4
3 4
3 5
5 3
4 0
6 2
4 2
3 5
9 0
9 3
6 3
5 3
5 5
13 3
12 2
11 0
12 4
2 5
6 3
4 2
3 3
3 1
3 5
8 0
8 3
6 2
5 2
4 5
11 1
11 2
9 0
9 0
9 5
17 3
14 1
14 1
14 0
14 5
27 0
28 3
25 2
22 1
22 5
38 1
38 4
2 0
3 4
2 5
5 2
5 4
2 4
2 3
3 5
5 4
2 0
2 2
2 2
4 5
9 4
2 4
2 4
2 1
2 5
5 4
2 1
2 2
2 0
2 5
5 4
2 4
2 3
2 3
3 5
5 2
3 2
3 3
3 4
2 5
5 3
4 3
4 3
4 2
3 5
8 2
6 4
2 3
2 4
2 5
5 1
4 1
4 2
3 3
3 5
9 2
7 1
6 2
5 4
2 5
6 3
3 2
3 0
3 2
3 5
8 1
7 3
3 1
3 3
3 5
10 3
7 4
2 4
2 3
2 5
5 2
4 4
2 4
2 2
2 5
6 2
6 1
4 0
4 4
2 5
6 3
3 3
4 4
3 3
2 5
5 4
2 3
2 0
3 2
3 5
8 0
8 4
2 3
2 3
2 5
5 2
5 2
5 2
5 3
4 5
10 0
10 3
8 3
8 3
8 5
19 3
18 2
16 3
15 3
15 5
34 2
31 4
3 3
3 1
3 5
5 2
5 0
5 3
5 4
2 5
5 2
5 0
5 4
2 2
2 5
6 2
6 0
6 3
2 3
3 5
5 4
2 3
3 4
3 2
3 5
6 3
5 3
5 2
4 1
4 5
8 0
8 2
6 1
6 3
5 5
13 1
13 4
2 0
3 4
2 5
5 0
5 1
5 3
4 4
2 5
5 4
2 1
2 4
2 3
2 5
5 1
4 1
4 4
2 1
2 5
5 4
2 4
2 2
2 2
2 5
5 0
5 1
5 2
3 4
2 5
6 3
3 4
2 1
2 2
2 5
5 3
4 4
2 1
2 2
2 5
6 1
5 3
3 3
3 1
3 5
8 2
6 4
2 1
2 4
2 5
5 1
5 3
4 4
3 3
3 5
5 4
3 2
2 3
3 1
3 5
5 1
5 0
5 0
5 4
3 5
5 4
2 1
2 4
2 1
2 5
5 2
6 3
3 2
2 0
2 5
7 1
6 3
4 2
3 4
2 5
5 4
2 3
3 3
3 4
3 5
5 4
2 2
2 2
2 2
2 5
6 0
6 3
3 2
3 4
2 5
5 4
2 4
2 0
2 3
3 5
5 3
5 3
5 4
2 0
2 5
5 0
5 1
4 3
4 3
4 5
10 3
9 4
2 4
2 0
2 5
5 0
5 3
4 3
4 4
2 5
5 3
3 3
3 3
3 1
3 5
9 3
9 4
2 3
3 3
4 5
5 4
2 0
2 2
2 3
3 5
5 3
4 3
4 3
4 0
4 5
12 3
9 1
9 1
9 4
2 5
5 4
2 3
3 1
3 3
2 5
5 3
4 3
5 1
5 4
3 5
5 2
3 4
2 4
2 0
2 5
7 4
2 2
2 1
2 4
2 5
6 3
4 0
4 0
4 1
4 5
10 4
2 1
2 1
2 1
2 5
5 3
3 3
3 3
3 3
3 5
9 3
9 0
9 1
9 0
9 5
20 2
18 3
13 4
2 0
2 5
5 0
5 4
2 2
2 4
2 5
6 1
6 2
6 2
6 1
4 5
8 1
5 0
5 3
4 4
2 5
5 3
4 0
4 3
4 4
3 5
5 3
6 4
2 1
2 3
3 5
5 0
5 3
5 3
5 4
2 5
5 3
4 4
3 2
2 1
2 5
5 1
5 4
2 3
2 0
2 5
5 3
4 3
4 3
4 3
4 5
10 0
10 3
8 2
7 0
7 5
18 4
2 4
2 2
2 2
2 5
6 1
4 4
2 3
3 0
3 5
7 3
5 4
2 4
2 4
2 5
5 4
2 0
2 2
2 4
2 5
6 3
3 3
3 0
3 2
3 5
9 3
5 3
5 4
2 0
2 5
5 4
2 3
3 1
3 4
3 5
5 4
2 4
2 3
2 2
2 5
6 3
3 2
3 3
3 3
3 5
7 3
5 4
2 4
2 2
2 5
5 3
4 3
4 3
4 2
4 5
10 4
2 3
3 3
3 1
3 5
5 3
5 3
5 2
4 4
2 5
5 2
3 3
4 0
4 0
4 5
9 1
9 1
9 1
8 0
8 5
19 0
19 4
2 3
3 3
3 5
5 0
5 3
4 0
4 4
2 5
5 1
5 3
4 0
4 3
4 5
10 1
10 1
10 2
8 2
7 5
15 3
11 1
11 0
11 0
11 5
24 1
24 0
24 2
21 4
2 5
5 2
3 4
2 4
2 3
2 5
5 3
5 1
5 4
3 3
3 5
5 3
5 3
6 1
6 4
2 5
5 4
2 4
2 3
2 3
2 5
5 3
4 3
5 3
5 0
5 5
12 0
12 1
12 1
12 4
2 5
5 2
5 3
3 4
2 1
2 5
5 4
2 2
2 0
2 3
2 5
5 3
4 3
4 3
4 0
4 5
11 2
9 1
9 4
2 3
3 5
5 4
2 3
3 3
2 1
2 5
5 1
5 3
4 1
4 3
4 5
11 4
2 2
2 4
2 2
2 5
5 3
4 2
3 3
4 0
4 5
10 4
2 3
2 3
3 4
3 5
5 3
4 1
4 3
4 4
3 5
5 3
5 3
5 3
6 3
5 5
12 4
2 3
3 0
3 3
4 5
7 2
5 1
5 3
4 4
2 5
5 0
5 0
5 2
5 3
3 5
9 4
2 3
2 3
2 1
2 5
5 4
2 3
2 1
2 3
2 5
5 0
5 2
5 4
2 1
2 5
5 1
5 3
4 2
3 4
3 5
5 4
2 4
2 4
2 3
2 5
5 3
4 0
4 3
4 3
4 5
10 2
7 1
6 0
6 3
5 5
13 2
10 4
2 3
2 0
2 5
5 2
3 2
3 4
2 4
2 5
6 1
4 0
4 4
2 4
2 5
5 4
2 4
2 3
3 1
3 5
5 0
5 3
4 0
4 1
4 5
12 0
12 0
12 2
10 3
8 5
18 2
15 3
12 3
11 0
11 5
26 1
26 1
26 1
26 0
26 5
43 3
41 2
38 4
2 4
2 5
5 4
2 3
2 1
2 1
2 5
5 0
5 3
4 4
2 4
2 5
5 3
4 0
4 3
4 4
2 5
5 1
5 2
5 2
5 3
4 5
10 3
8 0
8 1
8 0
8 5
19 4
2 0
2 4
2 0
2 5
7 1
6 4
2 3
2 3
2 5
5 1
5 0
5 4
2 2
2 5
6 3
3 2
3 3
3 3
4 5
8 4
2 3
3 0
3 4
3 5
5 2
5 4
2 1
2 3
2 5
5 3
3 2
3 1
3 4
2 5
5 0
5 3
4 4
2 1
2 5
5 4
2 0
2 3
2 3
2 5
5 1
4 3
3 0
3 0
3 5
9 4
2 4
2 4
2 1
2 5
6 0
6 2
6 2
6 3
2 5
5 4
2 3
2 1
2 2
2 5
5 4
2 3
4 1
4 1
4 5
5 3
5 3
5 2
4 1
4 5
12 3
10 3
9 3
9 3
9 5
21 4
2 0
2 4
2 4
2 5
6 2
6 2
6 1
2 2
2 5
6 4
2 4
2 3
3 0
3 5
7 3
5 3
5 3
5 0
5 5
13 3
12 4
2 2
2 0
2 5
7 3
4 3
4 1
4 2
3 5
10 2
7 3
4 3
4 3
4 5
11 1
11 4
2 4
2 4
2 5
5 1
5 2
4 3
2 3
3 5
7 0
7 0
7 1
7 4
2 5
5 4
2 3
2 2
2 2
2 5
5 3
5 2
4 0
4 2
3 5
8 1
8 4
2 3
3 0
3 5
7 4
3 1
3 2
2 4
2 5
5 4
2 1
2 0
2 3
3 5
5 4
2 3
2 3
3 3
2 5
5 1
5 2
3 4
2 3
2 5
5 3
4 3
4 4
2 0
2 5
7 4
2 1
2 1
2 3
2 5
5 0
5 1
5 4
2 1
2 5
5 4
2 2
2 2
2 4
2 5
6 1
4 4
2 1
2 2
2 5
5 1
5 3
5 0
5 2
4 5
10 3
10 3
9 2
8 2
7 5
16 3
14 4
2 2
2 1
2 5
5 3
3 4
2 3
3 0
3 5
7 0
7 3
6 3
6 3
6 5
14 0
14 3
12 0
12 4
3 5
5 2
5 0
5 0
5 3
5 5
13 3
10 0
10 3
10 3
10 5
23 0
23 2
20 3
19 0
19 5
35 4
2 1
2 3
3 2
2 5
5 1
4 4
2 0
2 4
2 5
6 1
5 0
5 0
5 2
5 5
8 1
8 3
6 1
6 2
5 5
13 4
2 0
2 1
2 4
2 5
5 2
4 2
4 2
4 0
4 5
9 0
9 4
2 2
2 3
2 5
5 3
3 1
3 4
3 4
3 5
5 1
5 0
5 3
5 4
2 5
5 4
2 4
2 2
2 2
2 5
6 3
3 1
3 4
3 2
2 5
5 4
2 4
2 3
2 4
2 5
5 3
4 1
4 0
4 4
3 5
5 3
5 1
5 4
2 3
3 5
5 3
6 4
2 4
2 3
3 5
5 2
3 4
2 2
2 0
2 5
6 1
5 0
5 3
3 4
2 5
5 3
4 0
4 4
2 4
2 5
5 1
4 3
4 2
4 3
5 5
10 0
10 2
7 0
7 4
2 5
5 4
2 4
2 4
2 0
2 5
5 2
4 1
4 4
2 3
2 5
5 4
2 2
2 4
2 4
2 5
6 2
6 2
6 2
6 0
6 5
6 0
6 2
6 3
2 3
3 5
5 4
2 1
2 3
3 2
3 5
6 3
5 3
5 4
3 2
2 5
5 0
5 3
5 4
3 1
3 5
5 4
3 2
3 1
3 2
3 5
6 1
6 2
5 1
5 3
3 5
9 4
3 3
3 0
3 1
3 5
7 0
7 3
5 4
2 2
2 5
5 2
5 4
2 0
2 4
2 5
5 4
2 3
3 4
3 4
3 5
5 0
5 2
5 1
4 2
4 5
10 0
10 0
10 3
5 1
5 5
14 1
14 4
2 4
2 4
2 5
5 0
5 4
2 4
2 4
2 5
5 3
4 0
4 0
4 1
4 5
11 4
3 4
3 2
3 2
3 5
6 4
2 0
2 3
2 2
2 5
6 0
6 2
6 3
2 3
3 5
5 4
3 2
2 1
2 1
2 5
5 3
3 2
3 4
2 0
2 5
5 2
4 3
3 4
2 2
2 5
6 2
6 1
4 1
2 3
3 5
5 3
4 3
4 0
4 3
4 5
12 3
10 4
2 2
2 1
2 5
6 1
5 4
2 3
3 2
3 5
6 2
6 3
3 4
3 3
3 5
5 2
5 2
3 2
3 2
3 5
9 -1
