5 2000
758 3
582 0
536 1
538 2
536 1
538 4
494 3
515 5
608 5
1016 0
1016 2
1011 2
1007 5
1580 2
1575 0
1575 3
1114 5
1813 4
527 1
527 3
508 4
504 0
492 1
493 4
472 1
472 2
471 0
471 1
472 3
494 3
497 2
496 2
495 0
494 3
511 2
510 5
890 5
1464 0
1464 0
1464 0
1464 4
490 2
487 0
483 1
485 5
851 2
848 2
844 1
843 0
843 3
675 2
673 3
644 5
1203 3
1003 1
1003 3
958 2
956 4
497 5
674 3
606 2
604 0
602 2
601 2
600 4
477 5
649 4
473 4
471 1
471 1
472 4
472 2
471 3
498 1
498 2
496 5
645 4
466 5
637 2
635 2
633 4
466 1
468 3
489 2
487 5
639 4
468 5
635 3
567 2
565 3
561 4
486 2
485 2
484 4
484 3
485 5
654 4
471 0
470 4
464 3
482 2
480 3
489 3
484 5
644 2
642 0
642 4
465 3
491 1
491 4
491 2
489 3
490 0
490 5
927 0
927 4
492 2
491 4
489 3
498 5
628 1
628 3
584 2
582 1
582 3
573 2
572 2
570 4
481 4
480 1
482 2
481 4
480 4
480 1
480 4
480 2
479 0
478 3
495 1
496 3
493 2
492 1
494 3
497 4
478 2
476 3
483 4
483 4
483 3
487 1
487 1
487 3
484 1
484 5
637 2
635 3
577 4
491 2
490 5
631 4
472 2
472 1
472 0
469 2
469 1
470 2
469 3
492 4
482 0
480 4
464 4
464 2
464 2
464 2
464 1
466 0
465 2
465 0
465 5
850 3
679 3
643 3
635 2
634 3
629 5
1216 5
1964 1
1964 2
1959 2
1954 2
1949 1
1949 5
2693 1
2693 5
3429 0
3429 5
4164 2
4154 3
3802 2
3794 2
3786 1
3786 0
3785 2
3777 2
3769 4
530 1
530 2
528 4
525 2
521 1
521 4
521 0
503 2
502 1
503 5
895 4
487 2
485 1
486 0
480 3
499 1
500 2
499 2
497 0
497 4
469 0
469 3
499 0
499 3
509 4
473 3
482 2
480 2
479 2
478 1
478 4
478 0
476 0
476 4
463 0
463 2
463 1
463 5
821 0
821 4
468 5
626 0
624 3
560 0
558 3
559 1
559 2
557 4
481 2
480 2
479 0
478 5
895 3
723 1
724 5
1348 0
1348 0
1348 2
1344 1
1343 5
2119 0
2119 4
511 2
509 2
507 4
502 0
489 5
876 4
475 4
475 5
630 2
628 4
469 0
467 3
489 0
487 2
486 0
486 5
885 2
882 2
878 5
1444 3
1087 4
515 5
638 1
639 3
587 4
489 4
489 4
489 1
489 4
489 0
486 4
464 4
464 1
464 2
464 0
464 2
463 3
485 3
493 3
493 0
491 3
501 4
474 0
474 4
465 5
637 1
637 3
575 0
575 4
483 1
484 2
483 3
491 4
490 2
488 2
486 2
482 5
632 4
472 2
471 2
471 3
495 1
495 1
495 2
493 0
490 1
491 0
490 0
490 4
463 3
484 3
487 5
629 2
627 0
627 4
470 3
498 1
498 2
496 1
496 3
501 0
494 4
464 0
464 3
486 4
478 2
476 0
475 0
475 0
475 3
492 2
490 0
490 3
496 5
901 2
898 0
898 3
728 4
492 3
490 1
493 3
496 1
496 2
492 0
487 2
486 1
487 4
465 4
464 3
480 4
480 4
480 2
476 5
610 3
570 5
993 5
1659 4
502 0
488 2
487 5
884 4
476 3
486 4
485 4
485 4
485 2
484 5
623 0
622 4
466 0
466 2
466 5
834 2
830 3
678 3
641 2
640 1
640 2
639 2
637 3
634 2
632 4
494 4
494 3
486 3
498 2
495 0
493 5
929 5
1517 1
1516 4
485 2
484 3
497 5
626 4
475 4
475 2
475 0
471 5
832 3
681 2
679 2
677 1
678 4
507 0
501 2
500 0
500 1
500 5
924 4
496 1
496 4
494 5
640 3
583 3
574 3
570 0
567 4
476 1
476 5
657 2
655 4
473 2
472 2
471 4
471 2
470 5
622 1
623 2
621 1
621 2
619 2
617 0
617 4
470 0
469 0
469 5
849 5
1392 0
1392 0
1392 5
1964 2
1957 0
1957 5
2526 4
533 2
532 2
531 0
511 0
511 2
510 0
510 1
510 5
852 3
680 5
1151 0
1151 2
1148 0
1148 3
920 2
917 4
510 4
507 0
498 2
497 4
467 1
468 3
486 3
487 4
486 4
486 0
483 0
483 3
496 2
495 4
473 2
472 4
472 5
638 2
636 4
472 5
621 1
621 2
619 5
1096 0
1096 3
823 3
743 5
1413 1
1413 1
1413 2
1410 2
1406 0
1406 4
502 2
501 4
501 2
500 2
499 0
493 2
492 4
469 2
469 5
626 2
624 5
1129 0
1129 3
828 5
1473 2
1468 2
1464 1
1464 2
1459 1
1458 0
1458 1
1458 0
1458 5
2266 2
2259 0
2259 1
2259 4
505 2
504 2
503 4
499 2
498 4
498 4
498 1
498 1
498 4
498 2
497 1
498 0
488 0
488 4
470 5
626 2
624 4
473 5
623 3
562 2
560 2
558 0
555 3
560 2
558 3
561 0
558 2
557 4
479 5
660 5
1185 1
1184 4
486 5
631 2
629 2
627 5
1089 4
481 3
488 0
483 2
482 2
481 2
480 2
479 3
501 3
496 3
499 3
504 5
843 3
711 0
709 0
709 2
707 0
707 2
705 3
684 4
490 4
487 0
486 2
485 5
913 3
741 4
508 5
650 2
648 4
475 2
474 5
621 5
1082 3
807 0
804 4
499 4
496 0
493 3
505 3
511 2
510 1
511 5
892 3
737 3
714 0
712 0
712 4
493 1
493 1
493 4
488 4
488 2
487 0
486 2
485 0
485 2
484 3
504 0
504 5
964 5
1568 2
1563 2
1558 1
1558 0
1558 2
1553 2
1548 4
490 2
489 4
488 4
488 3
505 0
500 3
512 3
511 1
511 5
894 2
891 2
888 1
888 2
885 3
736 3
696 5
1344 4
497 0
493 2
492 2
491 0
491 1
492 5
911 2
908 1
907 1
907 3
727 3
695 4
488 2
487 4
483 4
483 2
482 5
647 2
645 2
643 5
1149 5
1754 4
499 0
486 4
469 2
469 3
488 4
488 4
488 4
488 2
486 4
486 0
483 0
483 2
482 2
481 5
874 2
871 3
702 3
666 4
498 1
498 1
498 3
493 0
489 2
488 4
465 2
463 5
638 4
468 1
468 0
465 0
465 3
487 2
483 2
482 0
482 3
498 3
496 1
496 2
494 3
497 1
497 3
498 1
499 2
498 2
497 3
497 5
890 1
891 3
732 1
733 5
1375 2
1371 5
2172 2
2167 2
2162 2
2157 2
2149 2
2143 1
2143 0
2143 0
2143 5
2935 4
508 4
504 0
486 3
508 0
506 0
506 5
947 4
491 5
639 0
638 2
636 2
633 4
470 2
469 3
490 2
488 3
487 2
485 0
484 2
483 4
464 1
464 2
464 0
464 3
484 0
484 2
483 1
485 3
499 0
498 0
498 4
469 3
479 4
479 5
622 2
620 0
620 1
620 1
620 5
1103 5
1687 5
2277 0
2277 3
1761 3
1430 1
1430 3
1272 5
2380 2
2372 2
2368 4
519 2
516 2
514 3
499 3
510 0
505 0
505 3
516 3
514 0
514 4
470 1
470 0
470 0
470 4
466 1
466 2
465 0
465 2
465 0
465 0
465 1
465 2
465 0
465 0
465 0
465 3
490 2
489 0
489 2
488 0
488 3
501 4
477 4
476 4
476 5
640 5
1133 3
855 0
852 2
849 3
797 0
797 4
505 3
490 4
487 0
481 2
480 4
465 5
653 2
651 4
470 5
646 3
582 0
581 3
580 2
579 5
1150 2
1146 2
1142 4
494 3
489 3
494 4
491 3
491 3
498 5
637 0
636 4
470 0
470 3
490 4
474 2
473 2
471 0
471 2
470 2
469 3
487 1
487 4
471 4
471 4
471 2
470 3
481 2
480 4
480 5
640 1
639 5
1110 0
1110 0
1110 2
1105 1
1105 0
1105 1
1105 2
1100 2
1095 3
831 4
501 2
499 1
499 3
492 1
492 0
484 1
484 2
483 5
877 0
877 2
873 0
873 2
870 2
867 3
710 2
708 3
656 4
494 4
493 5
638 2
636 0
636 4
473 4
472 4
472 0
470 2
469 1
469 3
491 3
499 3
499 3
500 4
488 2
486 4
486 2
485 2
484 4
484 4
484 2
483 5
645 2
643 5
1154 1
1153 4
484 4
481 0
473 2
472 3
492 4
480 2
479 4
479 4
479 3
482 4
482 5
626 2
623 3
581 2
579 3
569 2
568 2
566 1
566 1
566 2
565 2
564 0
562 3
567 5
1119 4
497 0
493 2
492 2
491 4
471 1
471 2
470 3
485 4
484 2
483 0
480 0
480 1
480 3
496 4
474 3
481 2
477 2
475 3
489 5
642 4
469 2
469 0
469 0
469 2
468 2
468 2
468 4
467 0
467 4
467 2
467 2
467 4
467 3
490 2
487 2
486 2
485 2
484 4
484 2
482 3
495 3
488 3
493 2
491 3
489 2
485 5
625 3
578 2
576 3
578 0
575 1
575 4
481 3
483 2
481 4
479 5
643 3
581 5
1047 0
1047 5
1720 1
1720 2
1715 2
1710 4
501 2
500 2
499 2
498 2
497 2
496 0
486 1
486 0
486 1
486 2
485 2
484 3
507 1
507 3
504 0
502 1
502 0
502 0
502 0
502 4
467 2
466 2
465 5
628 3
575 1
575 2
574 2
572 0
570 5
1129 2
1125 3
911 0
910 2
906 4
516 0
510 2
509 1
509 4
474 4
470 0
470 0
470 4
468 3
484 0
481 2
480 5
882 2
879 1
879 0
879 3
717 3
676 3
667 4
486 5
664 0
664 3
597 2
595 2
593 2
591 5
1093 4
490 3
490 4
489 3
494 2
493 2
491 0
486 2
485 2
484 4
465 5
633 5
1113 3
836 1
836 1
836 1
836 4
511 1
511 2
510 0
500 3
511 5
902 2
899 0
898 2
895 5
1487 5
2108 5
2719 2
2711 0
2711 0
2711 4
519 4
510 4
510 3
507 0
493 4
473 5
621 4
474 4
474 4
474 2
473 2
472 3
503 4
503 2
501 1
501 1
501 1
501 5
609 5
1033 3
794 2
791 5
1399 1
1399 5
2175 5
2963 0
2963 5
3743 0
3743 4
523 1
523 2
521 1
521 2
520 3
525 5
637 1
637 0
630 2
628 0
628 2
626 3
584 2
582 1
582 3
581 3
571 5
1009 3
839 2
837 4
501 4
499 0
494 3
508 4
476 2
472 2
471 0
471 2
470 2
469 2
468 2
468 1
468 3
487 4
475 4
475 3
484 0
479 5
881 2
878 4
485 0
480 4
466 0
466 3
495 5
829 2
826 3
695 2
692 3
663 2
662 3
659 3
657 4
480 4
480 4
480 0
479 3
494 3
495 2
494 4
473 3
484 0
482 4
464 3
484 4
484 5
640 0
640 2
638 1
638 0
638 1
638 0
638 2
636 1
636 4
475 5
612 5
1112 5
1719 2
1713 1
1710 3
1235 5
1975 3
1637 4
521 0
510 4
474 5
638 4
474 3
490 5
635 2
633 2
631 2
629 3
580 3
573 4
486 0
483 1
483 0
483 2
482 4
467 2
466 4
466 3
485 0
484 3
501 0
499 4
468 5
635 0
635 0
635 5
1142 0
1142 3
846 3
773 1
773 1
773 1
773 3
752 2
750 2
749 3
743 0
743 3
744 3
743 3
741 2
740 1
740 4
488 4
485 4
485 5
685 0
685 2
683 4
474 0
470 2
470 4
467 2
467 3
488 2
487 5
653 3
596 3
587 0
586 4
485 0
485 3
500 4
481 2
480 1
480 2
479 0
479 5
907 4
485 4
483 0
477 3
498 2
497 4
485 5
638 4
473 2
472 2
471 4
468 5
616 2
614 4
467 1
467 0
466 0
466 0
466 3
482 2
481 0
478 2
477 3
494 2
493 2
492 4
471 0
471 3
484 0
484 0
484 2
483 2
482 4
462 2
462 4
462 2
462 4
462 0
462 4
462 4
462 2
462 4
462 4
462 2
462 2
462 2
462 1
462 4
462 2
462 3
483 2
481 0
478 1
478 3
492 5
884 3
731 4
503 2
501 4
498 1
498 0
492 4
464 2
464 3
480 3
483 1
483 2
482 3
486 5
653 5
1149 4
491 1
491 2
490 4
489 0
481 5
853 3
688 0
685 1
685 0
685 1
685 0
685 5
1382 0
1382 1
1381 5
2135 5
2883 4
513 3
510 3
516 3
505 2
503 1
503 4
502 4
502 5
619 2
616 1
616 2
614 5
1038 2
1034 4
490 0
485 4
470 5
635 2
633 0
633 2
631 4
475 4
475 2
474 0
473 0
473 2
473 0
473 3
489 4
480 4
480 1
480 5
644 2
642 5
1107 4
485 2
484 2
483 5
623 3
561 2
559 4
497 4
495 5
627 5
1103 2
1100 5
1701 5
2301 3
1758 0
1756 4
526 3
514 1
514 5
650 1
650 2
648 2
646 4
487 4
486 5
609 5
1029 4
489 5
640 0
635 0
635 5
1100 5
1676 3
1127 4
518 4
515 5
625 3
576 1
576 2
575 2
574 1
574 4
493 4
490 3
490 5
624 0
624 5
1100 4
482 5
632 4
474 3
492 3
496 0
488 1
488 2
487 3
503 5
864 3
717 4
501 2
500 3
499 3
497 0
489 1
489 2
488 2
487 2
486 3
501 4
477 5
633 2
631 3
580 0
577 4
480 0
480 4
467 2
466 4
465 3
480 1
480 1
480 3
488 2
484 2
483 5
627 2
625 2
623 2
621 4
466 3
496 0
492 2
491 2
490 3
502 4
474 1
474 3
486 4
486 2
484 3
488 1
488 3
484 4
484 0
482 3
496 5
862 5
1435 4
485 3
497 1
497 2
496 1
496 3
503 2
501 1
501 3
500 1
500 4
499 4
499 2
495 1
495 0
487 3
507 0
505 4
465 1
465 4
465 0
465 3
489 2
487 0
487 1
487 0
487 3
495 2
494 4
466 4
466 3
485 2
483 5
640 1
640 2
638 3
591 5
1026 2
1023 0
1023 4
498 5
625 2
623 0
623 3
577 2
576 0
569 4
479 3
489 4
488 3
480 5
639 1
639 5
1157 4
489 2
488 2
487 3
504 2
503 0
497 1
497 2
496 3
507 0
506 0
506 2
505 2
504 1
504 2
503 0
503 4
470 3
484 0
481 0
481 4
467 2
466 5
630 2
628 5
1112 2
1107 0
1107 0
1107 3
836 0
833 3
783 4
502 3
493 0
488 0
488 4
471 4
468 5
649 0
649 0
649 0
649 3
583 2
581 4
491 0
489 0
489 5
907 4
498 1
498 1
498 0
489 4
465 3
482 0
479 3
494 2
493 5
863 0
863 2
860 4
477 4
475 4
475 5
613 2
611 0
609 0
609 0
609 0
609 4
465 4
465 2
464 3
493 2
489 5
626 0
626 0
626 4
465 2
465 1
465 2
464 3
488 0
484 4
461 5
615 0
615 4
464 0
460 3
488 0
487 2
486 2
485 4
461 4
461 5
619 2
617 5
1097 5
1685 3
1195 1
1195 2
1189 3
994 2
991 4
511 2
509 4
507 1
507 4
507 3
501 5
642 4
476 2
475 1
475 0
472 3
487 2
486 4
473 5
636 4
466 2
465 3
488 3
489 3
484 4
484 4
484 0
481 4
461 4
461 2
461 4
461 1
461 4
461 3
485 5
625 2
623 1
623 2
621 0
620 3
581 0
579 4
479 2
478 3
481 2
478 4
477 0
476 5
881 2
878 3
715 2
713 5
1310 2
1306 5
2083 3
1766 4
513 5
647 2
645 0
643 0
643 3
591 4
490 4
488 0
486 2
485 4
463 1
463 4
463 3
487 2
485 0
482 1
483 3
495 4
471 3
488 4
488 4
488 3
486 2
483 3
484 1
484 4
484 0
481 4
465 4
465 5
628 2
626 2
624 3
565 3
560 5
1007 3
841 2
839 4
498 0
496 5
924 0
924 3
750 3
712 0
711 2
709 2
708 0
708 3
704 1
704 0
704 3
704 2
703 5
1474 2
1469 4
495 4
489 3
499 0
493 2
491 4
463 1
463 2
463 5
633 3
569 4
492 2
491 4
490 5
636 3
587 4
486 2
484 4
484 4
484 3
487 1
487 2
485 1
485 5
635 2
633 4
469 0
467 3
490 2
489 0
487 5
915 0
915 0
915 5
1504 4
485 4
484 2
483 2
482 2
481 4
481 0
470 1
470 4
467 2
467 4
467 0
467 3
489 3
491 4
484 1
484 4
484 3
488 4
488 0
484 2
483 5
878 0
878 1
878 2
875 5
1452 5
2063 2
2057 5
2646 2
2638 2
2630 2
2622 2
2615 3
2071 1
2071 2
2064 5
2878 2
2870 1
2869 4
518 2
516 0
505 2
503 1
503 0
503 0
503 2
501 2
500 5
922 3
740 5
1357 0
1357 4
511 3
494 5
626 0
626 2
624 4
470 4
470 2
469 4
469 3
494 0
490 3
505 3
508 4
474 1
474 2
473 2
472 4
472 4
472 3
482 2
481 3
487 2
485 3
478 3
486 1
486 4
486 2
484 5
627 3
571 4
477 2
476 4
476 2
475 0
474 1
474 5
858 2
855 2
852 2
849 4
480 1
480 2
479 1
479 0
474 2
473 1
473 4
467 1
467 4
467 1
467 2
467 0
467 0
467 2
467 0
467 3
484 3
487 2
486 5
815 3
674 5
1254 0
1253 0
1253 4
492 3
495 4
492 2
490 0
483 5
889 2
886 4
485 3
488 4
488 2
486 5
614 5
1087 3
820 5
1479 0
1479 0
1479 3
1227 0
1226 2
1223 4
508 4
502 4
502 3
499 0
493 0
493 1
493 4
469 0
469 2
469 3
494 5
857 3
716 4
501 2
499 5
653 5
1169 2
1164 1
1164 4
491 1
491 5
618 0
615 2
613 2
611 2
609 2
607 4
470 2
469 5
621 4
472 1
472 0
471 -1
758 3
600 2
597 1
598 4
598 4
598 4
598 0
551 5
926 4
511 3
514 1
516 3
502 5
621 1
619 2
617 0
613 0
613 0
613 1
613 0
613 0
613 4
471 5
613 1
614 5
1055 0
1055 0
1055 4
482 5
620 2
618 5
1060 2
1055 2
1051 2
1047 3
766 0
765 2
762 5
1483 0
1483 0
1483 2
1478 2
1474 5
2235 0
2235 5
3010 4
512 1
512 3
511 3
509 4
508 0
496 4
468 3
489 1
491 1
493 4
493 0
489 0
489 5
868 2
865 2
862 0
862 0
862 2
859 4
485 3
489 2
488 0
482 0
482 1
483 1
484 5
845 5
1396 5
1992 5
2555 5
3124 1
3122 4
526 1
526 1
528 5
656 5
1044 5
1598 4
503 4
503 5
633 0
630 0
630 0
630 2
628 4
488 1
488 1
488 3
497 1
499 2
497 2
496 5
629 5
1093 3
834 0
831 5
1614 0
1614 0
1614 4
511 2
509 5
638 1
639 1
640 0
639 5
1164 4
486 2
484 0
476 3
495 1
496 3
506 0
504 4
467 0
467 0
467 1
468 3
488 0
487 5
891 3
729 5
1369 1
1369 0
1369 4
498 5
631 3
584 2
582 1
583 1
585 5
1035 4
501 2
500 1
500 0
495 0
494 0
494 4
470 2
470 3
489 3
484 4
484 1
484 2
482 5
626 1
626 2
624 5
1115 0
1115 2
1110 4
485 5
638 4
474 0
469 1
470 4
468 0
468 4
467 4
467 0
467 0
467 2
467 2
467 5
811 0
811 5
1353 4
485 2
484 3
500 0
491 5
862 5
1413 0
1413 0
1413 0
1413 5
2019 1
2017 3
1530 2
1523 0
1521 2
1515 4
526 2
524 4
518 4
518 0
508 4
477 4
477 5
632 4
474 3
495 0
490 3
508 2
507 2
506 2
505 2
504 3
501 2
500 2
499 3
505 2
504 5
870 1
870 2
867 0
867 1
866 1
866 3
731 5
1324 2
1320 5
2095 4
500 0
490 1
491 1
492 2
491 2
490 2
489 3
515 0
511 1
513 4
473 4
473 2
472 1
472 0
472 2
471 3
497 2
493 2
492 0
491 2
490 5
907 4
482 0
476 4
466 4
465 4
465 2
465 2
465 3
491 5
636 3
586 2
585 3
578 2
576 2
575 5
1036 2
1033 0
1033 2
1030 0
1030 2
1027 2
1024 3
849 0
848 2
845 4
503 5
645 1
643 4
471 0
469 2
469 2
469 2
469 4
468 5
624 4
472 2
471 4
471 3
493 1
495 2
491 4
491 5
628 5
1090 1
1090 1
1089 2
1085 4
484 5
618 3
564 4
488 5
625 3
580 5
1008 2
1004 5
1669 0
1669 5
2347 0
2347 4
506 2
505 4
503 5
632 2
630 2
628 4
492 2
491 2
491 1
492 3
515 1
515 5
621 3
578 2
577 0
575 2
573 2
572 2
571 1
571 5
1111 3
908 5
1685 4
505 4
500 0
492 4
470 3
491 1
492 2
491 0
486 5
889 1
890 3
721 1
722 0
720 5
1470 4
496 5
631 5
1119 3
851 0
848 1
849 4
504 0
502 2
501 5
912 4
491 5
625 5
1077 0
1077 1
1076 1
1076 3
800 2
798 0
795 2
792 5
1553 4
506 5
632 3
580 0
576 0
576 5
1167 2
1163 3
957 4
508 4
503 2
502 3
490 5
648 4
470 3
492 3
488 0
483 0
483 3
498 4
476 5
646 1
646 5
1149 0
1149 0
1149 4
488 2
487 2
486 2
485 4
483 4
483 0
478 0
478 2
477 2
476 0
476 0
476 5
841 3
685 3
644 2
643 0
642 1
643 3
641 1
642 2
641 4
489 5
665 1
666 0
666 0
666 3
607 1
607 3
601 0
599 2
597 2
595 3
595 1
595 3
592 4
481 5
693 4
474 2
473 5
658 2
656 5
1177 3
888 2
885 5
1561 2
1556 3
1290 2
1286 0
1286 5
2369 5
3468 4
503 4
491 5
618 3
572 4
497 1
498 0
492 1
493 4
468 2
467 2
466 1
466 0
466 1
467 0
467 0
467 4
465 5
617 3
558 1
558 0
556 1
557 3
557 2
556 4
477 5
641 0
641 0
641 0
641 2
639 0
639 4
473 2
472 2
472 0
469 3
490 4
483 2
481 3
481 2
480 1
480 2
479 3
488 4
488 4
488 4
488 4
488 5
641 4
468 3
483 2
482 3
489 5
632 2
630 0
629 2
627 5
1129 5
1730 4
495 0
484 3
500 2
499 4
486 0
484 5
873 5
1447 5
2043 2
2036 3
1546 3
1265 0
1262 4
515 3
497 3
497 3
494 3
492 1
492 5
633 1
633 1
634 2
632 2
630 3
576 5
1008 3
831 4
499 5
669 3
596 0
596 5
1194 3
997 5
1869 0
1869 0
1869 3
1612 1
1612 1
1611 4
519 2
517 0
510 4
471 0
471 0
471 5
874 0
874 3
713 2
711 4
507 2
506 3
496 3
488 4
485 3
488 2
487 3
486 3
490 4
490 1
490 2
486 2
485 4
485 5
635 0
635 5
1118 4
479 3
492 4
491 2
489 3
495 4
495 2
494 4
494 0
488 2
486 4
464 2
463 5
616 4
463 2
463 4
463 5
611 0
611 2
609 0
609 0
609 5
1069 0
1069 1
1069 2
1065 2
1061 2
1057 2
1053 5
1633 2
1627 3
1123 4
530 5
640 3
595 3
576 0
575 3
577 0
577 4
482 4
480 5
676 5
1188 0
1188 2
1183 2
1178 2
1173 5
1766 4
501 2
500 0
488 4
473 0
472 4
471 0
471 5
824 2
821 4
479 5
631 2
629 3
566 2
564 3
559 4
490 5
632 2
630 0
629 2
627 3
585 2
583 5
1034 0
1034 2
1031 4
505 5
636 0
634 1
634 4
472 1
472 4
471 0
469 2
468 0
468 2
468 2
468 3
495 3
489 2
485 0
484 5
890 2
887 5
1461 5
2066 1
2066 5
2654 4
522 3
527 1
527 4
527 1
527 1
527 1
527 2
525 3
520 2
518 1
520 2
518 5
621 0
616 2
614 2
612 2
610 2
608 2
606 5
1047 5
1617 4
508 1
508 4
507 5
634 5
1023 5
1579 2
1573 0
1573 2
1567 2
1561 2
1555 2
1550 4
514 3
507 2
505 4
505 2
504 4
504 1
505 5
625 1
625 4
486 0
479 4
469 0
469 2
469 1
469 2
469 5
809 3
659 4
516 2
514 2
511 4
511 2
510 5
635 2
633 3
595 5
1053 3
890 0
889 5
1754 1
1754 2
1749 2
1744 2
1739 2
1734 2
1730 4
505 1
505 4
501 2
500 0
490 2
489 3
507 2
503 2
502 3
503 5
903 5
1495 4
492 1
492 0
484 0
484 1
484 0
484 5
877 4
479 4
479 0
474 5
845 2
842 5
1396 0
1396 0
1396 2
1391 4
490 0
482 2
482 5
835 2
831 2
828 4
481 5
642 5
1107 3
799 5
1369 2
1365 3
1117 4
519 3
501 5
650 2
648 2
646 0
645 5
1125 1
1125 1
1125 5
1718 3
1269 4
523 4
522 0
505 5
904 2
901 0
901 4
495 0
488 2
487 1
487 2
486 3
509 2
508 2
507 1
507 2
506 5
833 4
486 5
624 5
1086 4
491 2
490 0
484 0
484 2
483 5
861 4
481 3
503 1
503 4
501 4
501 4
501 0
494 2
493 0
493 0
493 2
492 5
878 5
1448 2
1443 5
2031 3
1545 5
2310 4
527 2
525 4
524 3
508 0
495 4
467 3
488 1
488 3
488 2
486 5
619 2
617 1
617 3
571 0
569 5
1106 2
1102 4
495 0
491 2
490 4
472 3
499 0
496 2
494 2
493 0
493 0
493 0
493 3
509 2
508 2
507 3
509 2
505 4
471 0
471 3
488 2
487 2
486 3
488 2
485 4
473 5
628 0
628 1
628 1
628 3
576 2
574 2
572 1
572 2
571 2
569 1
569 1
569 5
1010 2
1006 5
1656 4
491 0
484 1
484 2
483 1
483 0
483 2
483 1
483 0
483 4
467 4
466 4
466 3
491 0
488 0
488 2
487 3
504 0
499 3
502 5
918 4
479 4
477 5
619 3
564 5
992 3
818 3
782 0
781 0
781 4
498 2
496 2
495 4
488 0
486 2
485 3
497 2
496 3
505 0
504 0
504 0
504 3
511 4
470 1
470 5
647 4
473 0
471 2
470 3
495 0
494 4
471 1
471 2
470 4
469 5
639 2
637 4
473 0
471 3
489 2
487 0
486 5
925 2
921 1
922 5
1514 2
1509 4
483 1
483 2
482 0
475 2
474 2
473 3
496 4
483 0
481 5
872 5
1445 4
481 2
480 3
492 0
486 3
504 1
505 2
503 2
501 1
501 0
501 2
500 1
500 0
500 1
500 1
500 5
914 0
914 0
914 2
910 0
910 2
907 2
904 5
1497 3
1119 2
1115 1
1115 4
505 1
505 5
655 2
653 1
652 2
650 4
479 0
474 0
474 1
474 0
474 4
467 4
466 3
492 1
492 3
492 2
488 4
488 2
487 4
487 2
486 2
484 1
484 2
483 4
483 4
483 4
483 0
483 2
482 4
466 2
466 5
626 0
626 0
626 2
624 1
623 4
470 4
470 2
470 0
466 2
466 4
465 4
465 2
465 2
465 3
496 5
625 2
623 1
623 2
621 2
619 4
467 5
611 4
467 5
613 3
553 1
553 1
553 2
552 5
963 4
487 1
487 2
486 2
485 4
481 5
610 3
563 2
562 5
982 3
812 2
810 0
809 5
1642 0
1642 0
1642 1
1642 2
1638 0
1638 4
502 0
496 3
515 1
515 2
513 4
484 0
482 5
909 3
729 0
726 5
1476 3
1236 5
2235 5
3285 0
3285 4
514 0
503 0
503 0
503 3
523 5
920 4
492 2
491 2
490 5
636 4
475 3
497 4
495 2
494 5
623 0
622 3
573 0
569 2
567 0
567 3
569 4
478 4
477 4
477 2
476 4
476 4
476 0
476 3
489 5
885 1
884 5
1456 2
1451 4
499 2
498 0
483 4
467 1
467 2
466 2
466 1
466 4
466 5
634 5
1109 4
482 4
482 3
498 1
498 3
502 5
629 4
472 3
497 3
496 2
495 5
626 4
472 0
466 2
466 4
465 4
465 0
465 5
814 5
1365 3
980 1
980 1
980 0
979 0
979 1
978 1
978 2
974 5
1770 2
1765 2
1760 5
2584 5
3411 2
3403 2
3394 4
524 1
524 3
513 2
511 1
511 1
511 2
509 4
508 2
507 3
504 2
502 5
616 4
479 3
505 0
497 0
497 0
497 2
496 0
496 2
495 1
495 2
494 2
493 2
492 1
492 4
466 5
610 2
608 1
608 4
469 5
614 0
614 4
467 5
612 4
469 4
469 1
469 4
469 2
469 2
469 0
468 5
803 2
800 4
473 2
472 0
470 2
470 5
795 0
795 5
1330 2
1325 2
1320 1
1319 2
1314 1
1312 2
1307 5
1867 5
2420 2
2412 4
529 1
529 0
514 4
490 4
490 2
489 4
489 2
489 2
489 0
488 1
488 1
488 4
486 4
486 2
486 2
486 4
486 5
640 2
638 3
554 5
898 0
898 2
893 5
1509 4
497 2
496 5
631 1
631 3
578 4
491 2
490 0
489 4
465 3
486 2
484 0
483 1
483 4
467 3
483 0
481 4
467 1
467 4
467 5
618 0
618 4
475 0
469 5
824 0
824 0
824 2
821 5
1360 5
1942 5
2504 4
524 2
523 3
518 2
516 0
500 3
512 5
853 2
850 2
847 2
844 0
843 5
1426 2
1421 0
1421 4
486 0
482 5
828 0
828 5
1378 2
1373 0
1373 2
1368 2
1363 2
1358 4
487 2
486 0
479 3
499 4
491 5
626 2
624 0
624 4
468 2
468 0
464 2
464 1
464 2
464 2
464 5
796 2
793 3
658 2
656 5
1157 2
1153 0
1153 3
932 1
932 3
891 3
873 0
873 1
873 5
1832 0
1832 5
2800 3
2558 4
527 2
525 1
525 0
513 4
471 3
499 2
498 2
496 3
493 0
490 2
488 2
487 3
505 3
501 5
902 2
899 1
899 2
896 3
736 0
735 0
735 0
735 1
735 5
1493 3
1270 2
1267 2
1264 1
1264 0
1264 5
2322 2
2317 5
3391 5
4458 2
4450 2
4442 2
4435 5
5496 5
6504 2
6495 4
521 4
517 5
616 1
616 3
570 2
568 5
914 4
488 3
491 2
487 1
487 2
485 5
617 4
467 5
607 3
554 0
550 1
550 3
550 3
550 1
550 4
480 2
479 4
478 0
478 0
478 1
478 1
478 5
900 0
900 1
900 4
490 0
488 0
488 4
471 3
489 3
491 1
491 4
491 3
492 5
623 2
621 0
621 2
619 5
1110 5
1705 5
2287 4
508 3
517 2
515 4
513 4
513 2
511 3
513 0
498 0
498 4
468 5
613 2
611 1
611 2
609 2
607 2
605 2
603 3
552 2
551 5
929 2
926 4
494 3
503 3
507 4
504 4
504 0
498 2
497 4
469 1
469 3
488 4
488 0
486 4
469 0
469 3
491 0
490 1
490 3
503 0
502 4
467 3
484 2
482 0
480 2
479 2
478 3
490 4
470 3
482 1
482 4
482 5
640 0
640 3
582 2
581 3
574 3
572 4
479 0
476 3
498 3
494 2
493 4
479 0
479 4
465 2
464 4
464 3
488 1
488 2
484 2
483 3
479 0
476 0
476 2
475 1
475 5
873 2
870 5
1439 0
1439 4
487 1
487 2
486 2
485 2
484 0
480 0
480 2
479 2
478 2
477 2
476 5
836 1
834 1
833 0
833 3
676 2
674 1
674 3
637 2
634 0
631 2
629 5
1290 5
2008 3
1712 4
516 5
642 2
640 1
639 2
637 3
586 0
584 2
583 3
579 4
479 2
478 3
489 4
486 4
486 1
486 5
646 4
469 4
467 3
489 0
486 3
500 2
499 0
499 0
499 2
497 3
503 4
470 5
648 5
1151 2
1146 0
1146 2
1141 2
1136 0
1136 2
1131 1
1131 2
1126 0
1126 5
1723 3
1246 4
523 2
521 4
521 3
514 2
513 4
512 2
510 2
509 4
509 2
508 1
508 0
496 2
495 2
494 2
493 2
492 2
491 1
491 3
507 1
507 2
506 0
504 2
503 3
504 0
504 3
506 3
507 0
507 0
507 0
507 2
506 2
505 0
505 3
509 2
508 4
473 4
472 3
482 1
482 3
484 2
482 2
481 3
480 0
480 0
480 3
493 0
491 3
499 3
501 2
500 2
499 0
499 2
498 2
497 1
497 5
919 2
916 3
748 1
748 0
748 2
745 4
500 5
658 2
656 3
605 2
603 0
602 2
601 2
600 2
599 3
600 2
598 1
598 4
485 3
491 5
669 2
667 2
665 2
663 2
660 4
471 2
470 2
469 3
496 3
490 0
485 2
483 4
464 1
464 4
464 2
464 4
464 2
464 2
464 0
464 3
488 5
844 5
1428 5
2033 1
2032 1
2032 5
2612 4
504 4
503 2
502 1
502 0
491 4
472 4
472 1
472 2
472 5
632 5
1073 2
1069 3
778 0
773 5
1493 1
1492 1
1491 0
1491 0
1491 3
1209 4
528 3
508 2
505 5
653 0
647 1
647 3
586 2
584 2
582 2
581 2
580 3
575 3
571 3
568 0
566 2
565 2
564 5
1144 2
1140 4
500 5
642 2
640 2
638 3
584 0
584 5
1172 2
1168 2
1164 0
1164 2
1160 3
941 2
938 4
508 2
507 5
652 2
650 2
648 2
646 1
646 3
600 2
598 3
586 3
585 1
585 0
581 4
481 3
479 1
479 3
487 4
486 2
484 2
482 2
481 0
481 4
465 2
465 5
643 2
641 2
639 3
575 0
573 1
573 0
573 3
572 5
1162 2
1159 4
492 0
484 1
484 3
497 4
476 5
655 5
1185 3
893 5
1595 3
1328 0
1328 1
1328 0
1328 5
2430 1
2430 1
2430 2
2424 1
2424 3
2196 1
2196 1
2196 3
2100 2
2096 5
3773 3
3586 0
3586 4
527 4
522 2
520 3
503 3
495 2
493 4
492 1
492 2
491 3
496 4
496 0
491 3
503 1
503 2
501 5
910 4
483 2
481 4
478 5
637 1
637 0
636 2
634 3
581 1
581 2
580 0
576 3
579 2
578 2
577 4
492 0
490 1
490 2
489 2
488 2
487 3
500 3
498 5
912 2
909 2
906 0
906 2
903 2
900 3
745 0
742 2
739 5
1512 0
1512 2
1506 5
2285 4
495 3
507 5
633 4
473 0
470 5
843 0
843 4
473 2
473 2
473 3
494 3
493 2
491 2
490 4
489 0
486 5
885 0
885 2
881 0
881 3
706 3
671 3
667 2
665 1
665 3
658 2
657 2
656 0
656 1
656 4
484 4
480 3
488 4
485 3
492 5
669 4
473 2
472 2
471 0
467 5
853 0
853 5
1414 0
1414 0
1414 5
2004 0
2004 3
1497 2
1491 3
1246 0
1245 2
1241 2
1237 2
1233 1
1233 4
514 4
509 4
509 3
508 1
508 0
499 3
509 2
507 5
891 0
891 5
1469 4
487 3
495 3
496 3
503 0
495 0
495 3
509 4
471 5
625 1
625 3
570 2
568 0
566 1
566 1
566 4
480 2
479 4
475 2
474 4
474 0
472 4
466 1
466 1
466 4
466 3
488 3
494 1
494 3
489 4
489 4
489 5
634 2
632 5
1103 2
1099 2
1096 3
829 0
826 4
498 3
488 2
486 2
485 2
484 2
483 2
482 1
482 2
481 4
479 4
479 3
489 1
489 0
485 2
484 0
484 3
501 4
472 2
470 2
469 1
469 4
469 5
629 2
627 0
627 3
577 5
998 3
835 4
504 0
499 2
498 1
498 3
516 3
514 3
521 4
479 5
634 4
471 3
494 2
491 5
621 5
1091 1
1090 0
1090 1
1090 1
1090 0
1090 2
1085 2
1081 2
1078 3
810 4
505 0
495 3
509 1
509 1
509 2
508 0
508 4
468 1
468 0
468 2
467 0
467 1
467 5
878 4
482 2
481 4
480 2
479 1
479 2
478 0
471 4
468 2
468 2
468 4
468 3
495 2
493 0
488 3
499 2
498 2
497 5
898 2
895 4
481 3
499 1
499 4
496 -1
758 2
756 2
754 2
753 1
753 0
705 5
1202 3
1016 4
508 0
499 3
515 2
513 5
902 4
486 2
484 5
629 0
628 3
570 5
1015 4
492 3
494 3
497 2
494 2
492 3
494 0
489 3
504 1
505 4
479 3
486 1
488 0
484 0
484 5
887 2
883 3
720 3
688 1
689 1
690 5
1305 5
2094 5
2898 3
2537 5
3614 3
3361 3
3151 3
3008 5
5025 3
4832 4
534 2
532 5
654 4
490 4
490 5
613 1
613 5
1044 4
487 5
623 3
559 1
560 3
550 0
548 1
550 2
549 1
550 5
1096 5
1740 1
1739 1
1739 0
1739 4
506 2
503 1
506 0
489 1
490 0
490 4
466 3
485 5
642 1
642 4
471 3
496 1
496 4
495 2
491 0
487 0
487 1
487 5
888 5
1466 2
1461 1
1459 5
2044 4
491 5
628 5
1053 1
1053 5
1611 0
1611 1
1611 3
1092 2
1087 2
1082 5
1751 5
2564 2
2556 1
2556 0
2556 1
2556 3
2179 4
509 4
504 3
498 4
496 3
499 4
499 2
497 1
497 5
639 4
482 3
503 5
633 1
633 2
630 1
630 2
628 5
1076 2
1073 2
1070 0
1070 1
1070 2
1067 4
483 3
505 0
494 4
467 2
466 1
466 5
608 3
557 4
490 3
487 5
627 2
625 3
579 1
581 0
580 4
477 3
493 3
487 2
485 5
636 1
637 2
635 5
1135 3
865 5
1541 3
1288 1
1290 1
1290 4
522 0
515 1
517 0
517 1
519 1
521 5
948 3
766 5
1415 5
2207 5
2998 1
2998 1
2998 2
2990 4
516 2
514 5
632 1
633 3
576 2
574 5
979 4
491 5
625 1
625 3
583 5
1005 5
1666 4
489 1
489 0
482 3
494 3
499 4
480 3
492 0
487 5
871 0
871 0
871 0
871 0
871 2
868 2
865 4
489 3
499 2
497 3
493 1
496 2
494 0
492 4
466 4
466 1
467 4
467 1
469 0
468 4
465 0
464 4
464 0
464 5
813 3
668 5
1203 1
1202 3
984 2
981 1
981 1
981 3
926 4
501 4
497 1
497 4
497 1
498 5
653 0
653 3
594 3
585 3
579 1
579 5
1078 0
1078 5
1754 4
500 1
500 2
497 5
616 1
616 3
578 5
1002 5
1660 3
1296 1
1296 4
508 4
505 3
497 2
496 1
498 0
489 2
487 5
890 0
890 1
891 2
888 4
490 3
499 2
498 4
497 3
496 5
637 4
471 3
491 2
489 4
489 1
489 2
488 1
489 2
488 2
487 4
487 3
491 2
489 3
494 2
492 2
491 3
491 2
490 4
490 2
489 0
482 4
465 5
617 3
570 1
571 0
569 2
567 0
567 1
568 1
569 3
569 0
567 0
567 0
567 0
567 5
1148 2
1144 5
1803 3
1473 4
509 4
504 0
493 2
492 1
493 5
892 2
888 4
487 4
485 3
495 5
633 3
573 5
996 4
499 0
491 5
895 4
492 2
491 0
486 2
485 5
864 3
692 2
690 4
504 2
501 1
502 1
503 2
501 1
501 5
641 1
642 0
641 0
641 2
639 2
637 2
635 2
633 3
588 1
590 4
492 3
489 3
494 3
490 5
643 0
643 1
643 2
641 4
471 0
469 3
491 2
490 1
490 5
838 5
1423 4
495 4
493 4
493 2
492 4
492 5
621 1
621 2
619 0
614 2
612 0
612 0
612 0
612 2
610 1
611 3
557 2
555 5
948 1
948 5
1597 0
1597 2
1592 1
1590 5
2263 4
500 3
509 4
505 0
495 2
494 0
494 4
469 1
470 4
470 2
469 0
469 0
469 4
468 2
468 3
496 3
491 3
490 2
489 3
494 0
488 2
487 4
465 5
623 3
566 3
560 4
493 3
488 1
490 4
489 2
488 5
638 5
1102 2
1097 2
1093 5
1693 3
1242 1
1241 0
1239 1
1239 4
518 2
517 5
633 0
629 4
472 2
471 2
470 4
469 4
469 4
469 0
468 5
830 1
829 2
826 2
823 4
479 5
626 5
1069 3
807 4
521 3
503 2
502 3
507 0
498 3
511 2
510 5
899 0
899 5
1502 1
1501 3
1126 0
1125 1
1125 4
509 2
506 1
506 5
648 3
598 5
1037 1
1036 2
1032 1
1032 1
1031 0
1031 1
1032 1
1032 4
490 0
490 3
501 0
501 4
472 2
471 2
470 2
469 2
468 0
468 3
492 4
484 4
484 2
483 0
481 0
481 2
480 5
887 4
488 3
498 2
495 3
489 0
486 0
486 4
464 3
488 3
496 4
495 0
492 3
501 5
875 1
876 0
876 2
873 0
873 2
870 4
477 4
475 3
490 2
488 3
487 5
633 1
634 4
466 3
493 4
493 2
489 5
617 4
465 3
494 3
488 5
625 3
573 3
568 0
566 5
1117 2
1113 5
1771 4
494 5
613 1
613 4
477 3
501 0
488 5
871 0
871 2
867 0
867 5
1432 3
1080 3
932 4
504 2
503 3
497 0
491 3
512 3
502 4
473 2
472 2
471 4
471 0
471 4
465 1
465 2
464 4
464 3
485 3
485 2
483 3
490 5
631 3
584 5
1050 3
864 2
861 0
861 0
861 3
838 4
502 2
501 0
500 4
475 1
475 5
646 3
598 5
1081 5
1765 0
1765 0
1765 2
1759 1
1759 0
1759 4
497 4
490 3
500 0
490 4
470 4
470 5
607 5
1076 4
485 4
483 4
483 2
482 1
482 1
482 2
481 3
503 4
503 4
503 2
501 3
511 0
499 3
511 5
881 0
881 5
1456 3
1098 4
507 4
507 3
501 1
503 4
501 1
501 2
500 2
499 4
499 4
499 5
612 2
610 2
608 3
568 4
492 1
492 4
492 0
490 4
468 0
468 2
468 4
467 5
609 3
559 4
492 4
492 3
495 4
495 2
494 4
494 5
617 3
570 2
569 2
567 5
1011 0
1011 4
489 4
487 4
487 0
483 2
482 0
482 4
469 3
487 4
487 2
486 0
485 4
468 0
468 1
469 4
468 1
468 4
468 4
468 3
489 1
489 2
487 2
485 3
484 3
483 0
481 4
466 3
488 2
485 3
487 1
487 5
635 4
468 4
468 0
468 1
469 1
469 4
466 2
465 2
465 3
485 0
481 0
481 4
466 5
620 0
620 0
620 5
1114 4
485 0
481 5
850 5
1397 4
494 4
492 4
492 2
491 5
620 0
615 4
480 5
622 3
551 2
550 4
486 2
485 4
485 0
483 4
465 3
495 4
495 5
620 0
620 0
620 3
576 0
573 3
575 4
485 4
484 0
483 4
466 5
644 1
645 4
474 3
495 4
495 0
490 2
489 0
489 5
916 2
913 4
490 0
487 0
487 0
487 1
487 2
486 2
485 4
467 4
467 0
466 4
463 1
463 3
485 5
639 4
465 3
486 0
483 4
461 2
461 3
487 2
485 0
483 3
499 4
470 2
469 2
468 3
479 0
475 1
476 4
459 1
459 4
459 4
459 2
459 2
459 2
459 4
459 0
459 0
459 3
481 3
485 5
831 4
476 4
476 1
476 4
476 0
468 2
467 5
837 1
837 4
476 2
475 5
624 4
470 2
470 1
470 3
489 2
488 2
486 1
486 4
486 5
631 2
629 2
627 3
567 3
560 4
486 4
485 5
615 3
569 2
567 0
565 3
567 0
567 0
567 2
566 4
481 1
481 2
480 3
489 3
484 5
667 3
595 2
593 5
1091 2
1087 5
1773 2
1768 0
1768 1
1768 3
1439 0
1439 1
1438 1
1438 1
1438 3
1274 5
2415 0
2415 5
3587 1
3587 5
4758 4
528 1
528 1
528 3
515 2
513 5
637 4
484 0
481 0
481 1
482 2
481 4
474 0
474 1
474 0
474 3
495 2
493 3
496 2
495 0
490 4
473 0
473 4
468 2
467 2
467 3
488 5
627 5
1095 5
1679 3
1255 0
1251 2
1247 2
1243 2
1239 3
1045 4
517 3
505 3
501 5
655 5
1151 4
496 3
510 3
506 3
511 2
509 3
503 5
634 0
633 0
633 4
473 5
630 2
628 4
474 4
474 4
474 3
494 1
494 2
492 3
495 4
495 4
495 4
495 3
504 0
499 0
499 0
499 5
901 0
901 4
483 3
500 4
499 2
498 3
495 0
489 3
505 4
471 2
470 3
488 5
626 4
466 2
466 5
614 4
465 2
465 1
465 2
465 2
465 5
615 4
465 0
464 1
464 3
487 0
485 5
875 2
871 0
871 1
871 3
707 3
672 0
669 0
669 2
667 1
667 4
486 2
485 1
485 2
484 3
487 4
481 2
480 4
480 3
488 2
486 4
486 2
483 2
482 4
482 5
650 2
648 4
474 0
465 2
465 4
463 3
488 5
639 4
470 3
482 5
641 1
640 0
639 2
637 3
577 3
569 2
568 3
567 4
483 2
482 4
482 2
481 2
480 2
479 0
479 2
478 4
466 4
466 2
466 2
466 1
466 2
466 3
479 2
477 0
477 2
476 3
489 1
489 2
488 0
486 1
486 5
914 3
751 2
749 2
746 0
743 1
743 0
743 3
725 2
723 3
719 4
492 1
492 2
491 1
491 3
497 0
494 1
494 1
494 4
466 3
492 0
489 5
936 4
494 3
489 2
487 3
502 5
651 0
651 0
651 2
648 5
1158 4
483 0
476 3
494 1
494 3
496 0
493 2
492 3
500 2
499 4
473 2
472 4
471 4
471 3
489 5
626 3
579 4
485 3
486 2
484 2
483 2
482 3
493 3
498 4
498 2
496 4
496 5
630 4
471 3
497 1
497 0
486 3
497 2
496 4
470 4
470 2
469 3
484 3
486 2
484 2
483 0
481 3
496 5
880 2
877 4
483 0
480 5
859 3
683 0
680 4
500 4
494 1
494 0
493 5
917 2
912 3
740 3
704 4
494 2
493 3
495 2
491 1
491 4
491 4
491 3
491 0
487 4
465 5
646 2
644 2
642 2
640 0
640 0
640 4
477 3
497 1
497 0
491 2
490 2
488 4
468 2
468 3
485 0
483 4
467 5
624 3
572 3
558 2
557 2
555 3
551 3
550 4
482 0
481 3
490 1
490 0
490 4
462 2
462 4
462 2
462 1
462 4
462 2
462 3
480 1
480 3
485 4
484 1
484 2
480 2
478 1
478 3
481 0
478 2
477 5
891 5
1471 5
2068 5
2669 4
515 3
512 4
511 5
613 0
607 4
478 2
477 4
477 1
477 3
497 1
497 5
619 4
476 0
473 0
473 3
494 4
483 3
484 4
484 4
484 5
621 0
621 0
621 2
619 1
619 4
470 2
470 5
602 2
600 3
556 3
542 0
540 4
475 2
474 4
473 1
473 0
473 5
846 5
1406 1
1406 4
483 4
480 4
480 4
480 3
513 2
509 5
623 3
581 2
580 3
571 3
569 0
569 3
571 3
570 4
485 5
647 5
1133 2
1128 5
1745 4
494 0
487 3
509 4
486 5
644 2
642 5
1110 0
1110 3
835 2
833 3
763 4
506 3
502 0
495 5
904 3
731 3
698 5
1324 3
1128 5
2110 3
1873 4
521 4
515 5
639 2
637 4
479 2
478 3
497 3
498 3
492 0
485 1
485 3
503 2
502 4
477 0
476 0
476 4
464 0
464 1
464 2
464 4
464 4
464 2
464 4
464 4
464 4
464 2
463 2
463 2
463 3
481 3
485 0
482 1
482 1
482 2
481 1
481 3
494 2
493 4
470 0
470 2
469 0
469 4
462 5
627 1
627 4
470 4
469 2
468 2
468 3
489 4
489 1
489 3
489 4
489 2
488 2
487 0
482 0
482 3
496 3
494 0
494 4
463 4
463 3
486 0
483 2
481 2
480 4
462 4
462 0
462 1
462 2
462 2
462 3
481 3
488 1
488 5
830 3
698 5
1293 0
1293 2
1290 1
1290 4
498 5
632 5
1120 3
843 2
840 5
1527 3
1269 0
1268 5
2359 4
512 5
651 4
479 3
502 0
494 0
494 0
494 4
469 5
622 4
472 4
472 2
471 4
471 1
471 4
471 4
471 4
471 2
471 0
470 1
470 5
835 5
1387 1
1386 1
1386 2
1380 4
485 5
625 2
623 3
562 1
562 2
560 2
559 3
562 4
494 1
494 3
485 2
483 0
477 4
463 3
485 2
483 2
481 3
493 1
493 4
491 4
491 5
632 3
580 5
1060 2
1057 3
876 4
494 1
494 2
493 4
493 0
488 3
505 0
503 0
503 0
503 2
502 1
502 3
505 0
505 5
955 5
1559 1
1557 3
1200 0
1199 5
2095 3
1784 3
1646 3
1591 3
1570 2
1568 5
3135 2
3130 0
3130 4
520 4
515 4
515 2
513 3
497 3
501 3
487 0
481 3
490 0
490 0
490 2
489 1
489 4
469 5
624 0
624 5
1134 1
1133 0
1133 5
1726 4
509 4
506 2
505 5
623 0
617 5
1081 3
795 5
1377 4
511 2
509 4
507 3
501 2
499 5
622 2
620 3
575 4
486 3
480 3
486 2
485 3
491 5
652 0
652 4
476 5
615 2
613 0
613 4
471 2
471 3
497 2
493 3
485 3
493 2
491 5
631 1
630 4
470 3
485 4
485 5
617 0
615 5
1097 5
1683 4
489 4
488 3
505 2
501 3
497 0
489 2
488 2
487 3
502 4
474 2
473 2
472 1
472 4
472 2
471 2
470 3
492 2
491 3
495 0
489 5
889 4
490 2
489 0
481 4
466 5
619 2
617 0
617 5
1089 2
1085 4
490 0
485 4
478 1
478 0
477 3
490 3
490 4
478 3
491 4
491 4
491 3
478 1
478 4
478 3
492 2
489 3
488 2
485 1
485 0
482 2
481 3
494 5
870 5
1443 5
2056 3
1593 3
1319 0
1319 1
1319 5
2386 3
2094 0
2094 0
2094 2
2088 3
1994 4
529 2
527 3
503 0
493 5
919 1
918 1
917 3
745 2
742 5
1361 4
507 3
501 5
630 2
628 2
626 2
624 3
575 2
573 2
572 3
558 0
554 4
476 5
651 0
651 5
1164 2
1159 5
1774 3
1306 2
1301 1
1301 2
1297 3
1103 2
1099 1
1099 5
2000 2
1995 2
1989 3
1728 4
510 0
501 1
501 2
500 2
499 3
510 3
507 4
476 3
486 0
484 5
911 5
1495 4
488 5
630 4
474 4
474 5
619 5
1071 2
1067 2
1063 3
787 0
784 4
503 2
502 3
498 5
632 5
1098 2
1093 1
1092 0
1092 3
824 5
1484 3
1226 1
1226 2
1223 0
1223 5
2301 3
2069 0
2069 0
2069 4
527 5
669 1
669 3
614 0
613 1
613 0
613 3
614 4
488 3
490 2
489 1
489 5
677 0
677 0
677 4
472 3
494 5
643 4
470 4
470 0
469 0
469 3
490 0
488 3
498 3
502 4
474 4
473 1
473 0
473 4
463 5
643 3
570 0
569 3
570 3
569 2
568 4
483 3
489 2
487 0
486 4
469 2
468 2
467 4
467 2
466 2
465 2
465 0
465 3
486 4
478 3
481 2
480 1
480 1
480 2
479 4
479 0
479 4
462 2
461 0
461 1
461 5
883 5
1451 2
1446 0
1446 0
1446 2
1441 3
1084 2
1080 0
1077 0
1077 4
515 4
509 3
503 5
641 3
593 0
592 2
590 4
484 4
482 2
481 3
486 4
485 3
483 2
482 3
491 4
491 1
491 4
491 3
485 4
485 0
483 1
483 3
499 0
499 2
498 4
469 0
469 5
841 2
838 5
1401 3
1025 1
1024 2
1021 3
896 4
513 0
505 2
504 0
504 3
516 0
513 0
513 2
512 5
979 0
979 3
790 0
789 2
787 4
501 4
498 1
498 5
660 0
660 1
660 5
1161 2
1156 2
1151 0
1151 2
1148 5
1740 2
1734 4
492 0
482 1
482 3
503 5
820 3
711 3
681 1
681 3
673 0
672 2
670 3
667 2
665 5
1377 3
1173 2
1170 3
1093 3
1079 3
1078 1
1078 0
1078 3
1077 4
507 3
499 4
495 2
492 3
496 0
492 2
490 5
923 2
920 4
495 5
639 2
637 2
635 2
633 5
1114 4
484 4
483 2
482 1
482 1
482 0
480 5
838 3
689 0
688 4
493 4
490 0
487 2
486 0
486 3
505 5
908 4
498 2
497 1
497 1
497 0
490 2
489 2
488 4
466 5
634 2
632 2
630 0
630 5
1137 1
1137 5
1721 3
1225 5
1947 5
2808 0
2808 4
515 2
514 4
507 3
499 5
606 4
477 1
477 0
473 2
473 1
473 4
468 5
613 3
566 2
565 4
488 4
487 1
487 1
487 5
626 4
471 5
611 3
564 0
559 0
559 5
1105 0
1105 5
1756 3
1411 4
527 1
527 3
519 0
508 1
508 2
507 3
518 3
510 5
908 4
499 5
651 2
649 3
583 5
1017 3
853 2
851 1
851 2
849 5
1598 5
2474 0
2474 3
2169 4
511 2
508 4
503 4
503 2
500 2
499 4
499 3
495 1
495 3
501 3
498 3
490 2
488 2
487 0
486 1
486 1
486 4
467 4
467 2
466 2
466 3
490 0
484 2
483 2
482 3
494 2
493 3
493 3
500 3
499 4
472 5
642 4
468 3
487 4
487 0
483 3
497 4
471 2
470 2
469 3
483 3
482 3
488 5
640 3
587 0
585 1
585 5
1166 1
1164 3
974 3
900 5
1779 4
515 5
642 4
474 1
474 3
494 2
493 1
493 5
626 4
471 3
493 2
491 0
487 2
486 4
465 2
465 1
465 5
618 4
469 2
469 0
466 1
466 0
466 4
465 1
465 4
465 5
620 1
619 0
619 3
557 4
489 1
489 3
491 4
491 5
628 2
625 4
472 3
497 0
493 1
493 3
504 4
472 2
471 3
482 2
480 0
478 3
493 0
491 4
463 2
462 4
462 0
462 5
839 3
692 0
690 2
688 2
686 0
686 2
683 2
681 4
495 5
652 1
652 5
1158 1
1158 4
487 2
485 2
484 2
483 0
479 3
502 4
487 5
631 4
468 5
608 4
467 0
465 5
835 0
835 4
475 5
625 3
569 2
567 0
565 4
478 5
635 2
633 1
633 3
581 2
579 0
576 4
474 5
636 1
636 2
634 1
634 2
632 3
567 3
561 3
559 -1
758 5
764 1
764 2
762 2
760 3
690 2
688 5
1080 2
1077 2
1074 2
1071 3
931 4
515 5
647 3
603 3
592 5
1051 0
1051 5
1737 3
1399 5
2315 4
520 5
635 5
1114 1
1114 0
1114 1
1114 2
1111 1
1110 0
1110 4
486 2
485 1
485 2
484 3
507 4
505 2
503 0
496 1
496 4
469 5
624 0
624 1
625 3
566 5
981 5
1628 1
1626 3
1273 0
1271 5
2201 3
1901 0
1901 5
3160 5
4423 4
525 3
525 5
646 3
594 3
584 2
582 1
584 3
575 1
575 0
570 4
474 5
640 2
638 3
583 3
580 2
578 2
576 4
487 0
487 2
486 0
486 5
910 5
1502 1
1501 0
1501 5
2113 3
1637 5
2459 1
2460 4
539 0
523 0
523 4
476 5
622 5
1108 2
1102 5
1694 2
1688 0
1688 5
2263 3
1700 3
1385 1
1385 2
1380 0
1379 1
1379 1
1379 2
1374 3
1257 5
2378 4
526 5
636 2
634 2
632 0
628 4
477 0
474 3
495 5
870 5
1449 5
2069 3
1619 3
1343 3
1234 2
1230 1
1230 3
1187 3
1164 1
1164 5
2334 3
2108 1
2108 1
2108 4
532 2
530 3
504 4
500 1
500 3
501 2
499 1
500 5
631 4
478 5
613 2
611 4
476 5
616 4
478 1
478 5
615 3
563 2
561 5
986 1
987 2
983 2
980 3
814 4
508 4
508 5
650 5
1127 5
1738 2
1732 5
2329 5
2928 4
517 4
513 4
513 5
639 5
1012 3
739 5
1289 2
1284 2
1280 3
1041 4
519 3
503 2
502 5
631 0
631 4
470 4
468 2
468 3
494 4
494 1
494 3
487 5
624 0
624 5
1114 2
1109 3
838 5
1492 0
1492 5
2313 3
1979 4
527 5
649 5
1127 2
1123 1
1122 4
489 3
493 5
646 4
469 2
469 0
468 4
467 5
624 3
565 3
556 5
946 3
773 0
772 2
769 0
769 0
769 5
1572 1
1571 5
2403 5
3229 2
3221 4
524 4
517 5
630 0
622 5
1091 2
1087 2
1083 3
830 1
830 2
826 5
1449 2
1445 1
1445 3
1186 0
1186 1
1187 2
1183 3
1132 2
1129 1
1129 4
510 4
505 5
652 5
1171 0
1171 4
486 2
485 4
483 0
478 3
503 0
501 2
500 0
500 1
501 4
472 2
471 3
494 5
638 2
636 4
470 3
499 1
499 4
499 2
497 2
496 5
622 1
623 2
621 3
565 2
564 1
564 4
480 3
491 2
490 4
489 2
487 2
486 2
485 2
484 5
644 2
642 4
472 4
472 1
472 4
472 2
472 3
498 0
489 3
503 3
495 5
897 2
894 3
723 0
722 1
723 2
721 0
721 1
722 1
722 4
504 1
505 5
665 0
664 0
664 1
665 3
612 3
605 4
492 4
489 5
655 2
652 3
592 2
590 0
588 5
1197 2
1193 5
1884 4
502 4
498 3
504 5
619 2
617 2
614 2
612 0
610 2
608 4
471 3
496 2
493 1
496 4
494 4
494 0
489 1
489 5
873 1
873 3
700 3
670 5
1258 2
1254 5
2016 5
2789 3
2429 2
2422 5
3513 4
531 4
524 4
524 3
525 2
522 0
497 4
472 2
471 5
613 2
611 3
560 2
558 5
977 1
977 1
976 2
972 2
969 4
492 3
500 1
500 3
502 2
500 0
491 5
895 2
891 4
486 0
479 4
467 4
467 3
496 3
485 4
485 3
491 2
490 2
488 1
488 0
486 0
486 2
485 2
484 1
485 2
484 2
483 0
483 5
882 0
882 2
878 2
875 4
481 4
481 1
481 5
624 3
564 3
546 4
482 5
638 4
473 1
474 3
499 2
497 2
493 0
488 5
895 2
892 5
1466 4
481 3
506 5
651 3
591 3
572 0
570 5
1139 4
497 0
488 4
470 4
469 2
468 2
468 5
618 2
616 1
617 0
617 4
471 2
470 3
491 5
628 1
627 5
1110 3
830 2
827 5
1487 3
1231 4
515 4
511 4
511 3
497 5
639 4
472 2
471 3
496 2
494 5
638 2
636 5
1110 2
1104 3
845 5
1479 1
1479 3
1240 3
1181 3
1157 2
1155 4
503 3
493 3
490 2
489 2
488 5
664 0
664 0
664 3
597 0
597 0
597 5
1204 5
1892 0
1892 1
1892 4
515 0
501 0
501 4
467 0
467 3
484 0
484 0
484 4
464 1
464 4
462 4
462 4
462 4
462 0
462 5
837 5
1392 2
1386 4
480 0
473 5
853 2
850 5
1401 3
1002 3
867 4
524 2
521 4
517 0
509 4
473 2
472 2
471 0
471 0
471 2
471 4
471 2
471 3
495 0
489 3
504 4
478 3
489 3
493 3
483 3
495 0
490 2
489 5
889 4
486 0
484 5
871 0
871 3
705 1
706 3
668 2
665 2
663 4
491 3
493 2
491 4
489 5
652 0
651 2
649 5
1160 4
486 0
481 0
481 2
480 3
507 2
505 4
477 0
476 2
475 4
460 5
630 3
569 2
566 3
561 3
558 1
558 0
556 1
556 0
556 3
561 2
559 0
559 1
560 2
559 3
558 3
558 5
1134 3
937 5
1782 3
1521 2
1518 4
509 5
665 2
663 3
613 5
1104 2
1100 5
1796 4
498 1
498 5
628 5
1089 3
811 0
810 4
497 3
500 2
497 3
493 2
489 4
486 0
482 0
482 3
498 1
498 1
498 5
879 3
726 0
724 5
1484 4
499 2
498 2
497 2
496 2
495 3
499 5
641 4
468 0
466 2
465 1
465 3
485 0
485 3
497 5
910 0
910 1
907 3
739 4
497 1
497 2
496 1
496 1
496 5
661 4
470 3
496 3
488 0
484 3
499 5
887 2
884 5
1463 1
1463 2
1458 4
489 4
487 3
492 3
498 4
498 2
496 4
496 1
496 1
496 5
612 4
470 2
469 1
469 2
469 1
469 1
469 4
469 2
469 5
610 0
608 1
609 0
609 4
462 0
462 3
488 5
805 3
691 3
656 1
656 3
645 3
635 4
481 1
481 0
481 0
481 5
911 2
908 0
908 5
1487 5
2083 2
2076 4
498 5
641 4
481 5
630 4
481 0
476 0
476 2
476 4
470 3
490 2
488 1
488 5
625 4
470 4
470 4
470 2
469 0
467 4
465 3
484 5
613 3
567 5
977 3
820 2
818 3
776 5
1527 2
1523 1
1523 4
501 3
495 2
493 4
489 0
480 0
480 1
481 3
492 2
491 4
470 5
625 5
1102 1
1102 4
484 5
629 2
627 4
475 0
470 2
470 5
815 3
655 3
625 3
613 2
612 3
610 4
492 4
492 2
491 3
496 4
494 4
494 0
488 5
920 4
487 1
487 3
498 0
491 4
467 2
467 2
466 3
490 4
489 1
489 0
483 4
467 5
623 5
1116 4
481 2
480 3
507 2
506 4
506 1
506 4
506 1
506 5
605 2
603 2
601 5
1038 4
478 4
477 3
495 4
495 4
495 3
494 1
494 3
494 5
616 0
614 4
466 1
466 0
465 2
465 3
487 0
487 0
487 4
462 0
462 3
486 4
476 4
476 4
476 5
627 4
466 3
487 5
617 2
615 3
565 2
563 0
561 3
563 1
563 0
562 0
562 1
563 4
477 2
476 1
476 3
486 2
485 3
478 0
477 3
494 3
496 4
479 0
478 2
477 4
464 3
485 0
483 1
483 2
482 3
492 4
469 1
469 2
468 2
467 3
489 3
480 4
479 3
480 3
488 3
483 0
482 2
481 1
481 5
891 5
1462 1
1462 4
495 3
503 1
504 2
502 2
501 5
645 0
645 2
643 0
643 2
641 2
639 4
475 1
475 5
618 5
1073 1
1073 3
803 2
800 0
797 2
794 3
750 2
748 4
498 4
493 4
493 4
493 0
490 4
469 2
469 0
469 4
467 5
637 0
637 2
635 5
1158 1
1157 3
867 4
514 1
514 0
504 2
503 4
472 3
495 5
631 5
1120 0
1120 2
1115 1
1113 2
1109 4
480 3
493 3
501 4
499 0
492 3
506 2
505 3
503 1
503 2
502 3
502 2
501 4
467 5
624 4
464 0
464 5
824 1
823 0
823 0
823 2
819 4
470 4
469 4
469 3
494 5
623 3
573 3
567 5
999 2
996 0
996 4
493 3
500 1
500 5
636 2
634 0
634 3
582 1
582 3
570 2
569 2
568 5
1045 2
1042 2
1039 3
846 0
845 2
842 4
497 0
496 0
496 2
495 4
468 4
468 2
467 5
648 3
575 5
1046 3
860 5
1641 4
513 3
493 5
646 0
645 2
643 4
472 4
472 2
471 2
470 4
470 4
470 1
470 0
468 5
845 3
685 4
498 3
488 2
486 5
659 5
1157 2
1152 4
487 3
501 3
497 1
497 3
504 0
495 3
506 3
502 3
505 0
505 2
504 0
504 2
503 2
502 0
502 5
922 0
922 3
744 5
1381 2
1377 0
1377 5
2176 3
1849 1
1849 4
529 4
519 2
516 4
516 3
504 2
502 3
506 4
506 2
505 2
503 3
504 3
504 0
493 2
492 3
501 3
503 5
888 4
483 3
499 0
493 4
465 3
490 3
485 2
483 0
480 0
480 3
496 4
471 2
470 0
470 0
470 3
487 1
487 2
486 2
485 0
485 5
882 0
882 4
480 0
473 4
461 4
460 2
460 4
460 5
617 4
461 2
461 0
461 2
461 2
461 4
460 0
460 5
815 2
812 3
666 2
664 4
509 2
508 2
507 5
640 4
482 1
482 4
480 0
472 3
502 2
500 3
500 5
822 2
819 3
689 4
495 0
491 3
505 4
477 5
628 3
570 1
570 5
1021 1
1020 0
1020 2
1016 0
1016 4
480 1
480 4
479 4
479 2
478 3
487 4
487 2
485 3
485 2
484 0
480 0
480 2
479 5
862 3
719 1
719 5
1311 0
1311 5
2078 1
2078 4
509 2
506 0
491 4
468 2
467 4
466 3
489 4
489 2
487 1
487 3
490 0
488 4
464 3
487 5
626 2
624 2
622 5
1094 4
486 5
642 4
476 0
473 3
496 3
493 1
493 2
492 0
491 4
465 0
465 5
814 4
482 0
471 4
463 0
463 2
463 3
487 1
487 2
486 3
492 1
492 3
487 3
488 2
487 0
483 0
483 5
883 4
481 3
487 5
624 5
1102 0
1102 4
480 5
622 5
1074 2
1070 5
1641 5
2219 0
2219 2
2212 4
507 5
648 0
647 4
489 2
488 4
488 2
488 4
488 4
488 2
488 1
488 2
488 3
500 0
485 3
505 0
504 3
507 0
507 3
508 2
506 4
469 5
629 0
629 2
627 4
469 1
469 4
469 5
617 2
615 0
615 4
465 0
464 0
464 5
822 0
822 2
819 4
472 5
620 4
468 0
464 4
463 0
463 5
802 3
661 2
659 5
1158 5
1876 4
520 1
520 2
518 5
631 2
629 4
485 4
485 3
505 2
503 3
502 2
500 4
500 0
493 5
888 4
491 3
494 4
494 5
625 1
625 4
475 2
474 2
473 4
473 4
473 1
473 4
473 2
473 3
482 0
478 0
478 5
859 3
705 2
703 2
701 3
664 4
488 0
487 3
499 5
907 2
904 0
904 4
481 2
480 5
634 5
1141 2
1136 4
484 4
483 5
620 3
563 5
963 0
963 4
489 0
485 0
485 3
503 1
503 1
503 0
503 0
503 5
939 5
1523 4
487 2
486 4
484 2
483 2
482 1
482 1
482 3
507 5
624 3
584 2
582 2
581 0
579 2
578 0
578 2
577 1
577 2
576 3
581 5
1136 1
1135 2
1130 4
499 0
491 2
490 2
489 3
503 4
475 2
474 0
472 4
465 4
465 5
629 5
1137 0
1137 5
1721 0
1721 4
490 4
488 5
619 1
619 3
563 2
562 1
562 3
552 2
551 4
494 3
489 0
485 5
889 2
886 0
886 5
1461 4
496 5
642 5
1078 2
1074 0
1074 0
1074 2
1070 1
1069 2
1066 3
782 2
779 0
775 0
775 4
498 3
491 0
487 4
470 2
469 2
468 2
467 4
467 4
467 1
467 0
467 2
467 1
467 2
466 0
466 4
464 0
464 4
464 4
464 3
492 4
492 2
490 5
646 1
646 5
1127 5
1724 4
496 5
622 5
1049 4
487 1
487 2
486 5
618 2
616 3
554 4
497 3
498 0
493 1
493 2
491 3
501 5
881 2
878 4
481 2
480 4
479 2
478 1
478 1
478 4
478 2
477 3
491 3
497 3
497 4
497 1
497 1
497 3
494 4
494 1
494 2
492 5
609 3
569 4
483 4
482 5
605 3
565 0
564 2
563 3
565 3
566 2
565 0
565 4
481 3
488 5
649 2
647 4
473 4
472 4
472 1
472 3
497 0
490 2
488 0
488 3
501 1
501 1
501 4
468 4
467 3
486 5
626 1
626 4
464 2
464 3
486 2
485 3
497 5
622 4
465 5
615 5
1090 2
1085 0
1085 1
1085 5
1683 5
2250 0
2250 1
2246 2
2238 4
503 4
501 1
501 4
501 2
500 4
500 2
499 5
630 0
626 3
562 2
561 2
560 2
559 2
558 0
556 4
485 3
496 5
623 3
575 3
564 2
563 1
563 5
1000 2
997 0
997 2
994 3
820 2
817 2
815 2
813 2
811 1
811 2
809 1
809 2
807 1
807 2
805 0
803 0
803 4
494 0
492 0
492 3
506 0
506 0
506 2
505 5
986 0
986 4
490 4
484 3
490 4
490 4
490 2
488 2
486 4
486 0
481 4
460 2
460 3
478 2
476 4
476 2
475 2
474 4
474 4
474 2
473 4
473 1
473 3
486 0
482 0
482 2
480 2
479 4
460 2
460 4
460 0
460 0
460 2
460 3
481 4
473 2
472 0
472 3
487 2
486 5
869 4
480 4
480 3
493 1
493 4
493 2
491 4
491 0
488 4
465 0
465 1
465 2
465 3
492 3
496 1
496 2
495 2
491 5
832 4
473 3
488 2
486 3
486 2
485 3
491 2
487 4
487 1
487 3
488 4
488 0
485 2
484 3
500 2
499 2
495 2
494 0
494 4
466 0
466 2
465 3
485 3
486 3
481 4
469 0
468 5
859 2
856 1
855 5
1411 4
483 0
476 3
493 4
481 5
626 1
626 3
576 2
574 4
485 2
484 4
484 4
484 3
489 4
489 3
494 2
492 1
492 0
485 2
484 3
496 3
497 5
887 2
884 3
729 4
504 4
503 3
489 4
488 3
495 2
491 1
491 4
491 5
628 2
626 1
626 3
576 4
486 4
486 0
484 4
468 5
624 3
566 3
556 0
555 0
555 2
553 5
1123 5
1765 3
1442 4
516 2
513 5
645 3
588 2
586 1
586 3
577 0
577 0
577 4
485 2
484 3
487 0
484 4
468 5
644 4
470 0
468 2
468 1
468 2
468 5
851 2
848 4
473 4
473 2
472 2
471 0
466 4
463 3
487 4
487 2
483 2
482 4
482 4
482 1
482 4
482 3
489 4
489 0
486 0
486 4
465 3
479 1
479 4
479 4
479 2
478 4
478 1
478 0
474 4
463 1
463 5
625 4
464 0
463 5
833 3
684 5
1247 4
500 4
496 4
496 0
491 2
490 2
488 4
467 1
467 3
487 4
487 3
487 2
485 3
486 3
482 2
480 3
488 4
488 0
485 1
485 1
485 3
497 2
496 0
496 0
496 2
495 4
466 1
466 2
465 1
465 2
465 2
465 4
465 2
465 1
465 1
465 1
465 4
465 2
465 3
486 0
484 1
484 0
484 4
462 1
462 3
478 4
478 3
485 4
485 2
483 2
482 2
481 1
481 0
480 3
498 2
497 4
477 3
485 0
483 3
498 2
495 2
494 4
471 2
470 1
470 4
470 2
469 2
468 4
468 2
467 0
467 4
464 1
464 4
464 1
464 4
464 2
464 0
464 3
490 5
848 4
473 2
472 5
627 2
625 2
623 0
623 2
621 4
465 2
465 5
629 4
468 4
468 0
464 0
464 5
825 2
822 1
822 2
819 2
816 4
470 4
470 4
470 4
470 2
469 4
469 3
491 3
495 5
631 1
631 0
629 2
626 3
578 4
486 2
485 4
484 0
479 1
479 0
479 4
465 5
619 3
563 4
493 2
492 3
490 4
490 2
488 1
488 3
490 1
490 2
489 2
488 0
485 5
889 4
486 4
485 0
481 0
481 4
466 2
465 3
488 5
634 0
634 5
1143 1
1143 5
1742 4
495 2
493 0
477 2
476 2
475 3
496 3
497 0
492 4
464 4
463 5
619 5
1111 2
1106 1
1105 5
1695 0
1695 2
1689 4
495 2
494 2
493 4
493 4
493 3
510 4
508 4
508 0
495 5
878 5
1420 5
2014 3
1513 5
2319 4
532 2
530 1
530 2
529 0
515 2
514 4
475 5
627 3
573 0
568 3
569 1
569 3
566 2
565 0
563 1
563 0
563 4
481 3
485 2
483 2
482 3
484 5
668 4
473 3
490 2
488 1
488 3
487 2
485 4
485 4
485 3
490 1
490 0
487 2
486 2
485 2
484 2
483 2
482 0
482 0
482 4
468 4
467 3
492 4
492 4
492 3
490 2
489 3
485 4
485 4
485 2
483 2
482 3
488 2
486 4
486 4
486 2
485 3
489 3
489 3
491 3
487 1
487 0
485 5
903 0
903 0
903 4
486 2
485 1
485 2
484 2
483 4
483 3
492 2
490 0
485 0
485 5
903 0
903 3
730 5
1344 1
1344 2
1339 3
1115 0
1114 5
2149 4
511 4
505 0
492 4
465 2
465 5
633 0
633 5
1141 4
485 3
496 1
496 0
490 3
503 4
475 4
475 3
489 5
641 3
579 2
578 4
478 5
631 1
631 1
631 3
583 2
581 2
580 1
580 0
575 1
575 2
573 5
1137 1
1137 4
497 5
620 1
620 1
620 1
619 5
1087 3
830 5
1485 0
1485 2
1480 3
1227 3
1155 4
506 3
490 5
660 4
478 1
478 4
477 0
473 2
472 2
472 4
467 0
467 2
467 5
852 2
849 3
687 5
1263 3
1046 1
1046 5
1956 4
512 3
499 5
633 3
583 3
571 3
574 1
574 4
487 4
486 0
486 3
502 -1
758 2
756 2
755 3
587 5
633 5
946 0
944 4
491 5
625 4
487 4
487 3
511 2
510 4
509 2
508 4
508 0
492 2
491 1
494 1
494 2
491 3
506 1
507 3
503 3
505 0
504 4
472 3
492 1
492 5
630 2
628 3
579 3
567 2
566 1
568 5
989 1
990 3
818 3
780 4
494 4
491 1
491 1
493 5
635 5
1133 0
1133 5
1732 1
1732 3
1299 2
1295 5
2094 2
2088 4
510 0
497 1
498 2
496 4
469 2
468 4
467 2
466 2
466 1
468 4
468 5
614 4
470 2
469 4
469 2
468 2
468 3
494 5
627 2
625 1
624 2
622 2
620 0
619 3
583 4
483 3
490 3
482 0
479 3
496 5
865 1
865 2
862 3
709 0
708 5
1445 4
506 0
496 0
496 3
512 1
515 0
509 4
470 1
471 5
642 0
642 4
472 5
624 5
1120 4
485 0
476 2
475 3
496 3
485 4
472 2
471 1
471 2
470 0
470 3
491 4
473 0
473 0
473 5
857 1
854 2
851 2
848 4
478 0
473 5
856 1
855 2
852 2
849 5
1404 4
483 1
483 1
483 3
491 1
491 0
484 0
484 0
484 1
484 3
503 1
504 4
476 5
632 2
630 1
631 3
577 0
571 1
572 5
1147 0
1147 0
1147 3
940 3
884 4
499 3
500 5
654 2
652 4
469 2
468 4
468 3
488 1
488 2
487 3
494 4
493 1
493 2
491 2
489 4
489 5
630 5
1110 1
1110 4
478 0
473 2
472 4
464 2
464 2
464 4
464 5
637 1
637 5
1106 2
1101 3
809 4
504 5
637 0
636 0
636 3
593 1
593 2
589 5
1038 5
1712 0
1712 1
1712 0
1712 2
1706 3
1359 2
1355 2
1351 1
1351 2
1347 2
1343 3
1181 5
2262 4
516 4
512 0
505 4
471 2
470 3
487 3
489 1
489 3
486 1
486 2
485 5
636 4
468 5
620 5
1083 0
1083 5
1678 3
1208 3
1024 2
1021 5
1817 5
2779 3
2484 2
2478 1
2478 2
2473 4
523 2
520 2
517 2
516 3
504 1
504 0
498 4
473 5
633 3
564 0
560 5
1122 0
1122 4
499 4
496 2
494 5
624 3
576 4
484 4
483 3
482 4
482 0
481 3
500 0
498 2
496 3
503 4
472 2
471 2
470 4
470 1
470 5
637 2
635 2
633 4
469 3
493 2
492 5
631 2
628 0
628 4
466 1
467 3
486 2
484 0
483 0
483 2
482 5
879 4
482 1
482 1
485 3
494 2
492 1
492 0
487 5
889 5
1460 1
1458 2
1453 2
1448 5
2067 1
2065 1
2055 4
499 0
486 1
486 2
485 4
474 1
476 3
502 0
496 4
465 3
485 0
482 1
484 2
483 3
495 1
496 1
496 5
855 5
1429 5
2052 1
2052 5
2645 5
3244 4
530 4
529 2
527 2
524 4
524 1
524 5
637 2
635 5
1041 5
1601 2
1596 4
492 3
496 0
488 4
463 3
491 2
489 0
483 2
482 5
859 1
859 4
482 4
482 2
481 3
493 0
483 3
499 3
495 0
495 3
503 0
503 2
502 5
917 4
486 5
634 2
632 2
630 2
628 3
574 2
573 1
574 4
486 0
483 3
496 5
865 2
862 2
859 3
725 4
503 3
495 2
493 2
492 5
649 1
649 3
588 3
576 3
572 0
569 5
1144 0
1144 5
1813 2
1807 2
1802 0
1802 2
1797 0
1797 4
504 3
506 2
503 5
633 0
630 1
631 5
1120 2
1116 2
1112 4
486 5
629 4
477 4
477 0
472 3
493 5
822 3
691 2
689 1
689 2
687 3
659 3
645 4
483 3
498 5
660 2
658 3
597 2
595 0
593 2
592 2
591 4
482 2
481 2
480 2
479 2
478 3
489 2
488 2
486 0
485 3
500 3
493 5
926 3
744 2
742 0
742 2
740 0
740 2
738 5
1505 5
2304 5
3095 4
509 2
507 0
496 0
496 3
512 3
512 2
511 0
508 5
974 4
494 5
634 2
632 5
1097 1
1097 2
1093 3
819 2
816 4
513 0
506 4
478 2
477 2
476 4
475 5
607 5
1079 4
488 4
487 2
486 0
480 3
506 2
505 3
494 2
493 4
484 1
484 3
490 2
488 0
486 3
496 5
869 4
485 2
484 1
484 0
478 4
462 2
462 0
462 3
488 1
488 5
812 4
476 0
473 2
472 0
472 3
493 0
493 4
465 5
624 2
622 2
620 1
618 1
618 2
616 3
573 0
568 0
568 3
564 5
1118 2
1114 4
492 1
494 2
492 4
490 4
490 5
631 1
632 5
1123 4
482 2
481 0
476 2
475 0
475 2
474 3
498 3
494 4
487 1
487 5
630 0
630 3
575 1
575 0
574 5
1155 3
935 3
876 4
501 3
497 5
669 3
604 1
604 0
600 0
600 2
598 0
598 4
479 0
479 0
479 5
914 0
914 0
914 4
492 2
491 4
488 2
487 5
634 0
634 0
634 5
1143 1
1143 4
487 0
481 4
472 2
472 0
469 2
469 2
469 4
468 1
468 4
468 4
468 0
468 5
853 2
850 1
850 5
1403 2
1398 3
1004 2
1001 1
1000 2
997 2
994 3
858 1
858 4
508 2
506 4
505 3
500 4
498 1
498 4
498 3
497 3
498 4
498 5
645 5
1127 3
848 0
848 5
1645 2
1640 4
522 2
519 0
502 2
501 1
501 4
471 0
471 2
471 4
471 3
494 4
493 2
492 2
491 2
488 5
635 0
635 1
635 0
635 3
588 2
584 2
583 4
481 4
480 3
477 2
476 1
476 1
476 4
476 2
475 2
474 2
473 3
485 4
485 2
483 3
484 0
482 0
482 0
482 0
482 5
889 5
1471 2
1465 2
1460 4
484 2
483 2
482 4
481 2
480 0
475 3
489 4
478 3
486 0
485 0
485 0
485 0
485 3
496 1
496 0
496 3
505 3
500 4
468 4
466 3
476 2
474 1
474 3
477 3
483 2
482 2
480 5
634 3
577 0
573 5
1145 2
1141 2
1136 0
1136 2
1133 1
1131 4
500 4
494 0
487 2
486 5
891 2
887 3
710 4
501 1
501 0
496 0
496 4
470 2
469 2
469 2
469 0
469 0
469 0
469 4
467 3
487 0
487 1
488 3
503 4
477 1
478 1
478 5
638 5
1136 4
482 4
481 5
620 0
619 3
565 3
557 1
558 1
558 1
558 0
555 2
554 0
554 3
557 3
558 3
556 3
559 3
557 2
556 0
556 4
475 0
475 5
898 3
727 0
727 5
1467 4
510 3
508 1
508 2
507 2
506 5
640 2
638 5
1126 2
1123 2
1119 3
842 5
1516 0
1516 3
1255 1
1256 1
1255 4
526 4
519 2
518 1
518 0
508 2
507 3
519 4
479 0
477 2
476 3
494 2
493 2
492 2
491 2
490 2
489 0
489 0
489 4
470 0
470 2
469 3
493 3
490 3
500 5
856 1
855 1
855 2
852 1
852 2
849 1
849 2
846 0
846 3
698 0
698 3
691 2
689 0
689 2
687 1
687 2
686 4
493 4
488 2
487 2
486 3
487 2
486 4
485 2
482 3
489 4
489 2
487 2
486 2
485 3
478 2
477 0
475 1
475 5
896 0
896 5
1479 3
1121 0
1119 3
989 0
989 2
986 2
983 3
942 3
935 2
933 0
933 3
931 4
497 2
496 1
496 2
495 2
494 2
493 3
496 3
493 3
487 2
486 4
484 0
480 4
465 4
465 2
465 4
465 2
465 2
465 2
465 0
465 0
465 2
465 4
464 0
464 4
464 2
464 2
464 2
464 4
464 5
672 0
672 1
671 2
669 3
591 1
592 2
590 2
588 1
588 2
586 2
584 4
500 0
499 3
511 1
511 2
510 4
476 3
485 2
484 4
483 3
485 5
660 4
473 2
472 2
471 3
494 0
488 0
488 3
503 5
926 3
747 0
745 3
726 4
494 4
489 2
488 4
488 1
488 3
490 5
675 3
599 0
598 3
594 2
593 3
593 3
593 2
592 5
1194 3
988 5
1876 2
1871 3
1618 0
1618 5
2879 4
517 4
507 1
507 2
505 2
504 2
503 3
502 2
500 4
500 0
492 3
504 2
501 1
501 3
501 2
499 3
505 2
504 2
503 5
885 0
885 1
884 3
740 0
738 3
723 2
722 2
720 3
716 2
715 3
711 1
711 4
491 2
490 1
490 4
486 4
486 1
486 0
486 0
486 0
486 1
486 1
486 3
504 5
952 2
949 5
1554 2
1548 0
1548 2
1543 0
1543 4
498 5
627 3
574 4
496 4
495 4
495 2
493 2
492 2
491 5
631 1
631 4
473 3
495 3
489 1
489 2
488 3
493 4
493 2
491 3
487 0
485 1
487 3
505 3
502 4
477 3
482 0
479 4
461 4
460 4
460 2
460 3
478 3
489 0
484 3
494 4
469 2
468 0
467 4
461 0
461 2
461 5
826 4
473 2
472 2
471 2
471 3
501 4
501 2
500 4
500 0
490 2
489 1
489 4
465 1
467 0
466 2
466 5
832 5
1392 0
1392 5
1976 2
1969 4
495 2
494 3
508 3
501 1
501 2
499 5
637 4
475 4
475 2
475 3
498 2
496 2
493 1
493 1
493 3
505 1
505 5
613 5
1045 4
480 2
479 2
478 5
625 0
624 2
622 2
620 1
620 5
1089 4
478 4
478 4
478 3
509 3
499 4
499 5
617 3
578 4
488 3
501 2
499 4
498 3
496 3
494 3
503 1
503 4
502 5
621 2
619 3
576 1
576 0
573 3
571 3
570 0
570 3
570 3
569 2
567 1
567 2
566 2
565 4
480 3
489 4
487 4
487 3
484 5
642 2
640 3
579 3
569 5
1057 2
1053 2
1050 3
857 3
825 2
823 0
822 0
822 4
498 3
492 5
677 3
590 2
589 2
588 3
577 4
479 0
479 0
479 1
479 3
496 2
493 3
495 2
494 0
494 2
493 2
492 0
492 3
503 0
503 0
503 4
471 1
471 5
651 1
650 2
648 3
584 2
582 1
582 2
580 2
578 0
576 2
574 5
1181 0
1181 4
493 1
493 5
639 4
478 0
473 4
469 4
469 2
468 1
468 1
468 1
468 2
468 2
468 0
468 3
486 3
495 5
845 5
1419 4
490 2
489 4
488 4
488 5
633 3
560 2
559 1
559 3
552 0
550 2
549 2
548 4
484 5
651 0
651 4
471 0
469 2
468 1
468 1
468 3
490 2
489 2
488 4
472 4
472 3
479 0
478 4
463 3
490 3
479 3
480 5
625 5
1129 5
1728 2
1721 3
1251 1
1251 2
1246 2
1241 0
1236 3
1066 3
1006 2
1003 0
1003 2
1000 4
508 5
667 2
665 0
664 3
609 3
602 5
1112 3
926 4
510 4
502 1
502 2
501 3
501 1
501 2
499 4
496 0
492 5
910 0
910 1
909 4
494 5
639 3
577 4
492 2
491 2
490 0
489 2
488 3
502 2
501 4
476 0
476 2
475 0
475 4
466 3
484 0
483 4
464 3
483 5
654 2
652 5
1153 4
489 1
489 1
489 3
497 5
638 5
1089 4
480 3
498 0
491 4
464 2
464 0
464 3
492 5
822 2
819 3
678 4
500 5
635 0
635 3
585 4
494 0
491 3
507 3
503 1
503 3
503 2
502 4
473 5
635 4
472 4
472 2
471 4
471 2
470 2
470 4
470 5
617 3
560 4
485 3
487 3
498 4
498 3
485 3
490 2
489 3
487 4
487 5
617 1
616 1
616 3
579 3
562 1
562 2
561 5
997 2
994 0
994 3
826 2
824 1
824 3
787 2
785 4
491 4
487 0
484 4
468 0
468 2
467 3
491 2
490 5
869 0
869 1
869 5
1435 0
1435 5
2058 3
1637 2
1631 1
1631 2
1625 4
513 2
511 4
508 2
507 5
637 4
484 0
478 4
473 2
472 0
470 2
470 4
467 3
498 0
494 1
494 4
466 0
466 2
466 3
493 5
827 3
701 4
500 3
496 2
494 0
487 4
467 3
492 5
632 3
573 4
480 2
479 3
486 1
486 5
623 2
621 4
466 5
611 4
463 5
609 3
559 4
493 4
491 5
619 3
581 3
573 5
1010 0
1010 5
1670 2
1665 2
1660 1
1660 4
499 2
497 5
610 2
608 3
562 3
555 5
949 3
782 3
749 5
1497 0
1497 0
1497 2
1493 4
501 3
498 0
490 1
490 3
500 3
503 3
502 5
908 2
905 3
736 5
1398 0
1398 0
1398 1
1398 3
1164 2
1160 4
505 0
501 5
945 4
492 5
639 4
475 2
474 5
618 5
1074 4
478 3
504 4
504 0
494 1
494 5
884 2
881 3
705 0
705 0
705 3
693 4
495 2
494 1
494 4
490 3
487 4
487 3
482 0
479 3
496 1
496 2
492 1
492 4
472 0
472 5
897 3
720 4
495 4
493 2
492 2
491 2
490 4
490 0
490 2
489 2
488 2
487 0
487 0
487 0
487 5
903 0
903 0
903 2
900 2
897 3
727 4
503 2
502 5
661 3
609 2
607 5
1100 3
916 2
913 5
1749 4
505 5
648 5
1131 3
879 3
800 3
776 3
768 3
763 3
761 3
760 1
760 1
760 1
760 5
1502 3
1289 5
2399 1
2399 5
3564 5
4706 4
514 5
628 1
628 4
483 5
605 4
480 3
509 5
628 1
628 2
625 0
622 5
1081 1
1081 3
828 2
825 2
822 0
820 2
817 4
511 5
638 1
638 1
638 2
636 3
590 2
589 2
587 3
582 3
579 5
1048 3
858 5
1642 2
1637 4
511 2
510 0
499 4
469 4
467 3
486 3
484 5
641 0
641 3
579 2
578 0
574 0
574 1
574 2
573 2
572 0
572 5
1154 3
956 4
515 0
503 3
512 2
511 3
519 1
519 3
514 3
513 2
512 2
511 4
473 4
472 3
487 5
658 4
470 4
470 2
469 4
469 2
468 5
624 2
622 0
622 3
563 5
1011 3
828 4
496 2
495 5
651 2
648 1
648 3
591 2
590 4
487 1
487 5
634 4
474 2
473 3
492 3
492 0
489 2
488 3
501 4
470 4
470 4
470 4
470 3
483 5
642 5
1134 2
1129 4
485 3
507 3
510 5
623 4
473 1
473 1
473 3
500 2
498 1
498 3
495 3
490 1
490 2
489 4
489 2
486 1
486 4
486 3
493 5
608 3
566 4
484 3
483 2
482 4
482 5
607 1
607 3
570 2
566 4
483 4
481 5
615 3
575 2
573 2
572 5
994 4
492 2
490 2
489 3
494 3
494 4
494 3
498 3
496 3
498 1
498 4
498 2
496 5
620 2
618 3
569 0
567 4
477 3
486 5
643 2
641 2
639 3
581 0
577 3
575 3
574 4
483 4
481 0
480 4
464 2
464 4
464 0
464 5
867 4
478 5
633 2
631 2
629 5
1110 5
1697 2
1691 1
1690 5
2270 5
2840 3
2209 4
548 3
518 2
515 3
519 4
516 3
510 3
508 0
491 2
490 4
466 0
466 2
465 3
493 1
493 5
802 1
802 4
474 4
474 5
617 3
564 3
557 0
557 3
558 2
557 2
556 4
479 0
478 4
464 3
487 0
484 4
464 3
478 4
478 3
482 3
481 2
479 0
477 3
497 4
474 5
653 3
581 5
1064 2
1061 4
496 3
499 5
644 4
476 5
613 0
613 3
569 1
569 3
562 2
561 1
561 3
557 0
553 3
557 2
556 2
555 5
1104 3
897 0
896 2
894 4
508 2
507 5
652 5
1160 3
896 3
814 5
1592 1
1592 3
1373 3
1308 0
1308 4
510 3
485 3
496 3
486 5
671 4
472 0
470 0
470 2
470 5
871 3
692 2
690 3
660 5
1262 3
1055 4
519 0
508 4
471 3
492 4
491 3
493 3
490 3
492 0
490 4
469 4
469 3
483 5
643 4
476 5
623 4
468 2
467 5
628 0
628 2
626 3
570 3
558 4
486 1
486 5
643 1
642 0
642 3
580 3
577 4
486 3
485 2
484 4
483 2
482 2
480 5
641 4
475 3
491 3
483 2
482 1
482 4
481 2
480 2
479 5
613 1
613 3
560 2
556 2
555 3
555 2
554 3
557 0
554 3
554 4
475 4
475 1
475 0
475 3
497 4
478 5
657 1
656 3
587 5
1076 5
1753 2
1747 2
1742 4
498 0
485 4
467 2
466 5
631 3
572 2
570 5
1001 3
833 2
831 3
791 1
791 0
789 4
489 4
488 3
484 3
486 2
484 5
658 2
656 3
595 2
593 3
586 1
586 4
487 0
485 4
469 1
469 1
469 4
468 0
468 4
468 2
467 2
467 4
467 4
467 3
484 2
482 2
481 2
478 4
478 3
494 2
493 1
493 2
491 1
491 3
493 2
491 5
638 2
636 5
1154 4
491 4
491 2
490 3
500 4
499 3
514 2
512 0
501 4
468 0
468 0
468 5
838 5
1401 2
1396 4
486 2
485 2
484 5
631 5
1059 5
1626 0
1626 3
1105 0
1104 3
973 2
969 3
915 3
904 3
897 2
895 2
894 4
499 4
495 1
495 5
663 2
661 0
661 2
659 4
479 1
479 1
479 5
642 4
472 2
471 2
470 1
470 1
470 5
640 2
638 0
638 3
572 3
556 4
486 2
484 0
484 2
483 0
483 1
483 2
482 3
494 3
491 4
471 1
471 2
470 4
469 4
469 3
486 5
659 4
474 2
473 3
488 5
645 3
584 3
574 4
484 2
481 1
481 4
481 2
480 5
650 2
648 0
648 1
648 3
592 2
590 3
587 0
584 2
583 4
479 2
478 2
477 2
476 3
487 2
484 3
490 0
486 4
464 3
491 0
487 2
486 4
466 3
480 3
483 0
480 2
479 0
479 1
479 3
491 3
487 3
495 2
494 0
494 5
954 2
951 2
948 5
1553 2
1548 4
495 0
482 5
860 2
857 1
856 3
692 5
1278 0
1278 2
1274 2
1271 1
1271 4
495 3
495 1
495 0
491 4
464 0
464 0
464 3
489 2
488 4
480 3
477 2
475 5
632 3
570 4
478 4
477 4
477 5
630 4
469 4
469 0
467 2
467 -1
