5 2000
157 5
156 5
228 0
228 5
382 5
533 3
469 1
469 1
469 1
469 5
705 4
91 3
96 5
120 0
120 1
116 5
227 2
224 4
87 2
86 4
85 0
82 5
168 1
167 2
164 2
161 1
161 2
158 0
158 1
157 2
154 5
267 1
266 3
180 5
311 2
307 1
307 5
481 2
476 1
476 1
477 0
477 1
477 1
477 2
471 0
471 2
466 5
632 5
800 4
95 5
121 3
109 0
108 3
110 1
110 2
108 4
88 2
87 0
87 0
87 0
87 0
87 3
92 4
86 0
86 1
87 1
87 4
83 0
83 1
84 1
85 4
84 4
84 1
86 3
94 5
127 5
251 4
92 0
87 4
85 5
127 1
127 4
86 1
86 0
84 3
89 3
86 0
86 2
86 2
85 0
85 0
85 0
85 4
84 1
86 2
84 2
83 0
83 1
84 5
171 1
171 4
86 1
86 5
124 4
84 2
84 5
127 5
240 2
237 0
237 5
358 1
357 4
93 4
92 2
93 2
93 5
121 0
121 1
121 3
99 1
100 0
98 0
98 0
98 5
218 2
215 1
215 5
351 0
351 3
266 2
262 2
259 2
256 3
214 4
85 2
84 1
87 1
87 5
134 2
132 0
132 1
133 4
84 2
85 2
86 2
87 1
88 2
87 5
138 2
136 4
85 0
85 2
85 2
85 4
85 5
134 5
246 2
243 5
359 2
352 4
101 1
102 2
101 1
100 3
97 0
90 4
83 0
83 3
90 5
176 2
173 5
294 3
202 4
90 1
92 4
92 5
127 3
105 2
104 2
103 5
213 4
87 4
85 5
125 1
126 4
83 3
93 2
91 5
118 4
84 3
94 4
93 1
95 3
95 4
95 5
118 5
228 1
226 0
226 2
223 1
218 1
217 1
218 5
340 0
340 3
243 0
241 2
238 0
238 5
416 5
609 2
603 4
95 1
95 4
93 5
118 4
87 3
98 3
94 4
94 1
94 2
91 5
121 1
122 2
120 4
83 5
122 3
106 2
105 2
104 1
104 1
106 0
104 3
105 5
227 2
224 3
165 3
159 3
157 4
91 2
90 1
92 1
92 4
92 1
92 0
90 3
93 0
92 3
93 0
93 5
204 5
335 2
330 5
460 5
587 3
487 4
100 5
128 0
126 0
126 1
127 2
125 4
84 0
84 3
85 1
85 5
176 4
85 2
85 5
119 2
117 4
83 4
83 2
82 5
124 2
122 0
122 3
98 5
200 4
85 0
84 1
84 3
88 2
87 4
84 0
83 1
84 0
84 5
179 4
83 1
84 3
88 0
87 5
181 5
310 5
439 1
434 5
555 4
93 3
97 2
95 4
94 5
122 5
222 0
222 4
85 1
85 1
85 4
85 5
124 4
84 4
84 2
84 1
84 0
83 1
84 5
166 2
163 1
162 0
162 2
159 3
130 5
230 3
188 0
188 4
91 4
90 2
89 2
88 2
87 3
91 3
98 0
93 4
81 0
81 1
81 0
81 2
81 3
88 2
86 4
85 0
85 2
84 2
83 3
85 4
81 3
94 2
92 5
119 3
106 4
86 2
85 4
85 3
93 1
93 0
88 3
89 3
89 2
88 3
90 5
186 4
83 2
83 4
82 4
82 1
82 4
82 4
82 0
81 4
81 0
81 5
170 0
170 4
82 2
82 4
82 0
81 1
81 4
81 3
86 1
86 5
122 0
122 2
120 3
105 5
207 3
163 1
163 4
94 2
92 0
90 4
81 1
81 5
127 0
127 1
127 0
127 1
127 0
127 5
244 4
85 1
86 4
86 4
86 2
85 5
131 5
240 5
367 2
361 0
361 4
89 2
89 3
98 4
97 5
116 5
226 2
223 2
220 5
350 3
234 0
234 5
416 0
416 2
411 5
599 5
784 2
776 2
769 2
762 2
755 3
652 1
652 2
646 1
646 1
646 4
96 5
128 3
111 5
210 3
170 1
170 5
349 0
349 0
349 5
545 3
467 1
467 4
89 4
89 5
122 1
120 0
120 4
86 2
85 1
87 4
87 3
91 2
88 2
87 5
121 1
121 2
119 0
119 2
117 3
101 0
101 4
84 2
83 2
82 5
124 1
125 2
123 1
123 0
123 3
102 1
102 3
101 5
206 4
87 4
87 5
118 2
116 5
230 2
227 4
84 4
84 2
83 0
81 4
81 0
81 5
167 5
289 2
285 2
281 4
85 0
81 3
84 3
86 3
86 2
85 0
85 3
90 0
89 1
90 2
89 1
89 2
88 2
87 5
183 4
85 5
121 1
121 3
106 5
207 0
207 0
207 4
91 2
90 5
125 4
81 4
81 3
90 5
125 2
123 1
123 0
123 3
106 4
86 0
85 3
90 2
89 2
88 0
87 5
185 3
149 3
137 0
137 2
135 1
136 1
136 0
136 5
305 2
302 0
302 4
86 2
85 1
85 4
85 3
92 2
89 5
124 2
122 3
105 0
104 4
87 1
87 0
86 2
85 3
91 2
90 0
89 0
89 5
196 4
84 4
83 2
82 1
82 1
82 5
120 2
118 0
118 3
103 3
101 0
101 5
230 2
227 0
227 0
227 2
223 5
362 4
91 5
130 4
87 3
99 1
100 2
98 3
100 4
99 3
101 4
101 1
101 5
122 2
120 5
221 0
221 3
164 4
95 2
93 1
93 3
95 4
95 0
92 3
93 4
83 0
83 4
83 5
126 2
124 3
105 4
90 2
89 4
88 5
130 0
130 1
130 3
108 2
106 2
105 1
105 4
86 1
86 5
127 4
86 4
86 2
85 5
124 2
122 2
120 5
233 2
230 2
227 1
226 2
223 0
223 2
220 2
217 4
91 2
90 1
92 4
90 1
89 4
89 4
89 0
87 4
85 0
85 5
163 4
89 3
91 1
91 5
135 2
133 0
133 0
133 3
108 2
107 3
107 2
106 4
88 2
87 0
87 2
86 0
86 3
88 1
88 2
87 3
88 0
87 4
82 2
81 2
81 1
81 0
81 2
81 3
82 0
82 4
82 2
82 2
81 2
81 3
93 0
89 0
89 3
91 4
83 5
129 2
127 5
244 0
244 3
175 3
150 2
148 3
146 1
146 4
88 5
124 2
122 2
120 4
83 4
83 5
124 2
122 2
120 2
118 2
116 4
86 5
129 5
243 2
240 2
237 3
152 5
282 2
279 3
219 1
219 2
217 2
215 0
215 5
423 0
423 2
418 2
414 1
414 2
409 2
405 5
616 5
824 2
818 2
811 0
811 3
742 5
1022 2
1015 2
1008 3
941 5
1290 2
1283 1
1283 2
1276 0
1276 0
1276 2
1268 2
1261 5
1623 3
1583 4
95 2
93 5
123 2
121 2
119 1
119 5
221 0
221 0
221 4
88 2
88 3
100 2
98 2
94 4
92 1
92 3
96 5
125 5
227 2
224 4
85 4
85 0
84 2
84 4
83 2
83 2
83 4
83 2
83 2
83 4
83 3
90 2
88 4
87 0
85 4
81 0
81 3
87 2
85 4
83 3
98 0
93 3
95 2
94 3
94 4
83 3
95 0
90 3
97 4
86 2
84 0
84 5
173 3
140 2
138 4
93 0
89 3
90 5
185 0
185 3
144 1
144 2
142 2
140 0
139 0
139 3
137 0
137 3
137 0
137 2
136 2
135 0
135 5
310 4
86 4
85 5
122 5
240 4
88 2
88 4
88 0
85 2
85 2
85 5
183 3
136 2
134 0
133 3
130 2
128 5
277 2
272 2
268 5
440 0
440 5
601 2
595 2
588 0
588 3
495 2
490 3
437 4
90 2
89 5
134 2
132 3
110 3
106 0
104 5
233 5
378 3
307 2
303 3
267 0
267 2
264 0
264 2
260 5
523 2
518 4
90 4
90 3
91 2
90 2
88 2
87 0
87 3
89 2
88 3
88 0
88 2
87 3
92 5
193 2
190 0
190 2
187 5
319 5
442 3
337 2
332 4
90 3
94 4
94 3
91 4
91 2
89 5
124 2
122 2
120 2
118 4
86 5
126 3
105 2
103 4
86 5
122 0
122 2
120 1
121 3
101 0
101 4
85 2
84 3
93 4
93 0
89 4
81 4
81 0
81 0
81 0
81 0
81 2
81 0
81 4
81 4
81 0
81 2
81 0
81 2
81 0
81 2
81 2
81 0
81 4
81 2
81 3
93 5
134 3
114 2
113 1
113 2
112 3
112 4
85 4
85 0
85 3
89 0
89 5
190 2
187 4
86 2
85 4
85 3
93 4
93 2
91 2
89 3
89 2
88 2
87 2
84 3
90 4
90 5
119 2
117 0
117 3
104 5
214 0
214 2
211 5
355 2
351 3
265 2
261 2
257 2
254 3
217 0
217 3
207 3
206 3
206 4
87 1
88 3
91 4
88 0
86 2
85 0
85 4
82 1
82 4
82 4
82 4
82 5
128 5
249 3
173 5
325 2
321 5
504 0
504 1
504 3
415 0
415 4
90 5
124 1
124 3
109 4
88 2
87 1
87 1
87 0
87 3
91 2
90 2
89 2
88 2
87 2
86 3
88 0
88 4
82 0
82 4
82 5
125 4
85 2
84 5
122 3
104 2
103 0
103 4
86 2
85 3
93 2
91 2
89 3
94 3
89 2
88 2
87 5
123 0
123 2
121 3
101 3
99 2
98 0
98 3
99 2
98 4
83 4
83 5
129 5
246 2
243 4
87 4
87 2
87 2
87 3
91 5
122 4
86 3
96 4
96 3
102 1
102 3
100 4
100 0
92 0
92 4
84 5
118 2
116 1
115 2
113 2
111 2
109 2
108 1
108 4
89 2
89 1
89 0
87 2
87 3
88 2
87 3
89 2
87 2
86 5
162 0
162 3
128 3
118 0
118 3
117 5
261 5
416 0
416 0
416 3
340 2
336 2
331 3
295 5
553 4
88 1
88 2
86 4
85 1
85 2
84 5
126 2
124 3
108 2
106 0
106 4
84 4
84 2
83 2
82 4
82 2
81 2
81 4
81 1
81 5
128 2
126 0
126 4
83 0
82 2
82 3
83 3
87 4
86 2
84 1
84 2
83 3
91 0
88 2
87 4
81 3
95 2
92 2
90 4
90 0
88 3
93 2
91 2
90 3
91 4
84 1
84 2
84 4
84 0
83 3
87 3
86 5
185 1
185 5
310 2
306 3
206 5
381 0
381 3
298 1
298 5
557 2
553 0
553 0
553 1
553 0
553 3
500 3
475 0
475 2
472 2
469 3
462 2
459 0
459 2
456 2
453 0
453 0
453 2
450 3
446 0
446 2
443 3
440 2
438 3
436 3
436 4
94 2
92 4
92 2
91 0
89 2
88 1
88 3
91 4
83 2
82 3
85 3
90 4
90 3
95 2
93 0
91 2
88 3
92 4
83 2
81 3
92 0
88 2
87 5
188 5
316 2
311 5
437 3
329 2
324 3
253 4
93 4
92 2
91 3
95 4
95 4
95 0
89 2
88 2
87 0
87 2
86 0
86 3
89 2
87 4
82 3
91 4
91 3
91 4
91 2
89 4
89 2
88 3
92 2
88 2
87 3
92 0
89 2
88 5
181 1
180 2
177 0
177 5
304 3
218 4
87 1
87 3
92 4
92 4
92 4
92 4
92 4
92 4
92 1
92 2
91 0
87 2
86 3
89 2
88 3
86 3
89 4
83 4
83 2
82 2
82 3
88 1
88 0
87 3
91 2
90 0
89 3
91 2
90 3
91 3
91 2
90 4
83 1
83 2
83 5
131 0
131 5
251 5
380 3
243 3
204 0
204 2
202 3
196 3
194 1
194 4
87 2
85 2
84 4
84 4
84 2
83 2
83 2
83 3
95 3
97 0
92 2
91 2
90 0
90 0
90 2
88 3
92 0
92 1
92 0
92 5
198 2
194 1
193 2
190 2
187 2
184 1
183 2
180 0
180 3
147 3
135 2
134 3
131 0
131 2
130 4
85 4
85 2
84 3
88 4
88 3
90 1
90 5
135 2
133 3
110 2
109 2
108 5
227 3
176 2
174 4
89 0
88 0
88 1
88 2
87 5
182 4
85 0
83 0
83 1
83 3
87 4
84 0
84 1
84 4
81 5
124 2
122 3
99 3
97 1
97 0
97 1
97 5
214 3
168 3
159 2
158 0
158 1
158 4
88 4
87 3
97 2
93 2
91 2
89 2
87 4
87 3
93 4
93 4
93 5
128 3
110 5
210 0
210 3
172 4
92 4
91 0
89 2
88 3
92 1
92 0
92 2
91 1
91 2
90 1
90 0
90 0
90 5
191 5
324 5
453 1
453 5
574 5
701 3
583 5
764 1
764 3
671 5
945 5
1232 2
1221 3
1150 4
90 0
84 2
83 2
82 3
87 1
87 4
84 4
84 0
84 2
83 2
83 2
82 4
82 3
90 1
90 3
91 2
88 1
88 3
92 2
90 3
94 2
92 2
90 1
90 4
90 2
89 0
87 4
81 0
81 4
81 0
81 3
86 2
85 2
84 0
83 3
87 2
86 3
88 2
87 5
174 3
141 5
272 0
272 4
87 0
87 2
86 3
88 0
88 3
91 3
89 4
83 2
82 0
82 3
86 0
85 1
85 0
85 3
88 5
182 5
312 0
312 1
312 5
439 3
324 2
319 2
314 1
314 5
490 0
490 2
485 0
485 5
677 2
670 0
670 0
670 4
97 0
92 0
92 5
195 1
194 5
322 4
94 2
93 3
97 2
95 0
90 5
186 0
186 5
317 5
443 5
562 5
683 1
683 0
683 2
674 4
93 4
92 4
92 2
91 1
91 5
121 3
102 3
100 2
99 2
98 2
97 1
97 2
96 0
93 2
92 3
93 2
92 2
91 1
91 1
91 4
82 5
128 2
126 4
86 0
85 5
174 2
171 2
168 2
166 3
129 3
123 3
120 0
120 3
120 2
119 5
271 0
271 1
271 2
267 4
88 1
88 0
88 2
87 4
84 2
84 2
84 5
127 0
127 2
125 0
125 0
125 2
123 5
235 2
232 0
232 2
229 2
226 1
224 1
224 2
221 2
218 0
218 3
143 0
140 4
91 5
123 4
84 0
83 5
171 2
168 1
168 2
165 2
162 0
162 1
162 3
127 4
88 2
87 2
86 3
97 1
97 1
97 0
91 5
186 3
150 0
150 2
148 1
148 5
321 2
317 2
313 0
313 3
261 2
258 2
255 1
255 5
475 4
89 3
92 2
90 4
90 0
85 2
84 0
84 2
83 4
81 5
125 3
103 3
104 0
104 3
104 2
103 5
228 3
181 5
358 2
353 3
302 2
299 4
96 3
94 5
131 5
248 5
377 2
372 2
366 3
254 1
254 4
88 4
87 2
86 2
85 5
118 4
82 2
82 0
81 2
81 5
170 0
170 0
170 5
286 5
410 4
88 2
88 2
88 1
88 2
88 2
88 2
88 1
88 2
88 0
87 2
87 3
89 2
88 0
87 4
83 2
83 0
83 3
87 4
87 5
121 2
119 4
85 1
85 3
91 4
91 1
91 2
89 4
89 4
89 4
89 4
89 2
88 2
87 4
87 5
118 2
116 0
116 1
116 3
103 2
102 0
102 5
223 4
86 2
85 3
92 5
119 0
119 4
81 4
81 4
81 0
81 0
81 4
81 5
123 0
123 5
239 0
239 3
160 1
160 2
158 0
157 5
328 2
324 1
323 4
92 5
129 2
127 2
125 0
125 2
123 0
123 0
123 4
85 1
85 4
85 3
91 4
90 0
86 3
87 2
86 3
89 4
82 4
82 2
82 3
90 3
91 0
87 5
186 0
186 1
186 5
314 3
230 2
227 3
189 0
189 3
184 2
182 0
182 0
182 4
87 3
89 3
95 0
92 5
193 3
154 2
152 0
148 0
148 3
145 4
89 0
89 2
88 4
84 3
92 2
90 0
88 1
88 2
87 2
86 3
91 2
90 0
89 2
88 2
87 1
87 2
86 5
190 2
187 4
85 3
93 4
92 3
87 4
87 0
86 3
91 5
182 2
179 0
179 4
85 5
121 4
84 4
84 0
83 4
83 5
123 4
84 0
83 0
83 5
174 0
174 5
298 2
294 4
91 0
87 3
91 3
86 4
85 3
92 0
89 4
81 3
90 2
88 5
125 5
242 3
163 4
89 2
88 2
87 4
87 2
86 4
86 3
90 2
89 5
129 2
125 1
123 1
123 2
121 2
119 1
119 0
119 2
117 4
82 1
82 2
82 4
82 5
126 2
124 4
82 1
82 3
96 1
96 4
96 1
96 3
87 5
121 1
119 2
117 3
103 2
102 2
101 1
101 0
101 3
102 2
101 4
84 1
84 1
84 3
92 3
90 4
90 1
90 4
90 2
88 5
127 5
246 0
246 4
86 2
86 1
86 4
86 4
86 2
85 5
124 4
82 4
82 3
91 2
89 5
120 4
84 0
82 5
176 5
302 3
209 2
207 0
207 3
179 5
370 3
309 1
309 5
588 2
582 4
94 2
92 3
92 3
93 2
91 3
93 3
92 3
88 5
127 0
127 1
127 3
109 1
109 0
107 1
107 3
107 4
85 3
88 2
87 1
87 4
87 2
86 2
85 4
85 2
85 5
133 3
111 0
110 4
87 2
86 4
86 2
86 2
85 0
85 5
180 3
139 4
88 0
86 3
89 2
88 4
83 3
91 3
88 2
84 2
83 5
129 3
106 5
218 2
215 1
215 3
174 3
163 5
337 2
333 0
333 5
529 2
524 1
524 3
453 1
453 2
449 4
90 1
90 0
89 2
87 0
87 2
86 1
86 4
81 2
81 2
81 1
81 3
93 2
90 5
123 2
121 1
117 2
115 0
115 3
104 0
104 0
104 5
234 1
233 2
230 4
92 1
92 4
91 2
90 2
89 2
88 5
122 0
121 4
82 4
82 1
82 5
125 1
125 3
102 3
101 3
100 4
85 0
85 2
84 0
84 1
84 5
177 -1
157 4
157 3
105 1
106 0
96 0
95 1
95 4
84 5
122 1
123 4
84 1
86 3
93 3
99 0
95 2
93 3
95 2
94 4
86 1
88 2
86 3
94 5
120 5
229 4
85 2
84 3
91 5
120 4
83 4
83 2
83 5
123 2
121 2
119 3
99 3
97 0
97 1
98 3
97 4
85 4
85 0
85 4
81 1
81 5
126 2
124 0
124 5
239 3
160 3
141 3
139 3
139 5
288 1
287 3
236 1
236 1
236 2
234 0
234 4
92 2
91 4
91 1
93 5
127 2
125 2
123 4
88 1
91 1
91 0
90 1
91 1
92 0
92 1
93 4
83 5
123 5
240 3
165 4
88 4
88 2
86 2
85 4
85 5
124 4
81 5
126 5
246 1
246 5
366 5
482 5
598 5
714 1
714 5
829 2
818 2
807 0
807 4
107 2
105 1
104 5
132 2
130 5
214 3
143 5
274 1
274 4
88 0
85 5
178 4
86 2
85 1
87 3
90 3
98 3
91 3
87 4
87 4
87 5
126 4
82 2
82 0
81 5
168 3
130 2
128 4
91 3
92 4
92 5
123 3
106 5
214 4
88 4
88 1
90 5
118 5
230 1
231 2
228 3
161 3
151 5
297 4
91 1
93 2
91 2
90 3
97 1
97 2
94 2
92 1
92 5
134 2
131 4
83 4
83 2
83 0
82 5
177 4
83 2
83 4
83 0
81 5
171 4
83 1
83 5
127 3
105 3
102 2
101 2
100 3
100 5
206 4
85 5
124 2
122 5
242 1
242 2
239 2
236 2
233 0
233 1
233 0
233 1
233 2
230 2
227 5
353 4
89 4
89 0
86 5
163 0
163 0
163 5
276 0
276 4
91 0
89 0
89 1
90 0
90 5
176 2
173 3
128 5
235 2
231 3
183 1
183 3
175 2
173 4
84 2
83 5
125 2
123 3
104 2
103 1
104 0
103 3
105 2
104 4
85 1
88 1
88 4
88 1
88 5
128 1
128 3
111 5
214 2
211 5
359 3
282 4
89 4
87 2
86 2
85 3
92 3
92 2
90 2
88 3
92 2
90 0
87 3
91 5
183 0
183 3
144 4
91 2
90 2
89 4
89 0
85 3
88 3
87 3
86 2
85 0
85 2
84 5
177 2
174 1
173 3
136 4
92 0
90 2
88 3
89 0
89 3
92 2
91 1
92 1
92 1
94 3
91 2
90 4
83 0
83 5
174 4
85 0
83 2
83 0
83 3
87 4
83 1
83 2
83 4
83 4
83 2
83 1
83 1
84 0
83 2
82 5
172 1
171 5
289 4
87 3
94 3
90 5
124 3
108 0
108 5
240 2
237 0
237 4
88 3
92 3
92 5
125 2
123 1
123 2
121 2
119 4
81 2
81 5
125 4
81 1
82 4
82 3
89 4
89 2
87 2
86 5
122 2
120 2
118 5
227 2
223 3
158 2
156 2
154 1
156 4
94 4
94 4
94 4
94 0
91 0
91 2
90 2
89 5
189 3
141 5
265 5
434 3
357 1
356 4
93 3
100 1
100 4
100 5
132 2
130 3
112 2
110 5
210 5
349 2
344 2
340 4
86 5
124 0
124 3
105 2
104 3
103 4
87 2
86 0
86 4
82 5
125 2
123 5
238 3
161 5
298 4
94 5
121 4
85 2
85 3
99 3
96 4
96 3
88 2
87 2
86 2
84 0
81 2
81 0
81 0
81 5
165 0
165 2
162 0
162 2
159 2
156 3
126 5
223 0
223 3
179 3
173 2
171 2
169 5
365 4
91 1
91 5
124 3
109 1
109 3
109 3
108 3
107 4
83 0
82 1
83 2
82 3
86 2
85 4
84 3
92 5
125 1
126 2
123 2
121 1
121 3
106 0
105 2
104 4
86 4
86 4
86 2
85 1
87 3
93 4
93 2
90 1
90 4
90 5
124 2
122 4
84 0
83 3
89 2
88 0
87 2
86 4
81 4
81 4
81 4
81 2
81 4
81 4
81 2
81 4
81 3
92 4
92 3
91 5
125 5
240 0
240 4
86 2
87 2
87 4
87 3
90 4
89 5
121 2
119 4
82 5
125 0
125 4
81 4
81 5
125 4
81 3
91 5
123 4
82 4
82 3
93 3
84 2
83 0
82 2
81 4
81 2
81 2
81 2
82 3
91 2
90 2
88 5
123 2
120 2
118 4
84 1
85 3
92 0
89 2
88 2
87 5
190 2
187 2
184 5
311 2
307 3
221 2
219 1
220 3
184 0
184 5
385 4
93 3
93 5
131 2
129 3
112 3
107 5
216 4
86 2
85 4
84 5
127 2
125 5
234 1
232 4
87 4
87 2
87 4
87 2
87 3
93 2
91 5
126 1
126 3
106 0
106 1
107 4
85 3
94 0
87 5
183 3
144 5
273 4
88 2
86 1
86 1
86 5
125 5
244 0
244 0
244 2
241 2
238 5
364 0
364 4
89 4
89 0
84 2
84 0
84 0
84 5
177 3
131 4
85 4
85 4
85 2
84 3
89 5
125 2
123 4
84 5
124 2
122 3
105 0
104 2
102 3
103 2
102 4
88 4
88 1
89 1
89 5
127 0
127 2
125 2
122 4
87 2
86 4
86 1
88 2
87 2
86 3
89 3
89 2
87 3
95 4
95 2
93 4
93 2
89 3
89 2
88 2
86 0
85 1
85 4
81 1
81 4
81 0
81 3
86 2
85 2
84 5
171 4
84 3
94 3
89 0
87 2
86 0
86 3
90 2
89 2
88 4
83 1
83 5
126 3
103 1
104 2
103 3
100 0
99 4
82 2
82 3
87 2
84 3
90 5
122 2
120 0
120 3
106 2
105 5
221 2
218 2
215 3
172 3
162 1
162 2
160 5
328 2
324 5
512 5
708 5
899 2
891 2
883 2
876 5
1060 1
1060 2
1052 0
1052 2
1044 5
1227 2
1218 2
1209 3
1115 1
1115 3
1047 5
1371 0
1371 2
1362 0
1362 4
96 2
95 2
94 2
93 3
99 4
98 2
96 5
116 3
104 1
105 5
198 2
195 1
195 2
192 0
192 3
161 4
92 2
90 3
93 5
124 2
121 2
119 4
83 2
83 2
82 2
82 4
82 2
82 5
126 3
101 3
99 2
98 3
97 2
96 4
85 2
83 2
82 1
82 5
133 5
249 2
246 1
246 0
246 3
166 3
148 4
90 1
90 2
89 0
88 5
188 1
187 3
141 3
130 0
130 2
129 3
130 3
130 2
129 2
128 4
83 5
132 2
130 1
130 2
128 2
126 2
124 3
105 1
105 4
86 0
85 2
84 1
84 2
83 0
83 2
82 0
82 4
81 5
123 3
104 0
104 3
104 4
86 3
90 4
90 1
92 0
87 5
188 3
145 4
90 4
90 4
90 4
90 4
90 3
94 2
92 2
91 2
90 1
90 1
90 5
122 2
120 2
118 0
117 4
85 5
124 3
102 1
102 2
101 1
101 4
89 5
127 3
107 2
105 3
102 2
101 0
101 0
101 5
223 2
220 3
178 5
359 3
293 0
293 2
289 4
91 2
90 4
89 2
88 2
87 2
86 2
85 1
85 2
84 5
123 4
81 2
81 2
81 3
92 1
92 0
88 1
88 2
87 2
86 1
88 2
87 4
83 1
83 2
83 2
82 5
123 3
101 1
101 2
99 0
99 2
98 0
98 5
219 1
217 1
217 2
214 0
214 3
165 3
154 5
321 2
317 1
317 1
316 4
92 2
90 2
88 0
87 4
81 0
81 3
89 5
172 4
83 3
93 3
86 2
84 5
129 2
127 4
83 5
127 4
83 5
127 0
127 1
127 4
84 3
91 2
88 5
127 4
81 4
81 3
94 5
120 1
120 0
120 0
120 5
235 1
234 3
178 4
92 4
92 4
92 3
96 5
123 0
123 5
232 5
363 4
86 3
98 5
121 3
110 0
110 4
87 0
87 0
87 2
86 3
88 0
88 5
188 4
87 3
101 0
95 4
83 2
82 4
81 4
81 2
81 2
81 2
81 3
91 0
87 3
90 4
82 4
82 2
81 2
81 0
81 2
81 3
83 5
168 1
166 3
134 0
132 1
132 4
86 5
130 4
82 2
81 3
93 2
89 2
88 0
86 5
184 2
181 3
137 3
131 4
87 5
130 5
251 5
381 2
375 4
84 5
118 5
232 2
228 4
87 5
129 4
86 2
86 4
86 2
86 4
86 1
86 5
133 4
85 1
85 3
93 5
130 0
130 2
128 4
87 0
86 4
84 3
93 3
94 3
93 2
92 5
123 4
83 5
123 1
123 0
123 5
239 5
368 4
86 5
120 2
118 4
86 3
93 5
129 1
129 4
85 5
121 2
119 5
228 1
226 4
87 1
87 4
87 1
87 5
121 2
119 5
224 2
220 4
92 3
97 2
93 2
91 0
88 5
177 3
136 1
136 4
90 5
129 3
107 5
213 0
213 4
90 3
94 3
97 3
99 1
99 5
122 1
122 0
122 2
119 3
109 3
106 0
106 2
105 5
226 0
226 2
221 1
220 3
179 4
86 1
86 1
86 3
89 3
93 3
92 5
119 4
83 2
83 5
122 1
122 4
82 3
89 4
89 3
93 0
87 2
85 4
82 0
82 0
82 2
82 2
82 5
175 3
134 2
133 2
131 2
130 4
88 5
127 5
240 1
240 5
369 0
369 2
365 2
361 0
361 4
91 4
91 0
86 2
85 5
174 4
87 2
87 3
93 1
93 4
93 0
88 2
87 1
87 2
85 0
85 0
85 1
85 2
84 4
82 4
82 4
82 1
82 3
94 3
94 4
94 4
94 2
90 5
119 2
117 1
117 3
103 4
86 2
85 2
84 2
83 2
82 0
82 4
81 2
81 2
81 2
81 1
81 1
81 4
81 1
81 3
91 3
88 4
88 2
87 0
84 4
82 5
127 5
241 0
241 1
240 3
170 3
153 4
90 2
89 2
88 3
94 5
128 5
244 2
241 0
241 4
86 3
98 1
98 2
95 3
93 2
91 4
91 5
121 3
108 3
104 2
103 4
87 0
85 2
84 0
84 5
177 3
136 0
135 3
132 2
131 5
289 5
462 3
388 0
387 5
629 0
629 5
870 0
870 4
86 4
86 5
120 5
235 2
232 2
229 4
88 4
88 3
97 2
93 3
104 4
104 0
95 3
97 3
97 1
97 2
96 5
203 4
83 2
82 4
82 0
82 0
82 2
81 4
81 1
81 2
81 4
81 2
81 3
94 3
89 1
89 2
88 2
87 4
87 0
87 0
87 0
87 1
87 5
181 5
307 0
307 0
307 1
307 4
86 4
86 3
94 3
97 4
97 5
123 2
121 1
121 4
87 0
84 1
84 4
84 2
84 3
93 4
93 0
89 1
89 2
87 1
87 1
87 4
83 3
92 0
88 2
87 5
184 0
184 2
181 4
85 2
84 2
83 3
94 3
97 3
89 4
89 2
87 0
84 2
83 4
82 2
82 5
126 4
82 3
94 4
94 4
94 1
94 2
91 1
91 4
91 3
87 5
126 2
124 5
240 2
237 0
237 3
167 3
143 1
143 2
142 1
142 4
89 0
88 3
91 5
187 2
184 3
141 3
132 2
130 4
84 5
126 2
124 4
83 2
82 4
82 0
81 0
81 3
83 4
83 4
83 2
82 2
81 4
81 3
92 4
92 5
123 0
123 0
123 0
123 1
123 2
121 2
119 1
119 0
119 3
103 3
102 0
102 0
102 4
87 2
86 3
94 5
125 3
114 5
226 2
223 3
181 4
88 2
87 2
85 3
88 1
88 2
87 4
86 5
123 0
123 2
121 3
104 0
104 2
103 0
103 4
85 3
97 0
92 1
92 2
91 0
91 5
191 0
191 2
188 2
185 3
144 5
273 4
88 1
88 0
86 2
85 3
90 3
89 2
88 2
87 3
90 3
88 4
82 4
82 4
82 4
82 3
92 0
88 2
86 4
82 2
81 4
81 4
81 3
94 1
94 1
94 5
124 1
124 0
124 5
242 4
86 2
86 0
83 1
83 2
82 2
82 2
82 4
81 2
81 2
81 3
96 5
125 3
114 1
114 3
112 0
112 3
112 2
110 2
109 3
110 0
110 1
110 5
239 3
194 2
192 2
189 5
388 0
388 2
384 4
91 2
90 0
87 3
90 1
90 5
183 0
183 4
86 4
86 4
86 3
87 2
86 2
85 4
85 0
83 2
82 5
173 2
170 3
139 1
139 3
123 3
119 0
119 3
119 0
119 4
85 4
85 2
84 4
84 2
84 3
92 3
91 5
132 3
111 5
241 4
88 2
87 0
86 2
85 0
85 3
90 0
90 2
89 4
85 0
85 4
81 2
81 0
81 3
85 4
83 0
82 4
81 4
81 2
81 2
81 3
91 1
91 3
86 4
86 0
85 3
89 3
88 0
88 3
88 3
90 4
83 5
123 0
123 0
123 2
121 4
82 0
82 2
82 5
174 4
82 2
82 5
125 3
105 3
103 3
102 3
100 5
213 1
213 3
163 4
94 4
93 4
93 2
91 3
91 0
89 1
89 2
88 2
87 5
183 2
180 2
177 4
88 5
125 3
111 4
94 2
92 4
92 3
93 3
95 2
93 1
93 2
91 4
91 2
89 3
99 2
96 1
96 3
96 4
96 0
95 4
84 1
84 2
83 2
83 5
124 1
124 1
122 5
231 5
354 0
354 1
354 2
350 2
346 4
92 5
124 0
124 2
122 1
121 5
226 2
222 5
334 5
456 3
293 5
442 5
623 5
805 3
701 2
694 0
694 2
687 2
680 2
672 0
672 2
665 4
102 2
100 1
100 3
95 1
95 3
91 2
90 5
127 1
127 0
127 4
82 3
88 4
88 5
127 4
82 2
82 5
128 5
242 2
239 0
239 0
239 2
236 2
233 4
87 2
87 0
84 4
83 3
93 3
90 5
123 2
121 4
84 3
95 2
93 5
118 1
118 0
118 2
116 4
83 3
94 1
94 0
87 0
87 2
85 3
91 0
91 2
90 3
92 0
91 5
197 3
153 5
304 4
93 4
92 3
95 3
101 3
94 4
94 5
117 4
84 0
81 4
81 5
124 2
122 0
122 4
82 4
82 3
91 4
91 2
90 2
89 1
89 1
89 3
86 4
86 4
86 0
84 3
89 5
176 5
302 0
302 4
84 2
84 5
122 4
84 2
84 2
84 2
84 3
90 4
90 1
90 2
88 3
95 4
95 3
95 0
89 2
87 0
87 3
88 4
81 2
81 3
88 3
93 1
93 3
90 4
90 4
90 5
124 4
82 0
81 4
81 0
81 4
81 4
81 4
81 2
81 1
81 5
124 5
241 3
162 3
146 3
140 0
139 2
138 2
136 2
135 2
134 4
87 4
87 2
86 3
88 4
87 0
86 1
86 0
86 4
82 1
82 2
82 2
81 2
81 2
81 2
81 3
87 0
84 0
84 2
84 2
83 4
82 1
82 0
82 2
82 0
82 4
81 5
127 3
104 4
87 2
86 1
86 1
86 2
85 3
93 4
93 3
86 5
126 0
125 4
83 0
83 1
83 4
81 2
81 3
94 1
94 5
124 3
114 4
88 3
92 2
91 0
86 1
86 4
82 3
94 4
94 0
89 0
89 4
82 2
82 3
93 0
88 2
87 4
81 3
93 2
91 4
91 1
91 3
88 4
88 4
88 3
90 5
125 2
123 0
123 5
239 2
236 3
161 4
94 5
121 5
236 2
233 2
230 1
229 2
225 2
222 3
149 5
300 0
300 1
299 1
298 3
232 3
225 2
223 4
87 4
86 5
126 5
247 1
247 2
244 0
244 5
373 0
373 2
367 2
361 2
357 2
353 3
225 2
221 4
94 3
97 2
93 0
88 4
84 5
126 0
126 3
106 3
105 3
104 1
104 5
214 4
85 4
85 4
85 3
88 0
86 2
85 4
82 4
82 1
82 0
82 3
86 3
84 3
89 2
88 2
87 5
173 4
82 1
82 2
82 2
82 1
82 0
82 5
174 5
295 3
206 3
168 3
165 2
163 4
89 2
87 2
86 2
85 5
136 5
258 2
252 5
380 1
380 5
507 2
500 5
621 3
460 5
643 3
545 1
545 2
538 2
531 2
524 1
524 5
795 4
101 4
98 4
98 1
98 2
95 0
91 1
91 5
184 4
88 3
92 5
126 5
240 2
237 0
237 0
237 4
90 0
88 4
85 3
94 3
94 4
94 0
91 4
83 3
93 1
93 4
93 3
93 4
93 3
93 2
91 5
119 5
225 1
225 2
222 4
87 4
87 1
87 4
87 3
97 0
90 3
95 5
191 2
188 3
147 3
134 0
134 4
86 2
85 3
91 0
87 0
87 4
83 5
122 3
104 0
104 0
104 2
103 4
87 5
124 0
124 2
122 0
122 3
107 2
106 2
105 2
104 2
103 2
101 0
100 3
101 0
101 3
101 3
101 3
101 1
101 1
101 3
101 3
101 4
83 1
83 1
83 3
84 4
84 1
84 2
83 4
83 5
126 2
124 0
124 3
108 4
87 4
86 4
86 2
85 5
123 2
121 0
120 3
104 3
102 4
85 2
85 0
84 4
82 2
82 3
93 4
93 3
87 4
87 2
86 2
85 3
92 5
119 1
119 2
117 5
228 3
175 3
155 0
155 3
155 3
155 2
153 2
151 3
151 1
151 3
151 2
150 4
86 5
140 2
137 4
86 4
86 3
88 4
87 0
84 3
88 5
179 1
179 4
85 4
85 4
85 4
85 2
85 0
83 5
175 2
172 0
172 1
172 5
296 0
296 4
91 2
90 1
90 0
87 4
86 0
86 4
86 5
134 3
105 1
105 5
201 4
90 5
131 4
83 3
88 2
86 4
86 2
85 4
85 3
92 4
92 4
92 4
92 2
90 2
89 3
95 2
93 3
90 2
86 4
86 2
85 2
83 2
82 2
82 -1
157 0
142 2
140 1
140 2
137 1
138 3
134 3
133 4
83 2
82 1
83 5
129 0
129 4
84 3
97 2
95 4
95 2
93 3
93 1
93 2
89 4
89 3
94 0
88 1
88 3
90 4
82 5
122 3
101 5
206 1
205 1
205 0
205 1
203 2
200 3
161 4
94 5
126 3
108 2
107 1
109 3
109 4
84 0
84 4
82 0
82 2
82 5
173 0
173 0
173 3
136 0
136 2
135 1
137 3
130 3
129 4
86 5
130 0
130 5
247 2
244 5
370 3
248 0
248 3
206 2
204 3
198 0
198 5
433 4
87 0
86 2
85 5
181 3
142 1
143 1
144 0
143 5
308 5
473 3
398 5
637 3
585 5
906 3
862 1
862 0
862 2
856 4
96 0
90 5
192 0
192 4
90 4
90 0
87 2
86 5
184 4
89 3
95 0
91 4
81 4
81 4
81 1
82 1
82 4
82 5
125 0
125 3
103 1
104 4
84 3
91 2
89 5
127 2
125 3
111 3
110 4
89 0
87 2
86 2
85 0
85 0
85 1
86 4
81 3
95 3
95 1
97 4
97 0
92 0
92 3
93 0
93 2
92 1
94 1
95 1
96 0
96 2
95 5
204 4
86 3
91 0
88 0
88 0
88 2
87 0
87 3
91 4
84 0
83 5
180 3
142 1
141 1
141 3
128 5
268 0
268 3
211 0
210 1
210 4
89 4
88 5
120 3
103 0
102 2
101 0
101 3
102 2
101 0
101 1
102 3
101 5
226 2
223 2
220 3
175 4
89 5
135 2
132 0
132 3
112 5
219 0
219 0
219 3
177 3
172 4
88 4
88 0
88 4
81 4
81 4
81 4
81 2
81 2
81 4
81 4
81 2
82 4
82 3
86 4
86 1
86 2
83 4
83 4
83 0
83 5
175 4
85 2
84 5
123 5
241 4
85 2
84 2
84 1
84 2
84 4
84 3
96 0
90 0
90 4
82 4
82 5
125 4
82 2
82 3
96 3
92 3
88 0
84 4
81 4
81 5
124 1
124 0
124 5
238 4
87 3
100 4
100 1
100 2
98 2
95 2
94 4
94 2
93 3
91 5
121 1
121 0
120 2
118 2
116 3
107 0
106 2
104 5
226 0
226 0
226 4
90 2
89 0
86 4
82 2
81 1
81 0
81 3
84 3
89 3
86 2
85 0
85 0
85 2
84 2
83 5
177 0
177 1
176 0
176 0
176 1
175 2
172 3
135 5
259 1
258 5
426 4
90 1
90 5
122 1
122 1
122 0
122 5
233 0
233 3
164 4
88 5
120 4
84 0
82 2
82 1
83 2
83 2
82 0
82 0
82 3
84 5
174 4
83 3
89 4
89 2
87 2
85 2
84 4
84 0
81 2
81 2
81 2
81 1
82 2
82 3
87 3
84 5
170 2
168 2
165 4
83 4
83 2
83 4
83 3
83 5
128 1
129 4
84 3
93 0
89 2
88 4
81 4
81 5
125 2
123 4
83 3
102 1
102 2
98 5
126 2
124 2
122 1
120 2
118 3
110 2
109 2
107 1
109 2
107 3
105 3
105 3
105 5
217 2
214 0
214 1
214 4
88 3
89 3
92 0
88 4
81 4
81 1
82 4
82 0
82 2
82 2
82 2
82 3
85 1
86 1
87 2
86 4
82 1
82 2
81 3
92 4
92 4
92 1
92 5
122 2
120 3
108 4
85 4
85 4
85 4
85 4
85 0
84 5
174 0
174 4
84 3
86 0
85 2
84 5
177 1
177 3
136 4
92 3
97 4
96 2
92 0
89 4
82 0
82 4
81 2
81 1
82 2
81 1
84 4
83 2
83 0
81 2
81 5
167 2
164 1
164 2
161 3
122 2
120 1
121 1
121 2
120 3
116 2
114 2
113 2
112 0
111 0
111 2
110 5
256 5
410 1
410 2
405 1
404 1
402 1
402 0
402 2
396 1
396 2
391 3
301 1
301 2
296 3
260 0
260 5
520 0
520 2
515 2
511 3
445 4
102 1
102 2
100 2
99 0
95 1
95 1
95 2
94 3
95 1
96 2
95 2
94 0
94 1
94 2
93 3
95 3
93 4
82 4
82 4
82 5
120 4
83 0
82 4
82 2
81 0
81 4
81 0
81 3
87 5
168 3
132 1
132 2
130 5
243 5
399 2
394 2
389 2
384 2
379 3
303 2
299 4
89 5
125 1
125 5
239 2
236 0
236 1
232 3
167 1
167 0
163 2
160 2
158 1
159 5
331 4
93 2
92 2
91 1
91 3
94 2
92 5
119 3
102 3
100 2
99 3
98 1
100 1
100 3
97 0
97 5
215 4
85 2
84 0
83 3
83 1
84 4
81 2
81 2
81 2
81 4
81 2
81 0
81 3
86 4
85 5
126 5
244 2
241 0
241 3
166 3
147 0
146 3
145 2
144 2
143 3
142 2
140 5
317 2
313 0
313 5
493 5
667 5
840 3
768 1
768 3
709 5
1039 2
1031 2
1024 0
1024 0
1024 5
1354 4
92 3
100 4
98 0
93 5
193 1
193 1
191 2
187 3
141 5
281 1
281 2
277 3
221 4
88 2
87 3
94 4
94 0
90 3
92 1
93 1
93 2
92 4
81 4
81 5
124 4
82 3
91 5
126 1
126 5
240 5
372 0
372 3
270 1
271 5
443 0
443 1
443 3
376 3
333 3
327 5
668 0
668 5
1018 3
961 0
961 2
957 2
951 3
931 1
931 2
927 2
923 0
923 5
1402 1
1402 3
1363 3
1354 0
1354 4
96 2
94 2
93 5
128 3
111 3
111 1
111 2
110 3
111 5
220 2
217 1
214 2
211 2
208 0
208 4
85 5
122 0
122 0
122 2
120 1
121 3
104 4
86 2
85 2
83 5
125 2
123 1
121 2
119 5
234 2
231 4
85 2
85 2
86 3
93 5
121 1
121 1
121 4
83 4
83 3
96 3
96 3
95 1
95 0
91 2
89 2
86 2
85 3
90 0
89 5
189 1
187 1
187 2
184 4
87 5
119 4
83 5
118 0
118 4
82 3
85 3
89 0
86 0
86 2
85 2
84 3
90 1
90 4
84 1
84 0
83 1
83 3
84 3
86 2
85 4
82 4
82 1
82 4
82 2
82 1
82 3
88 2
87 2
86 2
85 1
85 0
83 2
82 0
82 5
169 4
85 2
84 3
87 2
86 2
85 5
129 2
127 5
237 1
235 5
364 4
88 5
124 4
85 2
85 3
91 3
87 4
87 1
87 2
87 4
87 3
91 1
91 2
89 0
86 2
85 4
82 3
87 1
87 3
86 5
126 1
123 4
81 3
90 3
87 2
85 2
84 2
83 4
83 3
90 1
90 3
85 1
85 0
84 3
86 5
177 4
84 1
84 2
84 5
120 0
120 2
118 0
118 5
232 2
228 2
224 2
221 4
90 2
90 0
90 0
90 2
90 1
91 1
88 3
88 0
85 1
85 0
85 3
85 4
81 3
92 2
90 5
120 2
118 5
238 4
85 1
85 1
85 2
84 1
84 2
83 3
88 1
88 2
87 2
87 0
83 1
83 0
83 3
90 4
87 2
86 5
121 3
104 1
104 1
104 4
88 3
91 0
87 5
184 2
181 5
307 1
306 2
302 4
84 2
84 1
84 5
121 4
82 0
81 5
168 4
82 4
82 2
82 4
82 2
83 4
83 2
83 5
128 2
126 2
124 1
124 2
122 2
122 5
228 3
143 0
141 3
135 5
294 2
290 5
461 1
461 2
456 5
620 4
90 5
122 2
120 2
118 2
118 4
86 5
126 4
86 2
85 2
85 0
84 2
84 2
84 5
173 2
170 3
126 4
94 3
96 2
95 0
88 4
81 2
81 3
92 0
88 5
188 0
188 2
185 2
182 3
136 4
88 3
100 2
96 5
123 3
110 5
213 1
212 4
90 1
90 1
90 1
90 1
90 0
86 5
182 2
179 5
306 2
302 2
298 5
415 5
537 2
530 5
643 0
643 5
762 3
596 2
588 2
580 2
572 2
564 5
729 4
94 5
123 2
121 4
87 3
96 4
96 2
93 4
93 2
91 2
90 4
90 5
120 2
118 1
118 0
117 1
117 1
117 0
117 2
115 2
113 0
113 3
103 5
201 2
198 4
87 2
86 1
86 2
85 4
85 3
94 2
92 4
92 1
92 2
90 2
87 3
90 2
89 4
89 2
87 4
87 5
122 0
121 2
119 1
119 2
117 4
82 2
82 2
82 2
82 5
127 4
81 5
125 2
123 5
229 5
353 2
348 3
206 1
206 1
205 4
89 2
88 4
87 2
86 4
86 5
125 5
229 2
226 3
152 0
150 2
149 3
144 2
143 3
142 4
88 4
87 2
86 3
88 4
88 0
85 3
88 4
82 3
87 0
85 1
85 3
90 3
87 2
86 4
82 0
82 1
82 2
81 0
81 5
173 2
170 0
170 2
167 2
164 5
286 4
88 0
86 1
86 4
83 1
81 5
128 0
128 4
82 5
130 4
81 2
81 2
81 0
81 0
81 3
83 0
83 3
88 1
88 2
87 0
86 2
85 0
85 0
85 2
84 2
83 3
86 2
85 3
86 1
86 3
86 5
173 2
170 3
136 5
246 0
246 0
246 0
246 2
242 4
88 2
86 2
85 3
91 2
89 4
89 0
86 2
85 4
81 5
124 2
122 2
120 5
236 2
233 4
86 1
86 2
86 3
94 0
89 5
188 4
84 2
83 4
83 2
83 2
82 2
82 0
82 0
82 2
82 2
82 5
171 2
168 1
168 4
83 2
82 2
82 2
82 1
82 1
82 2
83 2
83 5
133 2
131 3
99 2
98 0
98 2
97 3
100 4
84 3
90 2
88 1
88 5
122 2
120 0
120 2
118 4
88 4
88 0
87 1
87 3
89 2
88 1
88 5
172 2
169 4
83 3
91 2
89 2
88 2
87 4
85 0
84 3
89 4
85 2
84 4
84 2
82 4
82 4
82 1
82 0
82 2
81 2
81 4
81 3
92 0
87 4
83 3
87 5
125 4
82 3
92 1
92 2
90 3
94 2
92 4
92 1
92 0
88 2
87 4
81 5
124 3
104 1
104 1
104 2
102 2
101 0
99 2
98 3
99 2
98 5
217 4
86 1
86 1
86 5
120 4
83 0
82 4
82 1
82 2
81 4
81 1
81 3
89 2
88 2
88 1
88 2
86 1
86 1
86 3
87 2
85 1
85 3
93 0
89 3
90 3
91 3
90 3
90 2
89 4
82 5
121 5
243 3
164 3
149 0
149 0
149 4
86 3
85 3
91 4
90 2
89 0
86 3
89 4
84 4
84 0
84 4
82 2
82 2
82 0
82 3
86 2
84 2
84 4
84 2
83 5
130 2
128 5
245 2
240 0
240 1
239 2
236 2
233 2
230 0
230 2
227 2
224 0
224 2
221 2
218 0
218 1
218 0
218 4
89 0
86 1
86 3
87 2
85 4
84 3
94 0
90 3
92 2
91 5
193 4
84 3
88 2
86 1
86 2
85 2
84 0
83 4
81 4
81 2
81 2
81 4
81 0
81 5
168 4
81 3
92 0
89 4
82 4
82 0
82 3
87 3
87 1
87 2
85 0
85 4
81 3
94 4
94 0
91 2
89 3
91 0
90 2
88 1
88 2
87 3
87 3
88 4
82 3
91 2
87 2
86 4
86 4
86 4
86 4
86 0
84 5
177 4
83 0
83 3
87 2
86 2
85 2
84 2
83 3
84 2
83 0
82 1
82 3
88 4
85 3
90 0
87 3
90 0
90 0
90 0
90 2
89 4
82 4
82 5
122 1
122 4
83 4
83 2
83 4
83 5
125 4
82 4
82 2
81 2
81 0
81 2
81 3
86 3
84 4
83 0
83 1
83 2
82 4
81 4
81 2
81 5
124 2
122 0
122 1
122 2
120 2
119 4
85 2
85 1
85 0
84 2
84 5
170 0
170 3
133 2
131 2
129 0
128 0
128 2
127 2
126 2
124 2
123 2
122 2
121 2
120 4
88 5
131 0
131 2
129 3
109 2
107 4
85 3
93 0
91 5
192 4
87 3
87 1
87 3
90 3
89 3
88 4
88 3
91 4
91 3
93 2
92 0
89 4
81 1
81 2
81 4
81 5
124 4
82 2
82 4
82 2
82 3
89 2
87 5
119 4
83 4
83 0
82 3
86 2
85 2
84 4
84 4
84 2
83 3
92 0
89 3
92 2
91 0
90 0
90 5
192 0
192 0
192 2
189 4
85 2
84 4
84 3
91 4
91 3
94 2
92 4
92 3
92 2
90 5
121 3
106 2
104 2
103 4
85 1
85 3
98 3
95 2
93 3
86 1
86 0
85 2
85 2
84 2
84 4
82 5
128 5
240 0
240 4
86 2
85 2
85 4
85 2
85 2
85 5
130 5
235 1
235 0
235 2
232 2
228 0
228 4
89 3
95 4
94 0
88 1
88 2
87 1
87 3
92 2
90 4
84 1
84 3
95 0
90 3
90 4
81 2
81 3
94 3
90 5
124 4
83 3
91 4
91 2
87 2
86 2
85 4
85 2
83 3
91 5
125 3
109 3
109 2
107 1
107 2
106 4
85 0
85 2
84 3
88 2
87 3
88 2
87 2
86 2
85 2
83 2
82 2
82 2
81 3
85 4
84 4
84 3
95 4
95 2
93 1
93 2
92 5
121 2
119 0
119 2
116 4
83 1
83 0
82 4
82 2
81 2
81 3
92 4
92 1
92 0
88 5
183 2
180 3
137 2
134 0
133 2
131 4
85 2
84 0
84 4
81 2
81 3
90 4
90 2
89 2
87 1
87 4
87 4
87 3
87 1
87 2
85 4
85 2
84 2
84 2
83 2
83 0
81 5
168 4
83 4
83 1
83 0
82 3
86 2
85 2
84 0
84 2
83 2
82 4
81 5
123 2
121 0
121 0
121 2
119 5
236 2
233 2
230 2
227 2
224 0
224 5
347 4
88 2
88 2
88 2
88 1
88 0
87 3
84 2
84 4
83 1
83 2
83 5
123 2
121 5
240 2
237 2
234 1
234 0
234 2
231 2
228 5
352 1
352 2
348 2
344 2
340 4
93 4
93 3
89 2
87 1
87 4
87 0
85 3
88 3
88 0
87 5
183 0
183 2
180 2
177 2
173 1
173 4
83 2
83 2
83 1
83 4
83 0
82 0
82 0
82 3
88 2
86 1
86 0
86 5
177 4
86 2
85 4
85 3
95 2
93 4
93 5
125 4
82 2
82 3
93 2
92 0
89 4
82 0
82 0
82 4
81 4
81 3
86 4
86 0
85 5
178 1
178 2
175 0
175 0
175 2
172 1
172 4
88 5
127 2
125 3
107 0
106 3
106 2
105 0
105 2
104 5
241 2
237 4
85 4
85 0
84 2
83 4
83 4
83 2
82 2
82 2
82 0
81 4
81 2
81 4
81 2
81 4
81 2
81 3
90 3
92 2
90 4
90 0
87 2
86 4
81 1
81 3
90 2
88 2
86 1
86 3
93 1
93 0
89 3
91 3
91 1
91 4
83 3
85 4
85 4
85 2
85 1
85 0
84 5
176 4
87 2
86 4
86 1
86 2
85 2
85 3
88 2
86 2
84 2
83 3
93 2
90 4
90 0
88 2
87 2
86 0
86 2
85 5
183 3
142 4
84 0
84 5
177 3
140 0
138 4
92 4
91 4
91 4
91 2
89 0
88 2
87 4
83 5
137 5
255 1
255 3
167 2
165 0
164 3
157 2
156 5
336 5
530 4
89 2
88 1
88 3
97 3
90 5
132 4
86 2
86 2
86 5
128 4
83 4
83 2
83 3
97 4
97 3
98 4
98 2
95 2
93 2
89 2
88 4
88 5
119 2
117 2
115 4
82 5
128 3
109 2
107 2
106 0
104 2
103 2
102 2
101 0
101 2
100 1
100 2
99 1
99 2
98 4
87 2
86 3
97 3
96 1
96 4
95 2
91 3
96 0
92 5
191 4
86 3
87 4
87 5
120 1
120 4
83 2
83 3
92 0
87 2
86 5
186 2
183 0
183 0
183 2
180 3
141 0
139 3
134 4
88 3
93 0
89 4
83 2
83 3
89 2
87 4
87 2
86 5
136 2
134 4
88 5
129 3
105 5
214 4
87 5
131 4
82 0
81 4
81 4
81 2
81 2
81 0
81 3
85 3
84 1
84 3
85 4
85 5
125 3
104 3
105 2
104 3
102 5
207 4
87 3
95 0
89 5
186 0
186 2
183 4
87 0
86 0
86 2
85 2
84 2
84 3
87 3
85 2
84 2
84 3
85 5
173 0
173 0
173 3
134 3
128 5
263 0
263 4
85 4
85 3
92 0
87 4
82 0
82 0
82 4
81 0
81 0
81 0
81 2
81 2
81 1
81 2
81 2
81 4
81 3
92 1
92 3
86 2
85 4
85 4
85 5
122 2
120 2
118 2
116 3
100 2
99 5
193 2
190 4
85 2
84 0
84 3
87 2
86 1
86 2
85 4
82 0
82 0
82 1
82 5
174 4
83 2
83 5
124 3
105 5
212 2
209 2
206 0
206 5
348 3
257 1
257 0
257 4
87 2
86 3
92 2
90 2
89 1
89 5
127 0
127 2
125 2
123 4
87 0
86 0
86 1
86 3
87 2
85 2
84 0
84 3
87 3
87 5
178 3
142 1
141 1
141 4
93 2
91 4
91 0
90 4
83 1
83 2
83 2
83 0
83 3
91 2
90 0
89 2
88 3
92 2
91 0
91 0
91 5
200 4
87 0
86 0
86 2
85 4
81 2
81 2
81 2
81 2
81 4
81 3
95 3
87 1
87 1
87 5
128 4
81 4
81 5
127 2
125 4
82 5
125 4
83 2
83 2
83 3
94 2
92 2
89 1
89 3
92 4
92 2
90 4
90 3
94 0
88 3
92 0
91 3
93 0
93 2
92 -1
157 3
115 5
125 5
213 5
338 1
339 1
337 0
337 4
88 4
87 1
87 1
88 3
93 1
93 4
93 5
117 2
115 2
113 1
112 3
101 4
87 4
87 0
86 5
183 1
183 2
180 0
180 4
87 0
85 5
181 4
88 5
125 3
107 0
107 3
107 3
108 1
109 2
108 4
85 2
85 5
134 2
132 3
111 1
113 5
222 1
221 1
221 0
221 2
217 5
369 0
369 3
278 1
279 5
494 1
494 0
494 5
714 2
707 2
700 0
700 2
694 1
694 5
913 5
1127 1
1125 0
1125 4
93 0
90 4
84 1
84 4
84 4
84 4
84 1
86 4
86 5
125 3
104 2
103 4
86 3
89 2
87 4
87 4
87 3
91 4
91 1
91 4
91 5
116 5
229 5
356 1
356 5
482 1
482 5
609 3
449 4
95 5
120 2
118 1
118 5
219 3
152 0
151 5
324 3
264 0
264 2
262 5
494 0
494 5
735 3
672 3
644 2
639 1
639 0
639 4
97 3
93 1
94 5
134 4
83 4
83 2
82 4
82 2
82 1
84 5
123 1
123 2
121 1
120 3
105 1
105 3
105 4
88 0
87 4
82 2
82 2
82 3
94 1
94 5
140 4
86 4
86 5
128 5
234 1
232 3
167 2
165 5
287 1
287 2
283 0
283 1
283 0
283 3
230 2
228 4
88 1
88 2
87 0
85 0
85 5
181 3
136 2
134 2
132 1
133 5
261 0
261 0
261 1
261 1
261 0
261 3
213 0
212 2
210 3
201 0
201 0
201 5
429 3
386 0
386 5
695 4
90 4
89 3
99 4
99 4
99 2
97 1
97 5
124 5
236 4
87 2
87 2
86 3
98 4
98 0
91 1
93 1
93 5
195 1
195 1
193 1
193 0
192 5
328 2
323 1
322 0
322 1
322 0
322 0
322 5
453 4
89 2
88 1
88 3
100 0
92 1
92 2
91 1
92 2
90 2
89 2
88 5
185 1
184 0
184 5
317 4
88 3
91 0
86 1
87 1
88 3
90 4
83 0
82 2
82 2
82 5
175 5
295 5
415 3
291 1
293 1
293 1
293 3
222 3
208 0
208 4
88 4
88 0
87 5
191 2
188 1
187 5
317 4
84 2
84 3
95 3
94 4
94 0
88 3
92 2
91 5
189 2
186 5
319 1
316 4
86 1
86 1
87 1
89 0
88 4
83 0
83 2
83 2
83 0
83 2
83 3
87 3
88 5
169 0
169 4
83 5
125 0
125 4
82 3
88 5
129 5
248 1
248 4
86 1
89 2
86 0
84 1
85 2
84 5
173 1
173 2
170 3
131 4
91 1
91 4
91 5
116 3
104 5
208 3
165 5
327 4
91 2
89 2
88 3
92 5
123 2
121 4
85 3
92 4
92 5
123 1
123 5
241 1
239 4
85 2
84 4
84 3
94 4
93 0
86 0
86 0
86 1
86 0
86 2
85 3
89 3
90 4
86 1
86 5
122 1
123 3
109 4
85 5
120 3
103 5
214 1
212 3
165 1
165 1
163 0
163 4
88 2
87 1
87 5
121 4
82 4
82 3
95 3
94 1
94 0
89 1
89 0
89 3
92 2
91 2
90 2
89 3
91 2
89 1
90 1
90 3
91 2
89 5
184 2
181 4
83 4
83 4
83 0
83 4
81 4
81 3
88 1
88 2
87 4
87 2
85 3
95 4
95 4
95 1
95 0
89 4
82 1
82 5
120 0
120 3
102 1
102 5
206 3
155 1
157 0
157 4
89 5
125 5
241 3
175 2
173 3
150 3
145 0
145 0
145 2
144 2
143 4
86 2
85 5
135 1
135 3
110 5
229 5
382 4
91 5
119 4
85 3
95 4
95 1
95 1
95 3
102 0
97 2
94 2
93 4
81 1
81 5
124 1
125 1
125 3
106 1
106 2
105 3
102 0
101 3
101 1
102 0
102 1
104 5
226 1
226 4
83 2
81 5
124 4
81 0
81 1
81 4
81 0
81 0
81 0
81 4
81 5
124 5
240 0
240 1
239 0
239 1
235 5
360 3
234 3
196 3
187 4
87 3
92 2
91 2
87 3
94 2
91 2
89 5
125 0
125 1
123 5
243 2
240 3
168 4
88 0
87 1
87 0
87 5
183 4
87 1
87 4
87 0
84 2
84 4
81 2
81 4
81 3
90 2
88 2
87 4
87 2
84 5
124 3
106 3
104 2
103 5
210 2
207 1
205 4
86 3
92 1
93 3
95 5
126 0
125 4
81 1
81 3
94 3
93 3
89 2
88 1
89 3
87 5
124 4
81 2
81 2
81 5
124 5
238 3
159 0
157 1
157 0
157 2
155 4
92 2
91 3
92 0
88 0
88 3
90 2
89 4
85 2
84 4
84 0
84 2
84 4
83 1
83 2
83 3
98 3
92 1
92 4
91 5
121 5
232 4
85 3
92 2
91 2
89 3
104 0
97 0
97 5
200 3
155 4
88 1
88 3
90 4
89 5
122 4
85 3
92 5
123 0
123 2
121 2
119 4
87 2
87 4
87 5
121 5
230 3
156 2
154 5
278 4
91 0
89 0
89 4
81 3
90 4
90 3
87 1
87 1
87 2
86 5
122 4
81 3
90 4
90 0
88 3
92 2
91 4
83 5
123 2
121 5
240 2
237 0
237 3
163 0
158 1
158 3
148 2
147 4
90 4
90 4
90 5
131 4
87 0
87 2
86 3
89 4
82 2
82 4
82 4
82 5
124 3
101 5
205 3
162 1
162 0
161 5
344 2
340 5
527 4
86 4
86 4
86 2
85 3
96 1
97 4
97 2
94 5
127 1
127 0
126 4
82 5
128 4
82 2
82 2
82 1
82 1
82 2
82 1
82 3
88 2
86 4
86 4
86 3
90 5
125 4
82 2
82 2
83 0
83 2
83 4
83 0
82 2
82 3
84 5
165 0
165 3
129 3
119 2
118 2
116 2
115 5
246 3
192 5
388 4
86 4
85 2
85 4
85 1
85 2
85 4
85 4
85 1
85 1
85 1
85 1
85 3
91 1
91 2
89 2
88 5
127 5
240 0
240 4
88 2
87 5
121 5
232 2
228 3
146 1
146 4
88 3
93 5
124 1
124 4
86 4
86 0
84 1
85 3
87 4
82 4
82 1
82 5
125 0
125 1
125 2
123 5
239 2
236 3
164 0
163 5
338 0
338 5
505 4
88 2
87 4
87 3
97 4
96 5
118 2
116 4
86 1
86 5
118 2
116 0
116 1
116 4
86 3
96 3
101 5
121 2
119 3
108 5
205 5
346 4
87 4
87 1
87 3
95 0
88 2
87 5
187 4
82 2
82 0
81 4
81 4
81 0
81 3
85 3
86 5
170 4
82 2
82 4
82 1
82 5
122 5
241 1
238 3
157 5
304 4
89 1
89 2
88 5
127 3
105 3
105 4
87 1
87 0
86 3
91 2
89 4
83 2
82 4
82 0
82 0
82 4
81 1
81 5
124 4
82 5
126 1
125 4
81 2
81 0
81 3
85 1
85 0
85 3
90 5
179 3
138 1
139 2
138 2
137 4
87 2
86 4
86 3
90 1
90 0
87 1
88 5
185 0
185 3
140 3
134 1
134 3
132 2
130 4
86 3
87 3
94 3
92 2
90 2
89 5
130 0
130 0
130 2
127 3
105 2
103 4
84 3
93 3
93 4
93 4
93 0
90 3
91 0
91 5
192 4
86 0
84 3
87 2
86 1
86 2
85 0
85 3
89 5
177 3
145 2
144 1
144 2
142 3
129 2
128 5
268 2
264 2
261 4
84 0
84 5
178 3
140 4
93 3
97 1
97 3
94 4
92 4
92 3
93 4
93 4
93 4
93 3
90 4
90 5
120 5
235 4
86 2
86 0
84 4
83 0
83 2
83 3
85 2
84 5
176 0
176 2
173 4
82 4
82 0
82 4
82 3
93 2
89 4
89 2
87 3
86 1
86 5
124 5
239 3
173 2
171 2
169 2
167 1
165 5
313 3
246 0
246 2
243 3
233 2
230 1
230 3
229 3
228 5
489 5
758 5
1024 1
1024 2
1018 2
1012 2
1006 4
91 4
90 2
89 3
90 0
88 1
88 1
88 5
186 1
186 2
183 4
86 2
84 1
85 5
123 2
121 4
82 2
82 3
89 3
85 2
84 2
83 5
122 3
102 2
101 1
101 0
101 4
86 2
85 5
123 3
107 4
86 5
122 2
120 1
120 5
231 1
231 5
358 3
248 3
203 3
190 0
190 4
87 0
87 4
83 2
83 3
89 3
89 4
89 2
86 4
86 2
85 2
85 0
84 0
84 5
184 4
85 5
124 4
83 4
82 3
92 2
90 0
87 5
181 0
181 3
140 4
88 4
88 0
87 3
91 2
90 5
179 3
141 5
273 4
92 3
100 1
100 3
96 4
94 0
92 4
82 3
91 4
91 2
89 2
87 5
127 2
125 2
123 3
107 2
105 5
202 3
163 0
163 3
159 4
90 2
89 5
132 3
112 2
111 3
110 1
110 3
111 1
111 2
110 0
110 2
109 1
109 2
108 2
107 2
106 5
241 5
385 3
309 4
91 2
88 2
87 2
86 0
84 0
84 2
84 4
81 4
81 2
81 3
88 3
92 1
92 2
88 1
88 4
88 1
88 3
88 5
129 3
111 2
110 2
109 2
108 0
108 4
84 4
84 2
83 0
83 3
85 3
89 4
86 5
124 4
85 1
85 2
84 3
85 5
125 5
247 0
247 4
84 3
89 0
86 4
81 2
81 2
81 2
81 4
81 5
126 3
105 4
89 4
89 0
88 5
188 4
88 2
87 2
86 5
127 4
83 4
83 2
83 2
83 5
127 2
125 5
230 0
230 2
227 2
224 5
343 0
343 4
93 3
97 5
135 2
133 4
82 1
82 2
82 2
82 2
82 3
100 5
120 5
234 3
173 5
326 2
322 3
260 4
89 4
88 3
94 3
89 2
85 3
93 2
91 3
92 5
124 2
122 2
120 1
120 5
231 2
228 3
158 2
155 2
152 3
141 0
141 3
138 4
87 2
86 3
92 3
91 3
94 4
92 2
90 2
89 5
127 4
84 0
83 4
82 5
126 2
124 2
122 1
120 0
120 0
120 5
239 4
90 4
89 2
89 4
89 4
89 5
126 2
124 5
224 2
219 4
90 4
90 4
90 0
89 0
89 4
88 0
88 0
88 4
88 4
88 4
88 4
88 1
88 4
88 3
93 5
127 3
112 3
110 3
108 0
108 0
108 3
109 5
235 2
232 3
184 0
183 2
181 4
88 2
87 4
87 5
127 3
108 2
107 2
105 4
87 2
86 2
85 5
126 5
245 3
168 2
166 5
320 2
316 5
487 3
392 4
98 4
96 2
93 1
93 4
93 4
93 2
92 2
91 0
90 3
93 2
92 2
91 3
91 2
90 5
178 4
86 2
85 4
85 5
121 2
119 2
117 4
84 5
125 1
125 2
123 2
121 3
100 1
100 3
98 0
98 4
83 0
83 2
83 0
83 4
81 4
81 5
127 3
108 2
107 3
105 0
104 3
104 4
83 2
82 4
82 0
82 2
82 2
81 2
81 4
81 0
81 2
81 1
81 4
81 3
94 0
90 3
92 4
82 0
82 1
82 0
82 2
82 1
82 4
81 5
127 5
247 3
167 2
164 5
300 4
92 3
98 5
120 4
83 2
82 2
82 5
124 2
122 2
120 5
229 3
150 2
148 4
92 1
92 2
91 0
89 1
89 3
91 2
90 2
89 0
89 4
82 4
82 3
91 3
90 4
90 1
90 4
90 2
88 2
86 3
95 0
90 5
194 2
191 3
146 3
137 3
135 3
134 3
133 1
133 4
85 3
92 2
89 1
89 2
88 4
88 2
87 3
91 2
89 5
129 0
129 3
111 0
111 5
245 4
88 0
86 3
88 4
83 1
83 5
125 5
246 3
169 3
149 5
312 0
312 2
309 5
499 5
678 2
672 3
583 4
95 3
107 2
103 2
98 2
96 3
95 4
95 2
94 2
93 2
91 0
87 3
88 3
89 3
88 3
90 4
83 3
98 3
93 3
90 3
93 2
91 2
89 4
89 4
89 4
89 3
94 4
94 2
91 2
90 3
92 3
90 0
86 2
85 1
85 2
85 3
89 2
88 4
85 0
85 1
85 2
84 4
83 4
83 5
122 4
84 2
84 5
124 2
122 4
85 0
85 2
85 5
170 4
86 4
86 4
86 4
86 0
85 2
85 1
85 4
85 5
130 3
106 4
92 3
98 3
98 5
118 2
116 2
114 2
112 3
102 3
102 4
86 0
86 2
85 2
84 2
84 5
175 0
175 1
175 4
85 2
84 4
84 0
83 3
85 5
173 4
86 5
121 2
119 5
232 3
149 4
90 4
89 4
89 2
88 3
92 3
95 0
91 2
90 0
90 2
89 3
91 0
91 0
91 2
90 0
90 2
89 3
91 4
85 5
119 3
102 2
101 4
87 1
87 2
86 4
86 1
86 5
119 4
84 2
84 3
96 1
96 4
95 2
93 4
93 5
119 2
117 3
108 2
106 5
198 0
198 2
196 4
89 4
89 2
88 0
87 4
83 3
95 0
93 4
84 3
96 2
93 3
95 5
126 3
113 4
87 1
87 2
86 2
85 4
85 4
85 2
85 3
97 2
95 1
95 5
120 0
120 1
120 3
109 3
109 5
216 2
212 0
212 0
212 4
86 4
86 5
125 0
125 4
81 3
90 0
89 2
88 3
91 2
89 5
187 2
184 3
141 2
139 0
137 3
135 4
89 3
88 2
86 2
85 4
84 3
86 1
86 0
85 2
84 0
84 2
83 1
83 0
83 2
83 2
82 4
81 3
92 2
90 2
88 2
85 4
85 0
85 5
182 4
89 2
88 1
88 4
87 4
87 4
87 3
87 2
86 4
86 5
123 5
244 5
373 5
501 5
626 3
464 2
457 5
639 3
537 2
530 4
99 2
97 4
96 2
95 3
93 3
95 1
95 4
95 2
91 0
87 5
176 0
176 3
134 5
263 0
263 2
259 4
88 4
88 5
129 5
244 3
168 2
166 5
317 1
313 1
313 5
490 4
90 2
89 1
89 1
89 4
88 2
87 1
87 4
87 5
125 5
232 2
229 5
348 5
465 3
330 5
480 4
95 3
96 1
96 5
120 0
120 2
118 3
103 2
102 2
101 4
87 4
87 5
123 3
103 4
86 0
86 0
86 4
81 3
91 3
87 4
87 2
85 3
92 1
92 3
95 4
95 4
95 0
89 0
89 2
88 2
87 5
189 0
189 4
86 1
86 2
85 5
118 1
118 0
118 3
105 4
87 3
95 2
92 0
88 5
188 5
316 0
316 4
87 5
117 1
117 5
234 2
231 5
345 5
474 3
347 2
342 3
265 1
265 5
476 1
476 3
414 0
414 2
410 0
410 1
410 4
91 0
88 2
87 4
83 4
83 4
83 0
82 0
82 0
82 0
82 2
82 5
172 1
170 4
85 2
85 0
83 4
81 2
81 2
81 4
81 1
81 2
81 5
124 0
124 5
237 3
160 1
160 2
158 2
156 0
154 0
154 4
87 4
86 4
86 4
86 3
92 3
91 1
91 1
91 4
90 2
88 1
88 2
87 2
84 1
84 2
83 2
82 5
124 2
122 0
122 2
120 5
235 2
232 0
232 0
232 3
153 4
96 5
122 3
108 0
107 2
106 4
84 4
84 3
85 0
84 4
81 1
81 3
87 2
85 3
92 4
92 5
123 4
83 1
83 2
83 3
95 4
95 4
95 4
95 5
123 3
110 4
86 3
89 2
87 3
88 2
86 4
86 2
84 4
84 2
83 4
83 3
92 1
92 2
89 0
86 2
85 4
81 4
81 3
93 4
93 0
89 3
89 4
81 3
94 4
94 3
89 3
88 1
88 0
87 2
86 3
87 5
183 3
147 2
145 3
130 0
129 4
87 2
86 5
127 0
127 2
125 0
125 5
242 4
85 3
96 0
91 4
82 1
82 2
82 3
92 2
90 5
122 2
120 2
118 2
116 1
115 3
102 5
204 2
201 5
341 5
486 2
478 1
478 2
473 4
95 0
90 4
86 3
92 0
88 4
82 3
92 0
89 1
89 3
94 2
93 2
91 2
90 3
95 0
94 4
81 1
81 1
81 4
81 4
81 5
125 3
103 3
100 3
100 3
101 1
101 5
208 2
205 4
86 3
97 0
90 0
90 4
82 0
82 4
81 2
81 0
81 5
172 4
82 4
82 3
92 4
92 4
92 4
92 5
122 5
239 1
237 3
164 1
164 2
161 4
87 0
86 5
184 2
181 3
140 3
134 1
134 0
133 3
133 2
131 5
285 1
285 2
281 4
92 2
91 3
92 2
91 2
87 3
91 0
86 2
85 4
81 4
81 5
124 2
122 5
239 0
239 5
361 0
361 3
224 4
91 4
91 5
120 3
102 4
85 1
85 3
93 2
91 1
91 0
88 0
88 2
86 3
88 3
92 5
190 0
190 0
190 3
141 2
139 0
139 4
85 5
135 3
110 3
107 0
107 3
107 3
107 2
106 3
106 0
106 0
106 4
84 5
129 5
249 1
249 1
247 5
370 0
370 0
370 1
367 4
88 3
94 2
92 3
97 3
89 2
88 5
123 4
85 2
84 1
84 3
94 3
98 4
98 0
92 2
89 0
89 2
88 2
87 3
91 3
90 3
93 3
90 1
90 2
89 2
87 1
87 0
87 0
87 2
86 3
89 5
182 5
311 4
86 2
86 4
86 5
117 4
85 5
122 2
120 2
118 0
118 2
116 5
221 3
145 5
273 3
208 0
208 5
427 4
90 3
92 5
128 3
108 2
107 3
106 0
106 2
105 5
234 3
180 4
93 2
91 3
91 3
94 0
88 3
93 3
91 2
89 4
83 0
83 4
81 0
81 4
81 -1
157 5
156 1
157 2
155 2
153 4
116 4
116 5
128 3
113 3
111 3
109 0
108 4
83 0
83 3
89 0
89 3
92 1
93 0
93 3
95 4
85 5
128 5
238 2
235 4
86 4
86 5
120 0
119 5
226 4
85 2
86 4
86 1
86 4
86 1
86 5
120 2
118 0
117 5
223 4
88 5
120 1
120 3
101 5
198 3
157 1
157 4
95 1
95 2
94 0
88 4
82 1
84 3
93 5
121 5
234 2
231 4
86 3
98 3
90 0
86 0
86 4
83 0
83 5
171 1
171 2
168 3
134 1
135 0
135 1
136 5
288 1
288 3
228 5
446 4
93 3
92 1
92 5
135 4
85 5
123 5
233 1
232 2
229 4
82 0
81 3
86 3
84 2
83 4
83 0
83 3
87 0
87 5
183 0
183 5
317 2
313 5
441 0
441 0
441 3
324 5
488 0
488 5
683 5
876 5
1062 5
1245 3
1158 5
1411 2
1400 5
1670 4
95 4
94 1
94 3
101 4
101 3
100 1
100 3
99 5
126 3
111 1
111 2
110 1
110 2
109 3
107 0
107 5
231 2
228 5
376 0
376 0
376 3
291 4
93 5
118 4
84 3
95 0
93 4
83 1
84 4
84 3
99 3
93 5
122 5
232 5
367 2
363 2
359 3
241 4
97 0
92 1
93 3
94 0
94 1
95 1
95 3
97 5
203 3
165 4
96 1
98 5
130 5
234 0
234 3
171 1
169 0
167 5
347 0
347 4
92 5
122 1
123 4
85 1
85 5
126 5
237 3
169 5
299 2
293 3
235 4
90 2
89 1
90 3
95 4
95 3
94 0
90 4
84 2
84 3
88 3
92 4
92 2
90 4
90 3
90 4
90 2
89 1
91 1
92 4
92 0
90 3
92 4
86 0
85 1
85 2
85 4
83 1
85 2
83 4
83 1
83 5
127 5
242 2
238 5
364 1
364 3
228 2
224 3
187 3
176 1
176 5
356 3
305 0
305 5
586 0
586 1
585 1
585 3
540 5
892 2
887 4
90 5
122 3
107 4
85 3
94 2
92 3
92 2
88 4
88 5
122 2
120 0
119 1
119 3
107 1
108 5
213 4
87 1
88 5
121 0
121 2
119 0
119 3
106 4
89 5
124 1
125 3
107 3
105 0
104 3
104 0
104 2
103 5
230 3
193 0
193 1
193 2
190 2
188 1
189 1
189 1
189 1
189 4
89 5
122 5
238 3
177 3
157 3
148 3
148 4
84 5
137 4
86 0
86 1
87 0
87 1
88 3
92 1
93 0
93 4
82 4
82 0
82 2
82 5
172 4
85 5
118 4
82 0
81 3
84 1
85 3
82 0
82 0
82 3
86 4
84 5
123 4
81 4
81 4
81 5
123 0
123 3
102 3
100 0
100 3
99 5
219 1
218 1
217 2
214 5
351 4
89 3
92 3
97 2
95 3
97 4
96 4
96 2
92 2
90 4
90 2
89 2
88 3
95 5
127 3
109 3
106 4
83 5
125 1
125 3
108 1
109 1
109 0
109 0
109 5
243 4
88 5
118 1
119 4
83 1
83 5
122 3
107 5
207 3
165 5
331 2
328 3
274 0
274 1
274 1
274 5
524 4
89 3
95 4
95 2
93 0
90 3
91 5
184 2
181 1
182 5
316 2
312 0
312 3
219 4
88 1
88 0
86 3
91 2
90 1
91 1
92 5
183 4
88 5
122 4
82 5
119 5
236 5
363 1
363 2
359 1
358 2
351 4
90 5
124 0
124 3
106 5
197 2
194 0
194 1
194 4
89 4
87 4
87 1
87 5
120 2
118 4
85 2
84 0
83 5
169 4
86 4
86 5
122 4
84 2
84 4
84 5
125 5
235 3
158 4
92 2
90 3
96 1
96 4
94 0
90 4
83 4
83 1
83 1
83 1
85 2
83 0
83 1
84 3
90 3
89 0
88 0
88 4
84 1
84 2
83 0
83 0
83 3
89 4
85 0
85 0
85 3
86 2
85 4
83 5
124 5
234 0
234 3
156 5
284 1
284 5
457 5
628 0
628 4
91 5
124 1
124 1
122 3
106 1
107 4
84 5
127 2
125 3
103 2
102 3
102 4
86 3
94 3
90 1
90 3
95 3
85 0
83 2
82 1
82 4
81 3
85 4
85 2
84 3
91 4
91 2
88 5
129 4
82 5
128 0
128 1
129 2
127 3
103 1
103 3
103 3
100 3
100 0
100 3
102 2
101 4
85 5
131 2
128 5
248 2
245 4
85 3
93 3
92 5
121 3
105 1
105 1
108 4
89 1
89 5
126 2
124 3
112 5
213 0
213 3
172 4
88 3
90 2
88 3
92 2
90 4
89 3
90 0
87 4
81 1
81 3
89 4
89 4
89 5
128 4
82 3
95 5
127 2
125 1
126 4
82 4
82 4
82 2
82 1
82 4
82 4
82 5
129 2
127 0
127 0
127 5
234 4
85 3
90 2
89 5
122 4
82 3
94 1
94 3
92 4
92 2
90 5
124 1
124 3
109 1
109 4
83 5
123 0
123 4
82 1
82 5
127 2
125 1
126 3
104 3
99 1
99 3
101 5
203 1
203 0
203 1
200 1
199 1
199 3
165 1
165 2
163 1
164 2
162 3
151 4
87 4
87 1
87 0
86 0
86 4
82 4
82 2
82 2
81 0
81 2
81 5
174 3
125 3
120 5
245 4
89 3
96 4
95 4
95 4
95 4
95 4
95 1
95 3
92 4
92 0
87 2
86 4
81 1
81 5
123 0
123 5
242 3
165 1
164 3
141 5
283 0
283 3
237 2
234 4
92 3
91 1
91 3
94 4
94 3
89 3
86 1
86 4
86 0
85 2
84 0
84 4
81 4
81 0
81 2
81 4
81 4
81 0
81 2
81 3
84 4
83 2
82 3
89 0
86 5
181 2
177 3
138 5
268 5
441 2
436 0
436 0
436 3
356 2
351 5
571 2
566 2
561 4
87 5
119 0
119 4
84 4
83 0
81 4
81 5
121 5
239 0
239 3
159 1
159 0
156 0
156 1
157 4
88 3
95 0
90 0
90 4
81 0
81 5
170 3
133 4
90 2
89 3
92 0
90 3
92 0
92 0
92 2
91 4
82 3
96 3
93 3
91 4
91 0
88 1
89 2
88 2
87 0
87 4
82 1
83 4
83 3
94 0
89 0
89 3
95 3
92 2
90 2
89 5
187 2
184 5
310 0
310 3
224 0
222 5
410 0
410 2
406 2
401 4
89 3
91 3
87 1
87 0
84 4
81 3
92 2
90 1
90 3
88 4
88 4
88 4
88 2
84 2
82 2
81 0
81 5
175 4
82 2
82 3
89 2
87 0
86 2
85 5
182 4
83 4
83 3
90 0
87 0
87 1
87 3
89 4
82 5
126 3
108 4
88 4
87 3
94 5
121 0
121 3
106 4
84 5
121 4
82 1
82 1
82 0
82 3
87 3
88 4
86 3
92 1
92 3
86 3
88 3
92 5
124 2
122 2
120 0
120 0
120 5
239 3
173 3
152 2
150 4
85 5
129 4
82 3
91 0
87 3
89 4
82 3
94 2
92 4
92 4
92 2
91 4
91 4
91 5
128 2
126 2
123 4
82 5
126 4
81 3
90 4
90 3
91 1
91 4
91 2
88 2
87 5
122 5
242 0
242 2
239 5
370 3
255 4
89 4
89 0
87 3
91 4
84 5
123 4
81 4
81 5
123 2
121 5
233 0
233 5
357 2
352 3
222 3
181 0
181 4
90 3
96 3
92 3
90 4
90 2
89 0
87 2
86 5
184 2
181 2
178 0
178 1
177 1
177 2
174 5
298 1
298 5
420 0
420 1
418 3
300 4
92 3
93 5
126 0
125 4
84 5
126 4
82 0
82 2
82 3
86 2
85 4
84 5
123 1
123 2
121 4
82 2
82 4
82 3
90 3
93 4
93 0
90 4
82 5
124 3
103 3
99 3
98 1
98 4
84 2
83 3
90 2
89 3
93 3
91 5
125 5
242 5
372 1
370 2
365 2
359 2
354 4
89 0
85 3
88 4
84 0
83 1
83 5
176 2
173 5
302 5
426 2
421 2
415 2
410 1
406 3
270 3
213 2
210 0
209 3
200 3
196 4
91 0
89 2
88 2
87 1
87 3
91 4
85 4
85 2
85 5
130 4
84 2
83 4
83 2
82 4
82 3
89 0
88 4
82 5
126 2
124 5
242 2
239 5
367 2
360 3
220 4
92 3
101 3
92 4
92 4
92 0
87 2
86 0
86 1
86 4
85 1
85 5
124 0
124 3
103 5
199 4
89 0
87 4
83 0
83 4
83 3
96 4
95 5
120 4
84 4
84 1
84 2
84 2
84 5
124 2
122 5
235 1
231 4
87 0
84 3
88 3
86 4
86 2
83 1
83 5
125 2
123 3
102 0
102 1
102 2
101 2
99 3
99 3
100 1
100 0
100 0
100 1
100 3
100 4
84 3
90 4
89 1
89 0
87 2
85 1
86 1
86 0
86 2
85 1
85 5
186 3
139 0
138 0
138 2
136 4
85 2
84 0
84 5
178 0
178 2
175 4
87 2
86 4
86 0
84 3
86 5
172 4
85 2
84 4
84 3
94 3
93 1
93 2
90 4
90 3
91 2
89 3
98 0
93 0
93 5
189 5
324 3
238 5
406 3
329 2
326 4
93 4
93 5
128 5
253 0
253 3
182 5
327 3
275 1
275 4
87 5
126 2
124 0
124 4
84 5
127 5
239 4
85 3
93 4
92 1
92 1
92 5
119 3
107 3
108 3
107 5
210 5
354 3
267 2
264 3
233 3
224 2
222 3
218 4
84 3
90 3
86 5
125 0
125 4
83 3
94 3
89 4
89 3
88 0
85 3
87 3
88 2
87 3
87 4
83 3
86 5
121 2
119 2
117 1
116 2
114 5
229 0
229 3
153 4
94 5
123 2
121 4
87 5
127 3
106 0
106 5
236 0
236 3
186 5
364 5
559 5
753 0
753 3
669 3
629 2
623 3
593 5
998 4
101 3
95 3
94 0
90 5
188 2
185 3
142 2
140 4
87 4
87 0
86 3
92 4
83 3
87 3
89 1
89 5
126 2
124 4
83 4
83 5
128 3
102 5
204 2
201 3
156 2
154 3
148 3
146 4
88 2
87 2
86 4
86 3
90 4
90 1
90 3
93 3
89 4
89 3
89 2
88 4
88 4
88 0
87 2
86 3
88 0
88 4
85 0
85 1
85 2
85 2
85 5
183 5
310 1
308 3
210 3
188 4
89 0
87 4
81 0
81 1
81 0
81 2
81 2
81 0
81 2
81 2
81 0
81 3
84 0
84 1
84 2
83 2
82 1
82 4
81 3
93 4
93 2
91 3
90 4
90 3
86 0
85 4
82 5
127 4
83 2
83 4
83 3
95 3
88 0
87 2
86 0
86 0
86 4
81 2
81 2
81 4
81 4
81 1
81 2
81 3
91 1
91 3
92 5
122 4
82 3
87 4
87 4
87 3
86 0
85 2
84 3
87 0
87 2
86 4
81 4
81 2
81 1
81 4
81 1
81 0
81 5
167 0
167 4
84 3
91 2
89 4
89 0
86 2
85 2
84 0
84 4
82 2
81 1
81 2
81 3
88 3
87 4
87 3
88 4
88 2
87 2
86 5
123 2
121 3
105 3
102 0
102 4
86 2
85 5
127 0
127 0
127 1
127 5
245 0
245 2
241 3
164 3
147 5
302 3
246 1
246 0
246 3
242 2
240 0
240 4
91 1
91 1
91 3
94 5
128 2
125 3
107 3
106 3
105 2
104 4
83 1
83 2
82 3
93 3
89 3
91 3
89 2
87 2
83 1
83 3
93 0
89 3
90 3
89 4
81 4
81 2
81 5
132 0
132 2
130 3
104 4
86 2
85 2
84 2
84 5
131 0
131 1
130 2
128 2
126 4
89 0
88 4
85 0
85 4
85 5
131 5
248 5
372 3
238 1
238 2
235 2
232 2
230 3
190 0
189 2
186 1
186 1
186 2
184 3
171 3
170 3
171 2
170 2
169 1
169 3
168 1
168 5
368 4
89 0
87 4
82 4
82 4
82 2
81 2
81 5
127 2
125 4
82 4
82 1
82 1
82 2
82 5
122 2
120 3
100 0
99 3
101 3
100 4
86 2
85 1
85 2
84 2
83 4
83 3
89 3
89 3
92 2
90 1
90 2
88 2
87 2
87 4
87 0
85 1
85 4
82 3
93 1
93 2
90 2
89 3
91 2
87 1
87 2
86 5
127 4
81 2
81 1
81 3
87 5
124 3
108 4
87 3
95 4
94 3
95 0
89 5
182 4
87 3
94 2
92 5
124 5
236 3
169 2
166 3
145 2
143 2
142 3
141 3
141 2
139 3
137 4
87 0
87 2
86 3
89 1
89 0
88 3
88 5
198 2
195 3
152 4
91 2
90 1
90 2
89 1
89 2
89 4
88 2
88 5
129 0
129 0
129 4
85 2
85 0
84 2
84 2
83 2
83 5
169 4
86 3
91 2
89 4
89 4
89 2
88 4
88 2
88 1
88 3
93 4
93 4
93 3
95 2
92 2
90 5
118 2
116 3
106 3
105 2
104 4
85 0
84 3
88 4
82 5
124 2
122 3
103 2
102 4
87 3
96 3
95 2
91 0
90 1
90 2
88 4
81 0
81 5
168 2
165 4
82 3
88 3
93 2
92 5
131 4
82 4
82 4
82 2
81 0
81 2
81 4
81 3
91 0
88 2
87 4
83 5
122 4
82 2
82 1
82 2
82 5
125 3
108 2
107 3
98 2
97 5
194 2
191 3
147 3
139 4
85 2
84 2
84 5
138 4
86 4
85 5
126 4
81 3
92 4
92 2
88 4
88 3
89 0
86 2
85 0
85 2
84 1
84 4
82 2
81 4
81 3
85 4
85 2
84 3
91 2
89 3
92 2
90 4
90 3
94 2
90 5
126 2
124 3
106 0
106 0
106 1
106 5
234 2
231 3
178 5
356 5
558 2
551 0
551 2
546 3
469 2
465 4
88 4
88 2
87 4
87 3
94 2
90 3
93 5
126 2
124 4
85 3
92 2
89 3
92 0
87 5
182 2
179 2
176 2
173 1
172 2
170 2
167 5
293 0
293 0
293 3
197 2
194 2
192 2
190 2
188 3
163 5
334 2
331 1
331 1
328 1
325 0
325 3
269 4
91 2
90 2
89 4
88 0
86 3
89 2
88 1
88 2
87 5
179 4
83 0
83 3
87 3
89 1
89 0
88 2
87 0
87 5
189 3
148 0
145 0
145 4
87 0
87 2
86 4
83 2
82 2
82 4
81 2
81 3
91 0
87 2
86 0
86 5
184 1
182 4
84 3
93 0
89 1
89 2
86 0
86 5
187 2
184 0
184 4
83 1
83 5
126 1
123 1
123 2
121 4
81 5
124 3
106 2
105 2
104 1
104 2
102 4
88 2
86 4
86 3
93 3
90 2
86 5
128 5
246 1
242 4
86 0
84 2
84 4
82 4
82 3
90 1
90 2
88 2
86 5
130 5
246 5
373 2
367 2
360 0
360 2
355 5
477 1
472 0
472 5
594 2
585 0
585 2
577 5
696 3
524 5
688 4
95 0
90 5
193 3
150 2
149 2
147 3
138 2
137 2
135 5
274 2
271 5
442 3
363 2
359 3
329 2
325 0
325 1
325 0
325 0
325 2
321 2
318 1
318 3
304 4
89 4
89 2
88 4
88 4
88 0
88 3
90 3
89 4
83 1
83 2
82 5
127 2
125 1
125 2
123 2
121 1
119 2
118 2
116 2
116 2
116 0
116 2
116 5
229 1
228 3
143 0
142 5
305 2
301 4
93 2
91 4
89 4
89 1
89 4
89 4
89 0
88 0
88 5
185 2
182 2
179 0
179 1
179 4
86 0
85 4
81 4
81 0
81 2
81 3
82 1
82 2
81 2
81 2
81 4
81 4
81 4
81 0
81 2
81 3
83 4
82 5
123 2
121 3
106 0
105 2
104 0
104 4
87 4
87 1
87 4
87 2
85 2
84 4
84 3
97 5
117 1
117 2
114 4
83 2
82 2
82 3
91 1
91 5
117 0
117 1
117 3
106 4
86 2
85 4
85 0
84 2
83 1
83 2
82 4
82 3
90 2
88 4
88 1
88 2
85 4
85 2
83 3
95 4
95 1
95 3
90 3
86 0
84 0
84 2
83 5
172 2
169 2
166 1
166 1
166 5
291 2
287 3
199 2
197 2
195 4
95 5
121 2
119 2
117 2
115 3
100 2
99 4
85 2
84 4
84 2
83 1
83 4
83 2
82 1
82 2
82 5
128 2
126 1
126 0
126 4
85 3
93 3
89 0
85 5
179 2
176 5
301 2
297 5
422 2
415 4
88 2
87 5
124 4
86 4
86 3
93 1
93 2
91 0
89 3
92 3
90 4
84 1
84 4
84 2
83 2
83 5
123 5
228 0
228 1
228 1
226 2
223 1
223 4
89 5
122 2
120 3
100 2
99 5
189 5
325 0
325 2
320 3
233 3
200 3
195 0
195 4
90 0
90 2
89 1
89 3
91 2
90 1
90 2
89 0
89 1
89 5
191 0
191 3
151 3
139 1
139 1
139 2
138 3
138 2
137 4
88 0
88 0
88 2
87 1
87 4
85 1
85 0
85 1
85 4
85 5
135 4
86 3
97 5
127 2
125 5
243 2
240 3
177 4
94 4
94 4
94 1
94 3
94 2
92 1
92 3
92 0
88 5
189 0
189 3
147 2
145 0
145 5
306 3
242 1
242 3
224 2
222 0
222 4
92 2
91 2
89 4
88 2
87 5
124 2
122 1
122 4
83 3
95 5
126 2
124 2
122 5
230 2
226 0
226 5
350 4
86 4
86 2
85 1
85 0
83 5
167 4
84 4
84 4
84 4
84 3
99 2
95 -1
