5 2000
1099 0
962 3
899 2
896 2
892 2
890 3
855 4
700 4
693 0
679 5
869 1
869 4
678 3
671 2
670 3
673 4
670 5
742 5
951 4
678 2
677 4
677 3
680 3
677 3
674 5
729 1
728 5
924 1
924 0
924 3
793 5
1034 2
1031 1
1031 5
1428 3
1165 5
1648 1
1647 2
1641 5
2237 0
2237 4
755 0
724 3
716 4
675 4
671 2
670 2
669 2
668 4
667 5
746 3
706 0
703 0
703 2
702 3
701 3
698 5
973 4
692 3
676 3
676 4
670 2
669 1
669 4
669 1
671 5
745 5
986 5
1319 5
1693 5
2068 1
2068 3
1630 1
1630 1
1630 1
1630 5
2071 5
2609 1
2609 1
2608 5
3138 4
759 4
744 0
710 3
703 5
869 1
868 3
787 5
1024 1
1024 5
1441 1
1440 3
1210 4
716 5
769 1
770 2
768 5
996 3
854 5
1183 5
1685 0
1685 3
1431 2
1427 5
2049 4
728 0
705 1
706 2
705 1
705 3
702 5
955 0
955 2
952 3
835 4
676 3
669 4
660 0
657 1
660 2
659 3
657 3
658 5
880 1
878 2
876 5
1218 0
1218 3
989 5
1394 1
1393 2
1386 4
719 5
774 5
998 1
998 5
1348 3
1082 1
1082 4
713 5
763 0
759 1
759 3
730 4
672 2
670 5
765 0
765 5
1054 4
671 1
673 1
673 2
671 0
658 2
656 3
656 4
649 1
655 2
654 1
656 4
655 0
649 5
863 4
660 2
659 3
659 5
749 5
1000 0
1000 0
1000 4
663 4
661 5
728 2
726 4
655 0
651 4
649 4
649 1
649 2
649 3
650 0
648 4
646 2
646 2
646 5
727 4
651 5
720 1
719 0
718 1
717 4
645 3
650 0
646 5
838 3
748 1
750 5
984 4
681 2
680 2
678 4
664 4
664 3
658 3
657 0
652 5
855 1
855 4
664 2
663 0
654 5
849 1
849 5
1141 0
1141 2
1137 4
678 1
682 0
659 0
659 3
658 2
657 4
648 3
651 3
652 4
651 2
650 0
648 0
648 0
648 2
647 5
843 1
843 5
1125 1
1124 1
1122 1
1122 3
892 5
1200 2
1194 1
1194 3
1030 0
1029 2
1026 2
1024 2
1022 3
986 0
986 1
987 3
970 4
699 2
697 5
820 5
1169 2
1164 2
1161 0
1161 5
1587 0
1587 1
1585 3
1297 4
721 4
706 2
703 5
760 4
678 3
675 0
661 0
661 2
660 3
661 3
662 5
855 4
659 0
652 1
654 4
650 5
739 4
652 4
651 2
652 5
731 0
731 1
732 1
732 3
694 4
659 4
656 4
656 5
737 2
735 3
704 3
702 4
655 4
655 4
655 4
655 3
655 5
734 3
696 0
692 4
653 0
651 0
651 4
642 1
645 3
646 5
752 0
752 3
706 4
655 1
655 3
655 1
655 0
647 2
646 0
646 2
645 2
645 4
639 0
639 5
843 3
760 5
1023 2
1020 2
1017 1
1018 4
678 1
681 1
682 5
740 4
653 5
728 1
728 0
727 0
727 0
727 0
727 5
981 5
1319 4
680 3
672 4
666 5
727 4
659 2
658 0
649 2
649 1
649 5
814 4
655 1
655 0
646 5
813 5
1078 4
675 3
670 3
664 1
664 3
667 0
658 3
660 0
658 0
658 4
650 5
732 2
732 1
731 2
729 0
727 3
687 5
873 3
786 5
1079 2
1076 5
1530 5
2014 4
730 3
705 0
685 1
686 0
685 4
665 3
669 1
671 4
667 3
665 3
664 4
664 3
665 5
739 1
739 2
737 2
735 2
733 1
735 2
733 0
730 3
703 0
700 5
948 2
944 1
944 3
830 5
1159 0
1159 5
1647 2
1642 3
1406 1
1406 3
1275 3
1221 1
1223 4
699 0
689 2
688 5
964 3
854 4
680 2
678 3
669 0
659 4
652 3
650 0
649 2
648 0
648 1
651 5
878 0
878 4
660 3
657 2
656 3
656 0
650 3
653 1
654 3
653 2
652 4
649 2
648 4
646 2
645 4
645 5
747 4
649 4
648 3
651 2
650 4
649 3
648 3
652 2
651 2
650 0
647 2
647 1
647 0
647 5
855 2
853 2
850 2
849 3
759 5
1000 0
1000 2
996 0
996 3
902 0
901 3
876 0
876 3
872 3
869 1
869 5
1407 2
1403 3
1281 2
1278 2
1275 0
1275 5
2048 1
2048 1
2048 4
715 5
782 2
780 0
779 0
779 1
780 0
780 4
665 4
657 4
657 1
659 3
656 0
654 4
646 3
653 0
650 3
652 4
645 2
644 4
644 2
643 2
643 2
643 0
643 3
650 3
649 2
648 0
647 0
647 5
856 1
856 2
853 2
851 1
851 5
1175 0
1175 2
1170 2
1165 2
1161 1
1160 3
940 3
861 3
829 3
814 1
814 5
1176 0
1176 3
1057 0
1055 1
1055 3
1030 3
1021 4
708 5
843 3
780 4
674 5
796 2
794 5
1122 5
1529 5
1950 2
1942 3
1589 0
1589 3
1414 3
1325 3
1273 1
1275 3
1242 3
1229 1
1230 5
2005 5
2870 0
2870 2
2861 0
2861 1
2862 2
2855 1
2855 3
2661 3
2553 4
750 1
751 2
747 0
729 2
727 5
1027 4
703 4
694 5
767 4
677 4
676 2
674 4
673 2
671 0
665 5
869 3
765 5
1062 0
1062 3
919 3
882 4
682 4
671 2
670 3
663 5
779 3
729 2
728 0
725 1
725 4
667 3
661 4
655 3
655 1
657 4
656 2
655 5
767 3
716 5
996 0
996 0
996 3
871 3
835 1
835 5
1290 5
1858 3
1635 3
1522 3
1465 5
2391 4
734 0
712 4
676 2
675 3
671 3
666 4
655 2
654 2
653 2
653 4
653 0
653 3
656 0
656 3
657 0
657 5
908 3
797 0
794 4
682 0
678 1
678 5
946 5
1331 5
1748 3
1402 2
1397 2
1392 0
1392 3
1241 4
712 3
683 3
677 2
676 1
676 2
675 0
666 4
658 0
657 3
660 3
661 5
901 3
803 2
801 2
799 3
777 1
777 3
762 2
761 3
758 2
757 2
755 5
1085 3
964 0
963 5
1549 3
1390 3
1326 3
1300 3
1288 3
1285 3
1282 1
1282 3
1281 3
1279 4
709 5
843 0
842 2
840 4
680 3
671 2
670 0
665 1
665 2
664 1
664 3
666 3
667 0
667 0
667 4
656 4
652 5
778 1
780 3
724 5
1004 2
1000 0
1000 4
680 2
678 3
672 0
665 1
665 5
901 3
791 0
788 1
788 1
788 4
678 4
664 2
663 4
663 5
757 5
1066 3
886 5
1243 2
1239 3
1078 3
1027 2
1025 2
1023 3
1001 3
986 5
1605 4
713 2
711 3
686 5
784 2
782 2
780 2
778 1
778 2
776 4
666 0
660 1
661 5
868 3
772 4
677 3
658 4
651 4
651 0
650 4
646 2
645 4
645 3
648 5
758 5
1031 4
674 0
662 0
662 4
651 0
651 2
651 2
651 3
654 3
651 0
651 3
653 2
652 3
655 1
656 4
651 3
649 0
649 1
651 2
649 5
856 2
854 5
1169 3
952 3
872 5
1232 3
1084 4
712 0
699 2
698 1
698 4
670 4
663 2
661 2
660 2
659 0
657 1
658 3
661 4
653 2
652 1
654 4
652 3
654 4
654 2
653 4
653 3
654 3
652 3
652 3
652 1
652 2
651 2
651 0
649 0
649 3
652 2
651 2
650 4
649 3
650 3
649 2
648 5
770 3
715 4
666 0
666 3
670 2
669 2
668 0
668 5
932 4
665 3
657 5
750 4
647 2
648 0
643 0
643 4
643 2
643 4
643 0
643 2
643 2
643 1
643 0
643 3
646 5
839 2
837 4
651 1
651 4
650 5
734 2
732 4
650 5
726 2
726 2
725 0
724 0
724 2
724 5
981 3
812 2
810 5
1079 2
1074 2
1071 0
1071 0
1071 0
1071 1
1069 1
1069 2
1066 3
939 5
1403 5
1964 4
737 2
733 2
730 3
694 4
682 0
669 2
668 4
656 3
657 2
656 2
656 0
652 3
653 4
651 3
653 0
652 2
651 3
652 4
648 1
648 5
743 5
1002 5
1322 3
1025 1
1025 2
1022 1
1022 2
1019 2
1017 4
715 3
684 5
762 0
762 2
760 2
758 3
716 2
715 1
716 2
715 0
714 2
713 0
713 3
705 1
706 3
704 0
704 2
703 0
703 3
700 5
1012 5
1432 5
1882 2
1875 0
1875 2
1868 4
703 0
687 4
658 3
659 5
733 2
731 3
698 3
689 3
687 3
684 4
655 3
653 3
652 0
650 1
652 3
653 3
654 5
859 5
1179 3
949 0
945 3
877 1
877 4
695 0
690 1
690 3
686 0
686 2
685 3
685 5
990 3
872 3
830 0
830 5
1334 4
697 5
763 0
761 5
1064 2
1059 5
1458 5
1873 3
1488 0
1484 0
1484 4
730 2
723 2
720 2
718 5
768 2
766 3
731 4
671 2
670 3
665 1
666 4
663 5
732 0
732 4
657 2
655 3
656 1
656 1
656 5
745 4
650 1
650 0
646 1
646 3
652 2
650 4
648 0
648 1
648 2
647 2
646 5
845 0
845 0
845 5
1147 1
1147 3
928 4
692 0
681 2
679 2
678 2
677 3
676 4
653 1
653 0
650 3
651 1
652 0
652 4
642 3
645 2
643 1
643 3
648 4
645 5
746 2
744 1
744 3
703 4
655 5
743 2
740 3
704 4
655 4
653 2
651 4
651 1
651 0
649 5
852 3
761 5
1025 4
676 4
664 5
733 3
695 2
694 3
687 0
685 3
684 5
955 2
952 0
952 4
673 2
672 0
664 0
663 2
662 3
667 2
666 3
666 4
650 2
649 5
748 5
1015 0
1015 2
1012 4
674 0
662 2
662 3
667 2
665 0
664 3
666 0
665 3
666 3
667 0
667 2
666 1
666 2
665 3
664 0
664 0
664 3
664 3
665 3
664 4
651 1
651 4
647 4
647 5
744 4
650 5
726 0
725 0
725 4
645 0
643 1
643 1
643 4
641 0
641 2
641 5
839 5
1140 3
918 4
691 2
690 0
678 0
678 3
680 5
895 3
801 1
801 3
774 0
771 1
771 3
770 3
767 5
1178 4
684 4
664 4
664 3
653 5
769 3
730 4
661 2
660 0
657 0
657 2
656 0
656 2
655 0
655 5
876 4
668 4
662 3
662 3
661 4
659 1
659 5
726 1
726 0
725 2
723 3
697 4
661 1
661 3
656 5
748 4
652 1
652 5
728 2
728 3
692 0
687 4
659 4
649 0
646 4
641 1
641 3
642 3
644 5
748 3
701 5
919 0
919 3
827 0
824 4
675 4
662 5
768 3
723 4
656 5
764 2
762 0
762 3
719 2
718 5
987 2
984 1
984 4
677 2
675 2
674 2
673 4
662 5
747 2
745 0
743 4
648 0
644 3
648 3
651 2
651 1
651 5
854 4
658 2
657 3
655 4
654 2
653 4
653 2
652 4
652 1
652 0
645 4
642 4
642 0
642 4
642 1
642 0
642 3
645 2
644 4
644 1
644 4
644 3
648 3
646 5
744 0
744 1
744 2
742 5
1008 1
1008 2
1005 0
1005 5
1346 2
1340 0
1340 5
1713 3
1302 5
1711 1
1711 4
743 4
729 5
750 3
724 4
677 3
669 3
668 4
667 2
666 4
666 5
727 0
726 3
693 2
692 1
692 4
660 2
659 5
735 2
733 0
733 4
655 3
655 1
655 2
654 4
651 2
650 3
649 5
728 2
728 5
949 5
1259 5
1624 3
1198 0
1193 5
1626 3
1383 4
735 4
717 4
717 4
717 2
714 2
711 5
757 0
753 3
721 4
666 3
663 1
663 3
662 3
666 3
664 4
663 5
731 4
660 3
663 5
731 2
729 4
652 3
656 4
656 5
725 1
725 5
952 5
1270 2
1264 2
1260 2
1254 5
1620 4
712 2
711 0
683 5
849 5
1111 4
687 5
741 5
932 2
929 1
928 2
928 1
928 1
928 3
775 4
688 4
682 3
666 3
670 2
669 5
739 5
957 1
957 4
678 5
726 1
726 4
662 2
661 1
661 2
661 5
732 2
732 1
732 5
935 0
935 1
935 4
670 1
670 4
670 4
670 5
723 2
721 4
658 4
658 4
658 4
658 2
658 4
658 3
663 4
662 0
656 5
832 5
1113 0
1113 4
676 3
671 2
670 0
660 3
662 4
654 2
653 4
652 0
651 1
651 4
645 2
645 5
726 4
652 3
654 1
654 4
654 1
654 5
719 4
647 3
656 5
730 3
699 3
690 5
873 5
1176 2
1171 3
971 4
696 2
694 0
685 4
659 3
662 3
660 4
651 2
649 5
726 0
726 3
698 3
686 4
660 1
660 4
658 5
730 0
730 2
728 1
728 0
728 3
700 5
922 5
1278 0
1278 0
1278 2
1273 2
1268 1
1266 4
676 2
675 2
674 2
673 2
672 4
668 2
667 0
660 4
652 0
651 3
653 2
652 4
649 2
648 2
647 2
646 4
646 4
646 3
655 2
653 5
739 3
698 0
695 2
694 3
689 4
654 0
651 2
650 0
650 5
878 3
776 2
774 0
774 0
774 0
774 5
1165 3
1021 4
709 2
707 5
792 0
789 2
787 3
750 2
747 4
659 0
657 3
661 5
898 5
1262 0
1262 3
1025 0
1024 1
1024 3
960 2
958 4
699 5
788 3
749 4
663 0
657 1
657 5
898 4
667 5
755 1
755 3
717 2
715 2
713 3
701 4
661 5
762 1
762 5
1045 1
1043 0
1043 1
1042 4
680 4
671 2
670 3
669 4
666 3
663 1
663 4
660 2
659 1
659 3
663 5
730 4
654 3
659 1
659 3
656 3
657 5
720 0
718 3
688 0
686 2
684 4
650 2
649 4
647 4
647 2
646 2
646 2
645 3
650 1
650 4
650 5
739 2
737 3
695 2
694 2
693 2
692 3
681 4
650 3
654 3
655 3
652 2
650 3
654 3
652 0
650 0
650 0
650 3
649 4
641 2
640 2
640 2
640 4
640 5
747 5
1024 2
1021 3
842 5
1139 3
987 4
699 1
699 3
675 5
776 5
1051 2
1048 3
870 2
868 2
866 2
864 3
819 2
817 4
690 3
674 0
666 4
655 5
757 2
755 3
719 2
718 4
660 2
659 1
659 4
655 0
651 2
650 2
649 4
645 5
744 2
742 0
742 0
742 2
741 0
741 1
741 3
707 0
703 2
702 3
699 1
699 1
699 2
698 2
697 4
664 2
663 2
662 2
660 5
776 0
776 3
731 3
720 2
719 3
717 4
657 4
654 2
652 2
651 4
651 2
650 2
649 0
649 4
645 2
645 4
645 0
645 1
645 0
645 3
649 0
649 3
652 1
652 0
651 3
652 3
652 2
651 4
647 4
645 3
647 2
646 3
648 0
647 4
644 4
644 2
643 5
778 5
1087 3
878 1
878 2
876 2
874 1
874 1
874 3
820 1
820 4
680 4
671 3
659 5
774 3
725 2
724 3
709 4
656 0
654 5
904 2
901 2
899 0
899 0
899 1
899 4
670 3
665 3
663 3
663 3
661 0
655 3
656 1
656 0
656 3
655 5
887 2
884 3
784 4
676 1
676 3
659 3
659 0
654 2
653 4
649 2
648 5
746 4
651 2
650 4
650 3
654 1
654 0
650 3
653 0
653 1
653 2
652 1
652 2
651 1
651 4
645 2
644 4
644 2
644 1
644 3
645 1
645 4
644 3
644 2
643 5
741 1
741 3
699 2
697 2
696 2
694 2
693 5
915 0
915 3
811 2
809 4
673 5
763 3
723 0
718 3
714 4
660 4
649 0
649 1
649 1
649 0
649 2
648 3
650 2
649 2
648 1
648 5
885 0
885 0
885 2
882 0
882 2
880 2
879 1
879 3
779 3
754 0
752 3
746 5
1143 4
700 3
678 2
677 5
772 3
717 5
974 2
971 3
858 0
857 1
857 4
686 4
666 4
666 5
757 1
757 4
658 4
655 0
645 0
645 5
854 2
851 0
851 3
746 3
724 2
723 4
660 3
657 4
648 2
646 5
755 3
712 2
710 3
693 1
693 2
692 2
691 2
690 0
688 4
653 2
652 3
648 3
649 2
648 3
650 1
650 1
650 3
647 4
643 3
643 3
643 3
645 3
640 5
764 2
762 3
705 2
703 2
702 3
692 3
690 1
690 4
651 0
650 4
645 2
644 3
647 2
646 0
644 2
643 2
642 5
878 3
772 3
746 3
736 3
734 5
1047 1
1047 0
1047 3
933 2
930 2
927 3
886 1
886 3
878 3
871 5
1398 2
1395 3
1264 3
1221 1
1221 0
1221 4
704 1
704 3
683 3
678 0
676 4
662 4
655 5
783 2
781 2
779 4
663 5
753 2
751 4
654 4
651 1
651 2
650 3
651 5
757 5
1042 4
679 3
670 2
668 0
659 2
658 3
659 2
658 2
657 1
657 0
654 3
655 0
655 1
655 0
655 3
657 2
655 3
658 0
657 2
656 3
658 2
657 0
657 5
900 3
785 3
754 1
754 0
753 4
666 0
665 1
665 4
656 5
803 0
803 4
660 4
654 2
653 4
653 2
652 0
648 2
648 4
646 5
768 4
651 2
650 4
650 3
655 4
651 3
652 5
752 2
750 4
647 3
648 2
647 2
646 4
645 3
645 4
645 3
648 2
647 0
644 0
644 0
644 4
641 5
751 2
749 0
749 4
644 1
644 4
643 0
640 5
847 0
847 2
844 3
762 3
732 2
730 1
730 1
730 3
716 2
715 1
715 4
658 0
658 5
936 4
663 0
654 4
642 3
645 5
764 4
646 0
643 0
643 1
643 2
643 3
644 3
649 0
649 4
640 0
640 3
644 2
643 4
643 1
643 0
643 2
642 2
641 2
641 0
641 3
643 1
643 4
641 2
641 3
646 2
645 1
645 3
646 2
645 1
645 1
645 3
644 5
756 2
754 1
754 2
752 0
752 0
752 2
752 0
752 3
711 4
653 0
652 3
652 3
655 1
655 1
655 4
642 0
642 5
884 5
1230 2
1226 5
1621 4
692 4
684 2
683 4
683 0
667 4
658 0
657 -1
1099 0
962 5
1224 5
1593 5
2038 4
767 3
723 2
721 2
719 1
719 3
712 3
706 4
697 1
699 2
697 1
700 1
702 1
702 3
690 2
689 2
688 1
688 4
687 4
687 1
687 3
689 0
678 0
678 2
677 3
671 5
848 0
848 1
848 2
846 2
844 1
844 1
844 3
754 0
750 3
742 0
742 5
1069 1
1070 1
1069 5
1516 1
1516 4
713 0
688 4
660 4
657 5
744 3
702 5
907 1
907 3
812 3
786 1
786 4
669 1
669 1
671 0
668 2
667 3
668 4
652 2
651 4
649 4
649 5
764 1
764 4
654 4
652 2
651 4
651 3
655 0
648 4
641 3
644 4
644 1
647 3
647 1
647 2
646 4
646 4
646 0
645 4
641 4
641 2
641 1
642 5
757 3
708 0
707 1
708 2
707 0
707 2
706 0
706 1
706 4
659 0
658 1
659 1
660 4
653 2
652 3
655 3
654 5
768 2
766 4
652 3
658 3
651 0
648 5
867 5
1184 0
1184 5
1552 2
1545 3
1183 3
1040 4
715 5
765 4
677 4
677 3
674 3
676 1
676 4
674 0
669 5
852 0
852 1
852 1
851 5
1154 0
1154 0
1154 5
1508 5
1878 0
1878 3
1419 1
1419 3
1210 5
1660 0
1660 4
742 5
777 5
971 2
968 2
965 1
965 5
1307 3
1051 0
1046 2
1043 5
1546 3
1350 5
2006 4
733 2
730 3
702 3
688 3
682 5
779 1
780 4
665 3
668 2
667 5
730 1
730 1
728 5
954 0
954 0
954 2
951 4
673 4
669 1
671 2
669 5
724 2
722 0
719 5
940 4
663 5
735 4
659 3
663 3
668 0
661 3
664 4
650 3
650 2
649 2
648 2
648 0
647 5
823 3
744 2
743 4
673 4
667 2
666 1
666 5
737 4
656 1
656 5
733 3
698 5
900 3
798 5
1105 3
978 4
701 3
676 2
675 1
676 0
671 4
656 5
761 4
655 3
653 3
655 2
654 3
650 4
650 2
649 1
649 0
649 2
649 2
648 0
648 2
648 1
649 5
873 0
873 3
776 2
774 3
753 2
752 0
748 0
748 4
673 0
673 5
959 4
679 4
666 3
666 3
666 3
661 3
663 2
662 3
661 5
739 1
740 5
987 2
984 1
984 2
981 3
818 5
1110 1
1110 2
1106 5
1564 0
1564 2
1558 2
1553 0
1553 2
1548 3
1288 3
1172 4
716 5
770 3
733 3
728 1
728 0
723 0
723 2
722 2
721 4
665 2
664 1
667 1
667 3
662 5
790 0
790 3
736 1
737 3
725 5
1009 4
681 5
762 4
651 4
649 5
744 5
1012 0
1012 1
1015 0
1015 3
842 5
1172 5
1648 0
1648 1
1648 2
1643 4
719 4
703 5
732 0
729 4
663 4
661 4
661 4
661 3
662 0
657 5
833 3
748 2
747 0
741 2
740 3
735 2
733 1
734 2
733 1
734 2
733 5
1041 5
1490 0
1490 3
1254 1
1254 0
1251 2
1247 0
1247 3
1148 4
704 0
694 1
694 2
693 4
659 1
661 3
659 1
661 3
659 0
659 2
658 0
658 4
652 3
654 1
654 4
649 3
651 5
757 4
664 5
736 0
735 3
702 2
701 4
656 4
651 4
651 3
651 3
648 5
742 4
658 0
650 3
652 2
651 2
650 4
646 2
645 3
650 5
736 4
658 4
658 1
658 0
648 4
644 2
644 0
644 3
649 4
648 1
648 4
648 0
648 0
648 5
868 3
760 4
672 2
670 2
668 2
667 1
668 0
663 3
662 3
661 2
660 3
662 3
662 3
661 4
648 3
650 3
652 3
648 4
646 2
645 1
647 0
646 3
653 2
652 1
652 3
651 1
651 5
861 1
862 2
859 2
856 3
764 0
756 4
672 5
766 1
767 0
766 1
767 3
733 0
730 5
1085 4
692 4
672 2
671 3
664 0
661 1
663 2
662 3
661 2
660 3
658 0
657 0
657 3
657 2
656 3
656 0
654 3
655 0
655 1
656 0
656 3
656 0
656 3
656 5
884 2
881 5
1208 3
969 0
965 4
699 2
698 0
684 5
952 4
688 4
675 4
675 1
675 4
675 3
664 1
664 3
662 4
662 2
661 1
661 3
664 3
661 2
660 2
659 3
658 5
731 3
694 0
687 3
683 4
654 4
647 5
751 2
749 0
749 2
747 3
710 3
700 2
699 2
698 3
696 0
693 3
692 4
657 4
645 2
644 0
643 1
645 0
644 3
649 2
648 2
647 3
650 0
649 0
649 0
649 3
650 4
642 3
642 2
641 3
640 3
642 2
641 0
641 5
871 1
871 2
868 2
866 5
1191 3
966 0
965 3
894 0
894 4
689 3
669 4
654 2
653 4
653 2
652 5
760 5
1042 2
1038 4
673 0
654 4
644 2
643 4
643 2
643 4
643 1
643 3
647 1
647 4
647 2
646 0
643 3
646 3
646 5
847 2
845 5
1158 2
1153 0
1153 5
1521 4
691 0
671 3
672 0
670 4
649 1
649 1
649 2
647 5
738 0
738 5
997 4
660 1
663 4
659 3
660 2
659 2
658 2
657 3
663 1
663 4
663 4
663 1
663 3
661 2
660 2
659 3
658 2
657 4
657 0
650 2
649 2
648 3
654 3
651 3
652 2
651 2
649 0
648 1
649 2
648 4
644 2
644 3
651 2
649 3
648 4
648 0
647 2
646 3
649 0
649 1
649 3
649 4
645 2
644 0
644 3
648 2
647 5
822 2
820 2
818 5
1094 2
1089 0
1089 5
1424 2
1416 2
1411 3
1055 0
1052 3
962 3
910 5
1379 4
702 2
699 4
684 2
683 0
672 5
904 0
904 4
675 2
673 0
661 4
651 5
737 3
708 2
707 0
704 2
703 0
703 2
702 3
694 2
693 3
689 5
957 2
954 2
951 3
839 2
837 3
812 0
810 2
808 0
808 2
806 0
806 4
684 4
662 3
653 4
647 2
646 4
646 3
646 4
646 3
649 0
647 2
646 3
646 2
645 2
644 2
643 4
642 5
768 4
658 2
657 2
655 1
656 3
653 3
654 0
649 5
873 1
873 4
656 0
651 2
651 3
652 2
650 4
645 3
643 5
748 5
1022 5
1370 3
1065 3
964 5
1359 1
1358 4
718 0
687 1
687 4
658 4
654 5
742 3
709 0
705 3
702 5
999 3
889 3
847 5
1271 3
1130 0
1130 1
1130 3
1094 2
1091 1
1092 2
1089 2
1087 2
1085 2
1083 4
710 1
711 1
711 1
711 0
708 4
674 2
672 0
670 4
662 3
662 2
661 4
654 3
650 2
650 0
650 5
894 2
891 2
889 5
1260 5
1654 2
1647 1
1646 2
1639 4
711 1
711 0
682 4
663 5
742 4
662 3
664 3
660 3
661 1
661 3
659 2
658 1
658 0
650 0
650 5
847 2
845 2
844 0
844 3
758 3
731 4
666 2
665 3
658 0
654 3
652 3
654 4
643 4
642 3
641 4
641 2
639 0
639 2
639 4
636 2
636 2
636 2
636 3
644 2
642 4
642 3
638 2
638 0
637 5
843 3
757 0
751 4
663 5
771 3
725 3
716 1
716 4
650 4
648 5
767 3
720 5
1001 2
998 3
888 3
847 0
847 2
845 1
845 4
675 2
672 4
653 0
651 2
650 3
651 3
651 3
652 0
652 0
652 2
651 3
652 0
652 2
651 0
651 2
650 2
649 0
649 3
652 3
653 2
652 4
647 3
648 2
647 4
646 3
649 2
648 2
647 0
646 2
645 3
646 3
646 2
645 2
645 1
645 0
645 3
645 0
645 2
644 0
644 3
646 3
647 3
646 3
647 0
647 0
647 2
647 0
647 2
647 2
646 4
643 2
642 5
769 3
722 4
654 2
652 2
651 3
650 4
647 2
646 2
645 2
644 3
645 3
644 3
645 4
645 3
644 0
644 4
643 4
643 3
645 5
752 5
1034 3
864 2
862 2
860 1
860 5
1188 2
1183 3
1030 3
979 2
977 3
959 5
1527 0
1527 2
1524 4
701 3
671 5
775 2
773 0
772 2
770 3
725 1
725 4
662 2
661 3
661 3
657 3
658 0
656 3
658 3
658 4
650 5
753 0
753 3
715 2
714 2
712 2
711 2
710 4
661 3
657 2
656 2
655 1
655 2
654 3
654 3
654 2
652 0
649 2
648 3
651 2
650 4
649 3
649 1
649 5
751 0
751 3
706 2
705 3
692 0
688 1
688 2
687 1
687 3
688 3
688 3
687 0
686 0
686 4
657 0
657 2
656 1
656 5
910 0
910 4
670 4
660 4
660 2
659 2
657 1
657 3
660 4
659 3
654 0
649 2
648 0
648 2
648 3
653 4
647 2
646 2
645 0
645 0
645 3
649 0
647 3
647 4
638 1
638 3
641 2
640 3
643 1
643 2
642 4
642 5
750 1
750 2
748 1
748 3
701 0
697 0
697 2
696 4
651 0
648 2
647 2
646 4
645 5
758 2
756 3
710 2
709 1
709 4
658 2
657 2
656 0
654 2
653 3
655 0
654 0
654 4
641 2
641 3
644 3
646 5
751 2
749 2
747 1
748 5
1032 0
1032 1
1032 3
863 1
863 2
861 4
684 4
674 2
672 4
672 0
657 2
656 4
645 3
646 3
645 2
645 2
644 2
644 4
644 1
644 2
644 2
644 3
647 0
646 5
859 5
1190 1
1189 4
680 0
660 4
649 4
648 2
646 1
646 4
646 1
646 2
646 1
646 3
648 0
647 0
647 3
651 3
652 4
645 2
644 3
645 3
647 2
646 3
648 2
646 4
645 1
645 0
645 2
644 4
637 0
637 3
643 3
644 4
644 3
645 3
639 2
638 0
638 3
641 5
838 2
837 0
837 1
837 4
655 3
660 5
728 2
726 3
697 3
683 5
876 3
783 2
781 2
780 5
1124 3
984 0
984 5
1564 1
1564 0
1564 5
2189 1
2189 3
1983 2
1978 3
1858 4
720 0
703 2
702 3
701 5
954 2
951 4
676 5
757 4
650 3
658 3
652 0
646 0
646 5
860 3
768 2
767 3
740 4
666 2
664 2
662 3
649 3
653 2
652 0
650 5
891 3
779 4
657 2
656 4
653 2
652 3
648 4
648 4
648 0
644 2
643 3
649 3
646 0
646 1
646 3
647 3
647 4
642 3
641 4
641 0
641 5
878 0
878 2
876 5
1210 2
1205 0
1205 3
973 4
692 2
691 5
748 1
748 2
746 4
659 4
657 0
650 2
650 4
648 3
655 0
652 3
655 2
654 2
653 4
648 2
647 0
646 4
642 2
642 4
642 4
642 2
642 2
642 3
649 0
647 2
646 3
648 3
649 4
645 2
644 2
643 4
643 1
643 2
643 5
736 2
734 3
701 3
685 1
685 2
684 3
683 1
683 2
681 3
679 2
677 3
680 4
653 2
652 5
748 4
656 2
655 0
648 0
648 4
642 5
734 4
651 1
651 4
650 1
650 1
650 0
644 3
647 2
646 0
646 3
648 5
850 4
655 2
653 3
660 1
660 3
653 5
728 4
650 3
659 4
658 2
656 4
656 2
655 0
651 2
650 0
650 5
834 0
834 2
832 2
830 4
653 3
657 3
660 1
660 2
659 3
657 2
656 3
658 3
656 0
648 1
648 4
642 5
723 3
696 2
695 0
686 0
686 3
682 0
682 0
682 4
660 3
654 2
653 3
652 2
651 1
651 5
757 0
757 3
711 2
710 1
710 2
709 4
649 2
647 2
646 5
754 2
752 1
752 2
750 1
750 4
657 4
656 4
656 5
726 1
726 4
651 1
651 3
654 4
654 0
650 3
650 0
650 1
650 4
642 0
642 4
641 1
641 2
640 3
645 1
645 3
646 4
646 4
646 4
646 4
646 3
644 1
644 4
644 0
643 2
642 3
645 0
645 5
860 2
857 4
661 3
658 4
656 0
648 2
647 5
840 2
838 5
1140 1
1140 3
910 4
698 2
697 2
694 5
745 5
979 2
976 0
976 4
670 3
669 3
670 0
663 1
663 3
661 0
660 4
646 3
648 2
647 2
646 4
645 4
645 5
740 4
650 4
649 1
649 0
643 5
836 2
833 2
832 0
832 2
832 3
742 2
741 1
741 2
740 3
719 2
718 2
717 4
666 2
664 1
664 0
662 5
898 1
898 3
802 5
1110 3
969 4
696 1
696 2
694 0
683 3
684 1
684 4
652 2
651 1
651 1
651 4
647 3
649 1
649 3
647 2
646 1
646 1
646 0
646 2
645 3
649 5
865 0
865 3
774 3
746 3
739 2
737 3
728 1
728 5
1020 3
913 2
911 0
906 5
1461 1
1461 0
1461 5
2061 3
1833 3
1708 2
1704 3
1633 2
1629 3
1580 3
1557 3
1542 0
1542 1
1542 2
1539 1
1539 0
1539 0
1539 0
1539 4
729 5
834 2
832 3
781 3
765 0
764 1
764 1
764 3
762 5
1185 5
1712 3
1493 5
2174 1
2174 3
1982 5
2870 3
2715 2
2709 2
2703 5
3791 3
3652 0
3652 3
3570 2
3563 0
3563 0
3563 0
3563 4
781 0
757 3
741 0
740 2
738 2
737 3
736 2
735 2
734 5
1061 4
701 3
681 0
674 2
673 3
673 4
657 2
656 5
756 0
756 4
662 1
662 4
659 5
736 5
985 0
985 5
1337 0
1337 3
1037 1
1037 2
1034 5
1393 1
1393 1
1392 1
1391 3
1201 3
1115 2
1112 5
1725 4
728 0
706 2
705 2
704 1
704 1
704 2
703 3
703 2
702 3
699 3
699 2
698 0
698 3
698 3
700 1
700 3
698 0
698 2
697 3
698 4
664 4
651 0
651 0
651 0
651 1
651 3
655 2
654 3
653 5
878 4
663 2
661 4
654 3
654 0
647 3
652 4
645 4
645 4
645 2
644 3
645 0
645 1
645 0
645 3
647 3
650 2
649 4
643 2
642 2
641 0
639 3
643 2
642 5
838 0
838 4
655 2
653 3
657 5
752 2
750 3
709 3
698 3
690 0
686 2
685 0
685 3
685 5
957 2
954 4
679 0
665 4
646 2
645 4
643 2
642 2
642 4
642 0
642 2
642 5
858 3
764 2
763 1
763 4
666 0
662 3
664 3
664 2
663 0
663 4
649 0
649 3
654 2
653 4
645 2
644 4
644 3
645 2
643 4
643 3
643 4
643 3
643 0
643 4
640 4
640 2
639 3
643 2
642 3
641 1
641 2
640 3
642 4
642 0
641 2
640 3
643 2
642 5
858 3
765 4
670 4
665 0
657 2
656 3
659 0
657 2
656 1
656 1
656 3
656 4
645 0
645 2
644 4
641 4
640 3
644 1
644 0
643 2
642 5
866 4
656 2
655 1
655 5
741 4
652 0
647 1
647 4
644 1
644 4
644 2
644 3
649 3
649 0
649 3
653 2
652 5
851 2
848 0
848 1
848 3
761 2
759 0
753 4
660 3
653 2
652 4
644 2
643 3
641 2
641 3
646 2
645 3
645 0
644 3
646 3
645 3
646 3
645 4
640 4
639 2
639 4
639 2
639 2
639 4
639 4
639 4
639 0
639 4
639 5
751 4
652 3
657 2
655 3
654 5
754 4
654 0
646 0
646 2
646 1
646 5
854 4
660 5
740 3
707 2
706 4
657 0
655 4
646 0
645 2
644 3
648 4
646 3
646 2
645 2
643 5
739 5
998 2
995 1
995 4
672 1
672 0
658 3
660 2
659 0
656 3
657 2
656 4
646 4
644 2
643 4
643 4
643 1
643 5
746 5
1001 4
668 2
667 5
732 4
649 5
739 0
739 3
701 0
696 5
971 3
844 3
807 0
804 3
798 5
1248 2
1244 3
1105 1
1105 2
1102 2
1099 5
1731 2
1726 3
1579 4
723 4
701 4
701 3
680 1
680 2
679 4
669 0
657 2
656 2
655 0
655 4
648 5
757 5
1023 4
697 4
689 4
689 2
687 4
687 4
687 4
687 2
685 4
685 2
684 5
728 5
925 5
1233 5
1582 3
1195 3
1023 2
1020 2
1017 3
957 2
955 4
704 3
684 2
683 5
784 2
782 4
672 4
667 4
667 3
666 1
666 3
665 3
667 5
740 5
964 4
675 1
675 5
722 4
660 3
666 1
666 3
664 3
662 4
662 0
657 0
657 1
657 3
663 4
658 3
654 3
659 2
657 2
656 2
655 3
655 5
730 1
729 4
656 4
656 2
656 3
656 3
661 3
657 3
659 3
655 2
654 0
648 2
647 4
646 4
645 2
645 0
645 2
645 5
821 3
739 0
731 2
729 5
1061 4
681 4
666 0
655 2
654 4
647 4
646 3
650 2
649 1
649 4
649 0
646 0
646 2
645 5
834 5
1134 3
917 2
915 4
697 0
683 5
906 5
1243 0
1243 0
1243 5
1630 0
1630 1
1628 3
1269 2
1264 0
1262 3
1126 1
1125 3
1054 2
1052 3
1034 5
1614 4
715 4
687 4
687 2
686 4
686 2
685 1
685 3
669 0
661 0
661 2
660 2
660 4
652 4
649 3
651 1
651 0
650 0
650 4
645 0
644 0
644 1
644 3
652 1
652 0
651 3
649 0
649 2
648 4
640 0
640 0
640 2
639 3
646 2
644 3
647 3
647 1
647 2
646 2
644 4
642 5
745 4
649 0
643 5
841 4
647 5
738 3
699 3
690 0
683 2
682 5
959 2
955 2
952 4
664 0
658 0
658 4
645 4
642 0
641 4
641 4
641 2
641 0
641 2
641 2
641 4
641 1
641 3
646 2
644 0
643 5
857 3
755 2
754 3
725 3
718 4
648 3
646 0
644 1
644 1
644 3
648 0
648 0
648 4
640 1
640 5
767 2
765 0
765 1
765 4
655 1
655 2
654 2
653 4
647 2
647 5
742 0
742 5
1020 2
1016 4
663 2
662 4
659 2
658 0
648 0
648 4
645 3
649 0
647 3
649 2
648 1
648 4
644 2
644 0
644 2
643 2
642 4
642 2
642 3
645 1
645 0
643 2
641 2
641 3
645 2
643 4
641 3
647 0
646 4
640 2
639 1
639 1
639 2
639 2
639 0
639 -1
1099 5
1100 3
987 5
1075 3
961 3
918 2
916 5
1188 5
1645 5
2193 0
2193 3
1925 2
1920 0
1919 5
2652 0
2652 1
2652 0
2652 2
2646 2
2640 2
2634 2
2628 5
3384 2
3376 2
3368 5
4136 1
4136 4
760 0
717 5
952 3
832 4
699 4
688 5
757 0
756 1
757 4
663 0
659 2
659 5
877 5
1200 5
1568 0
1568 5
1929 4
721 2
718 3
707 3
693 1
693 5
740 1
741 0
737 2
735 5
956 4
672 0
665 2
665 3
667 3
667 0
665 4
655 0
655 0
655 5
842 1
841 2
840 0
840 2
838 2
837 0
837 4
668 2
666 0
658 1
660 2
658 5
830 0
830 3
744 2
742 5
954 2
951 1
951 2
949 2
946 1
947 0
947 1
946 5
1341 3
1109 4
706 4
689 3
684 5
739 1
739 0
736 3
705 5
935 2
932 3
835 1
835 4
681 1
681 3
664 2
663 1
664 4
655 3
655 5
746 1
746 1
747 2
745 0
745 1
746 4
654 3
653 0
649 1
650 5
850 3
766 3
733 5
993 2
990 4
678 3
671 4
661 4
661 0
657 5
872 2
869 3
779 3
749 3
738 0
734 1
737 3
732 3
731 5
1093 1
1093 5
1564 2
1559 0
1559 5
2057 0
2057 5
2545 0
2545 1
2545 3
2223 5
2802 0
2802 2
2793 1
2793 5
3444 1
3444 2
3434 4
744 2
741 3
715 2
714 5
766 1
767 5
970 0
970 2
967 0
967 1
967 4
673 2
671 1
671 1
673 0
666 4
656 3
661 3
660 4
658 2
656 0
653 4
651 4
651 2
651 5
737 2
735 4
656 4
655 5
733 0
733 3
694 1
694 4
665 5
740 0
740 2
738 0
738 1
738 0
738 4
657 3
663 1
663 3
661 2
660 5
736 5
958 2
955 5
1254 4
691 4
687 5
725 1
726 2
725 1
726 1
726 4
667 0
661 1
661 4
658 5
733 2
731 3
696 0
693 3
689 2
688 4
664 3
659 0
655 3
659 0
659 4
652 3
654 0
652 4
649 4
649 3
651 5
734 2
732 5
972 2
969 1
969 4
670 0
657 3
658 2
657 5
831 3
747 3
724 5
952 3
853 4
679 1
679 2
678 4
659 0
655 5
892 3
786 0
783 1
784 3
765 5
1146 0
1146 4
688 4
672 3
665 0
656 0
656 3
656 0
656 3
657 3
654 0
654 0
654 3
655 2
654 4
643 4
641 3
643 2
642 3
645 3
645 0
644 2
643 3
646 0
646 1
648 0
646 0
646 2
645 2
644 4
641 2
640 3
645 4
645 5
755 1
754 2
752 2
750 2
748 0
748 3
707 0
704 1
704 3
697 1
697 0
696 1
698 0
698 5
1030 3
897 4
690 0
682 0
682 2
681 2
679 5
955 1
955 3
835 2
833 2
831 3
797 2
795 5
1165 0
1165 2
1161 2
1157 2
1154 0
1154 0
1154 0
1154 5
1679 3
1431 5
2081 0
2081 3
1886 1
1886 5
2732 2
2725 0
2725 4
719 3
683 0
667 4
653 3
653 5
756 3
705 1
706 3
695 4
647 4
643 4
643 4
643 4
643 3
644 0
642 0
642 2
641 0
641 1
642 2
641 5
862 2
861 4
652 0
644 4
639 2
639 1
641 5
745 3
699 3
692 2
690 2
688 0
684 4
653 0
653 0
653 3
655 4
644 3
646 2
645 3
646 3
642 0
642 0
642 0
642 4
641 1
641 2
640 3
643 1
643 4
640 5
757 0
757 0
757 2
755 1
755 5
1041 2
1038 1
1038 0
1038 0
1038 1
1036 3
862 3
796 1
796 0
791 3
784 3
781 2
780 3
777 3
775 2
774 3
774 2
773 0
772 4
683 2
682 4
658 1
658 5
796 4
667 5
761 2
759 4
660 2
658 0
653 3
658 1
659 0
658 2
657 2
656 1
658 3
658 3
658 0
657 1
657 2
656 0
656 4
648 0
647 4
645 4
644 5
767 2
767 5
1070 2
1067 3
880 3
813 2
811 5
1188 1
1188 1
1188 2
1185 5
1696 0
1696 3
1450 2
1446 2
1442 3
1330 3
1275 2
1271 3
1238 4
700 3
675 0
672 5
952 3
848 4
690 0
682 4
656 0
655 5
926 1
926 0
926 5
1308 1
1307 0
1307 4
686 1
686 5
746 2
744 2
742 3
708 3
694 1
696 5
902 1
902 0
902 4
673 2
672 2
670 2
669 3
663 0
655 3
654 3
655 4
643 1
643 3
645 2
644 2
643 4
643 0
643 0
643 4
642 1
642 3
648 2
647 1
647 2
646 1
646 1
646 0
645 5
869 1
869 5
1202 2
1198 1
1198 1
1199 3
950 2
947 5
1330 3
1165 0
1161 0
1161 0
1161 2
1157 1
1156 3
1092 3
1068 2
1066 3
1055 0
1055 3
1048 4
693 4
676 2
674 4
674 3
670 5
816 2
814 5
1174 2
1169 0
1169 5
1573 1
1571 4
698 4
685 2
684 3
683 3
675 4
672 3
670 0
658 2
657 5
847 2
845 3
754 0
746 1
746 1
746 3
732 3
728 5
1055 1
1054 0
1054 2
1051 5
1522 3
1287 1
1287 4
717 3
680 2
679 0
671 2
670 3
664 0
663 0
663 2
663 5
916 2
914 5
1278 2
1273 3
1023 0
1020 3
953 0
953 1
954 4
703 5
792 3
748 3
737 4
657 3
653 3
656 2
654 2
653 4
653 1
653 4
653 2
652 2
651 1
651 3
654 3
652 1
652 4
652 5
759 1
759 5
1088 3
909 2
905 3
842 5
1255 2
1251 2
1248 1
1248 3
1097 3
1046 4
691 4
669 3
661 0
657 3
659 3
659 5
912 1
912 3
803 0
800 0
800 3
782 3
775 1
776 0
776 0
776 4
678 3
662 1
662 0
662 1
662 2
661 4
653 0
652 4
650 5
782 1
783 3
738 3
726 1
726 3
721 4
658 2
656 4
647 2
646 3
647 2
645 0
645 3
648 5
908 0
908 2
905 5
1277 5
1681 3
1343 5
1826 0
1826 3
1594 4
747 4
734 3
700 4
693 0
674 5
887 5
1202 0
1202 0
1202 4
682 0
669 3
670 0
666 2
665 2
664 1
665 2
664 5
880 0
880 3
790 1
790 5
1081 1
1080 0
1080 2
1076 3
936 0
936 4
684 5
779 1
781 1
781 4
661 2
660 2
659 0
649 0
649 1
649 1
649 0
649 2
649 5
873 3
772 1
772 4
666 4
662 3
660 4
660 1
660 0
656 3
655 3
655 4
647 4
647 3
649 5
750 4
655 3
658 2
657 5
736 2
734 0
733 2
731 0
731 1
731 5
988 0
988 2
983 2
979 5
1326 3
1047 3
934 5
1324 1
1324 2
1320 1
1320 5
1872 1
1872 3
1625 0
1625 5
2326 2
2320 2
2314 3
2131 3
2032 4
758 0
731 4
687 0
680 1
680 4
666 4
662 0
660 0
660 5
888 1
887 1
887 4
677 0
666 4
662 2
661 5
754 1
753 3
716 5
920 5
1284 0
1284 2
1279 0
1279 4
694 3
684 0
668 4
655 2
654 4
652 3
658 5
737 0
737 2
735 0
735 3
709 4
664 3
660 3
657 1
657 2
656 2
655 4
655 0
651 3
655 0
654 0
654 2
653 1
653 2
652 4
647 3
650 5
739 3
696 2
695 5
893 1
893 0
893 2
890 1
890 3
803 0
800 1
801 2
799 2
797 4
684 2
682 3
666 2
665 3
661 3
663 2
661 2
660 4
651 3
651 1
651 3
648 1
648 3
651 0
648 2
647 0
647 3
648 4
644 2
643 3
645 1
645 2
645 3
645 5
760 0
760 5
1043 0
1043 2
1040 4
665 2
663 2
662 3
662 3
661 4
659 0
650 4
644 3
649 4
649 5
734 3
696 2
695 0
689 0
689 3
683 3
683 3
683 3
684 1
685 3
685 1
685 3
683 5
950 4
674 0
665 2
664 1
664 0
664 3
667 2
666 4
648 5
760 0
760 0
760 2
758 5
1062 5
1440 4
692 0
674 3
671 0
667 3
668 0
667 0
667 3
666 3
664 4
650 0
650 4
646 2
645 5
755 2
753 4
652 2
651 0
648 4
647 4
644 3
652 1
652 5
740 1
738 2
736 5
984 0
984 2
981 3
837 3
791 2
789 0
787 3
777 2
775 4
676 4
663 3
656 0
655 2
655 5
896 1
895 2
892 4
667 0
659 0
659 4
651 3
650 5
753 4
655 5
732 1
732 1
732 2
730 5
975 1
974 0
974 1
974 4
666 1
666 3
667 1
667 4
666 5
731 5
942 5
1260 2
1256 1
1254 1
1253 3
974 4
700 4
693 4
693 5
735 1
735 3
711 4
671 4
670 0
668 2
667 3
667 2
666 4
656 4
654 2
653 3
654 2
653 4
653 2
652 3
655 5
737 5
974 4
669 4
668 1
668 4
668 0
652 4
650 0
650 3
652 4
649 5
735 3
696 2
695 4
656 4
653 3
654 3
651 3
652 3
653 3
651 5
741 0
739 0
739 4
654 0
648 0
648 0
648 1
648 4
645 4
645 3
648 4
648 4
648 1
648 0
647 4
643 3
650 1
650 4
650 2
648 1
648 3
651 2
650 3
649 0
648 1
648 3
648 4
642 3
646 3
648 3
646 4
646 0
645 4
641 3
645 2
644 0
643 4
641 0
641 3
645 0
645 3
647 1
647 0
647 3
648 0
648 5
854 5
1147 2
1143 0
1143 5
1501 5
1864 1
1861 3
1436 3
1213 0
1210 2
1203 5
1734 5
2339 0
2339 2
2331 4
738 5
785 3
748 4
682 0
678 2
677 2
676 2
675 4
662 4
660 3
660 1
660 4
660 4
660 3
659 0
658 1
658 3
658 0
658 2
657 5
857 4
666 3
663 4
660 2
659 0
654 4
651 3
656 4
656 3
658 3
654 3
656 1
656 5
732 2
730 4
662 0
655 3
657 0
657 4
652 0
652 0
652 3
656 4
653 3
653 4
653 5
732 0
732 3
698 5
898 0
898 2
896 1
896 3
806 3
781 3
771 5
1069 5
1523 1
1523 1
1523 2
1517 4
695 3
681 4
670 3
668 0
656 2
655 3
657 3
655 0
654 5
870 4
661 0
649 0
649 0
649 1
649 0
649 4
644 3
651 0
650 4
643 3
645 3
649 3
649 4
649 4
649 3
647 0
646 3
648 3
651 4
647 0
646 1
646 3
648 4
643 1
643 4
643 5
733 4
650 4
650 3
658 0
652 2
651 1
651 1
651 0
651 3
651 2
650 1
650 3
651 2
650 3
651 0
650 2
649 0
649 3
651 4
646 2
645 3
648 0
647 0
647 3
649 0
649 4
645 3
649 4
648 2
646 4
646 3
643 0
643 4
642 0
642 2
642 4
641 2
641 3
644 4
644 4
644 3
645 3
645 5
734 4
650 5
725 2
725 4
644 4
644 3
650 3
649 2
648 4
648 5
733 3
697 0
693 4
652 4
646 2
645 3
646 3
645 1
645 2
644 3
647 3
647 2
646 2
645 3
644 2
643 3
644 4
644 5
754 5
1024 2
1019 2
1016 4
671 3
667 3
663 4
656 3
656 2
654 1
654 4
654 1
654 4
654 3
662 1
662 3
659 0
652 5
839 2
837 4
659 4
658 1
658 0
652 0
652 1
652 1
652 0
652 4
644 1
644 4
644 2
644 5
730 0
730 4
648 3
654 2
653 5
735 5
952 3
822 0
818 5
1180 4
697 1
697 2
696 1
696 0
682 3
681 5
907 5
1262 5
1674 3
1356 3
1197 4
697 1
697 5
753 2
751 4
664 3
666 2
665 3
665 4
661 2
660 4
660 5
724 2
722 0
719 3
694 2
693 0
689 3
688 1
688 4
652 2
651 4
645 4
645 0
645 3
650 4
647 4
645 3
645 3
646 3
644 4
644 4
644 1
644 4
644 2
643 4
643 0
642 0
642 3
646 4
642 0
642 2
641 3
646 3
646 5
871 2
868 3
782 4
678 3
663 2
662 2
661 2
660 3
662 5
777 3
724 5
970 1
969 1
967 2
964 2
961 2
958 1
957 2
954 0
953 2
950 3
845 5
1242 3
1107 4
695 2
694 2
692 4
670 2
669 3
663 2
662 5
765 3
724 5
964 5
1373 3
1137 4
705 1
705 1
705 0
690 3
692 4
665 5
770 2
768 2
766 4
660 3
661 4
659 1
659 2
658 3
659 3
657 5
738 3
708 4
665 0
658 3
658 4
649 2
648 4
647 3
645 1
645 5
748 3
706 2
705 3
696 3
690 2
689 5
907 2
905 0
904 0
904 2
901 0
901 0
901 2
899 2
897 2
895 3
797 1
797 5
1139 2
1136 5
1618 4
721 2
718 0
696 3
695 3
691 4
655 4
651 4
651 3
652 5
748 5
1005 2
1002 3
841 3
802 3
781 2
780 4
681 1
681 1
681 3
665 0
663 1
663 4
655 4
648 4
648 3
648 3
647 1
647 2
646 2
646 5
757 2
755 2
753 2
751 3
710 0
709 5
1024 2
1020 0
1020 5
1442 5
1872 1
1872 3
1557 2
1552 2
1547 1
1547 2
1541 1
1540 4
739 4
717 5
753 1
753 5
963 0
963 4
677 2
675 5
742 0
738 4
658 2
657 3
661 0
655 3
657 2
656 3
657 2
656 5
833 2
831 4
663 3
666 3
667 4
666 1
666 0
658 1
658 1
658 1
658 1
658 0
658 5
854 2
852 4
661 1
661 3
660 4
659 2
658 3
657 0
653 4
647 2
646 3
651 2
650 4
650 2
649 3
648 4
648 1
648 2
647 4
647 2
646 3
652 2
651 2
650 2
649 2
648 3
650 2
648 2
647 4
647 2
647 3
651 2
649 3
653 3
653 4
653 3
650 2
649 2
648 0
647 1
647 0
647 3
652 0
651 2
650 2
649 5
824 4
657 0
651 1
651 2
650 2
649 2
649 3
654 2
653 5
823 3
742 2
740 3
715 4
657 5
748 4
648 3
652 5
731 0
731 4
648 4
648 4
648 5
732 2
730 2
728 5
970 5
1292 3
988 5
1320 0
1320 3
1131 3
1056 5
1619 3
1473 2
1470 0
1470 1
1470 0
1470 3
1425 0
1425 0
1425 2
1422 4
723 4
704 3
682 3
673 5
792 2
790 5
1097 5
1477 4
701 5
753 5
945 0
945 3
801 0
795 2
793 4
681 5
767 4
652 0
645 2
645 2
645 4
643 1
643 2
643 2
643 5
740 4
649 3
653 4
651 2
649 4
649 2
648 1
648 2
647 3
648 3
646 3
648 4
648 3
648 3
645 4
645 0
643 0
643 0
643 4
643 5
734 3
698 3
693 3
686 0
685 2
684 2
683 3
684 1
684 0
684 0
684 3
684 1
684 5
967 2
964 1
963 2
960 0
960 4
678 3
665 4
656 3
658 2
657 3
658 4
657 2
656 2
655 5
727 2
725 2
723 2
721 4
653 3
654 0
647 2
646 5
833 2
830 2
829 5
1117 0
1117 0
1117 3
878 0
874 2
872 2
870 0
870 4
685 0
674 3
670 4
649 3
651 1
651 5
757 1
757 5
1032 3
867 2
865 3
816 0
812 1
812 2
811 0
811 5
1243 2
1239 1
1238 2
1234 1
1234 3
1090 5
1671 2
1666 2
1661 3
1495 0
1495 3
1441 2
1438 2
1435 1
1435 3
1397 3
1379 2
1377 0
1377 4
722 3
691 3
679 1
679 2
678 3
674 2
673 5
816 4
674 4
667 3
664 0
658 3
658 2
657 2
656 2
656 4
653 3
655 4
654 5
758 5
1036 1
1035 4
674 3
669 2
668 5
735 3
701 1
701 4
655 1
655 3
652 3
650 4
647 4
647 4
647 5
740 1
740 0
738 4
650 4
649 4
649 0
644 1
644 4
642 1
642 2
641 5
734 2
734 1
734 0
734 3
694 0
689 5
966 2
963 1
963 3
840 4
680 2
678 3
663 2
661 4
655 1
655 5
741 4
662 5
737 2
735 1
734 2
732 0
727 2
725 2
723 2
722 2
722 2
722 2
722 0
722 4
656 3
655 1
655 2
654 5
736 0
735 0
735 1
735 2
733 4
651 3
653 4
653 4
653 2
652 3
652 3
654 4
654 5
726 3
692 3
684 5
888 3
784 5
1100 0
1100 2
1097 3
972 2
969 2
967 2
964 3
918 0
916 4
678 0
672 4
655 3
657 3
653 3
655 1
655 1
655 4
646 3
646 2
645 3
644 0
644 5
907 5
1267 3
1033 4
708 5
778 2
776 2
774 4
672 4
669 2
668 4
668 3
674 5
751 4
660 0
656 3
657 2
656 0
655 4
647 2
646 4
645 2
645 0
645 5
859 5
1172 2
1168 2
1163 5
1527 2
1521 0
1521 2
1514 3
1155 3
1001 5
1389 3
1229 0
1229 3
1191 2
1188 4
723 4
701 5
778 3
738 1
738 0
736 1
736 4
674 4
667 5
786 3
741 3
731 3
722 2
721 0
718 5
1072 2
1068 1
1068 2
1065 3
933 1
933 4
692 5
791 4
669 2
668 4
663 3
664 4
662 0
659 2
658 1
658 2
658 1
658 2
657 5
887 0
887 3
777 3
748 0
745 5
1149 0
1149 3
1014 2
1011 3
963 5
1539 2
1535 3
1381 4
715 3
683 0
678 4
657 1
657 3
656 1
656 0
653 0
653 2
652 3
654 0
654 3
655 4
649 2
648 4
646 2
645 2
644 1
644 3
647 2
646 4
646 2
646 3
650 0
649 3
650 1
650 0
650 4
646 1
646 2
646 5
776 1
776 0
776 2
774 2
772 4
661 3
663 3
660 0
654 2
653 5
871 3
768 4
666 5
764 4
661 3
660 2
659 5
751 5
1011 0
1011 3
842 3
794 5
1131 4
702 2
700 0
685 0
685 4
653 2
652 2
651 0
650 4
648 4
646 5
739 3
700 4
661 0
657 4
649 5
746 3
707 5
937 0
937 5
1328 0
1328 1
1327 0
1327 0
1327 2
1322 5
1759 5
2184 2
2174 2
2164 2
2156 2
2147 4
742 1
742 5
757 2
755 2
753 4
689 2
688 1
685 3
683 3
687 4
685 3
679 4
677 5
730 3
699 3
689 5
835 3
760 2
757 4
670 4
662 -1
1099 0
962 0
961 3
910 1
910 2
907 2
904 4
720 5
769 4
692 1
692 0
683 3
681 5
847 0
847 4
686 2
684 0
673 5
854 2
852 0
852 3
760 1
761 4
687 5
759 5
1002 1
1003 3
854 4
701 2
697 4
691 3
676 3
679 3
675 1
677 5
767 2
765 5
1010 5
1344 2
1339 4
700 2
698 4
692 0
682 2
681 4
667 5
746 5
959 5
1252 5
1587 3
1168 0
1165 2
1159 5
1592 5
2077 4
726 1
729 5
760 5
941 2
938 4
694 5
744 5
952 3
797 3
762 4
672 0
666 4
651 3
652 1
654 2
652 3
652 2
651 2
650 5
761 4
657 5
728 1
729 2
728 1
728 3
694 4
659 5
746 1
747 5
1024 2
1021 0
1021 2
1018 0
1018 4
672 3
664 0
658 5
867 0
867 0
867 2
865 0
865 2
863 0
863 4
653 4
652 1
654 3
655 1
656 5
735 5
973 1
975 4
667 1
667 2
667 1
669 3
662 3
665 2
664 1
666 1
666 4
663 1
664 2
663 2
662 0
655 5
847 5
1141 3
923 2
920 1
921 3
843 4
683 3
666 3
664 2
663 0
656 2
655 3
653 4
649 2
648 4
645 4
645 3
647 5
766 2
764 3
719 4
658 5
756 2
754 0
753 1
752 2
750 5
1032 0
1032 2
1029 0
1029 2
1026 4
675 1
675 2
673 4
667 0
660 3
660 2
659 4
651 2
651 1
653 2
651 2
649 4
649 0
648 3
651 3
651 2
650 2
649 3
650 2
649 5
838 0
838 4
656 0
648 2
648 1
648 4
646 2
646 4
645 4
645 2
646 4
646 2
647 2
648 1
650 0
649 2
650 1
651 0
651 4
649 4
648 2
648 2
649 3
648 0
648 4
645 3
649 1
649 2
648 2
646 1
649 5
724 1
726 4
650 4
649 3
653 3
653 5
727 4
647 2
647 0
643 3
650 2
649 3
647 2
646 2
645 0
645 4
644 4
643 2
642 2
642 4
642 1
644 2
642 3
647 4
647 2
646 4
646 4
646 3
648 4
648 2
646 1
647 1
647 1
647 5
725 2
723 2
721 3
692 4
658 1
658 0
654 0
654 4
645 1
646 4
646 2
645 2
644 1
646 5
727 1
727 0
727 4
650 4
650 2
649 4
649 2
649 2
649 1
655 4
654 2
654 3
658 0
649 4
642 2
641 2
641 3
645 2
644 2
642 4
642 2
642 0
641 3
645 4
643 4
643 4
643 3
644 4
644 1
644 4
644 2
643 4
643 5
728 2
726 4
646 1
648 3
654 4
653 0
646 0
646 5
836 0
836 5
1133 2
1129 4
673 3
669 3
667 0
658 2
657 3
661 3
660 3
662 3
659 2
657 5
832 5
1115 4
670 3
671 5
741 0
741 2
739 0
739 2
737 2
735 2
733 3
699 0
697 4
654 1
654 0
653 0
653 2
652 3
655 1
656 1
656 1
658 1
660 5
852 2
849 4
661 1
661 1
663 2
661 4
658 0
647 3
652 4
648 2
647 0
646 2
645 5
837 2
834 3
750 2
748 1
748 1
748 0
740 4
667 4
653 2
651 2
650 5
764 4
653 2
652 2
651 0
645 1
645 2
645 5
852 4
655 1
656 2
655 5
747 0
747 0
747 2
746 0
746 4
652 4
652 0
646 4
644 2
644 4
644 3
650 0
648 1
649 0
649 4
641 3
645 4
645 4
645 1
645 1
645 4
645 4
645 1
648 4
648 1
648 4
648 4
648 2
647 4
647 2
644 2
643 2
642 5
745 2
745 0
745 4
651 3
657 0
649 4
642 4
642 2
643 3
649 2
648 3
647 1
649 3
648 1
650 0
647 3
650 4
645 0
643 0
643 5
855 2
853 5
1175 4
668 0
652 4
644 1
644 2
643 3
651 3
650 0
647 4
642 1
642 2
641 4
640 0
640 0
640 4
639 2
639 4
639 5
741 2
741 2
741 3
704 2
703 5
897 4
663 3
658 3
659 2
658 2
657 1
659 1
659 4
654 4
654 3
654 1
654 2
653 2
652 4
651 4
651 1
651 4
651 4
651 2
650 3
653 2
652 4
652 4
652 3
652 1
652 0
646 5
828 0
828 2
826 0
826 4
654 2
653 5
735 5
958 0
958 2
955 4
674 4
673 0
659 0
659 2
659 3
658 4
649 2
647 3
646 5
732 2
730 3
693 2
692 3
681 2
680 2
679 5
864 4
658 5
730 4
645 4
644 4
644 2
644 5
729 0
729 0
729 4
646 2
645 3
652 2
651 4
651 0
648 2
647 4
641 2
641 1
641 0
641 1
643 2
642 0
642 3
649 3
651 1
653 0
650 5
854 4
654 3
657 0
652 4
646 4
646 1
647 3
647 4
647 2
645 2
644 5
724 4
649 5
724 3
694 2
692 5
868 2
866 0
866 3
775 4
676 0
674 5
931 3
823 5
1150 4
681 4
669 4
669 3
663 4
661 0
657 0
657 5
854 5
1164 3
936 3
859 4
678 5
749 3
712 0
711 4
668 0
665 0
665 3
665 3
667 4
656 3
657 4
653 1
653 2
651 2
650 1
650 3
653 4
653 4
653 4
653 1
653 1
656 1
656 2
654 1
654 5
757 4
655 0
649 3
652 5
866 0
866 3
771 4
668 2
667 0
663 2
662 4
644 4
644 1
646 1
646 1
646 2
645 4
645 4
645 0
644 5
865 0
865 5
1209 4
681 1
681 5
731 3
697 2
696 5
891 3
798 5
1126 0
1126 0
1126 4
674 3
671 3
665 2
664 0
657 4
647 0
646 2
646 0
646 4
644 2
643 4
643 0
641 4
641 4
641 3
646 2
645 3
645 2
644 2
643 0
642 2
642 1
643 2
642 3
645 4
644 3
646 1
648 3
643 1
645 2
644 1
644 1
644 3
646 4
646 5
747 3
713 1
713 2
711 4
655 2
653 1
656 3
650 5
753 4
645 3
649 3
650 3
646 4
645 1
645 4
645 0
643 1
643 5
835 4
656 3
656 5
749 3
709 1
709 4
660 4
656 3
654 2
653 0
650 1
651 2
650 1
651 2
650 4
644 4
643 2
643 3
645 5
735 5
975 2
972 3
808 1
808 0
806 2
804 0
804 4
676 3
663 5
768 4
662 2
660 4
656 2
655 3
656 4
656 2
655 4
655 2
654 3
656 4
656 3
653 3
655 4
655 1
655 5
732 2
730 5
956 1
956 4
664 4
661 3
666 4
663 0
655 3
657 1
657 3
656 0
655 4
645 3
648 2
647 3
647 4
647 3
649 3
647 2
646 0
646 1
646 2
645 0
645 2
644 3
648 0
647 4
642 4
642 2
642 3
647 1
647 1
647 0
647 4
642 5
730 0
730 1
730 1
731 4
649 4
648 0
644 2
644 4
642 4
642 0
642 5
838 2
838 2
837 4
651 1
651 2
651 0
647 4
644 0
644 4
644 1
646 2
645 2
645 3
648 1
648 2
647 2
646 0
645 3
649 3
654 2
652 2
651 3
651 4
648 3
648 4
648 5
725 1
725 5
963 2
960 2
957 2
954 3
801 3
766 2
765 0
761 4
674 3
665 1
667 1
667 4
654 5
745 0
745 2
743 0
743 2
741 4
654 0
646 0
646 5
856 2
853 0
853 3
756 3
734 2
732 5
979 2
976 2
973 3
870 4
677 0
674 3
677 3
678 4
656 5
765 4
660 2
659 0
652 5
874 5
1218 3
979 4
697 5
745 5
997 4
673 2
671 3
665 2
664 3
667 4
663 1
663 4
663 4
663 4
663 2
662 0
655 0
655 2
654 0
654 3
651 3
653 4
645 4
645 2
644 4
644 2
643 1
643 2
643 4
643 4
643 2
642 4
642 4
642 2
642 4
642 3
646 3
645 2
644 5
740 1
740 2
738 4
647 4
646 3
652 5
734 0
734 4
642 1
642 0
640 0
640 0
640 2
640 2
640 0
640 0
640 0
640 3
646 4
646 2
645 4
645 0
645 5
841 2
839 5
1127 2
1123 0
1123 4
667 4
666 2
665 1
665 0
650 1
650 4
643 2
643 3
647 4
647 5
740 4
646 0
643 0
643 0
643 3
653 2
652 4
650 3
644 4
644 3
648 3
644 0
643 3
647 5
817 2
815 4
648 0
642 3
649 2
648 3
649 2
648 5
809 1
809 1
809 1
809 5
1091 0
1091 1
1090 2
1085 2
1081 5
1428 2
1422 4
697 0
666 5
840 3
740 1
740 1
740 4
669 1
669 0
664 0
664 2
663 3
663 1
663 4
647 0
645 0
645 3
648 3
652 4
647 1
647 4
646 3
642 4
642 2
642 5
745 4
656 5
733 2
731 0
731 2
729 3
687 4
651 3
650 0
648 3
650 1
652 5
851 5
1171 4
671 2
670 4
670 4
670 0
657 3
657 4
650 5
733 0
733 2
731 0
731 2
729 4
652 3
659 4
657 1
657 4
657 3
652 5
730 0
727 2
725 5
963 5
1278 2
1272 0
1272 0
1272 4
687 2
686 0
667 2
667 0
666 5
849 4
661 4
660 4
660 3
668 0
653 0
653 5
827 3
751 4
667 0
664 3
667 3
667 1
667 3
670 3
667 4
650 2
648 3
650 4
649 4
649 5
739 0
739 3
702 3
693 4
652 4
648 4
648 0
645 3
645 5
846 5
1153 5
1515 1
1515 4
703 2
702 4
696 3
694 5
735 0
729 4
662 3
667 3
664 5
734 3
702 5
861 2
858 2
856 5
1169 4
685 3
674 3
673 4
667 3
662 2
661 5
723 4
658 0
650 3
653 2
652 2
651 2
650 2
649 3
653 2
652 4
651 4
651 5
736 1
735 1
735 3
700 3
691 2
690 2
689 3
686 3
679 3
682 4
652 0
650 1
650 2
649 2
648 1
648 0
648 2
647 4
644 5
744 2
742 2
740 2
738 2
736 0
736 4
652 4
652 5
732 0
731 2
729 2
727 4
646 1
647 4
647 3
653 4
651 3
648 4
648 0
644 2
643 5
826 2
823 4
654 2
653 5
737 1
737 4
645 4
645 3
655 2
654 5
736 4
648 4
648 0
641 1
641 4
641 4
641 2
641 1
641 4
641 4
641 5
729 1
729 0
729 1
729 2
728 3
700 0
692 2
691 5
955 2
951 4
671 5
741 3
703 4
656 4
652 0
649 2
648 2
647 0
647 3
651 1
651 3
651 2
650 3
648 2
647 3
647 4
640 1
640 4
640 4
640 4
640 2
639 4
639 1
639 2
638 4
638 1
638 2
637 0
637 4
637 2
637 5
734 2
732 1
732 5
985 3
832 4
692 4
685 3
671 4
669 3
665 2
664 1
664 5
722 4
655 3
661 0
656 5
841 4
662 2
660 3
653 2
652 5
728 4
650 3
652 2
651 2
651 0
646 3
652 4
649 4
648 4
648 3
647 1
647 4
647 2
646 4
646 0
644 4
641 0
641 3
649 0
647 2
646 0
646 5
825 0
825 4
655 2
654 2
653 3
656 2
655 4
653 3
653 5
724 2
722 0
722 4
647 0
643 4
643 2
643 5
726 4
648 2
648 5
723 0
723 0
723 4
647 2
647 3
656 4
656 2
654 3
654 0
648 4
642 4
642 3
652 4
652 4
652 0
650 2
649 1
649 4
643 3
651 4
651 4
651 2
650 3
647 4
647 0
647 0
647 4
642 2
642 2
642 0
642 5
811 1
811 3
741 3
720 3
711 4
657 0
653 2
652 2
651 5
867 4
663 3
660 2
659 1
659 5
739 2
737 5
979 2
976 3
821 2
819 2
817 4
685 5
738 2
736 1
736 3
705 4
658 3
654 0
652 0
652 2
651 0
651 0
651 0
651 3
651 0
651 2
650 5
863 4
662 2
661 0
648 2
648 2
648 5
840 1
840 4
656 2
655 2
654 3
656 0
652 0
652 5
847 0
847 2
844 5
1149 3
909 4
697 2
696 0
683 3
684 5
892 5
1244 0
1244 2
1240 3
1016 3
922 1
922 2
920 4
687 2
684 5
763 5
1049 4
677 0
665 5
893 0
893 3
785 0
778 5
1184 3
1026 3
967 4
694 0
689 0
689 0
689 2
688 2
687 4
666 2
664 4
657 4
657 5
776 2
774 2
772 2
770 0
770 4
667 3
662 4
660 5
755 3
719 2
718 4
666 4
661 4
661 5
739 3
700 3
696 0
694 3
696 0
696 4
656 4
648 4
648 2
647 1
647 4
647 3
647 3
649 4
649 0
648 5
896 0
896 5
1259 2
1254 5
1656 5
2064 4
717 3
702 2
700 3
696 3
692 3
694 2
692 2
691 3
685 3
683 0
664 1
664 2
663 2
662 2
661 4
655 5
730 2
730 4
661 3
663 0
653 2
652 1
652 5
815 3
731 0
722 3
711 0
710 2
709 2
708 0
708 3
704 4
655 0
655 4
645 4
642 5
769 0
769 3
719 2
717 2
716 3
700 5
970 0
970 0
970 4
674 2
673 1
673 4
662 1
662 0
653 4
648 2
647 2
647 5
753 4
657 5
734 5
986 0
986 3
827 5
1120 2
1117 5
1564 5
2034 5
2506 4
724 0
696 4
661 0
658 1
658 1
658 2
658 4
652 1
652 2
651 3
658 5
744 2
742 0
742 0
742 4
656 4
655 5
719 3
686 0
681 2
679 2
678 3
678 2
676 1
676 4
654 2
653 2
652 4
648 3
648 1
648 5
751 0
751 0
751 3
718 2
716 3
703 2
701 4
651 0
648 2
648 5
877 0
877 5
1221 5
1594 2
1588 2
1582 2
1577 0
1577 0
1577 2
1572 0
1572 2
1566 3
1210 3
1073 2
1070 0
1069 5
1601 2
1594 1
1594 2
1589 3
1432 2
1427 5
2124 3
1970 0
1970 2
1966 0
1966 0
1966 5
2893 0
2893 0
2893 3
2748 2
2743 4
757 2
753 1
753 2
751 2
747 1
747 5
800 4
693 3
683 4
675 1
675 4
674 2
673 1
673 3
673 2
672 2
671 3
674 2
673 2
672 4
671 5
739 0
737 5
981 1
981 0
981 2
978 2
976 2
973 5
1300 3
996 2
994 0
991 2
988 0
988 4
699 2
697 3
673 3
673 3
670 3
667 0
662 5
875 2
872 0
872 5
1201 3
973 4
698 2
696 5
750 2
748 3
712 0
709 4
664 5
739 4
655 4
654 2
653 3
657 3
658 3
657 4
657 5
735 1
735 2
733 0
732 0
732 3
702 2
701 1
701 4
660 2
658 4
655 0
653 2
652 0
652 3
656 5
867 1
867 2
865 4
661 3
662 0
657 1
657 0
657 3
662 3
662 3
657 2
656 2
655 1
655 1
655 3
657 4
650 1
650 3
649 4
646 0
646 4
642 2
642 2
642 2
642 4
642 5
739 2
737 2
735 2
733 2
733 4
650 2
650 2
650 3
656 2
654 3
655 2
653 4
653 5
732 1
732 2
730 1
730 0
729 3
706 4
667 1
667 2
666 4
665 1
665 2
664 3
658 4
657 2
655 5
730 2
728 0
727 4
650 0
648 5
841 2
841 5
1123 3
893 3
821 5
1113 3
989 0
989 3
960 3
949 5
1520 4
719 0
707 4
674 2
673 5
772 4
668 4
663 2
662 3
665 2
664 2
663 2
661 4
660 4
660 4
660 2
659 4
659 0
655 4
651 4
651 3
655 3
654 5
747 4
658 1
658 0
655 5
856 3
762 4
674 5
752 0
752 2
750 1
750 1
750 1
750 5
1029 3
860 0
859 4
693 5
777 3
742 2
741 4
667 2
665 2
663 5
763 4
650 3
654 3
651 1
651 4
651 0
646 3
650 2
648 0
647 5
872 3
769 0
766 3
751 5
1125 1
1125 0
1125 4
696 2
693 5
764 2
762 3
735 4
665 5
753 3
716 5
950 3
848 4
677 5
775 3
727 3
717 0
716 4
664 2
663 0
661 2
660 4
650 0
650 0
650 2
649 3
652 4
649 1
649 5
785 2
783 2
781 0
781 3
727 1
727 3
712 2
711 4
664 2
663 0
661 4
654 0
654 0
654 0
654 4
652 5
778 2
776 5
1092 5
1486 2
1480 5
1883 0
1883 0
1883 1
1881 3
1492 1
1492 2
1486 2
1480 1
1480 0
1479 3
1287 5
1855 1
1855 5
2507 4
749 2
745 3
688 4
677 3
679 2
677 0
670 3
668 5
837 4
658 0
654 0
654 1
654 4
650 2
650 2
650 2
650 3
656 4
656 2
654 1
654 1
654 3
658 5
729 0
729 0
729 4
660 1
660 0
653 0
653 2
653 0
653 2
653 3
660 5
827 1
827 3
746 2
744 1
744 0
740 0
739 5
1070 1
1070 5
1500 2
1494 2
1489 5
1937 4
712 4
701 1
701 4
701 3
695 5
739 0
733 2
731 2
729 2
727 3
700 2
699 1
699 1
699 4
665 4
662 0
660 3
660 5
843 4
672 0
659 1
659 3
661 2
660 1
660 2
659 1
659 3
660 1
660 0
660 4
648 2
647 1
647 4
646 4
646 0
646 0
646 2
646 2
645 2
645 3
649 1
649 5
818 4
662 2
661 2
660 4
660 4
660 2
659 0
649 2
649 4
647 0
646 0
646 3
651 4
648 0
648 0
648 1
648 5
828 0
828 5
1119 1
1118 5
1456 0
1456 5
1812 1
1811 4
721 5
740 4
680 5
740 3
705 5
841 0
839 5
1130 3
916 5
1249 4
704 2
703 2
701 4
688 5
730 0
729 0
729 2
727 3
708 5
906 5
1240 1
1240 2
1234 2
1228 2
1223 0
1223 4
698 5
748 5
958 0
958 3
815 1
815 3
774 2
773 3
759 3
753 0
750 3
751 3
748 2
747 3
744 2
743 2
742 4
668 0
667 0
667 0
667 5
967 2
964 5
1368 0
1368 3
1123 3
1027 4
713 2
710 4
692 4
692 0
679 2
678 0
678 5
963 2
958 0
958 5
1343 0
1343 3
1071 5
1525 4
698 2
696 5
769 1
769 2
767 5
1024 0
1024 2
1021 2
1018 1
1018 0
1018 -1
1099 2
1098 2
1097 5
1096 5
1130 5
1260 4
863 1
865 0
830 4
727 1
729 4
723 1
723 1
723 3
713 1
715 3
706 1
711 1
711 3
694 3
694 1
695 5
782 0
781 0
781 2
778 4
683 0
673 5
873 0
873 5
1181 0
1181 5
1548 5
1929 4
737 2
735 5
747 5
909 4
683 5
739 2
738 5
918 4
679 3
678 0
666 0
665 3
668 4
656 0
654 3
657 2
656 5
813 1
813 2
811 3
738 4
671 2
670 1
670 5
745 2
743 5
980 3
833 2
831 4
694 4
687 2
685 0
675 4
655 5
736 5
980 3
824 0
821 3
792 5
1164 4
697 5
761 5
1011 0
1011 1
1011 5
1375 0
1375 0
1375 0
1375 2
1371 1
1371 3
1098 0
1094 5
1596 3
1379 0
1379 0
1379 5
2066 4
727 0
707 2
706 2
704 2
703 2
700 3
698 1
699 3
699 1
699 0
699 0
699 1
700 2
699 3
699 3
698 3
698 3
700 3
696 2
695 4
661 2
660 0
659 1
660 3
664 1
666 2
664 4
652 4
650 4
650 4
650 0
650 5
894 0
894 2
892 4
668 0
660 4
651 3
653 5
763 5
1038 1
1038 0
1038 5
1410 5
1799 4
717 2
715 5
736 2
734 3
695 0
691 0
691 3
689 2
688 3
689 2
688 0
687 2
686 4
658 3
656 4
652 3
649 0
647 0
647 0
647 2
647 0
647 5
865 0
865 2
864 4
654 4
651 4
651 5
741 4
645 3
655 3
648 3
654 2
652 4
650 0
647 0
647 0
647 1
648 1
649 2
648 4
642 5
736 5
976 0
976 5
1307 2
1303 0
1303 3
1012 2
1008 1
1008 2
1005 4
705 0
687 4
664 0
664 3
667 0
667 0
667 2
666 0
666 4
655 1
655 2
653 2
652 5
749 2
747 4
661 3
657 0
652 0
652 0
652 5
854 2
852 4
663 4
660 4
660 5
734 0
734 3
700 2
699 2
698 3
692 2
690 2
689 5
883 0
883 5
1238 5
1650 3
1321 0
1319 1
1320 3
1192 5
1780 2
1775 2
1770 4
734 2
731 0
715 4
667 1
667 4
662 3
661 3
663 1
663 3
658 4
656 4
656 0
655 4
650 0
650 0
650 2
650 2
650 5
851 0
851 2
850 2
850 4
663 2
662 2
661 4
660 2
660 5
735 1
736 4
654 3
658 2
657 4
657 3
656 0
654 0
654 2
653 5
849 4
660 4
658 0
651 3
655 4
653 5
742 0
741 3
706 2
704 5
890 2
887 5
1220 2
1216 4
684 4
677 0
666 3
666 4
655 2
653 0
652 5
848 1
848 4
665 4
663 0
656 2
655 3
657 2
656 2
655 4
650 5
733 3
703 4
660 1
660 2
658 4
657 2
655 4
655 4
655 1
657 4
657 1
659 2
658 4
658 3
659 3
656 2
655 4
655 2
654 3
656 2
654 3
658 2
657 3
656 2
655 3
656 1
656 0
652 0
652 0
652 5
856 3
769 5
999 4
678 5
732 0
729 1
731 2
729 3
708 5
933 5
1302 2
1298 3
1071 4
704 4
694 0
681 2
680 0
680 1
681 4
661 1
661 3
659 4
659 0
656 4
651 4
651 3
657 2
656 5
748 1
750 3
718 5
928 2
925 5
1289 5
1713 2
1705 5
2127 2
2118 3
1720 0
1720 4
743 3
704 0
684 4
664 4
660 5
741 2
739 4
665 1
667 3
669 4
664 0
662 4
650 3
660 0
659 5
849 5
1128 5
1470 2
1463 2
1454 3
1103 4
718 0
697 4
658 0
658 1
659 2
658 5
852 5
1164 4
678 0
660 1
662 4
646 5
737 4
653 4
653 3
657 4
657 2
656 3
655 0
652 4
648 5
726 2
724 1
724 3
690 2
689 0
682 4
657 4
651 2
650 2
649 2
648 1
648 4
648 4
648 1
649 0
648 4
644 4
644 1
644 4
644 3
647 5
731 2
729 2
727 1
727 0
727 3
695 5
894 4
662 1
665 5
730 3
698 4
655 0
652 3
655 5
856 2
854 4
660 2
659 3
656 1
657 2
656 3
657 5
732 5
965 4
669 2
667 5
731 0
731 5
973 0
973 2
969 5
1291 2
1286 5
1637 5
2004 0
2004 5
2372 5
2732 0
2732 0
2732 4
761 0
719 3
696 2
694 4
673 3
667 2
665 5
732 1
732 0
731 0
731 1
732 0
732 5
950 3
813 3
763 2
762 2
760 5
1013 0
1013 0
1013 5
1449 0
1449 3
1227 2
1224 2
1221 4
712 2
710 2
709 2
708 3
692 0
682 5
911 3
816 2
814 1
815 3
776 5
1086 3
961 5
1485 5
2100 3
1883 3
1766 3
1711 4
710 2
708 2
705 4
685 2
683 0
673 4
658 0
656 4
656 1
656 2
655 3
657 0
656 2
655 2
654 5
873 3
780 5
1074 1
1074 0
1073 5
1531 4
696 2
693 2
690 1
690 4
678 2
677 5
741 4
663 5
731 1
733 4
659 2
658 3
667 3
662 1
662 4
661 3
662 1
662 5
733 4
656 3
662 2
660 4
660 3
664 5
729 2
727 4
654 4
654 3
667 2
665 1
665 2
663 2
662 0
657 4
648 5
730 1
731 2
729 5
940 5
1248 2
1242 2
1237 3
948 4
701 0
686 2
682 1
682 0
682 3
676 5
898 1
898 1
897 5
1238 3
1000 4
688 4
681 4
681 1
681 2
679 1
681 4
680 5
749 0
746 2
744 5
1016 3
847 2
845 2
843 0
834 2
832 2
830 3
802 0
801 3
795 0
795 4
681 0
679 2
678 3
679 2
678 3
679 2
678 4
657 4
650 3
648 2
647 4
647 3
648 3
648 0
648 4
646 3
648 0
648 3
650 3
650 0
650 2
649 4
645 1
645 4
645 1
645 2
645 0
645 2
645 4
645 3
648 0
648 4
645 4
645 2
645 4
645 2
645 1
645 0
645 2
645 4
644 5
783 3
717 0
715 3
710 2
709 2
708 4
659 3
654 2
653 2
652 3
652 2
651 2
650 3
652 4
649 3
648 2
647 0
647 5
904 2
902 2
899 2
897 5
1264 4
684 2
682 3
675 4
669 4
669 3
668 2
667 3
665 4
664 2
663 2
662 0
653 4
648 2
648 2
648 4
648 2
648 5
732 5
965 5
1277 3
1008 4
718 3
690 0
670 5
879 2
877 2
874 3
765 3
734 1
734 5
991 5
1410 5
1882 4
727 2
724 5
774 0
761 5
1031 0
1031 4
685 4
676 0
662 2
661 0
661 4
656 3
658 5
731 2
729 2
727 5
963 2
960 4
670 2
667 0
655 4
650 4
650 0
648 5
830 3
728 2
727 2
726 0
723 3
718 4
662 3
658 4
649 2
648 4
648 4
648 3
646 2
645 2
645 5
761 5
1046 3
877 1
877 3
816 2
814 5
1149 4
698 2
697 0
684 2
683 5
940 3
823 4
673 1
673 3
662 2
661 4
654 3
655 4
655 1
655 2
653 1
653 2
651 2
650 0
645 0
645 2
644 4
638 3
640 5
755 4
649 2
648 0
640 1
641 2
640 5
846 0
846 0
846 5
1160 4
660 0
654 1
655 3
657 4
648 1
648 1
648 2
647 2
646 0
646 2
645 0
645 0
645 2
644 0
644 2
644 2
644 4
639 4
639 0
639 2
639 2
639 3
646 3
647 3
648 1
648 5
824 4
651 5
731 0
731 5
976 2
973 4
659 2
658 3
664 2
663 5
741 2
739 0
736 2
734 1
734 4
651 0
646 4
644 3
649 2
648 3
648 1
648 0
646 3
649 3
650 2
649 5
822 1
822 2
820 2
817 2
815 4
651 3
655 5
736 2
734 4
645 4
644 2
643 4
643 3
649 3
651 5
737 1
737 0
737 5
983 0
983 4
654 4
654 2
654 1
654 1
654 5
725 4
647 0
642 1
643 4
641 2
641 4
641 2
641 2
641 1
641 2
641 5
732 4
645 3
651 2
650 4
650 1
650 5
724 2
722 4
644 2
644 2
643 4
643 5
725 3
690 3
681 4
654 4
654 3
649 0
643 1
644 2
643 2
642 2
641 1
641 2
640 2
640 4
637 1
637 3
640 5
735 2
733 1
733 2
731 0
731 3
692 4
651 4
649 4
649 4
649 0
648 2
647 0
647 3
649 4
641 5
734 0
734 2
732 3
697 1
697 3
686 4
656 2
655 3
649 5
740 5
994 2
991 3
842 0
834 2
832 4
677 4
665 2
664 2
663 5
751 4
654 5
749 5
1002 2
999 4
662 0
653 2
653 4
648 5
733 2
731 3
696 3
690 2
689 2
688 3
683 5
878 4
662 1
662 3
661 2
659 2
658 5
745 2
743 4
651 0
645 4
644 2
644 0
644 0
644 1
644 2
644 4
642 4
642 0
642 3
650 1
650 5
828 4
655 4
655 2
654 1
654 2
653 3
652 0
646 5
837 4
654 2
653 2
652 4
652 4
652 2
651 2
650 0
646 2
645 3
649 5
822 0
822 1
822 1
822 5
1127 4
676 5
727 1
728 2
726 2
725 0
724 4
653 5
732 0
732 3
694 0
692 3
692 1
692 5
953 4
676 5
758 3
725 2
724 5
936 5
1317 2
1312 1
1312 0
1312 0
1312 0
1312 3
1086 4
697 1
697 3
673 4
665 3
668 2
667 2
666 3
664 2
663 2
662 0
650 0
650 0
650 0
650 1
650 4
648 3
653 2
652 5
741 5
997 1
997 5
1339 4
677 4
673 2
672 1
672 2
671 0
658 2
657 5
825 3
752 0
746 0
746 1
746 2
745 4
674 2
672 5
752 4
655 1
655 2
654 5
725 2
725 3
687 3
680 2
679 2
678 4
654 3
649 0
649 4
644 3
649 0
647 0
647 1
647 3
649 0
649 4
642 5
743 0
743 4
650 3
652 4
651 4
650 4
650 4
650 2
649 3
651 2
651 2
650 4
650 0
646 5
836 0
836 0
836 0
836 1
835 2
832 2
831 0
831 5
1142 3
905 5
1220 5
1698 0
1698 4
703 0
689 0
689 5
935 3
824 2
822 0
820 4
679 2
678 4
667 5
743 4
658 3
659 0
654 3
654 4
640 4
639 3
641 0
640 4
638 0
638 0
638 3
641 1
641 1
641 2
640 1
640 1
640 4
640 5
745 0
745 2
743 0
743 1
743 0
743 4
643 2
642 1
642 0
640 5
838 4
644 4
643 0
639 1
639 3
645 3
649 0
647 2
646 0
646 5
854 4
654 5
750 0
749 3
702 5
918 2
914 0
914 0
914 0
914 5
1284 0
1284 4
683 2
681 3
669 0
660 0
660 4
652 2
651 5
731 2
731 0
730 1
730 2
728 3
689 2
688 0
683 3
683 2
682 2
681 0
681 0
681 4
654 1
654 3
655 0
653 1
653 2
652 2
651 2
650 2
649 1
649 4
645 4
639 0
639 5
847 0
847 0
847 2
844 0
844 4
650 0
644 2
644 5
847 5
1153 4
672 5
734 2
733 4
659 4
657 4
657 0
652 1
652 3
651 3
653 3
655 0
652 2
651 1
651 5
845 1
844 2
842 2
840 1
840 2
839 3
754 2
752 3
733 2
732 5
989 2
986 0
986 2
983 2
980 3
880 2
877 0
877 4
685 2
683 4
663 1
663 2
661 1
661 2
660 1
660 2
659 0
658 2
657 2
656 2
655 4
648 3
649 4
647 4
647 1
647 1
647 3
647 3
647 1
647 0
646 4
643 3
647 3
643 2
643 2
643 2
643 4
643 4
643 2
643 2
643 4
643 5
742 0
742 2
742 0
742 4
652 4
649 0
645 4
643 4
642 1
642 3
642 2
642 4
642 1
642 3
647 2
645 1
645 2
644 2
643 2
642 2
642 2
642 5
732 3
690 3
681 4
652 2
651 5
750 5
1016 1
1016 3
865 2
861 2
859 4
681 4
671 3
661 3
657 4
656 2
655 1
655 2
654 5
733 5
966 4
662 2
660 1
660 3
661 0
653 2
652 4
644 2
644 3
650 3
650 3
644 3
649 1
649 1
649 5
733 1
733 2
731 3
691 4
658 4
655 2
655 2
654 2
653 4
653 4
653 5
729 3
696 2
694 2
692 2
691 1
691 3
686 5
878 4
662 0
654 2
653 0
653 5
864 2
862 1
862 1
862 1
862 3
767 4
671 4
665 2
664 4
664 0
656 3
656 0
656 0
656 4
643 5
747 2
745 2
743 4
658 1
658 1
658 0
648 2
648 2
647 3
648 1
648 1
648 1
648 3
652 2
650 0
649 0
649 1
649 5
872 1
872 0
872 0
872 3
771 4
677 0
671 1
671 4
650 5
762 4
663 1
663 1
663 2
661 5
731 2
729 0
728 2
726 3
699 4
659 3
651 4
649 1
649 4
649 2
648 3
650 4
650 5
729 4
656 3
659 2
658 3
658 0
651 4
648 1
648 4
647 4
647 0
646 5
840 4
659 0
647 2
646 4
644 0
644 3
650 5
829 4
656 3
657 3
658 0
648 5
836 4
656 1
656 5
735 4
649 0
643 0
643 4
642 2
642 5
728 2
726 0
726 4
650 2
650 4
650 1
650 1
650 0
645 4
645 5
723 2
723 4
650 4
650 2
650 4
650 3
657 2
656 0
651 2
650 5
825 1
825 2
822 2
820 5
1098 4
670 4
670 3
671 4
671 0
657 0
657 0
657 0
657 1
657 5
833 3
737 0
734 3
723 2
721 4
667 0
664 5
913 2
910 2
907 3
798 3
775 1
775 4
676 2
675 2
673 2
672 0
669 2
668 3
672 1
672 3
669 0
669 2
668 2
667 5
930 4
673 5
750 3
718 3
701 3
696 2
695 5
910 4
673 4
660 2
659 2
658 4
658 4
658 2
657 3
657 5
740 1
740 4
652 4
651 4
651 0
647 2
647 2
647 5
836 3
747 3
726 1
726 0
720 1
720 2
719 4
662 0
659 0
659 3
660 0
660 5
923 2
920 2
918 0
918 4
672 4
663 2
662 5
747 4
651 1
651 2
651 2
651 4
651 4
651 4
651 4
651 1
651 4
651 1
651 3
656 0
652 4
644 4
643 3
645 4
645 3
649 3
647 4
647 0
645 1
645 2
644 2
644 2
643 4
641 3
646 0
645 4
642 2
641 2
641 2
641 4
641 1
641 4
641 3
646 2
645 1
645 2
644 2
643 3
647 3
646 3
645 0
645 4
641 4
641 5
741 1
740 3
694 5
904 2
901 3
809 2
806 2
804 4
672 1
672 3
663 2
661 3
661 3
659 2
658 5
755 0
754 3
705 2
703 5
936 2
933 2
930 3
833 0
828 5
1281 1
1281 0
1281 4
693 2
692 4
673 3
666 4
663 2
662 5
727 0
725 3
690 3
684 3
681 4
647 0
645 3
651 4
645 5
750 2
748 4
652 4
652 3
654 3
655 0
649 1
649 3
650 4
643 0
643 0
643 2
642 1
642 5
843 2
841 2
839 2
836 4
649 5
733 4
647 4
646 0
642 5
835 4
651 1
651 3
657 3
655 3
654 3
659 3
657 0
647 5
842 3
756 0
750 2
749 0
749 0
749 4
670 5
772 4
652 3
652 1
652 3
653 4
652 4
652 4
652 4
652 3
650 1
650 5
742 3
701 4
656 2
655 5
744 4
650 4
649 4
649 5
731 3
696 2
695 0
692 4
656 0
653 2
652 4
644 3
647 2
646 2
645 4
644 3
646 4
646 4
646 3
644 0
643 0
643 2
643 4
640 3
642 4
642 0
642 4
640 1
640 4
640 3
645 5
739 2
737 2
735 3
698 3
692 4
649 2
647 0
645 2
644 4
641 5
750 3
709 4
656 0
655 4
647 2
646 3
648 2
646 4
645 4
645 5
746 4
646 1
646 3
647 0
643 4
639 3
645 4
645 4
645 2
644 0
643 1
643 3
644 2
643 4
639 3
640 0
640 4
636 3
641 1
641 3
642 0
641 2
640 1
640 5
843 3
752 5
1002 2
998 4
670 3
658 2
657 4
652 3
655 0
650 3
650 2
649 2
648 0
648 3
652 3
653 0
652 5
886 2
883 0
883 4
660 5
751 2
749 3
709 1
709 4
653 2
652 2
651 2
651 0
647 2
646 2
645 2
645 0
645 2
645 5
856 4
652 0
643 0
643 2
643 5
852 0
852 3
769 1
769 3
741 3
725 0
724 0
724 3
720 5
1072 4
686 4
670 0
660 3
662 0
662 3
663 5
911 3
808 2
806 1
806 0
801 0
801 5
1219 1
1217 5
1712 0
1712 4
726 2
723 4
701 4
701 0
683 4
666 3
664 0
658 2
657 3
663 2
662 5
859 1
859 0
859 3
779 2
777 2
775 1
775 0
770 2
768 4
680 2
679 2
678 1
678 2
677 5
764 4
659 2
658 4
654 2
653 5
738 4
654 4
654 5
729 4
654 0
650 2
650 4
650 2
650 3
657 4
656 1
656 2
654 0
654 0
654 1
654 3
656 4
650 5
743 3
704 0
700 1
700 2
699 3
695 4
657 4
651 4
651 0
651 3
654 0
654 3
654 2
653 3
654 3
654 2
653 3
654 4
651 3
649 2
648 5
762 3
712 2
711 3
705 3
698 4
654 2
653 2
651 5
761 2
759 4
654 0
649 2
649 0
649 2
649 3
652 3
653 0
653 0
653 3
655 2
654 4
647 5
758 2
756 4
648 2
647 4
646 3
651 5
759 3
708 4
660 0
654 2
653 2
653 4
647 5
752 2
750 3
707 5
941 4
675 2
674 3
672 2
671 2
670 3
666 2
665 2
664 1
664 0
656 2
655 1
656 3
661 5
867 4
661 4
657 5
728 2
727 3
697 4
657 3
653 4
652 3
656 4
656 2
655 3
651 2
650 0
648 4
646 0
646 0
646 0
646 3
652 4
649 3
651 5
745 1
745 2
743 2
741 1
741 4
652 0
647 1
647 4
646 3
651 5
738 1
738 2
736 2
734 0
734 2
732 2
730 -1
