5 3000
2588 2
2587 1
2587 5
2586 4
2567 1
2567 2
2564 5
2543 5
2440 1
2440 3
1833 1
1833 5
1704 0
1369 2
1366 3
1271 2
1267 1
1267 1
1267 0
1244 1
1244 2
1241 4
1097 4
1082 3
1192 4
1163 0
1060 2
1060 0
1060 0
1060 5
1124 3
1116 3
1059 3
1068 2
1063 4
1032 4
1024 4
1024 4
1024 4
1024 0
999 0
999 0
999 2
999 3
1099 5
1104 3
1062 3
1047 3
1040 1
1040 0
1033 2
1031 5
1136 3
1097 3
1070 3
1055 5
1177 0
1176 0
1176 0
1176 4
967 2
964 0
958 3
1036 0
1025 5
1156 3
1099 5
1260 1
1260 5
1461 3
1377 4
1001 2
997 3
1026 4
988 0
955 5
1030 0
1030 0
1030 2
1028 1
1028 2
1028 0
1028 1
1028 4
940 2
938 1
938 3
1087 0
1036 4
947 4
940 5
955 1
955 1
955 3
1074 1
1074 5
1062 5
1120 0
1117 4
970 3
1087 3
1046 3
1066 4
1028 4
1021 2
1014 2
1010 4
1008 5
981 5
1000 0
999 0
999 0
999 5
1055 1
1055 4
957 3
1204 5
1131 4
1071 0
1022 5
1066 0
1066 0
1066 5
1129 3
1123 4
1052 1
1052 3
1125 4
1096 5
1039 0
1011 4
978 0
970 3
1179 5
1121 5
1128 3
1073 0
1052 5
1140 3
1071 4
988 4
971 5
975 4
963 3
1129 5
1077 5
1103 3
1039 1
1039 5
1072 2
1069 4
970 3
1094 2
1089 1
1089 0
1016 0
1016 5
1105 2
1103 4
967 5
972 3
1074 5
1073 2
1072 0
1071 1
1071 2
1071 0
1071 1
1071 0
1071 0
1071 5
1158 1
1158 2
1159 0
1159 0
1159 3
1082 0
1068 3
1069 2
1066 5
1172 1
1172 5
1343 0
1343 0
1343 3
1250 5
1454 4
971 5
978 4
928 2
927 2
926 1
926 3
1065 1
1065 5
1046 5
1088 5
1168 3
1051 2
1050 5
1113 3
1047 5
1162 0
1162 3
1125 5
1327 5
1578 4
962 5
960 4
918 0
911 4
901 2
900 1
900 2
901 5
926 0
926 4
898 3
1039 0
1002 4
935 0
924 0
924 2
924 5
1001 5
1100 4
928 2
927 4
926 1
926 5
934 0
933 1
933 2
935 3
1070 0
1036 1
1036 0
1036 0
1036 1
1036 0
1036 3
1008 4
950 0
927 3
1019 0
996 1
996 1
996 2
996 1
996 3
1016 0
1005 0
1005 5
1139 4
943 5
969 4
912 5
941 5
1010 4
917 5
930 2
930 4
907 3
1079 5
1034 5
1070 3
996 0
992 4
941 3
1034 3
989 5
1000 1
1000 4
942 1
942 4
937 2
937 4
936 2
937 2
937 1
937 3
1089 5
1047 1
1047 0
1029 3
1037 0
1021 1
1021 0
1021 3
1008 1
1008 4
937 3
1041 2
1038 5
1008 0
997 2
995 0
995 4
922 3
1036 3
1019 0
975 0
974 5
1058 0
1058 0
1058 4
937 2
935 3
1055 4
1019 4
1014 4
1014 5
983 5
999 0
997 2
999 3
1068 2
1063 2
1060 4
1023 2
1020 2
1016 3
1143 2
1141 4
1119 5
1032 1
1032 1
1032 3
1130 5
1075 5
1067 1
1067 5
1098 3
1118 0
1065 4
978 3
1074 3
1030 1
1030 5
1019 3
1070 3
1023 4
980 2
978 2
975 4
970 4
970 5
971 4
955 0
940 1
940 0
940 0
940 2
940 4
931 3
1108 3
1052 3
1080 1
1080 0
1016 5
1061 2
1056 4
958 1
958 4
957 4
957 1
957 0
947 4
939 3
1154 5
1089 4
1030 5
994 2
995 5
1001 1
1001 0
999 5
1049 4
958 5
960 0
960 4
938 0
932 3
1115 3
1013 1
1013 5
1005 0
1001 3
1049 3
1016 5
1032 2
1030 1
1030 4
944 5
952 5
993 2
993 1
993 1
993 3
1044 4
990 3
1094 4
1063 1
1063 3
1171 3
1163 1
1163 1
1163 2
1155 2
1152 5
1094 2
1093 4
1051 3
1245 4
1206 1
1206 0
1091 5
1116 3
1158 4
1110 4
1103 0
1037 4
1014 5
1023 3
1203 0
1105 3
1109 4
1083 3
1148 4
1109 2
1101 5
1037 1
1037 1
1037 4
1028 0
988 4
975 5
981 4
969 4
969 1
969 2
976 3
1139 3
1162 0
1073 5
1109 4
994 0
971 1
971 5
1009 2
1018 5
1055 3
1107 1
1107 2
1105 4
1050 5
1013 3
1117 4
1083 0
988 2
992 4
956 0
949 3
1124 2
1121 5
1077 5
1110 0
1109 5
1181 5
1243 3
1129 4
993 3
1099 5
1050 1
1050 5
1057 0
1053 0
1053 1
1053 2
1056 1
1056 3
1063 0
1031 0
1031 0
1031 1
1031 3
1052 1
1052 3
1021 5
1071 4
958 5
970 0
970 4
938 3
1034 2
1031 4
994 5
982 5
1009 3
1070 5
1067 0
1061 0
1061 1
1061 5
1150 0
1150 0
1150 4
960 2
959 4
952 1
952 0
942 1
942 3
1055 5
1045 1
1045 0
1037 3
1001 4
953 3
1050 1
1050 2
1047 1
1047 5
1022 1
1022 0
1017 1
1017 5
1090 0
1090 2
1093 3
1037 4
960 2
956 3
1055 1
1055 1
1055 4
1013 4
1007 3
1080 3
1082 5
1003 5
1002 3
1083 1
1083 4
1043 2
1036 5
1000 2
998 3
1054 0
1017 1
1017 3
1059 0
1033 2
1027 4
966 5
970 0
966 2
966 2
965 2
967 5
1021 1
1021 3
1037 4
973 2
969 4
960 1
960 2
959 0
935 4
926 3
1063 3
1053 3
1024 2
1021 3
1062 5
1026 2
1020 3
1025 3
1025 4
989 3
1099 4
1073 3
1127 5
1061 2
1058 2
1057 0
1028 4
985 3
1125 0
1049 1
1049 2
1049 4
987 3
1100 1
1100 3
1096 0
1050 0
1050 2
1047 4
987 3
1143 1
1143 0
1060 0
1060 5
1105 0
1105 1
1105 0
1105 5
1155 4
982 4
982 5
976 5
989 4
964 5
973 0
973 5
1020 1
1020 0
1020 2
1028 5
1083 2
1083 3
1087 0
1055 3
1045 2
1042 2
1039 2
1037 5
1060 0
1059 5
1151 4
974 0
954 4
937 5
958 4
926 0
922 0
922 0
922 4
913 4
912 5
931 2
931 4
914 5
945 4
913 4
913 0
913 5
970 0
970 1
970 4
915 2
914 0
912 4
911 4
911 4
911 0
911 4
911 2
911 3
1055 5
1027 2
1028 2
1028 4
975 5
963 3
1043 2
1040 0
1000 5
1045 0
1045 4
940 4
937 2
937 0
925 0
925 0
925 0
925 0
925 1
925 0
925 4
917 4
917 2
919 1
919 2
923 2
923 2
928 2
928 4
926 1
926 2
926 4
926 5
933 3
1056 4
1011 3
1140 3
1094 4
1068 1
1068 3
1121 2
1117 4
1102 4
1100 3
1232 2
1227 5
1147 1
1147 3
1160 5
1085 1
1085 2
1086 5
1074 0
1068 2
1072 5
1104 0
1104 4
1012 0
996 4
991 3
1155 5
1106 1
1106 4
1067 5
1040 3
1188 2
1175 3
1097 1
1097 4
1081 2
1076 4
1076 4
1076 5
1041 4
1031 3
1152 2
1150 5
1110 1
1110 2
1108 4
1085 2
1085 5
1055 0
1043 3
1117 0
1084 1
1084 1
1084 4
1020 5
1008 4
1002 5
1007 2
1008 4
992 0
984 4
976 5
986 3
1069 4
1040 4
1037 0
986 0
985 2
988 3
1091 3
1102 4
1068 0
997 5
1032 3
1066 4
1021 2
1017 2
1015 2
1011 4
1004 2
1003 4
1002 0
973 5
1005 2
1010 4
952 4
951 0
944 5
982 0
982 3
1045 3
1024 4
994 5
971 0
964 2
970 2
971 1
971 2
974 3
1053 3
1062 4
1020 0
979 2
979 0
979 2
979 0
979 2
978 5
1022 5
1058 4
951 5
949 0
945 2
945 4
933 5
946 4
933 1
933 3
1053 0
1009 3
1033 4
987 4
983 0
958 5
988 2
992 4
943 4
942 3
1033 0
998 3
1040 2
1039 1
1039 5
1021 2
1021 4
971 0
951 4
943 3
1013 0
982 2
982 2
988 2
988 4
948 2
947 4
946 4
946 3
1039 5
1016 5
1036 0
1036 2
1036 4
951 0
942 5
971 5
1015 2
1018 5
1054 0
1054 4
950 1
950 4
948 0
943 1
943 2
943 1
943 2
943 4
939 0
939 1
939 4
936 0
936 5
966 0
966 2
972 4
937 3
1061 3
1044 1
1044 5
1022 4
984 4
981 1
981 4
981 1
981 1
981 4
981 5
973 3
1051 0
1016 0
1015 1
1015 0
1015 0
1015 3
1029 3
1006 4
977 3
1036 2
1032 2
1030 4
1016 4
1013 1
1013 5
979 5
986 0
985 1
985 2
989 2
989 5
1024 4
954 4
953 4
953 2
952 3
1021 4
1010 2
1008 2
1007 5
983 4
979 1
979 3
1061 5
1044 4
1008 0
985 0
985 5
1011 3
1054 4
1028 2
1025 4
1021 4
1020 1
1020 4
1020 0
979 5
1000 4
969 1
969 5
971 0
968 1
968 1
968 5
990 0
990 0
990 4
955 3
1043 2
1042 3
1032 4
1013 2
1007 2
1001 5
992 4
981 4
981 2
981 5
987 2
985 4
970 0
964 3
1060 4
1028 5
1006 3
1058 2
1057 4
1043 0
1000 5
1017 5
1032 3
1055 2
1053 0
1021 4
973 1
973 0
965 4
952 4
951 3
1058 2
1054 4
1028 2
1025 0
966 4
953 5
949 5
975 2
975 0
975 4
946 0
943 0
943 4
943 4
943 4
943 0
942 2
942 1
942 0
942 0
942 3
1031 4
1004 3
1040 0
1001 5
1018 4
960 5
956 4
951 0
943 4
937 4
937 0
937 0
937 2
937 3
1004 0
993 1
993 4
956 0
943 0
943 0
943 4
936 1
936 0
931 4
930 2
930 2
932 4
930 4
930 4
930 2
934 1
934 2
934 1
934 5
942 3
1005 4
982 2
980 0
959 4
941 5
947 0
946 4
934 2
937 0
935 3
1024 4
988 4
987 4
987 1
987 4
987 5
970 1
970 0
961 1
961 3
998 4
976 5
956 0
950 0
950 5
975 2
975 0
975 0
975 4
937 2
936 0
932 2
932 5
945 2
945 1
945 5
965 4
936 3
988 2
987 4
979 0
956 2
956 2
964 1
964 5
977 1
977 0
977 0
977 2
977 4
947 0
941 2
941 2
941 3
994 2
988 0
978 4
944 3
997 2
995 3
988 4
974 4
974 5
954 1
954 0
947 5
964 2
964 2
964 3
1010 4
977 1
977 3
1022 4
1012 5
973 4
966 1
966 2
965 4
965 3
1007 0
980 4
958 4
958 4
958 5
960 4
949 0
943 3
999 4
977 4
976 0
956 1
956 5
973 0
973 2
973 4
949 0
946 4
945 1
945 1
945 4
945 4
945 4
945 5
950 5
961 5
984 2
986 4
948 4
948 4
948 4
948 0
945 1
945 0
945 2
945 1
945 4
942 4
942 0
942 5
957 4
937 2
937 0
936 1
936 1
936 0
936 2
936 0
936 4
936 0
936 1
936 2
936 0
936 5
953 2
953 4
936 0
936 4
936 3
964 0
952 5
968 5
981 0
981 0
981 4
939 5
943 2
943 2
943 2
943 3
989 4
979 4
978 0
956 5
970 2
970 2
970 0
970 5
985 4
937 5
937 4
934 1
934 0
934 3
992 4
970 5
959 3
991 4
976 4
975 4
975 0
954 3
986 2
985 0
971 3
981 0
966 5
982 0
982 5
1006 3
986 2
985 2
983 5
989 3
986 0
971 4
932 3
971 2
970 0
945 0
945 0
945 5
985 2
985 3
983 2
981 4
932 4
923 2
923 5
922 4
913 4
910 4
910 3
942 2
940 4
933 0
915 2
915 5
942 4
900 4
899 1
899 2
901 4
899 5
905 2
905 4
894 0
893 1
893 3
943 0
934 5
959 2
959 4
905 2
904 3
939 3
956 3
957 4
941 2
939 4
939 0
919 4
903 3
937 4
925 3
955 4
946 5
921 5
929 0
928 5
956 1
956 4
916 4
915 2
915 0
909 4
908 3
933 4
925 4
924 2
924 5
917 4
909 4
908 4
908 4
908 5
909 0
907 1
907 5
918 0
918 5
936 2
936 0
936 5
948 2
948 0
948 3
947 2
946 2
945 2
944 0
935 1
935 5
954 4
912 1
912 4
906 2
906 0
904 4
901 4
901 2
901 0
901 0
901 5
918 3
955 0
938 2
939 5
959 3
956 4
924 3
941 4
929 0
908 1
908 3
930 4
913 2
911 4
909 0
901 1
901 5
922 4
900 5
905 5
913 0
913 5
925 5
950 1
950 5
959 4
903 4
902 1
902 2
902 4
902 3
925 5
920 5
933 0
933 4
905 4
905 3
941 4
931 1
931 3
950 1
950 0
928 3
949 2
948 5
949 0
946 3
948 5
951 4
923 0
916 2
918 0
918 2
920 5
937 4
907 0
903 4
897 3
935 4
924 2
923 2
922 0
904 4
901 3
923 2
922 1
922 3
933 2
930 4
922 4
920 5
913 2
913 0
913 4
902 0
901 5
917 5
930 0
930 4
902 5
906 0
906 2
906 0
906 5
923 4
901 0
901 4
899 4
899 4
899 2
899 2
899 1
899 4
899 4
899 5
904 0
904 2
904 5
918 4
899 4
899 2
903 4
900 4
900 5
907 5
911 5
916 0
916 4
900 4
900 0
898 2
898 3
920 4
905 4
904 4
904 0
897 4
892 3
906 4
902 0
896 0
896 3
906 2
905 5
916 4
901 5
898 0
897 3
914 5
917 5
925 3
931 0
925 3
938 2
936 0
931 2
931 5
949 4
908 3
922 4
912 3
923 0
906 3
926 5
932 5
947 3
940 4
905 3
917 2
915 5
915 5
923 0
922 4
896 2
895 0
894 4
891 5
895 4
887 0
887 1
887 1
887 5
899 3
915 3
923 4
912 3
929 0
912 0
911 0
911 4
893 0
890 1
890 2
890 0
890 2
890 0
890 5
908 3
917 1
917 4
898 1
898 5
900 3
914 5
920 1
920 4
891 4
890 4
890 3
902 1
902 3
895 4
893 4
893 5
889 4
887 2
887 4
887 4
887 2
887 4
887 0
882 3
895 3
901 0
897 4
884 0
882 4
881 5
885 3
895 5
899 4
886 0
881 0
881 5
888 0
888 2
888 4
883 4
883 0
880 0
880 3
888 3
892 2
892 5
897 4
883 4
883 5
883 4
882 2
882 2
882 0
878 2
878 0
878 2
878 4
878 4
878 4
878 3
896 4
893 0
886 0
886 1
886 1
886 4
879 5
882 5
892 0
892 2
892 5
905 0
905 4
881 5
882 0
882 5
890 3
895 0
894 5
901 2
901 2
901 2
901 4
883 4
879 4
879 4
879 0
878 3
882 5
894 4
883 5
881 0
881 5
885 4
878 0
877 0
877 2
877 2
877 2
877 4
876 4
876 0
876 3
880 0
880 2
880 4
879 4
879 4
879 4
879 4
879 3
883 3
887 3
889 4
888 4
888 0
883 5
890 2
890 2
890 4
881 5
880 3
892 1
892 5
896 3
897 0
894 4
884 4
881 2
881 0
881 4
881 0
881 3
887 0
884 0
884 3
892 3
892 1
892 4
881 5
883 4
881 4
881 2
881 0
881 4
879 4
879 4
879 3
881 3
885 5
884 4
881 5
880 3
883 1
883 3
884 4
879 2
879 1
879 0
876 0
876 0
876 0
876 0
876 4
875 4
875 4
875 5
877 3
884 5
887 5
890 4
876 3
881 5
884 4
875 0
874 3
877 4
876 0
874 0
874 2
874 3
878 4
872 0
871 3
878 2
877 5
879 0
879 4
871 2
871 0
871 5
881 4
872 0
872 0
872 2
872 5
872 1
872 4
871 5
874 3
876 3
876 2
875 0
875 3
880 4
878 2
877 1
877 4
877 2
877 5
875 4
872 4
872 2
872 3
874 0
873 4
871 3
878 5
876 5
879 4
875 2
874 2
874 5
875 2
875 3
880 3
884 1
884 5
882 0
882 5
888 0
888 0
888 5
893 0
893 3
890 4
878 4
873 4
873 4
873 3
878 5
877 0
877 3
875 0
875 3
887 0
879 3
895 0
891 3
890 1
890 0
887 5
901 2
901 4
880 1
880 3
880 0
877 1
877 3
879 3
878 1
878 0
878 4
874 4
871 4
871 3
875 5
872 0
872 4
870 3
874 5
872 0
872 5
873 2
873 1
873 1
873 2
873 2
873 4
869 4
869 3
871 5
872 0
872 3
873 4
871 3
873 3
876 4
876 3
877 5
879 5
881 0
881 3
874 4
871 2
870 5
872 0
872 2
872 5
873 1
873 2
873 4
870 0
870 4
870 5
870 4
869 1
869 3
875 3
876 5
877 4
873 4
873 4
873 0
872 1
872 0
872 3
875 2
875 0
874 0
874 1
874 4
869 0
869 1
869 4
869 5
871 3
872 1
872 5
874 3
874 4
869 5
869 2
869 4
868 5
868 2
868 4
868 3
872 2
872 1
872 0
871 2
871 3
872 3
874 4
871 4
870 4
870 0
869 3
873 3
870 4
869 0
869 0
869 4
869 4
869 5
870 4
869 1
869 2
869 4
869 3
870 0
870 3
869 2
869 1
869 0
869 3
872 2
872 0
872 1
872 1
872 4
870 2
870 5
872 5
872 3
871 5
871 3
873 0
873 0
873 0
873 5
873 3
875 4
872 1
872 5
871 4
869 4
869 4
869 3
869 0
869 3
873 2
873 2
873 4
871 0
869 1
869 2
869 0
869 1
869 2
869 1
869 5
870 4
869 3
876 3
872 0
870 4
870 5
872 5
874 1
874 3
871 3
876 4
873 4
873 5
869 2
869 0
869 0
869 3
872 2
872 5
874 0
874 2
874 0
874 2
874 4
870 5
870 3
870 0
870 2
870 5
871 1
871 5
872 4
869 2
871 2
871 5
871 3
871 2
871 3
872 2
872 3
871 4
871 0
871 5
873 0
873 1
873 4
871 4
871 4
871 2
871 3
871 3
873 3
871 0
870 2
870 0
870 3
877 1
877 1
877 5
874 5
874 5
876 1
876 0
876 3
876 3
882 0
878 4
873 5
873 0
873 3
878 3
875 4
873 2
872 5
872 4
872 4
872 0
872 4
871 0
871 2
871 4
871 3
877 5
874 1
874 1
874 0
874 2
874 5
874 2
874 5
874 0
874 2
874 4
871 3
871 4
871 4
871 5
872 5
875 5
876 1
876 4
872 5
871 2
871 4
871 2
871 3
874 1
874 4
873 0
871 5
871 5
873 1
873 3
872 3
875 4
873 0
871 0
871 4
870 3
872 5
872 4
870 3
878 5
875 4
870 1
870 5
870 4
870 2
870 2
870 5
870 0
870 5
870 4
870 0
870 3
870 0
870 3
870 2
870 3
873 4
871 3
875 2
875 3
877 4
876 0
874 0
874 0
874 0
874 4
868 1
868 3
870 0
868 3
870 3
871 0
871 4
869 1
869 0
868 2
868 4
868 3
872 4
870 4
869 3
876 4
876 1
876 3
872 3
872 4
870 4
870 4
870 5
870 0
870 5
870 0
870 4
870 3
876 1
876 2
876 3
872 5
870 0
870 2
870 0
870 5
870 2
870 0
870 5
873 1
873 2
873 3
871 4
868 0
868 0
868 2
868 1
868 5
868 4
868 5
868 0
868 5
868 0
868 4
868 1
868 5
868 3
870 3
869 4
868 2
868 3
874 3
875 3
871 0
870 4
869 4
869 0
869 2
869 0
869 4
868 2
868 4
868 4
868 4
868 0
868 5
869 2
869 0
869 5
869 3
873 0
873 3
879 4
876 2
875 4
875 5
874 5
874 2
874 2
874 5
874 2
874 4
873 4
873 1
873 4
872 1
872 0
869 4
869 5
869 0
869 0
869 0
869 5
870 5
870 4
870 2
870 3
872 5
872 1
872 2
872 0
872 4
871 5
871 4
871 5
871 2
871 5
871 1
871 0
871 1
871 0
871 4
871 4
871 2
871 3
871 3
876 5
874 1
874 3
876 5
880 4
871 1
871 0
871 3
873 4
871 5
870 0
870 0
870 3
875 3
871 3
874 0
874 0
874 1
874 0
874 1
874 1
874 4
870 0
870 4
870 5
870 4
870 5
870 5
871 2
871 5
872 3
872 4
870 3
870 0
870 2
870 0
870 4
870 3
873 0
871 0
871 3
878 4
878 1
878 3
877 5
874 3
872 5
872 3
874 0
873 2
873 4
871 3
873 1
873 3
889 0
877 4
868 2
868 3
871 0
871 1
871 4
868 5
868 4
868 3
868 1
868 1
868 3
868 1
868 0
868 0
868 1
868 4
868 4
868 0
868 5
868 5
868 5
868 0
868 0
868 3
874 0
873 4
868 2
868 1
868 4
868 1
868 0
868 0
868 0
868 1
868 2
868 3
868 0
868 0
868 3
877 3
873 2
873 5
873 3
881 1
881 2
881 5
878 1
878 2
878 1
878 2
878 5
878 5
881 4
870 0
870 4
869 4
869 5
869 4
869 3
871 1
871 4
871 2
871 0
870 5
877 4
871 4
871 5
869 5
874 5
874 4
870 4
870 4
870 0
869 4
869 1
869 3
869 5
869 5
871 1
871 0
871 1
871 4
869 4
869 1
869 5
869 0
869 1
869 2
869 0
869 3
869 1
869 3
869 4
869 4
869 5
869 4
869 4
869 3
872 3
870 4
870 5
870 2
870 0
870 2
870 5
870 4
870 3
869 1
869 3
871 0
871 4
868 1
868 4
868 2
868 5
868 3
868 2
868 3
868 5
871 5
871 3
871 2
871 1
871 2
871 0
871 0
871 5
875 4
867 3
871 3
871 0
871 3
875 2
874 0
874 3
882 4
876 4
873 3
872 3
875 4
875 1
875 5
868 5
870 2
870 5
870 0
870 0
870 2
870 2
870 4
866 0
866 0
866 0
866 0
866 4
866 0
866 5
866 3
866 2
866 5
866 5
866 3
866 2
865 4
864 3
866 4
866 5
865 0
865 0
865 0
865 3
866 5
867 3
867 5
867 4
863 5
863 3
863 0
863 4
863 5
863 5
863 0
863 4
863 2
863 5
863 0
863 0
863 1
863 5
863 1
863 0
863 2
863 0
863 1
863 4
863 3
863 2
863 3
870 4
864 5
861 0
861 5
861 3
866 4
862 3
863 5
861 3
861 4
861 2
861 1
861 3
865 0
863 2
863 1
863 4
862 2
862 1
862 4
861 3
863 0
863 5
863 4
863 2
863 3
863 1
863 4
863 3
869 3
865 4
865 5
863 2
863 2
863 1
863 2
863 1
863 0
863 2
863 0
863 3
866 5
866 5
869 3
869 4
864 1
864 4
864 0
863 3
863 3
865 4
863 2
863 0
862 4
862 5
862 4
862 0
862 4
862 4
862 3
868 1
868 0
864 3
868 5
868 0
868 2
868 3
867 0
866 4
863 0
863 3
864 3
864 3
866 4
862 5
862 5
862 2
862 2
862 5
862 5
865 4
861 1
861 5
863 1
863 0
863 3
866 3
862 3
865 5
868 3
867 0
866 1
866 5
866 0
866 4
863 5
862 0
862 5
862 3
864 0
864 1
864 4
862 4
860 0
860 3
865 0
864 0
864 1
864 5
866 0
866 3
864 0
864 0
864 0
864 2
864 0
864 4
862 0
862 3
866 1
866 5
866 2
866 0
866 3
867 4
863 3
863 4
861 5
861 4
860 3
862 5
861 1
861 3
861 4
860 4
860 3
864 4
862 0
861 3
861 4
860 5
863 4
860 0
860 3
860 5
860 5
861 4
860 4
860 4
860 4
860 0
860 4
860 1
860 5
860 4
860 0
860 2
860 0
860 0
860 3
860 5
860 3
860 5
860 5
862 4
860 0
860 4
860 4
860 5
860 4
860 5
860 4
860 4
860 4
860 4
860 4
860 1
860 0
860 4
860 5
861 3
861 0
861 3
863 0
863 3
865 3
863 4
861 0
861 4
860 5
861 1
861 4
860 0
860 2
860 3
860 3
860 3
860 2
860 1
860 3
863 3
862 2
862 3
860 5
860 5
860 3
861 3
864 4
863 4
863 3
876 1
876 3
865 4
865 3
864 0
860 3
860 5
863 0
863 4
860 5
860 3
863 0
863 5
863 4
860 4
860 5
860 3
861 4
861 4
861 5
861 0
861 3
867 5
869 4
862 4
862 4
862 1
862 2
862 3
863 4
863 0
862 3
862 1
862 0
862 1
862 1
862 5
863 3
865 3
865 3
864 0
864 3
866 0
866 0
866 4
863 4
862 2
862 3
866 3
868 3
862 2
862 0
862 2
862 5
863 5
863 4
862 4
862 3
862 1
862 5
862 4
862 5
862 2
862 5
862 1
862 0
862 3
863 4
861 4
861 0
861 5
862 2
862 3
862 5
866 5
866 3
867 4
863 4
863 0
862 5
862 4
862 0
862 3
862 3
862 2
862 0
862 0
862 5
863 5
863 3
869 3
864 1
864 3
869 4
864 3
863 0
862 3
864 0
863 1
863 4
862 0
862 1
862 0
862 4
862 1
862 3
866 4
864 3
867 4
867 3
872 3
876 4
874 4
874 4
874 2
874 4
874 3
874 0
867 4
864 0
864 4
863 5
863 3
867 3
866 1
866 5
866 3
871 0
868 4
865 3
869 5
868 1
868 3
871 0
870 0
870 3
873 2
872 4
866 3
867 5
864 4
862 5
861 5
862 1
862 3
874 4
869 4
869 0
864 5
864 4
862 4
861 0
861 0
861 3
861 5
861 3
861 0
861 3
861 4
861 4
861 3
861 4
861 5
861 4
861 4
861 1
861 4
861 4
861 3
867 0
865 3
869 4
865 1
865 4
864 3
862 4
862 1
862 3
864 0
862 3
865 3
863 1
863 3
864 1
864 3
866 4
863 0
861 0
861 4
861 3
869 4
867 0
861 0
861 4
861 2
861 0
861 5
861 0
861 1
861 5
861 0
861 0
861 1
861 4
861 5
861 0
861 1
861 4
861 0
861 5
861 4
861 1
861 1
861 0
861 4
861 5
867 5
870 4
863 5
861 0
861 4
861 2
861 0
861 0
861 2
861 4
861 3
861 4
861 1
861 4
861 4
861 3
865 0
863 0
863 3
866 3
866 5
866 1
866 4
861 0
861 4
861 0
861 3
868 4
866 3
866 1
866 0
861 5
861 3
864 0
864 0
864 4
861 0
861 0
861 3
869 2
869 4
866 1
866 0
862 5
862 1
862 5
862 0
862 5
864 0
864 0
864 4
861 5
864 4
861 3
863 5
864 3
867 4
863 3
870 2
870 3
871 2
871 4
871 4
871 5
864 4
864 2
864 5
864 2
864 5
864 4
862 5
862 1
862 4
862 2
862 4
862 3
871 4
870 0
863 2
863 4
862 4
862 3
862 0
861 4
861 2
861 1
861 3
869 0
864 4
862 5
861 3
861 0
861 3
864 0
864 0
864 5
865 2
865 0
865 2
865 3
868 0
868 1
868 4
864 3
867 0
865 5
865 5
865 2
865 4
864 5
863 5
864 0
863 4
862 4
861 5
861 5
861 0
861 5
861 1
861 0
861 0
861 3
868 2
868 1
868 3
869 4
867 4
867 4
867 5
864 0
864 4
862 3
863 1
863 3
863 4
863 0
862 2
862 0
862 4
862 3
860 0
860 1
860 1
860 4
859 5
860 4
859 0
859 2
859 4
859 3
860 3
860 2
860 0
859 3
862 -1
2588 5
2588 1
2588 0
1882 0
1874 5
2017 5
2181 1
2181 4
1147 3
1116 1
1116 3
1108 0
1063 3
1070 2
1068 3
1038 4
991 4
982 0
954 1
954 5
1014 2
1016 0
1016 0
1016 2
1016 1
1016 5
1094 2
1097 0
1097 5
1189 3
1121 4
993 0
965 0
964 0
964 1
964 5
1048 2
1047 0
1047 2
1048 0
1048 5
1140 3
1110 3
1056 4
974 4
970 4
970 5
963 1
963 2
964 1
964 3
1054 5
1062 5
1130 0
1127 5
1231 4
973 0
958 4
944 4
943 1
943 3
1055 1
1055 2
1053 5
1037 5
1076 3
1045 2
1042 2
1040 5
1078 4
950 3
1072 4
1046 1
1046 2
1041 4
1039 1
1039 2
1031 4
1030 2
1026 1
1026 3
1131 1
1131 2
1128 0
1061 0
1061 5
1122 4
990 0
967 4
957 5
977 2
978 5
1022 1
1022 3
1068 2
1065 5
1053 2
1050 1
1050 2
1049 1
1049 2
1049 4
981 2
979 4
974 3
1133 3
1076 2
1074 4
1048 3
1175 2
1165 3
1186 4
1165 5
1099 2
1086 3
1221 0
1118 4
1032 0
1011 3
1134 5
1091 5
1101 3
1081 3
1028 5
1027 4
972 5
973 1
973 4
946 0
940 1
940 0
940 5
1009 0
1009 5
1093 5
1191 5
1291 4
957 5
958 3
1074 0
1039 4
946 0
934 3
1078 3
1004 5
1018 1
1018 0
1016 0
1016 5
1100 0
1100 0
1100 4
949 3
1108 0
1028 3
1013 0
996 0
996 5
1100 2
1100 3
1075 1
1075 2
1070 3
1023 3
1029 0
1021 2
1020 4
932 5
957 5
1036 3
1049 0
1029 2
1028 3
1033 0
1031 4
933 5
965 3
998 3
973 4
923 2
920 5
939 4
904 0
900 5
985 2
986 4
908 3
1039 5
1016 5
1067 3
997 1
997 1
997 1
997 4
938 5
944 2
943 2
942 2
942 5
991 0
991 5
1078 2
1078 4
929 3
1059 5
1021 4
973 4
968 4
968 5
959 0
953 0
953 2
954 3
1088 4
1022 2
1019 2
1016 4
1012 3
1136 0
1048 5
1094 0
1094 0
1094 2
1090 0
1090 0
1090 3
1073 0
1034 2
1032 4
955 2
953 1
953 3
1067 5
1035 4
985 0
939 5
1011 1
1011 3
1038 0
1015 4
928 0
922 0
922 5
1022 4
915 5
943 4
903 4
902 5
929 0
929 0
929 5
1010 0
1010 3
1041 1
1041 3
981 3
1002 2
998 4
941 5
948 3
1035 0
993 3
992 3
978 5
1038 3
1018 0
1014 2
1011 4
922 3
995 5
994 1
994 3
995 4
935 4
929 5
937 4
919 0
908 5
982 2
984 0
984 4
905 1
905 5
923 3
1036 0
999 5
1088 3
1029 1
1029 2
1027 1
1027 3
1004 2
1002 4
924 0
918 5
1009 0
1009 5
1117 0
1117 5
1248 0
1248 4
924 2
921 2
920 5
923 1
923 4
902 1
902 3
1058 4
1032 2
1029 1
1029 3
1104 0
1021 0
1021 5
1094 3
1053 4
989 0
964 5
1031 3
1029 0
1012 3
1016 0
1003 3
1015 2
1012 0
1008 5
1163 4
939 1
939 5
962 0
959 3
998 2
996 1
996 5
1065 2
1061 4
922 2
920 1
920 5
941 4
903 1
903 2
901 0
898 3
1006 3
964 0
954 0
954 1
954 5
1060 0
1060 3
1033 0
1028 5
1189 2
1186 0
1186 5
1361 3
1275 1
1275 5
1508 4
961 5
957 3
997 1
997 2
994 3
977 4
936 4
927 4
927 4
927 1
927 3
1039 1
1039 5
1013 0
1004 0
1004 5
1102 2
1103 0
1103 5
1191 2
1190 0
1190 2
1191 4
948 4
944 3
1047 3
1004 0
970 4
926 5
944 3
1044 0
1005 3
1003 0
993 4
925 3
1001 4
963 5
951 3
1030 0
987 5
1065 4
935 2
934 0
923 1
923 3
1037 3
981 3
995 1
995 5
1002 0
1002 5
1101 1
1101 5
1199 5
1305 2
1303 5
1425 4
973 5
955 0
950 5
1032 0
1032 4
925 2
922 4
917 3
1082 2
1074 5
1041 2
1037 2
1036 0
1024 1
1024 4
952 4
949 1
949 2
945 3
1111 5
1051 1
1051 0
1021 5
1077 0
1077 2
1082 4
944 4
944 2
940 4
940 5
937 2
937 2
939 0
938 4
916 2
919 0
914 0
914 1
914 1
914 4
908 3
1104 1
1104 2
1100 2
1098 3
1035 1
1035 4
1007 5
955 5
974 3
1052 4
1030 2
1029 3
1132 0
1020 3
1040 2
1034 5
1038 2
1036 0
1021 2
1019 5
1099 1
1099 3
1078 1
1078 5
1123 2
1121 3
1078 1
1078 0
1069 5
1200 3
1158 5
1311 1
1311 0
1311 5
1513 3
1435 3
1386 4
998 4
972 4
972 1
972 3
1025 2
1021 3
1015 5
1024 3
1017 2
1013 2
1010 2
1008 3
1000 2
996 4
935 2
934 4
929 1
929 1
929 5
943 0
943 3
1023 3
978 4
925 1
925 5
925 0
925 0
925 0
925 4
900 5
926 4
897 5
916 2
917 0
916 2
917 5
1003 4
901 3
1065 2
1057 4
1016 2
1012 4
1006 5
964 4
953 3
1125 3
1056 4
1035 0
992 5
1036 5
1085 5
1148 2
1149 5
1211 4
977 5
971 5
996 5
1034 4
952 4
952 5
958 2
961 4
948 5
962 2
965 1
965 3
1121 0
1081 1
1081 4
996 4
992 1
992 5
983 1
983 4
968 4
968 5
970 5
989 0
988 0
988 2
988 2
997 1
997 1
997 1
997 4
948 4
947 0
942 2
948 0
948 4
945 3
1141 1
1141 1
1141 2
1133 5
1111 5
1113 5
1140 4
991 3
1143 3
1106 2
1087 0
1050 5
1079 5
1129 1
1129 4
975 4
972 5
961 3
1119 3
1057 3
1118 3
1091 3
1095 4
1066 2
1060 2
1053 0
1008 4
978 4
977 2
977 4
977 5
977 0
975 1
975 3
1133 2
1131 0
1069 0
1068 2
1068 2
1072 0
1072 0
1072 5
1111 4
974 4
973 0
966 2
969 5
1001 0
1001 3
1066 2
1065 2
1060 1
1060 0
1016 4
964 4
961 5
958 0
957 1
957 4
938 3
1083 1
1083 0
1026 3
1054 2
1052 1
1052 5
1052 2
1052 0
1046 1
1046 0
1046 1
1046 0
1046 0
1046 3
1051 3
1020 5
1056 4
953 2
951 4
941 0
929 2
930 4
926 1
926 0
922 1
922 2
924 2
926 1
926 3
1042 0
1017 2
1015 5
1078 2
1076 4
947 5
944 2
944 4
923 4
922 5
934 4
913 0
909 2
913 5
966 5
1029 1
1029 0
1029 2
1029 2
1029 1
1029 4
911 4
911 0
907 3
1060 0
1026 2
1027 1
1027 2
1028 4
934 3
1036 0
995 5
1058 0
1058 3
1033 1
1033 3
1000 3
1002 4
960 2
957 5
951 4
925 5
947 2
947 5
973 3
1034 1
1034 3
992 5
999 1
999 0
995 4
922 4
915 4
915 1
915 2
915 5
923 2
924 2
927 3
1009 4
964 2
962 0
928 2
927 0
926 0
926 4
906 4
906 3
1061 0
1003 4
932 0
919 4
907 2
908 3
1024 4
990 0
933 0
933 4
918 0
916 4
912 3
1041 2
1040 2
1039 2
1039 5
1024 0
1022 1
1022 4
961 4
960 1
960 5
957 3
1042 4
1017 3
1096 2
1090 1
1090 4
1069 3
1142 3
1158 1
1158 4
1131 5
1088 5
1063 0
1048 0
1048 1
1048 2
1049 2
1050 1
1050 3
1106 1
1106 2
1103 4
1073 4
1071 5
1030 2
1031 4
1020 0
998 0
998 3
1109 4
1084 3
1149 4
1135 0
1034 3
1094 4
1054 0
1004 3
1073 3
1049 0
1008 4
952 0
940 4
932 1
932 4
930 1
930 0
926 3
1048 1
1048 4
1007 3
1035 5
1007 1
1007 1
1007 3
1047 0
1000 0
1000 4
960 1
960 5
962 4
943 4
940 0
933 4
925 0
919 5
955 2
955 2
961 5
1015 0
1015 2
1015 1
1015 4
923 2
925 4
921 4
921 2
922 0
916 0
916 2
916 0
916 3
1021 4
988 0
939 1
939 0
939 2
942 1
942 0
942 4
923 0
919 2
919 5
949 3
1008 3
1014 3
1008 4
979 4
971 2
971 0
947 0
947 5
981 2
981 3
1012 0
980 0
980 2
980 4
924 4
920 4
919 2
919 5
935 4
913 3
1013 1
1013 5
998 3
986 1
986 0
963 2
960 3
990 0
972 4
923 4
917 2
915 0
906 0
906 0
906 3
994 0
973 0
973 5
1024 2
1024 3
995 0
989 1
989 5
1069 4
937 0
930 2
928 4
912 3
973 3
976 1
976 1
976 2
970 2
968 5
964 4
911 5
924 1
924 1
924 5
965 4
914 4
908 2
908 4
908 1
908 0
903 4
901 0
901 4
900 1
900 0
900 2
903 4
901 0
901 4
900 3
980 4
962 5
946 3
1013 4
983 5
956 4
944 3
1026 2
1025 4
1000 4
998 0
952 2
952 2
954 2
958 0
958 0
958 2
958 5
988 4
939 2
939 5
945 3
1000 3
1009 5
998 2
996 4
955 2
954 3
1025 5
993 2
995 5
1010 5
1036 3
1047 2
1044 0
1008 2
1007 0
1007 2
1007 4
944 3
985 2
982 4
967 2
965 4
962 0
938 2
938 2
938 4
925 2
927 5
930 0
930 4
915 4
915 5
924 3
995 1
995 4
979 0
943 4
922 4
922 4
922 2
924 0
918 0
918 0
918 3
994 1
994 2
993 5
990 4
943 4
938 2
940 3
1009 3
1022 5
996 0
989 5
1025 3
1038 5
1037 0
1030 4
960 2
959 2
958 1
958 0
954 4
937 1
937 5
945 2
946 0
946 4
931 0
927 2
929 4
923 4
920 4
920 3
1003 3
1000 4
974 2
971 2
967 0
940 4
924 4
924 0
916 4
916 0
916 4
916 0
915 1
915 2
917 1
917 0
917 1
917 4
914 0
914 4
914 2
914 2
914 4
914 4
914 0
914 3
981 4
959 3
996 3
1015 0
972 5
1009 5
1036 5
1063 5
1100 5
1133 4
951 0
934 5
962 0
962 4
925 5
933 3
992 4
969 1
969 2
968 2
967 4
967 4
967 5
938 4
935 0
925 3
981 4
947 1
947 3
1007 3
995 2
993 4
986 0
951 3
994 0
975 1
975 0
975 2
975 2
975 1
975 3
994 4
961 5
944 2
943 4
934 2
933 0
927 5
954 0
954 3
975 3
967 4
944 3
991 2
987 3
969 4
951 1
951 2
950 0
931 3
1004 2
1002 2
1001 5
993 2
993 2
994 1
994 5
1014 0
1013 4
938 4
936 4
936 2
932 1
932 1
932 2
933 1
933 4
932 2
933 0
922 4
914 5
921 0
921 4
912 4
912 4
912 3
974 5
959 5
971 1
971 4
923 2
923 3
991 0
964 3
968 2
966 2
965 4
942 4
940 3
991 1
991 2
990 0
955 2
955 0
955 4
923 4
923 0
917 2
917 5
940 3
949 4
930 1
930 0
921 3
974 5
975 4
922 2
922 3
966 3
980 3
981 0
949 4
931 0
924 5
948 1
948 2
948 4
919 3
957 0
936 4
921 0
918 3
977 3
955 4
938 4
936 4
936 0
917 5
944 4
910 2
910 2
910 0
908 3
946 3
955 5
953 3
972 3
952 0
938 3
969 3
977 4
946 0
926 2
926 4
913 0
908 4
905 2
904 0
904 0
904 4
903 4
901 4
900 0
898 3
939 2
938 3
951 3
937 3
958 0
942 3
961 4
923 4
916 2
915 5
911 0
908 0
908 4
892 3
936 4
928 3
953 2
952 0
927 4
906 3
935 5
920 0
915 2
915 4
895 1
895 5
899 0
899 5
921 0
921 3
944 0
937 5
965 5
1003 0
1003 4
912 0
904 2
904 4
894 2
893 1
893 4
891 3
951 4
934 2
933 0
901 0
901 2
901 3
940 5
953 4
905 4
901 2
901 4
901 0
897 4
895 0
894 1
894 3
924 2
923 1
923 1
923 0
916 2
916 4
893 0
891 1
891 2
891 3
932 5
941 5
964 2
964 0
964 2
964 3
946 4
908 2
906 0
897 2
897 4
892 1
892 1
892 2
891 0
890 4
890 2
889 0
887 3
916 3
926 4
909 2
908 4
906 0
894 4
890 0
889 0
889 4
888 4
888 3
922 0
915 5
936 0
936 4
904 2
903 5
906 3
921 4
908 1
908 0
896 0
896 4
891 0
890 0
890 3
911 4
898 1
898 1
898 3
937 5
922 0
917 4
891 4
891 1
891 5
894 0
894 3
926 2
923 4
902 4
902 1
902 5
895 0
894 0
894 0
894 1
894 2
894 0
894 2
894 2
894 0
894 2
894 4
887 1
887 1
887 4
887 5
891 2
891 3
922 2
921 5
918 0
916 3
936 2
934 1
934 1
934 4
902 3
917 5
913 0
909 1
909 0
909 4
898 4
894 2
894 2
894 0
891 4
889 2
889 4
889 2
889 4
889 3
912 4
909 3
927 0
912 4
899 0
898 3
921 0
915 2
916 3
930 0
925 3
940 5
946 0
945 2
944 1
944 3
953 5
956 5
984 4
918 2
917 3
945 2
944 5
933 4
906 5
912 0
910 0
910 4
894 0
894 4
891 0
891 2
891 0
891 4
890 0
890 3
909 4
896 3
920 5
915 1
915 3
908 1
908 4
901 0
890 0
890 0
890 3
911 5
924 4
892 2
891 2
889 2
888 3
903 0
897 4
883 4
882 5
885 5
898 0
898 2
900 4
881 4
880 5
885 5
898 3
903 0
903 4
887 0
886 2
886 5
908 4
883 0
883 0
883 4
881 4
880 4
880 1
880 0
879 4
878 4
878 0
878 3
898 2
897 3
895 1
895 5
899 3
903 4
885 2
884 3
898 0
893 2
893 1
893 2
893 4
882 2
881 3
887 3
895 4
888 2
888 1
888 0
882 4
877 2
877 4
877 3
888 0
883 0
883 0
883 2
883 2
883 2
883 4
878 4
878 4
878 2
878 0
877 2
877 4
877 4
877 0
877 5
886 1
886 4
877 5
879 0
879 4
877 4
877 0
877 2
877 2
877 0
877 4
876 2
876 4
876 5
880 0
880 4
876 1
876 4
876 0
876 4
876 4
876 5
880 2
880 5
887 5
897 2
897 3
894 4
882 0
880 4
876 1
876 0
875 4
875 0
875 0
875 0
875 3
888 1
888 0
888 4
877 3
886 4
885 4
885 1
885 0
879 5
892 4
875 2
875 0
873 0
873 1
873 4
872 0
872 5
878 2
878 0
878 2
878 2
878 5
884 5
891 2
891 5
901 4
876 5
878 3
894 1
894 0
888 2
888 4
877 2
877 5
876 4
874 3
879 1
879 2
879 5
879 4
875 3
882 5
880 5
885 4
870 0
869 0
869 0
869 5
876 4
869 4
869 4
869 0
869 0
869 3
884 2
884 3
879 1
879 4
873 4
873 5
873 0
873 0
873 0
873 4
870 4
870 3
879 3
879 2
878 5
880 3
884 2
882 5
885 0
885 3
888 2
887 5
890 4
875 4
873 0
873 0
873 5
875 5
881 0
881 4
873 4
873 3
880 4
877 0
874 4
872 0
871 1
871 4
870 0
870 4
870 5
872 4
870 2
870 4
870 5
878 3
894 0
884 0
884 5
891 4
875 4
873 3
885 5
881 5
882 4
877 3
887 5
885 4
877 2
877 2
877 0
871 0
871 2
871 2
871 0
871 1
871 4
870 0
870 4
870 0
870 3
879 4
872 4
871 4
871 4
871 2
873 2
873 0
871 2
871 0
871 3
878 1
878 5
880 0
880 4
874 5
877 0
877 4
875 4
873 2
873 0
872 2
872 5
875 2
875 4
872 4
872 5
874 0
874 1
874 4
872 4
872 5
874 5
877 4
873 3
878 4
878 2
877 0
874 3
876 1
876 4
871 4
871 4
871 3
872 4
872 0
870 3
878 4
871 4
871 3
873 0
870 1
870 1
870 2
870 0
870 3
873 1
873 3
877 2
877 4
873 1
873 0
871 4
869 5
870 5
873 1
873 2
873 1
873 0
873 0
873 5
876 0
876 5
879 0
879 4
869 5
872 4
869 4
869 4
869 1
869 0
869 4
869 4
869 2
869 2
869 2
869 5
870 0
870 3
871 0
871 2
871 3
873 2
873 2
873 3
877 4
871 0
870 3
876 5
874 3
880 2
879 5
880 1
880 3
882 2
881 3
882 0
880 1
880 0
880 5
883 5
884 4
875 3
872 1
872 0
872 3
875 4
870 5
872 5
873 0
873 4
870 2
870 5
870 4
870 4
870 1
870 2
870 5
871 3
871 4
870 4
870 2
870 4
870 4
870 3
870 3
872 0
872 0
872 0
872 0
872 3
873 3
874 5
877 3
875 0
875 0
875 0
875 5
876 3
879 5
878 0
878 3
885 5
887 2
886 4
880 5
880 2
879 4
876 1
876 5
875 1
875 3
875 0
875 5
878 0
878 0
878 0
878 4
874 0
874 3
877 1
877 2
877 4
874 4
874 0
874 5
875 2
875 3
878 5
879 3
882 3
881 0
880 0
880 2
880 2
880 5
882 2
882 4
877 5
876 3
877 4
875 5
875 3
877 4
873 3
874 3
873 4
872 5
871 5
873 0
873 1
873 4
870 2
870 2
870 4
870 5
870 0
870 1
870 4
870 4
870 1
870 0
870 3
872 1
872 1
872 4
870 0
870 4
870 4
870 2
870 3
870 4
870 0
870 0
870 4
870 1
870 3
873 4
873 3
870 5
870 2
870 3
869 4
869 3
870 3
872 3
869 5
868 0
868 1
868 5
869 2
869 5
869 5
873 3
878 3
876 0
876 0
876 3
875 0
875 0
875 2
875 5
876 4
873 5
873 4
868 3
872 4
870 5
868 4
868 5
870 1
870 0
870 0
870 1
870 2
870 0
870 5
879 1
879 4
868 0
868 3
868 0
868 4
868 4
868 1
868 4
868 4
868 4
868 1
868 0
868 4
868 3
868 4
868 2
868 3
878 3
869 3
875 4
872 3
873 4
873 5
871 1
871 0
869 3
872 0
871 5
876 4
869 0
868 2
868 3
872 1
872 0
869 5
871 0
871 1
871 1
871 4
867 5
867 5
868 2
868 1
868 0
868 0
868 3
872 3
871 2
870 2
869 1
869 5
872 4
868 1
868 5
867 0
867 5
867 4
867 3
867 0
867 3
870 3
884 3
869 4
866 5
866 3
867 4
866 5
866 0
866 4
866 1
866 0
866 2
866 5
869 2
869 0
869 4
866 0
866 1
866 3
871 0
869 5
869 4
866 0
866 5
873 0
873 4
867 3
869 4
869 0
868 4
867 0
867 0
867 2
867 0
867 5
868 5
868 3
868 4
867 2
867 4
867 4
867 0
867 3
869 0
869 4
867 3
871 3
870 5
870 3
872 4
868 3
870 2
870 4
869 3
868 5
868 3
873 3
884 0
877 2
877 4
867 3
867 5
866 0
866 1
866 4
866 4
866 5
867 1
867 3
870 2
869 2
869 4
868 3
871 0
868 3
871 3
869 2
869 1
869 2
869 3
877 1
877 0
874 5
875 0
875 0
875 4
867 4
866 2
866 2
866 5
868 4
866 4
866 5
866 0
866 4
866 2
866 0
866 5
866 3
866 5
866 1
866 0
866 1
866 5
870 1
870 2
870 3
869 3
871 4
869 0
868 0
868 0
868 2
868 4
868 2
867 0
867 4
867 1
867 2
867 4
867 0
867 3
867 5
869 5
869 5
869 3
870 1
870 0
870 4
867 4
866 4
866 1
866 3
869 4
869 1
869 5
866 3
877 0
873 0
873 3
872 4
868 4
866 3
872 0
867 4
864 1
864 3
866 1
866 4
864 5
868 2
868 4
865 0
864 3
867 1
867 1
867 0
866 4
866 2
866 4
866 2
866 1
866 3
869 0
868 0
868 4
865 0
865 3
865 4
864 5
864 5
864 0
864 5
864 0
864 3
870 5
868 3
866 5
866 0
866 2
866 3
869 3
867 0
867 1
867 1
867 1
867 1
867 4
864 5
864 4
864 4
864 4
864 0
864 2
864 3
868 1
868 5
873 4
866 0
865 3
868 0
867 4
864 2
864 5
864 2
864 2
864 4
864 3
868 3
869 5
865 2
865 5
865 2
865 0
865 4
864 5
864 2
864 5
864 3
864 0
864 4
864 0
864 4
864 0
864 5
864 4
864 3
864 4
864 1
864 1
864 1
864 3
865 2
864 1
864 3
864 0
863 4
862 3
864 1
864 5
865 1
865 4
864 3
867 4
865 3
865 1
865 1
865 0
862 4
862 3
864 5
864 4
862 3
865 0
864 0
864 0
864 1
864 2
864 3
867 5
868 3
864 0
864 0
864 5
864 3
865 5
865 5
865 4
864 4
863 0
863 5
863 0
863 2
863 0
863 0
863 3
865 2
865 3
863 3
868 4
865 4
864 0
864 0
864 4
864 2
864 1
864 3
864 4
864 0
864 3
869 0
866 2
866 5
867 4
863 5
861 0
861 5
861 3
863 3
861 3
861 3
865 0
864 0
864 3
863 4
861 5
861 4
861 0
861 3
862 3
862 3
862 3
862 0
862 5
862 4
861 3
863 3
863 0
863 3
868 4
864 5
862 0
862 1
862 4
861 2
861 5
862 5
862 5
862 5
862 2
862 0
862 1
862 1
862 2
862 2
862 0
862 2
862 4
861 0
861 4
861 4
861 1
861 5
863 4
861 3
861 4
861 3
865 5
864 3
870 4
867 1
867 2
867 3
867 5
864 4
864 5
864 1
864 2
864 3
866 2
866 5
863 3
862 5
863 4
861 4
861 4
861 4
861 0
861 1
861 3
863 5
863 3
863 2
863 5
863 3
863 4
862 5
866 5
866 1
866 3
867 3
863 3
865 2
865 4
864 3
867 5
864 3
863 0
863 0
863 2
863 2
863 4
861 4
861 4
861 4
861 3
863 4
863 2
863 4
863 4
863 3
865 0
864 4
862 0
862 5
865 0
865 1
865 0
865 1
865 4
863 0
863 3
868 0
867 0
867 5
870 5
871 2
871 5
871 4
862 4
861 3
866 4
865 3
866 0
862 5
862 0
862 4
860 0
860 4
860 4
860 4
860 4
860 4
860 3
863 0
862 2
864 5
869 1
869 2
869 5
869 5
870 5
871 1
871 3
868 2
867 5
870 0
870 1
870 4
864 3
872 0
866 0
866 5
866 4
861 1
861 4
861 5
859 1
859 0
859 3
865 0
865 4
860 1
860 1
860 3
860 2
860 1
860 0
859 4
859 2
859 1
859 4
859 5
859 5
860 5
863 0
863 0
863 3
862 0
861 5
862 0
862 3
862 2
861 3
863 1
863 2
863 4
862 3
861 5
860 4
860 5
859 1
859 5
859 3
859 3
866 5
866 3
865 2
864 2
863 3
862 5
862 4
860 5
860 5
861 2
861 2
861 0
861 0
861 5
861 3
864 4
862 3
863 4
862 2
862 5
862 5
862 0
862 0
862 2
862 3
860 4
860 2
859 4
859 0
859 4
859 0
859 4
859 4
859 4
859 3
859 0
859 1
859 1
859 3
859 5
859 3
865 4
862 3
869 4
868 5
865 2
865 4
861 2
861 3
861 2
861 4
861 4
861 0
861 5
861 0
861 4
861 5
861 5
861 3
868 4
865 0
862 5
862 4
861 3
865 1
865 3
865 0
864 0
864 4
863 4
863 4
863 2
863 5
863 3
864 4
863 1
863 5
862 2
862 3
864 4
863 0
862 0
862 0
862 0
862 5
863 1
863 0
863 3
865 4
863 3
863 5
864 1
864 3
868 1
868 0
867 5
867 3
869 0
869 1
869 0
869 4
867 4
862 3
863 0
862 2
862 0
862 0
862 5
862 3
862 3
868 0
863 5
872 1
872 0
872 4
863 3
865 2
865 5
864 3
864 4
861 4
861 5
860 0
860 5
862 5
865 2
865 1
865 5
866 0
866 0
866 3
865 2
864 0
864 0
864 0
864 3
866 5
865 3
869 5
868 3
870 5
874 1
874 0
874 2
874 3
872 0
872 5
874 4
866 5
867 1
867 5
867 3
868 4
862 1
862 5
863 4
860 0
860 3
866 3
860 5
860 3
862 0
862 4
861 0
860 4
860 0
860 1
860 0
860 4
860 5
860 3
867 5
864 2
864 1
864 5
865 5
865 4
860 3
860 5
860 0
860 2
860 0
860 5
860 3
863 5
864 4
861 0
861 3
862 5
863 4
861 3
867 2
867 3
864 0
864 0
864 3
863 2
863 3
866 4
864 3
866 0
861 2
861 0
861 4
860 3
865 1
865 2
865 3
862 5
862 2
862 4
860 4
860 4
860 3
860 0
860 3
879 4
875 5
869 5
870 2
870 5
870 2
870 1
870 1
870 5
870 1
870 4
860 0
859 3
861 1
861 4
860 1
860 3
869 2
869 2
869 0
866 3
864 4
859 3
859 3
861 1
861 4
861 3
863 4
863 3
863 4
863 4
863 3
867 4
865 3
866 3
871 4
868 2
868 0
862 0
862 3
867 5
867 5
867 5
868 0
868 0
868 2
867 5
867 0
867 5
870 3
867 0
867 4
862 4
859 3
861 3
859 2
859 3
859 4
859 5
861 4
859 4
859 4
859 5
859 4
859 4
859 2
859 0
859 4
859 4
859 2
859 2
859 3
860 4
860 0
859 3
863 4
861 0
859 5
862 3
866 3
866 4
861 4
861 2
861 2
861 0
860 5
861 2
861 3
863 5
862 4
860 5
860 4
860 5
860 2
860 0
860 3
863 2
863 3
861 1
861 3
862 5
861 3
861 4
859 4
859 3
863 3
863 2
863 1
863 2
863 3
869 4
865 3
867 0
861 3
862 2
862 2
860 4
860 4
860 2
860 5
862 4
861 4
861 1
861 0
860 4
860 2
860 3
867 0
865 3
865 2
863 0
862 1
862 0
862 2
862 4
860 5
860 5
860 3
861 1
861 5
861 3
861 4
860 3
866 0
861 1
861 0
861 3
863 3
864 4
862 4
861 3
861 0
861 0
861 4
861 0
861 4
861 3
870 5
865 4
861 4
861 2
861 1
861 5
862 2
862 3
868 5
867 0
867 5
867 4
861 5
861 3
864 0
862 1
862 5
863 0
863 0
863 0
863 5
864 0
864 5
865 4
862 3
867 5
865 3
863 2
862 4
862 0
862 4
861 5
861 4
861 1
861 2
861 2
861 3
864 5
863 3
863 0
863 5
868 2
868 5
873 1
873 3
869 1
869 3
868 1
868 3
869 0
868 2
868 0
868 4
864 4
860 3
866 0
865 0
865 5
865 1
865 5
866 4
861 0
860 3
860 2
860 5
862 3
863 4
861 0
860 4
860 1
860 3
869 4
869 1
869 5
865 0
865 5
866 4
863 0
863 0
863 4
863 4
862 4
862 0
862 2
862 1
862 3
864 4
863 3
863 2
863 4
863 1
863 5
863 2
863 0
863 0
863 5
865 2
865 5
865 4
862 0
862 4
862 4
862 0
862 4
862 5
863 4
862 3
866 3
863 2
863 4
863 0
863 2
863 2
863 4
863 4
863 1
863 4
863 4
863 4
863 0
863 2
863 3
868 0
867 0
867 5
868 3
869 4
865 2
864 -1
2588 5
2588 4
2568 4
2568 5
2548 0
1849 3
1675 5
1765 5
1920 0
1920 5
2119 5
2325 3
2176 4
1149 2
1140 1
1140 1
1140 0
1082 1
1082 1
1082 1
1082 3
1104 4
1030 1
1030 1
1030 2
1024 0
1003 4
973 2
971 5
1005 3
1068 1
1068 4
1022 3
1067 4
1047 0
996 5
1074 5
1151 1
1151 2
1149 5
1247 4
974 3
1090 3
1028 3
1072 4
1045 2
1035 2
1033 4
1029 0
986 5
1041 1
1041 0
1041 2
1047 4
959 5
962 5
1001 3
1093 0
1043 4
966 5
974 2
973 1
973 3
1093 1
1093 1
1093 4
1054 5
1004 4
984 0
965 2
969 2
969 4
945 5
951 5
991 1
991 5
1052 5
1125 4
957 2
951 5
955 3
1160 0
1103 5
1153 3
1059 5
1080 2
1077 1
1077 0
1076 1
1076 4
961 0
943 2
943 0
943 2
942 5
1029 4
932 4
924 3
1073 2
1068 2
1066 4
1019 5
991 4
970 4
970 3
1180 1
1180 0
1088 4
987 3
1180 2
1176 1
1176 4
1152 5
1075 0
1034 0
1033 0
1033 3
1108 0
1076 4
1000 4
989 0
969 4
955 1
955 2
954 2
955 3
1140 4
1104 3
1184 2
1176 1
1176 1
1176 1
1176 4
1160 5
1070 0
1026 0
1026 2
1029 0
1029 0
1029 0
1029 1
1029 5
1072 1
1072 5
1123 4
1001 4
1000 0
980 0
979 4
970 1
970 1
970 3
1185 3
1109 5
1070 2
1068 2
1064 2
1063 3
1139 3
1112 0
1045 2
1048 1
1048 4
993 0
978 4
961 1
961 2
960 5
976 1
976 0
976 0
976 0
976 4
952 0
948 2
948 1
948 2
948 5
1006 5
1064 0
1064 0
1064 5
1143 4
963 5
962 0
958 2
962 5
1023 1
1023 1
1023 3
1110 0
1063 4
966 0
956 2
955 4
939 4
932 3
1118 5
1082 3
1041 5
1036 5
1089 2
1089 0
1088 2
1086 2
1086 4
966 4
961 5
965 5
1015 1
1015 5
1084 1
1084 2
1087 1
1087 5
1171 5
1263 5
1351 2
1339 5
1441 2
1439 0
1439 5
1540 2
1538 5
1631 2
1629 3
1417 4
1024 3
1115 3
1086 3
1090 3
1081 3
1093 0
1029 3
1041 4
996 2
993 0
967 4
953 2
952 1
952 1
952 4
948 1
948 1
948 4
947 4
947 2
947 4
947 0
942 0
942 0
942 3
1077 1
1077 0
1035 1
1035 4
945 1
945 3
1069 2
1066 3
1044 0
1013 3
1059 2
1056 3
1006 2
1004 5
1039 0
1036 2
1034 1
1034 0
1034 4
952 1
952 0
939 4
924 5
952 4
919 4
918 0
916 3
1021 1
1021 1
1021 3
990 3
1007 5
1009 4
938 0
926 4
903 1
903 4
902 0
900 2
901 0
901 0
901 0
901 4
894 1
894 4
894 3
1062 0
1004 3
1002 4
943 4
934 5
942 4
913 4
913 2
914 3
1051 2
1049 5
1013 0
1002 3
1010 4
962 5
958 3
1044 2
1039 5
1042 3
1007 1
1007 0
982 4
933 5
957 0
956 3
1027 3
975 0
965 4
928 3
1031 3
965 1
965 0
950 5
1047 1
1047 5
1167 2
1163 2
1160 1
1160 0
1160 2
1160 5
1267 0
1267 1
1267 0
1267 5
1394 5
1512 4
993 3
1080 5
1042 0
1027 0
1027 3
1032 0
1014 4
940 2
938 5
951 3
1017 4
967 1
967 2
965 4
958 4
958 1
958 0
926 4
914 3
1094 3
1000 5
983 4
932 3
1058 1
1058 2
1051 0
985 0
985 0
985 5
1044 0
1044 0
1044 4
942 4
940 0
931 0
931 2
933 0
933 5
989 5
1062 4
944 5
943 3
1068 0
1009 4
943 1
943 2
942 1
942 3
1061 4
1023 4
1021 4
1021 0
963 0
963 5
1020 2
1020 0
1020 4
936 4
936 0
929 0
929 5
980 4
926 4
926 3
1121 3
1036 0
989 1
989 0
989 4
937 0
929 5
976 0
976 3
1049 4
1007 3
1109 1
1109 4
1082 4
1081 0
978 0
976 2
976 2
981 3
1080 0
1032 1
1032 4
944 3
1053 0
997 3
1033 0
1015 1
1015 5
1091 2
1090 1
1090 3
1046 4
959 4
942 5
947 1
947 5
981 4
919 4
915 0
912 4
909 2
908 2
910 0
908 1
908 2
908 4
906 1
906 1
906 3
1088 0
1038 4
954 5
955 0
949 4
925 3
1108 5
1067 5
1083 2
1080 4
979 2
977 0
949 4
935 3
1088 3
1026 4
1007 1
1007 4
1003 4
1003 3
1148 2
1146 4
1111 0
1016 4
982 4
982 1
982 5
971 4
966 3
1187 4
1151 1
1151 4
1149 0
1037 3
1171 3
1121 2
1118 3
1126 0
1068 4
1008 3
1148 5
1082 1
1082 2
1083 1
1083 1
1083 4
1038 5
1019 5
1029 0
1027 1
1027 4
981 3
1153 4
1126 2
1114 3
1266 1
1266 2
1259 5
1185 4
1137 4
1137 0
1073 4
1034 4
1033 3
1221 1
1221 2
1221 3
1209 5
1141 3
1194 3
1155 4
1123 2
1120 4
1114 4
1114 3
1254 2
1250 2
1246 2
1243 4
1205 2
1204 4
1204 3
1457 0
1268 4
1143 4
1143 3
1378 4
1343 5
1250 5
1203 5
1174 5
1162 3
1322 1
1322 4
1287 4
1286 4
1286 4
1286 4
1286 5
1195 4
1191 4
1190 3
1381 3
1307 5
1238 1
1238 4
1218 3
1380 3
1336 0
1142 3
1233 5
1175 4
1131 4
1130 4
1130 0
1089 0
1088 2
1088 1
1088 0
1088 0
1088 4
1057 4
1057 4
1057 1
1057 0
1046 4
1039 4
1039 0
1030 1
1030 3
1178 2
1176 3
1160 2
1152 2
1144 5
1107 0
1094 0
1094 0
1094 5
1143 1
1143 5
1202 4
1013 4
1011 4
1011 1
1011 3
1144 5
1092 5
1094 5
1126 4
1027 3
1174 4
1154 4
1152 5
1093 2
1091 2
1087 3
1250 2
1239 3
1199 1
1199 2
1195 0
1098 3
1114 4
1079 1
1079 4
1074 0
1024 0
1024 0
1024 3
1127 5
1097 2
1098 4
1030 4
1029 0
999 2
999 1
999 3
1109 1
1109 1
1109 2
1106 2
1105 3
1090 0
1056 5
1107 0
1107 0
1107 1
1107 3
1060 1
1060 1
1060 5
1080 0
1079 5
1175 2
1173 1
1173 2
1170 5
1269 3
1180 3
1142 2
1139 0
1134 5
1296 1
1296 4
1005 1
1005 4
969 2
968 3
1051 3
1022 0
994 0
994 0
994 1
994 4
957 4
952 4
951 1
951 3
1077 0
1024 2
1027 4
968 0
962 3
1031 0
1012 4
952 4
941 0
932 3
1033 2
1032 0
1001 0
1001 0
1001 0
1001 5
1064 4
943 1
943 0
932 3
1014 3
996 2
994 0
982 0
982 3
1017 1
1017 4
961 0
936 5
1006 0
1006 5
1092 0
1092 0
1092 4
928 3
1008 4
974 5
970 3
1040 4
1015 0
962 4
943 2
942 2
941 5
955 0
955 1
955 5
997 2
997 0
997 4
933 0
933 1
933 3
1053 4
1016 0
962 2
968 2
968 0
967 3
1065 1
1065 0
1024 0
1024 3
1025 1
1025 1
1025 4
959 5
955 5
983 2
983 1
983 3
1023 1
1023 5
1016 4
958 3
1026 3
1015 1
1015 0
984 4
944 1
944 3
1039 5
1032 5
1045 0
1042 4
965 0
951 0
951 5
1008 5
1068 5
1129 0
1129 1
1129 2
1125 2
1125 5
1189 1
1189 3
1096 4
983 5
970 0
968 0
967 2
968 3
1029 2
1028 2
1027 0
1003 0
1001 4
945 1
945 1
945 5
954 5
995 0
995 2
994 2
995 4
932 3
1021 2
1018 2
1016 2
1015 5
994 4
950 0
934 2
937 5
979 0
979 3
1012 0
992 2
991 4
946 0
936 0
936 2
937 3
1008 3
989 4
956 5
951 5
991 4
940 3
1011 0
987 2
987 4
949 2
948 5
948 3
1019 0
994 5
1050 3
1018 4
952 1
952 2
950 4
940 3
1028 0
986 0
986 4
946 0
936 3
1017 4
961 4
954 4
954 5
942 3
1034 1
1034 5
1008 4
959 2
958 4
955 1
955 5
948 2
948 1
948 0
945 4
927 0
925 2
925 3
1028 4
994 5
961 5
968 0
967 0
967 2
967 0
967 0
967 5
1010 2
1012 5
1075 2
1075 0
1075 4
943 0
927 5
976 5
1028 0
1028 3
1048 2
1045 0
1028 4
948 5
944 1
944 2
944 4
920 4
920 5
931 4
917 4
916 0
910 3
1001 0
983 5
1030 4
931 3
1030 5
998 1
998 4
965 3
1031 5
1000 0
992 2
992 2
992 4
967 4
965 0
952 2
953 4
941 4
940 4
940 5
953 2
955 2
956 5
982 5
1024 5
1065 0
1065 0
1065 4
945 4
945 0
932 5
976 4
930 2
929 2
929 5
938 2
938 0
937 2
937 0
937 0
937 3
996 2
994 4
964 4
962 4
962 0
935 4
923 1
923 2
925 4
924 5
935 3
1008 4
977 4
973 3
1032 4
1011 4
1010 5
984 2
985 4
972 2
972 1
972 5
972 2
972 0
967 4
950 2
955 0
952 5
977 0
977 3
1061 4
1026 3
1084 5
1059 0
1035 5
1062 4
978 3
1049 0
1019 5
1061 0
1061 4
977 1
977 1
977 4
975 3
1055 3
1052 0
1006 0
1006 0
1006 3
1047 1
1047 1
1047 3
1025 4
984 5
969 5
971 1
971 0
970 5
999 3
1036 1
1036 3
1008 4
978 3
1014 3
1030 1
1030 3
1019 4
997 5
978 0
968 1
968 1
968 4
952 0
948 5
984 2
984 5
1012 5
1038 2
1038 0
1038 1
1038 5
1059 4
960 5
957 1
957 0
953 4
939 5
946 0
945 0
945 3
1009 1
1009 5
1009 4
959 1
959 5
953 1
953 0
947 4
932 3
1023 1
1023 0
981 5
1017 4
939 4
937 0
933 3
1001 3
992 3
1003 4
975 4
973 0
943 0
943 0
943 4
928 3
1000 5
985 3
1002 0
972 4
939 3
1014 3
1015 5
1003 4
966 1
966 4
963 0
945 1
945 4
934 3
1016 0
985 0
985 5
1019 4
952 2
953 0
945 1
945 2
945 4
935 3
981 4
978 4
976 5
958 5
961 0
960 0
960 0
960 4
939 4
939 5
938 0
937 2
937 0
937 4
933 4
933 5
939 5
955 4
935 3
993 2
995 0
970 0
970 0
970 3
984 0
971 0
971 0
971 3
987 3
980 3
985 3
999 4
962 0
948 3
986 3
990 1
990 5
977 4
934 0
924 0
923 5
952 4
911 4
908 1
908 4
908 1
908 5
919 3
971 4
952 0
923 5
958 4
906 1
906 2
905 3
956 3
971 2
970 3
958 1
958 0
941 1
941 4
914 0
909 2
912 5
938 3
972 2
971 4
935 2
934 4
930 0
911 0
911 3
949 0
944 4
914 2
913 4
907 4
907 5
909 2
912 0
911 2
917 5
941 4
898 4
898 2
898 5
909 2
909 5
929 0
929 3
976 2
973 2
972 2
971 3
943 4
920 1
920 0
908 4
898 0
897 0
897 1
897 4
896 0
894 1
894 2
894 0
894 5
927 2
927 0
927 0
927 4
894 5
902 3
942 0
934 5
958 3
963 0
952 4
913 3
948 4
935 3
960 5
942 3
967 5
959 4
921 4
917 2
918 1
918 0
910 0
910 4
902 4
901 0
899 5
929 1
929 4
901 2
901 0
894 4
891 3
946 3
949 5
946 4
913 4
910 4
910 2
911 4
908 4
908 5
918 4
903 4
903 2
903 4
903 4
903 2
903 0
897 4
896 5
903 2
903 0
903 2
903 4
896 4
896 0
896 5
923 4
898 5
904 0
904 0
904 1
904 0
904 5
930 0
930 3
970 0
951 5
971 4
919 4
912 4
912 0
905 4
904 4
903 4
903 2
903 2
903 0
903 3
935 2
934 0
929 4
910 4
909 1
909 3
950 2
949 5
930 0
924 1
924 0
924 3
949 1
949 0
939 3
939 2
938 5
943 3
947 3
954 4
917 5
911 4
896 0
895 4
894 1
894 4
891 0
891 2
891 0
891 2
892 0
892 2
892 4
892 0
891 3
935 1
935 4
919 0
902 2
902 2
902 2
900 4
896 0
896 0
896 0
896 4
894 5
900 1
900 3
931 2
929 0
924 2
924 3
935 4
907 0
897 0
897 0
897 3
921 2
920 3
924 4
911 4
904 3
929 4
919 0
897 0
897 0
897 3
927 4
914 5
903 3
928 5
927 4
906 1
906 4
903 4
903 4
903 3
921 3
923 2
923 5
920 3
929 4
915 4
912 5
911 2
911 0
910 2
910 4
897 1
897 5
901 2
901 0
901 3
917 2
914 4
900 1
900 5
903 1
903 0
903 4
896 0
894 2
894 2
894 2
894 0
894 5
913 4
893 2
893 4
893 0
893 5
907 5
922 4
893 3
924 4
920 5
913 4
899 4
899 4
899 1
899 2
899 0
894 1
894 3
913 4
898 4
897 0
893 2
893 5
912 3
929 5
940 4
900 5
901 4
894 1
894 1
894 3
913 5
907 4
901 4
901 4
901 5
895 5
905 0
905 5
921 0
921 3
925 5
929 2
929 4
904 3
915 4
911 4
911 4
911 2
911 2
911 0
900 3
919 0
915 4
900 4
898 4
898 5
902 3
917 4
907 0
897 5
903 0
903 4
893 2
892 2
892 2
892 3
914 1
914 1
914 3
912 1
912 0
905 5
918 3
931 0
922 5
945 4
898 0
892 5
903 0
903 5
919 4
892 4
888 4
887 4
887 1
887 5
889 1
889 0
889 4
887 2
887 4
887 3
896 4
896 4
896 0
891 4
887 0
887 5
892 3
905 2
903 0
899 0
899 0
899 2
899 5
909 3
923 3
913 5
911 1
911 3
921 3
926 5
935 5
952 0
952 1
952 5
963 0
963 2
962 3
959 5
974 4
912 4
894 3
904 4
897 4
896 3
909 3
924 1
924 4
915 5
900 4
898 2
898 0
895 2
895 1
895 3
908 4
896 0
891 4
889 4
889 2
888 0
888 0
888 4
888 3
900 4
899 2
901 3
913 0
904 4
897 4
895 2
895 5
900 2
902 4
896 4
895 3
902 5
897 4
895 4
895 1
895 3
907 0
904 2
904 3
905 3
920 2
919 2
918 3
905 5
906 3
909 4
900 1
900 4
895 3
913 5
906 4
896 0
892 0
892 0
892 4
891 0
891 0
891 2
891 4
891 1
891 3
913 1
913 4
912 0
905 5
912 2
912 0
912 3
911 5
912 4
895 4
893 5
895 3
903 1
903 4
896 3
897 3
899 4
899 0
896 5
900 3
901 4
891 4
889 1
889 0
889 4
889 0
889 1
889 4
889 1
889 3
894 0
891 0
891 4
890 0
890 4
889 4
889 2
889 4
889 5
892 4
889 3
894 4
894 4
894 0
893 4
890 0
890 5
897 2
897 5
904 4
892 4
892 3
913 0
906 3
907 3
914 4
909 5
902 2
902 5
901 0
901 4
894 2
894 4
894 5
894 2
892 5
898 4
893 5
892 2
892 4
892 0
892 0
892 4
890 0
889 2
889 1
889 0
889 1
889 4
889 4
889 0
889 0
889 5
893 0
893 1
893 3
895 0
895 1
895 3
904 1
904 1
904 2
902 4
895 4
893 4
893 2
893 5
890 4
889 2
889 4
889 4
889 2
889 4
889 5
892 4
889 4
889 4
889 4
889 5
892 5
895 0
895 4
888 2
888 4
888 4
888 1
888 0
888 0
888 0
888 3
896 2
896 5
897 2
897 0
897 4
891 1
891 5
890 5
890 4
889 0
889 4
889 3
892 5
891 4
890 1
890 5
890 4
890 2
890 0
890 5
895 3
899 2
898 3
903 4
898 3
901 3
897 1
897 0
892 2
892 3
893 4
889 4
888 2
888 0
888 5
890 0
890 3
890 3
897 1
897 0
894 5
896 2
896 0
896 3
902 4
893 1
893 0
892 5
895 4
892 0
889 3
889 2
888 3
893 0
892 3
901 0
895 4
889 4
887 0
885 3
896 0
891 5
891 5
893 3
896 0
894 3
896 2
896 5
899 5
903 4
891 5
891 1
891 3
896 2
895 3
890 0
889 3
895 3
888 3
887 1
887 4
884 1
884 0
884 4
883 1
883 5
885 1
885 1
885 0
885 0
885 0
885 4
883 3
884 0
882 3
887 5
887 5
891 3
890 4
884 5
884 1
884 0
884 3
890 0
888 5
890 3
892 5
891 1
891 4
884 1
884 4
883 0
883 3
884 5
885 4
883 4
882 4
881 4
881 4
881 3
884 4
883 3
887 5
887 3
889 1
889 3
887 4
884 0
883 3
886 4
883 5
881 5
882 4
880 3
892 4
892 2
894 0
893 1
893 1
893 3
892 3
891 0
889 5
890 5
893 4
883 4
882 4
881 1
881 4
881 5
878 0
878 0
878 1
878 0
878 5
878 2
878 3
884 3
878 3
891 3
879 5
880 2
880 4
877 4
876 4
876 5
878 0
878 3
876 5
876 4
875 2
875 2
875 4
875 0
875 3
875 4
875 0
875 0
875 3
877 0
875 1
875 5
875 1
875 1
875 0
875 4
874 4
874 5
874 1
874 2
874 5
874 3
876 4
875 5
875 5
877 2
877 4
875 5
875 4
875 1
875 3
876 4
876 2
876 0
876 4
876 5
883 1
883 3
880 4
877 1
877 4
877 4
877 0
875 2
875 2
875 5
877 3
879 5
881 0
880 1
880 1
880 4
875 5
877 4
875 4
875 4
875 1
875 1
875 4
875 3
880 4
879 3
880 2
880 0
878 5
880 0
880 2
880 4
875 2
878 3
883 4
880 5
879 2
879 3
883 4
881 5
879 4
877 4
877 3
879 4
879 3
882 2
882 0
880 0
880 4
877 4
877 0
875 0
875 5
878 0
878 1
878 0
878 5
879 1
879 5
879 3
878 4
875 5
875 0
875 2
875 5
875 5
875 4
875 0
875 4
875 1
875 5
875 4
875 5
875 3
875 0
875 3
875 4
875 4
875 5
875 4
875 1
875 3
875 3
878 1
878 3
877 0
876 0
876 0
876 4
876 0
876 2
876 4
876 5
876 4
876 1
876 5
876 4
876 5
876 0
876 5
877 5
881 5
883 3
880 4
877 0
877 1
877 4
877 0
877 3
879 2
879 3
878 1
878 4
876 4
876 2
876 3
878 2
878 3
881 2
881 0
878 3
875 1
875 3
875 4
873 4
873 1
873 4
873 1
873 4
873 4
873 4
873 3
873 3
874 3
876 3
876 0
876 0
876 1
876 0
876 4
875 4
874 3
878 5
877 2
877 3
876 4
874 3
874 4
874 5
874 5
874 0
874 0
874 4
874 4
874 2
874 4
874 4
874 5
874 3
874 1
874 2
874 5
874 4
874 5
874 5
877 3
876 5
877 4
874 0
874 4
874 2
874 2
874 3
877 0
876 0
876 0
876 1
876 5
877 5
878 5
878 4
874 5
874 0
874 5
874 4
874 2
874 3
874 0
874 3
878 5
878 5
878 4
874 3
874 1
874 3
875 0
875 5
877 0
877 4
874 0
874 0
874 5
874 3
874 0
874 1
874 5
874 5
874 0
874 3
877 3
890 3
881 5
881 4
876 3
876 2
875 0
874 0
874 3
876 4
876 0
874 3
874 3
883 2
883 1
883 0
880 4
877 0
877 5
877 5
877 2
877 0
877 0
877 5
878 2
878 3
877 5
878 2
878 3
883 5
882 4
877 2
877 2
877 3
890 0
882 3
887 5
885 1
885 4
879 4
879 5
878 3
880 3
878 5
877 1
877 1
877 4
874 3
874 3
876 4
876 0
874 4
874 0
874 4
874 0
874 4
874 2
874 3
876 0
875 4
875 0
874 3
874 1
874 5
875 5
877 0
877 5
877 5
877 4
874 3
874 4
874 3
877 4
875 3
881 3
886 0
873 4
873 5
874 1
874 5
874 5
875 5
877 4
873 1
873 3
873 3
879 5
879 5
879 3
880 0
879 5
880 0
880 3
881 4
875 1
875 4
874 3
875 3
874 5
874 5
875 1
875 5
875 2
875 0
875 5
875 2
875 3
881 0
880 4
875 5
874 2
874 3
874 1
874 2
873 5
873 3
878 3
880 2
880 5
877 4
875 5
874 5
875 3
881 5
880 4
874 3
874 1
874 3
875 5
874 0
874 4
874 0
874 3
874 0
874 4
874 5
874 4
874 0
874 1
874 3
877 4
876 0
874 0
874 3
876 4
875 0
874 4
873 5
873 2
873 2
873 3
873 3
876 5
877 4
875 3
875 1
875 4
875 3
877 0
876 4
873 2
873 5
874 1
874 3
877 5
878 4
874 3
877 3
874 3
878 2
878 4
878 3
879 0
877 5
878 4
874 3
877 3
874 1
874 0
874 3
880 5
877 2
877 3
883 3
879 2
878 4
876 2
875 3
880 4
877 5
876 4
876 4
876 2
876 3
883 4
882 5
877 4
876 5
876 0
875 5
879 5
880 5
880 5
881 0
881 2
881 4
875 1
875 0
875 3
877 5
880 0
880 4
874 4
874 3
874 1
874 0
874 3
875 4
875 0
875 5
875 2
875 5
878 3
881 4
880 0
878 5
879 4
877 0
877 5
877 2
877 2
877 3
880 3
878 3
884 3
882 5
883 4
877 4
877 3
879 1
879 0
877 2
877 3
884 0
880 5
880 2
880 5
882 0
882 5
886 3
881 0
881 4
878 4
876 3
878 5
877 0
877 3
881 4
878 3
878 0
878 0
878 0
878 2
878 4
878 5
879 5
879 0
879 5
879 4
878 3
880 0
878 0
878 5
880 4
876 3
878 4
877 4
877 3
877 1
877 5
876 3
876 2
876 1
876 5
876 5
880 3
876 4
875 0
875 3
875 5
877 5
878 4
875 0
875 5
877 5
886 3
884 5
884 4
875 0
875 3
879 0
878 0
878 0
878 0
878 5
878 3
883 5
882 0
882 3
888 3
883 3
880 5
880 4
876 4
875 3
876 4
875 4
875 2
875 4
875 0
875 5
877 5
877 4
875 1
875 5
875 5
875 5
875 4
875 4
875 0
875 5
876 3
876 3
879 0
879 4
876 4
876 5
877 5
877 1
877 4
876 0
876 3
881 4
879 5
877 3
876 3
880 4
880 3
882 1
882 5
878 5
878 4
875 3
875 3
882 0
880 5
884 1
884 0
884 5
884 2
884 4
876 4
876 5
876 2
876 0
876 4
876 3
877 4
877 0
876 0
876 0
876 4
875 1
875 3
879 4
876 5
875 4
875 4
875 1
875 4
875 3
880 1
880 5
875 5
876 2
876 5
876 4
875 0
875 4
875 4
875 0
875 0
875 1
875 4
875 5
875 1
875 2
875 3
875 3
875 1
875 3
877 4
877 3
876 3
884 5
875 2
875 2
875 2
875 5
875 1
875 3
884 4
879 2
879 0
877 1
877 4
877 5
877 5
876 0
876 5
879 0
879 5
880 0
880 0
880 1
880 5
880 4
876 5
876 4
875 1
875 0
875 1
875 4
875 0
875 5
877 3
891 4
887 2
887 3
885 2
885 1
885 3
886 4
882 3
884 1
884 0
877 0
877 3
889 3
877 2
877 1
877 4
877 4
877 0
877 5
882 5
884 1
884 4
877 5
876 4
876 4
876 0
876 3
880 0
879 3
881 2
880 1
880 4
877 4
877 4
877 5
876 5
876 2
876 5
875 4
875 0
875 3
876 4
875 2
875 5
875 3
875 0
875 5
876 4
875 0
875 4
875 5
875 3
880 4
877 3
879 5
878 0
877 0
877 5
879 4
875 4
875 2
875 3
879 0
879 3
881 4
880 3
880 4
878 4
878 3
878 5
880 4
876 4
876 0
876 5
877 4
876 3
878 2
878 0
878 4
876 1
876 0
876 2
876 4
876 3
879 4
879 4
879 3
879 3
885 2
885 3
889 4
885 5
879 4
879 5
880 1
880 1
880 5
880 1
880 0
879 3
877 2
876 2
875 3
881 0
879 3
879 4
877 0
877 4
877 4
877 3
880 3
879 4
877 3
880 3
877 0
877 3
882 3
881 0
881 2
881 0
881 5
881 0
881 4
878 5
877 2
877 5
878 4
876 0
876 4
875 5
875 4
875 1
875 0
875 0
875 3
880 4
877 2
877 2
877 3
884 5
880 1
880 3
882 1
882 0
880 3
879 0
878 4
876 4
874 4
874 2
874 2
874 3
874 3
876 0
875 3
877 3
882 1
882 4
880 1
880 3
882 3
880 4
878 4
878 5
875 3
878 3
879 4
877 4
877 4
877 4
877 2
877 4
877 3
881 3
886 4
886 2
886 4
886 1
886 3
883 4
882 4
882 0
878 4
876 3
876 1
876 5
874 3
882 3
879 3
882 3
875 0
875 4
874 1
874 0
874 4
874 1
874 3
875 0
874 3
877 5
878 0
878 3
878 0
877 0
877 0
877 2
877 0
877 3
889 4
884 3
887 5
884 5
883 4
880 3
883 3
880 1
880 4
877 3
881 4
881 4
881 2
881 4
881 2
881 5
875 3
881 1
881 3
879 4
875 5
875 3
875 0
874 0
874 2
874 5
875 0
875 5
875 3
875 4
873 4
873 3
874 5
872 2
872 5
873 1
873 2
873 3
875 2
874 5
874 0
874 4
873 5
873 5
873 4
872 0
872 3
883 3
876 4
873 2
873 5
871 4
871 0
871 0
871 4
871 0
871 5
873 5
873 3
876 5
875 4
872 3
877 5
873 3
873 0
873 0
873 2
873 4
870 0
870 4
870 5
870 5
870 2
870 1
870 0
870 5
872 5
872 4
871 5
870 5
870 5
871 5
872 3
877 3
875 5
873 5
873 0
873 0
873 1
873 3
879 5
880 4
872 2
872 5
872 5
872 0
872 3
877 4
872 4
871 4
871 1
871 1
871 5
870 3
871 3
874 3
872 1
872 0
872 0
872 0
872 1
872 0
872 2
872 0
872 0
872 2
872 1
872 0
872 0
872 3
872 0
871 1
871 4
870 0
870 3
877 1
877 4
875 0
873 5
872 5
872 2
872 4
871 3
874 3
870 3
880 3
874 2
874 2
874 4
873 3
873 2
873 2
873 3
875 4
874 5
872 1
872 3
873 0
872 1
872 1
872 0
872 2
872 1
872 5
872 0
872 0
872 3
870 5
870 4
870 5
870 3
877 5
877 0
877 4
873 3
873 4
872 4
872 5
870 0
869 0
869 4
869 3
869 4
869 0
869 0
869 4
869 3
870 4
870 5
869 3
868 0
868 4
868 5
868 0
868 5
868 2
868 0
868 4
868 5
868 4
868 5
868 4
868 2
868 3
868 2
868 4
868 5
868 0
868 3
873 0
872 4
871 1
871 0
870 1
870 1
870 4
870 5
870 4
870 4
870 3
870 4
870 5
870 3
872 4
870 0
869 2
869 3
869 0
869 3
869 0
869 0
869 1
869 4
869 4
869 0
869 5
870 3
874 5
873 5
874 4
870 3
874 1
874 5
870 4
870 0
870 5
870 3
870 2
870 1
870 4
869 0
869 0
869 5
870 4
869 4
869 4
869 0
869 4
869 3
874 3
870 5
870 5
870 3
873 3
873 2
872 2
872 1
872 5
871 5
872 5
872 4
869 5
869 2
869 4
869 0
869 5
869 0
869 3
871 4
868 3
874 -1
2588 5
2588 1
2588 5
2502 1
2502 0
1879 2
1868 5
1992 3
1782 1
1782 4
1133 0
1096 5
1189 4
1041 4
1030 1
1030 1
1030 1
1030 1
1030 3
1100 4
1068 3
1141 2
1135 1
1135 1
1135 3
1102 2
1099 5
1064 3
1073 1
1073 3
1074 1
1074 3
1039 4
1010 4
1007 2
1006 3
1147 5
1079 2
1078 5
1065 0
1056 4
965 1
965 3
1141 0
1068 3
1043 2
1040 3
1055 5
1050 0
1040 3
1027 0
1017 2
1015 2
1014 1
1014 5
1137 0
1137 4
974 4
952 2
951 2
951 2
952 0
938 3
1053 2
1050 4
991 5
979 3
1076 2
1074 3
1020 0
987 2
986 0
986 1
986 4
947 0
938 2
935 1
935 5
1012 1
1012 2
1015 2
1019 1
1019 2
1023 5
1116 5
1212 3
1133 1
1133 2
1132 5
1190 1
1190 2
1188 2
1186 0
1185 3
1127 5
1263 5
1448 0
1448 4
972 5
980 0
979 2
977 5
1090 0
1090 1
1090 2
1088 5
1224 5
1360 1
1360 0
1360 1
1360 0
1360 4
961 0
941 5
1015 1
1015 3
1023 4
951 1
951 3
1043 3
1012 3
1012 4
980 3
1148 5
1043 1
1043 4
998 0
952 5
1018 2
1021 0
1021 5
1108 3
1080 3
1019 4
953 1
953 0
929 4
914 2
913 2
911 3
1074 3
995 1
995 0
961 5
1035 0
1035 1
1035 0
1035 2
1035 3
1075 2
1072 4
981 0
944 0
944 3
1019 5
1045 3
1013 1
1013 5
1042 2
1039 2
1037 2
1035 2
1034 4
931 4
920 4
919 4
919 2
918 2
918 1
918 0
908 5
982 0
982 3
1047 5
1044 0
1042 4
934 5
945 1
945 2
943 5
1007 3
1023 0
1008 0
1007 4
932 0
922 2
921 3
1027 5
1048 3
1005 1
1005 5
1079 2
1077 1
1077 5
1212 2
1208 4
937 3
1011 2
1008 4
978 1
978 0
943 5
1016 2
1015 3
1037 1
1037 3
991 2
987 0
975 4
926 5
950 1
950 4
905 2
904 3
1054 5
1022 4
955 1
955 3
1084 3
1029 1
1029 3
1067 0
1002 2
1000 0
999 5
1068 4
955 5
946 5
985 3
1060 1
1060 4
1020 0
973 1
973 4
940 3
1070 5
1025 4
973 5
961 3
1091 4
1059 5
994 3
1091 4
1053 5
989 2
989 3
1128 2
1121 2
1119 4
1083 0
1006 4
953 1
953 1
953 1
953 4
951 5
950 5
978 3
1086 0
1035 4
957 5
972 1
972 4
945 2
946 3
1116 0
1022 0
1021 5
1071 2
1071 4
943 5
950 1
950 0
949 0
949 0
949 2
951 2
956 4
926 3
1096 1
1096 4
1071 5
1031 1
1031 4
1010 0
982 3
1065 0
1022 4
961 5
965 1
965 5
998 4
942 0
929 4
917 4
912 2
916 5
929 0
929 3
1080 5
1063 2
1061 5
1101 5
1180 0
1180 4
956 1
956 3
1094 5
1038 3
1034 4
1000 0
959 4
928 5
941 2
941 4
924 5
941 4
924 4
924 4
924 0
919 2
923 2
925 2
931 3
1089 0
1045 5
1112 5
1193 4
955 5
952 4
931 0
923 2
926 1
926 0
926 0
926 0
926 3
1101 1
1101 5
1076 4
974 4
969 1
969 3
1106 4
1077 5
1002 0
964 5
1014 3
1058 5
1055 3
1028 4
980 4
973 5
954 3
1076 2
1073 4
1028 0
966 0
966 0
966 4
938 4
938 0
935 4
933 5
947 2
949 0
949 0
949 4
934 0
931 2
935 2
942 3
1061 3
1017 5
1022 1
1022 2
1018 2
1017 3
1046 3
1014 1
1014 5
1013 3
1022 4
959 1
959 1
959 1
959 0
939 5
1017 1
1017 3
1033 3
1003 0
992 0
991 2
988 2
987 1
987 2
986 5
1099 0
1099 5
1238 0
1238 5
1382 5
1528 3
1385 5
1561 2
1556 3
1466 4
962 0
939 3
993 1
993 0
984 3
995 5
1105 3
1063 5
1241 3
1187 4
933 0
923 4
903 3
982 5
989 1
989 0
989 5
1100 4
926 4
910 0
898 5
988 2
989 4
897 0
886 2
888 4
883 4
882 3
1012 0
978 0
978 1
978 2
978 2
979 5
1058 0
1058 2
1062 0
1062 1
1062 4
920 1
920 3
1052 0
1005 1
1005 0
1005 1
1005 2
1006 2
1007 4
936 2
935 5
943 5
986 2
986 5
1046 3
1039 0
1016 0
1016 5
1116 4
938 1
938 0
925 5
1003 1
1003 3
1008 1
1008 2
1006 3
987 3
992 2
990 2
987 4
938 0
923 0
923 2
924 2
925 5
1017 0
1017 4
925 3
997 2
995 2
993 3
990 3
989 2
987 3
985 0
961 3
1003 3
986 0
975 5
1092 2
1090 3
1050 3
1029 3
1029 3
1023 4
937 4
915 3
1003 1
1003 3
985 5
982 3
1002 0
981 5
1091 4
932 5
952 5
1031 3
996 4
931 0
918 2
917 0
917 4
901 0
898 4
897 0
897 2
897 5
978 0
978 5
1077 0
1077 4
908 0
895 5
960 1
960 3
1000 4
945 4
932 2
931 1
931 0
908 0
908 4
898 5
921 5
973 2
977 0
977 1
977 2
982 1
982 4
896 4
896 2
898 4
897 0
895 0
895 0
895 2
895 3
1018 0
986 2
986 3
1007 0
988 5
1089 0
1089 5
1189 5
1303 4
944 3
1045 0
977 4
931 4
923 2
922 3
1030 5
1013 4
952 4
949 4
949 4
949 2
947 1
947 1
947 0
926 0
926 0
926 0
926 4
919 4
919 4
919 3
1073 2
1070 3
1030 3
1032 5
1000 0
984 0
984 3
1010 1
1010 3
992 4
953 5
932 2
931 4
920 4
919 0
916 1
916 2
917 4
911 3
1057 3
1034 4
1000 2
998 0
943 4
926 0
918 3
1072 1
1072 0
1029 0
1027 4
946 0
932 3
1035 3
1009 0
972 0
972 5
1050 1
1050 3
1030 5
1055 1
1055 4
949 1
949 5
949 5
1001 1
1001 0
1001 0
1001 3
1032 0
1009 3
1010 5
1089 2
1085 4
930 3
1013 5
998 4
943 0
931 5
1002 2
1002 5
1091 4
925 4
916 3
1021 2
1016 3
1012 0
967 0
967 3
1002 4
952 4
945 5
940 4
922 2
922 3
1030 1
1030 2
1027 0
1003 4
942 3
1044 3
1031 2
1029 2
1024 0
989 0
989 0
989 4
946 0
939 2
941 5
993 5
1061 2
1060 1
1060 3
1052 4
977 0
947 4
928 3
1040 3
1020 1
1020 0
980 5
1044 0
1044 4
940 3
1043 5
1017 4
967 1
967 4
964 2
964 5
960 4
947 3
1054 2
1053 1
1053 0
1015 2
1017 0
1017 5
1064 4
955 1
955 3
1070 4
1046 2
1038 0
987 2
988 0
988 4
969 0
962 4
946 4
946 2
946 2
945 0
943 0
943 5
979 5
1017 5
1068 4
950 4
950 0
938 5
986 2
986 5
1028 2
1035 4
932 5
949 3
1040 4
1003 1
1003 3
1107 4
1084 3
1134 4
1120 3
1162 0
1074 4
1021 2
1023 0
1001 4
985 2
985 0
980 2
980 2
980 3
1104 5
1088 0
1080 0
1080 3
1083 3
1108 2
1105 4
1074 3
1101 3
1112 0
1062 0
1062 5
1106 0
1106 2
1105 5
1145 0
1145 2
1143 1
1143 3
1072 4
1010 0
976 4
954 4
951 4
951 1
951 5
959 5
984 5
1013 3
1066 3
1015 1
1015 5
1016 4
960 4
950 0
941 3
1033 2
1029 0
1004 5
1056 4
937 5
941 0
937 0
936 5
989 2
989 0
989 0
989 4
919 5
924 4
916 3
1053 3
1009 0
982 1
982 0
981 5
1031 2
1032 0
1032 2
1030 4
930 0
918 4
912 2
913 5
937 1
937 0
937 4
913 0
911 0
911 2
911 0
911 2
911 3
1013 2
1012 4
977 4
976 2
972 4
972 3
1037 3
1050 2
1037 0
996 0
994 1
994 4
945 4
944 3
1034 1
1034 5
1002 4
963 3
1069 1
1069 1
1069 0
1014 5
1041 3
1021 0
1000 3
1007 5
1023 0
1021 4
942 5
949 3
1006 2
1003 5
1004 4
929 5
944 4
914 5
934 2
934 3
982 0
961 0
961 0
961 3
996 4
940 1
940 5
938 0
935 5
993 5
1048 5
1109 1
1109 5
1174 0
1174 0
1174 2
1172 2
1169 0
1169 3
1093 3
1053 5
1105 0
1105 2
1102 4
935 3
975 3
969 2
966 4
941 5
937 3
1012 3
989 4
961 4
958 3
1039 4
1005 0
939 2
940 3
1007 0
982 3
988 1
988 3
980 4
946 5
935 1
935 0
927 4
900 4
899 2
899 0
895 4
891 4
891 3
975 4
948 5
928 2
928 0
917 5
952 4
904 0
899 3
1018 0
982 2
984 1
984 4
925 2
921 1
921 3
1009 4
996 3
1053 3
1021 2
1019 4
1013 2
1010 1
1010 2
1009 5
980 4
970 4
970 0
950 5
977 3
1022 2
1020 3
1009 0
978 4
938 1
938 0
934 5
978 3
1010 4
956 3
1006 4
978 0
930 2
930 4
922 4
921 5
938 3
998 5
982 4
938 1
938 5
939 0
934 3
1009 2
1002 3
995 4
968 2
963 4
958 3
1019 0
985 0
984 4
937 3
1029 3
1031 4
1018 4
1017 0
963 0
961 2
961 5
981 0
981 0
981 0
981 0
981 4
929 0
923 0
923 0
923 0
923 0
923 3
1002 2
1002 2
1002 4
971 4
971 3
1038 4
1015 4
1015 5
986 1
986 0
974 4
950 1
950 5
956 2
956 0
954 0
954 4
940 4
939 3
1034 3
1033 0
985 0
982 2
982 4
941 2
940 3
1020 3
1012 4
989 4
989 0
964 3
1006 5
995 1
995 3
1007 5
985 5
1007 0
1003 5
1046 5
1081 3
1049 1
1049 3
1023 4
958 5
953 3
993 5
994 4
956 3
1012 3
990 1
990 4
969 1
969 0
945 2
945 5
973 0
973 4
938 0
934 2
934 3
987 4
954 4
948 3
1007 0
968 0
967 3
991 4
956 4
953 2
953 5
941 1
941 0
937 0
937 1
937 0
937 5
961 4
922 0
918 0
918 0
918 5
949 4
911 3
1002 2
1002 5
981 4
951 4
951 1
951 0
928 0
928 3
978 1
978 4
953 4
953 4
953 0
927 3
997 2
995 2
993 4
969 3
1003 1
1003 4
990 0
961 0
961 0
961 0
961 4
938 4
937 2
938 4
937 4
937 0
929 0
929 4
925 4
925 5
930 2
929 1
929 0
929 2
929 4
922 0
919 3
974 2
972 0
955 2
955 3
979 4
955 4
951 5
937 2
938 4
927 3
999 0
975 4
930 1
930 4
928 5
933 4
925 1
925 0
922 2
922 3
963 3
971 4
947 3
1002 4
995 4
995 5
963 0
947 0
947 5
968 5
985 1
985 5
1005 0
1005 3
1007 2
1005 1
1005 2
1004 3
992 3
995 5
975 0
970 1
970 4
934 1
934 5
937 0
935 1
935 1
935 2
936 0
936 4
913 3
971 5
965 4
930 3
998 5
964 0
961 3
967 3
967 4
943 4
941 5
922 1
922 1
922 0
917 0
917 4
908 0
907 4
905 3
965 1
965 4
953 4
952 3
990 4
977 1
977 0
935 4
924 4
923 0
920 1
920 4
918 2
918 2
919 0
918 0
918 5
934 5
947 2
947 4
915 2
915 0
914 4
913 4
913 2
914 2
914 5
927 2
927 0
927 4
911 4
911 0
911 5
930 3
962 2
961 1
961 2
960 3
954 3
973 4
945 4
943 0
925 3
953 4
937 5
935 5
945 5
958 0
958 0
958 0
958 5
980 0
980 3
972 3
977 0
959 3
982 5
991 5
1019 5
1054 0
1054 3
1015 4
944 0
934 4
915 1
915 5
921 4
900 0
899 5
927 3
947 5
970 3
966 0
961 0
961 1
961 4
918 3
952 5
952 5
970 3
968 4
927 0
917 0
917 2
918 5
951 1
951 1
951 2
951 5
980 3
978 1
978 5
1001 1
1001 4
926 1
926 5
927 5
948 2
948 3
954 4
904 1
904 4
901 0
892 5
916 0
916 3
943 3
934 3
946 4
913 5
908 3
936 0
928 2
927 5
947 0
947 0
947 0
947 4
906 3
945 0
933 5
959 3
962 0
954 4
919 3
938 3
927 5
923 0
923 4
895 3
923 4
910 3
927 4
918 2
917 5
900 3
935 5
926 0
925 0
925 0
925 0
925 5
945 5
958 2
952 0
952 5
971 5
985 4
903 4
900 3
923 0
910 4
894 0
892 5
911 4
891 0
890 4
889 3
914 3
922 4
917 3
933 2
931 3
938 0
905 2
905 3
921 2
920 2
919 0
914 2
916 5
938 0
938 0
938 2
938 5
950 4
898 5
897 4
887 2
887 0
885 0
885 1
885 2
885 4
884 4
884 0
884 5
903 5
919 4
885 4
885 4
885 1
885 2
885 4
885 3
896 3
905 1
905 0
900 1
900 5
912 0
912 4
889 0
887 1
887 5
904 2
904 5
912 4
884 5
887 4
883 5
888 2
888 3
907 4
896 0
889 0
889 1
889 5
903 3
903 4
888 1
888 4
885 1
885 0
883 4
881 5
883 2
883 3
898 0
894 5
909 3
909 2
907 5
918 3
920 0
918 0
918 5
943 5
962 2
959 3
955 4
897 2
894 0
890 4
882 1
882 3
896 5
896 4
882 3
904 1
904 3
908 5
903 0
901 3
921 0
918 2
917 2
915 4
895 1
895 5
892 2
891 4
877 0
876 3
884 3
888 0
888 3
902 2
900 2
899 0
894 5
908 4
879 4
874 2
874 1
874 2
875 0
872 5
891 4
873 1
873 5
885 2
885 2
885 4
872 0
869 4
869 3
893 4
887 2
887 4
887 2
887 5
876 5
877 4
871 0
871 4
870 0
870 3
886 0
885 2
885 4
875 4
875 3
883 0
878 3
894 0
894 4
882 1
882 5
884 0
882 0
882 3
893 0
892 3
898 4
882 4
877 1
877 4
877 0
874 4
873 2
873 2
873 3
885 4
883 3
888 1
888 1
888 3
901 0
886 0
886 2
886 4
875 1
875 4
874 0
872 3
879 0
878 2
878 5
887 5
895 5
905 0
905 1
905 0
905 0
905 3
908 3
914 0
908 3
919 2
918 5
927 5
945 0
945 4
892 2
890 0
887 2
886 1
886 1
886 0
886 4
873 2
872 2
870 5
876 3
887 4
876 4
874 3
884 3
889 1
889 5
880 0
880 3
887 3
884 2
882 5
888 4
873 4
871 5
873 5
879 0
879 4
871 5
871 5
879 1
879 0
879 0
879 4
869 3
883 3
883 1
883 4
879 1
879 2
878 2
878 0
875 3
881 3
889 1
889 1
889 0
886 2
886 4
875 4
875 0
873 5
882 1
882 3
886 5
893 4
873 3
884 3
889 5
885 0
883 5
891 1
891 5
894 0
894 1
894 5
903 3
903 5
909 2
908 0
908 0
908 3
913 0
913 3
916 3
917 1
917 0
915 3
921 4
898 1
898 1
898 3
897 2
896 1
896 4
883 1
883 3
885 3
882 3
884 0
879 5
884 4
873 1
873 1
873 4
872 2
872 3
881 5
880 1
880 4
873 2
873 0
872 4
871 5
877 2
877 2
877 5
880 2
880 0
880 1
880 0
880 3
883 5
884 0
884 4
876 3
883 0
879 2
880 0
880 5
893 5
897 1
897 2
897 5
901 5
908 3
909 4
881 1
881 0
877 5
879 5
882 5
886 2
886 0
886 5
892 3
893 5
896 4
875 3
882 0
881 3
890 3
885 3
887 1
887 2
886 0
885 4
873 1
873 0
873 1
873 4
870 0
870 3
870 5
877 1
877 2
877 3
879 3
880 2
879 0
878 1
878 5
881 2
881 3
884 3
883 0
882 4
874 4
867 2
867 4
867 2
867 5
868 3
874 4
873 3
889 3
884 2
884 3
881 0
874 3
878 5
879 3
880 5
884 0
884 3
883 2
882 3
886 2
885 4
871 0
871 0
871 4
867 0
867 3
877 3
877 2
877 4
872 3
878 3
873 5
870 0
870 3
877 0
876 1
876 0
876 3
875 5
879 2
878 0
877 5
883 4
870 5
872 4
869 0
868 2
868 4
868 5
871 4
868 0
868 0
868 2
868 1
868 2
868 4
868 3
870 3
875 5
880 4
872 3
876 0
872 4
869 1
869 5
872 0
872 0
872 4
868 3
871 0
870 2
870 5
872 3
876 0
875 2
875 2
875 3
876 1
876 4
866 3
872 5
869 1
869 2
869 3
867 3
874 0
873 2
873 2
873 2
873 3
871 4
866 0
865 3
866 0
866 4
866 4
866 1
866 4
866 2
866 5
867 2
867 5
868 3
870 5
872 0
872 5
873 1
873 3
873 5
874 0
874 0
874 1
874 0
874 0
874 5
875 3
878 5
882 1
882 3
886 0
885 3
886 1
886 5
890 5
890 1
890 0
890 2
889 4
877 3
880 5
882 2
882 0
882 3
885 4
872 5
874 0
873 3
877 4
869 2
868 5
869 1
869 1
869 4
867 2
866 0
866 2
866 4
866 0
866 0
866 3
873 3
870 1
870 1
870 0
870 3
872 2
870 2
869 5
870 4
867 3
868 0
867 5
868 5
868 0
868 3
871 2
870 0
869 4
868 4
868 3
870 0
868 0
868 3
872 2
871 0
871 5
874 3
878 2
877 5
877 0
877 4
867 2
866 5
866 5
866 5
866 5
866 4
864 0
864 1
864 3
864 2
864 5
864 5
867 3
868 0
868 0
868 0
868 2
867 3
867 3
868 3
871 0
870 1
870 4
865 4
864 0
864 1
864 2
864 3
866 0
866 2
866 3
865 4
864 3
871 2
870 2
869 0
866 4
862 2
862 3
862 4
862 1
862 0
862 0
862 0
862 2
862 3
863 2
863 2
863 3
862 4
862 2
862 4
862 2
862 4
862 5
862 4
862 0
862 3
863 5
865 4
863 0
863 3
863 5
863 4
863 3
871 5
867 5
867 0
867 4
865 5
865 3
866 2
866 3
866 0
866 1
866 2
866 3
865 3
867 3
868 4
867 2
866 3
867 5
865 0
865 3
866 0
866 2
865 3
865 5
866 3
866 4
863 4
862 3
865 2
865 0
865 1
865 0
865 5
865 3
864 2
863 1
863 0
863 2
863 4
863 5
864 3
864 3
868 0
867 1
867 3
868 5
867 0
867 0
867 5
869 2
869 3
867 5
872 5
874 3
876 2
875 2
874 2
873 1
873 5
876 3
873 4
866 2
865 4
864 4
864 5
864 5
864 0
864 3
864 3
865 0
865 4
864 4
864 4
864 2
864 2
866 2
866 4
865 4
864 0
864 2
864 0
864 2
864 5
866 1
866 3
866 5
866 3
870 3
866 4
865 1
865 0
865 4
864 2
863 0
863 3
866 1
866 2
865 4
864 5
863 3
866 0
864 5
868 4
862 4
862 2
862 4
862 0
862 5
862 5
865 5
866 0
866 2
866 2
866 5
866 0
866 5
867 4
863 3
862 3
867 0
866 4
863 4
863 3
863 0
863 4
863 1
863 3
865 0
863 4
861 3
863 5
862 2
862 5
863 2
863 4
861 4
861 3
861 3
862 1
862 4
862 3
862 5
863 2
863 3
868 0
867 3
865 5
865 1
865 2
864 1
864 4
863 0
863 1
863 3
864 0
864 1
864 5
864 2
864 0
864 0
864 2
864 3
869 2
869 4
867 4
865 2
865 3
869 3
866 1
866 4
865 5
864 3
863 3
863 3
867 1
867 5
866 2
866 0
866 4
864 1
864 2
864 2
864 0
863 1
863 3
863 5
863 0
863 5
863 3
865 2
865 3
863 0
863 2
863 0
863 0
863 1
863 2
863 4
863 0
863 4
863 2
863 4
863 0
863 0
863 5
865 3
864 1
864 4
863 4
863 0
863 1
863 2
863 5
864 2
864 3
867 5
867 0
867 4
864 2
863 4
863 0
863 0
863 0
863 0
863 5
867 0
867 4
863 4
863 4
863 5
863 0
863 3
868 4
866 3
867 4
867 5
865 2
865 5
868 3
877 3
868 0
868 5
870 5
870 4
867 2
866 4
864 2
864 3
867 0
866 1
866 0
866 2
866 4
865 0
865 2
865 2
865 0
865 0
865 3
874 0
872 5
872 2
872 5
873 3
873 0
872 0
872 0
872 5
872 5
872 2
872 4
869 0
869 3
871 2
870 4
866 4
864 1
864 0
863 1
863 3
868 3
863 5
868 0
868 3
873 4
867 3
867 1
867 3
867 2
866 4
866 2
866 3
867 2
867 5
863 0
862 4
861 5
861 2
861 4
861 2
861 3
864 4
864 3
869 2
869 2
869 3
871 0
866 2
866 4
863 5
864 3
864 3
869 3
864 0
864 3
867 3
865 5
865 2
865 2
865 3
870 2
870 1
870 0
869 4
862 4
862 3
864 4
863 0
862 4
861 3
862 0
862 5
862 0
862 4
862 1
862 2
862 2
862 2
862 0
862 5
864 0
864 3
862 3
866 3
865 5
865 1
865 2
865 4
863 3
865 0
863 3
867 1
867 5
866 3
866 0
866 1
866 2
866 0
866 1
866 5
870 4
865 2
864 5
866 4
863 4
863 1
863 4
863 0
863 0
863 4
863 0
863 2
863 5
863 3
865 2
865 5
865 4
863 5
864 3
864 3
864 5
864 4
862 0
862 0
862 4
862 2
862 5
862 4
862 4
862 0
862 0
862 4
862 4
862 0
862 0
862 2
862 1
862 3
862 0
862 2
862 3
862 0
862 3
869 1
869 1
869 2
868 3
862 5
862 4
862 5
862 5
862 2
862 4
862 2
862 0
862 4
862 5
863 2
863 4
862 3
864 3
866 2
866 2
866 3
866 5
868 4
865 1
865 5
865 1
865 3
871 3
865 5
866 5
868 0
868 4
864 3
869 3
869 4
869 0
866 0
866 2
866 0
866 5
866 1
866 4
865 0
865 4
865 0
865 5
866 1
866 0
866 1
866 4
866 2
866 3
870 0
867 3
866 5
866 4
864 4
864 2
864 0
864 0
864 2
864 1
864 3
870 5
868 0
868 4
864 3
867 4
867 0
864 0
864 3
865 4
865 3
870 5
867 4
864 0
864 3
864 5
866 3
867 4
864 0
864 5
864 0
864 3
866 1
866 2
866 0
866 0
866 0
866 3
866 3
869 5
869 0
869 3
869 3
871 3
868 0
868 4
864 2
863 1
863 5
864 1
864 3
867 2
866 2
865 4
865 4
865 3
867 4
865 1
865 5
864 2
864 4
864 2
864 3
864 4
864 5
864 1
864 3
864 0
864 4
863 3
865 0
865 0
865 3
867 5
868 3
871 2
870 5
867 0
867 3
873 0
871 3
868 2
867 3
874 4
866 0
865 2
865 4
863 0
863 3
865 5
870 3
866 2
865 0
865 4
863 1
863 2
862 3
864 5
863 5
865 5
865 0
865 0
865 4
862 4
861 0
861 3
861 3
861 5
862 2
862 3
865 3
862 0
862 0
862 1
862 1
862 1
862 4
862 5
862 4
861 0
861 5
864 1
864 4
861 0
861 3
861 0
861 4
861 2
861 2
861 4
861 0
861 5
861 5
861 0
861 5
861 3
862 2
862 3
863 3
865 1
865 4
864 4
864 0
864 4
864 5
864 0
864 1
864 4
863 2
863 3
865 5
864 3
864 1
864 2
864 5
863 4
861 4
861 0
861 0
861 2
861 4
861 4
861 3
861 2
861 0
861 0
861 1
861 4
861 0
861 3
862 0
862 3
862 3
864 5
868 0
868 4
862 1
862 3
863 2
863 2
863 2
863 0
862 0
862 4
860 4
860 3
862 2
862 0
862 3
862 4
860 2
860 4
860 0
860 4
860 0
860 3
861 1
861 5
861 5
862 4
860 3
867 1
867 4
865 1
865 5
863 0
862 4
860 2
860 2
860 4
860 2
860 4
860 1
860 4
860 3
861 3
863 3
863 3
862 4
861 2
861 3
861 0
861 0
861 5
863 5
863 5
863 2
863 0
863 4
862 5
862 0
862 4
861 4
861 0
861 3
865 1
865 3
863 2
863 1
863 0
863 5
865 1
865 5
865 5
869 1
869 0
869 1
869 2
869 2
868 0
868 5
868 2
868 5
868 5
868 0
868 0
868 5
869 0
869 3
868 1
868 4
860 3
861 3
867 3
861 4
860 3
863 4
862 3
862 4
862 5
861 0
861 2
861 3
861 0
861 4
860 2
860 4
860 5
861 3
861 4
860 4
860 3
861 3
867 4
867 0
861 5
861 0
861 3
861 1
861 1
861 0
861 4
861 0
861 0
861 5
862 0
862 3
867 3
863 4
862 1
862 1
862 4
861 2
861 4
861 0
860 4
860 4
860 3
860 4
860 0
860 3
868 5
865 3
867 2
866 3
864 4
862 4
862 2
862 5
863 0
863 0
863 4
862 3
864 4
863 3
872 3
867 3
870 3
865 1
865 1
865 1
865 5
863 3
869 4
864 1
864 4
864 5
862 1
862 3
864 0
864 3
867 0
866 2
866 0
866 5
869 3
870 3
869 3
868 4
865 4
864 1
864 0
864 0
864 3
868 5
867 0
867 4
866 4
865 3
868 1
868 4
867 3
869 4
868 5
867 0
867 3
867 3
867 1
867 4
866 5
865 1
865 5
865 2
865 3
867 3
865 0
865 3
867 3
868 4
865 2
865 4
865 5
864 0
864 4
863 0
863 3
864 3
868 4
865 5
863 5
866 3
865 0
865 1
865 4
864 3
869 1
869 4
866 1
866 5
862 5
862 4
862 0
862 5
862 3
865 3
862 0
862 0
862 5
862 0
862 3
862 5
867 4
862 2
862 0
862 5
863 4
862 0
862 4
862 4
862 0
862 0
862 4
862 3
867 2
866 5
864 4
863 3
869 3
879 3
863 0
862 5
862 0
862 1
862 4
862 4
862 3
862 1
862 5
862 4
862 4
862 3
862 3
868 1
868 0
866 4
862 1
862 0
862 2
862 5
862 1
862 5
863 4
862 5
864 3
865 4
863 5
863 0
863 2
863 3
866 0
865 4
864 5
863 1
863 2
863 0
863 0
863 4
862 1
862 0
862 3
865 0
865 0
865 1
865 0
865 2
865 1
865 0
865 3
865 0
865 3
864 4
863 2
862 0
862 2
862 2
862 3
862 1
862 0
862 4
862 4
862 4
862 1
862 0
862 0
862 4
862 4
862 4
862 1
862 0
862 2
862 0
862 4
862 4
862 5
863 4
862 0
862 2
862 5
866 3
870 4
865 3
864 0
863 2
863 3
866 2
866 0
864 2
864 3
865 4
863 3
864 3
866 4
865 4
865 5
863 0
863 0
863 4
863 4
863 2
863 3
867 3
866 5
865 2
865 4
863 1
863 1
863 4
863 5
864 5
871 5
871 1
871 0
871 3
869 3
867 3
870 5
870 2
870 3
873 2
872 5
872 5
873 0
873 3
872 5
871 2
870 3
869 4
865 5
865 1
865 0
865 2
865 4
863 3
863 3
867 3
863 5
863 0
863 5
863 2
863 3
863 1
863 5
865 2
866 0
866 3
867 4
863 5
867 4
862 3
866 4
864 1
864 3
864 5
862 4
862 5
862 4
862 3
862 1
862 -1
2588 4
2588 4
2588 1
2588 4
2588 4
2588 4
2588 1
2588 2
2587 4
2587 3
1911 2
1881 3
2061 5
1967 1
1967 3
1901 2
1692 5
1617 5
1552 1
1552 0
1407 5
1423 0
1422 0
1422 1
1422 5
1454 0
1454 5
1484 3
1455 5
1373 3
1378 1
1378 2
1369 4
1328 5
1270 2
1269 4
1253 1
1253 1
1253 5
1216 5
1208 4
1191 0
1122 1
1122 3
1326 4
1278 1
1278 1
1278 5
1199 4
1191 0
1120 2
1127 5
1151 3
1211 2
1198 0
1131 4
1056 1
1056 3
1206 2
1201 3
1164 0
1076 0
1075 3
1100 3
1046 1
1046 5
1062 3
1063 1
1063 5
1082 4
982 5
983 5
1032 0
1031 2
1033 1
1033 4
960 0
954 5
1029 2
1030 2
1031 2
1034 0
1034 1
1034 3
1089 4
1007 0
960 5
1020 3
1071 1
1071 1
1071 2
1068 4
1007 5
998 5
1023 1
1023 1
1023 3
1077 2
1073 4
1017 0
977 1
977 3
1077 4
1025 5
995 4
978 2
977 0
965 0
964 2
964 3
1131 1
1131 0
1057 0
1057 4
971 0
966 1
966 5
1027 1
1027 0
1027 5
1106 4
951 4
951 0
939 4
932 0
930 1
930 4
928 2
928 3
1099 1
1099 5
1059 3
1039 4
996 1
996 3
1138 2
1135 3
1049 2
1046 3
1153 1
1153 3
1054 1
1054 4
1025 3
1242 1
1242 4
1218 5
1119 4
1117 4
1117 3
1295 3
1213 0
1110 1
1110 1
1110 5
1149 4
1021 4
1017 4
1017 5
1009 5
1037 4
1001 1
1001 1
1001 0
986 2
997 2
997 4
975 3
1206 5
1137 0
1096 3
1097 2
1094 5
1085 0
1073 3
1077 0
1046 2
1045 2
1044 1
1044 2
1043 3
1054 5
1121 3
1059 5
1179 3
1130 0
1127 4
978 5
1005 0
1004 2
1003 0
1003 0
1003 5
1147 3
1089 3
1052 3
1050 1
1050 4
957 0
948 3
1017 0
1005 4
941 0
931 0
931 2
930 2
930 4
917 5
966 0
966 0
966 4
916 3
1010 0
972 4
930 4
919 2
918 5
936 1
936 3
1040 5
1057 4
943 3
1092 5
1043 2
1042 0
1036 3
1017 4
964 2
962 4
955 1
955 5
960 4
935 3
1065 1
1065 0
997 5
1061 4
957 4
954 0
936 5
1005 1
1005 0
1005 5
1082 5
1161 0
1161 5
1258 4
960 1
960 5
964 5
996 0
996 0
996 2
996 2
999 5
1075 3
1079 0
1057 5
1145 2
1143 1
1143 5
1249 3
1182 1
1182 5
1273 0
1272 0
1272 5
1433 1
1433 4
1004 0
982 5
1074 0
1074 3
1040 2
1036 3
1027 1
1027 2
1024 1
1024 3
1019 4
958 0
947 3
1028 4
963 5
946 4
926 2
925 2
925 0
918 4
912 0
909 2
911 2
912 0
912 1
912 4
907 1
907 5
942 5
1009 4
921 0
917 1
917 0
917 0
917 3
1067 2
1063 0
1035 0
1035 3
1005 0
994 5
1100 3
1063 3
1048 0
1039 3
1066 0
1066 3
1076 4
951 3
998 1
998 3
965 0
950 1
950 4
922 5
945 5
1014 3
1037 0
1027 3
1018 4
921 5
936 4
896 2
895 1
895 0
893 4
890 0
890 3
1001 5
1031 5
1116 4
927 1
927 2
925 0
915 0
915 5
998 2
999 2
1001 0
1001 3
1005 2
1002 0
994 2
992 0
992 4
921 3
1012 3
971 1
971 5
985 4
918 4
910 0
899 4
891 4
890 0
889 3
1045 4
1002 0
949 0
948 4
918 1
918 4
916 0
910 4
904 2
905 2
905 3
1079 4
1043 3
1132 4
1102 3
1152 0
1081 2
1081 0
1079 3
1114 2
1109 3
1077 0
1030 1
1030 2
1029 2
1028 0
1028 1
1028 0
1028 4
968 5
976 4
948 4
948 3
1113 0
1065 4
989 4
985 4
984 4
984 3
1140 4
1110 0
1011 3
1114 4
1067 1
1067 4
1066 3
1245 0
1099 3
1122 0
1076 4
997 0
983 0
983 3
1072 3
1021 3
1033 5
1023 2
1021 2
1020 4
955 4
950 4
950 5
954 3
1092 5
1060 0
1046 2
1042 0
1042 4
949 1
949 2
946 1
946 2
945 4
942 0
929 4
916 3
1087 0
1029 2
1028 4
949 2
945 2
944 4
944 3
1101 0
1046 3
1041 3
1029 2
1024 1
1024 5
1025 3
1020 4
964 2
961 2
959 4
951 3
1086 1
1086 5
1034 3
1031 0
999 2
1000 2
1002 2
1004 4
940 0
934 4
928 0
920 4
917 4
914 4
914 4
914 5
940 0
940 4
915 0
912 1
912 0
912 4
911 3
1050 0
996 0
996 2
998 1
998 5
1066 2
1065 0
1065 0
1065 3
1025 0
1011 5
1097 3
1059 1
1059 1
1059 3
1047 0
1038 3
1047 5
1189 0
1189 3
1144 5
1356 4
947 1
947 3
1008 1
1008 3
973 5
990 2
989 0
986 4
920 3
1009 2
1005 4
978 4
971 5
937 0
927 2
930 3
1051 1
1051 2
1048 1
1048 1
1048 4
985 2
981 0
937 4
917 0
911 4
908 1
908 4
908 2
909 0
906 1
906 4
906 2
907 4
907 2
910 4
909 3
1076 2
1075 0
1018 0
1018 4
956 4
952 0
938 4
928 4
928 0
924 4
921 3
1071 1
1071 4
1041 0
989 2
990 2
989 1
989 4
955 2
956 0
950 3
1083 0
1026 4
967 0
947 0
946 4
935 0
929 3
1043 0
1021 4
956 1
956 0
934 5
988 0
988 3
1039 1
1039 1
1039 5
1049 4
944 0
927 0
927 1
927 1
927 0
927 3
1032 0
1003 0
1002 4
922 0
911 5
978 0
978 0
978 1
978 3
1016 3
996 4
942 4
932 1
932 1
932 5
933 2
934 1
934 1
934 1
934 4
917 3
1051 3
1001 4
976 2
975 0
934 5
994 0
994 4
920 0
913 4
910 2
909 4
909 5
933 0
933 3
1072 0
1010 0
1010 0
1010 4
937 0
926 0
926 0
926 0
926 2
926 1
926 0
926 3
1011 4
958 4
951 1
951 4
951 0
932 4
919 0
917 0
917 3
1009 3
972 0
958 0
958 2
959 4
919 5
941 4
905 2
904 4
904 5
925 0
924 4
902 4
900 5
938 5
987 1
987 4
903 1
903 5
929 2
930 1
930 4
897 0
894 0
894 3
1012 0
987 2
987 2
988 2
984 3
970 4
919 1
919 3
1063 5
1006 4
951 3
1081 0
1014 4
951 3
1070 4
1042 1
1042 3
1121 1
1121 5
1044 0
1014 1
1014 4
962 1
962 2
961 4
959 3
1107 3
1051 4
1028 2
1022 2
1019 3
1163 1
1163 2
1162 2
1163 1
1163 4
1131 4
1131 1
1131 4
1131 2
1132 5
1080 1
1080 0
1048 3
1160 0
1088 1
1088 5
1129 0
1129 2
1129 0
1129 3
1109 4
1037 1
1037 4
1032 3
1123 3
1166 0
1084 0
1084 3
1041 2
1039 4
1010 4
1007 3
1088 3
1097 0
1045 5
1087 0
1087 1
1087 4
986 2
986 3
1078 5
1044 0
1029 5
1061 0
1061 4
975 0
958 3
1052 5
1024 3
1042 3
1012 5
1007 0
1003 3
1018 4
961 3
1017 3
1021 1
1021 4
995 2
991 3
1064 4
1039 4
1037 0
971 4
941 4
941 3
1074 4
1047 0
979 4
947 3
1078 0
1023 5
1070 4
958 5
952 4
941 5
940 0
938 0
938 2
942 0
942 4
931 2
931 3
1087 1
1087 2
1085 4
1058 3
1104 3
1121 4
1107 0
1032 0
1032 3
1064 3
1070 2
1068 5
1040 4
1002 3
1089 3
1092 5
1041 3
1073 4
1039 1
1039 0
985 3
1063 4
1024 1
1024 0
983 2
983 2
983 4
953 3
1084 1
1084 0
1027 4
968 0
957 4
950 2
951 0
951 5
979 5
1024 2
1024 3
1061 2
1057 3
1034 2
1031 4
1000 4
992 5
982 0
974 2
974 5
1002 5
1033 4
958 1
958 2
960 3
1069 2
1065 1
1065 2
1060 4
1036 4
1036 0
977 0
977 0
977 3
1065 3
1057 4
1024 5
995 4
986 1
986 3
1082 5
1036 3
1066 4
1043 4
1043 4
1043 0
999 5
1020 3
1049 1
1049 0
1023 0
1022 5
1079 4
970 3
1049 0
998 3
1005 4
979 4
970 3
1032 4
1016 5
980 0
964 4
943 2
945 5
945 4
936 1
936 5
946 0
945 0
945 2
945 4
929 0
926 3
1047 4
1003 4
1002 5
965 0
951 0
951 5
987 3
1014 4
972 2
971 3
1022 5
997 0
985 4
944 4
942 0
930 2
930 0
930 3
1023 0
998 4
938 3
1028 1
1028 0
994 3
1003 0
989 4
943 4
940 0
931 2
933 3
998 3
971 3
989 0
961 5
1009 2
1009 5
1074 0
1074 0
1074 1
1074 0
1074 1
1074 4
932 2
930 2
928 4
918 0
904 5
939 3
997 4
942 2
941 2
936 1
936 5
927 0
924 0
924 5
967 3
987 2
985 1
985 0
970 4
916 1
916 3
972 5
957 4
920 0
911 4
897 4
897 3
992 4
965 2
961 0
929 0
929 1
929 4
909 2
909 5
928 2
931 2
931 0
930 1
930 2
935 4
910 4
909 4
909 1
909 0
908 3
995 5
983 0
979 5
1014 4
921 4
918 0
910 3
983 0
966 5
998 0
998 3
999 3
980 2
977 0
964 1
964 0
964 0
964 3
974 4
922 0
914 0
914 2
913 2
913 3
980 0
972 0
972 0
972 0
972 0
972 0
972 0
972 2
972 2
972 3
976 3
972 2
970 0
961 3
995 4
921 5
938 4
904 1
904 1
904 4
901 4
901 5
922 3
963 3
950 3
969 5
981 0
975 2
974 4
908 0
900 3
961 5
981 3
964 2
961 4
921 1
921 0
907 5
963 0
963 5
1034 2
1031 3
1004 0
998 4
915 1
915 2
914 2
913 2
912 1
912 0
910 2
909 5
972 2
972 2
972 1
972 0
972 0
972 4
913 5
927 3
964 4
925 1
925 5
920 2
920 2
920 2
920 1
920 2
920 0
919 0
919 4
903 4
899 0
895 4
891 5
918 0
917 0
917 4
891 0
891 5
937 0
937 2
936 0
936 5
987 3
983 3
960 5
995 3
982 2
978 0
973 3
993 0
989 4
922 0
916 0
916 5
982 4
909 1
909 3
952 3
954 4
933 0
905 3
960 5
964 3
961 5
993 4
906 0
903 5
949 4
898 3
943 5
934 3
955 1
955 2
953 4
925 4
916 0
896 4
886 2
886 5
899 5
924 2
924 3
950 4
921 4
919 4
919 5
912 3
953 1
953 1
953 2
952 5
951 2
950 3
966 0
950 4
904 3
954 0
936 3
943 3
952 4
917 3
961 4
942 4
939 0
907 4
894 4
893 5
903 1
903 2
905 3
953 0
941 5
977 2
977 5
1009 4
905 2
904 3
953 4
938 3
958 2
953 4
939 2
938 4
938 3
973 3
987 3
985 0
944 0
944 0
944 1
944 2
944 2
944 3
981 4
955 1
955 4
953 0
917 1
917 4
901 2
904 2
905 4
904 3
961 2
960 0
938 0
938 2
938 4
913 3
967 2
968 4
956 0
936 1
936 3
979 0
952 3
983 0
964 4
915 0
913 1
913 4
904 2
903 4
902 5
906 0
906 2
906 5
929 4
905 2
903 2
903 2
903 3
938 0
924 1
924 4
905 5
918 4
904 2
904 3
953 1
953 2
953 3
977 0
959 3
963 0
949 1
949 4
915 0
907 0
907 4
897 1
897 0
897 2
897 3
949 4
918 4
916 0
897 1
897 4
892 5
899 1
899 0
899 0
899 1
899 4
889 4
889 5
903 5
922 2
922 3
948 0
939 1
939 0
939 3
956 3
945 2
943 5
973 0
973 5
1026 2
1024 5
1078 2
1075 3
1031 3
1017 1
1017 5
1059 1
1059 4
927 2
925 3
940 4
914 4
911 2
911 1
911 2
911 4
911 2
912 3
955 1
955 4
946 0
922 5
938 1
938 0
938 4
900 3
942 0
925 4
909 4
909 2
908 1
908 2
906 5
913 4
900 5
907 0
905 3
935 2
934 4
911 5
911 5
927 4
898 3
939 3
928 4
921 1
921 3
945 5
926 2
925 4
908 5
912 5
927 3
932 5
941 2
941 0
940 1
940 1
940 2
940 3
942 3
947 1
947 5
952 0
951 5
988 0
988 2
988 4
914 3
931 4
918 0
903 0
903 3
933 4
904 0
899 5
923 5
942 3
953 4
909 0
901 4
891 3
921 4
913 5
900 5
915 2
915 3
918 0
912 5
934 2
931 0
931 4
892 5
898 3
912 5
925 5
942 4
891 2
890 3
913 3
920 3
910 0
903 5
928 4
894 0
888 5
903 5
924 3
932 0
930 0
929 5
954 3
955 2
954 4
907 4
888 1
888 5
897 0
895 4
879 1
879 3
907 3
904 4
896 3
920 2
921 3
931 4
919 0
902 0
902 0
902 4
892 4
892 5
895 0
894 3
906 1
906 0
902 0
902 2
902 2
902 3
928 4
908 0
897 0
897 2
898 0
898 4
888 3
907 0
896 1
896 4
887 2
886 4
885 0
884 2
885 2
885 1
885 3
907 4
888 0
885 4
884 0
884 5
897 0
897 3
911 0
907 4
892 2
891 3
908 2
908 4
905 4
905 5
901 3
911 0
907 3
913 4
894 0
890 2
890 0
890 0
890 3
903 2
903 0
903 0
903 4
892 3
901 3
913 2
911 2
910 5
902 1
902 1
902 5
909 0
909 4
887 5
890 1
890 3
911 2
910 5
905 2
905 1
905 4
891 1
891 2
890 4
887 3
917 0
896 0
896 5
906 3
913 1
913 4
898 5
892 2
892 4
885 0
883 2
883 0
883 4
881 0
881 1
881 4
881 0
881 0
881 4
881 2
881 0
881 4
881 4
881 0
881 1
881 0
881 2
881 0
881 2
881 1
881 5
890 3
901 4
887 0
885 2
885 2
885 2
885 1
885 0
885 1
885 1
885 3
901 5
904 0
904 4
885 2
884 0
884 1
884 1
884 1
884 4
883 2
883 3
898 0
888 2
888 5
897 3
904 5
913 3
912 4
893 3
904 4
899 1
899 3
903 2
902 4
899 4
899 2
899 1
899 4
899 0
889 3
901 1
901 5
902 1
902 0
902 0
902 5
914 1
914 5
922 4
885 2
885 1
885 3
892 2
892 3
894 5
892 1
892 0
892 3
898 4
885 3
892 0
885 1
885 1
885 2
885 1
885 5
896 3
907 5
913 1
913 5
917 4
887 0
885 1
885 0
885 4
882 4
879 0
877 2
877 0
877 2
877 0
877 4
877 2
877 4
877 0
877 0
877 4
877 5
878 4
877 4
877 4
877 4
877 3
890 0
887 4
881 3
887 5
884 2
884 2
884 0
882 0
882 1
882 4
880 0
877 5
884 4
879 2
879 2
879 2
879 2
879 0
877 1
877 2
877 5
885 0
885 1
885 0
885 5
892 4
877 1
877 0
875 1
875 4
874 5
880 3
881 3
884 2
882 0
881 3
888 0
888 3
893 0
893 0
892 0
892 4
882 0
880 1
880 0
880 1
880 5
887 4
877 5
877 4
873 5
878 1
878 1
878 5
881 0
881 2
881 5
888 4
875 0
873 5
879 1
879 5
884 0
884 4
874 0
873 0
873 5
875 5
880 0
880 0
880 4
873 0
873 3
882 1
882 1
882 5
889 5
891 4
876 4
875 1
875 2
875 3
879 0
875 4
874 0
874 1
874 5
883 4
874 5
876 0
876 0
876 1
876 1
876 2
876 2
876 2
879 5
887 5
893 1
893 4
876 3
882 1
882 1
882 5
882 0
882 0
882 3
886 3
883 0
883 2
883 0
883 2
883 1
883 0
883 3
884 5
889 3
890 5
898 3
897 0
897 2
896 1
896 4
882 5
882 4
873 4
873 5
874 1
874 4
873 2
873 5
873 2
873 4
872 4
872 5
873 4
872 3
881 4
879 0
872 4
871 4
871 4
871 1
871 3
875 5
875 3
880 0
877 3
879 5
882 2
882 5
888 0
888 3
887 4
874 4
873 4
873 4
873 0
872 3
880 4
875 5
875 0
875 5
879 5
880 0
880 4
870 4
870 0
870 1
870 4
870 4
870 0
870 3
882 5
880 5
882 4
871 4
868 4
868 0
868 4
868 5
870 1
870 4
869 5
869 5
870 4
869 4
869 3
872 0
871 4
870 1
870 3
874 4
874 4
874 2
874 2
874 0
870 3
874 4
869 5
868 2
868 5
868 4
868 0
868 4
868 4
868 1
868 1
868 4
868 0
868 4
868 3
868 4
868 4
868 3
869 0
869 3
878 5
878 0
878 4
868 4
867 2
867 4
867 3
876 0
871 5
871 5
877 4
867 0
867 4
867 5
868 0
868 0
868 5
869 0
869 5
871 3
876 1
876 5
877 5
879 4
868 0
868 2
868 1
868 1
868 3
868 5
868 2
868 4
868 4
868 5
869 4
868 3
869 4
869 5
868 4
867 4
867 4
867 5
869 0
869 4
867 4
867 2
867 1
867 5
867 0
867 1
867 3
874 3
867 1
867 4
867 0
867 3
867 2
866 0
866 5
866 0
866 3
870 5
869 4
866 0
866 4
866 3
871 2
871 0
870 2
870 0
870 3
872 1
872 4
870 0
868 5
869 0
869 5
870 3
871 0
871 1
871 0
870 4
867 5
868 3
877 2
876 1
876 4
872 4
872 1
872 4
872 4
872 0
868 5
868 5
868 2
868 0
868 5
868 5
870 0
870 4
868 3
869 5
868 4
868 0
867 4
867 0
867 2
867 2
867 5
867 4
866 5
872 5
872 1
872 1
872 3
870 4
868 3
877 3
868 2
868 1
868 0
867 5
869 3
875 4
869 4
868 2
868 1
868 4
868 4
868 1
868 4
868 4
868 1
868 4
868 4
868 4
868 3
868 5
867 3
867 5
867 4
866 4
866 3
869 4
869 0
868 0
868 1
868 5
869 5
871 0
871 2
871 4
866 0
866 5
866 4
866 0
866 5
866 3
867 4
867 0
866 5
866 5
867 2
867 3
871 0
870 4
869 0
869 1
869 2
868 0
868 0
868 4
868 4
868 4
868 4
868 3
867 1
867 5
867 0
867 1
867 5
867 3
869 4
867 4
867 5
867 2
867 4
866 4
866 4
866 4
866 3
872 4
870 4
870 4
870 4
870 4
870 1
870 5
867 4
867 1
867 4
867 3
869 3
870 4
869 4
869 5
867 4
867 4
867 4
867 3
869 3
868 4
868 1
868 1
868 5
870 3
872 5
871 3
874 1
874 0
871 5
873 0
873 2
873 0
873 3
876 0
875 3
881 4
872 0
870 1
870 4
869 4
867 1
867 4
867 0
867 0
867 4
867 2
867 5
869 5
869 0
869 0
869 2
869 0
869 0
869 0
869 4
867 2
867 0
867 0
867 3
870 5
868 1
868 1
868 0
868 4
866 0
866 4
866 5
867 0
867 1
867 0
867 5
867 5
867 4
866 5
868 0
868 0
868 2
868 0
868 4
866 0
866 5
867 0
867 5
868 2
868 4
866 4
866 5
866 3
872 2
872 3
872 4
869 3
869 5
868 1
868 5
868 1
868 4
868 0
868 3
873 4
870 0
867 4
867 4
867 2
867 4
867 2
867 0
867 1
867 2
867 5
867 0
867 3
871 5
872 4
868 1
868 4
867 3
867 4
867 2
867 2
867 4
867 4
867 0
867 1
867 0
867 1
867 0
867 2
867 0
867 5
867 0
867 0
867 5
867 5
867 3
869 2
869 4
868 0
868 2
868 0
868 3
872 1
872 3
868 0
868 1
868 5
868 3
871 3
870 0
870 5
870 0
870 2
870 4
867 4
866 3
866 1
866 2
866 0
865 0
865 4
865 5
865 0
865 4
865 0
865 4
865 1
865 4
865 4
865 2
865 4
865 0
865 0
865 5
867 4
865 2
865 4
865 4
865 2
865 5
868 3
871 5
869 5
872 5
874 5
877 2
877 0
877 4
869 0
868 5
868 0
868 3
874 2
874 3
873 0
870 0
870 2
870 0
870 3
870 4
869 0
869 5
869 0
869 5
869 5
870 4
869 3
869 0
868 4
868 4
867 5
868 3
868 3
872 5
869 0
869 3
868 0
868 4
865 1
865 4
865 0
865 0
865 1
865 5
865 1
865 0
865 3
868 0
868 5
870 3
871 0
869 4
866 3
867 4
866 4
866 5
867 4
866 5
866 3
868 2
867 5
870 0
870 5
872 0
872 0
872 0
872 4
868 5
868 0
868 5
868 3
869 3
873 4
870 4
870 1
870 0
869 1
869 4
867 2
867 4
867 0
867 2
867 0
867 2
867 1
867 1
867 0
867 0
867 4
867 1
867 4
867 0
867 0
867 4
867 4
867 1
867 1
867 5
867 4
867 4
867 5
867 5
867 0
867 3
868 4
866 5
866 0
866 4
866 5
868 4
867 0
867 0
867 2
867 3
870 4
866 5
865 4
865 0
865 3
866 3
868 3
866 3
865 3
865 3
865 0
865 3
866 4
865 5
865 3
869 0
867 0
867 5
867 3
869 3
870 2
869 3
867 3
866 5
866 5
866 5
866 2
866 5
868 0
868 0
868 0
868 4
865 2
865 3
870 0
869 1
869 0
869 3
866 1
866 4
865 4
865 2
865 5
865 3
871 5
869 4
866 0
866 4
866 3
874 2
874 4
873 3
877 2
877 0
872 0
872 4
868 3
873 4
872 0
868 4
866 0
866 2
866 2
869 2
869 4
869 3
869 2
871 1
871 5
871 4
870 5
871 4
870 5
870 3
869 5
868 0
868 4
868 0
868 4
868 3
871 3
872 4
870 0
868 4
868 5
868 1
868 4
868 5
868 0
868 1
868 1
868 4
868 4
868 5
868 3
868 2
868 1
868 4
868 4
868 3
868 3
872 0
870 2
870 5
870 5
870 3
874 2
873 3
875 5
874 4
868 1
868 1
868 2
868 4
868 5
867 2
867 3
870 0
870 4
867 3
869 0
868 0
868 4
867 4
867 5
867 1
867 4
867 0
867 5
869 3
879 0
875 1
875 4
869 0
868 3
872 3
872 1
872 4
871 2
870 5
869 5
869 4
867 2
867 0
867 2
867 0
867 3
869 2
869 2
869 0
869 4
868 0
868 0
868 4
868 3
873 5
870 3
871 1
871 1
871 1
871 3
871 4
869 5
867 5
868 4
867 5
868 2
868 5
869 2
869 1
869 4
867 2
867 4
867 3
868 3
871 5
872 0
872 4
868 2
868 3
870 4
868 3
868 4
868 1
868 3
869 1
869 1
869 1
869 5
867 0
867 4
867 0
867 5
870 0
869 0
869 2
869 3
876 5
874 1
874 1
874 0
874 3
876 3
880 4
872 5
869 4
867 2
867 0
867 4
867 4
867 4
867 4
867 0
867 1
867 5
870 4
868 5
867 0
867 3
870 2
869 0
868 3
873 0
873 2
873 0
873 4
869 1
869 0
868 0
868 5
868 4
868 4
868 0
868 4
868 0
868 5
869 0
869 4
868 5
868 3
868 4
868 1
868 3
868 4
868 5
868 3
876 4
872 2
872 3
873 3
877 4
875 3
880 3
878 3
877 0
870 3
870 2
869 5
871 2
871 5
871 5
871 4
868 1
868 4
868 2
868 0
867 4
867 3
867 5
867 3
867 4
866 2
866 4
866 3
871 5
869 5
873 0
873 5
873 4
868 1
868 4
868 4
868 1
868 4
868 1
868 0
868 5
868 0
868 5
871 2
871 4
868 5
868 0
868 0
868 4
868 1
868 0
868 2
868 4
868 0
868 0
868 5
868 3
867 5
867 0
867 3
871 5
873 3
876 0
872 3
874 4
872 3
878 1
878 0
872 0
872 0
872 4
867 1
867 4
866 0
866 5
868 0
867 1
867 0
867 0
867 3
875 4
874 4
874 1
874 5
873 0
873 4
866 1
866 5
866 4
866 3
877 0
872 5
872 1
872 2
872 4
866 3
871 4
871 4
871 3
868 4
868 0
867 2
867 5
870 4
868 3
870 4
870 5
867 0
867 5
867 3
868 4
867 5
866 4
866 3
866 5
866 2
866 5
866 4
866 0
866 2
866 1
866 0
866 4
866 4
866 4
866 2
866 5
866 5
869 3
867 3
874 3
873 0
871 5
871 0
871 4
867 3
874 3
875 5
873 2
873 0
873 5
873 3
870 5
871 4
867 4
867 2
867 1
867 4
867 1
867 4
867 3
879 4
878 0
873 0
873 0
873 0
873 3
873 5
871 4
869 2
869 4
869 4
869 3
868 4
868 4
868 3
874 3
872 2
871 3
873 0
873 0
873 5
873 2
873 5
873 0
873 5
874 5
874 3
876 1
876 5
878 0
878 5
880 1
880 3
881 4
874 5
874 4
870 3
870 4
870 4
870 1
870 5
869 2
869 3
871 4
870 0
869 2
869 0
869 4
869 5
869 1
869 4
869 4
869 5
869 4
869 0
869 5
869 0
869 3
869 1
869 5
870 3
873 4
871 5
869 4
869 5
869 4
869 5
869 0
869 3
871 4
869 2
869 2
869 0
869 4
869 0
869 3
869 2
869 1
869 0
869 1
869 4
869 1
869 5
870 5
871 4
869 0
869 5
873 1
873 4
869 3
869 0
869 2
869 4
869 2
869 5
869 5
869 1
869 0
869 5
870 1
870 2
870 4
869 5
869 2
869 3
874 4
871 5
870 5
869 4
869 3
869 1
869 4
869 4
869 1
869 3
872 5
871 4
869 2
869 3
875 5
872 2
872 5
872 0
872 1
872 4
869 3
870 5
870 5
870 1
870 3
872 0
871 5
873 0
873 3
872 3
874 1
874 3
872 3
872 4
870 1
870 0
870 5
870 5
870 4
870 5
870 2
870 5
870 4
868 5
869 3
869 1
869 1
869 1
869 4
868 3
870 4
870 4
870 3
870 5
869 0
869 5
871 4
869 5
869 5
872 1
872 5
873 0
873 4
869 4
869 4
869 5
869 5
869 5
869 0
869 4
869 2
869 0
868 5
869 2
869 5
873 4
870 1
870 4
870 4
870 3
875 3
870 3
875 1
875 4
872 3
872 0
869 5
870 3
875 0
875 3
876 1
876 4
870 3
870 3
877 4
874 3
876 1
876 3
874 3
881 3
875 3
874 2
874 3
874 1
874 2
874 0
871 4
868 5
868 1
868 3
868 1
868 1
868 4
868 4
868 4
868 1
868 3
868 5
868 4
868 4
868 5
868 1
868 0
868 3
868 3
874 4
873 3
868 0
868 0
868 3
868 5
868 4
868 0
868 3
868 4
868 5
868 5
868 5
869 4
868 5
868 3
872 3
872 3
872 5
871 3
872 3
872 1
872 5
872 3
872 1
872 5
874 5
877 1
877 4
872 2
871 1
871 2
870 1
870 3
875 2
874 3
876 5
876 5
878 3
873 3
879 4
873 4
872 5
871 4
870 4
870 3
879 3
871 3
870 0
869 1
869 4
868 3
872 5
872 3
876 4
870 5
870 3
874 5
874 0
874 5
876 3
876 4
871 5
871 2
871 4
870 2
870 3
871 5
870 0
870 3
871 4
871 3
871 1
871 5
869 5
869 4
869 4
869 2
869 5
869 4
869 -1
