5 2000
95 2
94 1
94 5
95 5
93 5
87 2
82 3
66 5
89 1
90 5
121 2
116 3
108 4
38 4
38 2
35 5
36 0
36 5
51 1
50 1
50 1
51 0
51 5
72 1
73 1
74 5
94 3
75 3
71 2
69 1
69 5
103 1
103 5
141 5
180 3
169 4
37 5
40 1
43 5
53 5
70 3
61 4
39 3
34 5
39 3
37 0
37 2
37 1
36 2
35 2
34 4
34 0
34 2
34 1
34 5
42 3
39 4
34 5
36 4
33 4
33 5
37 0
37 5
49 0
49 3
40 2
39 2
37 2
35 0
35 4
34 1
34 5
40 5
60 4
33 1
34 3
33 3
33 2
33 3
39 0
34 0
34 0
34 0
34 5
46 5
62 0
62 1
62 0
62 5
85 1
85 3
61 3
56 0
56 5
86 5
116 5
148 3
133 1
133 4
36 5
33 0
33 3
32 2
31 4
31 3
31 0
31 2
34 5
44 0
44 2
43 5
58 5
77 5
94 4
35 2
38 3
39 3
33 3
33 4
33 3
33 4
33 1
36 3
33 0
33 5
44 5
60 1
59 5
78 0
78 4
33 2
33 2
37 0
37 4
37 2
37 2
37 1
37 1
37 4
37 5
44 2
44 5
61 5
78 4
37 1
37 0
37 0
37 5
46 0
46 4
37 3
39 1
41 0
35 1
36 0
36 0
36 5
50 5
69 1
68 4
33 2
33 4
33 3
37 1
37 3
33 5
37 2
39 5
50 5
69 1
58 0
58 0
58 5
77 5
95 4
33 1
33 3
33 2
33 0
33 4
33 2
34 0
34 2
63 3
49 0
40 1
41 2
40 3
39 5
54 5
75 4
34 1
37 3
33 4
33 3
33 5
37 3
36 5
44 4
34 4
34 5
37 0
37 5
49 2
46 2
43 2
45 1
42 2
47 2
47 3
36 3
35 0
35 0
35 4
34 5
36 2
34 5
46 0
46 3
38 4
33 5
37 3
36 1
36 1
36 3
35 1
35 4
34 3
33 1
33 4
33 5
37 5
49 4
33 0
33 3
33 5
44 0
44 5
60 0
60 2
60 3
48 0
48 2
47 3
43 0
43 0
43 5
66 5
92 3
83 3
73 3
71 1
71 0
71 4
32 4
31 1
31 2
31 5
35 2
35 0
35 2
35 4
31 1
35 3
32 2
34 5
43 4
34 4
34 1
34 2
35 1
35 5
40 2
44 3
36 3
34 0
34 3
34 0
34 4
34 3
33 1
38 2
37 5
35 0
35 0
35 0
35 5
47 2
47 0
47 1
46 4
34 1
37 4
37 4
37 5
36 3
36 1
37 3
36 2
35 1
38 1
38 0
38 5
52 3
46 0
46 0
46 2
45 5
71 3
63 1
64 1
64 2
62 3
55 0
55 4
34 3
33 3
33 1
33 3
33 3
33 2
34 1
37 0
35 4
31 4
31 0
31 3
31 4
31 5
34 2
36 3
36 5
46 3
43 5
60 3
54 5
78 5
109 2
104 5
136 1
136 0
136 0
136 4
33 3
33 0
33 5
42 4
32 2
32 1
32 1
32 3
32 4
32 0
32 3
31 3
31 5
43 5
60 4
31 5
35 4
31 3
31 3
31 5
35 0
35 4
31 3
31 0
30 1
30 0
30 5
42 1
41 2
40 2
38 4
34 5
39 1
39 0
39 2
39 2
39 4
33 4
33 2
33 4
33 0
33 3
33 4
33 0
33 0
33 2
33 2
33 4
33 3
33 1
33 2
34 1
34 3
33 4
33 3
33 3
33 3
33 0
33 4
33 2
34 3
33 0
33 2
33 4
33 3
39 5
34 2
33 5
39 0
39 4
33 4
33 0
33 4
33 0
33 4
33 4
33 0
33 3
33 3
33 3
33 3
33 5
44 1
42 0
42 0
42 5
58 4
34 5
36 4
33 0
33 3
33 5
44 5
60 5
80 5
98 3
71 4
35 3
34 1
34 1
34 4
34 2
34 4
34 4
34 5
40 1
40 5
59 1
59 2
55 4
37 2
37 0
37 5
55 5
75 2
75 3
47 1
47 5
57 3
50 5
72 2
69 0
69 4
34 4
34 3
33 5
37 4
33 1
33 5
37 0
37 4
33 1
33 5
37 3
36 2
35 4
34 3
33 0
33 4
33 2
33 1
33 2
34 5
39 5
48 4
34 4
34 3
33 5
37 2
37 3
36 0
36 5
54 0
54 4
35 0
35 5
52 4
35 1
35 4
34 4
34 1
34 0
34 3
34 5
46 4
34 5
37 5
49 3
41 5
56 5
79 1
79 4
33 4
33 5
37 5
49 5
69 1
58 4
34 4
34 2
34 1
34 5
37 3
37 2
36 0
36 4
34 0
34 0
34 0
34 5
45 5
66 3
45 5
59 1
59 5
83 0
83 4
35 4
34 2
33 3
33 5
37 4
33 3
33 4
33 0
33 3
33 3
33 0
33 0
33 5
44 3
38 5
54 2
50 1
50 2
48 5
68 5
92 4
34 4
34 2
34 1
36 2
35 0
34 3
34 2
35 5
43 5
55 3
45 1
46 0
44 2
41 4
35 1
35 4
34 4
34 5
36 3
35 5
45 5
61 0
61 4
34 4
34 0
34 2
34 2
34 1
34 0
34 3
34 5
42 5
55 5
76 5
97 0
97 0
97 4
33 4
33 5
37 3
35 2
34 5
41 5
55 5
77 3
55 5
74 5
106 4
33 3
38 4
38 1
38 5
34 5
40 5
52 5
68 4
33 4
33 0
33 4
33 4
33 3
33 5
37 2
37 3
35 5
46 2
43 0
43 3
40 0
39 1
39 0
39 4
35 2
34 4
34 5
37 5
49 1
49 3
43 1
43 5
61 5
91 0
91 0
91 2
86 2
83 5
111 4
34 2
34 1
34 0
34 0
34 4
33 3
33 3
33 0
33 2
33 4
33 2
33 1
33 5
37 5
49 5
69 4
33 3
35 3
33 0
33 1
34 4
31 5
35 4
33 4
33 0
33 3
33 2
33 5
43 5
63 4
33 4
33 4
33 4
33 3
38 4
38 4
38 2
34 4
34 2
33 4
33 5
39 1
39 3
34 5
43 4
33 0
33 1
33 2
33 0
33 5
44 0
44 0
44 2
44 0
44 3
41 0
41 4
36 4
34 5
35 4
33 5
37 4
33 2
33 5
37 1
37 1
37 2
35 3
34 1
34 1
34 3
34 5
43 2
41 3
37 3
37 1
37 1
37 5
48 4
34 1
34 1
34 4
33 4
33 4
33 3
33 3
33 1
33 1
33 4
33 2
33 3
35 3
33 0
33 2
33 3
33 2
33 2
36 1
33 0
33 3
33 1
34 4
33 5
37 1
37 3
35 5
43 4
34 1
34 4
34 5
36 5
49 2
46 1
46 2
43 5
62 0
62 4
34 1
34 5
39 3
35 4
33 5
37 4
33 2
33 0
33 4
33 4
33 3
33 0
33 4
33 3
33 2
34 3
33 0
33 3
33 5
44 2
43 2
43 1
42 5
63 3
42 4
33 5
37 4
33 3
33 5
37 0
37 4
33 5
37 5
49 5
69 3
46 2
44 5
62 3
54 3
53 5
77 4
34 5
36 0
36 1
36 2
34 4
34 1
34 2
33 0
33 2
33 5
43 2
43 3
38 3
36 0
36 4
34 2
33 4
33 5
37 0
37 5
49 5
69 2
65 4
33 4
33 5
39 3
34 2
34 3
34 4
33 4
33 5
37 4
33 2
33 4
33 2
33 0
33 4
33 0
33 5
43 3
37 3
36 5
47 3
43 0
43 2
41 2
39 5
61 3
56 3
46 3
45 5
69 2
67 0
67 1
66 2
63 3
62 1
62 5
98 1
98 4
35 4
34 5
37 5
49 3
44 2
43 0
43 4
36 4
36 1
36 2
35 2
35 3
50 4
50 3
35 4
35 2
35 5
35 5
46 0
46 4
33 2
33 2
33 5
39 0
39 1
39 0
39 2
39 1
39 2
39 0
39 5
60 4
33 1
33 4
33 0
33 0
33 5
43 5
63 2
63 3
41 4
33 0
33 5
44 1
44 3
38 3
37 1
37 5
49 3
45 5
61 3
59 2
56 5
87 5
122 5
161 4
34 1
34 2
33 4
33 3
33 1
33 2
33 4
33 3
33 4
33 5
37 3
36 2
35 3
34 0
34 3
34 2
34 5
50 0
50 2
50 3
42 3
40 1
40 4
35 3
34 5
39 3
37 3
37 2
36 1
36 3
36 4
34 4
34 4
34 0
34 5
46 5
62 4
33 1
33 5
37 3
35 3
35 2
34 1
34 4
33 3
33 2
33 1
33 5
39 5
59 5
77 2
70 4
62 5
80 0
80 4
62 2
62 3
43 1
43 4
43 3
47 5
36 5
47 3
43 1
43 4
33 5
39 4
33 3
37 3
33 2
33 2
34 3
34 4
34 1
34 0
34 3
34 5
46 2
45 3
39 3
38 3
38 5
50 2
47 1
47 3
44 2
42 3
41 2
40 5
55 0
55 5
79 4
35 3
44 1
44 3
43 3
43 3
43 3
35 4
35 1
35 4
35 5
36 2
35 0
35 1
35 1
35 5
46 5
67 4
33 5
39 1
39 5
59 2
59 1
47 4
34 3
33 1
33 1
33 2
33 2
33 5
41 1
39 1
39 1
35 4
33 1
33 3
38 1
38 2
38 3
33 4
33 1
33 0
33 4
33 3
33 5
37 3
35 1
35 2
35 0
35 3
35 5
45 1
44 0
44 4
34 4
34 4
34 0
34 4
34 2
34 3
37 1
37 2
33 5
39 1
39 2
39 0
39 3
35 3
35 1
35 3
35 3
35 0
35 5
53 2
44 3
38 5
53 3
48 3
47 0
47 5
76 2
73 4
34 5
37 5
49 4
33 2
33 5
39 1
36 0
36 0
36 1
36 1
36 0
36 4
34 4
34 3
40 4
39 2
35 2
35 2
35 5
38 0
38 5
57 2
61 1
51 4
37 2
37 3
33 5
37 1
36 0
36 2
36 1
36 0
36 2
35 2
35 3
34 0
34 5
50 0
50 1
50 1
49 1
43 4
34 0
34 5
46 3
41 5
57 4
33 2
33 3
33 3
33 4
33 3
33 5
37 2
37 5
49 1
45 2
44 0
44 4
33 2
33 3
33 0
33 5
44 4
33 2
33 1
33 2
33 2
33 5
39 5
59 3
40 3
38 4
33 2
33 4
33 5
37 5
49 5
69 2
69 0
69 4
33 4
33 2
33 4
33 5
39 0
39 2
39 5
59 2
59 3
40 3
38 2
37 1
37 5
49 2
47 4
34 2
33 1
33 4
33 5
37 3
35 5
43 0
43 0
43 0
43 3
42 0
42 3
41 2
40 3
40 4
35 0
35 4
34 3
33 1
33 4
33 1
33 2
33 1
33 2
33 3
37 2
37 4
37 1
37 1
37 1
37 5
35 1
35 0
35 3
35 1
35 3
34 3
34 5
45 1
44 3
39 2
38 3
38 5
54 1
54 2
52 3
48 5
67 1
63 3
58 1
58 3
50 4
31 0
30 0
30 1
30 3
30 5
45 4
30 1
30 5
39 0
39 3
34 3
34 0
34 0
34 5
53 3
50 5
76 2
73 3
70 2
68 5
102 3
98 5
145 3
140 3
137 5
211 3
208 2
203 5
297 5
391 3
387 5
495 3
494 3
493 3
492 0
492 5
657 5
824 4
38 0
37 1
37 5
48 4
34 4
34 0
33 5
44 1
44 3
38 1
38 3
37 0
37 4
34 3
34 4
32 0
31 5
42 5
56 1
55 5
70 3
63 2
60 3
57 3
52 2
51 1
51 3
49 3
49 1
49 4
31 0
31 3
31 5
42 1
42 4
31 5
34 5
46 2
45 3
37 1
37 4
32 4
32 1
32 4
32 3
32 3
32 4
32 2
32 4
32 5
35 1
35 3
33 3
33 3
33 2
32 4
31 0
30 5
42 5
57 1
56 0
56 0
56 3
49 4
32 5
37 3
35 5
46 5
63 1
63 3
56 3
52 4
33 5
34 0
34 4
32 1
32 0
31 3
31 0
31 3
31 2
31 3
31 3
31 4
31 5
34 0
34 1
34 3
34 2
34 3
34 4
31 2
31 1
31 3
31 4
31 2
31 3
31 5
34 2
34 2
34 2
34 3
34 5
42 3
40 4
33 0
32 4
31 4
31 5
34 3
34 4
31 4
31 0
31 5
41 2
40 4
34 3
37 2
37 4
37 2
37 1
37 4
37 0
33 3
33 0
33 4
32 5
37 5
47 1
47 3
40 5
54 1
54 4
35 3
34 2
33 4
33 3
33 2
33 3
33 0
33 0
33 3
33 1
33 3
33 2
33 2
33 3
33 5
41 3
38 5
47 2
45 2
43 1
43 1
43 3
40 2
39 0
39 4
34 3
33 0
33 3
33 3
33 2
33 5
43 4
33 3
33 4
33 2
33 3
39 5
34 3
34 3
34 4
34 1
34 2
34 2
33 3
37 3
35 3
33 0
33 5
44 4
33 2
33 4
33 0
33 5
44 1
44 0
44 0
44 1
44 0
44 5
60 5
80 0
80 3
61 0
61 3
54 3
53 2
52 5
83 3
77 5
117 2
113 1
113 5
158 0
158 2
150 3
142 5
192 3
190 0
190 3
187 3
183 4
36 5
34 3
34 1
34 2
33 0
33 2
33 5
48 3
43 0
43 4
32 5
35 5
47 3
38 3
35 1
38 5
49 3
47 1
47 3
46 0
46 3
46 1
46 2
45 3
45 3
45 0
45 3
45 0
45 5
73 0
73 4
33 5
35 1
35 4
32 2
32 5
37 1
35 2
34 3
34 4
32 3
35 4
34 1
34 3
33 3
33 3
33 3
33 5
37 4
33 4
33 4
33 4
33 3
33 1
33 5
37 1
36 3
35 4
34 0
34 4
34 0
34 4
34 3
33 4
33 4
33 4
33 2
33 1
33 2
33 4
33 5
39 4
33 3
33 4
33 1
33 3
33 0
33 2
33 1
33 3
33 1
33 0
33 4
33 5
37 3
36 4
34 5
37 4
33 4
33 2
33 4
33 2
33 1
33 1
33 4
33 3
33 5
37 0
37 4
33 3
33 4
33 1
33 3
33 4
33 3
33 4
33 5
37 5
49 1
48 4
33 5
37 1
36 2
36 5
46 4
33 3
33 4
33 4
33 4
33 4
33 3
33 5
37 3
35 3
35 5
45 3
41 3
40 3
40 1
40 3
40 5
55 3
52 1
52 3
51 3
50 1
50 3
50 3
50 3
50 3
50 3
50 5
76 1
76 2
72 0
72 5
106 4
34 3
33 2
33 5
37 0
37 5
49 0
49 2
49 0
49 3
39 5
51 0
51 4
34 3
34 1
34 2
34 0
34 3
34 5
44 0
44 2
44 4
34 5
38 3
36 2
35 3
34 3
34 2
34 3
34 0
34 4
34 4
34 0
34 2
34 2
33 2
33 3
33 2
33 2
33 0
33 2
33 2
33 1
33 4
33 0
33 0
33 4
33 1
33 3
37 3
33 4
33 3
33 0
33 2
33 3
33 4
33 5
37 0
37 3
36 1
36 4
34 5
37 5
49 4
33 0
33 1
33 0
33 0
33 4
33 4
33 3
33 3
33 0
33 0
33 3
33 3
33 4
33 2
33 4
33 4
33 5
39 3
34 5
43 0
43 3
39 2
38 1
38 0
38 4
35 4
34 3
33 4
33 2
33 0
33 1
33 0
33 1
33 2
33 1
33 1
33 5
43 0
43 2
43 0
43 2
43 0
43 2
43 1
43 0
43 3
37 4
33 2
33 0
33 5
43 3
37 0
37 3
37 3
37 3
37 4
34 0
34 5
46 5
62 2
57 1
56 4
33 3
33 0
33 5
44 3
40 5
48 4
33 3
33 4
33 1
33 0
33 2
33 4
33 0
33 5
44 4
33 3
33 5
37 4
33 3
33 4
33 3
33 3
33 0
33 1
33 4
33 0
33 3
33 0
33 4
33 2
33 0
33 0
33 4
33 1
33 0
33 5
44 4
33 0
33 5
44 5
60 3
49 3
44 0
44 3
44 5
71 4
37 0
36 0
36 0
36 3
36 3
35 0
35 5
51 1
51 3
49 3
47 5
72 3
64 3
60 1
60 3
59 3
59 4
33 3
33 3
33 5
35 0
35 4
34 1
34 2
33 4
33 3
33 3
33 5
37 1
36 4
33 0
33 4
33 1
33 4
33 5
37 1
37 0
37 3
36 4
34 5
36 3
35 3
35 4
33 4
33 3
33 3
33 3
33 5
37 0
37 4
33 0
33 4
33 4
33 2
33 2
33 3
33 2
33 4
33 5
39 2
39 1
39 2
39 5
59 5
77 4
33 3
38 5
35 4
33 4
33 4
33 1
33 1
33 2
33 3
33 1
33 3
33 5
37 1
37 5
49 5
69 4
33 4
33 5
39 2
39 2
39 4
33 3
37 5
35 2
35 1
35 5
45 4
33 0
33 0
33 5
44 5
60 2
50 4
33 0
33 5
43 3
38 4
34 4
34 4
34 5
37 3
36 4
34 3
33 3
33 0
33 3
33 3
33 1
33 4
33 4
33 5
37 1
37 3
35 1
35 0
35 3
35 0
35 4
34 5
36 2
34 1
34 3
34 5
42 2
40 5
54 0
54 0
54 0
54 2
50 3
42 5
49 2
45 2
43 0
43 3
41 2
40 4
35 1
35 3
34 1
34 0
34 1
34 2
34 3
34 1
34 4
34 5
36 2
36 2
36 3
35 0
35 5
52 1
52 2
49 3
45 4
36 3
44 5
36 3
36 4
34 5
37 3
36 3
36 3
36 0
36 1
36 3
36 4
34 3
33 2
34 2
34 0
34 2
34 1
34 2
34 5
39 1
39 2
39 5
50 0
50 4
33 5
39 -1
95 0
78 0
78 1
78 1
79 0
79 0
79 0
79 3
78 3
77 2
75 2
72 3
71 4
40 1
40 1
42 5
45 5
58 2
55 3
51 1
51 3
49 1
49 3
48 2
47 3
47 5
72 3
66 0
66 0
66 1
66 2
64 0
64 2
60 4
34 4
32 0
32 4
32 0
32 5
46 2
45 1
45 5
61 3
55 4
32 5
37 5
50 1
49 3
44 3
42 2
41 5
62 2
59 5
82 5
106 1
106 5
130 0
130 4
32 1
35 3
32 1
32 3
32 0
31 4
31 4
31 2
32 1
32 5
36 4
32 0
32 0
32 5
40 0
40 3
38 0
38 0
38 1
39 1
40 5
54 2
51 1
51 1
51 0
51 4
33 5
35 5
51 1
51 1
45 1
45 2
44 5
60 5
82 1
81 5
103 2
96 3
64 4
38 1
38 2
37 2
38 3
37 4
37 5
35 2
35 0
35 3
35 4
34 3
33 4
33 2
34 2
36 3
34 3
33 5
37 5
49 5
69 0
69 1
68 0
68 4
33 2
37 3
37 0
33 1
34 4
33 5
37 4
33 5
37 5
49 4
33 2
34 0
34 5
42 5
55 0
55 1
54 5
72 3
52 1
53 0
53 3
46 2
45 5
72 5
101 4
36 2
35 4
35 3
44 3
35 4
35 1
35 4
35 1
35 1
36 3
43 2
43 1
44 1
44 0
35 4
34 2
33 3
33 0
33 4
33 0
33 2
33 5
46 4
33 4
33 1
33 0
33 5
46 0
46 4
33 3
33 2
33 2
37 0
37 2
37 0
37 3
33 0
33 1
34 4
33 0
33 2
33 2
36 1
37 1
37 1
37 1
37 2
37 1
39 2
37 2
36 2
36 4
34 3
39 0
34 3
34 3
34 4
34 5
36 3
35 0
35 3
35 4
34 3
33 1
34 4
34 1
34 3
33 5
37 5
49 3
39 2
38 3
37 4
34 0
34 5
46 1
46 5
61 0
61 0
61 1
62 0
62 0
62 4
33 1
33 4
33 2
34 2
34 1
34 1
34 4
34 4
34 1
34 3
33 3
33 0
33 4
33 5
37 5
49 3
40 0
40 2
38 3
37 1
39 5
50 5
71 4
35 5
38 3
37 5
48 5
67 2
63 3
49 4
34 1
34 2
33 2
33 3
34 5
37 5
49 5
71 1
71 5
92 5
114 0
114 5
135 2
126 3
78 0
76 4
34 3
37 4
37 0
33 2
36 1
37 2
37 5
47 3
38 0
38 3
38 5
58 5
80 0
80 3
67 1
67 5
95 0
95 1
95 5
128 0
128 5
167 3
143 5
186 2
178 3
170 3
165 5
233 1
233 2
226 0
226 2
220 4
34 5
35 5
45 1
45 5
58 3
41 4
34 1
34 3
33 2
34 5
37 2
37 5
43 3
34 3
34 4
32 5
34 3
33 1
34 2
33 2
32 1
32 5
39 5
55 0
55 3
45 3
43 1
44 5
65 2
61 2
55 2
52 3
50 4
34 3
33 3
33 5
37 3
35 4
34 5
36 1
37 0
37 0
37 3
36 4
34 0
34 3
34 5
46 0
46 2
45 3
39 1
39 2
37 2
36 3
36 0
36 5
54 3
46 4
36 2
36 2
37 5
38 3
36 0
36 5
55 0
55 3
48 1
48 0
48 0
48 0
48 0
48 5
71 2
67 5
94 5
120 3
104 3
99 3
97 5
148 4
34 1
36 4
36 3
44 2
43 3
35 2
36 0
35 3
34 0
34 3
34 3
34 2
37 5
49 5
64 2
54 5
72 3
50 0
50 3
45 2
44 3
43 4
35 1
35 3
34 4
33 3
33 0
33 5
44 0
44 3
42 1
42 3
42 3
41 0
40 4
33 0
33 3
33 3
33 5
45 5
58 4
34 0
34 2
34 3
34 5
46 4
34 2
33 5
37 4
33 5
37 5
49 2
46 2
48 3
35 3
35 4
33 4
33 3
33 4
33 3
33 2
34 1
35 1
35 5
36 3
35 2
36 0
36 2
36 3
35 5
52 4
34 2
33 0
33 2
33 2
36 4
34 2
34 3
33 3
33 0
33 4
33 2
33 1
33 2
33 2
33 0
33 3
33 3
33 0
33 1
33 1
33 4
33 1
33 4
33 4
33 0
33 5
44 1
44 3
41 2
39 5
51 2
49 4
35 1
35 2
34 4
34 4
34 2
34 4
34 5
39 3
35 1
36 3
35 3
35 2
34 4
33 1
33 2
33 2
33 0
33 4
33 1
33 2
34 0
34 5
41 3
34 2
33 5
40 2
40 3
37 4
34 0
34 4
34 2
34 3
33 0
33 4
33 3
33 2
34 3
33 0
33 1
34 5
44 0
44 4
33 2
33 0
33 3
33 0
33 4
33 3
33 4
33 2
33 5
37 2
37 5
49 4
33 4
33 3
33 4
33 4
33 3
33 5
37 3
36 4
34 3
33 3
33 0
33 4
33 3
33 3
33 5
37 5
49 5
69 5
87 4
33 0
33 3
33 1
33 1
33 4
33 4
33 1
33 1
33 1
34 3
33 5
37 5
49 2
46 4
33 4
33 4
33 0
33 5
43 5
63 5
81 2
74 4
62 5
80 2
80 3
36 2
36 3
36 3
36 2
36 2
36 3
36 2
37 3
36 4
35 4
35 4
35 2
35 0
34 0
34 2
33 5
43 5
63 3
40 4
33 4
33 4
33 2
33 2
33 4
33 2
34 4
34 3
33 1
34 4
34 4
34 3
33 3
33 5
37 4
33 4
33 4
33 5
37 5
49 3
40 4
33 4
33 5
39 0
39 3
34 2
33 2
33 5
43 3
37 3
36 2
35 4
33 0
33 4
33 5
37 4
33 1
33 3
33 3
33 2
33 2
34 4
34 4
34 1
34 4
34 3
39 1
39 3
33 3
33 3
33 5
37 2
37 3
36 1
37 3
35 2
35 0
35 4
34 2
34 0
34 4
34 0
34 4
34 3
40 2
36 3
37 0
33 3
33 3
33 3
33 0
33 2
33 1
33 2
33 0
33 4
32 1
32 3
33 3
33 4
33 3
37 1
37 4
35 3
35 3
33 4
33 5
37 2
39 4
33 4
33 0
33 0
33 5
43 0
43 3
38 2
37 0
37 3
37 3
37 5
50 3
47 4
34 2
34 0
34 3
34 2
34 0
34 2
33 3
33 3
33 2
33 3
33 3
33 1
33 4
33 3
33 3
33 4
33 4
33 2
33 4
33 1
33 2
33 3
40 3
33 1
33 5
37 5
49 3
41 4
34 5
37 0
37 0
37 5
49 4
33 4
33 2
33 3
33 0
33 3
33 4
33 5
37 5
49 5
69 2
65 0
65 3
42 1
42 3
40 2
39 4
33 1
33 5
37 3
35 2
35 1
35 4
33 4
33 5
37 5
49 3
42 3
41 3
41 5
52 2
49 2
46 5
64 5
89 4
34 4
34 2
33 0
33 1
33 2
33 2
33 2
33 2
33 1
33 0
33 3
33 3
33 0
33 5
44 2
44 5
60 1
58 3
48 2
46 4
34 5
37 3
36 1
36 0
36 5
48 5
68 0
68 1
68 0
68 3
54 2
52 2
50 0
50 1
50 4
34 2
33 2
32 3
34 2
35 1
35 3
34 4
33 3
33 5
38 4
33 5
37 3
35 3
35 2
34 4
33 2
33 3
33 2
33 4
33 4
33 0
33 2
33 5
43 3
38 5
46 2
44 5
60 5
83 4
33 3
33 1
33 0
33 4
33 5
37 5
49 1
45 4
33 3
33 2
33 0
33 0
33 0
33 0
33 3
33 5
41 3
38 5
50 0
50 2
48 5
67 5
90 5
111 4
34 1
34 2
34 2
34 5
40 4
33 3
37 4
37 0
33 3
33 2
33 1
33 3
33 0
33 4
33 4
33 0
33 4
33 1
33 5
37 0
37 4
33 5
37 3
35 3
35 3
35 0
35 3
35 5
52 1
51 2
45 4
34 1
34 2
34 3
33 2
33 2
33 1
33 0
33 4
33 1
33 0
33 5
43 2
43 2
43 5
63 5
81 0
81 5
100 4
33 5
39 2
39 1
39 1
39 2
39 0
39 1
39 0
39 5
59 3
38 0
38 3
38 1
38 5
58 4
35 4
34 0
34 1
34 5
46 1
46 3
40 4
34 2
34 5
40 4
33 5
39 1
39 4
33 5
39 2
39 3
34 4
33 2
33 0
33 5
43 4
33 3
40 2
40 0
37 4
32 4
32 4
32 3
34 5
38 0
38 0
38 3
37 2
36 2
35 4
34 0
34 3
34 2
34 1
34 1
34 0
34 3
34 3
34 0
34 0
34 0
34 2
33 3
33 2
33 1
33 5
43 5
63 2
63 5
81 3
45 3
43 5
62 3
58 3
57 4
35 3
34 4
33 3
33 4
33 5
37 0
37 4
33 2
33 2
33 5
39 4
33 3
34 4
34 5
37 1
36 2
35 2
35 1
35 4
33 2
33 0
33 2
33 2
33 2
33 4
33 5
39 3
35 5
43 0
43 0
43 4
34 0
34 4
34 0
34 1
34 1
34 3
34 2
33 5
44 2
44 3
40 1
40 5
53 4
34 2
33 5
37 5
49 2
49 2
46 3
36 3
36 1
36 2
36 1
36 3
36 5
47 3
42 4
34 2
34 3
33 2
33 4
33 4
33 5
37 5
49 1
49 0
49 1
45 4
33 3
33 1
33 2
33 4
33 0
33 1
33 5
44 3
41 3
38 4
34 5
37 3
35 0
35 2
35 2
35 2
35 3
35 3
34 3
34 0
33 4
30 5
36 2
36 5
51 3
45 3
41 3
41 3
41 4
35 0
35 2
34 4
34 5
40 3
38 3
37 2
36 0
36 3
35 2
35 2
34 3
34 5
49 0
49 4
33 2
32 4
31 4
31 4
31 5
35 2
35 4
33 4
33 3
39 1
39 5
34 1
34 4
34 4
34 3
33 2
33 5
37 5
49 0
49 3
40 4
34 4
34 0
34 5
46 3
41 4
35 3
34 4
33 4
33 1
33 5
37 2
37 3
35 2
34 3
34 4
34 1
34 2
34 4
34 3
33 4
33 5
37 5
49 3
38 2
37 2
36 1
36 3
36 0
36 2
35 3
35 5
52 1
52 3
46 3
43 5
67 3
60 4
36 3
35 4
33 4
33 1
33 1
33 4
33 0
33 0
33 5
44 0
44 1
42 3
40 2
38 5
50 4
34 0
34 3
34 0
34 5
46 3
42 5
58 4
33 2
33 0
33 3
33 5
44 0
44 4
33 3
33 3
33 1
33 0
33 3
33 2
33 1
33 1
33 5
44 5
60 1
60 5
81 5
100 1
99 1
99 1
98 3
71 4
34 3
33 5
37 4
33 0
33 5
44 5
60 2
60 4
33 4
33 2
33 3
33 3
33 2
33 1
33 4
33 4
33 3
40 4
39 3
44 3
44 2
35 0
34 3
34 4
34 0
34 1
34 5
46 1
46 4
34 4
34 5
36 3
35 1
35 4
33 4
33 0
33 4
33 4
33 3
33 3
33 5
37 1
37 2
35 1
34 2
34 4
33 2
33 4
33 2
33 4
33 2
33 5
39 1
36 4
33 5
39 2
39 1
39 3
35 2
34 0
34 4
34 4
34 5
36 5
49 4
33 3
33 2
33 2
33 3
33 0
33 3
33 3
33 5
44 5
60 1
59 0
59 2
56 5
76 3
55 0
55 1
55 5
77 1
77 5
102 2
96 0
96 0
96 3
80 2
76 3
72 0
71 3
69 5
111 4
32 3
31 4
31 3
31 2
31 5
34 3
34 4
31 4
31 1
31 2
31 2
31 1
31 1
31 4
31 5
34 5
43 0
43 0
43 3
38 5
48 1
48 3
47 5
64 2
62 1
62 5
87 5
112 0
112 0
112 3
101 3
97 1
97 4
42 0
37 3
36 5
48 3
44 2
43 4
35 5
39 1
39 3
38 4
36 4
36 1
36 1
36 4
36 5
37 5
48 3
44 3
42 2
41 1
41 4
36 5
36 2
36 2
36 3
36 3
36 4
34 2
34 0
34 0
34 3
33 3
33 2
33 3
33 2
33 3
33 0
33 3
33 1
33 0
33 5
45 0
45 3
44 0
44 3
39 4
30 1
30 2
30 3
30 2
30 3
30 2
30 5
39 3
35 2
34 3
34 3
34 4
30 1
30 3
30 2
30 5
38 4
31 0
30 2
30 4
30 5
34 3
32 4
30 0
30 1
30 3
30 1
30 1
30 2
30 4
30 4
30 3
30 3
30 2
30 0
30 4
30 2
30 4
30 5
34 3
32 1
32 1
32 4
30 5
34 5
46 2
44 1
44 3
39 4
35 1
35 5
34 0
34 0
34 0
34 4
32 0
32 2
32 0
32 0
32 5
46 2
46 3
40 5
54 3
51 5
80 3
74 0
74 2
71 4
35 5
38 3
37 2
36 5
50 2
47 1
47 2
45 2
43 2
41 5
56 4
32 5
38 3
36 5
51 5
70 3
64 5
87 3
83 4
36 2
36 1
36 5
34 1
34 2
34 2
32 5
40 3
37 3
36 0
36 2
35 0
35 0
35 0
35 2
34 2
33 0
33 3
33 5
46 0
46 3
42 2
40 1
40 1
40 1
40 2
39 4
31 5
34 4
32 4
32 3
35 5
38 4
33 5
37 3
35 5
43 5
58 0
58 2
54 3
46 3
43 0
43 4
34 2
33 3
33 5
37 4
33 0
33 2
33 2
33 3
33 5
41 3
37 4
34 1
34 3
33 1
33 2
33 3
38 5
35 3
35 3
35 4
34 3
33 0
33 3
33 0
33 2
33 2
33 0
33 5
44 5
60 0
60 0
60 5
80 3
57 2
56 1
56 5
79 0
79 5
106 3
85 4
34 2
33 4
33 2
33 4
33 2
33 5
39 2
39 1
39 3
35 5
43 2
43 4
33 2
33 4
33 1
33 3
33 0
33 1
33 5
44 0
44 4
33 3
33 3
33 3
33 5
37 0
37 4
33 2
33 1
33 5
37 5
49 5
69 0
69 4
33 4
33 1
33 3
33 4
33 4
33 0
33 2
33 3
33 0
33 2
33 4
33 3
40 4
39 3
35 4
35 5
36 5
47 3
43 0
43 1
43 5
65 3
57 2
55 3
48 3
48 3
48 0
48 3
48 3
47 2
46 3
46 3
46 1
46 4
35 2
34 2
33 3
32 3
32 0
32 5
41 3
38 1
38 1
38 4
33 0
33 1
33 3
33 0
33 2
32 1
32 2
36 3
34 3
34 5
44 0
44 5
60 3
52 0
52 2
50 1
50 3
49 4
34 2
33 5
37 3
36 0
36 1
36 3
36 3
36 2
38 5
55 5
73 0
73 3
56 2
54 1
54 5
77 3
70 4
35 4
34 0
34 3
34 4
33 5
37 5
49 3
41 4
34 5
40 2
40 3
36 5
45 1
45 3
43 2
42 0
42 2
40 5
62 4
35 2
34 0
34 1
34 1
34 5
50 5
68 2
63 0
63 5
83 0
83 4
32 2
32 1
32 3
34 3
32 5
37 3
35 4
33 0
33 0
33 5
44 3
40 0
40 2
39 3
39 3
39 3
39 0
39 4
33 2
32 1
32 4
31 5
35 3
34 5
41 4
31 5
35 3
33 5
41 3
35 3
35 2
34 5
48 5
63 4
33 3
33 3
33 1
33 1
33 3
33 5
37 3
36 1
36 0
36 3
35 3
34 5
40 3
36 4
32 0
32 4
31 3
31 4
31 2
31 4
31 3
31 5
35 2
35 0
35 0
35 5
47 3
40 2
39 3
37 0
37 4
31 1
31 3
31 2
31 5
38 2
36 3
34 0
34 2
33 4
31 3
31 2
31 3
31 3
31 2
30 2
30 0
30 1
30 0
30 1
30 4
30 5
36 4
30 4
30 5
36 3
34 2
33 3
33 2
32 3
32 3
32 4
30 4
30 5
36 1
36 4
30 5
36 4
30 0
30 5
42 2
42 4
30 4
30 4
30 3
30 2
30 3
30 2
30 2
30 0
30 0
30 2
30 1
30 0
30 0
30 4
30 3
30 0
30 3
30 2
30 5
41 3
36 0
36 5
54 4
32 5
36 2
36 5
49 3
46 5
70 5
97 3
79 3
73 4
32 3
32 1
32 4
32 4
32 2
32 4
32 3
32 3
32 3
32 0
32 3
32 0
32 2
32 2
32 1
32 3
32 4
32 5
34 1
34 3
33 3
33 1
33 0
33 4
32 0
32 3
32 2
32 2
32 3
32 2
32 4
32 3
32 1
32 1
32 0
32 5
39 3
38 4
31 2
31 5
34 4
32 3
33 2
32 5
34 5
43 3
39 1
39 0
39 0
39 3
39 5
56 3
53 2
51 2
50 2
48 1
48 3
47 0
47 0
47 2
46 4
35 5
38 0
38 0
38 3
37 3
37 3
37 5
51 1
50 3
49 3
48 5
72 1
72 3
69 0
69 2
67 3
65 1
65 4
36 3
34 1
34 5
39 0
39 3
37 4
33 1
33 1
33 4
33 3
32 3
32 3
32 3
32 1
32 5
38 3
36 5
51 3
45 3
45 2
44 0
44 4
33 5
38 0
38 2
36 5
49 3
46 3
44 1
44 3
43 3
43 3
42 1
42 4
32 0
32 4
32 3
32 3
32 1
32 1
32 3
32 0
32 5
43 3
39 2
37 2
36 5
49 0
49 3
45 4
33 1
33 2
32 3
32 5
38 5
53 3
48 1
48 5
61 2
58 5
80 0
80 1
80 3
73 1
72 3
69 0
69 3
63 4
32 0
31 1
31 0
31 5
43 4
32 3
32 5
38 4
30 1
30 3
30 4
30 3
30 4
30 3
30 2
30 4
30 4
30 3
30 2
30 3
30 0
30 5
37 5
51 5
66 -1
95 5
95 3
66 5
64 0
61 0
61 5
85 3
76 3
75 2
72 3
70 4
35 5
38 5
46 0
46 3
43 4
30 2
33 2
34 4
34 5
36 3
34 3
33 5
41 0
41 5
55 0
55 1
55 4
32 5
33 5
44 3
38 3
38 3
38 4
32 5
35 2
36 4
32 2
33 3
33 1
36 0
34 4
32 5
36 3
35 2
34 4
31 5
34 5
43 2
43 2
41 3
38 2
37 4
35 1
35 0
35 5
52 2
50 4
34 5
36 2
34 5
46 4
33 5
39 2
46 5
64 2
64 4
37 0
37 5
46 5
63 5
80 1
78 0
78 4
37 0
37 1
37 4
37 4
37 1
37 0
37 2
46 4
42 2
42 2
42 1
46 0
43 3
34 2
34 0
34 0
34 0
34 4
33 0
33 0
33 0
33 5
44 2
52 0
52 2
61 5
74 2
68 4
50 0
50 0
50 2
95 5
95 1
78 5
97 2
95 5
95 0
95 4
95 5
95 0
95 5
95 1
78 3
43 5
34 4
34 3
33 3
33 4
33 2
33 3
35 3
34 0
34 0
34 5
46 1
46 0
46 2
44 4
34 5
36 0
36 1
35 4
34 1
34 1
34 5
36 2
34 0
34 1
35 0
35 3
35 0
35 5
52 5
71 4
34 3
33 4
33 4
33 5
37 4
33 4
33 2
33 3
39 2
35 5
38 5
59 4
34 1
34 5
37 0
37 2
35 3
34 3
34 5
44 4
33 5
37 5
49 5
69 2
69 4
33 3
35 0
34 1
35 2
34 5
42 3
40 3
37 5
49 3
44 1
44 4
31 3
31 1
33 5
38 3
35 0
35 4
31 1
34 4
31 5
34 1
35 4
34 3
34 2
33 2
33 3
38 2
34 2
35 3
37 0
33 5
44 3
40 2
39 1
41 4
36 2
35 5
36 1
38 2
36 3
34 1
34 3
34 5
42 4
33 3
33 4
33 3
33 5
37 2
39 0
39 3
37 4
35 2
35 4
35 3
44 3
43 5
36 0
36 1
37 2
35 5
45 1
46 0
46 3
40 3
39 4
34 4
34 2
34 5
40 5
60 2
57 1
56 4
33 4
33 1
33 1
34 2
34 4
34 3
33 5
37 5
49 3
41 3
38 3
38 3
38 1
39 3
38 5
52 2
49 3
45 1
45 4
34 5
36 3
35 2
34 5
43 1
43 1
46 2
43 2
42 5
50 5
67 1
60 4
34 2
34 0
34 5
50 4
34 2
33 0
33 2
33 2
36 4
34 1
34 2
34 4
34 3
33 2
34 5
39 1
42 2
40 4
38 3
35 5
37 2
34 3
34 2
33 0
33 5
44 5
60 5
80 2
69 5
86 3
48 2
47 3
46 2
45 2
42 3
41 1
41 1
42 1
45 4
37 3
33 1
33 3
33 3
33 2
34 1
34 3
33 5
37 2
35 1
35 5
43 0
43 2
41 4
33 5
39 1
39 2
42 4
34 2
34 0
34 3
37 2
38 0
34 1
35 1
35 1
35 5
42 0
42 1
42 5
56 5
78 5
98 3
62 2
59 1
59 0
59 0
59 4
36 2
35 1
38 5
35 0
35 0
35 1
35 3
35 1
36 3
35 2
34 3
34 4
33 4
33 1
33 4
33 4
33 5
37 5
49 4
33 2
33 3
38 5
35 1
36 3
35 2
34 4
33 5
37 3
35 4
34 3
33 4
33 0
33 1
34 2
33 5
44 2
43 3
37 3
36 4
33 4
33 2
33 4
33 2
33 2
34 4
34 5
41 4
34 1
34 0
34 3
35 4
34 1
36 5
37 0
37 4
34 1
34 3
33 3
33 4
33 3
33 0
33 3
33 1
33 1
34 3
34 2
33 2
33 5
42 1
42 5
55 5
70 5
91 0
91 2
84 4
44 4
44 3
34 5
39 3
37 2
36 2
35 0
35 5
47 1
47 5
65 0
65 4
34 2
33 0
33 1
34 0
34 4
34 3
33 0
33 2
33 2
33 3
33 2
33 2
33 3
33 3
33 1
36 2
33 2
33 2
36 1
39 4
37 1
37 1
37 4
37 3
39 0
34 2
33 1
34 2
33 5
42 3
38 5
52 5
73 5
98 3
77 5
101 5
131 2
123 1
122 3
111 2
107 4
33 1
34 0
34 5
44 4
32 0
32 3
32 0
32 0
32 5
41 1
41 5
53 4
32 3
34 3
34 4
33 2
33 5
39 2
39 3
34 5
43 0
43 4
34 4
33 3
33 5
37 3
36 4
34 4
34 4
34 5
37 0
37 5
49 4
33 2
34 4
34 3
33 4
33 0
33 5
44 3
39 0
39 1
39 3
39 2
38 2
37 1
37 3
37 2
36 5
55 2
54 4
34 5
36 0
36 1
36 0
36 0
36 2
34 2
34 5
50 1
50 1
50 0
50 2
43 5
64 3
44 0
44 4
34 3
33 4
33 3
33 5
37 5
49 3
42 5
58 2
55 0
55 3
49 5
70 0
70 5
100 3
88 5
123 4
34 3
33 5
37 3
36 5
45 0
45 1
45 2
43 2
40 1
39 4
34 1
34 1
34 4
34 2
35 2
35 2
35 2
37 2
37 4
37 2
37 0
37 5
44 0
44 3
35 0
35 2
34 4
34 3
33 0
33 2
33 2
33 1
33 5
43 5
63 0
63 5
81 0
81 0
81 3
45 0
45 2
42 4
34 2
35 2
37 3
34 3
33 5
37 5
49 0
49 0
49 4
33 4
33 5
37 4
33 2
33 5
37 0
37 5
49 0
49 1
48 3
42 2
41 3
38 3
38 1
38 1
38 5
51 0
51 4
34 1
34 2
33 4
33 3
33 2
33 1
33 2
33 5
39 1
36 4
33 3
39 2
35 4
35 5
39 3
36 4
35 5
36 4
34 2
34 5
39 5
60 4
34 5
39 3
35 3
35 3
35 4
33 3
33 2
33 2
33 0
33 2
33 4
33 3
33 2
34 2
34 1
34 3
33 2
33 0
33 1
33 0
33 1
33 1
34 5
44 3
39 5
48 4
33 2
33 1
33 5
39 4
33 4
33 2
34 0
34 4
34 4
34 3
34 1
34 3
33 1
33 3
33 2
34 0
34 4
34 0
34 4
34 1
34 5
37 2
37 0
37 1
38 0
38 3
36 0
36 3
36 3
36 3
36 2
38 2
37 5
45 1
46 3
43 2
41 3
39 1
39 3
38 2
37 2
36 1
36 0
36 3
36 3
36 3
36 1
36 0
36 5
54 0
54 5
74 4
34 0
34 3
34 5
46 3
41 4
35 3
34 1
34 3
34 1
34 0
34 4
33 4
33 3
33 1
33 3
33 0
33 4
33 5
37 3
35 0
35 4
34 4
34 5
37 4
33 3
33 3
33 2
33 4
33 3
33 1
33 3
33 5
37 2
37 3
36 1
37 4
34 2
34 5
37 2
35 1
35 2
33 2
33 4
33 3
37 4
37 1
37 2
33 5
39 2
39 3
35 3
34 3
34 2
34 2
34 3
34 4
33 3
33 5
37 2
37 0
37 2
37 1
37 2
38 1
38 2
37 2
37 5
48 5
67 2
67 3
44 0
44 3
43 2
42 3
40 2
39 5
55 1
54 0
54 1
53 5
77 5
106 5
134 3
103 2
97 0
97 3
89 0
89 3
86 3
85 5
135 0
135 2
131 2
128 2
123 1
123 5
171 2
166 1
166 3
156 5
215 5
279 4
32 2
31 3
35 4
33 5
35 5
45 2
45 1
45 3
39 4
33 3
37 3
32 2
33 0
32 2
32 5
37 2
37 2
37 3
35 5
40 4
33 0
33 2
33 3
33 1
33 0
33 5
44 3
40 2
39 2
38 2
38 1
38 4
32 0
32 5
40 1
40 1
41 2
40 0
40 4
34 4
34 2
33 1
33 3
33 2
33 4
33 4
33 3
35 5
36 5
48 0
48 4
34 4
34 5
37 4
33 2
33 4
33 3
35 2
35 0
34 5
45 4
34 4
34 4
34 2
34 3
33 3
33 5
37 4
33 5
37 4
33 3
33 1
33 3
33 4
33 2
34 1
34 4
34 0
34 1
34 2
34 3
37 3
33 4
33 4
33 1
33 5
37 1
37 0
37 1
36 1
36 2
36 3
36 2
35 4
34 5
37 3
36 1
36 2
35 4
34 0
34 3
34 3
34 3
34 3
34 2
33 1
33 5
44 0
44 2
44 5
60 3
52 2
51 4
34 5
36 3
35 5
45 0
45 5
63 4
34 3
33 3
33 5
37 3
35 4
34 2
34 1
34 1
34 2
34 2
33 3
40 3
36 3
33 0
33 1
33 1
34 4
33 0
33 5
44 3
40 0
40 4
34 2
34 0
34 4
33 5
39 4
33 5
39 5
59 3
38 0
38 4
34 5
36 2
36 4
33 0
33 1
33 5
44 3
40 1
40 3
37 4
32 4
32 2
32 3
33 5
37 3
35 4
32 2
32 1
32 2
33 3
40 4
39 2
39 0
33 4
33 2
33 0
33 3
33 0
33 1
33 2
33 4
33 2
33 5
39 2
39 0
39 4
33 5
39 4
33 3
33 3
33 0
33 5
44 3
39 2
37 2
36 5
51 1
51 3
43 3
42 3
41 3
41 5
57 5
81 4
34 2
34 4
34 1
34 5
37 3
36 2
35 3
35 5
45 4
33 4
33 5
37 3
36 2
35 5
43 3
42 3
40 3
40 1
40 0
40 5
63 0
63 3
56 3
54 2
52 2
50 3
44 5
62 5
88 3
83 3
78 4
33 1
33 1
33 1
33 2
33 0
30 4
30 1
30 3
30 1
30 5
36 2
36 5
49 3
45 3
42 2
40 5
51 4
32 2
32 5
33 1
33 2
33 3
33 3
33 4
33 2
33 2
33 1
33 2
33 2
33 3
31 3
31 0
31 2
31 4
31 2
31 3
31 0
31 2
31 2
31 4
31 2
31 3
31 4
31 3
31 3
31 3
31 5
34 3
34 3
34 5
41 3
39 4
31 3
31 5
34 4
32 3
33 4
32 0
31 2
31 4
31 5
34 5
43 4
34 5
37 0
37 0
37 0
37 1
37 3
36 3
36 4
33 0
33 3
33 3
33 3
33 3
33 3
33 4
33 0
33 3
33 3
33 3
33 2
33 3
33 3
33 1
33 3
33 0
33 2
33 2
33 2
33 5
43 4
33 0
33 5
43 1
42 3
37 4
34 4
34 3
33 4
33 4
33 4
33 3
33 3
33 3
33 3
33 0
33 2
33 1
33 3
33 4
33 2
33 5
37 0
37 4
33 0
33 2
33 4
33 2
33 4
33 2
33 4
33 2
33 1
33 4
33 4
33 2
33 3
33 2
33 1
33 4
33 5
37 3
35 0
35 1
35 4
34 0
34 2
34 5
45 5
66 1
65 5
84 0
84 4
33 0
33 0
33 4
33 3
33 3
33 4
33 5
37 3
35 3
35 0
35 1
35 3
35 1
35 2
34 5
50 5
68 3
56 4
32 3
34 3
34 5
38 3
36 3
36 5
48 2
46 2
44 4
32 5
37 0
37 3
36 0
36 3
35 1
40 5
44 1
44 1
43 3
41 3
40 5
54 3
51 1
51 0
51 3
49 5
76 5
110 5
145 5
183 5
220 3
192 3
181 1
181 1
180 4
43 3
39 1
39 2
39 3
34 4
33 5
35 3
34 5
41 3
39 3
39 3
39 3
39 5
57 1
57 3
53 4
34 5
36 5
50 3
42 3
39 5
58 0
58 5
80 0
80 5
105 1
105 1
105 4
34 2
33 4
33 5
37 3
35 2
35 1
35 3
35 3
35 4
34 3
33 3
33 1
33 3
33 5
37 2
35 3
34 0
34 0
34 0
34 5
50 3
45 0
45 3
44 3
41 3
40 3
40 4
31 0
30 0
30 0
30 3
30 5
44 4
30 2
30 0
30 2
30 4
30 5
34 1
34 3
34 2
33 0
33 4
32 3
32 3
32 4
31 3
31 4
31 1
31 2
31 3
31 5
35 0
35 4
32 4
31 3
31 5
34 4
32 5
37 3
35 2
34 2
33 5
45 2
42 3
37 2
36 0
36 1
36 2
35 5
50 4
33 5
37 3
36 2
36 5
47 4
34 5
37 3
36 5
46 1
46 3
44 0
44 5
71 5
99 5
130 3
105 2
101 4
36 3
35 3
35 4
34 1
34 5
36 0
36 5
53 5
75 2
67 3
44 3
43 3
43 0
43 3
43 3
43 3
41 2
40 3
39 3
39 5
54 4
34 0
33 3
33 3
33 5
49 3
43 1
43 3
41 0
41 0
41 4
33 5
39 3
35 5
51 0
51 2
49 3
44 2
42 5
58 3
53 0
53 0
53 5
83 0
83 0
83 5
117 5
151 4
35 5
38 2
36 1
36 0
34 3
34 5
43 2
43 1
43 3
41 0
41 4
33 4
32 3
35 2
34 2
33 4
33 4
33 2
33 5
39 2
46 0
46 5
64 2
64 5
80 0
80 2
80 3
46 3
40 3
40 1
40 5
55 2
53 2
51 4
34 3
33 4
33 4
33 5
37 4
33 5
37 5
49 2
49 4
33 0
33 3
33 5
44 5
60 3
47 3
43 3
43 3
43 3
43 4
34 5
39 0
39 2
37 0
37 1
37 5
48 1
47 1
47 5
68 4
34 3
37 0
33 0
33 5
44 3
39 3
38 0
38 3
38 2
37 3
37 2
36 4
34 4
34 1
34 1
34 3
33 0
33 3
33 5
44 5
60 4
33 2
33 0
33 0
33 4
33 3
33 3
33 2
33 3
39 2
37 2
33 5
39 5
59 1
58 4
33 2
33 3
35 3
34 4
34 2
34 4
34 0
34 3
34 5
42 1
42 3
38 2
37 3
37 4
34 4
34 4
34 3
33 4
33 0
33 1
33 0
33 2
33 0
33 5
44 0
44 3
41 0
40 5
62 4
36 3
44 5
36 3
36 4
34 0
34 2
33 2
33 3
33 4
33 2
33 2
33 4
33 2
33 4
33 0
33 3
33 3
33 3
33 0
33 3
33 3
33 4
33 4
33 3
33 5
37 1
37 3
35 3
35 5
46 3
43 2
42 5
55 3
54 4
34 3
33 3
33 0
33 3
33 3
33 3
33 1
33 3
33 1
33 5
44 5
60 0
60 5
80 4
33 2
33 2
33 1
33 3
33 2
33 0
33 4
33 3
37 0
33 1
33 5
42 3
38 0
38 3
38 0
38 3
38 5
58 0
58 5
80 4
34 2
34 1
34 0
34 2
33 3
33 5
44 4
33 5
37 2
37 1
37 0
37 2
36 0
36 2
36 4
33 1
33 2
33 0
33 2
36 5
45 3
36 5
45 5
61 0
61 4
33 3
33 4
33 1
33 3
33 0
33 0
33 4
33 3
33 5
37 0
37 4
33 3
33 3
33 4
33 1
33 4
33 4
33 0
33 4
33 0
33 1
33 5
44 2
44 4
33 3
33 1
33 0
33 3
33 3
33 4
33 4
33 4
33 0
33 4
33 3
33 3
33 4
33 0
33 5
44 5
60 1
60 2
50 5
68 1
56 5
76 2
72 3
49 3
46 5
71 3
62 2
60 0
60 4
36 1
36 4
36 3
44 0
37 3
37 4
33 0
33 2
33 3
33 3
33 3
33 4
33 2
33 5
37 2
37 1
36 1
36 0
36 5
53 4
34 3
33 4
33 2
33 0
33 3
33 3
33 5
41 4
33 1
33 2
33 5
37 3
35 3
35 3
35 0
35 3
35 5
52 4
34 0
34 1
34 5
46 5
62 5
84 4
33 2
33 3
33 3
33 5
37 2
35 5
46 4
33 0
33 2
33 0
33 4
33 2
33 0
33 5
43 3
38 3
36 4
33 4
33 2
33 5
39 1
39 4
33 3
33 3
33 3
33 4
33 0
33 3
33 0
33 1
33 1
33 1
33 0
33 5
44 3
39 2
38 4
33 3
33 3
33 5
37 5
49 1
49 4
33 2
33 1
33 5
37 4
33 2
33 3
35 2
35 5
36 4
34 1
34 4
34 0
34 3
34 4
33 0
33 2
33 4
33 1
33 3
33 3
33 1
33 1
33 5
37 4
33 0
33 4
33 3
33 5
37 4
33 3
33 0
33 3
33 2
33 3
33 0
33 1
33 1
33 0
33 5
44 1
42 3
41 2
39 2
37 0
37 5
57 4
36 2
35 0
34 2
33 3
33 1
33 3
33 4
33 1
33 0
33 0
33 1
33 3
33 4
33 4
33 2
33 3
33 2
33 2
33 4
33 4
33 2
33 5
39 3
35 0
35 5
52 3
44 1
44 3
42 5
64 0
64 5
90 3
78 2
75 3
71 1
71 2
68 3
64 3
61 3
57 0
57 2
55 0
55 4
32 0
32 5
46 3
41 5
58 4
32 5
36 5
53 1
53 1
52 3
46 3
41 3
41 3
41 3
41 4
32 2
32 1
32 0
32 0
32 3
32 2
32 3
32 5
45 0
45 0
45 5
62 4
31 1
31 2
31 1
31 2
31 4
31 4
31 3
31 5
34 2
34 2
34 3
34 1
34 1
34 2
33 1
33 3
33 0
33 0
33 3
33 4
31 2
31 4
31 0
31 2
31 3
31 3
31 0
31 5
41 4
31 3
31 2
31 5
34 3
34 1
34 2
33 3
33 5
42 2
40 4
32 0
31 2
31 5
40 4
31 3
31 3
31 1
31 1
31 4
31 5
34 3
34 5
43 3
39 4
33 3
32 3
32 5
33 5
45 3
38 4
33 5
39 4
34 1
34 3
34 3
34 2
34 2
34 1
34 2
34 1
34 4
34 4
34 3
33 3
33 0
33 3
33 3
33 3
33 2
33 5
44 5
60 3
47 1
47 3
44 3
44 3
41 4
32 2
32 3
32 1
32 2
32 -1
95 5
95 5
93 3
67 0
63 5
93 4
35 5
38 5
47 2
47 0
47 5
63 4
34 3
33 4
33 1
33 2
33 2
37 4
37 0
37 2
46 5
53 1
51 5
58 3
37 2
36 3
35 5
44 1
44 2
43 5
52 3
45 1
45 0
45 2
44 4
34 1
34 4
34 4
34 2
33 5
39 4
33 1
34 4
34 5
39 3
36 4
34 1
34 2
34 1
34 1
34 0
34 1
36 2
34 2
33 1
34 3
33 5
44 3
40 3
38 0
38 2
37 4
34 3
33 1
36 4
36 4
36 0
34 4
33 4
33 3
33 5
37 5
49 3
41 5
52 2
50 4
36 2
35 5
36 4
34 0
34 2
33 1
34 2
34 1
34 1
35 1
36 0
36 2
35 5
47 5
69 5
89 0
89 4
36 0
34 5
44 4
33 3
33 4
33 0
33 3
33 4
33 2
33 3
38 3
33 4
33 1
33 2
34 3
33 0
33 4
33 5
37 0
37 1
38 4
33 1
33 1
33 3
33 5
37 3
36 2
35 2
35 4
35 5
38 5
58 4
34 2
35 2
38 2
42 0
42 5
50 5
64 1
54 0
54 2
56 5
72 0
72 5
86 1
84 5
98 2
96 4
43 0
43 0
43 4
43 5
56 2
95 4
95 4
95 2
95 0
95 4
95 0
95 3
50 1
53 2
50 0
34 0
34 0
34 1
35 5
44 5
62 4
34 0
34 1
35 0
35 2
35 0
35 3
35 5
48 4
34 2
34 4
34 1
34 0
34 2
33 4
33 0
33 1
34 5
44 0
44 3
39 5
50 3
45 3
45 5
62 5
91 3
80 4
34 0
33 3
33 4
32 2
37 2
37 2
40 2
40 4
40 4
40 0
40 4
40 2
40 3
50 4
50 5
42 1
44 5
46 2
44 1
45 2
42 3
39 3
38 4
34 5
35 2
35 2
33 2
36 1
35 3
33 4
33 3
33 3
33 1
33 3
33 2
34 1
34 1
34 0
34 4
34 2
34 0
34 4
34 0
34 2
34 3
33 3
33 0
33 1
33 1
34 3
33 1
33 4
33 3
33 1
33 3
33 5
37 5
49 3
42 4
35 0
35 2
35 3
34 5
44 1
44 1
43 2
40 0
40 1
41 5
60 3
49 0
49 2
47 1
47 3
46 4
36 5
40 5
55 4
33 3
33 4
33 1
33 4
33 0
33 2
36 4
34 3
33 4
33 1
33 2
34 1
34 3
33 2
33 5
37 5
49 0
49 4
33 4
33 2
33 0
33 3
33 1
34 4
33 2
33 2
34 2
38 4
38 2
38 0
38 1
38 0
38 4
38 0
38 3
34 2
33 1
33 2
33 2
33 3
39 3
35 3
33 2
33 2
33 2
37 1
37 4
37 2
40 2
40 2
40 1
40 5
45 5
54 2
54 3
36 3
36 5
46 3
43 3
41 3
41 2
40 4
34 2
34 5
40 4
33 0
33 3
33 0
33 5
44 5
60 0
60 1
60 5
81 3
58 5
80 5
105 4
33 5
36 5
49 0
49 0
49 1
49 3
41 3
39 2
38 0
38 2
37 4
34 2
35 2
35 5
38 0
38 5
50 5
70 3
49 2
45 4
35 5
39 5
49 1
47 2
44 0
44 4
33 5
39 4
33 5
39 5
59 0
59 5
77 3
43 3
42 3
42 2
41 3
41 1
41 4
34 3
33 3
33 4
33 3
33 5
37 3
36 5
45 3
44 5
56 5
78 5
107 3
88 4
33 4
33 4
33 1
33 4
33 1
33 1
33 5
37 0
37 1
37 3
35 5
43 2
41 5
55 3
45 1
46 5
58 4
34 3
33 3
33 4
33 0
33 2
33 4
33 4
33 2
33 1
34 4
34 3
33 4
33 1
33 4
33 1
33 5
37 1
38 5
49 1
48 4
34 3
33 4
33 1
33 1
34 4
34 1
34 4
34 1
34 1
34 1
36 5
37 5
50 5
73 4
34 5
36 3
35 3
35 4
33 3
33 1
33 0
33 3
33 3
33 2
33 3
33 2
33 5
43 3
38 4
34 0
34 4
33 5
37 2
37 1
36 4
33 2
33 1
33 4
33 5
39 2
39 2
42 3
34 2
33 5
42 4
33 5
37 3
36 5
44 5
58 0
58 3
50 5
69 2
65 5
95 2
89 4
35 4
34 3
33 0
33 2
33 3
33 1
34 5
41 2
39 1
38 1
38 4
33 2
34 5
39 5
48 3
37 4
34 4
34 2
34 1
34 4
34 3
40 4
39 3
43 3
43 1
43 3
37 4
37 3
43 3
35 1
35 2
35 2
35 5
38 4
33 4
33 3
40 3
34 3
33 5
37 2
37 1
36 5
46 3
43 5
56 2
53 0
53 5
75 2
72 0
72 3
61 0
61 3
56 4
35 3
34 2
35 3
34 2
33 3
33 3
33 3
33 3
33 2
33 5
39 1
36 1
36 2
35 3
33 3
33 3
33 4
33 0
33 2
33 2
33 3
33 4
33 1
33 4
33 3
33 2
33 1
33 0
33 0
33 3
33 4
33 2
33 5
39 5
59 3
40 0
40 4
34 0
34 3
34 3
34 4
34 2
34 0
34 5
45 1
45 4
34 0
34 5
45 3
38 3
38 0
38 5
58 5
80 5
106 1
94 3
81 4
34 3
35 0
34 5
44 2
45 4
32 5
37 4
32 3
34 0
34 5
44 5
58 2
58 3
47 4
32 4
32 0
32 0
32 3
32 1
32 4
32 5
37 1
37 3
35 2
33 0
33 3
33 4
32 3
34 2
32 3
34 4
33 2
33 0
33 3
33 4
33 0
33 1
33 2
33 3
33 1
33 5
41 3
38 5
47 2
44 3
41 2
40 3
40 3
40 5
55 3
51 3
50 5
74 3
70 3
69 3
69 4
34 5
36 0
36 3
35 3
35 5
47 5
65 4
34 5
36 3
35 3
35 4
33 2
33 0
33 1
34 0
34 3
34 0
34 4
33 3
33 4
33 2
34 4
34 3
33 4
33 0
33 0
33 5
44 5
60 3
50 3
43 0
43 3
43 3
43 1
43 1
43 0
43 1
43 4
33 4
32 1
32 3
33 5
37 1
37 3
35 3
35 3
35 3
34 0
34 5
47 0
47 0
47 3
42 1
42 0
41 4
31 5
38 3
37 1
38 0
38 5
56 5
75 0
75 4
32 3
32 1
32 4
31 2
31 4
31 4
31 4
31 3
31 3
31 3
31 3
31 5
34 2
34 4
32 2
32 3
31 4
31 2
31 4
31 2
31 5
34 3
33 2
32 2
31 3
31 0
31 1
31 5
42 1
41 4
31 3
31 3
31 0
31 3
31 2
31 2
31 0
31 0
31 3
31 1
31 3
31 2
31 3
31 0
31 3
31 3
31 3
31 0
31 0
31 1
32 3
31 1
32 2
31 4
31 5
34 5
45 5
59 3
49 3
46 3
45 2
44 3
43 1
43 3
43 2
42 0
42 3
42 0
42 4
33 1
33 4
32 2
32 5
34 0
34 5
50 0
50 1
44 0
44 4
34 1
34 0
34 3
34 0
34 5
46 5
62 4
33 5
37 3
35 1
35 3
35 2
35 0
35 4
34 3
33 3
33 3
33 0
33 4
33 3
33 5
37 2
35 0
35 5
46 0
46 0
46 0
46 3
38 3
36 0
36 4
34 4
34 5
36 2
34 4
33 2
33 3
33 2
34 1
34 4
34 2
34 2
34 5
41 3
34 3
34 3
34 4
33 0
33 3
33 4
33 4
33 2
33 1
33 3
35 1
35 4
35 2
35 1
35 3
43 5
36 5
47 0
47 5
69 3
49 3
47 4
34 2
33 4
33 5
39 0
39 4
33 2
33 2
33 2
33 3
38 3
36 4
36 2
36 0
35 4
35 3
34 3
33 4
33 3
33 2
33 0
33 1
33 4
33 4
33 1
33 5
37 1
36 0
36 5
53 3
45 5
65 3
55 1
55 1
55 2
53 0
53 4
35 2
34 1
34 5
37 5
49 4
33 1
33 3
33 3
33 5
37 2
37 2
35 5
46 2
46 1
46 5
65 1
65 3
41 3
41 3
41 3
41 4
34 4
34 3
33 3
33 3
33 1
33 3
33 0
33 1
33 4
33 0
33 1
34 0
34 4
33 4
33 2
33 3
33 3
33 4
33 0
33 0
33 5
44 2
44 0
44 2
43 2
43 3
37 3
36 3
36 0
36 5
54 3
45 3
44 5
70 1
70 4
35 3
34 3
34 2
34 2
33 4
33 4
33 3
35 2
33 1
33 0
33 3
33 4
33 2
33 5
39 0
39 5
59 1
47 2
47 2
46 5
65 2
65 1
64 3
44 3
42 5
57 3
54 2
52 4
34 5
36 3
35 3
35 4
33 3
33 4
33 0
33 4
33 2
34 3
33 3
33 5
37 3
36 2
35 2
35 5
46 1
46 5
66 2
63 0
63 5
84 2
78 2
74 2
70 2
70 5
88 1
75 1
75 1
72 0
72 5
93 4
60 2
60 3
47 3
35 4
35 1
35 4
35 3
44 1
44 3
44 3
45 1
46 3
39 2
39 5
34 0
34 1
34 3
34 0
34 5
46 1
45 5
63 1
62 1
62 3
51 3
47 0
47 3
47 1
47 2
46 2
45 2
44 1
44 3
43 1
43 0
43 0
43 2
42 3
42 3
42 0
42 2
41 3
41 3
41 5
64 0
64 0
64 2
60 4
34 2
33 4
33 3
33 0
33 0
33 4
33 2
33 3
33 5
37 1
36 1
36 4
33 3
33 1
33 5
37 0
37 3
35 2
34 3
34 4
33 4
33 3
33 3
33 5
37 5
49 3
42 2
41 0
41 4
34 2
33 3
33 3
33 2
33 0
33 3
33 5
44 0
44 3
39 3
38 0
38 4
33 0
33 3
33 3
33 2
33 2
33 1
33 5
44 3
41 5
62 3
55 3
52 1
52 5
76 2
70 3
69 2
66 1
66 3
66 3
66 2
64 5
107 0
107 3
102 0
102 2
99 1
99 3
98 2
96 3
96 4
35 3
34 0
34 5
50 5
68 1
67 0
67 1
64 0
64 5
79 4
34 3
33 4
33 3
33 1
33 3
33 5
37 2
35 0
35 3
34 4
33 3
33 5
37 0
37 5
49 5
69 3
47 5
65 0
65 4
34 2
33 4
33 3
33 5
37 3
36 3
35 0
35 3
35 3
35 5
43 5
60 5
77 2
70 5
89 3
72 5
93 2
87 5
111 5
146 1
139 3
129 1
129 3
123 4
34 2
34 5
40 4
33 5
39 3
34 2
34 5
45 2
49 2
49 0
49 1
48 1
48 1
48 4
33 3
33 3
33 0
33 4
33 3
33 2
33 2
33 4
33 3
33 2
33 3
33 5
37 1
37 4
33 3
33 2
33 5
39 3
34 4
33 1
33 3
33 3
33 5
37 1
36 3
36 0
36 1
36 1
36 3
36 4
34 4
34 3
33 2
33 2
33 5
37 3
36 0
36 5
54 4
35 2
35 3
38 1
38 4
37 2
37 1
37 2
37 0
33 0
33 3
33 2
33 0
33 5
44 1
44 4
34 3
33 3
33 4
33 1
33 1
33 4
33 1
33 4
33 3
33 3
33 4
33 0
33 4
33 5
37 4
33 2
33 2
33 3
33 4
33 0
33 5
44 5
60 3
50 3
44 1
44 3
44 3
44 0
44 2
43 1
43 3
43 2
42 4
35 2
34 5
36 3
35 3
35 5
45 1
45 2
43 3
38 5
51 4
34 5
38 1
38 4
33 4
33 1
33 3
33 1
33 4
33 3
33 5
37 1
36 2
36 2
36 1
36 3
35 3
35 5
42 4
34 3
33 1
33 4
33 4
33 4
33 4
33 4
33 4
33 1
33 3
33 1
33 3
33 3
33 2
33 4
33 5
39 3
34 3
34 3
34 3
34 4
33 3
33 0
33 4
33 5
37 5
49 5
69 2
69 0
69 5
87 4
33 5
39 3
36 0
36 3
36 4
34 3
33 4
33 1
33 1
33 2
33 3
33 1
33 3
33 2
33 3
33 2
33 3
33 0
33 1
33 1
33 0
33 2
33 3
33 1
33 2
33 2
33 4
33 3
35 5
36 2
34 4
34 1
34 5
40 0
40 0
40 0
40 2
39 4
33 5
39 5
59 1
59 0
59 4
33 2
33 5
39 5
59 2
59 0
59 3
39 3
38 3
38 3
38 1
38 2
37 5
49 2
47 3
43 3
42 2
41 4
34 4
34 4
34 0
34 0
34 3
34 5
46 3
42 2
40 2
38 3
37 3
37 5
47 3
44 2
43 0
43 3
43 1
43 4
34 0
34 1
34 5
42 2
42 4
34 0
34 5
46 3
41 5
56 3
53 3
50 4
34 3
33 5
38 3
36 2
35 3
35 2
34 4
33 3
33 5
37 1
37 4
33 4
33 5
37 0
37 3
36 0
36 2
35 0
35 2
35 2
35 3
35 5
44 0
44 3
40 0
40 2
39 2
38 5
57 1
57 5
81 3
73 2
70 3
66 3
65 4
36 3
35 1
35 5
40 3
39 5
49 3
46 5
64 0
64 3
61 3
61 0
61 4
36 3
35 2
34 2
33 3
33 5
37 4
33 4
33 5
37 3
35 3
35 4
33 4
33 0
33 5
44 4
33 2
33 2
33 2
33 3
35 3
34 0
34 3
34 4
33 5
37 5
49 3
40 3
38 0
38 3
37 3
37 4
33 1
33 0
33 1
33 4
33 4
32 1
32 5
34 3
33 2
32 3
32 4
32 3
35 5
38 2
38 5
48 4
34 3
34 4
33 3
33 1
33 2
33 5
37 2
35 4
33 5
39 1
36 0
36 2
36 0
36 3
34 0
34 1
34 3
34 4
34 3
33 1
33 4
33 1
33 3
33 3
33 4
33 1
33 5
37 4
33 4
33 5
37 4
33 2
33 1
33 1
33 0
33 3
33 5
44 4
33 4
33 3
33 2
33 3
33 5
37 0
37 1
37 2
37 2
35 0
35 2
35 2
35 3
35 3
34 4
34 3
33 5
37 2
35 1
35 4
33 0
33 5
44 4
33 1
33 4
33 4
33 3
33 4
33 3
33 2
33 4
33 5
39 5
59 4
33 2
33 3
39 3
36 0
36 2
36 3
33 4
32 4
32 0
32 4
31 0
31 1
31 2
31 3
31 2
31 5
39 2
39 4
33 1
33 3
33 1
33 3
33 3
33 4
33 0
33 4
33 0
33 1
33 0
33 3
33 1
33 3
33 1
33 3
33 2
33 1
33 3
33 2
33 3
33 3
33 4
33 3
33 3
33 0
33 0
33 3
33 2
33 2
33 1
33 5
44 2
43 4
33 5
39 4
33 5
39 2
39 4
33 5
39 0
39 2
42 3
34 5
43 3
38 1
38 2
37 4
34 5
36 5
49 2
49 3
45 2
44 5
54 3
51 5
72 4
33 5
37 4
33 4
33 2
33 2
33 0
33 3
33 5
44 3
40 1
40 5
53 4
34 0
34 0
34 1
34 4
33 3
33 1
33 2
33 2
33 3
33 1
33 2
33 0
33 5
43 4
33 2
33 0
33 4
33 0
33 3
33 0
33 4
33 3
33 5
37 1
36 1
36 5
48 5
70 4
33 0
33 0
33 4
33 5
39 2
39 3
35 0
35 5
52 1
46 1
46 5
65 5
86 1
84 3
70 3
61 2
59 1
59 5
94 2
90 3
80 4
36 4
34 4
34 0
32 3
32 3
32 5
40 0
40 2
40 2
40 2
40 0
40 1
40 3
36 5
48 4
34 2
33 4
33 2
33 3
33 3
33 3
33 3
33 0
33 1
33 3
33 5
44 3
42 3
40 4
34 3
33 1
33 0
33 0
33 3
33 4
33 3
33 1
33 4
33 2
33 0
33 5
44 2
43 2
43 3
36 4
33 2
33 0
33 4
33 4
33 4
33 0
33 3
33 0
33 2
33 5
44 5
60 1
60 4
33 2
33 4
33 3
40 3
33 5
37 5
49 5
69 3
45 4
33 1
33 4
33 4
33 4
33 0
33 3
33 1
33 5
41 3
37 3
37 4
34 0
34 5
46 1
45 4
34 2
33 0
33 4
33 4
33 2
33 5
37 4
33 0
33 3
33 5
44 3
40 0
40 5
59 3
48 1
48 0
48 5
70 5
97 0
97 3
84 2
80 3
76 4
38 4
37 4
37 2
36 3
35 2
34 2
34 0
32 5
40 3
38 0
38 0
38 2
36 3
36 4
33 3
32 1
32 2
32 1
32 1
32 2
32 5
34 4
32 4
32 3
32 0
32 0
32 5
39 5
54 1
54 3
42 3
39 1
39 5
52 1
52 1
52 0
52 2
50 3
45 0
45 0
45 1
45 3
45 1
45 2
43 1
43 3
42 4
33 2
32 3
32 1
32 2
32 0
31 2
31 5
46 3
44 3
40 1
40 4
31 4
31 4
31 2
31 3
31 0
31 0
31 2
31 5
45 2
45 2
45 1
44 3
39 2
38 1
38 3
37 3
37 3
36 3
36 3
36 4
30 4
30 2
30 4
30 0
30 3
30 0
30 5
45 0
45 3
43 4
30 3
30 4
30 4
30 3
30 2
30 2
30 0
30 3
30 1
30 1
30 5
42 3
37 4
30 2
30 5
36 5
49 2
46 5
61 0
61 0
61 3
51 4
35 3
34 1
34 3
34 2
34 5
38 4
34 3
34 1
34 0
34 1
34 4
34 0
34 2
33 3
33 3
33 2
33 4
33 0
33 0
33 0
33 0
33 4
33 5
39 5
59 3
40 3
39 4
34 3
33 3
33 2
33 3
33 3
33 2
33 3
37 5
35 3
34 2
34 0
34 1
34 3
34 0
34 4
34 3
33 3
33 0
33 2
33 3
33 -1
95 2
94 2
93 0
78 0
78 4
39 2
37 5
39 0
39 0
39 1
45 0
44 4
36 4
36 5
37 3
37 2
36 4
32 4
31 4
31 3
31 1
33 0
32 3
32 5
43 0
43 4
31 5
34 2
34 3
33 5
40 5
55 0
55 3
50 5
63 3
56 3
56 0
56 2
54 4
31 5
39 3
35 4
31 4
31 0
31 4
31 2
31 3
31 5
36 3
33 5
43 4
32 0
32 4
32 0
32 0
32 2
34 5
45 4
34 2
33 3
33 2
33 5
41 4
33 4
33 3
38 5
35 2
33 0
33 5
46 4
33 2
33 2
37 5
46 3
34 3
34 3
34 2
34 4
33 5
41 1
42 4
33 1
33 2
34 5
43 4
34 0
34 1
34 4
34 4
34 0
34 1
35 3
34 2
33 1
35 4
32 4
32 4
32 1
33 5
35 4
34 0
34 2
33 5
46 5
60 0
60 3
47 2
45 4
33 2
33 3
36 1
37 4
35 2
35 5
34 5
45 2
40 3
38 4
35 2
34 0
34 0
34 2
33 5
46 0
46 0
46 0
46 5
60 3
46 2
45 4
36 1
36 5
38 4
34 3
33 2
34 5
37 0
37 3
36 0
36 2
36 4
33 5
41 4
33 4
33 4
33 4
33 5
41 4
33 5
41 4
33 3
35 2
35 4
35 2
35 1
35 5
38 2
41 0
41 5
59 4
34 5
43 0
43 4
34 5
43 0
43 1
38 5
49 2
47 4
34 0
34 4
34 2
60 1
46 2
50 3
38 4
38 0
34 3
34 2
34 3
34 0
34 2
33 3
33 2
33 1
33 2
35 4
34 5
37 0
37 2
45 2
45 1
46 5
52 4
37 5
42 5
53 5
70 4
37 3
34 0
34 2
34 3
34 4
33 2
34 3
33 3
33 4
33 0
33 2
36 3
33 2
33 3
33 5
41 2
43 5
56 0
56 4
33 3
35 4
35 5
36 1
38 0
37 0
37 5
50 2
48 5
70 4
34 3
33 5
37 2
35 3
35 3
34 4
34 4
34 3
33 5
37 4
33 4
33 2
33 3
33 2
33 0
33 1
37 4
37 4
37 3
33 4
33 4
33 1
36 3
33 4
33 2
33 5
39 2
46 3
34 4
33 0
33 3
33 0
33 3
33 0
33 0
33 0
33 1
34 5
44 3
41 4
34 3
33 2
33 2
34 4
34 5
41 3
35 1
36 3
34 2
33 1
34 4
33 0
33 3
33 5
44 4
33 0
33 5
44 5
60 2
60 2
50 0
50 2
50 2
51 3
37 5
49 3
44 2
42 3
42 2
41 1
46 0
46 4
39 5
36 2
36 2
36 3
35 2
34 3
34 1
35 0
35 1
36 2
35 1
36 5
50 1
50 4
34 4
34 2
33 2
33 2
34 4
34 1
35 5
42 1
43 2
41 4
35 0
35 0
35 3
38 3
34 2
34 5
41 2
44 0
44 3
37 3
36 4
33 4
33 4
33 3
33 2
34 5
37 0
37 2
37 2
37 5
48 2
51 4
34 1
34 4
34 4
34 5
39 4
34 5
39 3
36 2
35 0
35 4
34 3
33 5
37 3
36 4
34 3
33 3
33 2
34 1
34 5
39 5
48 4
34 1
34 3
33 2
34 5
37 0
37 4
33 5
39 1
36 0
36 1
36 5
52 0
52 3
43 4
34 0
34 3
34 0
34 2
37 0
37 3
35 0
35 0
35 5
52 2
49 4
32 0
32 4
32 1
32 3
33 2
34 4
32 5
35 5
45 1
44 2
43 5
59 5
78 3
54 4
35 4
34 2
35 2
34 3
33 0
33 2
33 5
44 1
45 5
61 1
59 3
49 2
48 0
48 1
48 0
48 3
44 3
44 4
35 2
34 4
32 4
32 3
34 3
34 1
36 2
34 3
34 3
32 2
33 3
34 3
32 0
32 5
41 1
42 0
42 3
39 0
39 2
38 2
37 0
37 5
56 5
79 3
57 1
57 0
57 0
57 0
57 1
58 3
55 2
53 3
51 2
50 2
49 1
49 5
76 3
69 5
101 5
137 4
35 5
33 4
32 1
34 2
33 1
36 4
35 5
33 3
32 3
32 2
32 1
32 3
32 1
32 3
32 0
31 3
31 0
31 1
32 3
31 5
44 3
40 3
39 5
59 2
57 0
57 2
54 5
75 3
68 4
32 2
31 0
31 0
31 3
31 2
31 2
31 3
31 2
31 5
42 2
42 4
31 3
31 4
31 0
31 2
31 0
31 2
31 4
31 5
34 1
34 4
32 2
32 4
32 4
32 5
33 3
33 5
43 3
40 3
39 2
38 3
38 3
38 5
53 2
51 3
47 2
45 5
63 3
59 3
58 4
33 0
33 4
32 3
33 3
33 3
34 4
33 3
32 3
34 5
39 3
37 5
49 2
47 2
44 3
38 1
38 0
38 3
37 4
34 3
33 3
33 2
32 5
36 2
36 4
33 2
33 2
34 2
34 2
34 2
34 1
34 2
34 3
33 2
33 0
33 1
33 4
33 3
33 3
33 0
33 3
33 4
33 1
33 4
33 5
37 1
38 3
35 5
43 2
41 5
55 2
55 5
74 0
74 4
34 2
35 1
35 1
35 3
33 3
33 0
33 1
33 5
44 2
46 3
41 0
41 3
40 5
56 1
56 5
75 0
75 2
72 2
67 3
58 1
59 3
52 0
52 5
81 2
78 5
108 4
35 2
34 1
34 0
34 3
34 1
34 4
34 1
36 3
34 2
34 4
34 5
40 5
60 0
60 4
33 4
33 3
40 1
40 2
39 3
43 2
35 2
36 3
45 5
34 3
34 4
33 0
31 4
31 4
31 4
31 4
31 3
35 3
32 0
32 5
40 4
34 3
33 2
34 0
34 2
34 3
33 1
33 3
33 2
33 3
33 2
33 2
33 3
33 2
34 5
39 2
39 4
33 1
33 3
33 5
37 3
36 3
35 3
35 5
43 5
58 3
49 5
65 5
91 0
91 3
84 3
77 5
115 2
110 1
110 5
156 4
34 5
39 4
34 3
33 2
34 5
37 3
36 2
35 4
34 3
37 4
37 3
35 4
35 3
33 2
33 3
33 3
33 4
33 0
33 4
33 0
33 0
33 5
44 3
40 4
35 0
35 0
35 3
35 1
36 3
35 2
34 5
50 3
45 3
40 2
39 5
52 4
34 5
36 1
35 3
35 3
35 2
34 3
34 0
34 2
34 0
34 5
50 0
50 4
34 5
40 5
60 1
60 3
41 3
41 3
41 3
41 3
41 5
54 5
77 3
66 2
63 2
60 3
56 2
54 3
54 0
54 5
88 5
124 3
111 2
107 2
103 2
100 4
34 2
33 2
33 4
33 4
33 2
33 4
33 3
37 3
33 3
33 4
33 5
37 4
33 3
33 3
33 3
33 5
37 0
37 2
37 3
36 2
35 3
34 3
34 2
34 3
34 3
34 3
34 5
43 3
40 1
40 4
34 2
33 3
33 4
33 5
37 4
33 1
33 4
33 3
33 2
33 0
33 2
33 5
43 3
37 4
34 5
37 1
37 0
37 3
36 3
36 4
33 2
33 2
33 2
33 5
39 0
39 0
39 3
35 0
35 1
35 2
35 3
35 4
34 3
33 3
33 3
33 3
33 3
33 0
33 3
33 3
33 3
33 1
33 2
33 1
33 4
33 0
33 5
44 3
39 3
38 5
49 3
45 4
35 5
38 3
37 3
37 0
37 3
37 4
34 1
34 5
37 3
36 3
35 0
35 0
35 4
33 2
32 5
36 5
48 5
66 2
62 2
53 3
43 1
44 1
44 1
44 3
40 5
54 0
54 2
52 5
75 4
34 1
34 0
34 5
46 4
34 2
33 0
33 3
33 4
33 2
33 2
33 4
33 2
34 5
41 2
41 3
36 0
36 2
36 2
38 2
38 1
36 3
35 4
34 2
33 1
33 4
33 2
33 5
39 0
39 5
59 3
40 3
38 3
38 0
38 1
38 0
38 1
38 1
38 4
34 3
33 2
34 0
34 2
34 0
34 5
39 2
39 2
39 2
39 2
39 2
39 3
38 2
37 3
35 5
45 4
33 3
33 3
33 3
33 2
33 3
33 5
37 2
37 3
35 0
35 1
35 0
35 2
35 4
34 3
33 0
33 3
33 4
33 4
33 4
33 5
37 0
37 0
37 3
35 3
35 2
34 4
33 0
33 4
33 4
33 2
33 4
33 5
39 4
33 4
33 4
33 4
33 1
33 0
33 4
33 5
37 2
37 0
37 1
37 2
36 4
33 2
33 5
39 3
35 2
34 3
34 1
34 4
33 2
33 3
34 5
37 1
36 3
36 3
36 3
36 3
36 3
36 2
35 3
35 5
45 5
58 0
58 3
52 1
52 5
66 5
91 2
85 5
113 3
91 4
34 3
38 4
37 3
33 4
33 2
33 3
33 2
33 3
33 4
33 1
33 2
33 3
33 3
33 3
33 1
33 0
33 3
33 1
33 0
33 4
33 2
33 0
33 3
33 1
33 0
33 0
33 1
33 1
33 2
33 3
33 3
33 2
33 5
43 4
33 5
39 5
59 3
40 3
38 3
38 3
38 5
51 5
70 2
67 3
54 5
80 3
74 0
74 3
73 4
35 4
34 2
34 5
39 5
60 1
59 3
39 1
39 3
39 3
39 3
39 5
52 2
50 5
70 2
66 5
90 4
34 1
34 4
34 4
34 3
33 3
33 2
33 3
33 3
33 3
33 2
33 3
33 3
33 3
33 4
33 2
33 1
33 0
33 0
33 4
33 3
39 3
34 4
34 3
33 2
33 4
33 0
33 2
33 5
44 3
41 3
39 4
34 2
34 5
39 4
34 0
34 1
34 5
45 3
38 5
51 3
46 2
45 1
45 4
34 5
39 5
60 0
60 1
60 4
34 3
37 4
37 3
33 0
33 3
33 0
33 0
33 2
33 1
33 0
33 0
33 2
33 3
33 0
33 5
44 4
33 3
33 1
33 2
33 2
33 4
33 2
33 4
33 0
33 3
33 1
33 0
33 3
33 2
33 1
33 3
33 3
33 3
33 5
41 2
39 3
37 3
36 2
35 3
35 0
35 3
35 0
35 3
35 2
34 1
34 0
34 3
34 3
34 1
34 4
33 2
33 4
33 5
39 2
39 5
59 3
39 3
38 3
38 5
51 3
46 5
64 0
64 2
61 2
58 3
54 0
54 3
54 1
54 0
54 5
87 3
76 2
73 2
71 2
69 3
68 2
66 3
62 3
61 3
61 1
61 3
61 1
61 2
60 5
98 0
98 3
95 2
93 0
93 0
93 4
33 3
31 3
31 5
33 2
33 1
33 5
44 0
44 2
42 4
32 5
38 5
53 5
68 5
86 0
86 2
77 4
33 5
37 0
37 3
36 0
36 5
54 4
35 4
34 2
33 2
33 5
39 3
34 4
33 3
33 2
33 4
33 4
33 0
33 2
33 4
33 2
33 0
33 3
33 2
33 5
41 5
53 5
73 2
71 4
33 3
33 3
33 4
33 3
33 3
33 3
33 4
33 4
33 3
33 3
33 2
33 0
33 5
44 2
43 3
37 2
36 2
34 3
34 4
33 0
33 0
33 3
33 2
33 4
33 3
37 3
33 3
33 3
33 1
33 0
33 5
44 5
60 1
59 3
49 2
48 5
66 2
60 3
54 4
34 2
33 5
37 4
33 3
33 4
33 1
33 1
33 3
33 4
33 3
33 3
33 2
33 1
33 3
33 2
33 0
33 4
33 3
33 5
37 3
36 4
34 3
33 4
33 2
33 5
39 0
39 5
59 2
59 5
77 4
33 4
33 2
33 0
33 3
33 2
33 4
33 2
33 4
33 5
39 0
39 5
59 2
59 0
59 0
59 2
59 1
59 0
59 0
59 4
33 5
39 5
59 0
59 0
59 3
42 2
40 5
48 4
34 5
37 2
35 0
35 2
35 3
35 2
34 2
33 3
33 0
33 2
33 0
33 3
33 3
33 2
33 5
43 3
37 0
37 4
34 5
36 3
35 3
35 3
35 3
35 3
35 2
35 4
33 3
33 5
37 3
36 2
35 2
35 5
46 0
46 3
39 3
39 2
38 0
38 1
38 0
38 5
58 3
50 2
48 3
46 2
45 2
44 3
43 1
43 3
43 3
42 0
41 5
65 3
59 4
31 4
31 0
30 4
30 5
36 5
51 0
51 3
46 1
46 3
43 4
32 2
32 2
32 4
32 3
31 1
31 4
31 5
35 3
33 3
33 3
33 2
32 4
30 5
36 4
30 0
30 3
30 2
30 4
30 2
30 5
37 0
37 4
31 2
31 3
31 3
31 4
31 5
34 4
31 0
31 4
30 1
30 3
30 1
30 4
30 3
30 3
30 2
30 1
30 0
30 4
30 3
30 0
30 3
30 2
30 0
30 1
30 3
30 3
30 2
30 0
30 0
30 0
30 3
30 0
30 0
30 0
30 4
30 1
30 3
30 3
30 3
30 5
36 3
34 2
33 2
32 3
32 0
32 4
31 1
31 1
31 2
31 3
31 5
36 3
34 3
32 2
32 2
32 3
32 5
42 5
56 5
74 2
64 3
54 1
54 3
49 5
76 2
73 3
67 3
65 4
35 0
35 3
35 4
34 1
34 0
34 4
34 0
34 0
34 3
34 2
33 0
33 3
33 5
44 5
60 1
59 2
56 5
74 3
55 3
47 4
34 4
34 3
33 2
33 3
40 5
36 5
43 5
54 1
54 3
46 4
34 2
33 2
33 5
39 0
39 1
39 3
34 3
34 4
33 4
33 2
33 2
33 2
33 3
37 3
33 5
37 4
33 3
33 3
33 1
33 3
33 5
37 5
49 1
49 3
40 3
38 2
37 4
33 1
33 1
33 1
33 5
37 5
49 2
49 0
49 5
69 4
33 4
33 5
39 5
59 3
40 2
38 1
38 3
37 1
37 3
37 3
37 4
33 4
33 5
37 0
37 1
37 3
35 0
35 3
35 1
35 0
35 2
35 3
34 3
34 0
34 2
34 3
33 0
33 2
33 2
33 3
33 3
33 4
32 3
32 3
32 2
32 5
39 2
38 1
38 3
35 4
32 0
32 2
31 0
31 5
42 0
42 2
42 0
42 4
31 3
31 3
31 3
31 0
31 5
42 5
54 3
45 0
44 3
44 5
66 1
65 2
63 3
60 0
60 1
60 4
31 4
31 3
31 3
31 2
31 2
31 2
31 3
31 0
31 4
31 0
31 3
31 5
41 4
31 3
31 3
31 5
34 0
34 5
43 4
34 2
34 0
34 4
34 3
40 0
38 2
38 3
35 4
32 1
32 2
32 5
37 2
35 3
33 2
32 3
32 3
32 2
31 1
31 3
31 1
31 4
31 3
35 5
38 3
36 3
35 3
35 5
45 4
31 4
31 5
35 3
34 5
43 1
43 0
43 0
43 1
42 4
33 4
33 4
33 5
37 4
33 5
37 1
36 3
35 3
35 0
35 3
35 0
35 3
35 4
33 4
32 2
32 5
34 0
34 3
34 5
50 2
50 4
34 4
34 5
36 0
36 3
35 1
35 4
34 0
34 5
46 3
41 4
35 1
35 5
37 0
37 1
37 3
36 4
35 3
34 3
34 1
34 5
38 4
33 0
33 5
44 4
33 5
37 0
37 3
36 2
35 1
35 0
35 2
34 4
34 3
33 1
33 4
33 5
37 2
37 1
37 2
37 2
37 3
35 4
34 3
33 2
33 5
37 2
35 3
35 2
34 1
34 1
34 5
43 4
33 5
37 3
35 3
35 0
35 5
52 1
46 2
44 0
44 1
44 0
44 2
42 0
42 0
42 0
42 0
42 3
38 4
34 5
37 5
51 1
51 2
50 5
72 3
49 2
47 3
42 2
41 0
41 2
40 0
40 1
40 3
39 3
39 4
32 0
32 3
32 2
32 3
32 3
32 0
32 5
42 2
42 5
57 0
57 0
57 5
73 4
34 4
34 0
34 2
33 2
33 5
43 2
43 2
43 5
63 5
81 2
81 0
81 3
48 5
59 0
59 3
52 5
73 5
102 3
89 2
86 4
34 5
37 3
36 5
46 5
61 3
53 1
53 2
51 1
51 3
49 5
76 2
73 0
73 1
73 5
106 3
86 2
83 1
83 2
80 2
77 2
74 3
71 3
70 5
109 2
106 1
106 3
102 3
102 0
102 3
101 1
101 3
101 4
36 5
39 3
38 5
48 2
46 3
42 2
41 5
58 3
53 2
52 0
52 5
84 2
81 0
81 3
72 5
112 3
106 3
104 1
104 4
42 2
36 3
35 2
34 3
34 0
34 2
34 3
34 1
34 4
34 4
34 3
33 2
33 5
39 4
33 5
39 0
39 0
39 0
39 3
35 5
43 2
43 3
42 0
42 1
42 3
40 3
40 0
40 2
39 1
39 4
33 2
32 3
32 4
32 4
32 3
32 5
34 4
32 4
32 3
32 1
32 2
32 0
32 3
32 4
32 2
32 3
32 4
32 3
32 3
32 1
32 1
32 2
32 1
32 4
32 4
32 3
32 5
34 5
44 2
44 3
40 4
33 5
39 5
50 4
33 3
33 0
33 1
33 0
33 4
33 5
37 1
37 0
37 2
35 4
33 5
39 1
39 0
39 0
39 2
39 2
39 1
39 5
59 4
33 0
33 3
33 3
33 5
41 4
33 5
37 2
37 3
36 3
35 3
35 4
34 5
36 3
35 5
45 3
41 3
40 3
40 5
55 1
55 5
77 2
71 4
34 1
34 4
34 4
34 3
33 1
33 2
33 0
33 5
43 4
33 3
37 3
33 3
33 0
33 3
33 2
33 0
33 3
33 3
33 2
33 4
33 3
33 1
33 5
37 4
33 1
33 5
37 1
36 3
35 2
34 2
33 0
33 -1
