5 2000
552 0
513 4
354 2
353 2
352 0
347 5
644 2
641 2
638 2
635 0
635 3
508 0
506 1
508 4
358 2
356 1
356 2
355 1
357 1
359 2
357 2
355 1
355 5
492 3
434 0
429 4
337 4
335 4
335 4
335 3
343 3
340 5
495 1
496 4
333 4
331 4
331 0
326 5
635 5
1052 1
1052 5
1479 5
1892 4
361 2
360 4
359 4
359 3
372 2
369 2
367 4
367 1
369 5
463 2
461 3
413 5
697 5
1149 0
1149 3
884 1
885 1
885 0
883 4
359 4
356 3
351 2
350 5
469 3
412 0
404 1
405 3
406 5
823 3
678 5
1301 0
1301 3
1125 0
1125 5
2014 3
1841 5
2972 4
364 4
361 1
363 5
476 1
476 4
340 2
339 5
449 2
447 2
445 0
443 0
443 5
809 0
809 2
805 4
337 1
337 5
456 4
332 4
332 0
330 3
345 4
341 4
341 0
339 0
339 4
326 1
327 3
353 2
351 0
345 2
344 4
325 1
327 5
458 4
325 2
325 5
460 0
460 0
460 2
458 4
325 2
325 2
325 1
326 4
326 2
325 5
461 0
461 4
326 3
344 2
342 4
342 5
456 5
785 1
784 5
1211 3
844 3
714 3
672 4
351 5
482 4
342 2
341 3
350 2
349 4
349 3
349 1
349 2
348 0
340 4
327 2
327 3
343 4
343 0
341 1
341 0
341 4
325 1
326 5
464 4
325 0
324 2
324 0
324 1
325 5
633 2
630 1
629 0
629 5
1034 4
345 5
456 5
776 5
1200 4
347 4
346 3
361 3
354 0
342 1
342 2
341 1
343 2
342 3
352 3
352 0
349 0
349 2
348 5
677 4
338 4
338 3
347 1
348 0
339 0
339 0
339 5
644 3
505 0
504 3
493 1
493 2
492 2
490 3
487 4
335 4
334 3
337 5
509 2
506 2
504 5
896 3
662 3
586 5
1156 3
984 3
941 3
928 2
926 3
926 1
927 0
927 0
927 3
927 0
927 0
927 4
355 5
497 4
340 0
337 0
337 0
337 0
337 3
344 3
345 1
346 3
344 2
343 1
345 3
348 2
347 3
346 0
345 0
345 1
346 5
690 0
690 3
549 3
510 3
503 4
339 5
502 3
435 2
433 5
841 1
840 0
840 3
684 4
364 0
358 0
358 2
357 2
356 2
355 5
710 0
710 3
557 3
515 3
505 0
503 1
503 5
1079 2
1075 4
350 4
348 0
345 3
351 2
350 3
350 2
349 3
349 2
348 0
347 1
347 3
349 0
349 0
349 0
349 4
327 1
327 4
327 0
327 5
636 5
1056 3
758 1
758 0
755 4
353 4
349 4
349 4
349 1
349 2
348 3
351 4
351 1
351 2
349 2
348 4
348 2
347 4
347 4
347 4
347 4
347 0
337 0
337 4
323 2
323 0
323 1
324 4
324 0
324 3
338 2
336 2
334 3
339 3
339 4
336 5
476 5
845 3
627 4
372 2
370 5
477 0
475 2
473 3
432 5
770 3
630 2
628 4
355 3
337 1
337 0
331 0
331 1
332 3
340 5
654 2
651 3
518 4
354 0
346 1
347 3
351 1
351 0
351 0
351 1
351 4
327 1
327 4
327 2
326 0
326 5
654 3
519 0
516 5
1050 4
357 4
353 2
352 5
469 5
817 4
345 0
337 2
336 2
335 4
329 2
328 5
466 0
466 2
464 5
817 0
817 2
813 0
813 3
585 4
363 3
349 1
351 3
359 0
349 4
333 3
349 3
343 3
353 2
351 3
347 5
476 2
473 4
331 0
326 2
325 2
325 4
324 0
324 0
324 0
324 0
324 0
324 1
325 4
324 2
324 0
324 4
324 2
323 5
475 5
831 1
828 5
1262 1
1262 2
1256 3
837 2
832 1
832 2
826 1
826 4
362 3
359 2
358 3
355 2
352 0
340 0
340 1
340 4
329 4
329 3
345 0
342 5
654 0
654 2
651 4
338 2
337 5
470 3
408 4
339 2
338 3
351 4
351 4
351 0
344 3
348 0
347 4
328 0
328 2
328 4
326 4
326 4
326 3
344 3
340 5
478 3
415 0
413 2
411 2
409 4
342 2
341 3
342 2
340 0
336 3
340 2
339 4
327 0
327 2
326 2
325 3
335 4
333 0
332 2
331 3
337 2
336 3
336 1
336 0
336 0
336 2
335 2
334 3
336 3
341 4
328 2
327 2
326 5
480 3
409 3
403 2
402 2
401 5
755 5
1243 2
1236 2
1231 1
1231 4
348 4
345 4
345 2
344 2
343 2
342 4
342 3
349 1
349 3
348 1
348 2
346 0
339 3
346 5
638 2
635 2
631 0
631 3
506 2
504 3
473 2
471 3
467 4
338 2
337 0
336 0
336 5
664 2
660 4
347 5
482 1
481 5
835 2
832 2
828 4
350 5
463 5
775 4
346 2
345 2
345 5
458 0
456 4
338 5
460 1
460 5
788 2
785 0
785 3
533 2
530 5
940 4
364 5
478 0
474 4
336 2
335 5
464 0
464 0
464 0
464 4
332 0
331 0
331 1
331 0
331 1
331 0
331 2
330 2
330 0
330 4
328 0
328 3
339 1
340 2
339 3
341 2
340 4
335 0
333 3
340 2
338 0
338 2
337 5
655 2
651 2
648 0
648 2
645 4
340 2
339 0
333 1
334 3
341 3
346 2
345 5
619 4
335 3
343 0
336 2
335 0
335 1
336 4
322 1
322 2
322 1
322 3
349 4
349 4
349 0
345 4
324 2
323 5
472 5
834 0
834 4
345 3
355 1
355 5
467 5
794 0
794 1
793 2
789 2
786 5
1206 2
1201 3
841 5
1377 2
1371 4
375 1
375 2
373 5
468 0
461 4
338 4
338 2
337 2
336 2
335 2
334 4
334 0
328 4
327 0
327 0
327 4
327 5
469 2
467 2
465 1
464 4
334 3
356 2
354 4
354 4
354 3
347 1
347 0
341 0
341 1
341 0
341 5
644 3
505 1
506 0
502 2
500 2
497 4
340 3
338 2
337 2
336 0
330 4
323 1
323 0
323 5
619 3
497 5
929 0
929 3
752 0
750 4
356 3
340 2
339 2
338 3
344 4
342 0
340 5
696 2
692 0
692 2
688 2
685 2
682 2
679 5
1106 2
1101 4
352 3
355 2
353 0
344 4
332 2
331 3
346 5
459 0
458 2
456 4
331 2
330 3
344 2
343 4
343 3
342 0
337 4
326 2
326 1
328 2
327 2
327 3
343 3
342 2
341 0
338 0
338 0
338 2
337 0
337 0
337 1
338 2
337 3
341 0
339 1
339 0
339 4
325 0
325 0
325 0
325 5
611 3
484 0
484 3
471 3
468 2
466 4
337 4
336 4
336 2
335 4
335 5
495 5
892 0
892 3
647 0
645 2
641 5
1247 0
1247 5
1845 4
380 2
378 1
378 0
357 1
357 5
687 1
687 0
687 3
544 5
1025 1
1025 5
1625 4
363 2
361 5
462 2
460 0
457 2
455 3
407 2
406 0
403 3
407 2
406 5
818 3
666 2
663 2
660 2
658 1
658 4
355 3
344 0
336 3
342 3
341 0
341 4
327 4
326 3
339 2
338 3
335 5
489 1
489 2
487 0
487 0
487 5
863 4
343 3
357 2
355 2
353 3
354 5
466 2
464 2
462 3
408 3
398 4
336 1
336 3
345 3
342 0
338 1
339 4
328 2
327 5
473 3
405 2
403 4
344 0
341 2
340 5
664 3
528 0
526 5
1075 4
353 0
346 2
345 2
344 0
344 2
343 1
343 2
342 1
342 3
349 5
670 2
666 0
666 3
534 3
498 2
496 1
496 0
495 0
495 4
345 5
509 0
509 0
509 3
438 0
435 3
431 4
337 2
336 3
339 1
339 4
338 1
338 3
332 4
332 5
506 4
336 4
334 3
347 2
345 5
486 4
335 1
335 5
474 1
474 2
472 4
334 2
333 5
475 4
334 0
331 5
640 5
1059 3
757 1
757 2
753 4
367 5
488 0
487 4
337 3
350 1
350 0
343 3
347 5
640 3
518 2
516 0
513 4
345 3
345 3
341 2
339 0
335 3
341 2
340 2
339 2
338 3
340 4
329 2
328 2
327 4
327 0
326 1
327 1
327 0
327 4
321 1
321 2
321 1
321 3
345 3
338 3
336 2
334 3
335 2
333 1
333 2
332 5
491 4
332 1
332 2
331 3
348 5
482 0
481 0
481 3
413 1
413 2
412 0
410 0
410 0
410 4
335 1
335 1
335 3
347 3
343 5
494 5
888 3
653 4
361 0
349 1
349 3
354 0
354 5
711 4
342 3
354 2
351 4
350 3
352 2
350 4
350 2
347 1
347 3
352 2
349 0
342 0
342 1
343 3
348 0
347 1
347 3
349 2
348 4
326 4
326 3
341 2
339 2
338 0
332 5
648 2
644 1
644 0
644 2
641 1
641 4
331 2
330 3
347 0
338 3
344 0
344 0
344 5
672 3
530 2
528 1
529 2
526 0
523 0
523 5
1079 2
1075 0
1075 1
1075 2
1071 2
1067 2
1063 4
357 3
351 4
350 5
468 0
466 4
331 5
469 2
467 5
825 3
593 3
539 5
1035 2
1032 4
370 0
357 3
362 2
361 3
361 3
364 0
363 5
756 2
752 0
752 2
748 3
581 4
357 0
353 2
352 5
697 4
347 3
347 0
342 4
326 5
483 0
483 4
327 4
327 2
326 0
324 3
335 3
342 2
339 2
338 0
338 0
338 5
667 4
338 1
338 5
477 4
332 1
332 2
331 0
328 2
327 2
327 2
327 1
327 5
631 3
496 4
356 2
355 3
351 2
348 2
346 4
344 3
352 0
345 1
345 1
345 0
345 2
344 2
343 0
343 4
325 1
325 0
325 5
632 2
629 3
486 1
486 0
485 2
483 3
470 0
469 2
467 4
337 3
343 3
344 2
342 4
342 4
342 1
342 4
342 1
342 2
340 1
340 0
339 4
323 3
338 2
336 0
334 2
333 0
333 2
332 4
323 0
323 2
323 2
323 3
332 2
331 1
331 1
331 5
650 1
649 2
646 2
643 3
500 0
500 4
342 0
341 4
324 1
324 3
339 0
336 2
335 1
335 0
335 0
335 1
335 3
343 2
342 3
339 2
337 2
336 4
328 1
328 3
341 4
341 2
339 3
335 3
340 1
340 2
338 5
501 2
498 3
429 2
427 1
427 0
426 0
426 1
426 3
424 0
422 3
421 2
420 1
420 5
891 4
341 4
340 4
340 3
346 3
352 3
345 4
345 5
485 5
836 2
831 1
831 0
831 3
609 4
357 4
355 0
349 2
348 1
348 2
347 4
331 2
330 0
330 2
329 0
329 0
329 0
329 2
329 0
329 0
329 1
329 0
329 4
329 3
340 0
338 2
337 4
325 5
471 5
841 5
1270 0
1270 5
1686 5
2082 0
2082 3
1618 2
1609 5
2190 0
2190 0
2190 0
2190 4
385 2
384 2
383 2
381 4
378 2
377 3
368 4
366 0
347 2
346 5
632 0
632 2
629 2
626 1
625 4
336 0
331 3
346 2
345 3
341 5
596 2
593 5
1007 0
1007 0
1007 3
730 0
729 3
648 3
626 3
622 2
621 3
620 3
619 3
618 2
617 0
617 5
1321 3
1154 1
1154 3
1096 3
1083 3
1083 3
1083 4
365 1
365 0
359 2
358 0
358 2
357 4
335 3
343 5
486 2
484 0
484 0
484 2
481 1
481 2
479 4
340 3
349 0
344 1
344 5
655 1
655 3
513 4
364 2
362 0
357 5
695 1
695 2
691 4
349 4
348 3
353 1
353 3
350 0
344 4
326 2
326 2
326 0
326 2
326 1
326 3
338 5
614 3
497 2
495 1
495 4
349 2
348 0
343 3
350 5
664 0
664 3
537 0
536 2
533 0
533 2
531 1
531 2
529 0
529 4
349 2
348 4
342 3
351 3
346 4
345 3
341 3
339 0
335 3
341 3
338 0
338 0
338 3
341 4
328 3
337 1
337 0
332 5
651 0
651 3
510 4
346 3
344 2
343 2
341 0
336 4
327 5
477 0
476 3
409 5
764 2
760 0
760 4
342 3
345 3
342 2
340 3
347 0
340 3
347 0
346 3
349 5
686 4
335 2
334 3
350 2
348 3
348 5
485 0
484 2
481 0
481 5
849 1
848 1
848 5
1277 2
1271 5
1710 0
1710 1
1710 2
1701 2
1694 4
361 3
376 0
355 3
362 2
360 0
359 0
359 1
359 1
359 3
359 2
358 5
699 2
695 0
695 4
343 0
338 2
336 0
336 2
335 2
334 1
334 2
333 1
333 0
333 0
333 3
344 2
343 1
343 5
631 2
628 3
495 2
493 0
491 3
483 3
480 3
479 5
1020 3
864 4
370 4
367 2
365 2
364 3
355 3
354 2
352 5
484 2
481 0
478 5
868 3
644 3
577 4
353 5
477 2
475 4
342 0
332 2
331 2
330 2
330 0
330 4
328 1
328 4
328 3
339 4
339 3
339 4
339 4
339 0
337 2
336 2
335 2
334 3
340 2
339 0
339 2
338 5
662 2
659 5
1074 5
1501 3
1140 5
1729 2
1723 2
1717 2
1710 0
1710 4
381 2
378 3
361 2
359 3
359 3
365 4
364 0
352 2
351 0
351 0
351 2
350 0
350 4
332 1
332 3
350 2
348 2
346 2
344 4
343 3
345 4
344 0
339 0
339 1
339 2
338 0
338 2
337 0
337 5
631 3
501 1
501 5
918 3
750 3
714 3
707 2
705 4
351 5
500 1
499 3
439 2
437 2
435 3
428 2
427 3
425 2
424 4
334 2
333 3
337 2
336 4
335 4
335 4
335 4
335 2
333 4
333 2
332 1
332 3
335 3
335 3
333 0
331 2
330 0
330 4
322 2
322 3
337 0
333 5
674 0
674 4
335 5
476 0
475 1
475 3
409 2
408 2
406 4
341 1
341 4
341 2
340 3
344 4
343 3
344 3
348 1
348 1
348 2
345 1
345 2
343 2
341 4
341 1
341 3
345 0
336 2
335 3
340 2
339 2
338 0
337 3
343 4
328 5
491 5
879 5
1310 3
930 0
927 0
927 2
922 2
918 3
772 1
772 2
769 0
769 0
769 3
731 4
358 4
355 1
355 2
352 0
349 2
348 4
332 5
485 2
483 1
483 1
481 3
412 3
396 3
399 0
398 4
336 2
335 5
508 5
908 3
673 0
670 2
667 4
356 1
356 1
356 2
354 3
357 3
349 2
348 4
344 1
344 5
479 4
328 4
327 3
344 3
342 3
343 1
343 0
339 5
649 1
649 2
646 5
1057 0
1057 1
1055 0
1055 5
1485 1
1485 5
1901 4
370 2
368 4
365 2
364 1
364 2
363 4
363 3
367 2
365 0
350 1
350 1
350 2
349 2
348 0
348 0
348 4
333 3
354 4
354 2
351 2
349 2
348 3
347 2
344 5
459 3
407 2
405 2
403 3
392 2
391 3
389 2
388 0
383 4
330 4
328 3
346 1
346 2
344 4
344 4
344 2
341 1
341 4
341 4
341 3
337 4
337 2
335 5
482 2
479 0
479 2
477 2
474 4
328 4
328 0
326 4
324 3
343 0
339 2
338 3
344 4
332 2
331 5
490 0
490 4
326 3
343 0
338 4
324 2
324 4
324 5
475 4
326 0
324 0
324 1
324 1
324 3
334 3
340 5
617 3
506 2
503 5
926 2
921 4
349 3
356 1
356 5
481 2
479 2
476 0
476 4
330 0
327 0
327 2
326 0
326 3
339 3
343 1
343 4
338 0
336 3
342 4
330 4
330 5
473 2
471 5
822 4
338 2
338 0
332 2
332 2
330 2
330 2
330 2
330 3
347 3
339 0
338 0
338 2
337 1
337 0
337 2
336 2
335 0
335 4
326 3
341 2
339 1
339 0
336 3
343 0
343 3
349 2
348 5
655 4
341 0
338 1
338 3
341 5
628 2
625 4
334 2
333 2
332 1
332 2
331 2
331 2
331 0
325 0
325 4
324 3
342 3
341 0
337 1
337 3
344 1
344 2
343 2
342 1
342 0
342 5
656 2
653 3
516 2
514 0
512 1
512 2
510 5
1045 2
1040 1
1040 4
362 4
359 0
352 1
352 0
352 2
351 4
332 4
332 2
331 0
330 2
330 5
635 2
632 2
629 3
493 0
491 3
480 3
477 5
1003 2
999 3
843 1
843 0
843 5
1593 3
1417 5
2375 4
359 4
353 0
342 4
326 2
325 4
325 3
345 5
487 0
487 2
485 2
483 2
480 2
478 5
864 0
864 0
864 2
860 0
860 2
857 2
854 3
624 1
624 2
620 3
556 2
554 4
347 4
347 4
347 5
495 0
495 4
337 3
349 4
349 2
348 3
344 3
349 1
349 1
349 5
480 4
333 2
332 3
350 3
340 2
339 3
344 0
339 5
661 2
657 2
654 3
516 2
514 0
513 4
351 0
347 4
328 5
484 2
482 0
482 2
480 2
478 0
478 5
867 1
865 2
860 2
856 3
626 4
376 2
375 2
372 2
371 3
361 1
361 0
341 0
341 4
327 4
327 5
474 4
329 2
328 0
325 0
325 3
340 3
335 2
334 2
333 4
328 5
476 2
474 0
474 4
332 3
355 5
468 1
468 2
465 3
421 3
412 4
344 2
343 4
343 2
342 4
342 3
346 5
478 5
834 2
829 5
1261 4
356 4
355 2
354 2
353 0
341 1
341 0
341 0
341 3
347 4
339 0
338 0
338 1
338 0
338 0
338 1
338 4
323 3
346 0
342 3
345 4
327 5
480 5
833 2
829 1
828 4
337 2
336 5
460 4
334 5
457 5
774 2
771 0
771 3
539 0
534 2
531 1
532 0
532 4
361 5
476 1
476 5
843 5
1292 5
1745 3
1349 2
1344 2
1338 4
368 5
465 3
417 2
416 2
415 5
735 1
735 4
348 4
347 5
474 3
419 3
409 3
407 0
404 4
332 0
331 -1
552 3
430 1
430 4
430 2
428 3
408 4
408 4
408 2
402 4
402 3
402 4
402 4
402 3
405 2
402 0
367 1
368 3
372 1
373 3
374 1
375 0
369 5
699 5
1143 2
1137 2
1132 4
357 5
458 5
791 3
565 1
565 4
359 0
351 3
360 1
362 0
359 3
363 5
717 5
1174 5
1612 3
1284 0
1283 2
1277 2
1272 1
1272 5
1949 3
1683 4
380 4
376 1
376 0
367 3
366 3
368 1
369 5
678 4
347 3
356 1
357 5
458 0
457 1
458 3
412 3
404 5
752 5
1234 0
1234 3
955 0
954 5
1654 4
374 5
473 5
826 3
613 1
613 4
353 4
351 1
351 0
347 5
660 3
516 5
948 2
943 3
783 5
1493 5
2252 0
2252 0
2252 5
2995 2
2988 2
2981 0
2981 5
3718 0
3718 0
3718 2
3709 2
3701 5
4446 0
4446 0
4446 4
366 3
363 0
349 0
349 1
350 2
349 2
348 4
329 2
329 0
325 5
593 3
470 3
449 5
859 1
859 5
1394 5
1937 0
1937 5
2455 0
2455 3
2176 4
385 4
379 1
379 2
376 5
443 1
442 2
440 2
438 1
438 2
436 1
437 1
438 2
436 4
347 3
355 0
342 3
346 1
348 2
347 2
345 3
348 5
634 5
1052 5
1488 1
1488 4
369 1
372 2
369 0
354 4
337 0
335 3
341 4
337 1
337 1
337 4
337 4
337 0
332 1
333 5
620 2
617 1
616 0
616 3
477 3
448 1
449 2
447 1
448 5
892 1
892 4
349 3
356 0
344 0
344 0
344 2
343 0
343 4
329 5
487 3
414 5
743 2
740 5
1217 5
1710 4
359 5
459 2
457 5
767 5
1194 3
830 0
829 4
363 0
352 1
353 0
353 5
700 5
1138 0
1138 0
1138 4
354 5
475 2
473 2
471 4
346 3
361 2
359 4
357 2
356 0
346 2
345 4
326 3
352 3
344 5
476 3
419 4
342 2
341 0
339 2
338 2
337 3
346 1
347 5
653 0
653 2
650 1
649 2
646 1
646 2
643 4
337 1
337 4
337 4
337 1
337 0
330 0
330 0
330 2
330 1
332 1
333 2
332 3
341 1
342 1
343 3
340 1
341 5
612 3
494 3
475 1
477 3
465 5
925 0
925 1
924 2
921 0
921 5
1481 3
1235 4
364 2
362 1
362 2
361 3
349 5
475 2
473 4
331 3
350 1
350 0
341 2
340 0
340 2
339 0
339 1
341 0
341 0
341 5
646 4
338 4
338 2
337 1
339 2
338 3
346 3
346 3
350 1
350 0
346 0
346 0
346 1
347 0
347 4
327 4
327 4
327 1
327 5
463 3
401 4
343 3
345 4
345 5
471 1
472 3
408 5
742 4
354 4
351 1
353 2
351 2
350 5
463 5
797 3
595 0
590 5
1171 2
1166 3
951 1
951 0
951 5
1753 5
2564 4
370 2
368 3
359 0
346 1
347 1
347 0
347 2
346 5
662 3
526 3
490 5
963 0
963 0
963 5
1544 5
2124 0
2124 3
1860 4
373 2
371 4
367 0
352 4
332 5
462 3
406 3
392 0
392 5
824 3
657 2
654 0
653 5
1312 3
1119 3
1059 2
1056 0
1056 2
1053 1
1054 4
359 5
489 2
487 0
486 5
888 0
888 4
353 3
354 4
352 0
340 2
339 0
339 3
342 0
342 3
346 0
346 5
678 3
532 1
533 5
1001 2
997 4
358 3
345 5
498 5
872 2
867 1
866 2
861 2
857 5
1296 4
358 4
356 3
359 4
357 2
355 4
355 0
347 1
347 4
331 3
345 3
341 4
341 4
341 2
339 4
339 2
338 0
338 1
339 4
328 2
328 3
347 1
347 0
344 3
349 3
352 1
352 1
352 3
349 0
346 3
349 4
328 5
466 0
466 4
330 0
325 1
325 5
602 5
999 0
999 1
998 2
993 3
689 1
689 4
356 3
352 3
353 2
350 2
348 2
346 3
348 5
476 5
819 2
815 4
348 2
347 1
347 1
348 4
347 1
347 5
455 2
453 3
399 5
691 0
691 5
1157 5
1626 2
1620 1
1620 2
1614 3
1284 0
1283 4
378 0
364 3
373 0
372 3
375 2
374 4
333 2
332 4
331 4
331 0
329 5
635 1
635 2
631 4
337 3
359 0
345 5
651 2
648 0
648 2
645 0
645 0
645 3
499 5
965 3
788 5
1481 4
363 2
362 5
476 2
474 0
473 2
471 2
469 4
334 3
351 4
349 3
351 3
342 3
348 3
346 0
341 2
340 3
346 2
345 3
345 3
344 4
327 3
338 3
338 2
336 0
334 0
334 2
333 3
343 4
328 3
342 3
342 3
337 4
337 4
337 2
336 2
333 4
333 0
331 3
339 3
337 2
336 1
336 2
335 2
334 1
334 0
334 5
655 1
654 4
335 3
347 3
349 4
348 3
348 0
339 2
338 4
325 5
484 0
484 0
484 5
850 2
846 4
340 0
333 3
342 0
341 0
341 3
344 3
345 0
345 5
671 3
530 4
357 4
355 0
349 3
359 4
333 2
331 0
331 2
330 4
323 2
322 0
322 1
323 2
323 0
323 0
323 2
322 2
322 0
322 2
322 2
322 4
322 3
338 2
336 5
485 4
334 3
347 2
345 3
338 5
472 5
820 2
815 0
815 5
1260 0
1260 3
868 1
867 3
733 2
730 3
689 5
1378 5
2136 3
1898 2
1893 2
1888 0
1888 1
1888 3
1784 4
373 2
370 0
361 5
716 2
712 0
712 2
709 3
552 3
515 2
514 1
514 5
1051 2
1047 1
1047 1
1046 5
1655 5
2248 0
2248 4
361 1
361 0
349 5
666 4
336 2
335 2
334 3
349 1
349 2
347 0
342 5
642 2
639 2
636 2
633 4
344 0
335 3
344 4
332 2
331 2
330 0
329 0
329 0
329 5
632 0
632 5
1050 2
1045 2
1040 3
725 2
720 4
350 2
349 4
349 5
479 5
845 0
845 0
845 0
845 3
608 3
557 2
555 2
553 3
542 3
540 2
539 1
539 3
533 0
532 4
334 2
333 4
333 5
503 0
503 4
333 2
332 3
338 2
337 0
332 2
331 3
338 1
338 2
337 4
328 3
340 5
487 4
329 2
328 0
324 2
324 4
321 4
321 3
334 3
344 2
342 0
340 4
320 3
339 4
339 2
337 2
335 2
333 2
332 4
332 4
332 3
339 0
336 3
343 3
345 3
344 0
342 4
323 1
323 2
322 5
496 5
875 0
875 2
870 3
625 3
545 0
544 1
544 2
542 3
533 2
531 4
344 3
341 4
340 4
340 3
340 0
337 0
337 1
337 4
323 1
323 1
323 5
501 1
500 0
500 4
338 3
353 1
353 0
341 5
667 1
666 4
339 3
349 2
347 3
353 4
353 4
353 2
351 0
344 2
343 5
660 4
339 0
334 5
638 4
339 3
348 5
472 5
817 5
1249 1
1248 2
1241 2
1233 5
1666 3
1238 2
1231 2
1225 4
371 4
369 2
365 0
353 4
336 2
335 5
461 0
460 2
458 3
403 4
347 4
347 0
340 3
348 5
644 3
533 1
534 4
362 0
351 2
350 5
669 2
665 2
661 4
343 1
343 3
350 0
342 3
346 2
345 2
344 5
647 4
337 2
336 5
476 2
474 4
331 2
330 2
330 5
477 4
330 4
330 3
344 5
467 4
329 3
344 4
344 0
339 4
327 3
341 5
474 1
473 4
329 4
329 4
329 1
329 0
325 5
624 4
330 2
330 2
330 2
330 3
357 2
354 4
354 2
352 0
345 3
352 2
351 4
329 1
329 3
340 0
336 2
335 3
349 3
346 2
345 1
345 3
346 2
345 5
618 4
335 2
334 5
467 5
812 0
812 2
808 2
803 5
1214 0
1214 4
354 3
359 2
357 0
348 2
347 5
642 2
639 4
344 5
458 2
456 4
334 2
334 5
466 2
464 2
462 4
336 3
355 4
354 2
353 5
456 2
454 0
454 4
331 3
346 2
344 5
467 2
465 3
409 3
407 2
405 1
405 3
399 2
398 0
392 2
391 2
390 0
390 1
390 0
390 5
800 2
796 4
349 4
347 0
340 2
339 2
338 3
346 3
345 1
345 4
332 3
336 3
339 0
338 1
338 3
342 3
345 3
342 4
327 2
326 3
341 2
339 3
330 2
329 0
329 3
339 4
328 2
327 1
327 4
327 2
326 2
325 0
325 3
337 2
336 2
335 2
334 3
336 2
334 0
334 0
334 1
334 0
334 1
334 5
644 2
641 0
641 2
637 3
508 2
506 1
506 3
472 2
470 4
348 4
346 5
491 2
489 5
875 0
875 0
875 4
338 0
333 0
333 5
649 1
649 2
646 5
1050 5
1462 2
1455 0
1455 4
356 2
355 5
456 0
454 2
452 2
450 4
340 3
354 2
352 1
352 4
352 2
350 4
350 3
353 3
360 0
346 3
350 2
349 3
349 3
353 4
332 3
342 2
340 2
338 5
480 5
843 0
843 0
843 2
839 2
834 2
830 4
338 2
338 4
337 2
337 2
337 3
352 5
465 2
463 0
462 4
335 2
334 3
352 0
341 3
348 3
344 1
344 0
344 0
344 2
343 4
326 4
326 3
347 4
346 3
350 0
346 2
345 3
347 1
347 5
640 4
334 0
329 0
329 4
326 1
326 5
473 2
471 0
471 0
471 5
822 5
1240 0
1240 0
1240 0
1240 4
350 2
348 2
347 5
452 3
395 3
383 2
381 2
380 4
342 5
473 5
804 2
800 2
795 2
792 4
344 4
344 0
339 1
339 4
332 1
332 3
342 3
350 3
347 2
344 2
342 2
339 2
338 4
338 4
338 2
337 5
456 3
406 5
719 0
719 5
1197 4
350 5
458 5
801 0
801 3
591 5
1049 2
1045 3
848 4
373 2
372 0
364 2
363 4
335 3
338 4
336 2
334 3
337 2
335 4
335 2
333 3
344 4
344 0
341 2
338 3
342 3
343 2
342 2
341 1
341 3
348 3
345 3
341 3
344 5
640 4
336 4
336 0
332 2
331 5
631 3
500 2
498 2
496 3
455 4
339 1
339 1
339 3
341 3
338 2
337 0
333 4
323 4
323 2
322 0
321 0
321 2
321 0
321 4
321 2
321 0
321 2
321 5
633 1
632 1
630 5
1055 2
1050 0
1050 4
345 2
344 0
336 3
346 3
346 5
616 4
341 4
341 2
340 3
353 0
341 2
340 0
340 0
340 3
349 3
348 2
347 4
332 2
331 4
331 0
328 2
327 0
327 2
326 0
326 2
325 0
325 1
325 2
324 3
336 4
331 2
330 5
481 5
852 0
852 2
847 5
1277 0
1277 3
897 5
1462 3
1213 0
1212 0
1212 1
1212 2
1208 2
1204 4
364 2
363 5
471 3
425 3
419 1
419 2
417 4
339 3
347 0
341 0
341 0
341 0
341 5
659 0
659 2
656 4
339 4
339 1
339 2
338 2
337 3
348 4
345 2
341 0
337 1
337 3
343 0
342 4
327 3
342 4
342 4
342 2
339 1
339 2
337 3
340 2
338 1
338 1
338 0
335 4
324 2
324 2
324 4
324 2
324 2
324 3
346 2
344 4
344 3
339 5
465 3
414 0
411 2
410 3
406 2
405 5
831 3
667 1
667 5
1283 2
1279 4
363 2
362 5
472 1
472 4
340 4
340 3
347 5
468 3
416 1
416 3
401 2
399 3
397 3
391 2
390 5
729 4
346 0
341 5
658 3
518 1
518 0
517 5
1076 2
1072 0
1072 3
905 2
902 3
836 3
816 2
814 2
812 2
810 1
810 0
808 4
357 0
355 0
355 0
355 3
361 4
333 4
331 4
331 4
331 1
331 3
343 3
333 2
331 4
331 3
338 5
507 3
430 2
428 1
428 2
426 0
426 4
336 2
335 4
333 3
346 3
343 2
341 2
339 1
339 0
334 2
333 3
342 4
327 5
502 0
502 4
329 2
328 0
323 3
333 5
641 3
506 5
951 4
352 1
352 3
353 4
352 5
465 1
465 4
332 3
356 0
346 2
345 3
347 1
347 2
345 1
345 5
658 5
1078 5
1525 1
1525 2
1517 0
1517 4
355 2
354 3
354 5
454 2
452 0
451 0
451 0
451 0
451 4
339 0
334 0
334 3
342 4
330 0
329 5
622 5
1028 3
728 5
1245 3
1024 2
1020 0
1020 0
1020 0
1020 0
1020 4
361 0
353 3
360 2
359 0
359 3
362 4
330 2
329 4
329 2
328 1
328 4
328 3
341 4
339 4
339 2
338 2
337 5
488 2
486 3
421 2
419 0
416 4
334 3
337 5
493 4
333 1
333 4
329 5
461 2
459 3
404 3
387 1
387 4
338 3
340 2
338 0
337 3
344 4
330 3
338 1
338 0
335 5
670 1
669 4
340 4
339 3
350 3
339 0
335 4
325 2
325 0
325 5
622 1
622 4
325 5
465 1
464 1
464 1
464 2
462 4
326 3
344 3
341 2
339 4
336 2
335 5
461 3
414 2
412 0
408 0
408 0
408 3
405 3
407 3
403 5
806 1
805 4
352 2
351 0
345 4
328 4
328 3
336 4
336 1
336 4
336 2
335 3
340 0
338 3
345 1
345 2
344 2
343 2
342 1
342 0
342 2
341 0
341 5
654 4
334 0
329 1
329 0
329 0
329 0
329 5
632 2
629 0
629 5
1021 4
335 1
335 2
334 2
334 1
334 1
334 2
334 0
325 2
325 4
323 4
323 2
323 1
323 5
458 2
456 2
454 2
452 1
451 0
451 2
449 4
328 2
327 2
327 0
326 0
326 4
325 0
325 3
341 1
341 3
338 3
337 2
336 1
336 2
335 2
334 1
334 2
333 2
332 4
330 3
346 4
346 1
346 4
346 2
344 3
340 3
337 0
334 2
333 0
333 2
332 0
332 1
332 4
326 2
325 3
340 3
339 3
346 1
346 1
346 4
346 3
339 0
335 4
324 3
339 1
339 4
339 1
339 0
337 2
336 4
325 3
344 5
465 2
462 4
329 4
329 0
326 4
325 4
325 2
325 1
325 4
325 5
469 5
819 4
341 2
340 3
356 1
356 0
345 0
345 2
344 3
348 4
326 5
475 2
473 3
409 0
406 1
406 4
335 0
333 1
333 4
323 0
323 1
323 5
624 0
624 4
333 4
333 5
463 0
463 0
463 2
461 5
829 0
829 3
597 4
364 1
364 3
377 4
375 3
367 0
354 1
354 3
355 2
354 3
353 2
352 5
661 2
657 4
341 3
353 4
353 5
462 4
336 2
335 4
335 1
335 2
334 2
334 5
456 2
454 2
452 5
775 2
771 0
771 2
767 4
345 3
353 2
351 4
351 5
459 5
780 5
1203 1
1203 2
1198 2
1192 3
835 0
833 4
368 3
356 0
349 4
328 3
345 4
345 2
343 4
343 1
343 5
475 4
333 2
332 3
351 3
346 2
343 4
343 0
341 1
341 4
326 3
343 2
342 5
467 4
333 3
342 5
462 4
332 1
332 3
345 0
337 3
345 2
344 0
344 1
344 2
343 0
343 4
327 2
327 1
327 2
326 4
326 4
326 3
343 2
342 4
342 3
339 4
338 3
337 4
337 5
464 3
408 2
406 1
406 0
402 5
816 4
350 0
343 5
656 0
656 3
520 0
516 0
516 2
513 1
513 1
513 0
513 3
495 2
493 0
492 3
492 4
343 0
340 5
690 3
538 0
538 4
352 3
345 3
341 4
341 5
483 4
335 4
335 1
335 4
335 2
334 4
334 5
466 2
464 5
816 2
810 2
807 4
344 3
359 4
359 4
359 4
359 2
357 4
357 5
457 4
335 0
332 0
332 3
342 4
340 4
340 0
339 3
346 3
346 5
647 2
643 0
643 1
641 3
503 3
474 3
466 3
466 1
466 0
463 2
461 4
332 3
336 0
333 0
333 4
323 2
323 4
323 0
323 0
323 1
323 3
333 2
331 3
334 2
333 2
332 3
334 5
647 5
1071 2
1066 5
1499 2
1492 0
1492 4
357 3
358 5
457 3
402 1
402 0
401 2
400 3
396 4
336 2
335 2
334 2
333 4
332 2
331 2
330 4
330 4
330 2
329 1
329 4
329 3
343 3
336 3
337 4
336 3
343 0
340 0
340 4
323 5
482 1
482 4
330 2
329 2
328 5
465 4
325 0
324 4
324 2
323 4
323 4
323 2
323 4
323 5
473 4
326 2
326 5
463 3
392 0
391 0
391 5
807 1
807 4
346 0
341 3
344 0
343 5
683 2
679 2
675 1
674 5
1105 3
812 5
1358 3
1140 2
1134 5
1959 2
1953 5
2806 3
2591 4
365 3
358 4
355 0
343 3
351 3
350 0
348 0
348 2
347 2
346 0
346 4
328 4
327 5
475 4
330 2
329 5
467 4
329 4
329 1
329 3
346 0
340 3
345 4
333 2
332 5
468 4
329 2
329 1
329 4
329 4
329 2
329 3
345 2
343 3
346 4
346 2
344 1
344 3
344 3
345 2
343 3
350 2
347 4
347 0
341 2
340 0
340 2
339 3
345 5
646 3
518 1
518 1
517 1
517 4
351 3
346 4
345 5
483 2
481 2
479 3
425 3
412 3
409 0
406 3
405 0
405 2
404 2
403 4
339 5
501 5
895 3
665 0
665 0
665 4
349 4
348 2
347 1
347 3
351 1
351 3
346 4
344 0
339 0
339 0
339 1
339 0
339 1
339 2
338 4
327 0
327 2
326 2
326 2
326 2
326 4
325 1
325 4
325 4
325 1
325 5
477 3
405 3
388 5
729 3
581 5
1138 4
354 5
483 3
427 0
425 2
423 5
868 2
864 3
712 5
1334 4
363 4
356 0
347 0
347 1
347 3
356 4
337 3
344 3
334 3
339 3
331 0
331 2
330 2
329 5
637 4
336 2
335 4
333 3
345 0
339 2
338 5
651 1
649 4
333 5
460 3
404 2
401 2
399 2
398 5
699 2
696 3
575 0
574 2
572 3
551 5
1163 5
1808 1
1808 3
1600 -1
552 3
420 1
423 1
425 4
425 3
414 0
376 2
374 3
372 0
368 5
708 1
707 0
707 5
1147 0
1147 0
1147 0
1147 5
1599 0
1599 1
1599 3
1240 0
1240 3
1037 5
1857 4
382 1
382 0
368 4
341 4
340 5
454 1
455 5
801 5
1235 3
866 2
861 2
855 1
854 2
850 1
850 3
724 2
721 5
1351 2
1347 3
1155 1
1155 0
1155 4
377 0
367 2
366 0
366 1
368 2
366 4
335 3
349 0
341 4
327 2
326 5
477 0
477 5
852 0
852 5
1284 1
1282 2
1277 3
886 0
883 4
355 3
350 4
347 0
342 3
347 0
346 3
352 2
351 0
349 5
697 1
696 3
561 2
558 5
1053 2
1049 2
1045 1
1045 0
1045 3
862 0
861 3
834 4
357 4
356 1
356 1
356 1
358 0
356 2
355 2
354 2
353 5
714 4
357 5
476 1
477 3
414 3
400 4
345 1
345 0
343 5
695 4
351 2
350 4
348 4
348 0
340 2
339 3
345 0
344 5
681 0
681 3
541 5
1013 0
1013 0
1013 3
845 3
798 2
796 0
796 5
1648 5
2512 1
2512 2
2507 3
2297 2
2292 4
378 3
376 0
357 2
355 2
353 4
333 5
468 2
466 1
467 5
827 5
1256 2
1250 2
1243 0
1243 5
1661 3
1186 1
1187 3
972 3
862 4
365 3
359 2
357 3
354 2
352 0
342 0
342 3
348 1
348 2
347 2
346 2
345 2
343 4
326 3
339 2
338 5
482 4
329 0
329 1
329 5
640 4
330 2
330 3
351 4
351 2
349 4
349 2
347 4
347 5
463 3
414 5
727 3
601 1
601 2
599 5
1137 0
1137 3
984 4
367 3
359 0
350 4
330 3
340 0
337 5
664 5
1093 4
344 0
335 4
328 4
328 4
328 1
328 0
328 4
328 0
328 3
338 2
337 1
339 0
339 3
344 1
345 3
346 3
346 4
332 5
486 0
486 0
486 1
485 3
409 1
410 4
345 2
344 0
338 2
337 0
337 2
336 4
327 5
486 4
331 3
344 2
342 4
342 2
341 3
341 2
340 4
340 4
340 0
335 4
323 2
323 5
478 4
326 4
326 0
325 1
326 3
339 2
338 0
337 5
671 2
668 1
667 4
337 0
331 1
333 4
325 2
325 2
325 4
325 3
348 0
342 3
345 3
344 3
344 3
346 0
346 5
667 2
664 4
340 3
352 4
352 0
342 2
341 3
345 3
349 2
347 5
647 3
516 4
345 4
343 5
477 2
475 0
475 2
473 3
412 2
411 1
412 2
411 4
335 1
335 4
335 3
346 2
344 4
342 3
340 3
342 2
340 2
339 0
335 2
334 0
334 4
324 3
337 1
339 0
336 5
654 0
654 1
654 4
338 3
354 3
345 3
348 1
348 5
465 3
407 2
406 0
404 5
835 2
831 0
831 0
831 5
1313 4
349 0
339 4
325 3
338 0
336 0
336 5
638 4
337 2
336 3
348 5
476 3
413 2
412 1
412 5
735 0
735 4
352 1
353 2
352 2
351 3
349 0
343 1
344 2
343 0
343 4
327 1
327 4
327 3
351 0
343 1
344 5
662 5
1088 1
1088 2
1083 5
1517 1
1515 0
1515 1
1515 0
1515 2
1508 4
361 2
360 1
361 2
360 3
373 2
371 5
461 2
459 3
407 4
348 4
348 4
348 0
343 1
343 5
648 0
648 1
648 5
1065 5
1490 3
1112 2
1107 4
377 1
377 1
377 2
375 5
471 0
460 1
460 0
460 5
849 4
344 5
456 3
398 3
387 1
388 2
387 5
715 2
712 4
346 4
345 4
345 3
346 2
344 4
344 4
344 4
344 4
344 1
344 0
338 1
338 2
337 5
634 0
634 0
634 5
1044 5
1483 0
1483 2
1476 0
1476 2
1470 5
1898 5
2323 4
376 1
376 5
470 2
468 1
469 1
470 4
360 2
359 4
358 1
358 4
358 1
358 1
359 1
359 4
359 0
350 3
346 2
345 1
345 5
558 0
558 2
555 4
339 3
352 4
352 2
350 0
343 3
347 2
346 3
348 2
347 0
346 3
348 2
347 2
346 2
345 4
327 1
327 2
326 3
339 5
471 5
837 3
610 5
1068 0
1068 4
370 4
365 4
365 5
466 3
412 2
411 2
410 0
405 2
404 0
404 4
330 2
329 3
339 3
333 4
332 3
334 1
334 2
332 3
343 4
343 3
340 2
338 5
475 1
475 3
417 0
414 4
335 0
333 0
333 3
341 2
340 0
340 1
342 4
325 0
325 1
326 2
325 0
325 2
324 2
323 2
323 4
322 4
322 2
322 2
321 1
321 2
321 2
321 4
321 3
340 0
336 2
335 5
662 5
1088 2
1083 3
793 4
352 0
344 2
343 5
666 3
523 1
523 0
523 4
352 2
351 5
480 5
851 2
848 2
844 3
636 4
362 3
351 0
337 3
347 2
345 4
333 3
339 0
337 0
337 1
337 0
337 5
668 0
668 4
338 0
333 2
332 0
332 5
639 5
1052 2
1047 2
1041 4
342 0
334 2
334 3
347 0
346 2
345 4
326 1
326 5
464 4
328 2
328 5
460 0
459 1
459 3
396 0
395 5
814 3
650 1
650 4
363 4
362 4
362 2
361 4
361 0
357 3
360 4
334 0
334 0
334 3
341 3
344 0
342 1
343 0
343 0
343 0
343 4
327 3
339 0
336 1
337 2
336 0
336 4
323 5
488 5
871 2
868 1
868 0
868 4
338 3
355 0
344 0
344 5
659 4
346 1
346 1
346 0
340 2
339 0
339 0
339 0
339 4
327 2
326 1
326 0
326 3
338 3
334 2
333 3
347 2
345 3
337 3
343 2
341 3
339 0
336 4
324 3
338 2
336 2
334 2
332 5
478 1
478 4
328 4
328 1
329 1
329 2
328 0
325 2
325 4
324 3
342 2
340 1
340 3
342 0
340 1
340 2
339 5
654 2
651 3
519 4
358 2
356 2
355 5
476 4
337 3
359 2
357 3
345 0
338 1
338 3
344 5
650 3
517 3
487 3
478 1
478 0
477 4
336 4
332 5
497 2
495 0
495 4
333 1
333 3
350 5
483 1
484 5
840 5
1279 1
1276 2
1270 4
355 5
456 2
454 2
452 2
450 2
448 2
446 1
445 3
397 1
398 2
396 5
683 3
538 2
536 1
536 3
512 0
510 2
508 4
342 4
338 5
497 5
886 1
885 0
885 1
885 3
654 2
651 0
647 3
599 2
597 2
595 4
346 3
350 1
350 5
491 2
488 3
424 0
423 4
340 3
344 0
336 2
335 4
324 2
323 1
323 3
342 1
342 4
340 2
337 0
335 2
334 1
334 1
334 5
658 4
338 0
330 3
340 1
340 4
329 0
328 4
321 4
321 5
484 5
858 0
858 0
858 2
854 2
851 3
604 2
601 4
375 3
366 1
366 4
366 4
366 4
366 0
348 2
345 3
352 4
336 2
335 2
333 2
332 3
338 5
472 3
413 4
342 0
340 0
340 3
345 2
344 3
345 4
330 1
330 0
329 0
329 5
631 3
501 3
478 3
466 4
345 3
339 1
339 2
337 5
482 3
415 5
792 0
792 4
351 5
483 4
335 2
334 2
333 1
334 3
346 4
345 3
348 1
348 1
348 0
341 1
341 2
340 5
656 2
653 5
1067 2
1062 0
1062 2
1057 1
1057 2
1052 0
1052 1
1052 4
348 2
347 4
346 1
346 4
346 2
345 3
361 4
360 3
368 0
351 3
355 3
356 2
355 0
350 2
349 1
349 3
351 4
329 4
329 2
328 3
338 3
339 3
336 5
478 4
330 0
324 3
337 2
335 3
337 1
337 0
336 2
335 3
342 0
341 0
341 3
343 4
328 0
328 2
327 3
335 4
331 0
331 3
337 4
330 2
328 2
327 3
340 3
333 4
333 2
332 1
332 2
330 3
341 4
341 3
330 3
342 5
474 1
474 3
411 5
753 3
619 1
619 4
356 3
349 3
349 3
348 1
348 3
343 0
339 2
338 4
326 1
327 2
326 1
326 5
488 4
334 3
344 3
345 2
343 2
341 0
337 0
337 4
324 4
324 1
324 0
323 0
323 1
323 4
322 5
482 3
406 0
406 5
831 3
680 5
1280 5
1951 2
1945 4
363 3
355 4
354 1
354 2
352 3
352 4
352 1
352 2
349 3
352 4
352 2
349 2
348 1
348 1
348 2
347 5
463 3
410 1
410 0
409 2
407 4
342 5
471 0
471 0
471 2
469 5
845 1
843 3
615 2
612 3
552 2
550 4
354 5
475 4
336 3
349 3
346 0
338 0
338 2
337 1
337 4
327 1
327 2
327 2
326 1
326 3
346 5
466 3
415 5
752 3
610 4
356 3
345 1
345 2
344 5
480 2
477 1
477 0
477 0
477 4
333 4
332 2
331 3
345 4
345 2
343 4
343 1
343 3
350 1
350 3
347 4
347 0
341 2
340 1
340 3
345 2
344 3
343 2
342 2
341 2
340 0
340 2
339 0
339 3
345 1
345 2
344 4
330 4
330 5
484 3
421 5
764 1
763 2
760 4
345 0
342 2
341 3
347 0
346 4
326 3
344 4
344 2
342 1
342 2
340 3
337 3
335 2
333 2
331 3
336 5
484 2
482 0
482 3
419 0
418 0
418 2
417 0
417 1
417 4
341 0
340 1
340 4
325 4
325 0
325 5
625 2
622 2
619 2
616 0
616 4
332 0
326 2
326 4
325 2
325 5
469 2
467 0
467 2
465 2
463 5
822 1
820 4
342 3
349 4
349 0
344 2
343 0
343 2
342 2
341 0
341 2
340 0
340 2
339 2
338 3
348 0
348 0
348 5
661 5
1080 3
779 2
774 0
774 5
1382 4
368 3
363 2
361 2
359 4
359 4
359 4
359 2
357 5
465 1
465 2
463 2
461 1
461 0
459 5
800 2
796 5
1216 5
1650 0
1650 3
1249 2
1243 2
1238 3
1001 2
996 2
992 3
866 3
837 5
1673 2
1669 0
1669 5
2566 1
2566 5
3441 4
361 3
358 2
357 2
356 4
354 2
353 2
352 1
352 5
454 4
337 4
337 5
457 3
402 3
389 3
384 5
698 0
698 2
694 3
557 2
555 4
347 0
344 5
684 5
1117 0
1117 4
353 2
351 4
347 0
334 0
334 2
333 2
332 5
613 4
335 3
352 2
349 3
345 1
345 2
344 3
350 5
475 3
416 2
414 0
412 0
412 2
410 5
820 5
1312 2
1307 0
1307 0
1307 2
1302 4
358 3
365 2
363 5
470 4
343 5
457 2
455 1
453 2
451 4
341 5
451 1
451 2
449 2
447 5
760 2
757 2
754 0
754 1
754 0
754 0
754 3
548 2
546 2
544 3
501 2
499 2
497 5
914 4
360 2
358 3
353 2
351 2
349 3
350 5
469 3
419 5
746 2
742 5
1226 2
1221 4
357 1
357 4
353 2
352 2
351 1
351 2
350 2
349 2
348 2
347 3
362 1
362 2
360 2
359 2
358 1
358 0
347 0
347 3
352 4
334 3
344 0
341 2
340 2
339 4
328 4
328 0
328 0
328 5
619 2
616 2
613 3
486 2
484 2
482 2
480 2
478 3
450 2
449 2
448 1
448 2
447 0
445 2
444 5
948 2
944 4
348 0
343 5
658 5
1077 2
1072 4
346 5
464 3
400 2
398 5
707 2
703 2
700 1
700 3
564 4
357 0
349 1
349 2
348 2
347 4
328 2
327 2
327 1
327 4
327 2
326 4
326 3
334 4
334 1
334 5
474 2
472 5
852 4
338 4
338 0
330 2
330 0
330 4
327 2
327 2
327 1
327 2
327 0
326 2
326 3
334 3
337 3
341 4
335 4
335 3
345 1
345 0
341 3
345 3
345 3
346 2
345 0
345 4
326 2
325 5
463 3
407 5
715 5
1189 5
1679 5
2175 2
2167 3
1832 1
1832 4
384 0
367 3
359 1
359 5
661 4
348 2
347 5
468 3
404 4
339 5
467 4
335 2
334 4
334 3
345 3
344 2
341 0
336 4
327 4
327 1
327 4
327 2
327 2
327 2
327 5
464 1
464 0
464 2
462 2
460 0
460 0
460 5
807 0
807 2
803 2
800 3
561 1
561 0
558 4
351 2
350 3
341 2
340 2
339 4
337 0
334 2
333 1
333 0
333 2
332 3
339 2
338 2
337 3
342 1
342 1
342 3
340 5
633 3
514 2
512 2
510 2
508 2
506 0
504 2
502 2
500 2
498 3
481 1
481 0
481 2
479 2
478 2
477 4
343 2
342 2
341 2
340 4
339 1
339 5
499 2
497 4
333 0
329 2
328 3
340 5
641 0
641 4
337 2
336 2
335 2
334 0
328 3
342 2
340 3
340 2
339 2
338 2
337 2
336 3
339 3
338 2
337 4
332 2
331 2
330 2
329 3
346 3
340 2
339 3
335 0
334 1
334 4
324 2
323 3
343 2
341 0
340 3
345 0
343 5
665 0
665 1
665 3
525 0
521 5
1065 3
887 2
884 0
884 3
836 4
363 2
362 0
356 3
361 1
361 5
709 0
709 4
348 3
356 1
356 0
348 1
348 2
347 2
345 2
344 2
343 2
342 2
341 1
341 0
341 2
340 1
340 1
340 4
325 2
325 4
325 5
479 5
863 2
860 2
855 4
332 5
478 1
478 4
335 4
335 3
353 2
351 3
346 3
350 2
348 3
352 3
345 2
344 2
343 5
478 4
332 5
464 0
464 5
812 2
808 2
804 2
800 4
336 3
349 2
348 3
352 3
351 3
351 1
351 2
349 5
469 5
805 2
801 3
582 2
579 0
574 4
352 0
342 3
349 4
333 3
341 2
339 4
338 2
337 2
336 4
336 5
493 0
493 2
491 2
488 3
417 5
776 0
776 2
772 5
1286 5
1791 2
1783 0
1783 4
351 1
351 2
349 2
348 3
360 2
358 0
347 1
347 2
346 0
346 2
345 5
638 2
635 3
517 0
514 1
514 2
512 4
356 2
355 0
352 2
351 0
351 2
350 2
349 2
348 5
683 2
679 4
348 0
341 5
661 2
657 4
343 1
343 0
338 0
338 5
663 4
346 2
345 2
344 2
343 2
342 2
341 5
455 0
454 5
818 2
813 2
808 4
342 1
342 2
341 1
341 1
341 3
359 0
349 2
348 0
348 2
347 4
332 4
332 2
331 4
331 0
330 2
329 1
329 5
614 4
333 3
350 4
350 0
345 5
626 1
624 1
624 1
623 2
620 4
338 4
338 0
334 3
344 2
343 3
343 3
345 2
344 5
602 4
340 5
448 5
785 2
781 2
778 3
564 2
561 0
555 2
552 2
550 2
548 4
354 2
353 4
347 4
347 2
346 4
346 2
345 2
344 2
343 3
349 5
479 2
477 3
429 2
428 4
352 2
351 2
350 0
342 1
342 4
330 4
330 4
330 5
472 5
838 1
837 4
340 2
339 4
339 2
338 1
338 0
334 2
333 4
332 2
331 4
331 0
331 2
331 1
331 5
610 2
607 1
607 3
478 2
475 1
475 1
475 5
845 3
693 2
691 5
1340 5
2038 0
2038 0
2038 4
360 2
359 4
351 4
351 3
355 2
352 2
351 0
342 3
348 3
347 5
633 5
1061 2
1056 2
1051 2
1047 2
1042 5
1480 0
1480 2
1474 4
363 3
358 2
356 1
356 4
356 3
358 5
459 2
457 3
408 4
343 4
343 3
346 4
345 3
345 2
343 2
342 4
342 0
337 4
330 1
330 1
330 2
329 4
329 0
328 2
328 4
327 0
327 1
327 3
337 4
336 2
335 2
334 1
334 1
334 3
344 3
342 2
341 2
340 2
338 2
337 5
473 5
820 1
820 2
816 2
813 4
341 4
341 5
456 0
456 1
456 2
454 0
454 2
452 4
331 2
331 4
331 2
331 0
329 3
340 4
337 5
460 5
808 1
806 5
1236 2
1230 3
874 3
724 5
1358 5
2090 4
367 2
366 4
362 4
362 4
362 3
359 5
473 5
807 2
804 1
804 2
800 4
345 1
345 0
340 1
340 3
347 0
344 1
344 2
343 3
346 3
345 3
346 1
346 3
350 4
334 0
331 4
326 2
326 2
326 3
338 1
338 3
341 1
341 3
334 2
332 2
330 4
330 2
328 4
328 3
349 4
349 0
340 3
344 3
343 2
342 2
341 3
341 0
341 2
340 4
327 0
327 4
324 2
324 2
324 4
324 4
324 0
324 1
324 5
621 1
620 3
495 5
912 0
912 5
1469 4
366 3
356 2
354 0
344 4
332 0
332 1
332 0
332 2
332 4
329 3
350 4
349 4
349 5
468 4
333 4
333 2
333 2
332 1
332 3
347 3
350 1
350 4
349 4
349 3
350 5
465 3
409 0
403 0
403 0
403 2
401 5
814 2
810 2
806 1
804 5
1285 3
998 5
1665 2
1659 5
2369 2
2362 2
2355 0
2355 3
2111 4
378 1
378 5
465 0
460 2
457 0
457 4
339 0
332 4
327 5
480 3
410 0
406 3
405 0
404 4
340 1
340 1
340 2
339 2
338 1
338 4
336 4
336 4
336 2
335 3
337 4
336 0
332 2
331 5
652 2
649 2
646 3
511 5
965 4
356 3
348 5
465 5
814 1
814 4
340 1
340 3
347 3
357 3
350 0
344 3
353 3
348 5
643 2
640 0
640 3
511 5
954 4
360 2
358 0
348 2
347 0
347 5
673 5
1105 0
1105 0
1105 4
351 0
343 1
343 5
655 2
652 2
649 3
495 3
467 4
343 2
342 3
344 0
339 3
345 4
330 5
485 0
485 3
415 2
413 0
412 4
340 2
339 1
339 2
338 3
344 3
340 3
338 3
335 2
333 4
333 3
346 4
346 2
344 2
342 1
342 5
485 3
417 2
415 1
415 2
413 0
410 4
334 1
334 0
333 4
323 3
343 0
338 5
672 2
668 5
1099 2
1094 2
1089 2
1084 4
347 4
343 5
465 4
335 2
334 4
334 2
333 4
333 3
363 -1
552 3
415 1
415 4
415 3
410 2
408 1
408 3
404 1
404 3
399 2
396 2
394 1
394 3
395 5
453 5
699 4
349 5
461 0
457 4
339 1
341 1
341 5
460 0
459 5
768 1
766 5
1169 4
354 1
355 0
348 3
352 0
351 2
350 5
657 2
654 0
654 1
653 5
1064 5
1492 4
364 2
361 4
360 1
362 5
457 0
456 4
339 1
339 1
339 1
341 2
339 5
471 1
471 0
471 0
471 0
471 2
469 1
468 3
393 2
392 0
389 4
340 5
482 5
855 4
345 2
344 0
333 3
345 3
347 3
344 5
592 2
589 5
998 1
998 5
1424 0
1424 0
1424 3
1069 2
1064 1
1064 5
1645 2
1638 0
1638 3
1370 2
1364 5
2205 4
375 2
372 2
369 3
357 0
348 2
346 4
332 0
330 0
330 1
331 1
332 0
332 4
328 4
328 0
328 0
328 5
604 4
335 5
461 5
781 2
777 2
773 3
557 3
505 5
935 5
1499 1
1499 4
365 1
365 2
364 0
353 3
358 4
336 0
335 5
644 0
644 1
644 0
644 3
499 4
352 1
352 3
337 5
490 0
490 0
490 4
333 4
332 5
469 4
330 2
329 2
329 3
353 2
351 5
476 2
474 2
472 5
819 4
335 2
334 2
333 4
333 5
460 2
458 0
458 0
458 2
456 2
454 3
399 4
344 3
342 0
337 2
336 0
336 4
325 2
325 3
350 0
343 3
346 2
345 2
344 3
343 4
327 0
327 4
325 0
325 3
337 0
336 2
335 5
641 0
641 4
331 2
330 0
325 5
613 5
1014 4
338 5
451 2
449 0
448 4
332 5
455 0
455 5
799 4
342 1
342 0
335 3
342 4
334 4
334 3
353 5
468 3
415 4
341 3
342 0
337 2
336 3
346 2
345 5
628 5
1044 1
1042 2
1036 0
1036 0
1036 4
344 3
357 5
469 3
416 2
414 3
401 1
403 4
340 2
339 0
334 2
333 3
340 4
330 1
333 4
331 1
331 5
470 2
468 3
401 3
394 0
393 5
816 3
656 2
654 2
652 4
355 4
354 0
351 3
354 1
355 2
354 0
354 4
326 0
326 5
644 1
642 1
642 1
643 4
335 0
329 4
326 4
326 3
341 1
341 4
340 0
334 3
340 4
332 0
331 2
330 0
330 0
330 2
329 5
641 2
638 3
498 1
498 2
495 4
344 1
344 1
345 2
344 1
344 5
491 4
334 4
334 3
352 3
345 5
472 3
411 4
345 2
344 4
344 4
344 4
344 2
343 1
343 3
347 3
348 1
348 4
348 0
342 2
341 0
341 2
338 1
340 4
330 0
330 5
626 2
623 5
1027 4
352 1
352 1
352 0
340 5
622 1
622 5
1024 0
1024 3
707 0
706 0
706 4
361 0
352 4
333 3
346 3
342 4
341 4
341 2
339 3
344 4
344 2
342 2
340 2
339 4
339 3
342 0
338 5
650 2
647 3
513 5
948 1
948 5
1507 0
1507 1
1507 1
1507 2
1501 5
2071 5
2629 4
374 1
374 4
370 4
370 4
370 2
369 0
353 5
634 3
505 3
464 1
464 4
346 2
345 0
342 4
327 5
479 0
479 5
855 1
855 0
855 1
855 3
619 2
616 0
614 2
611 1
611 2
608 3
568 5
1161 5
1802 2
1796 3
1566 4
369 2
367 5
466 1
465 5
808 4
340 1
342 5
457 0
457 0
457 4
330 5
460 4
330 4
330 4
330 3
348 3
339 2
338 4
338 5
461 0
461 2
459 4
329 5
456 3
392 3
386 4
340 5
477 2
474 1
474 1
475 1
473 0
473 3
419 2
418 3
406 0
401 2
400 1
401 1
401 4
335 2
334 5
496 3
426 5
801 1
800 4
354 1
354 4
353 2
352 4
352 4
352 5
470 0
468 4
331 4
330 1
332 0
330 4
324 2
324 1
324 3
338 3
336 1
336 2
334 2
333 2
332 0
329 3
339 2
338 0
337 3
342 4
327 0
327 4
321 1
324 2
324 4
323 5
477 0
477 0
477 1
478 3
408 1
408 1
408 3
400 4
344 4
344 3
343 1
343 4
342 3
336 2
335 4
335 2
334 4
334 4
334 0
332 5
646 3
507 4
351 4
350 5
470 3
419 2
418 4
335 5
468 4
327 1
327 0
325 0
325 4
324 1
324 3
343 5
473 1
473 4
327 4
327 0
325 3
338 3
336 2
335 3
337 2
336 0
335 4
322 1
322 5
461 5
837 4
335 0
328 5
609 0
609 5
1003 4
345 4
344 1
344 3
354 5
459 2
456 2
454 1
455 3
399 1
400 0
394 1
395 5
793 1
792 5
1275 0
1275 4
354 0
344 0
344 2
343 4
329 1
329 3
343 4
343 3
337 4
337 3
338 0
334 0
334 3
341 2
340 3
336 2
335 4
324 4
324 0
324 5
618 3
490 2
488 1
489 3
462 4
343 0
340 3
346 3
348 2
347 2
346 2
345 4
328 2
327 4
327 5
486 0
486 4
330 0
324 1
325 4
323 3
334 5
478 4
329 3
339 2
337 0
333 0
333 2
332 2
331 1
331 2
330 2
329 2
328 4
326 4
326 4
326 0
326 2
325 2
325 4
324 2
324 2
324 5
485 2
483 5
859 5
1283 2
1277 5
1686 4
369 1
370 3
367 2
365 4
364 1
366 4
364 5
449 4
346 2
346 3
362 3
364 2
362 1
362 2
360 2
359 5
449 3
404 5
700 4
350 1
350 0
344 5
653 3
519 4
349 4
348 0
341 2
340 5
655 0
655 0
655 1
655 0
655 4
338 4
338 2
337 3
358 3
347 5
462 4
331 2
331 3
354 5
464 5
791 5
1224 1
1224 0
1224 2
1219 0
1219 1
1219 0
1219 4
356 3
365 5
460 0
458 2
456 4
340 2
339 2
338 1
338 4
338 4
338 2
337 0
335 4
334 1
334 4
334 4
334 4
334 4
334 4
334 2
334 4
334 4
334 2
334 3
356 3
346 1
346 0
343 4
330 2
330 2
330 5
463 3
399 0
394 3
392 2
391 0
391 2
390 2
389 0
389 4
338 2
337 2
336 5
492 3
424 5
784 2
779 4
348 0
343 0
343 4
331 0
330 0
330 4
328 1
328 2
327 2
327 1
327 3
340 0
338 0
338 3
345 2
344 2
343 2
342 0
342 0
342 2
341 4
328 4
328 3
344 3
338 5
481 3
420 4
339 1
339 2
338 2
337 5
464 1
461 4
330 3
342 4
340 2
339 4
339 2
338 4
338 3
346 4
346 1
346 0
339 0
339 0
339 1
339 2
338 0
338 0
338 2
337 3
343 2
342 2
341 0
340 1
340 4
326 1
326 2
325 0
325 4
324 4
324 4
324 2
324 4
324 0
324 4
324 4
324 5
472 5
832 0
832 1
832 1
829 2
826 4
338 0
329 0
329 1
329 4
325 0
325 2
325 2
325 2
325 4
325 2
325 3
343 4
343 1
343 3
343 1
345 2
343 2
342 5
475 2
473 3
413 0
410 5
832 2
828 3
667 5
1260 2
1256 4
363 3
353 2
352 3
351 3
346 4
346 1
347 5
470 1
470 1
470 0
469 0
469 4
329 3
346 3
339 4
339 3
348 4
347 3
341 0
336 1
336 2
335 5
646 4
339 1
339 0
333 0
333 0
333 1
332 5
623 5
1023 1
1021 3
721 4
375 1
375 2
374 4
370 2
369 2
368 2
367 1
368 4
368 0
355 4
335 0
334 2
333 4
331 3
346 2
344 1
344 2
342 3
344 0
340 5
649 2
646 0
646 1
646 2
642 3
506 0
502 1
502 1
502 4
347 0
343 3
348 0
347 4
324 3
339 2
337 3
336 2
334 4
334 4
334 0
331 3
339 0
338 2
337 4
324 4
324 0
324 4
323 3
341 4
341 0
337 0
337 1
338 2
337 4
323 1
323 2
322 4
322 0
322 2
322 2
322 0
322 4
322 0
322 4
322 0
322 3
336 3
335 4
332 4
332 1
332 0
331 3
337 2
336 1
336 1
336 2
335 0
334 2
333 1
334 3
339 3
339 4
329 5
491 4
329 2
328 2
328 0
326 4
326 3
336 0
333 2
332 4
326 3
340 4
340 2
338 2
336 2
335 2
334 3
344 0
339 4
327 2
326 4
326 4
326 5
488 1
488 0
488 0
488 4
329 3
344 3
345 3
347 0
343 3
346 0
345 3
346 1
346 2
345 2
344 1
344 0
344 0
344 0
344 1
345 1
345 3
347 2
346 4
328 1
328 4
327 4
327 0
327 1
327 2
326 1
326 4
324 4
324 3
341 2
339 4
339 0
336 5
662 1
661 2
658 2
654 4
336 0
333 2
332 2
331 4
330 2
330 5
473 2
471 4
332 3
348 0
343 2
342 4
328 1
328 5
468 3
402 3
392 5
727 3
594 2
592 2
590 0
589 5
1211 2
1207 1
1207 0
1207 1
1206 3
1029 2
1025 3
961 0
961 0
961 2
958 0
958 2
955 5
1900 2
1895 2
1891 2
1887 4
368 0
357 4
335 4
333 4
333 5
469 4
334 4
334 2
333 1
333 4
333 0
330 3
343 2
342 4
335 3
336 2
334 2
332 4
332 2
330 3
341 4
341 2
339 5
475 1
475 0
474 4
328 0
325 5
628 4
334 1
334 1
334 4
333 4
333 2
332 1
332 2
332 2
331 0
325 2
325 3
338 4
333 3
339 2
337 5
479 4
327 4
327 2
327 4
327 3
345 4
344 3
345 4
344 1
345 2
344 0
339 2
338 0
338 0
338 3
343 4
328 2
327 0
327 0
327 2
326 1
326 5
619 4
333 3
343 2
341 0
337 2
336 2
335 2
334 5
624 1
622 4
333 5
473 0
471 5
822 2
817 2
812 4
345 2
344 1
344 0
336 2
336 2
336 2
336 4
333 3
351 3
346 1
346 2
344 5
469 3
403 5
719 4
348 5
476 3
413 4
340 1
340 2
338 4
338 2
337 3
340 2
339 2
337 2
336 2
334 2
332 2
331 2
330 2
329 5
483 5
855 0
855 1
855 4
341 3
357 2
355 5
467 0
466 2
464 2
462 0
462 3
410 0
405 4
337 2
336 3
342 2
341 2
338 4
337 2
336 2
335 2
334 0
331 5
646 5
1062 3
759 2
755 3
651 2
649 0
648 2
646 0
646 4
350 3
353 2
351 3
347 2
345 2
344 2
343 2
342 3
348 1
348 0
343 4
328 2
327 0
326 2
325 3
335 0
335 2
334 4
324 4
324 4
324 4
324 4
324 5
487 1
487 5
869 3
624 1
624 4
355 2
354 3
351 2
349 2
347 0
339 0
339 2
338 0
338 0
338 3
347 4
333 4
333 5
484 0
484 4
334 0
328 0
328 3
341 3
336 3
342 4
334 5
490 0
490 0
490 3
425 0
423 5
860 5
1363 2
1358 2
1353 2
1347 1
1347 4
356 2
353 4
351 0
343 1
343 4
328 0
327 3
340 0
339 1
339 2
338 0
338 2
337 3
343 2
342 4
330 3
343 3
345 2
342 1
342 1
342 4
342 0
339 3
345 1
345 2
344 0
343 0
343 0
343 1
343 3
348 5
663 2
660 5
1083 0
1083 0
1083 0
1083 3
802 4
357 4
353 2
352 0
341 2
340 3
355 4
344 5
475 3
419 3
413 5
733 1
733 0
733 0
733 2
730 0
730 4
347 2
346 5
475 3
415 1
415 4
342 2
341 5
473 5
836 3
618 2
615 0
612 1
612 2
609 5
1202 2
1197 2
1192 3
976 2
972 1
972 1
972 4
369 2
367 2
366 0
358 3
364 0
363 3
364 4
326 1
326 2
325 2
324 5
497 4
328 0
326 2
326 4
325 2
324 4
324 5
476 5
844 2
840 4
336 4
336 3
356 1
356 3
347 4
347 3
344 4
344 1
344 0
337 1
337 3
342 3
341 2
340 2
339 5
616 0
616 0
616 3
504 5
939 5
1507 3
1232 3
1112 2
1108 5
2034 5
2980 0
2980 2
2973 1
2973 3
2769 2
2764 4
371 4
370 2
369 0
354 2
352 3
361 3
357 0
355 3
358 1
358 1
358 3
358 3
359 5
712 3
575 1
575 0
573 4
351 3
343 4
343 2
342 4
342 5
491 2
487 0
487 2
484 0
484 5
874 0
874 0
874 0
874 4
340 3
349 3
344 1
344 3
350 3
348 3
348 2
346 5
470 3
411 2
410 2
409 0
406 4
330 1
330 3
344 3
336 0
334 2
333 0
333 3
340 3
344 2
342 2
340 0
340 5
675 2
672 2
669 2
666 1
664 0
664 1
664 4
337 4
336 0
333 0
333 5
637 3
500 2
498 2
495 2
493 2
491 2
489 4
355 0
346 5
677 2
674 1
673 3
530 5
985 4
365 5
478 0
477 0
477 5
855 5
1292 4
371 4
367 4
367 0
350 3
351 4
338 0
337 3
345 0
343 4
331 2
330 2
329 0
329 3
341 2
340 2
339 5
616 3
494 5
945 2
941 2
938 4
352 0
344 4
330 4
330 0
329 0
329 5
641 3
493 0
492 0
492 0
492 3
482 2
480 3
474 2
473 2
472 4
340 2
339 2
338 4
334 3
343 2
341 1
341 2
339 2
338 2
337 5
519 3
440 3
426 4
341 3
337 2
336 3
341 3
350 2
347 0
342 0
342 2
341 5
688 4
341 4
339 4
339 3
350 1
350 2
348 0
338 4
325 2
324 5
466 5
837 1
834 4
335 5
458 4
329 0
326 1
326 1
326 2
326 0
326 2
326 2
326 1
326 3
337 5
588 0
588 4
335 4
335 3
346 2
344 0
335 4
324 2
323 5
465 0
465 5
832 3
593 4
372 1
372 4
371 2
370 0
355 5
672 4
355 0
346 3
351 5
642 0
642 1
641 0
641 5
1066 3
767 2
763 1
763 3
673 2
670 2
668 3
641 4
349 3
338 3
347 5
512 4
334 0
327 2
327 1
327 5
643 2
639 5
1055 1
1054 5
1472 2
1465 1
1465 3
1119 0
1119 3
917 2
913 3
837 1
837 4
359 0
355 0
355 4
330 1
330 0
330 0
330 4
327 4
327 0
327 0
327 5
629 1
629 3
491 2
489 5
916 5
1463 5
2014 5
2559 1
2559 5
3113 2
3104 5
3634 3
3372 5
4139 4
397 5
460 2
457 2
455 3
405 0
397 5
796 3
645 3
592 2
590 5
1203 3
1035 0
1035 4
360 1
360 3
353 2
351 3
347 4
344 5
471 4
338 2
337 2
336 0
330 5
621 1
621 4
334 2
334 5
449 4
332 3
348 5
452 3
403 2
402 4
345 5
466 4
336 4
336 1
336 2
335 3
354 4
354 2
352 5
452 3
411 5
727 2
724 0
724 0
724 2
721 4
344 3
342 2
340 0
336 0
336 4
327 3
340 3
343 3
346 1
346 3
336 2
334 4
334 1
334 2
333 3
341 4
341 3
342 4
342 3
344 5
473 4
333 5
458 1
458 3
405 4
343 0
338 5
658 2
655 5
1070 4
357 0
339 0
339 2
338 2
337 4
327 1
327 5
462 4
327 2
327 5
461 3
395 0
392 2
390 2
389 3
387 3
386 2
385 2
384 1
384 1
384 5
771 2
767 5
1238 3
975 2
969 5
1612 0
1612 4
369 5
470 2
468 0
464 2
461 0
461 2
459 4
338 4
337 4
337 0
332 4
326 2
326 0
326 2
326 5
621 3
477 5
897 2
893 5
1428 3
1159 2
1155 4
364 1
364 4
361 2
359 5
456 5
785 1
785 3
586 3
537 2
535 0
534 5
1144 3
974 0
974 0
974 5
1808 3
1651 5
2705 3
2576 4
376 3
356 4
351 0
345 0
345 1
345 3
348 3
352 3
350 0
350 2
349 0
349 2
348 1
348 2
347 4
332 3
343 2
342 0
340 4
328 2
327 2
327 5
479 5
854 1
853 3
605 5
1067 3
871 1
870 2
866 3
813 4
358 3
344 4
342 3
344 2
342 2
340 2
339 1
339 2
338 0
334 0
334 2
333 2
332 2
331 4
325 2
324 5
482 4
332 0
326 5
632 4
336 0
329 2
328 5
621 3
492 2
490 4
361 2
360 4
359 5
486 4
337 2
336 4
336 4
336 3
357 5
484 3
426 4
340 4
340 2
339 4
339 3
346 2
344 2
342 4
342 0
336 1
336 3
342 1
342 3
344 2
343 4
331 5
487 4
331 2
330 0
326 2
326 3
339 2
338 5
620 1
620 3
496 1
496 0
493 3
485 2
484 4
344 2
342 3
342 5
509 2
506 3
440 3
429 0
429 0
429 2
427 3
426 2
424 0
424 4
337 5
511 1
511 2
508 0
508 0
508 2
506 2
504 3
438 1
438 2
436 3
424 5
818 3
661 3
637 5
1285 3
1130 4
366 2
364 0
358 4
334 2
333 2
332 2
331 0
330 5
657 0
657 2
654 3
517 3
484 4
344 3
339 0
335 4
322 0
322 3
331 4
325 4
325 2
324 2
323 4
323 3
335 3
338 2
336 5
498 0
498 0
498 5
899 3
656 2
653 2
650 3
584 2
581 5
1145 3
978 2
975 4
369 5
491 1
491 3
435 3
424 0
423 3
425 4
336 0
336 4
325 5
502 2
500 2
498 2
496 4
332 4
329 1
329 4
329 0
326 0
326 3
334 4
329 2
328 2
327 3
335 1
335 5
480 2
478 0
478 0
478 2
476 4
334 5
461 3
394 1
394 2
393 2
391 5
720 5
1195 1
1195 3
916 4
358 4
356 2
355 3
352 4
349 2
347 3
347 5
474 3
411 3
405 0
398 3
399 3
398 4
333 1
333 2
332 2
331 4
331 0
331 2
330 4
320 2
319 2
319 2
319 3
334 5
498 5
891 2
886 0
886 0
886 3
651 4
364 4
362 5
456 5
799 4
344 4
344 2
343 5
447 4
334 3
350 2
348 1
348 3
350 2
348 5
459 4
332 2
331 3
350 1
350 0
339 5
628 -1
552 1
552 3
416 5
462 5
708 0
708 5
1121 1
1120 3
821 3
705 0
703 4
358 1
360 5
495 5
884 0
884 1
884 2
880 2
875 4
344 0
338 5
642 5
1055 2
1050 4
343 2
342 5
466 4
334 1
336 2
334 4
334 2
332 2
332 5
458 4
333 0
329 2
329 4
329 3
349 2
345 4
344 1
344 4
344 0
340 4
325 5
460 1
461 1
462 5
804 0
804 2
800 3
569 5
1002 1
1002 0
1002 2
998 1
998 1
997 1
996 3
813 1
813 4
364 0
355 5
705 2
701 3
563 2
561 5
1034 4
362 0
356 5
708 2
704 2
701 1
700 0
700 5
1127 5
1566 2
1559 5
1998 0
1998 5
2444 2
2435 0
2435 5
2881 2
2870 0
2870 3
2501 2
2491 2
2481 0
2480 0
2480 2
2471 3
2163 2
2154 2
2146 2
2138 3
1801 0
1801 4
382 2
378 3
367 5
475 0
473 2
471 1
471 4
343 2
342 3
348 3
353 0
349 4
330 0
330 2
330 3
344 1
346 0
343 0
343 3
349 2
348 1
349 3
345 0
343 2
342 2
341 2
340 4
328 5
473 2
471 2
469 5
827 3
602 2
598 1
599 5
1053 5
1646 1
1646 2
1639 1
1639 2
1633 1
1632 2
1626 0
1626 1
1626 4
371 4
367 3
364 2
362 3
359 4
359 1
359 0
346 4
331 5
461 0
460 1
460 5
816 2
812 4
344 4
342 2
341 3
351 5
457 1
458 0
456 5
799 4
337 3
348 3
348 0
340 5
642 2
639 2
636 4
337 1
337 0
335 2
334 2
333 2
332 1
333 5
618 2
615 1
614 2
611 5
1008 1
1006 4
344 0
334 5
609 0
609 0
609 2
605 3
478 0
472 2
470 4
349 0
345 2
344 0
344 2
343 0
343 5
670 2
667 0
667 3
521 3
498 0
495 1
497 2
495 0
495 1
496 1
497 0
497 3
491 1
491 3
491 3
490 0
490 3
490 3
490 4
340 3
338 0
335 2
334 4
323 0
323 5
646 1
645 0
645 3
514 4
350 3
349 2
347 1
347 0
343 4
324 5
500 2
498 5
874 3
628 3
565 0
564 4
346 2
345 2
344 1
344 2
343 1
343 4
342 2
341 2
340 3
338 3
345 4
345 4
345 2
343 3
343 1
343 2
341 5
471 2
469 1
470 2
468 2
466 2
464 5
839 5
1271 0
1271 2
1264 4
354 5
464 0
464 2
462 0
462 3
396 4
347 0
346 2
345 4
329 2
328 3
345 2
343 4
343 4
343 0
339 0
339 4
323 2
323 1
323 2
323 2
323 2
323 3
337 3
340 5
477 2
474 2
472 0
472 2
469 4
331 4
330 3
349 5
465 3
410 2
409 1
409 2
407 2
406 3
402 0
399 4
336 0
335 2
334 1
336 3
341 4
327 3
335 5
487 2
485 4
332 2
331 4
331 4
331 4
331 3
337 1
338 2
337 3
341 2
339 2
337 3
344 0
338 4
325 2
325 2
324 4
324 0
324 3
331 2
330 3
334 4
329 2
328 4
328 1
328 3
336 1
336 2
334 2
333 2
332 2
331 4
331 4
331 4
331 2
330 4
330 4
330 0
328 0
328 3
339 1
340 4
332 1
335 2
334 0
331 2
330 1
331 1
333 3
339 1
342 3
340 1
340 1
340 2
339 0
338 2
337 3
341 0
341 3
343 0
343 4
328 5
479 2
477 0
477 2
475 4
330 5
471 4
331 0
328 3
338 1
339 5
620 3
499 4
346 4
346 0
341 1
341 4
325 1
325 2
324 2
323 5
483 3
415 3
401 1
403 4
337 5
496 1
495 3
429 5
808 0
808 3
658 5
1264 1
1264 2
1260 4
359 4
357 2
356 3
350 4
348 2
346 3
350 2
348 3
350 3
345 4
345 4
345 5
465 2
463 0
463 3
404 3
397 4
330 3
342 5
483 3
421 0
419 0
419 2
418 3
415 3
413 5
853 2
849 4
342 2
341 2
340 2
339 0
338 4
326 4
326 2
325 5
474 5
842 4
338 0
330 3
344 1
345 3
341 4
334 1
334 5
463 4
327 3
341 2
338 3
342 3
343 2
341 2
339 1
339 4
338 2
337 2
336 1
336 2
333 4
333 3
344 2
342 2
340 4
340 0
334 2
333 3
343 5
636 2
633 2
630 1
631 4
336 2
335 4
335 4
335 4
335 3
345 1
345 1
347 3
347 3
340 4
340 3
347 1
347 3
348 4
347 0
340 2
339 2
338 2
337 3
342 3
345 3
343 2
342 3
346 4
331 3
343 5
475 4
331 3
349 0
340 0
340 3
346 4
328 1
329 1
329 4
329 2
328 3
344 3
334 4
334 2
332 2
330 5
469 4
326 3
334 4
334 2
333 5
458 3
403 2
401 1
401 3
391 2
390 1
390 3
390 4
336 2
335 4
335 0
334 3
339 3
339 2
338 2
337 2
336 5
631 3
508 2
506 0
502 2
500 4
346 3
338 5
504 3
432 1
432 2
430 1
430 5
818 2
814 3
660 0
660 0
660 4
360 2
357 4
354 3
343 3
345 3
338 3
339 0
336 1
337 0
337 2
336 0
336 5
666 2
663 0
663 1
663 1
661 5
1090 3
795 5
1342 3
1103 0
1103 3
1032 0
1032 3
1005 1
1005 4
360 0
355 3
362 2
361 0
358 5
727 5
1167 4
357 2
356 2
355 0
345 5
664 3
532 0
528 2
526 1
526 5
1055 0
1055 1
1055 1
1054 0
1054 2
1050 2
1045 4
355 2
354 3
352 5
482 4
336 5
460 3
408 3
399 4
350 4
349 1
349 2
347 1
347 1
347 3
343 4
343 1
343 3
341 5
472 4
337 3
350 3
351 2
349 3
347 3
337 2
335 4
335 2
334 1
334 3
352 0
344 4
329 4
329 5
464 0
464 5
827 2
824 2
821 5
1241 0
1241 5
1645 0
1645 1
1645 2
1637 5
2053 2
2043 1
2041 4
367 5
472 3
410 4
354 3
360 0
352 2
349 2
348 4
330 3
354 2
352 4
352 0
343 2
342 1
343 5
633 1
632 2
629 4
340 4
340 2
339 4
339 2
338 2
337 4
337 3
354 0
345 2
344 4
332 3
355 1
355 5
467 2
464 2
462 2
460 0
460 0
460 4
334 2
333 2
332 2
332 0
329 1
329 4
327 4
327 3
350 3
347 0
343 2
342 1
342 2
341 2
340 1
340 5
638 2
635 3
500 2
498 5
930 4
347 5
478 4
338 4
337 4
337 1
339 0
330 2
329 4
326 2
326 2
326 5
480 2
478 3
406 4
346 3
348 0
342 3
349 2
348 4
331 1
331 2
330 1
330 0
329 2
328 1
329 4
327 5
474 3
409 5
734 2
729 4
350 3
344 3
348 4
347 2
345 1
345 3
347 1
347 2
344 2
342 5
461 3
411 2
410 5
727 1
727 0
727 4
348 0
342 2
341 5
640 4
350 2
349 0
341 1
342 4
330 3
350 1
350 4
350 0
344 1
344 4
326 5
466 2
464 1
464 1
464 2
462 4
330 4
330 4
330 3
344 5
459 3
406 4
343 3
348 2
346 0
341 4
327 1
327 4
327 0
325 3
340 0
338 0
338 4
326 4
326 3
345 1
345 3
336 3
344 2
342 3
335 1
335 5
477 1
477 0
477 5
849 1
849 3
595 2
593 4
357 3
357 2
354 0
342 5
661 1
661 4
339 5
468 1
469 2
467 3
415 2
413 4
347 5
465 0
464 4
332 3
351 1
351 5
475 2
473 4
335 3
344 0
337 0
337 4
325 2
325 4
325 4
325 2
325 3
345 2
343 4
343 5
469 5
811 1
811 1
809 3
597 3
535 0
532 0
532 4
341 3
346 0
339 3
345 3
346 1
346 3
344 2
343 1
344 0
343 2
342 4
324 0
324 2
323 2
323 0
323 2
323 4
323 1
323 3
335 2
334 3
336 0
333 5
654 2
651 1
650 2
647 2
644 5
1065 0
1065 2
1060 4
359 2
357 0
341 2
339 1
339 5
618 3
497 4
354 4
353 4
353 3
353 5
484 5
818 0
818 4
338 2
337 4
337 2
337 4
337 1
337 5
460 0
459 4
333 0
330 3
342 4
338 1
338 0
336 3
339 0
338 2
337 4
323 2
323 0
323 0
323 4
322 2
322 0
322 3
337 2
336 4
332 3
341 0
336 0
336 0
336 0
336 4
321 2
321 0
321 5
611 3
485 3
453 2
451 2
449 3
443 2
442 3
439 3
436 1
436 2
435 0
434 1
434 3
434 5
930 4
340 0
335 0
335 3
345 3
345 3
350 3
344 4
333 0
332 4
325 3
340 1
340 1
340 0
339 4
324 4
324 4
324 3
341 4
341 2
339 2
337 4
337 0
335 0
335 0
335 2
334 2
333 0
333 0
333 5
656 5
1071 2
1066 2
1061 5
1488 4
356 1
356 2
355 2
353 4
352 4
352 0
345 2
343 4
337 0
336 5
598 5
976 5
1378 4
362 0
351 2
350 2
349 3
350 0
347 5
664 5
1082 0
1082 2
1077 5
1509 0
1509 4
355 3
354 2
352 2
351 3
357 5
466 3
412 3
398 2
397 0
391 1
391 3
393 2
392 4
339 2
338 4
338 2
337 4
337 2
336 5
498 5
885 2
881 3
640 3
577 2
575 3
564 4
355 3
348 5
505 0
505 4
334 4
334 1
334 3
343 4
343 5
474 2
472 1
472 4
338 0
334 1
334 0
334 1
334 4
327 3
340 2
338 4
338 1
338 0
336 0
336 5
656 2
653 3
509 5
951 0
951 4
353 0
348 0
348 4
331 4
331 0
331 0
331 4
330 4
330 2
330 3
349 5
469 4
333 1
333 0
330 3
338 4
332 0
331 0
331 0
331 2
330 1
330 2
329 0
329 4
323 2
322 4
322 3
342 0
338 4
324 3
334 4
334 5
465 5
821 2
817 1
817 2
813 4
340 4
340 4
340 2
339 2
338 4
338 4
338 4
338 1
338 2
338 2
338 4
338 3
351 2
349 0
340 4
325 4
325 0
325 4
325 0
325 2
325 4
325 4
325 5
459 3
400 4
345 2
343 2
341 4
341 1
341 0
338 2
337 2
336 4
328 2
327 2
326 4
326 1
326 2
326 2
326 2
326 0
326 3
345 5
607 1
606 1
605 0
605 2
602 3
488 4
355 4
354 0
346 3
352 1
352 5
670 5
1102 2
1097 3
827 3
717 3
683 5
1391 0
1391 4
361 2
360 5
478 1
478 0
477 2
475 0
475 2
473 2
471 2
469 1
469 2
467 1
467 3
411 4
345 4
344 3
346 0
339 3
344 3
342 2
341 3
345 0
344 3
344 3
345 1
345 3
345 5
685 2
681 0
681 1
681 3
533 3
508 4
342 3
340 4
339 4
339 4
339 4
339 4
339 2
337 2
336 4
336 0
333 0
333 1
334 0
334 2
333 1
333 4
324 4
324 3
337 2
336 3
338 3
338 5
483 2
480 2
478 1
478 1
477 2
475 0
475 4
341 0
332 2
331 0
331 3
338 5
621 4
337 0
330 1
330 0
330 3
341 0
341 2
340 4
324 3
343 4
343 4
343 4
343 4
343 3
341 3
336 2
335 2
333 2
332 4
332 3
342 1
342 1
342 3
342 0
337 4
324 3
337 4
337 5
464 0
464 2
462 5
839 3
611 4
364 4
363 2
362 5
456 4
346 4
346 2
344 2
343 1
343 2
342 2
341 0
332 3
341 3
336 5
625 4
338 0
334 0
334 4
327 2
327 5
468 0
468 4
332 2
332 2
332 2
332 4
332 2
332 0
326 1
326 0
326 4
325 0
325 4
325 4
325 3
344 2
343 1
343 3
331 1
331 5
476 4
329 5
464 3
397 4
343 2
341 3
344 4
344 3
343 2
340 4
340 3
342 4
342 2
340 2
338 0
334 2
333 0
333 3
341 5
628 0
628 2
625 0
625 2
622 4
339 2
338 2
337 3
348 0
339 3
344 4
327 4
327 3
342 2
340 4
340 3
337 5
469 2
467 5
810 3
589 3
533 1
533 3
520 3
514 2
513 5
1018 4
362 3
354 2
352 1
352 0
345 0
345 2
344 1
344 4
327 3
345 1
345 4
345 2
343 0
337 2
336 2
335 0
335 5
664 3
519 2
517 2
515 3
490 1
490 2
488 4
339 0
336 4
327 1
327 5
491 0
491 0
491 4
334 3
347 1
347 3
345 4
345 5
483 4
328 0
325 5
640 5
1045 5
1459 4
360 2
359 3
359 4
358 5
455 3
405 3
394 2
393 4
338 5
469 4
337 4
337 0
331 3
342 3
340 4
335 3
342 3
340 4
340 2
338 1
338 3
335 0
333 2
332 4
326 2
326 1
326 0
326 4
326 2
326 3
340 4
340 5
467 4
334 2
333 3
349 0
339 0
339 2
338 3
346 3
347 0
343 3
347 4
328 5
478 1
478 2
476 0
476 1
476 2
474 0
474 2
472 5
843 2
840 5
1266 1
1265 0
1265 3
857 4
362 0
353 3
357 4
334 3
348 4
348 1
348 3
345 1
345 0
339 3
345 3
346 3
344 2
343 4
330 2
329 4
329 0
329 2
328 4
325 2
325 5
479 4
328 2
328 0
326 5
618 0
618 3
484 2
482 2
480 4
351 3
345 2
344 3
338 4
337 2
335 3
345 3
341 2
339 0
335 0
335 4
322 2
322 3
341 2
340 2
338 2
337 5
469 3
408 4
339 3
343 4
342 3
342 2
340 2
339 1
339 2
337 1
337 5
474 4
333 1
333 4
333 3
352 0
347 4
326 4
326 0
325 1
325 3
341 2
340 0
337 2
336 2
335 1
335 3
340 4
331 2
330 2
328 0
327 4
322 4
322 2
321 3
335 5
468 4
325 1
325 2
325 4
325 1
325 0
324 3
338 0
336 3
341 3
343 4
327 3
336 1
336 2
334 0
332 5
638 2
635 1
634 2
631 1
631 4
334 2
333 2
332 1
332 4
331 4
331 5
455 4
327 2
327 4
327 3
341 3
343 5
462 4
328 4
328 4
328 1
328 0
326 4
325 2
325 2
325 0
325 5
606 2
603 1
603 1
602 2
599 2
596 0
596 3
473 2
471 3
439 3
435 2
433 3
428 3
426 0
423 2
422 1
422 2
421 2
420 3
423 4
336 4
335 4
335 1
335 2
334 5
517 2
514 5
916 5
1350 4
354 0
346 2
346 2
345 0
345 4
335 2
335 5
475 3
399 4
342 2
341 1
341 5
466 4
332 2
332 1
332 0
330 3
344 3
345 0
344 3
351 2
350 2
349 4
334 2
333 3
349 2
346 2
344 1
344 1
344 1
344 3
339 3
346 0
340 2
339 0
339 0
339 0
339 4
326 0
326 4
325 2
324 2
324 1
324 2
324 0
324 1
324 0
324 2
324 5
610 3
476 0
471 3
461 1
461 4
341 3
336 2
335 2
334 2
333 4
332 0
331 5
661 0
661 4
341 3
348 3
348 2
347 3
347 0
340 0
340 3
345 4
327 3
342 0
336 4
323 2
322 3
340 2
337 4
337 0
334 2
331 0
331 2
330 3
339 1
339 2
338 1
338 3
339 3
339 4
330 2
329 2
328 2
327 1
327 5
480 2
478 2
476 2
474 4
330 1
330 1
330 2
329 0
325 2
325 3
336 5
606 0
606 0
606 1
606 1
605 4
335 2
334 2
333 4
333 3
351 2
349 2
347 2
345 0
340 0
340 3
348 2
347 5
647 3
509 2
507 0
507 1
507 0
507 2
504 2
501 0
501 2
499 3
486 2
485 5
1019 0
1019 3
859 4
363 0
355 2
353 0
353 0
353 3
360 2
358 2
357 4
330 0
330 1
330 2
329 0
329 0
329 1
329 4
324 2
323 1
323 4
323 3
338 2
337 5
493 0
493 1
493 0
493 0
493 2
491 3
426 0
424 5
881 2
876 3
714 0
714 1
714 5
1391 4
354 0
348 3
352 4
332 2
331 0
331 5
649 2
646 0
646 2
643 4
342 5
467 5
815 2
812 5
1238 3
879 0
879 5
1478 5
2091 4
372 2
370 2
369 1
369 5
467 1
467 4
349 4
349 4
349 2
348 4
348 5
460 2
458 2
456 2
454 0
449 2
447 1
447 1
447 1
447 5
774 5
1177 4
355 0
345 5
613 2
610 3
469 2
467 3
442 3
434 2
432 5
837 4
351 2
350 4
348 3
362 2
360 3
352 3
354 4
354 2
352 1
352 2
350 3
351 2
349 1
349 4
348 2
347 1
347 3
352 2
350 2
348 2
347 4
347 4
347 3
344 0
335 2
334 2
333 4
324 0
323 3
331 4
327 4
327 4
327 4
327 3
335 3
334 2
333 5
479 0
479 5
854 2
849 4
334 4
333 2
332 5
457 4
329 2
329 3
349 4
348 1
348 2
347 5
457 4
329 2
329 2
329 4
329 2
328 2
328 2
328 5
455 2
453 0
453 5
789 0
789 4
335 5
454 5
775 4
342 0
338 3
343 3
344 5
585 2
582 5
990 1
990 2
984 3
697 0
695 2
690 5
1285 2
1280 3
1074 4
374 4
371 2
369 2
368 1
368 2
365 0
356 2
355 2
354 0
354 4
333 3
343 2
341 3
347 2
344 5
473 1
473 3
409 3
399 5
747 2
743 1
742 0
742 0
742 4
346 2
345 3
348 0
339 4
327 4
327 0
327 2
327 3
337 2
335 2
334 2
333 3
338 2
337 4
334 3
339 2
337 0
335 5
651 4
340 2
339 5
468 2
466 4
334 2
333 5
468 0
468 2
466 5
828 3
579 0
576 0
576 5
1138 3
923 0
923 0
923 0
923 2
920 4
367 2
366 2
365 4
364 2
363 3
348 0
339 3
345 2
344 4
329 0
329 5
626 2
623 2
620 2
617 0
617 1
616 3
481 5
912 2
908 2
904 2
900 3
738 2
735 0
734 5
1441 -1
