5 2000
2619 0
1634 2
1611 4
871 4
858 3
725 2
714 5
686 4
651 5
645 0
643 4
612 5
623 4
605 5
611 3
597 5
614 2
612 5
641 3
608 0
605 2
605 1
605 1
613 4
601 0
595 1
601 0
596 5
642 0
642 0
642 5
695 0
695 2
698 3
645 1
645 3
635 0
635 2
634 5
722 4
608 1
609 0
608 5
671 5
747 4
601 1
605 0
598 2
597 5
657 5
726 5
796 3
726 2
719 2
717 3
696 5
786 3
763 3
754 0
754 0
754 5
937 5
1128 2
1123 2
1118 3
1083 5
1329 2
1324 2
1320 2
1315 3
1295 4
640 3
616 5
624 5
663 0
662 2
659 1
672 4
608 1
608 0
590 2
589 5
650 5
719 5
795 4
594 4
588 4
588 1
591 1
596 4
594 1
594 0
582 1
586 4
579 5
588 2
589 0
588 5
636 0
636 1
636 4
571 5
588 2
591 1
590 5
621 3
592 5
637 5
701 3
660 4
585 5
600 2
599 0
598 2
597 5
662 0
662 5
732 2
729 0
729 3
673 2
672 4
584 1
587 3
582 2
579 3
579 2
578 2
578 4
575 5
580 5
607 1
608 2
607 1
612 2
607 5
652 5
709 5
772 0
772 3
690 1
690 4
593 4
587 2
587 5
594 5
618 5
663 3
613 5
649 3
624 2
623 5
673 0
673 5
762 3
720 0
720 2
717 5
846 2
842 0
842 5
981 5
1130 3
1072 2
1067 5
1275 5
1493 1
1493 4
641 0
617 3
610 3
608 2
607 2
606 0
606 2
605 5
689 5
778 5
875 5
977 4
609 4
601 4
600 1
602 2
598 5
597 4
583 3
583 5
594 3
587 5
598 4
578 1
578 4
578 5
585 1
586 5
612 3
589 5
620 3
608 2
606 2
605 5
651 0
651 3
636 2
635 1
635 0
634 0
634 2
633 3
631 1
632 5
731 1
731 3
711 0
711 3
707 0
707 3
705 5
886 2
883 2
880 0
880 0
880 5
1065 5
1254 4
593 0
591 5
652 5
724 4
590 0
586 2
585 3
585 1
588 4
584 4
576 5
586 2
588 0
588 3
575 0
575 0
575 4
572 2
571 2
570 1
572 3
569 2
568 4
566 2
565 5
576 4
567 0
567 1
569 3
568 3
567 5
607 2
607 1
613 4
567 2
567 0
566 1
566 2
568 4
568 5
582 2
587 4
573 3
570 4
567 3
567 1
572 3
572 5
585 3
569 5
592 0
592 2
596 2
602 1
604 1
606 5
650 2
648 2
652 5
702 2
709 2
709 1
701 5
755 1
757 5
811 0
811 4
583 5
590 4
578 0
575 2
575 5
604 3
587 3
585 1
585 1
595 4
574 4
574 1
574 1
576 0
569 0
569 5
606 4
567 2
570 3
566 2
569 1
574 5
587 4
568 2
569 2
574 4
571 0
570 3
569 5
600 3
583 3
581 5
613 3
596 5
639 2
637 3
611 2
609 5
671 5
750 3
694 5
808 1
809 0
809 3
777 4
602 2
599 0
598 1
602 2
600 1
602 2
600 5
671 5
753 2
749 4
587 2
586 4
576 1
576 4
576 5
583 0
580 1
582 1
582 3
572 4
566 3
566 2
567 3
566 2
565 0
565 5
605 5
650 3
616 4
575 3
572 2
573 0
569 5
608 3
592 2
591 1
593 5
631 3
612 4
578 5
586 5
615 1
616 3
586 2
585 2
583 4
570 5
585 2
584 4
568 5
580 0
579 4
567 0
566 0
566 0
566 0
566 2
568 1
568 5
609 2
612 5
664 4
568 3
567 1
569 5
581 0
581 0
581 2
581 2
584 2
587 1
587 4
569 4
568 5
579 2
583 0
583 2
583 2
591 5
630 2
630 3
599 0
597 2
596 0
596 4
569 3
568 2
568 4
563 2
563 1
565 1
565 2
564 2
565 2
567 4
565 4
565 5
575 3
570 3
570 3
570 4
565 4
565 3
565 5
574 5
601 5
637 1
638 2
637 1
639 0
639 0
639 4
570 5
580 0
579 5
622 5
669 0
669 2
669 5
718 3
658 4
593 3
576 0
571 4
567 4
566 1
568 1
568 3
566 3
566 2
568 2
568 2
568 1
568 1
570 5
584 4
563 5
574 3
566 2
565 0
564 1
564 3
564 3
564 0
564 0
564 2
563 0
563 2
563 1
563 3
563 2
563 0
563 5
602 0
602 3
589 5
630 3
605 2
604 2
603 2
602 1
602 5
650 2
648 4
577 5
591 3
577 0
574 1
574 3
573 4
569 0
569 0
569 1
570 5
626 5
691 4
576 2
575 4
569 4
569 3
566 3
566 4
566 2
567 3
566 4
566 0
564 4
563 3
563 4
563 3
563 2
564 5
579 3
569 0
569 5
612 3
592 3
590 4
572 5
588 1
589 5
622 0
622 5
681 0
681 1
682 5
748 3
675 3
659 3
653 2
650 4
585 2
584 3
575 3
575 0
573 2
573 2
573 2
574 3
573 0
573 0
573 0
573 5
633 0
633 0
633 1
634 2
633 2
633 2
634 3
605 4
576 1
576 1
576 0
576 0
576 0
576 5
631 3
606 3
603 2
601 2
600 0
599 1
601 1
601 3
599 4
578 1
578 3
572 2
571 1
574 2
573 3
570 3
569 2
568 4
563 5
585 2
585 3
570 4
561 0
561 5
607 0
607 0
607 4
566 2
565 3
565 0
565 4
564 3
564 0
564 3
563 2
562 2
561 2
561 2
561 1
564 4
563 2
563 3
563 5
580 5
618 4
570 2
569 1
571 3
568 3
568 3
568 3
568 3
568 1
570 2
569 5
579 3
568 0
568 0
568 3
567 2
569 3
568 4
567 3
567 5
585 3
572 3
571 3
571 3
571 0
571 0
571 4
569 0
569 3
569 5
613 4
572 3
571 0
569 5
612 3
591 2
590 0
588 2
587 1
587 2
586 1
586 0
586 5
648 3
622 3
617 3
616 0
616 4
585 3
578 5
595 5
637 2
636 0
636 1
636 5
706 5
779 1
779 4
592 3
579 5
589 5
629 0
629 3
595 3
587 2
586 3
584 5
627 2
627 0
627 3
609 3
602 1
602 5
672 2
670 4
588 1
588 3
579 4
570 4
570 4
570 2
571 3
569 1
571 5
581 2
581 3
571 0
570 2
570 0
570 5
617 4
572 1
572 3
572 5
583 2
583 1
585 2
584 2
585 0
584 3
573 3
573 0
572 4
569 0
568 5
616 0
616 5
675 3
630 5
696 0
696 2
693 3
667 3
659 0
658 3
656 2
655 3
655 2
654 2
653 0
653 3
653 4
590 0
590 3
590 4
583 3
578 2
577 0
575 4
571 5
597 0
597 2
596 1
596 5
670 5
750 5
828 5
914 5
998 2
991 0
991 2
985 5
1071 3
957 2
956 4
615 3
602 5
603 4
585 0
574 3
574 3
573 2
572 0
572 5
626 3
606 2
605 3
603 4
573 1
573 1
573 4
567 1
567 1
567 0
567 4
564 3
564 5
580 0
580 0
580 2
580 1
581 5
631 5
688 4
581 0
572 3
571 2
565 4
563 3
563 4
563 5
579 0
579 4
562 2
561 3
561 5
580 3
566 4
562 0
560 5
606 4
561 3
560 1
562 0
561 2
561 3
561 4
559 3
558 4
558 3
558 3
558 5
580 4
557 4
557 1
560 0
557 4
556 0
556 1
556 4
556 3
556 1
556 1
556 0
556 5
598 3
581 5
633 4
561 4
559 2
560 4
560 1
560 2
563 3
559 2
559 2
559 5
581 3
572 0
571 0
571 4
567 5
590 0
590 3
576 3
575 3
574 4
566 3
564 4
559 1
561 5
584 3
571 0
571 3
570 5
622 2
620 3
598 4
569 1
569 4
559 3
559 1
559 1
559 5
582 4
560 4
560 0
559 3
559 4
559 5
580 4
560 0
559 2
559 3
559 2
559 0
559 0
559 3
559 1
559 3
559 5
603 0
603 2
603 0
603 3
587 4
565 3
563 5
581 4
560 3
560 3
560 4
560 0
559 5
605 4
561 4
561 2
561 4
561 4
561 5
580 5
618 3
588 3
584 1
584 1
584 3
584 2
583 4
558 5
580 5
624 3
591 0
590 5
663 3
634 4
578 5
600 3
580 0
580 0
580 1
580 1
580 3
580 4
576 1
576 3
572 5
597 4
566 3
566 4
562 2
562 2
563 2
563 3
562 0
560 2
560 5
605 5
658 4
570 2
570 4
569 0
562 3
561 2
560 5
600 5
649 4
567 4
566 2
566 0
562 0
562 1
563 1
563 2
562 3
562 2
562 3
562 2
562 5
601 5
651 4
567 3
567 3
567 4
567 3
567 3
567 4
567 4
567 2
567 0
562 5
600 0
600 4
563 2
563 3
563 1
563 4
563 5
580 3
568 4
563 3
563 3
563 1
563 4
562 0
561 3
561 3
561 3
561 2
561 2
561 5
597 0
597 3
585 4
565 4
564 4
564 3
564 1
564 3
564 0
564 5
602 5
655 1
655 2
655 3
621 4
565 5
579 3
570 5
598 4
563 3
562 5
578 4
562 4
562 5
577 3
566 5
593 4
561 3
561 4
561 4
561 4
561 4
561 5
578 2
578 3
568 5
600 4
562 2
562 1
562 4
562 4
562 2
562 0
560 3
560 4
560 3
560 5
578 4
561 4
561 0
560 1
561 3
561 0
561 0
561 1
561 5
606 1
606 3
586 1
586 5
633 0
633 3
611 3
610 2
609 1
609 3
609 2
608 4
574 5
594 4
563 2
563 4
563 1
563 0
560 5
603 4
562 0
560 3
560 4
560 2
560 3
560 4
560 4
560 4
560 0
560 2
560 5
600 5
652 2
652 4
564 4
563 3
563 3
563 2
563 1
563 3
563 3
563 5
578 5
612 2
612 0
612 0
612 4
563 0
561 0
561 3
561 3
561 4
560 0
560 5
604 2
609 0
609 4
563 2
563 0
561 5
602 0
602 3
584 0
584 0
584 4
570 3
567 5
585 1
585 4
564 2
563 3
563 3
563 0
561 3
561 1
561 0
561 0
561 0
561 2
561 3
561 2
561 4
561 3
561 0
561 5
602 4
562 0
561 0
561 0
561 3
561 0
561 0
561 3
561 2
561 0
561 0
561 0
561 5
605 0
605 3
589 0
588 5
665 5
744 5
832 4
581 0
573 0
573 2
572 2
572 4
568 3
568 1
568 2
567 0
567 4
565 3
565 3
565 2
564 0
564 3
564 2
564 2
564 3
564 3
564 5
608 1
608 1
608 0
608 0
608 1
608 4
567 5
584 0
581 4
565 5
582 3
573 4
562 4
560 5
580 0
580 0
580 3
570 4
560 0
560 4
560 5
580 0
580 3
571 3
570 5
611 3
591 5
648 3
620 0
620 4
579 1
579 3
572 1
572 1
572 1
572 4
561 2
561 0
561 4
561 4
561 0
561 2
561 1
561 0
561 0
561 0
561 5
610 0
610 4
564 5
581 0
578 2
578 3
569 3
568 0
568 4
566 1
566 0
566 0
566 3
566 3
566 4
565 0
565 3
565 0
565 4
565 2
564 4
561 3
561 3
561 4
560 3
560 3
560 5
580 0
580 5
630 0
630 2
630 4
565 5
577 5
612 4
564 3
564 0
560 4
560 1
560 4
560 0
560 4
560 4
560 1
560 3
560 0
560 5
604 0
604 0
604 5
657 4
566 1
566 4
564 3
563 2
563 4
563 5
576 0
576 4
562 2
562 3
562 0
560 3
560 4
560 2
560 5
577 5
616 0
616 0
616 3
589 4
560 0
560 4
560 4
560 3
560 5
578 3
567 0
567 3
567 3
567 0
567 3
567 0
567 5
619 5
678 3
645 5
714 5
795 3
752 2
749 3
735 0
735 0
735 4
601 4
583 4
582 1
582 5
587 0
586 1
586 3
575 5
625 1
625 2
622 5
684 3
643 0
643 3
639 4
583 0
578 0
578 5
647 4
576 4
567 3
566 4
566 5
582 4
564 4
564 0
563 0
563 0
563 1
563 0
563 4
563 3
563 5
584 0
584 5
641 3
604 1
604 2
603 5
655 3
632 5
717 1
717 3
694 1
694 3
688 4
589 2
588 5
605 0
605 3
592 3
591 4
575 1
575 4
566 5
591 0
591 1
591 0
591 3
577 3
577 5
639 0
639 0
639 0
639 1
639 4
570 4
565 0
564 5
614 5
673 2
673 1
673 4
572 3
571 0
567 0
567 3
567 0
567 1
567 5
618 4
566 4
564 5
580 5
613 4
563 0
563 3
563 0
563 2
563 0
563 1
563 2
563 4
563 0
563 4
562 3
562 3
562 3
562 2
562 4
561 4
561 4
561 4
561 0
561 4
561 0
561 3
561 1
561 4
561 3
561 0
561 3
561 3
561 0
561 2
561 5
607 0
607 3
591 4
563 0
563 5
604 0
604 3
590 4
563 4
562 1
562 5
578 4
564 0
562 3
562 5
607 5
660 3
620 5
676 4
572 3
567 5
580 5
618 0
618 5
674 2
674 1
674 0
674 1
674 0
674 0
674 0
674 4
574 0
569 4
567 0
566 3
566 0
566 5
611 0
611 4
568 4
567 3
567 4
566 5
581 2
581 5
609 5
650 0
650 0
650 0
650 1
650 3
617 3
608 0
607 1
607 3
604 5
680 3
653 3
644 3
643 4
591 1
591 4
571 5
582 4
567 2
566 4
564 3
563 4
563 3
563 0
561 3
561 5
605 3
586 0
586 2
585 1
585 0
585 4
574 4
565 3
564 2
564 3
563 5
582 4
563 3
563 1
563 2
563 2
563 5
578 3
567 1
567 2
566 3
566 4
562 4
562 4
562 4
562 3
562 3
562 3
562 4
562 3
562 4
562 5
580 0
579 1
583 5
636 4
566 5
578 5
614 4
565 2
564 5
578 5
614 5
657 4
567 0
565 3
565 1
565 0
565 4
565 1
565 0
565 3
565 3
565 4
565 3
565 0
564 3
564 4
563 0
563 1
563 2
563 4
563 5
578 3
572 4
564 3
564 4
564 3
564 3
564 5
576 5
608 2
608 3
579 5
618 5
674 0
674 3
628 0
626 2
625 3
619 2
618 2
617 3
615 4
582 0
582 5
653 4
577 0
575 0
575 1
575 3
574 5
628 0
628 0
628 2
627 2
627 0
627 3
611 5
682 3
655 5
764 0
764 3
741 4
590 5
604 2
602 3
590 2
589 0
588 4
575 5
589 3
583 5
616 5
678 4
587 1
587 0
579 3
579 4
574 3
574 4
564 4
563 1
563 2
563 2
563 4
563 3
563 3
563 5
576 2
576 3
572 1
572 5
599 0
599 4
569 2
568 3
567 0
566 0
566 5
618 1
618 4
568 3
568 0
567 4
566 4
564 3
564 4
564 3
564 5
574 4
565 5
577 3
572 0
570 3
570 1
570 4
567 4
563 4
563 5
576 1
576 1
576 1
576 5
610 3
582 4
564 0
564 3
563 3
563 1
563 4
561 0
561 3
560 0
560 2
560 3
560 5
610 4
563 3
563 5
579 3
573 2
572 2
571 1
571 5
599 0
599 0
599 0
599 5
659 3
621 5
680 4
578 5
591 2
589 5
626 2
625 4
575 5
583 1
583 3
572 3
570 5
602 0
602 3
589 3
588 5
656 3
630 5
710 5
812 3
771 3
754 4
595 3
586 0
583 0
583 2
582 3
582 4
573 4
566 4
566 3
564 4
563 2
563 3
563 4
563 1
563 1
563 4
563 0
563 2
563 1
563 3
563 0
563 0
563 4
563 2
563 2
563 5
581 5
623 5
675 0
675 5
740 5
807 4
579 4
575 0
571 5
613 4
567 4
567 4
567 2
567 5
581 2
581 4
567 1
567 4
567 2
567 3
567 5
581 3
570 2
569 3
567 3
566 3
566 0
565 2
565 0
565 0
565 0
565 0
565 2
565 4
564 3
564 5
577 0
577 5
625 4
564 4
564 4
564 3
564 1
564 2
564 2
564 4
563 5
577 5
607 4
565 4
565 1
565 3
565 1
565 2
565 4
564 3
564 5
574 3
570 0
569 2
569 2
569 0
569 3
568 5
615 3
592 5
642 4
570 3
569 4
563 4
563 3
563 5
572 2
572 4
565 5
576 2
576 1
576 4
566 2
566 0
565 2
565 4
565 0
565 4
565 4
565 4
565 3
565 2
565 2
565 2
565 2
565 3
564 3
564 2
564 0
564 4
564 1
564 3
564 3
564 3
564 2
564 3
564 4
564 2
564 4
564 1
564 3
564 3
564 3
564 0
564 0
564 4
564 3
564 2
567 5
579 1
578 3
572 4
566 5
576 4
565 5
584 3
574 2
573 5
592 3
579 4
565 5
577 3
571 4
563 5
577 3
573 1
573 5
598 5
640 2
639 4
571 3
569 4
567 3
567 4
567 4
567 3
567 2
567 0
565 2
565 4
565 0
565 5
604 5
650 2
650 1
650 2
650 3
613 5
644 2
642 4
576 4
573 4
573 0
569 5
612 2
612 2
612 1
612 5
662 5
711 4
581 5
586 4
573 3
573 3
572 1
572 3
572 5
577 3
572 4
568 4
568 0
567 5
605 1
605 0
605 3
590 4
570 4
567 4
567 1
567 4
567 2
567 3
566 0
565 5
604 2
604 4
569 5
581 3
568 5
588 4
565 4
565 3
565 5
578 3
571 5
593 3
578 5
613 4
568 0
567 5
611 5
663 2
663 0
663 5
716 3
663 3
650 5
711 4
575 5
591 2
591 1
591 2
591 2
591 5
621 5
665 3
621 4
584 2
583 5
596 3
579 0
579 1
579 3
578 2
577 4
575 5
591 3
575 4
570 3
570 2
569 4
566 0
566 3
566 4
564 5
582 5
614 2
614 1
614 4
572 3
571 4
570 0
567 3
567 3
566 3
566 1
566 -1
2619 0
1634 1
1634 0
1625 4
855 4
840 3
709 1
711 5
698 4
657 3
643 5
645 2
643 1
643 1
644 5
660 1
661 3
634 0
631 0
631 0
631 0
631 1
637 2
631 0
631 2
630 0
630 1
631 5
680 2
678 3
658 3
649 3
639 4
604 1
609 2
607 5
626 5
661 0
661 1
663 4
595 2
594 3
592 1
594 3
591 5
607 2
605 4
585 2
585 5
602 1
601 0
600 3
591 3
589 5
635 3
617 5
671 5
747 0
747 3
697 0
696 4
603 2
602 1
602 0
600 5
674 2
672 3
637 2
635 2
634 4
592 0
588 1
589 0
589 2
589 5
657 3
634 4
588 0
587 1
590 3
589 5
655 0
655 2
655 4
598 1
600 1
600 0
594 1
595 2
594 5
659 5
737 3
685 4
593 3
586 3
582 3
580 5
596 0
596 3
590 2
589 4
576 1
578 0
577 3
577 0
577 0
577 4
575 5
595 2
593 1
595 0
594 0
594 4
576 3
576 0
574 3
574 4
574 0
574 4
574 2
573 2
572 1
588 2
584 3
574 3
573 2
572 2
573 0
572 3
571 2
572 5
614 1
621 3
598 3
593 0
592 3
592 1
595 3
593 3
593 0
593 4
583 5
604 0
604 0
604 4
579 2
578 2
577 3
574 4
571 5
595 2
594 5
632 0
632 2
632 3
594 5
647 2
639 4
575 3
574 3
574 2
573 2
573 5
593 5
629 3
600 2
599 1
608 3
588 0
588 3
586 2
585 3
583 5
652 4
577 1
577 5
589 5
627 1
624 2
623 0
623 0
623 4
569 4
567 3
567 5
593 0
593 5
649 3
611 3
606 2
605 3
601 3
601 2
600 3
600 0
598 2
597 5
689 0
689 3
659 2
657 5
767 1
770 5
900 3
851 0
851 2
848 0
848 0
848 5
1041 3
1019 3
1010 5
1347 3
1330 4
616 0
603 3
601 3
600 2
598 0
598 3
597 4
588 2
587 3
583 3
581 0
581 1
581 2
580 0
580 0
580 3
580 3
580 4
576 3
575 3
575 3
575 0
574 5
642 3
617 4
578 4
567 3
566 4
566 2
566 2
567 4
567 2
568 3
567 2
567 2
569 2
570 2
573 2
576 3
570 3
569 0
568 5
619 5
676 2
679 3
623 3
611 0
610 4
584 5
600 4
568 4
566 0
565 0
565 1
567 0
567 2
567 2
567 0
567 3
567 0
567 4
566 4
566 0
566 2
565 2
565 2
565 2
570 3
565 4
565 1
569 5
578 4
566 2
567 2
568 1
570 0
569 5
607 3
589 3
585 3
584 5
629 3
608 0
608 2
607 2
606 0
606 4
584 3
579 4
567 2
568 1
568 4
568 0
567 4
566 3
565 0
565 1
565 4
565 1
568 4
566 1
568 4
567 3
567 0
566 2
569 3
569 2
568 3
568 4
567 3
566 5
584 4
566 0
566 5
602 0
602 4
567 4
567 2
568 5
582 3
574 3
574 3
574 2
573 2
572 1
574 3
572 0
572 4
566 2
565 2
566 3
565 0
564 0
564 3
564 0
564 2
564 3
564 2
564 2
566 4
565 4
565 5
581 3
571 2
570 2
569 1
590 2
582 2
581 3
568 2
567 5
592 3
580 2
579 3
576 3
573 4
567 0
565 5
611 3
590 5
638 3
608 0
608 4
587 1
587 0
586 4
579 2
578 2
577 2
576 3
575 2
574 0
574 4
574 4
565 0
565 4
565 3
565 1
567 5
592 0
591 2
591 0
591 1
593 2
591 1
593 5
648 4
572 0
567 2
569 5
612 3
595 2
594 3
589 2
588 5
632 1
633 0
633 2
632 3
614 2
613 1
613 2
612 1
618 2
617 1
618 0
618 2
612 3
609 1
609 3
609 3
608 1
608 2
607 5
698 0
698 4
589 1
591 5
605 0
604 3
593 3
592 2
591 1
591 4
581 3
578 1
579 3
578 1
580 0
579 2
581 3
581 3
580 2
579 0
579 5
649 0
649 4
582 3
576 4
568 4
568 0
565 0
565 1
566 0
566 1
569 3
568 3
567 3
567 0
567 3
567 0
567 2
567 2
567 2
570 3
568 0
568 4
566 1
569 2
567 3
564 2
565 1
565 2
567 3
567 5
590 3
576 0
575 2
575 2
576 1
576 3
576 1
577 4
567 1
567 2
566 4
564 5
588 0
588 3
574 3
571 5
618 2
618 3
596 1
597 4
571 3
570 3
570 2
569 3
569 4
565 1
565 3
565 3
565 1
569 4
568 3
568 2
567 1
569 0
569 4
568 2
568 3
568 3
568 2
569 4
568 3
568 1
568 3
568 5
586 3
571 2
570 2
569 4
567 3
567 2
567 0
566 3
566 3
566 1
572 3
568 5
602 4
566 2
566 1
566 3
566 4
566 1
568 2
566 5
586 4
565 4
565 1
565 0
565 0
565 2
565 4
565 3
565 1
565 5
586 1
586 3
572 2
571 3
569 3
569 2
568 4
565 5
585 0
585 3
573 2
572 5
607 2
607 2
607 4
566 1
566 5
576 3
571 4
565 3
565 4
564 2
564 2
564 5
585 3
570 2
569 4
563 4
563 3
563 0
563 5
605 1
605 4
563 3
563 3
563 0
563 3
563 2
563 5
597 2
597 3
585 2
584 0
584 3
583 5
649 0
649 0
649 3
619 1
623 1
625 1
626 3
619 2
618 3
614 2
613 4
575 1
577 2
575 2
573 4
566 0
566 3
566 5
616 4
569 4
567 3
566 3
565 4
564 3
564 2
565 0
565 4
563 3
563 4
563 2
564 3
564 0
563 2
565 5
612 0
612 2
612 2
612 3
587 0
587 3
587 0
587 3
586 2
585 4
574 0
574 4
570 2
570 2
569 4
567 2
567 2
568 4
567 4
567 3
566 2
566 3
566 0
565 5
621 3
597 3
596 5
663 0
663 4
582 0
579 2
579 4
571 3
569 3
569 3
569 2
568 0
568 3
567 5
620 4
574 0
571 4
567 2
566 0
565 3
565 3
565 3
565 1
569 3
565 3
565 2
564 2
564 4
564 4
562 0
562 3
562 1
562 2
567 2
572 2
572 0
572 2
572 0
572 2
572 2
572 0
572 3
564 0
564 1
564 4
563 3
563 2
564 2
566 5
588 2
592 2
592 0
592 3
575 4
564 2
564 5
579 5
615 1
616 2
615 3
590 0
590 3
587 4
573 1
573 4
565 3
565 1
565 3
564 2
564 3
564 2
564 4
564 4
564 3
564 4
564 2
565 5
587 0
587 3
570 0
570 0
570 3
570 3
569 3
569 0
569 2
568 2
567 1
569 3
568 0
568 5
625 3
606 3
603 3
602 2
601 2
600 0
600 3
600 4
577 4
562 4
561 2
562 3
562 3
562 2
561 1
561 2
561 1
561 3
561 0
561 5
610 4
566 3
566 0
565 4
563 0
563 4
562 4
561 0
561 4
561 3
561 2
561 0
560 4
560 4
560 4
560 0
560 3
560 2
559 4
559 4
559 1
559 3
559 2
559 3
559 4
559 5
584 3
568 0
568 0
568 4
564 3
563 0
562 3
562 3
561 5
613 4
569 4
565 5
578 3
570 3
570 3
570 5
598 3
580 1
580 3
580 2
579 2
578 3
577 2
576 0
576 4
567 3
566 4
561 3
561 4
561 5
585 2
585 2
585 0
585 1
585 0
585 3
571 5
611 3
589 0
589 3
586 4
573 4
562 1
562 0
562 5
613 3
595 5
650 1
650 2
648 2
646 3
623 5
695 4
585 4
570 3
568 1
568 3
568 3
567 3
567 0
564 2
564 2
564 2
564 5
609 3
591 4
565 0
565 5
611 5
666 2
667 1
667 3
630 3
620 5
682 4
574 3
569 3
567 4
564 4
564 3
563 2
564 4
564 0
562 3
561 1
561 4
559 0
559 2
559 0
559 4
559 3
559 3
559 2
559 2
559 3
559 2
559 1
559 0
559 0
559 3
559 5
601 0
601 0
601 0
601 0
601 3
583 3
581 0
581 2
580 3
580 0
580 5
649 5
725 5
805 4
587 3
580 0
575 4
573 4
564 0
562 5
600 2
600 3
586 3
583 5
626 5
690 3
651 3
638 3
629 3
626 3
625 2
624 3
623 4
577 1
577 3
572 3
571 2
570 4
560 4
560 1
560 1
560 4
560 2
560 0
559 4
558 4
558 5
580 3
564 0
564 4
561 4
556 2
557 2
557 2
557 4
557 4
557 1
557 4
557 2
557 1
557 4
557 4
557 3
557 2
557 1
557 3
557 3
557 0
556 2
556 1
556 0
556 3
556 3
556 1
556 0
556 1
556 3
556 1
556 3
556 2
556 2
556 3
556 4
556 5
574 4
559 0
558 4
558 1
558 3
558 5
578 1
578 0
578 5
628 0
628 4
565 0
564 2
564 0
564 4
563 3
563 3
562 4
561 4
561 5
579 4
561 3
561 3
561 3
561 2
562 4
561 2
561 5
577 3
565 3
564 3
564 3
564 4
559 0
559 0
559 3
559 2
559 0
559 1
559 5
595 5
642 2
642 0
642 3
604 2
603 4
566 4
563 3
562 0
559 3
559 3
559 4
559 5
577 3
567 0
567 4
564 4
561 0
561 4
561 1
561 1
561 4
560 3
560 5
575 0
575 3
567 2
566 4
560 1
560 0
560 1
560 5
599 4
564 1
564 2
564 4
562 3
562 5
577 3
567 5
587 3
576 0
575 0
575 2
574 1
574 4
566 1
566 1
566 3
563 3
563 3
563 0
563 3
563 3
563 3
563 4
562 3
562 3
562 3
562 0
562 0
562 0
562 4
562 4
559 4
559 2
559 2
559 0
559 0
559 0
559 2
559 4
559 4
559 0
559 0
559 1
559 2
559 5
600 4
562 1
562 3
562 5
582 3
572 0
572 4
563 3
561 0
561 5
605 1
605 3
588 1
588 1
588 5
635 3
608 0
608 4
581 0
577 3
577 0
577 3
577 2
576 0
576 4
569 1
569 1
569 4
560 0
559 2
559 5
607 0
607 0
607 0
607 3
592 2
591 2
590 4
565 4
560 4
560 5
577 3
570 4
562 1
562 1
562 5
582 0
582 1
582 2
581 0
581 3
568 0
568 2
567 1
567 1
567 4
562 3
562 3
562 3
562 4
560 0
559 4
559 3
559 3
559 3
559 2
559 0
559 3
559 4
559 1
559 4
558 4
558 4
558 1
558 3
558 3
558 3
558 4
558 4
558 4
558 4
558 4
558 3
558 0
558 5
605 4
564 5
579 3
570 0
568 2
568 3
565 3
565 3
564 4
561 1
561 3
561 2
560 3
560 3
560 3
558 4
556 3
556 4
556 2
556 4
556 5
580 3
568 4
556 3
556 2
556 3
556 0
556 5
602 3
580 1
580 0
580 4
569 3
565 5
586 0
586 3
575 1
575 4
568 5
594 4
561 2
560 4
559 3
559 3
559 5
578 2
578 5
612 0
612 3
582 4
560 5
579 2
579 5
614 4
561 3
561 4
559 0
558 0
558 0
558 0
558 2
558 2
558 3
558 5
600 2
600 4
561 3
561 3
561 4
561 4
561 5
574 5
602 0
602 3
580 4
565 5
575 0
575 0
575 3
567 1
567 4
561 2
560 5
574 4
562 5
574 0
574 3
567 1
567 4
561 3
560 3
560 2
559 0
559 3
558 0
558 1
558 0
558 5
603 3
583 2
582 4
563 3
561 1
561 0
560 3
558 0
558 3
558 3
558 2
558 3
558 2
558 4
558 0
558 4
556 2
556 5
578 3
564 0
564 5
615 0
615 2
615 4
565 0
561 2
561 5
607 4
562 1
562 4
557 4
557 3
557 4
557 3
557 3
557 3
557 3
557 0
556 4
556 0
556 2
556 3
556 0
556 4
556 1
556 2
556 5
576 1
575 3
565 3
564 1
564 1
564 1
564 0
563 2
563 5
616 3
590 1
590 4
568 2
567 3
564 3
562 3
562 0
561 4
560 5
581 0
581 3
571 3
571 2
570 2
569 3
568 2
567 4
559 1
559 5
584 3
571 3
570 5
606 4
566 3
562 3
561 2
560 0
560 3
560 4
555 3
555 0
555 4
555 0
555 3
555 5
598 0
598 2
598 0
598 2
598 4
557 2
557 0
557 5
599 4
558 3
558 5
578 3
566 2
565 3
565 5
592 3
578 0
578 1
578 2
577 5
642 5
711 4
572 0
568 5
626 1
626 0
626 2
626 1
626 3
604 3
599 5
670 5
758 4
573 4
561 5
577 2
577 4
560 1
560 0
558 4
557 2
557 5
579 1
579 0
579 0
579 1
579 2
579 3
568 4
559 3
559 3
558 5
584 1
584 3
569 1
569 5
596 4
560 2
559 3
559 0
558 4
557 3
557 3
557 2
557 2
557 5
581 1
581 4
558 5
580 0
579 5
628 3
598 0
598 0
598 0
598 1
598 0
598 4
569 3
564 2
563 4
556 5
578 4
556 0
556 3
556 3
556 0
556 5
598 4
558 1
558 3
558 5
575 4
560 5
575 5
604 3
581 3
577 4
561 2
561 3
561 3
560 5
576 3
566 3
566 2
565 4
559 3
559 4
559 4
559 4
559 4
559 2
559 2
559 5
576 4
559 0
558 0
558 1
558 0
558 5
600 3
586 2
585 5
623 4
563 3
561 3
561 4
558 0
557 3
557 2
556 4
556 4
556 1
556 2
556 5
578 5
614 0
614 5
669 3
616 1
616 2
615 4
567 1
567 3
564 3
563 2
562 5
577 1
577 1
577 3
566 3
566 3
566 5
600 3
586 3
585 3
583 3
582 0
581 3
581 4
575 1
575 1
575 1
575 0
573 3
572 3
572 3
572 3
572 1
572 2
571 0
571 4
569 0
569 0
569 3
569 5
633 2
631 4
575 3
569 0
566 4
563 3
563 5
582 2
581 2
580 4
561 3
561 5
577 0
575 0
575 0
575 3
567 0
567 5
630 4
567 4
561 3
561 4
561 4
561 3
561 4
561 0
560 3
560 2
559 5
603 2
603 4
559 4
559 0
558 2
558 2
558 5
602 2
602 5
654 3
608 5
655 4
566 0
564 4
563 3
562 5
582 4
560 5
578 0
577 4
563 5
576 3
566 3
566 3
565 4
559 1
559 2
559 4
558 1
558 5
577 4
558 5
577 4
558 5
577 0
576 5
620 0
620 0
620 4
563 5
578 3
564 5
590 3
575 1
575 0
575 0
575 4
565 0
564 3
564 4
561 5
581 4
562 0
558 5
606 4
565 4
564 3
564 1
564 0
561 4
560 3
559 5
583 4
559 3
559 5
581 1
581 1
581 2
581 2
581 0
580 0
580 0
580 5
631 4
562 5
579 2
579 1
579 2
579 5
614 4
561 5
576 0
576 0
576 2
576 0
576 0
576 2
576 4
560 5
578 2
578 5
614 2
614 4
561 5
577 2
577 0
577 0
577 4
560 1
560 3
560 2
560 0
559 3
559 5
602 2
602 1
602 4
559 2
559 3
558 3
558 1
558 0
558 2
558 3
558 4
557 3
557 4
557 0
557 5
602 1
602 0
602 2
602 2
602 2
602 0
602 2
602 2
602 5
652 4
560 4
560 4
560 3
560 4
559 2
559 0
557 3
557 5
599 0
599 1
605 5
648 2
648 2
648 3
606 5
658 4
567 1
567 4
564 0
562 4
558 3
557 4
557 3
557 0
557 4
557 4
557 4
557 1
557 5
579 1
577 3
565 0
565 2
565 5
617 1
617 0
617 0
617 4
568 4
563 3
563 5
576 3
565 0
564 3
564 0
563 4
562 4
558 1
558 0
558 4
558 3
558 5
578 4
558 4
558 5
578 3
563 2
562 3
562 0
562 2
562 5
614 3
586 3
583 4
564 3
563 4
558 4
558 4
558 4
558 5
576 0
576 2
576 1
576 4
562 5
584 4
561 4
561 1
561 5
583 4
562 3
562 3
562 3
562 0
560 4
560 0
559 3
558 3
558 3
558 2
558 3
558 3
558 3
558 4
558 5
582 1
582 3
566 4
558 3
558 4
558 4
558 0
558 2
558 3
558 0
558 0
558 3
558 2
558 5
604 4
562 2
562 3
561 0
559 3
559 4
557 2
557 5
576 4
559 4
559 4
559 4
559 3
559 3
559 4
559 3
559 0
558 3
558 5
601 3
580 5
624 3
607 3
603 0
602 3
601 4
579 5
599 1
600 4
563 5
580 2
579 3
566 3
565 0
564 0
564 1
564 3
564 3
564 0
564 1
564 0
564 4
563 0
563 4
562 0
562 2
562 0
562 4
562 4
556 4
556 0
556 2
556 0
556 0
556 3
555 4
555 0
555 5
602 4
558 3
558 0
557 0
557 4
556 5
579 4
558 4
558 0
557 3
557 4
555 4
554 4
554 3
554 0
554 2
554 0
554 0
554 3
554 4
554 0
554 4
554 4
554 0
554 0
554 3
553 4
553 2
553 3
553 4
553 2
553 3
553 3
553 4
553 0
553 1
553 0
553 0
553 3
553 2
553 3
553 4
553 0
553 4
553 5
576 2
576 0
576 4
560 1
560 0
558 0
558 3
557 0
557 3
557 4
556 3
556 3
556 3
556 4
553 3
553 5
575 4
557 0
555 3
555 4
553 2
553 3
553 1
553 0
553 4
553 4
553 2
553 5
577 2
577 5
617 5
669 3
618 2
617 3
601 5
648 2
646 3
624 5
693 2
691 4
577 3
570 0
568 1
568 4
564 2
563 2
562 0
562 0
562 5
620 4
570 3
568 0
565 4
562 4
558 5
584 5
625 3
588 4
566 3
565 0
563 3
562 5
611 2
611 5
670 4
570 4
565 3
565 5
583 5
616 4
562 5
580 3
566 5
589 4
559 3
558 4
558 4
558 0
558 2
558 2
558 2
558 1
558 -1
2619 4
2619 0
1634 2
1613 5
1692 5
1805 4
803 5
752 2
739 4
692 4
687 3
666 2
659 0
645 0
645 1
647 2
645 2
648 4
621 0
617 0
617 4
611 0
608 4
607 3
606 0
604 3
603 0
603 5
637 5
671 3
645 2
644 2
643 5
674 1
675 2
674 5
724 4
619 1
621 5
631 5
652 4
604 3
603 4
597 3
597 5
613 4
598 0
595 1
608 5
630 4
597 2
596 1
598 2
598 0
593 2
595 2
598 4
591 5
607 1
609 5
635 3
607 1
607 1
608 4
595 4
594 3
591 4
591 3
590 1
595 5
605 0
605 1
605 3
597 0
596 1
597 4
588 4
584 0
583 0
583 0
583 1
586 2
583 3
583 2
583 1
586 2
588 3
583 1
587 3
584 5
621 3
609 4
590 4
587 1
590 5
603 1
604 3
592 0
592 5
634 0
634 0
634 2
638 3
619 0
617 2
619 0
619 4
602 4
589 4
589 4
589 1
589 4
589 5
610 5
639 1
639 0
639 1
640 4
590 5
603 3
593 3
589 0
588 0
588 4
585 0
583 3
582 5
621 2
624 4
584 0
582 2
587 4
583 5
598 2
603 0
603 2
603 0
603 0
603 5
645 4
587 0
584 3
583 4
583 1
585 0
583 5
624 5
669 0
669 0
669 3
630 4
590 2
589 5
603 4
583 2
584 3
583 0
581 0
581 5
622 4
583 1
586 3
582 0
581 3
581 3
581 1
581 1
582 3
582 4
581 1
581 0
580 5
621 5
665 4
587 4
587 1
591 0
585 3
584 4
579 5
599 5
627 0
627 4
585 2
586 5
600 1
601 0
601 5
645 0
645 4
583 1
585 1
585 4
583 5
600 5
630 2
631 2
639 3
601 5
631 4
581 5
598 1
599 0
598 0
598 2
598 4
578 3
577 1
577 3
577 0
577 4
577 5
600 3
584 3
584 3
584 3
584 4
577 3
577 3
577 2
578 0
578 1
581 3
578 3
578 5
616 5
659 1
658 2
657 5
700 2
707 2
707 0
707 1
716 4
606 4
605 3
601 2
602 0
596 4
586 0
583 2
583 0
583 3
582 4
582 5
598 0
598 4
580 1
582 1
582 0
581 4
580 4
579 3
579 0
579 1
579 5
610 0
610 0
610 1
618 4
590 5
591 4
580 2
583 5
596 2
596 4
583 0
583 1
581 4
579 1
581 0
581 0
581 5
614 3
600 1
602 5
631 2
629 4
581 4
577 4
577 3
577 5
592 3
582 0
581 5
618 3
598 0
597 0
597 4
584 4
578 2
577 5
594 5
622 1
622 4
578 0
577 0
577 2
577 5
615 3
597 5
632 2
630 0
630 2
630 0
630 2
630 2
631 2
633 1
633 3
611 4
585 3
580 5
594 0
594 4
577 1
579 4
574 0
572 0
572 0
572 3
572 0
572 0
572 0
572 4
572 4
572 0
572 2
575 2
580 2
585 0
585 2
585 4
581 3
573 4
573 2
576 2
576 2
577 5
592 5
618 0
618 3
589 0
586 0
586 5
639 5
698 4
584 1
589 5
588 0
586 1
587 3
581 4
578 4
574 3
573 5
588 3
576 3
576 0
576 5
625 0
625 2
626 5
681 5
746 0
746 4
582 4
578 5
582 4
571 4
571 3
569 5
583 4
568 1
568 3
568 4
567 5
583 0
583 1
583 5
627 4
569 4
568 4
568 4
568 0
568 3
568 0
568 3
568 5
604 2
604 2
604 4
569 4
568 4
568 5
578 4
567 0
567 1
572 4
571 4
571 4
571 2
572 0
568 1
569 4
566 5
579 2
583 1
585 4
568 0
567 3
566 2
569 2
575 2
583 5
610 2
610 4
577 0
574 1
574 5
608 3
585 2
584 3
581 1
581 4
566 4
566 5
580 1
580 1
580 0
577 0
577 3
571 0
569 5
614 3
593 3
591 5
635 2
633 4
573 0
568 5
619 0
619 3
598 3
597 0
597 4
583 0
582 1
583 3
582 1
582 4
574 2
573 1
573 5
596 2
596 4
567 3
566 4
563 5
577 2
577 4
562 5
580 5
618 0
618 3
594 4
568 4
566 0
563 1
564 0
564 5
611 5
664 1
664 1
664 4
570 5
582 0
581 3
571 5
612 3
594 3
592 5
645 2
643 0
643 4
578 0
574 0
574 5
634 4
573 2
572 2
571 1
571 3
571 4
563 2
563 5
580 0
580 4
561 1
563 4
562 0
561 1
561 3
560 4
560 2
561 3
560 3
560 0
560 2
563 4
561 4
561 2
561 1
561 0
560 2
564 1
564 0
564 0
564 3
562 5
599 0
599 4
563 1
563 5
578 4
561 2
561 0
561 2
564 4
560 4
560 5
576 5
603 3
578 1
579 3
575 4
563 2
562 3
562 5
577 4
560 5
576 1
578 2
577 3
565 4
560 0
560 4
560 0
560 4
560 5
576 5
603 4
560 0
560 4
560 2
560 4
560 2
561 4
561 4
561 4
561 4
561 4
561 4
561 5
578 5
607 3
577 5
601 3
590 1
591 5
630 2
627 4
569 4
565 3
564 3
564 0
563 5
606 1
606 1
606 2
605 0
605 2
605 4
565 4
565 3
565 3
565 4
564 2
565 5
580 4
564 2
565 4
565 5
580 0
580 5
621 0
621 3
592 4
564 0
564 4
564 0
564 4
564 3
564 3
564 2
563 4
563 3
563 5
576 5
603 2
605 1
607 0
607 3
585 5
619 5
668 4
574 3
570 3
570 3
570 1
570 3
570 5
582 5
612 0
612 1
614 2
612 3
595 3
590 2
589 3
586 5
635 2
631 2
629 0
628 4
575 0
571 4
568 1
570 1
570 0
570 0
570 2
569 2
569 1
569 0
569 4
568 3
568 3
568 0
568 1
568 5
617 0
617 3
601 5
660 4
575 0
571 0
571 4
571 3
570 5
587 3
575 1
576 0
576 2
575 3
575 3
574 4
571 4
562 5
581 5
618 3
594 0
594 0
593 3
589 1
589 0
589 0
589 4
574 3
574 4
563 2
562 4
561 3
561 4
561 0
561 3
561 3
561 3
561 3
561 4
560 3
560 5
577 1
577 0
577 4
563 2
563 3
563 0
560 1
561 3
560 0
560 4
560 4
560 0
560 0
560 3
560 4
560 0
560 1
562 4
561 2
561 0
561 5
604 5
656 4
568 0
566 1
566 2
568 5
611 2
611 2
611 5
669 3
636 4
574 2
571 4
566 4
565 3
565 4
564 4
564 5
575 2
575 3
569 1
569 3
569 3
569 0
568 1
568 3
568 3
568 0
568 2
567 4
565 3
565 3
565 2
564 1
564 4
561 0
561 3
561 2
561 4
561 0
561 3
561 1
566 5
600 3
586 4
563 0
562 5
605 5
661 2
661 5
720 3
653 1
653 0
653 3
639 3
632 4
587 1
587 3
579 5
599 0
596 4
572 5
589 0
588 2
587 0
587 2
587 3
579 4
570 5
597 3
586 1
586 4
570 3
568 3
568 5
588 1
588 0
588 1
588 4
566 3
566 3
566 4
564 3
563 0
561 3
561 2
560 4
560 5
589 0
589 1
589 4
560 5
585 4
561 0
559 0
559 3
559 2
559 4
559 3
559 0
559 2
559 4
559 1
559 2
561 2
561 0
560 5
608 4
563 3
563 4
560 3
560 4
560 1
560 4
560 4
560 4
560 5
583 3
569 4
560 3
559 3
559 4
559 2
559 5
581 4
559 3
559 0
557 5
601 1
603 2
602 0
601 3
585 3
581 4
561 3
561 0
561 0
561 5
611 0
611 0
611 4
562 3
560 3
560 1
560 0
559 2
559 5
603 4
562 4
561 4
561 0
560 0
560 2
560 0
560 1
560 2
560 5
602 3
589 3
587 0
587 5
664 4
573 4
561 4
561 4
561 5
580 3
568 4
561 2
561 3
561 3
561 5
579 5
619 3
588 5
627 2
625 1
625 4
568 4
566 4
566 5
584 4
565 0
562 5
607 0
607 1
607 4
565 1
565 4
565 3
564 4
564 1
564 0
560 0
560 0
560 4
560 4
560 5
580 5
618 3
591 0
590 4
579 4
569 4
568 4
568 4
568 4
568 3
567 3
567 0
563 2
563 3
563 4
561 5
582 5
623 4
564 4
564 3
563 4
563 4
563 1
563 3
563 4
563 3
563 4
563 2
563 5
580 4
564 3
564 1
564 1
564 4
564 5
580 5
615 3
586 4
567 1
567 4
566 1
566 5
582 0
582 5
631 4
567 3
566 4
566 5
582 5
612 4
564 3
563 4
563 0
562 3
562 4
561 3
561 0
561 4
561 0
561 4
561 5
576 1
576 0
576 2
576 0
576 4
564 5
581 5
615 4
566 4
566 5
576 0
575 1
575 4
564 0
564 0
564 5
601 0
601 3
586 4
569 4
565 5
578 4
564 5
577 3
570 5
598 0
596 4
566 0
565 3
564 4
564 0
564 3
564 3
564 3
564 3
564 5
601 0
601 0
601 2
601 1
601 3
588 3
586 3
586 3
586 4
566 2
565 0
564 0
564 0
564 0
564 4
564 3
564 0
563 5
605 1
605 4
563 3
562 4
561 3
561 4
561 0
561 4
561 5
578 0
578 4
561 4
561 2
561 5
578 3
567 3
567 3
566 2
565 2
564 3
564 4
562 5
577 3
569 5
595 2
593 4
563 5
577 2
577 0
576 2
576 4
562 1
562 4
561 3
560 3
560 4
560 5
576 4
560 0
560 0
560 5
600 4
561 0
561 3
561 3
561 3
561 2
560 4
560 2
560 1
560 4
560 0
560 4
560 5
576 2
576 3
568 5
594 3
580 5
620 3
601 3
598 4
567 5
586 0
585 2
585 3
574 3
574 5
629 3
605 3
602 0
602 3
602 4
583 0
582 4
572 1
572 3
571 4
562 0
561 5
611 3
589 4
568 4
564 4
564 2
564 1
564 1
564 3
564 2
564 2
564 2
564 3
561 4
561 4
561 0
560 0
560 2
560 3
560 5
608 1
608 3
589 4
565 4
560 5
582 1
582 5
620 0
620 3
588 3
585 5
632 2
630 1
630 2
628 5
696 2
693 4
571 4
565 2
565 0
563 3
563 2
563 4
563 4
562 2
562 4
562 1
562 3
560 5
583 5
619 5
668 4
563 4
563 4
563 2
563 4
563 0
561 5
600 1
600 2
599 1
599 3
584 4
563 4
562 3
561 4
561 2
561 5
576 3
568 1
568 2
567 5
591 3
578 4
564 0
564 3
564 3
563 3
563 4
560 5
580 4
560 4
558 5
574 1
574 4
558 0
558 3
558 4
558 4
558 5
574 3
563 1
563 1
563 3
563 3
563 3
563 5
589 4
563 5
578 3
567 4
560 4
559 0
558 2
558 2
558 1
558 3
558 3
558 3
558 4
558 3
558 5
575 4
559 3
559 5
574 4
559 3
559 1
559 4
559 3
559 5
574 4
559 4
559 0
558 5
600 1
600 0
600 2
600 2
600 5
652 2
652 5
712 4
569 4
568 5
579 4
564 1
564 4
564 3
563 2
563 3
563 5
577 3
567 2
566 3
565 2
564 3
563 3
563 3
563 2
563 1
563 4
561 2
560 3
560 2
560 4
560 3
560 3
560 4
560 3
560 0
558 4
558 0
558 2
558 2
558 2
558 3
558 4
558 0
558 2
558 3
558 3
558 4
558 1
558 3
558 5
573 1
573 2
572 5
603 3
578 5
611 1
611 4
564 0
563 3
563 4
561 5
578 3
571 4
561 0
561 2
561 0
561 2
561 0
561 3
561 2
561 0
561 2
561 0
561 4
559 1
559 1
559 3
559 0
559 2
559 4
559 5
577 3
568 2
567 4
558 4
558 2
558 0
558 0
558 3
558 2
558 2
558 3
558 1
558 3
558 4
558 4
558 3
558 0
558 0
558 2
558 0
558 4
558 4
558 5
577 4
560 3
560 3
560 2
559 3
559 2
559 5
574 2
574 0
573 3
564 4
560 4
558 0
558 3
558 4
558 4
558 3
558 3
558 3
558 4
558 3
558 5
574 5
603 4
560 0
559 0
559 3
559 1
559 3
559 3
559 4
559 3
559 5
574 4
560 1
560 5
575 1
575 4
560 3
559 1
559 3
559 3
559 5
575 5
603 3
581 4
559 4
558 5
575 3
566 4
559 0
559 4
558 1
558 4
558 3
558 0
558 4
558 4
558 2
558 4
558 5
572 3
566 1
566 1
566 4
558 0
558 0
558 3
558 0
558 1
558 3
558 4
558 3
558 3
558 4
558 4
558 2
558 3
558 0
558 5
599 4
559 2
559 4
559 4
559 0
558 3
558 3
558 5
600 0
600 4
560 5
573 5
605 1
605 0
605 1
605 1
605 3
582 0
581 3
579 5
644 0
644 4
571 4
561 3
561 0
560 2
560 3
559 5
601 3
583 1
583 5
625 2
623 2
621 5
679 2
679 3
641 0
641 4
582 3
576 0
576 3
575 3
574 3
574 4
571 5
596 0
596 3
581 3
580 4
571 0
569 3
569 3
569 2
569 2
569 2
569 5
626 3
605 3
601 3
601 4
571 4
561 4
561 4
561 1
561 0
561 4
561 3
561 3
560 4
559 4
558 4
558 2
558 0
558 2
558 1
558 0
558 2
558 0
558 1
558 3
558 3
558 0
558 3
558 4
558 2
558 1
558 4
558 3
558 3
558 3
558 3
558 0
558 1
558 2
558 3
558 5
605 3
588 2
587 2
586 4
566 5
583 0
583 0
583 3
574 1
574 1
574 4
566 5
582 0
582 4
564 0
564 5
611 3
595 1
595 0
594 2
593 1
593 4
580 5
593 3
581 5
615 0
615 1
615 3
595 1
595 5
659 5
749 3
697 3
679 2
676 3
673 3
670 3
669 3
668 1
668 3
668 3
665 4
587 5
602 2
601 4
569 4
564 2
564 0
563 4
563 4
563 2
563 2
563 3
562 3
562 1
562 0
562 3
562 3
562 0
562 2
562 0
562 2
562 4
559 0
559 1
559 3
559 5
605 4
564 3
563 4
562 4
561 4
561 2
561 0
559 1
559 1
559 3
558 5
599 5
651 3
615 1
615 3
606 1
606 4
564 4
561 3
559 3
558 0
558 5
601 3
583 5
629 4
564 5
581 2
581 4
562 0
561 3
559 0
559 4
559 3
559 4
559 4
559 0
559 5
604 5
658 4
568 3
568 3
567 3
567 1
567 3
567 1
567 1
567 1
567 3
567 2
567 0
562 4
560 4
559 1
559 2
559 2
559 0
558 2
558 2
558 2
558 0
558 0
558 4
558 3
558 4
558 5
575 1
575 2
575 0
575 2
575 3
565 3
565 3
565 3
565 3
565 1
565 0
565 5
614 5
670 1
666 3
623 3
614 4
570 2
569 2
568 5
582 1
581 3
572 2
571 4
564 3
563 0
562 5
611 3
589 4
570 1
570 1
570 0
570 4
566 2
565 0
565 2
565 0
565 1
565 3
564 0
564 1
564 3
564 3
564 4
561 0
560 1
560 4
560 3
560 2
559 0
559 3
559 4
559 4
558 2
558 2
558 4
558 2
558 2
558 3
558 3
558 3
558 0
558 4
558 3
558 3
558 5
578 4
563 2
562 0
559 3
558 3
558 0
558 2
558 3
558 3
558 4
558 2
558 0
558 2
558 0
558 3
558 0
558 0
558 1
558 0
558 3
558 4
557 1
557 0
557 4
557 3
557 0
557 0
557 3
557 2
557 3
557 2
557 4
557 2
557 0
557 3
557 3
557 5
599 1
599 0
599 3
582 3
580 4
562 2
561 4
559 3
559 4
559 1
559 3
559 5
578 5
612 3
582 1
582 2
581 2
580 0
580 0
580 2
579 3
577 3
576 2
575 3
575 5
639 3
615 3
614 0
614 3
612 3
612 5
717 2
715 0
715 0
715 1
715 4
582 4
566 2
565 4
565 4
565 3
563 2
562 0
559 5
608 3
586 4
562 0
561 2
561 3
561 1
561 5
609 4
563 3
562 3
562 1
562 4
560 1
560 4
560 4
560 4
560 5
574 2
574 0
573 0
573 4
558 3
558 1
558 2
557 1
557 2
557 4
557 2
557 4
557 5
574 3
564 2
563 4
557 4
557 5
573 5
611 0
611 4
558 1
558 5
573 4
557 4
557 4
557 0
556 5
601 0
601 1
601 3
583 1
583 5
628 3
609 3
607 1
607 2
606 0
606 2
605 3
605 2
604 2
603 5
696 4
579 4
562 5
577 5
613 4
563 3
563 4
563 2
562 2
562 4
562 5
576 2
576 4
561 3
561 3
561 1
561 0
560 5
609 2
609 1
609 0
609 4
568 3
568 5
581 1
581 4
565 0
563 4
562 1
562 3
562 4
561 1
561 3
560 4
560 1
560 1
560 0
560 0
560 1
560 1
560 4
559 3
559 4
559 4
559 2
559 3
559 2
559 4
559 3
559 3
559 2
559 1
559 2
559 4
559 3
559 3
559 5
574 0
574 1
574 5
624 4
566 3
564 1
564 3
563 3
563 0
560 4
559 2
559 3
559 4
558 4
558 4
558 5
582 4
561 0
558 4
558 5
583 3
566 2
565 5
598 4
562 4
560 3
560 4
560 2
559 5
582 0
581 5
628 4
566 4
566 4
566 5
582 3
568 4
562 3
562 0
561 4
560 2
560 2
560 1
560 5
579 5
613 0
613 4
566 4
566 0
562 0
562 4
561 1
561 0
560 0
560 4
560 0
560 0
560 3
560 4
560 4
560 1
560 4
560 0
560 4
560 2
560 5
579 3
568 3
568 4
560 1
560 0
560 1
560 3
560 3
560 2
560 2
560 3
560 2
560 3
560 5
602 2
602 0
602 0
602 5
650 0
650 1
650 4
569 1
569 1
569 0
564 0
564 2
564 2
564 -1
2619 1
2619 3
1369 2
1369 1
1369 4
1369 0
964 5
998 0
998 3
773 4
749 5
726 2
727 0
687 0
687 2
690 2
697 4
663 5
660 3
635 5
636 1
636 1
640 0
633 4
617 1
622 5
627 1
628 5
647 4
617 4
617 0
615 1
616 3
610 2
609 1
616 3
614 4
608 2
609 3
604 1
604 5
614 0
614 5
646 4
605 5
616 4
604 5
615 0
615 5
647 0
647 4
603 5
614 5
635 5
665 4
606 5
616 4
605 3
604 2
607 4
607 3
605 2
607 0
604 3
603 2
608 2
613 4
608 5
616 5
638 1
639 2
638 5
662 5
695 1
695 0
695 2
700 4
611 5
625 2
632 0
631 5
659 1
659 0
659 3
620 1
620 4
603 5
615 1
623 5
637 3
619 4
608 4
607 3
605 1
609 5
609 4
603 3
603 2
606 5
613 5
632 5
659 5
686 3
625 5
636 3
616 0
612 0
612 5
666 0
666 5
720 3
669 0
667 3
658 3
655 4
604 2
600 5
616 2
614 0
613 5
674 5
745 0
745 5
820 2
815 5
893 5
976 1
976 5
1059 5
1140 4
639 0
616 4
601 4
594 5
602 4
593 3
592 4
592 2
593 4
592 4
592 4
592 5
601 4
591 1
594 3
591 4
589 4
588 4
588 0
584 5
617 0
617 2
619 1
621 3
605 0
605 3
596 1
600 4
589 4
579 4
579 0
579 3
579 5
618 2
622 4
585 1
590 2
585 2
586 4
585 1
585 4
585 0
582 5
621 5
660 4
585 4
585 4
585 4
585 5
599 3
581 0
579 0
579 5
618 0
618 3
598 1
603 0
600 5
657 5
722 5
794 0
794 1
794 4
593 4
583 4
583 2
584 1
584 1
586 4
584 0
575 5
612 5
655 5
703 0
703 0
703 1
702 4
582 4
581 4
581 3
579 0
578 4
577 4
577 0
577 3
577 1
578 3
577 5
609 5
648 4
581 5
594 2
600 4
580 4
580 4
580 1
582 5
595 0
594 5
632 2
632 3
607 5
642 4
585 3
583 4
582 2
583 3
582 2
583 5
600 5
619 0
619 4
581 5
599 2
599 2
601 3
590 3
587 0
585 1
588 4
583 3
580 4
576 0
575 0
575 0
575 3
575 4
575 0
575 3
575 4
575 1
575 0
575 5
609 5
647 4
580 1
581 2
580 4
580 3
580 0
579 4
579 5
590 2
595 3
581 0
581 3
580 1
591 1
592 0
583 1
584 3
584 1
586 3
584 3
584 4
582 2
581 1
581 3
579 4
578 1
580 5
592 2
592 0
592 3
586 3
584 3
584 4
580 4
579 1
579 2
579 1
579 1
579 4
579 4
579 5
593 4
578 2
579 4
579 3
578 2
579 3
578 0
578 4
578 2
581 3
581 2
580 2
583 3
582 0
582 3
580 3
580 4
577 5
591 3
582 2
581 4
577 0
577 1
577 4
576 3
576 5
589 5
610 4
578 4
578 1
578 5
591 5
615 1
616 5
651 1
653 1
654 2
652 2
651 0
651 1
652 1
654 4
581 1
581 4
579 1
579 1
581 4
580 2
581 3
581 4
580 4
580 1
586 4
585 2
586 1
589 4
588 0
579 2
586 1
590 5
618 0
618 5
653 4
582 0
581 4
581 5
596 0
596 5
634 2
634 5
672 4
586 3
584 4
584 4
584 5
594 3
585 1
585 3
585 5
599 4
581 1
585 1
585 5
599 3
589 0
589 1
589 2
592 2
594 0
594 0
594 4
582 0
580 2
579 4
579 3
579 4
578 5
592 3
581 0
581 1
581 3
581 4
580 1
582 4
578 0
577 5
615 4
576 3
576 4
576 3
576 4
576 1
579 2
576 3
576 1
576 1
578 3
576 4
576 1
579 5
594 4
576 0
576 1
577 3
577 1
579 4
577 3
577 4
577 5
593 4
577 1
577 2
577 3
577 2
578 4
578 5
594 3
582 1
586 4
580 4
580 4
580 2
581 3
577 5
595 2
597 4
578 3
578 5
594 0
593 4
576 1
576 4
576 1
579 3
576 5
594 5
620 2
626 5
663 3
619 4
587 4
584 2
585 1
585 0
583 4
580 2
580 5
596 4
580 1
580 3
580 3
580 5
597 0
596 4
578 2
579 1
579 4
578 0
578 1
579 3
577 4
577 2
577 5
595 0
595 2
595 1
595 4
577 3
577 5
595 3
584 0
581 5
622 3
605 5
650 5
707 2
704 3
670 4
591 1
591 4
582 4
582 0
580 1
582 5
627 5
681 0
681 0
681 3
638 3
629 4
580 4
577 5
596 5
624 5
663 4
579 3
579 2
578 3
578 0
578 0
578 4
577 4
576 1
578 0
577 4
577 2
578 3
577 4
577 5
593 4
576 4
576 1
576 5
594 2
598 1
598 4
578 2
579 0
579 2
579 4
577 0
577 4
577 4
577 3
577 3
577 4
577 2
577 4
577 3
577 4
577 2
580 0
579 0
579 0
579 3
579 5
615 2
615 5
657 3
623 4
585 2
584 3
580 5
591 1
591 5
618 2
618 0
618 4
578 5
593 4
579 0
579 3
577 3
577 1
577 4
575 4
574 3
574 4
574 5
586 4
573 2
573 4
573 3
573 5
587 5
611 3
590 2
589 1
593 3
586 3
586 5
615 5
657 0
657 4
581 0
581 1
582 5
631 1
632 3
613 3
610 0
610 0
610 0
610 0
610 5
693 5
780 1
780 1
782 5
880 1
881 1
882 2
877 1
877 3
810 0
810 1
811 3
792 0
792 5
977 4
610 4
590 3
584 1
584 1
584 0
579 4
578 0
575 5
621 5
675 2
674 0
674 5
734 2
733 0
733 3
669 4
584 0
580 5
625 5
681 1
684 2
683 1
682 1
682 5
740 4
585 2
584 3
582 0
580 4
578 1
578 3
578 5
589 4
578 0
577 4
575 4
574 1
580 2
574 0
574 3
574 2
574 3
574 4
574 4
574 3
574 3
574 3
574 2
574 2
574 3
574 3
574 3
574 0
573 3
573 4
573 2
574 4
573 2
574 5
593 4
574 1
574 2
575 4
575 4
575 5
592 0
592 0
592 5
633 1
634 4
575 4
575 4
575 3
574 3
574 2
574 2
574 3
574 2
575 2
578 5
592 1
592 3
578 3
577 0
577 4
577 3
577 4
575 5
589 2
589 4
576 5
586 2
586 4
576 4
576 4
576 1
576 3
576 2
576 0
575 4
574 3
574 4
574 4
574 2
574 1
574 3
574 4
574 2
575 3
574 5
588 4
575 4
575 4
575 0
574 5
609 4
576 1
576 4
576 0
575 5
610 4
575 0
575 1
575 2
575 0
575 3
575 1
576 0
576 3
576 0
576 1
577 2
576 3
576 4
575 4
575 3
575 3
575 5
589 5
615 0
615 2
615 1
615 5
659 3
616 3
610 1
610 0
608 3
606 2
604 4
585 5
601 2
601 2
601 3
591 3
589 4
579 1
579 4
575 4
575 2
575 3
574 5
590 1
590 1
590 3
578 1
578 5
610 3
595 4
570 0
570 4
567 4
567 3
567 0
567 1
567 5
615 1
617 5
666 5
722 3
667 4
589 4
587 2
581 3
581 4
579 4
579 4
579 5
587 3
578 0
577 0
577 5
626 3
605 2
604 1
604 4
571 1
574 4
569 1
569 4
569 4
569 0
569 2
573 0
573 2
573 2
573 4
569 1
569 2
569 5
586 3
576 1
589 1
589 3
577 4
570 2
569 0
569 2
569 0
569 3
568 4
568 4
568 3
568 2
568 4
568 3
568 3
568 0
568 2
568 0
568 4
568 5
587 1
587 4
571 0
571 1
571 0
571 3
571 4
571 0
571 4
570 4
570 1
570 3
570 0
570 4
570 0
570 5
610 4
574 4
573 3
573 4
573 0
569 0
569 5
607 2
607 3
592 4
571 2
571 3
571 0
571 5
610 3
594 5
638 2
636 0
636 4
579 4
573 1
573 5
588 2
588 4
570 5
587 4
570 5
587 3
575 0
575 2
576 0
576 3
575 0
575 1
575 1
575 3
575 4
572 2
571 2
570 5
590 1
590 4
572 3
571 5
585 1
585 3
573 5
597 4
571 1
571 4
570 5
586 4
569 5
586 5
615 5
653 0
653 1
652 3
617 1
617 4
573 4
571 0
569 4
568 0
568 0
568 4
568 3
568 4
568 4
568 3
568 4
568 4
568 3
568 1
570 3
568 4
568 5
586 5
616 5
652 0
652 4
571 4
571 4
571 4
571 0
571 0
571 0
571 1
572 4
571 2
571 5
588 5
617 1
617 3
589 0
589 0
589 4
579 0
578 2
578 4
578 2
577 4
574 0
574 0
574 5
619 2
619 2
619 4
574 4
573 5
590 4
572 1
572 3
572 3
572 1
572 5
588 0
588 5
632 2
632 3
597 2
596 0
596 4
579 4
572 1
572 0
571 4
571 1
571 4
571 2
571 3
571 5
587 2
588 5
616 3
587 3
585 5
620 4
574 4
570 4
569 3
569 3
569 5
590 4
569 3
569 4
569 4
569 1
569 3
569 5
590 0
590 4
569 3
569 3
569 4
569 2
569 5
586 5
615 5
658 0
658 4
570 4
570 0
568 4
568 5
589 4
569 2
570 2
570 3
569 5
585 3
575 0
575 3
575 3
575 4
572 2
571 0
571 2
571 2
571 2
571 5
615 2
615 2
615 1
615 3
599 0
598 2
597 4
576 4
568 4
567 3
567 0
567 3
567 3
567 0
567 3
567 4
567 2
568 2
568 0
568 4
565 3
565 1
565 4
565 2
565 1
565 3
565 5
581 0
581 2
581 3
572 3
572 4
565 2
565 0
565 2
565 4
565 3
565 5
582 2
582 2
582 4
567 4
566 4
566 0
565 4
565 0
565 4
565 4
565 2
565 2
565 3
565 1
565 3
565 0
565 4
565 2
565 0
565 5
608 1
608 4
568 0
566 2
566 3
566 1
566 2
566 2
566 4
566 0
566 2
566 3
566 5
607 3
593 4
568 0
568 2
567 1
567 1
567 0
567 2
567 5
611 4
569 5
585 5
616 3
589 4
568 3
568 3
568 0
568 4
568 4
567 0
567 2
567 2
567 4
567 0
567 3
567 4
566 4
566 0
566 5
608 4
568 2
568 0
566 0
566 4
566 4
566 1
566 3
566 5
583 4
567 4
567 5
582 2
582 3
573 4
567 1
567 2
567 2
567 2
567 1
567 2
567 4
567 4
567 0
567 3
567 1
567 5
606 4
569 4
569 5
584 0
584 4
569 3
569 5
582 5
611 2
611 1
611 1
611 3
588 4
570 4
568 1
568 1
568 0
568 1
568 4
568 5
581 4
568 2
568 4
568 4
568 5
581 4
568 5
581 3
571 4
567 2
567 5
580 5
611 4
569 3
569 4
569 4
569 0
569 5
609 1
609 0
609 3
597 4
570 4
568 3
568 3
568 2
568 4
568 5
582 1
582 5
615 2
615 5
658 3
614 4
571 0
569 2
568 3
568 3
568 4
568 5
584 0
584 5
634 2
634 2
634 0
634 1
634 1
634 4
569 5
581 4
568 2
568 3
567 4
567 3
567 5
583 0
583 1
583 1
583 4
568 2
568 0
567 3
567 2
567 4
567 0
567 4
567 4
567 1
567 0
567 0
567 4
567 2
567 2
567 1
567 4
567 1
567 4
567 3
567 3
567 0
567 4
566 4
566 4
566 1
566 0
566 4
566 0
566 1
566 2
566 4
566 1
566 3
566 4
566 4
566 1
566 3
566 0
566 4
566 3
566 1
566 4
566 5
581 1
581 1
581 4
567 2
567 1
567 2
567 1
567 0
567 4
567 4
567 3
567 1
567 5
582 2
582 4
567 1
567 5
584 4
567 2
567 3
567 5
582 0
582 3
573 4
566 3
566 2
566 4
566 2
566 0
566 0
566 1
566 3
566 5
606 3
591 3
591 0
590 4
575 0
575 3
575 3
575 1
575 2
574 2
574 1
574 5
626 1
626 1
626 4
573 4
567 5
583 4
569 0
568 4
567 5
585 1
585 3
575 3
574 4
567 5
584 4
567 2
567 4
567 5
584 3
575 0
575 4
571 3
570 5
585 4
568 2
567 4
567 3
567 1
567 3
567 5
583 2
583 3
574 1
574 3
574 4
567 3
567 3
567 0
567 4
567 2
567 2
567 3
567 3
567 0
567 5
608 0
608 4
570 0
568 0
568 1
568 5
612 5
666 2
665 1
665 4
572 1
572 0
568 0
568 0
568 5
611 3
594 4
571 5
583 3
574 0
574 3
574 4
571 4
567 2
567 0
567 5
613 2
613 0
613 4
568 3
567 3
566 4
566 4
566 0
566 0
566 2
566 4
566 4
566 0
566 2
566 3
566 1
566 2
566 0
566 0
566 3
566 2
566 2
566 3
566 3
566 2
566 1
566 4
566 4
566 5
581 0
581 1
581 0
581 3
572 0
572 0
572 4
570 3
569 3
568 4
566 4
566 3
566 3
566 4
566 0
566 4
566 5
581 1
581 2
581 3
573 5
602 3
584 0
582 0
582 4
575 5
593 2
591 5
629 2
626 3
593 4
577 1
577 1
577 3
571 4
568 2
568 5
585 2
585 0
585 5
636 4
569 1
569 0
568 0
568 1
568 1
568 5
612 5
665 1
659 5
715 4
577 4
576 3
573 3
573 3
572 0
570 2
570 0
570 3
570 0
570 3
570 3
570 1
570 2
569 2
569 1
569 5
612 4
569 0
569 4
569 3
569 5
584 3
573 0
573 2
572 0
572 3
572 4
571 5
587 4
570 5
588 3
576 0
576 0
576 3
575 2
574 0
574 5
625 5
685 0
685 2
685 0
685 4
576 4
574 3
572 1
572 5
587 5
617 2
617 3
590 4
573 3
572 5
588 0
588 1
588 5
640 4
573 2
572 4
571 3
571 1
571 0
571 4
571 1
571 5
588 0
588 0
588 0
588 4
571 4
571 0
570 5
614 2
614 0
614 0
614 2
614 2
614 4
572 3
572 0
572 2
572 3
572 5
617 5
668 4
574 5
588 5
623 4
572 3
572 0
571 0
571 5
613 1
613 2
613 3
597 1
597 3
593 0
592 0
592 3
591 5
663 3
637 4
589 3
583 4
574 2
574 1
574 3
573 3
573 3
573 3
573 0
570 2
570 4
570 3
570 5
591 5
626 5
671 5
728 4
585 3
576 3
576 4
573 0
571 0
571 1
571 4
569 3
569 4
569 3
569 3
569 3
569 1
569 3
569 5
586 3
576 3
576 5
605 4
569 4
568 5
586 0
586 3
575 5
616 3
600 4
576 4
570 4
570 5
584 5
622 3
593 3
591 3
590 0
589 3
589 5
651 5
722 5
802 4
589 5
598 5
629 2
628 0
628 5
690 3
644 3
634 4
589 2
586 3
582 4
572 3
572 5
586 3
578 5
603 0
603 3
594 3
593 0
592 5
659 3
640 4
585 0
582 3
582 4
577 3
573 3
573 3
572 4
567 1
567 2
567 3
567 4
567 3
567 0
567 3
567 5
614 0
614 3
600 3
598 4
571 0
570 2
570 0
570 5
625 0
625 0
625 3
605 3
602 5
666 5
748 3
698 3
686 0
686 4
601 4
577 1
577 5
585 1
585 1
585 4
570 1
570 2
570 0
569 2
569 3
569 0
569 0
569 5
614 2
614 1
614 3
601 1
601 0
601 5
670 1
670 0
670 0
670 4
585 3
582 0
579 0
579 4
577 0
577 4
575 5
595 3
582 4
570 0
570 5
622 5
678 0
678 5
741 4
584 3
577 0
574 3
573 0
573 5
623 1
623 4
573 1
573 3
573 5
586 4
570 4
569 0
569 4
569 2
569 0
569 3
569 1
569 4
569 2
569 2
569 3
569 3
569 3
569 0
568 3
568 0
568 1
568 5
613 3
601 3
596 0
595 3
595 3
595 4
580 4
570 3
569 1
569 3
569 3
569 3
569 5
588 3
578 5
611 4
574 5
584 0
583 5
636 5
694 0
694 3
649 0
649 1
649 3
640 5
727 1
727 4
592 1
592 2
589 5
602 5
643 2
640 3
609 4
577 5
595 4
569 5
587 1
587 3
574 5
609 3
594 3
593 0
593 1
593 4
577 2
576 1
576 2
575 3
575 4
565 2
565 3
565 2
565 4
565 4
565 4
565 4
565 3
565 4
565 4
565 4
565 0
565 2
565 0
565 4
564 0
564 4
564 3
564 4
564 3
564 5
586 2
586 0
586 4
565 1
565 4
564 4
564 4
564 0
564 3
564 2
564 4
564 1
564 5
584 4
564 4
564 5
584 5
621 4
566 3
566 3
566 3
566 0
565 5
615 4
568 3
568 0
566 0
566 1
566 3
566 0
566 3
566 4
566 0
566 3
566 1
566 4
566 4
565 3
565 4
565 1
565 5
586 3
571 3
571 3
571 4
565 4
565 5
582 3
571 4
564 0
564 0
564 5
612 3
595 1
595 1
595 4
570 5
588 3
576 0
576 2
575 0
575 0
575 2
574 4
569 3
569 3
569 0
568 3
568 1
568 5
617 3
599 4
572 0
572 3
572 3
572 3
572 5
626 2
625 2
625 1
625 4
571 1
571 3
570 0
570 3
568 2
567 4
567 3
567 4
564 3
564 1
564 0
564 5
611 3
592 3
589 1
589 1
589 1
589 4
567 0
566 0
566 5
615 5
669 3
633 1
633 4
578 1
578 4
572 1
572 4
572 3
571 0
570 3
569 2
568 1
568 1
568 0
568 1
568 3
568 3
568 4
567 2
566 4
566 4
566 3
566 3
566 2
566 0
566 4
566 5
586 3
574 5
604 4
571 1
571 4
569 2
568 4
568 3
567 0
566 5
613 3
591 3
588 4
567 1
567 2
566 2
565 2
565 1
565 -1
2619 3
1468 2
1454 5
1385 2
1352 5
1340 3
1139 5
1108 1
1108 5
1080 1
1083 4
1078 5
1054 4
1052 1
1054 3
1027 5
1002 0
872 1
873 5
902 5
940 5
987 2
998 1
995 0
994 5
1042 1
1040 5
1096 1
1100 1
1100 5
1154 0
1154 5
1214 3
898 4
698 5
667 0
640 0
640 0
640 4
629 1
635 5
640 0
639 2
641 2
641 0
641 4
619 3
615 0
612 1
616 0
613 1
615 2
614 0
614 3
611 1
612 5
642 4
608 0
601 2
606 0
606 2
611 1
615 5
641 5
672 3
625 2
624 5
652 1
652 1
652 4
600 2
599 5
612 5
634 5
663 3
626 3
615 5
635 3
622 4
602 4
598 5
607 1
613 1
613 3
600 3
596 4
592 2
591 2
591 1
596 0
592 0
592 5
626 5
670 3
626 3
616 2
615 5
650 4
592 5
607 5
637 1
641 2
640 5
681 2
681 0
681 5
734 1
737 3
676 5
722 2
720 1
721 2
719 4
601 5
610 2
608 4
591 1
591 3
588 2
587 3
587 5
598 4
584 5
599 0
599 4
584 3
584 5
600 5
628 2
630 1
630 0
630 5
675 0
675 4
585 3
583 1
583 1
590 2
583 1
583 2
586 1
590 5
600 4
584 4
584 2
587 1
590 3
583 4
583 1
586 4
585 5
598 0
597 2
601 5
643 4
586 1
588 0
586 3
586 3
586 5
619 1
620 3
605 1
605 5
635 2
633 4
589 2
588 5
599 4
582 3
582 0
581 2
583 3
581 4
580 5
594 4
580 3
580 0
579 0
579 5
618 0
618 1
618 3
602 5
627 5
678 4
589 2
588 1
594 2
592 3
589 1
604 0
585 3
585 4
583 0
583 3
583 0
583 5
628 0
628 1
628 3
609 1
609 1
609 1
609 5
658 1
658 2
656 3
624 5
689 5
768 3
711 3
694 3
692 2
691 0
690 3
688 1
688 1
689 3
688 4
607 3
596 1
596 3
595 0
594 3
594 3
594 0
594 2
593 0
593 2
592 0
592 5
666 3
647 1
651 4
594 0
589 0
589 3
588 4
586 2
584 2
582 0
582 1
583 5
646 5
713 1
715 4
589 2
588 0
581 2
583 5
638 0
638 4
582 4
573 1
575 3
572 4
572 3
572 5
590 2
591 0
591 2
591 1
594 4
570 2
571 5
587 3
578 0
576 5
623 0
623 4
573 0
572 1
575 0
573 2
573 3
573 1
574 2
573 0
573 5
622 1
630 2
625 3
603 4
575 3
574 0
574 5
620 0
620 2
623 4
573 4
571 5
585 3
574 3
574 4
569 4
569 4
569 3
569 3
569 2
570 0
569 2
572 5
611 3
592 3
588 2
587 3
587 2
586 0
585 4
578 2
577 4
570 0
570 4
569 4
569 0
569 5
615 4
569 3
568 3
567 4
567 3
567 5
587 3
578 4
567 4
567 5
588 2
590 4
569 3
569 5
586 5
621 2
623 4
571 4
571 4
571 2
572 2
573 4
573 4
573 4
573 1
575 3
571 0
569 5
608 1
618 2
617 2
620 3
602 1
602 3
595 5
635 1
637 4
573 0
571 5
610 3
593 5
633 5
687 1
687 3
636 4
585 1
585 2
583 4
572 1
574 3
572 1
572 4
572 3
572 3
572 0
570 4
570 4
570 4
570 1
577 0
571 4
568 2
569 2
570 4
568 3
568 1
568 3
568 3
568 2
569 5
585 4
570 5
587 3
574 0
573 4
572 5
590 5
618 3
586 3
582 1
584 5
618 0
618 4
579 5
593 4
571 1
574 4
570 4
570 3
569 2
569 5
582 2
582 0
582 4
567 3
567 5
582 3
574 0
574 1
576 3
574 4
571 5
589 2
589 3
576 1
576 4
570 2
571 1
575 0
572 0
572 2
573 2
575 3
574 3
571 4
571 4
569 2
568 2
570 0
570 3
569 0
568 2
568 4
567 2
567 1
569 0
567 4
567 1
569 5
587 4
567 3
567 3
567 0
567 3
567 4
567 1
567 1
567 4
567 3
567 2
567 5
583 2
583 0
583 0
583 3
575 2
574 3
574 5
609 5
654 5
704 1
704 5
768 3
704 1
704 3
681 1
683 1
684 5
758 1
759 4
591 3
582 2
581 1
582 3
577 1
580 1
580 0
577 5
628 3
610 2
608 1
608 3
606 5
668 4
582 3
580 3
579 2
578 4
572 3
570 5
583 3
574 4
569 1
569 4
569 3
569 4
569 3
569 4
569 3
569 3
569 3
569 3
569 5
586 5
612 4
569 2
570 0
570 1
570 4
570 3
570 3
570 3
570 2
571 5
589 5
613 3
585 5
620 0
620 5
679 3
642 0
642 0
642 4
589 0
589 0
589 2
588 5
651 5
719 3
672 2
671 0
671 5
776 5
887 4
590 2
589 4
574 3
572 4
571 1
571 4
571 4
571 0
566 1
569 3
566 4
566 1
566 0
566 4
566 5
588 2
588 2
588 2
591 4
566 5
585 3
573 5
599 4
567 0
567 3
567 1
568 2
567 1
567 3
567 5
604 3
589 3
588 4
568 2
567 4
567 2
568 1
568 2
569 3
566 3
566 3
566 3
566 5
582 3
572 5
597 0
597 0
597 3
585 4
569 1
570 3
568 1
570 0
570 2
569 4
568 4
566 2
567 1
571 4
570 4
570 5
586 3
575 2
574 5
602 4
570 4
569 1
569 2
569 2
570 0
569 3
567 1
569 1
569 4
567 4
567 3
567 2
567 4
567 0
567 3
567 2
566 0
566 1
567 5
605 5
648 1
648 5
697 4
573 3
572 5
592 3
575 5
599 0
599 3
588 2
587 5
633 5
685 3
647 0
647 4
584 4
569 2
569 2
569 2
569 0
568 3
567 2
567 5
605 0
605 0
605 1
606 0
605 3
592 5
635 0
635 3
620 5
690 4
580 4
568 5
583 5
613 5
659 4
575 2
576 2
577 0
574 5
614 1
615 1
615 0
615 3
600 4
572 5
589 3
581 3
579 4
570 5
583 4
570 4
570 5
585 2
587 2
587 4
569 0
569 4
568 5
583 4
567 5
582 3
574 5
597 1
597 3
586 0
585 3
584 2
583 4
575 3
573 4
566 0
566 0
566 4
566 3
566 4
566 3
566 2
566 3
566 2
568 3
567 0
566 4
566 3
566 3
566 0
566 2
566 5
609 3
594 0
594 5
664 5
735 0
735 3
688 1
688 0
688 4
596 1
596 0
594 1
595 4
581 0
580 0
580 3
580 1
581 2
580 1
581 4
578 2
577 1
580 4
572 3
572 2
571 2
571 3
570 5
591 4
569 2
568 0
568 3
568 1
568 0
568 5
613 2
613 4
571 0
571 4
571 5
589 1
589 1
589 4
569 4
569 3
569 5
587 2
588 4
567 2
567 1
567 4
567 2
568 4
568 1
568 4
568 2
568 3
568 2
568 3
568 5
587 5
616 3
591 4
569 1
569 5
587 2
587 5
614 0
614 3
588 4
566 4
566 2
567 1
567 5
586 4
567 2
567 2
567 3
566 3
566 4
566 1
566 2
568 5
585 4
565 2
565 1
565 1
565 3
565 0
565 4
565 4
565 2
565 0
565 3
565 0
565 4
565 1
565 5
582 3
573 0
572 4
567 0
565 3
565 2
565 3
565 3
565 2
565 5
608 0
608 5
658 4
569 4
567 3
567 0
564 4
563 4
563 1
563 2
563 4
563 5
580 3
571 0
571 3
569 5
613 0
613 4
572 5
587 3
574 5
597 3
583 3
583 3
583 3
583 5
623 4
571 3
568 5
588 0
588 0
588 2
589 2
589 2
589 2
589 2
589 3
577 5
622 4
569 5
587 1
587 2
587 3
575 3
575 4
567 2
566 3
566 4
564 3
564 2
564 2
564 4
564 4
564 4
564 2
564 1
564 3
564 3
564 4
564 4
564 3
564 2
564 5
581 0
581 5
626 3
597 4
568 4
567 0
563 4
563 3
563 5
584 3
574 0
573 0
573 2
572 1
572 1
572 1
572 2
571 4
568 5
588 0
588 4
568 3
566 2
565 4
565 2
565 5
585 5
615 0
615 5
665 3
625 2
624 4
570 3
567 2
566 4
565 5
586 4
566 0
565 2
565 5
609 4
567 2
566 3
566 0
566 3
566 2
565 3
565 0
565 5
608 3
592 4
567 0
566 4
566 1
566 2
565 5
586 4
567 3
567 3
567 2
567 2
567 4
566 4
566 5
586 4
566 3
566 1
566 4
566 5
586 5
614 0
614 4
567 5
586 2
586 4
568 2
568 5
588 4
570 0
568 0
568 3
568 1
568 5
611 0
611 4
569 2
568 5
587 1
587 0
587 4
568 4
568 5
587 4
568 1
568 3
568 4
567 4
567 4
567 3
567 2
568 4
567 2
567 4
567 4
567 3
567 1
567 4
567 1
567 3
567 2
567 2
567 4
567 3
567 3
567 5
585 1
585 5
611 3
585 2
584 3
579 0
577 0
577 2
577 0
577 0
577 3
575 5
620 5
672 2
672 5
729 0
729 3
671 5
728 1
728 4
591 5
598 2
596 0
594 3
586 5
633 4
576 5
590 3
576 4
571 2
570 3
570 3
570 3
570 4
567 3
567 4
567 1
567 4
567 1
567 3
567 4
567 4
567 5
584 0
584 2
586 4
571 0
570 3
570 2
570 0
570 4
569 4
569 4
568 4
568 2
568 5
583 3
573 4
568 0
568 3
568 3
568 0
568 3
568 4
568 2
568 2
569 5
585 3
574 2
573 3
572 4
568 4
568 4
568 3
568 5
583 1
584 4
568 3
568 4
568 2
568 2
568 4
568 0
568 3
568 5
608 0
608 3
592 4
569 3
567 0
567 1
567 1
567 4
566 3
566 5
585 4
567 2
567 0
566 4
566 4
566 3
566 3
566 3
566 0
566 3
566 4
565 3
565 2
565 1
565 5
582 0
582 5
625 3
599 2
598 3
592 5
637 0
637 5
714 3
667 1
667 4
585 3
577 0
575 0
575 0
575 0
575 4
572 0
572 4
571 3
571 5
587 3
574 3
574 1
574 0
573 5
627 0
627 3
605 0
605 3
604 1
604 2
603 2
602 0
602 4
583 3
578 3
577 0
577 2
577 4
573 3
571 4
563 4
563 3
563 5
584 2
584 5
621 4
567 4
565 5
582 4
564 4
564 2
564 5
582 0
581 3
570 3
570 0
570 5
625 5
683 1
683 5
747 0
747 4
580 3
572 5
587 4
569 5
584 2
584 4
568 5
583 3
574 2
573 3
571 3
571 3
571 5
598 3
582 4
566 3
565 4
564 4
564 0
564 2
564 5
604 5
650 4
571 4
571 4
571 4
571 5
587 5
616 3
584 4
568 4
566 1
566 5
583 2
583 2
583 4
565 4
565 0
565 3
565 0
565 2
565 4
564 1
564 5
581 4
564 5
581 0
581 3
571 3
570 5
605 5
653 3
613 4
573 4
567 0
566 2
566 4
564 4
563 2
563 4
563 1
563 4
563 5
578 3
566 3
566 4
563 3
563 4
563 5
580 1
580 5
612 4
563 4
563 3
563 1
563 1
563 1
563 3
563 0
563 4
563 4
563 0
563 3
563 0
563 0
563 1
563 5
603 4
563 1
563 0
563 5
602 3
592 2
591 3
587 3
587 3
586 5
625 3
607 4
574 3
570 4
564 1
564 0
564 3
564 5
604 0
604 4
564 0
564 0
564 5
604 4
565 2
565 4
565 3
565 4
565 4
565 4
565 1
565 1
565 3
565 0
564 4
564 1
564 5
580 1
580 4
564 0
564 1
564 3
564 5
605 3
593 4
565 2
564 2
564 4
564 4
564 3
564 4
564 4
564 0
564 2
564 0
564 5
605 1
605 0
605 4
566 4
565 1
565 4
565 2
565 2
565 2
565 5
581 5
609 1
607 5
643 2
643 4
564 2
564 2
564 4
564 3
564 4
564 4
564 3
564 3
564 0
564 5
603 3
592 3
588 3
586 3
584 2
583 0
583 5
647 3
624 2
622 2
621 4
576 0
576 0
576 4
571 0
571 5
625 1
625 3
602 3
599 0
599 2
598 3
596 5
678 3
652 4
584 4
565 4
564 5
576 3
568 4
564 2
563 4
563 1
563 3
563 3
563 0
563 1
563 5
605 4
565 1
565 0
565 4
565 0
565 2
565 0
565 0
565 5
608 4
567 4
565 4
565 2
565 2
565 5
579 0
579 5
622 3
594 3
590 3
589 0
589 5
656 3
632 3
626 1
626 4
580 0
580 3
580 5
642 0
642 2
640 4
573 1
573 3
569 1
569 3
569 1
569 3
569 3
569 0
569 5
622 5
681 5
746 4
583 3
576 2
575 5
586 5
616 4
571 2
570 5
584 2
584 0
584 0
584 4
567 4
564 3
564 4
564 1
564 0
564 4
564 5
578 1
578 3
567 4
563 2
563 0
563 1
563 4
563 4
563 5
579 5
609 0
609 1
609 0
609 2
609 4
564 3
564 0
564 0
564 5
604 4
566 4
566 0
564 3
564 5
600 3
590 4
569 1
569 4
566 5
581 2
581 5
609 4
565 4
565 4
565 2
565 4
565 0
565 2
565 0
565 0
565 3
565 3
565 4
563 5
578 3
568 3
565 4
564 2
563 3
563 2
563 2
563 3
563 3
563 1
563 3
563 5
579 4
563 4
563 4
563 5
579 5
609 1
609 0
609 4
564 5
580 5
610 2
610 5
651 0
651 5
706 0
706 5
764 2
764 4
587 0
580 3
578 0
578 0
578 0
578 2
577 4
577 5
593 1
593 5
618 3
590 2
589 2
588 3
587 4
576 0
575 4
573 2
572 5
590 3
575 2
574 3
574 5
602 2
602 3
586 2
585 1
585 3
584 1
584 4
573 4
569 5
587 4
568 3
568 3
568 4
568 5
584 5
609 5
648 3
601 1
601 1
601 2
600 0
599 3
595 1
595 3
594 4
577 5
591 3
579 4
568 4
564 1
564 3
564 5
584 4
563 3
563 0
563 2
563 5
603 0
603 4
565 1
565 5
582 1
582 1
582 3
570 3
570 4
565 0
565 3
565 4
564 4
563 3
563 4
563 3
563 3
563 5
582 1
582 4
563 3
563 2
563 5
580 3
568 4
564 3
564 3
564 2
564 3
564 0
564 4
564 3
564 5
582 4
563 3
563 5
580 1
580 5
609 5
653 0
653 2
653 3
613 0
612 0
612 5
687 0
687 5
772 2
769 0
769 0
769 2
766 4
580 4
570 1
570 4
569 4
569 2
567 4
567 0
564 4
564 3
564 1
564 4
564 4
564 5
578 1
578 4
564 0
563 2
563 5
605 0
605 4
568 3
567 5
580 4
567 3
567 0
566 4
565 0
564 5
606 0
606 2
606 3
587 3
587 4
565 3
564 3
564 5
580 3
571 0
570 4
568 3
568 5
588 2
588 3
575 3
575 3
575 3
574 0
574 3
574 0
574 2
573 5
629 2
627 2
627 1
627 0
627 5
697 3
653 5
723 0
723 1
722 4
578 3
573 5
589 2
589 5
622 3
592 4
571 1
571 5
588 0
588 5
646 4
572 2
571 4
566 0
565 0
565 0
565 5
611 0
611 5
666 3
630 0
629 3
622 5
706 4
585 0
581 3
580 4
578 2
577 0
576 0
576 0
576 3
576 4
573 1
573 5
594 2
594 5
633 4
573 2
572 3
571 1
571 2
570 5
584 4
568 5
583 2
583 5
610 4
569 3
569 0
568 4
565 2
565 0
565 4
565 1
565 2
564 0
564 1
564 5
606 5
654 0
654 4
568 4
567 4
567 3
567 2
567 5
579 0
579 2
579 4
566 0
565 5
606 4
566 3
565 2
565 4
565 3
565 2
565 4
565 5
582 2
582 5
611 5
654 1
654 1
654 3
604 2
603 5
639 1
639 5
699 5
773 3
712 5
812 2
809 0
809 2
804 3
775 3
765 4
597 3
581 4
566 5
588 4
565 0
564 2
564 5
610 5
664 0
664 4
567 0
565 3
565 3
565 3
565 4
563 3
563 0
562 0
562 5
610 0
610 4
564 3
564 1
564 0
563 4
563 2
562 3
562 4
562 0
561 0
561 4
561 0
561 0
561 5
608 5
657 1
657 1
657 3
622 3
614 4
571 5
590 5
626 0
626 1
626 1
626 4
563 2
562 1
562 0
562 1
562 3
562 3
562 5
609 0
609 0
609 4
565 4
563 4
563 4
563 3
563 3
563 4
563 0
561 3
561 3
561 0
561 2
561 4
561 5
582 4
563 1
570 4
569 5
582 0
581 0
581 4
562 1
562 3
562 1
562 4
562 4
562 5
580 2
580 4
563 5
580 2
580 1
580 3
570 0
570 2
569 5
620 3
601 4
572 0
570 4
568 4
562 0
562 1
562 4
562 1
562 5
582 4
564 4
563 4
563 4
563 2
563 5
581 4
563 1
563 4
563 2
563 3
563 4
563 5
580 4
563 3
563 4
563 2
563 1
563 4
563 0
562 5
606 2
606 0
606 2
606 2
606 3
591 5
639 4
566 4
563 5
578 3
567 5
594 0
594 0
594 5
647 0
647 0
647 0
647 3
611 0
610 3
606 3
606 5
690 4
579 3
575 3
574 3
574 0
572 5
626 0
626 5
688 0
688 3
654 2
653 5
730 2
728 0
728 5
826 5
933 4
586 0
576 3
575 5
626 3
610 2
609 4
573 4
565 2
564 2
563 2
563 0
563 0
563 2
563 4
563 5
581 0
580 5
631 5
684 5
745 3
684 2
681 4
579 2
577 3
574 5
590 5
619 3
592 4
571 5
591 5
622 3
597 4
569 0
568 3
567 3
567 5
618 0
618 2
617 3
599 4
568 4
563 4
563 5
584 2
584 1
584 2
584 2
584 4
568 3
566 -1
