5 3000
4 5
5 4
2 0
2 5
7 5
12 3
9 1
9 1
9 3
7 3
7 1
8 4
3 2
4 4
4 1
4 1
4 1
4 2
6 1
6 4
6 4
6 5
8 0
8 2
6 4
6 1
4 0
4 1
3 5
8 2
6 4
2 2
6 3
2 5
5 4
2 4
2 5
5 0
5 3
3 3
3 5
10 3
8 4
2 4
2 2
4 5
6 2
6 4
6 2
6 4
6 4
6 0
6 5
6 0
6 1
4 3
2 5
5 0
5 5
11 1
10 0
10 2
7 5
12 1
12 3
7 5
17 2
14 1
14 5
23 2
20 1
20 1
17 4
2 5
5 5
11 1
11 3
6 5
14 5
23 4
2 5
5 3
4 0
4 3
4 0
4 1
4 2
3 4
2 2
4 0
4 0
4 0
4 3
2 1
3 1
4 1
5 0
5 1
5 3
5 1
6 1
6 2
5 5
13 3
13 4
2 4
2 4
2 2
6 2
6 5
6 3
2 3
2 5
5 5
11 3
6 4
2 1
3 5
5 4
2 5
5 5
11 4
2 2
4 2
6 1
4 1
4 3
3 5
5 1
6 4
2 5
5 1
5 3
4 1
5 5
11 2
9 1
9 0
9 4
2 1
2 2
2 5
6 4
2 4
2 4
2 4
2 3
3 3
2 2
2 5
6 0
6 1
4 5
10 2
8 1
7 5
12 4
2 2
2 1
2 3
3 0
3 2
3 5
9 5
14 1
14 1
14 3
9 3
8 3
8 0
8 5
20 5
31 2
27 1
27 2
23 3
21 2
18 2
16 1
16 0
16 1
16 3
13 5
29 2
26 4
2 0
2 2
2 3
2 5
5 5
11 5
15 2
11 5
11 4
4 2
6 1
4 4
4 0
4 3
3 0
3 5
10 2
7 5
12 3
8 4
2 2
2 5
6 4
2 3
3 2
2 3
3 0
3 5
10 3
7 0
7 5
18 4
2 0
2 4
2 5
5 3
5 2
4 2
4 5
11 4
2 4
2 5
5 1
5 0
5 3
4 1
5 5
13 3
10 4
2 2
2 0
2 4
2 3
3 4
3 2
3 3
2 1
3 5
5 2
5 4
2 5
5 4
2 5
5 2
3 3
3 1
4 3
3 2
3 4
3 5
6 5
12 1
12 3
7 3
6 2
5 2
4 3
4 2
3 1
4 1
5 2
4 0
4 2
4 1
4 4
2 3
2 0
2 4
2 4
2 5
5 0
5 4
2 5
5 3
4 3
4 2
4 0
4 1
5 3
4 1
5 3
5 2
4 0
4 2
3 4
2 3
3 5
5 5
12 0
12 4
2 1
2 1
2 4
2 1
2 5
5 2
6 1
5 5
11 0
11 2
9 1
7 3
5 0
5 3
5 4
2 0
2 5
7 5
12 3
8 1
9 3
7 4
2 5
5 3
4 3
4 2
3 4
2 1
3 2
2 4
2 1
2 4
2 2
2 2
2 5
6 3
4 3
3 3
4 4
3 1
3 1
3 1
3 2
2 0
2 3
3 5
6 2
7 3
4 3
4 4
2 2
2 1
2 2
2 3
2 3
2 3
2 4
2 4
2 4
2 1
3 3
2 2
2 3
2 2
2 1
3 2
2 5
5 5
11 3
6 4
2 5
5 0
5 0
5 1
5 4
2 0
2 3
3 1
3 5
5 4
2 3
3 5
5 2
3 4
2 4
2 3
4 5
5 3
5 2
4 3
4 5
12 4
2 0
2 1
2 4
2 5
5 5
10 0
10 1
9 2
8 0
8 1
8 0
8 5
15 4
2 1
2 3
3 4
3 0
3 5
10 5
16 5
21 1
21 5
23 1
23 5
26 5
28 5
30 5
31 2
26 4
2 5
5 3
4 3
4 1
5 4
3 5
5 5
12 0
12 3
10 2
9 2
8 5
17 5
22 4
2 4
2 3
2 0
2 1
2 1
2 1
3 2
3 1
3 5
8 3
4 3
4 3
4 4
2 2
2 3
2 3
3 4
3 5
5 3
4 4
2 1
3 3
3 5
5 5
12 2
10 3
7 2
6 4
2 5
5 5
10 4
2 3
3 0
3 4
2 1
2 4
2 3
2 1
2 0
2 2
2 3
3 2
2 0
2 4
2 4
2 2
2 2
2 4
2 3
3 3
3 3
2 1
2 1
2 4
2 2
2 2
2 5
6 5
10 2
6 3
2 2
2 4
2 1
2 5
5 3
4 3
4 5
11 3
8 3
8 2
7 5
18 3
15 4
2 2
2 4
2 3
2 5
5 3
4 0
4 3
4 4
2 3
2 2
2 3
2 1
2 3
2 4
2 2
2 5
5 2
8 3
3 4
2 4
2 4
2 0
2 4
2 1
3 0
3 4
2 2
2 4
2 0
2 1
2 4
2 4
2 3
2 3
2 2
2 5
6 1
5 4
2 5
6 3
3 0
3 2
3 3
3 5
9 3
6 1
6 4
2 2
2 0
2 4
2 2
2 2
2 2
2 2
2 0
2 5
6 5
10 4
4 1
5 4
5 4
5 3
2 5
5 1
4 2
3 0
3 4
2 2
2 3
2 5
5 5
11 5
15 2
11 2
6 5
6 1
2 1
3 4
3 0
3 0
3 2
4 1
5 5
10 4
2 3
3 0
3 2
3 5
9 0
9 3
6 0
6 0
6 3
5 2
4 1
5 1
6 4
2 3
3 4
3 3
3 0
3 3
3 4
2 5
5 3
4 5
10 3
8 1
8 5
20 0
20 0
20 5
31 3
30 1
30 3
29 1
29 2
26 1
27 1
27 3
24 3
23 0
23 4
2 3
3 1
3 5
5 3
4 0
4 4
2 3
3 2
2 2
2 5
5 3
5 4
3 1
3 5
5 2
5 5
11 4
2 5
5 1
5 3
3 5
9 2
6 1
6 4
2 3
3 2
3 5
6 1
5 0
5 4
2 0
2 3
2 1
3 2
3 2
4 4
4 5
8 3
3 1
4 5
9 4
2 4
2 5
5 2
5 0
5 2
5 4
2 2
2 0
2 4
2 0
2 5
6 5
10 2
6 2
6 0
6 4
6 0
6 3
2 1
3 3
3 2
2 0
2 3
3 0
3 1
3 3
3 0
3 5
10 3
7 1
7 3
7 2
6 5
16 2
14 1
14 5
23 2
19 5
26 1
26 3
26 3
24 5
42 0
42 0
42 4
2 2
2 1
2 3
2 3
2 5
5 3
4 4
2 1
2 1
2 0
2 3
3 2
2 2
2 0
2 5
6 3
3 3
3 0
3 2
3 1
4 5
10 2
8 3
6 4
2 1
2 0
2 5
7 2
6 1
6 5
11 3
6 5
14 1
14 3
12 0
12 3
12 1
12 2
11 4
2 3
2 1
3 3
2 5
5 3
4 0
4 0
4 5
11 4
2 4
2 3
3 1
4 3
2 5
5 2
4 0
4 3
3 3
3 0
3 5
10 2
9 0
9 0
9 2
6 5
10 5
11 1
11 0
11 3
6 2
5 5
13 3
9 0
9 0
9 1
9 2
8 5
19 5
29 2
25 5
33 1
33 3
33 4
2 4
2 1
2 5
5 2
3 3
3 4
2 3
2 0
2 4
2 5
5 0
5 1
5 2
5 1
5 4
2 1
3 5
5 3
5 5
12 3
10 4
2 2
2 3
3 3
3 2
3 5
6 3
5 2
4 2
3 2
3 2
2 2
2 2
2 3
2 1
3 5
5 2
5 2
3 0
3 2
3 4
2 4
2 2
2 3
2 1
2 1
3 4
3 5
5 2
5 3
4 0
4 3
4 4
2 5
5 3
4 4
2 4
2 0
2 4
2 0
2 5
7 4
2 3
2 4
2 1
2 5
5 2
6 0
6 3
3 3
3 3
4 2
3 4
2 2
2 0
2 2
2 3
3 1
3 3
2 3
2 5
5 4
2 1
2 0
2 1
2 3
2 1
3 3
2 3
3 5
7 3
6 2
5 3
5 2
4 4
2 2
2 3
2 1
2 0
2 3
3 2
3 0
3 2
3 3
4 0
4 4
2 2
2 2
2 4
2 3
2 0
2 0
2 0
2 3
3 3
4 2
3 2
4 0
4 3
2 3
3 3
3 3
3 1
3 4
2 5
5 2
5 1
5 5
12 4
2 2
2 2
2 0
2 3
2 1
2 1
2 2
2 4
2 3
4 2
3 5
5 1
5 2
5 5
11 1
10 5
16 5
19 3
19 2
16 5
21 5
26 2
21 3
16 3
16 1
16 3
16 3
15 4
2 2
2 3
2 5
5 2
6 2
6 0
6 1
2 3
2 5
5 3
4 3
4 1
4 4
2 2
2 0
2 4
2 0
2 0
2 4
2 4
2 3
3 3
2 4
2 4
2 3
3 2
3 2
3 5
6 3
4 2
3 3
4 5
9 3
7 4
2 3
2 2
2 2
2 3
4 5
5 2
3 5
10 3
7 2
6 0
6 2
5 2
4 5
12 3
9 4
2 2
2 5
6 2
6 3
2 4
2 1
2 0
2 5
7 5
12 0
12 1
11 4
3 1
3 5
6 2
6 5
12 2
9 2
6 5
6 2
6 5
6 1
2 4
2 2
2 2
2 4
2 3
2 3
2 3
3 4
3 1
3 0
3 3
3 2
3 2
3 3
4 0
4 3
4 2
3 0
3 3
3 4
2 3
2 0
2 0
2 3
2 3
3 2
2 1
2 3
4 3
4 4
3 0
3 3
3 2
3 0
3 1
4 3
4 2
3 5
7 2
5 0
5 3
3 1
4 2
3 3
4 0
4 5
12 4
2 4
2 5
5 5
11 4
2 2
2 0
2 2
2 2
2 3
2 3
2 3
3 0
3 3
3 2
3 5
9 2
6 3
3 2
3 3
3 0
3 5
9 3
9 5
20 5
29 3
26 2
23 3
21 4
2 3
2 5
5 0
5 3
4 3
4 3
4 3
4 0
4 5
12 5
19 3
17 2
14 3
12 0
12 3
11 2
10 3
10 5
24 2
21 3
18 4
2 4
2 3
3 2
3 2
2 3
2 3
3 3
2 3
3 4
3 3
2 0
2 2
2 3
2 2
2 2
2 0
2 2
2 4
2 5
6 3
3 3
3 2
3 3
4 4
3 3
3 4
3 1
3 5
5 2
3 2
3 5
9 5
14 3
11 3
8 0
8 5
20 0
20 1
20 0
20 3
17 0
17 4
2 2
2 3
3 0
3 4
2 4
2 0
2 0
2 0
2 0
2 2
2 0
2 5
6 0
6 3
4 1
4 3
3 2
3 2
3 5
8 0
8 4
2 3
4 4
4 3
2 5
5 2
3 3
3 4
2 1
2 3
2 1
2 4
2 0
2 3
3 0
3 5
10 2
9 4
2 2
2 4
2 3
2 2
2 2
2 4
2 3
3 2
2 3
2 3
2 1
3 5
5 4
2 3
2 3
3 3
3 5
5 0
5 3
5 1
5 2
4 3
4 3
4 2
3 2
2 2
2 3
3 3
3 3
3 3
3 4
3 1
3 3
3 5
5 0
5 3
5 1
6 4
3 0
3 4
2 0
2 2
2 5
7 3
4 4
2 4
2 4
2 5
5 5
11 3
8 5
17 2
15 5
23 0
23 1
23 2
19 5
24 1
24 2
19 3
16 0
16 5
29 5
38 2
34 3
33 4
2 2
2 1
2 5
5 4
2 2
2 3
3 2
3 2
3 0
3 3
4 2
3 3
4 0
4 4
2 0
2 5
7 5
12 3
9 3
7 5
18 4
2 2
2 4
2 3
4 3
3 2
2 3
3 4
3 3
3 5
5 2
5 2
3 5
8 1
7 4
2 5
5 5
11 3
6 2
5 4
2 3
3 3
3 5
5 1
4 3
4 4
2 3
2 1
2 4
2 4
2 0
2 0
2 4
2 5
5 2
5 1
4 3
3 2
3 3
3 3
3 3
3 5
9 4
2 0
2 4
2 3
3 2
3 5
6 3
4 3
4 4
2 2
2 3
2 3
2 3
2 2
2 3
2 2
2 4
2 0
2 3
2 3
2 0
2 4
2 5
5 5
11 0
11 0
11 4
2 2
2 4
2 3
2 5
5 5
11 4
2 2
2 1
2 3
3 0
3 2
3 3
4 5
8 5
16 2
13 2
9 4
2 2
2 0
2 4
2 1
2 5
6 2
6 0
6 5
6 0
6 2
6 2
6 3
2 3
2 3
3 4
3 3
2 2
2 4
2 3
3 1
3 3
2 3
3 1
3 3
4 2
3 3
3 3
3 4
3 3
4 2
3 3
4 4
4 0
4 4
2 1
2 2
2 3
2 0
2 5
7 3
4 3
4 4
2 4
2 0
2 3
4 4
3 5
5 1
5 2
3 3
3 3
3 3
3 3
3 5
9 5
15 3
12 2
11 2
8 0
8 1
8 1
8 4
2 1
2 5
5 0
5 3
4 1
4 2
3 3
3 3
4 1
4 0
4 0
4 0
4 1
4 0
4 3
4 5
11 3
11 3
9 0
9 2
8 2
7 3
7 2
6 0
6 3
6 0
6 2
5 0
5 1
5 3
5 3
5 0
5 3
5 3
5 3
5 3
5 2
4 3
4 4
2 2
2 5
6 0
6 0
6 3
4 2
3 3
3 4
2 3
3 4
3 2
2 3
3 3
4 4
4 3
2 3
3 4
3 0
3 2
3 3
3 4
2 4
2 3
3 3
2 5
5 1
5 1
5 1
5 2
5 3
4 3
5 5
10 2
7 3
6 0
6 4
2 5
5 2
4 2
4 3
2 2
2 2
2 3
2 4
2 4
2 3
2 4
2 3
2 4
2 2
2 5
6 0
6 3
4 4
3 2
2 2
2 2
2 4
2 5
5 1
5 0
5 3
5 4
2 4
2 3
3 5
5 3
4 3
4 4
2 0
2 3
3 2
3 2
3 5
8 3
4 4
2 1
2 4
2 5
5 4
2 4
2 5
5 4
2 1
2 2
2 4
2 3
3 2
3 3
2 3
2 4
2 4
2 4
2 2
2 0
2 3
3 1
3 0
3 3
3 3
3 3
3 3
3 0
3 3
3 3
3 2
3 4
2 1
2 2
2 5
6 2
6 2
6 4
6 4
6 2
6 3
2 5
5 0
5 5
10 5
15 3
12 3
9 0
9 3
9 3
9 3
9 3
9 1
9 2
8 3
8 2
7 4
2 3
3 2
3 3
2 0
2 3
4 3
4 3
2 0
2 3
2 5
7 4
2 0
2 0
2 2
2 3
2 5
5 1
5 5
11 4
2 2
2 3
2 3
2 2
2 5
5 1
5 3
4 3
3 5
9 5
16 3
13 2
12 3
10 4
2 3
3 2
3 3
2 3
2 3
3 1
3 4
3 2
2 4
2 0
2 2
2 4
2 2
2 4
2 5
6 3
3 1
3 1
3 1
3 3
3 2
3 5
9 3
7 3
6 3
6 2
5 2
4 5
10 3
8 2
7 5
18 0
18 1
18 5
29 4
2 0
2 0
2 1
2 3
4 4
3 0
3 2
3 2
3 1
3 4
2 3
3 1
3 4
3 2
2 0
2 1
2 3
3 0
3 1
3 5
10 5
16 4
2 4
2 2
2 0
2 1
2 4
2 3
2 5
5 4
2 3
2 4
2 3
2 2
2 2
2 2
2 5
6 3
3 5
8 0
8 4
2 4
2 4
2 0
2 2
2 3
3 0
3 4
2 0
2 3
3 1
3 3
3 5
7 4
2 1
2 5
5 5
10 5
15 1
15 1
15 3
12 1
12 3
9 2
8 3
8 2
7 2
6 5
16 2
13 3
10 5
23 5
35 3
34 5
50 1
50 5
62 5
68 5
74 4
2 0
2 4
2 2
2 2
2 3
2 4
2 3
2 3
3 5
5 0
5 2
3 0
3 3
3 0
3 3
3 3
3 4
2 4
2 2
2 4
2 5
6 5
10 2
6 3
2 0
2 3
3 2
3 4
2 2
2 2
2 4
2 2
2 5
6 2
6 4
6 1
4 0
4 3
3 2
2 3
3 3
2 1
2 4
2 3
3 1
3 2
2 3
3 3
3 3
2 5
5 3
4 0
4 4
2 3
3 3
3 4
3 4
3 0
3 2
3 2
3 2
3 4
2 3
2 1
2 3
4 2
3 2
3 4
3 5
6 1
6 5
13 2
11 1
11 2
8 5
10 0
10 1
7 3
5 3
5 2
4 3
4 5
11 3
8 5
19 4
2 5
5 1
5 0
5 3
4 4
3 3
2 3
3 3
3 2
2 4
2 3
3 0
3 3
3 1
3 0
3 5
10 4
2 2
2 4
2 2
2 5
6 0
6 1
4 3
3 3
3 3
3 2
3 1
3 5
9 3
6 3
6 0
6 5
16 3
13 4
2 0
2 1
2 0
2 5
7 1
7 5
11 5
18 2
14 3
10 3
9 2
8 5
19 0
19 5
29 5
36 5
41 5
41 3
41 1
41 3
41 5
53 5
65 4
2 3
2 5
5 1
5 2
5 3
3 5
10 2
9 4
2 3
3 4
3 5
5 1
5 1
4 2
4 2
4 4
2 4
2 5
6 1
5 4
2 4
2 3
3 4
3 3
3 4
3 3
3 3
2 2
2 2
2 1
2 2
2 2
2 3
2 0
2 3
3 2
2 2
2 1
2 3
2 2
2 3
2 3
3 0
3 4
2 3
3 2
3 2
3 3
2 5
5 0
5 3
4 5
10 4
2 2
2 0
2 5
7 2
6 2
6 3
2 3
3 3
4 0
4 4
2 2
2 4
2 1
2 3
2 0
2 5
7 2
6 4
2 1
2 2
2 0
2 2
2 2
2 5
6 3
3 1
3 0
3 0
3 3
3 5
10 0
10 2
7 0
7 2
6 2
6 1
2 1
2 2
2 2
2 3
2 0
2 4
2 5
5 4
2 0
2 5
7 2
6 1
5 1
4 3
3 0
3 2
3 3
3 4
2 2
2 1
2 3
2 1
2 0
2 5
7 3
4 0
4 2
4 1
4 2
3 4
2 1
2 3
2 4
2 0
2 4
2 2
2 3
3 1
3 5
5 4
2 3
3 3
2 5
5 0
5 3
4 5
10 2
8 4
2 5
6 3
3 4
2 0
2 0
2 3
3 1
3 5
7 5
13 2
9 4
2 2
2 5
6 5
10 5
11 5
11 4
4 3
2 4
2 2
2 1
2 4
2 4
2 3
3 2
2 5
5 4
2 2
2 3
3 5
5 0
5 0
5 5
12 5
18 4
2 1
2 3
3 1
3 2
2 2
2 4
2 3
3 5
5 1
5 4
2 4
2 4
2 3
4 4
4 3
2 4
2 1
2 0
2 2
2 1
2 1
2 2
2 3
3 3
3 1
3 2
2 0
2 3
4 4
3 5
5 2
3 4
2 1
2 2
2 4
2 3
3 3
3 5
5 4
2 3
3 5
5 1
5 4
2 4
2 4
2 4
2 2
2 0
2 4
2 5
5 3
3 1
3 3
3 1
3 5
10 5
16 4
2 3
3 3
4 5
5 0
5 4
2 4
2 5
5 0
5 4
2 5
5 0
5 5
11 0
11 3
6 1
6 2
5 0
5 4
2 3
2 5
5 4
2 2
2 5
6 0
6 0
6 1
4 4
2 5
5 2
3 2
3 2
3 0
3 4
2 1
2 5
6 0
6 4
2 0
2 3
2 4
2 3
3 3
2 3
4 5
5 4
2 4
2 4
2 3
4 0
4 5
12 0
12 1
12 5
20 4
2 2
2 0
2 3
3 2
2 0
2 5
7 2
6 3
3 0
3 5
9 3
9 3
7 3
7 0
7 0
7 3
7 4
2 0
2 2
2 5
6 3
3 3
4 0
4 1
4 3
4 2
3 0
3 3
3 5
10 2
9 2
6 3
3 3
3 1
3 1
3 1
3 3
3 0
3 4
2 3
2 1
2 4
2 0
2 3
3 5
7 1
8 4
3 5
5 4
2 4
2 0
2 4
2 5
5 4
2 0
2 0
2 5
7 0
7 5
12 2
10 4
4 0
4 3
3 3
2 3
2 4
2 3
3 1
3 4
3 1
3 3
4 4
4 5
5 3
5 4
2 2
2 3
2 5
5 5
11 3
6 2
5 2
4 5
12 3
9 1
9 3
9 2
8 1
8 2
7 0
7 1
7 1
7 3
7 5
18 5
28 2
24 2
20 3
17 2
14 5
24 0
24 0
24 2
20 3
19 0
19 2
15 5
27 3
22 3
22 5
41 4
2 2
2 4
2 4
2 1
2 2
2 2
2 2
2 5
6 2
6 4
6 1
4 4
4 4
4 2
4 1
3 3
2 2
2 5
6 3
3 4
3 4
3 3
2 4
2 5
5 4
2 5
5 5
11 0
11 4
2 3
3 1
3 4
3 4
3 2
2 5
5 5
11 3
6 1
6 5
16 4
2 0
2 5
7 5
12 3
8 2
7 0
7 3
7 5
17 3
13 1
13 5
27 3
25 1
25 3
25 5
46 3
44 4
2 3
2 3
2 3
2 5
5 3
3 5
10 0
10 1
10 3
7 5
17 1
17 2
15 4
2 1
2 2
2 2
2 3
3 5
5 3
4 0
4 4
2 2
2 4
2 2
2 2
2 3
2 3
2 4
2 0
2 3
4 2
3 5
7 0
7 4
2 3
2 2
2 5
6 2
6 5
6 5
6 2
6 4
6 1
4 3
2 2
2 5
5 2
5 5
11 3
6 5
16 1
16 5
26 4
2 2
2 1
2 4
2 3
2 2
2 0
2 2
2 2
2 1
3 5
6 5
12 5
14 1
12 3
9 3
8 3
8 1
8 3
8 2
7 1
7 4
2 3
3 5
5 4
2 5
5 3
4 0
4 2
3 4
2 3
2 4
2 5
5 3
4 3
4 0
4 0
4 3
4 2
3 3
3 5
10 3
8 3
7 1
7 5
17 1
17 5
29 2
26 0
26 5
35 4
2 5
5 5
10 5
15 3
12 4
2 5
5 1
5 5
11 4
2 3
3 1
3 0
3 0
3 5
10 1
9 2
6 4
2 1
2 5
5 4
2 3
3 0
3 2
3 0
3 4
2 2
2 2
2 5
6 3
3 0
3 4
2 4
2 1
2 3
2 3
3 5
5 1
5 3
5 3
5 3
5 4
2 0
2 3
4 1
4 2
3 1
3 0
3 4
2 3
2 2
2 2
2 5
6 1
5 0
5 0
5 1
5 5
11 2
8 5
9 5
10 2
6 2
6 5
6 1
4 5
8 1
6 3
3 4
2 2
2 3
3 5
5 4
2 4
2 3
3 5
5 2
5 2
5 3
4 0
4 1
4 3
4 3
4 4
2 4
2 0
2 4
2 1
2 3
2 2
2 0
2 5
6 3
4 3
3 3
3 3
3 5
9 2
7 5
12 5
16 1
16 5
18 4
2 4
2 2
2 2
2 3
2 4
2 3
3 0
3 5
10 1
9 5
16 3
15 4
2 0
2 2
2 3
2 3
3 2
3 3
2 3
3 4
3 3
4 3
2 5
5 5
11 4
2 5
5 5
11 1
10 4
2 1
2 2
2 4
2 2
2 0
2 0
2 3
3 5
6 4
2 3
2 1
2 5
5 4
2 1
2 3
2 2
2 3
2 2
2 2
2 3
3 2
2 2
2 4
2 2
2 0
2 5
7 5
12 2
8 3
4 4
2 0
2 4
2 3
3 1
3 0
3 3
3 3
3 2
3 1
3 5
9 3
6 2
5 5
13 3
9 5
21 1
20 1
20 4
2 3
2 3
2 2
2 0
2 3
2 3
3 4
3 5
5 4
2 3
3 0
3 5
10 3
7 2
5 4
2 3
2 5
5 5
11 3
8 5
16 5
26 1
26 4
2 3
3 0
3 5
10 2
7 5
12 3
9 1
9 3
7 5
17 3
16 1
16 2
14 0
14 3
13 3
13 1
13 0
13 3
13 1
13 4
2 2
2 2
2 3
3 4
3 3
2 5
5 4
2 3
3 0
3 5
10 4
2 3
3 4
3 0
3 5
10 4
2 2
2 5
5 3
3 2
3 2
3 3
3 5
7 4
2 5
5 2
5 1
4 4
2 2
2 2
2 1
2 3
2 0
2 4
2 0
2 5
6 5
12 3
9 5
18 1
18 3
15 3
14 2
12 5
27 4
2 4
2 0
2 5
7 0
7 0
7 5
12 0
12 4
2 1
2 1
2 0
2 5
7 2
6 3
3 5
9 3
6 2
5 1
5 2
4 4
2 2
2 5
6 2
6 3
2 2
2 1
2 5
5 3
3 4
2 1
2 4
2 1
2 3
2 1
2 1
2 5
5 1
4 5
11 2
9 1
9 0
9 4
2 2
2 3
3 1
3 3
2 5
5 5
10 4
2 2
2 4
2 3
2 4
2 5
5 3
4 4
3 4
3 2
3 2
3 5
6 2
6 4
2 3
2 4
2 2
2 0
2 3
2 4
2 5
5 0
5 3
4 4
3 2
3 3
3 4
3 4
3 0
3 3
3 3
3 3
3 3
3 2
3 0
3 2
3 5
8 2
6 1
4 3
2 4
2 0
2 3
3 3
4 5
7 0
7 5
15 4
2 0
2 3
4 0
4 3
4 2
3 1
3 3
3 4
2 0
2 5
7 2
6 4
2 2
2 4
2 2
2 1
2 4
2 3
2 3
3 2
2 2
2 4
2 3
2 1
2 2
2 5
6 1
5 4
2 2
2 4
2 1
2 3
2 5
5 4
2 3
2 1
2 5
5 3
3 0
3 5
10 2
7 1
7 5
13 2
11 1
10 3
6 4
2 4
2 3
3 4
3 2
2 2
2 3
3 4
3 2
2 5
5 3
3 3
3 3
3 2
3 2
3 3
3 3
3 4
2 4
2 4
2 5
5 0
5 3
4 4
2 2
2 5
6 4
2 5
6 5
10 3
6 1
6 1
6 3
4 0
4 2
3 4
2 2
2 3
2 3
2 5
5 3
4 3
4 2
3 4
2 3
2 5
5 1
4 2
3 3
3 4
3 3
2 4
2 1
2 4
2 5
5 3
3 1
3 4
2 5
5 5
11 3
6 5
16 0
16 4
2 5
5 0
5 3
3 2
3 3
4 3
3 4
2 0
2 4
2 5
5 3
3 4
2 5
5 3
4 5
11 5
18 3
15 4
2 3
3 3
3 2
3 5
6 2
6 2
6 0
6 2
6 0
6 5
12 0
12 2
9 0
9 2
6 2
6 1
2 1
2 5
5 4
2 1
2 4
2 3
2 5
5 3
3 3
3 4
2 4
2 0
2 1
2 3
4 3
3 0
3 1
3 4
2 2
2 5
6 2
6 3
2 3
2 2
2 1
2 3
2 1
2 4
2 2
2 1
2 2
2 3
2 0
2 4
2 3
3 1
3 4
3 5
5 3
4 5
12 0
12 3
10 1
10 1
10 3
9 5
22 -1
4 4
4 4
4 5
5 0
5 4
2 5
5 2
9 4
2 4
2 3
2 5
5 5
10 0
10 5
15 2
10 2
6 4
6 3
2 3
4 5
5 3
5 1
5 1
6 4
2 5
5 5
11 5
15 3
12 5
22 3
17 5
32 2
28 0
28 1
28 2
25 1
25 2
22 5
35 0
35 1
35 4
2 2
2 5
6 2
6 2
6 1
2 3
3 3
2 4
2 2
2 4
2 5
6 2
6 5
6 4
6 0
6 3
2 3
3 2
2 1
2 3
3 5
5 1
5 5
13 3
9 5
21 5
34 5
45 0
45 0
45 4
2 4
2 3
2 0
2 1
3 5
7 0
7 0
7 5
13 3
11 5
21 5
31 4
2 1
3 1
3 5
5 5
12 0
12 0
12 3
10 2
9 0
9 5
17 0
17 4
2 4
2 0
2 1
3 0
3 5
9 3
9 4
2 5
6 3
4 2
3 4
3 5
5 2
3 5
9 2
8 2
6 0
6 1
2 3
2 3
3 5
5 4
2 4
2 1
3 5
5 2
5 5
11 1
10 4
2 2
2 4
2 2
6 1
2 3
2 0
2 2
2 0
2 3
2 3
3 2
2 4
2 5
5 1
5 1
5 1
5 5
12 0
12 5
19 3
14 3
14 0
14 2
11 4
2 4
2 5
5 2
6 3
3 2
3 5
8 2
6 3
3 5
9 3
6 1
6 2
5 5
13 2
10 5
18 5
24 5
26 3
26 2
21 5
26 5
31 3
31 1
31 0
31 5
42 1
42 0
42 0
42 2
37 3
35 4
2 2
2 3
2 2
2 0
2 3
2 2
2 2
6 1
4 2
6 3
2 0
2 5
6 5
12 1
12 3
8 5
18 5
27 2
23 3
20 4
2 2
4 4
4 5
8 2
6 4
6 4
6 5
6 1
2 5
6 0
6 3
3 4
3 4
3 2
3 5
6 3
4 1
5 5
11 2
9 1
9 5
17 0
17 3
15 0
15 0
15 3
13 4
2 3
3 3
3 2
2 1
3 3
2 4
2 4
2 2
4 0
4 2
4 4
2 2
2 5
6 3
4 3
3 0
3 3
3 3
3 1
4 4
2 2
2 1
3 2
4 0
4 0
4 2
6 4
6 2
6 0
6 5
6 1
2 1
2 5
5 1
6 3
3 3
3 3
3 0
3 3
3 0
3 3
3 1
4 1
4 0
4 4
2 5
5 2
6 1
4 0
4 4
2 5
5 2
3 1
3 0
3 2
3 0
3 4
2 5
6 4
2 0
2 3
3 4
3 3
2 5
5 5
11 3
7 0
7 0
7 0
7 5
16 4
2 4
2 4
2 4
2 4
2 4
2 3
2 2
2 0
2 1
2 5
5 4
2 2
2 4
2 5
5 3
3 0
3 2
3 0
3 4
2 5
5 3
4 1
5 5
10 1
10 1
11 5
21 5
31 3
30 1
30 3
27 2
24 3
23 5
46 3
45 0
45 3
42 2
40 2
38 4
2 2
2 1
2 1
3 3
2 1
3 5
5 3
4 2
3 3
3 5
9 5
16 1
16 1
16 1
16 5
24 3
22 0
22 3
20 3
18 0
18 5
40 1
40 3
37 5
65 2
62 0
62 0
62 4
2 1
2 3
3 4
3 3
2 2
4 2
4 2
4 5
6 4
2 5
6 4
2 4
2 5
6 3
4 2
3 0
3 2
3 2
3 5
8 2
6 1
4 0
4 2
4 4
2 3
2 4
2 2
4 0
4 0
4 5
9 4
2 1
3 4
3 3
2 3
3 2
2 5
5 1
4 4
2 5
5 0
5 1
5 4
2 0
2 3
3 3
3 1
4 5
7 1
8 3
6 3
6 4
2 3
2 2
4 5
6 4
2 4
2 3
2 2
2 3
3 5
5 0
5 5
12 1
10 5
17 2
13 5
19 5
21 5
21 3
21 3
21 5
31 3
27 0
27 4
2 0
2 0
2 1
3 3
2 0
2 5
7 4
2 3
2 2
2 4
2 2
2 4
2 3
2 3
2 3
2 2
4 3
3 3
2 4
2 0
2 4
2 4
2 4
2 4
2 2
2 2
6 2
6 2
6 3
2 3
3 5
5 1
4 0
4 1
5 4
2 5
5 4
2 2
2 3
2 0
2 2
2 3
2 5
5 5
11 3
6 2
5 3
5 4
2 5
5 5
11 5
15 2
11 4
4 5
6 5
10 2
6 4
6 5
6 2
6 4
6 2
6 1
2 4
2 4
2 0
2 4
2 3
3 3
3 4
3 4
3 2
3 5
6 4
2 5
5 1
5 5
10 0
10 5
15 5
16 4
2 5
5 2
3 4
2 3
2 4
2 5
5 1
5 3
4 2
3 5
8 1
8 5
16 3
12 4
2 3
2 0
2 0
2 3
2 5
7 1
6 4
2 4
2 3
2 2
2 3
2 3
3 3
3 3
2 1
2 1
2 4
2 1
2 2
2 5
5 2
5 3
4 1
4 3
3 2
3 5
9 2
9 5
10 3
4 1
5 5
12 4
2 5
5 3
3 5
10 0
10 4
2 4
2 5
5 3
3 3
3 2
3 1
3 3
3 0
3 2
3 3
3 3
3 1
3 5
8 0
8 3
7 3
6 1
6 5
16 3
14 3
13 3
13 1
13 1
14 5
31 3
28 3
28 5
52 4
2 2
2 2
4 4
4 3
2 3
3 3
2 3
3 3
3 3
3 4
3 0
3 0
3 2
3 2
3 5
8 3
4 3
3 2
3 5
9 3
5 4
2 5
5 5
11 1
9 3
7 1
7 4
2 0
2 2
2 5
6 4
2 2
2 1
3 4
3 0
3 2
4 3
2 4
2 2
2 0
2 0
2 1
2 4
2 4
2 4
2 1
3 0
3 3
3 1
4 2
3 5
10 2
7 5
12 2
8 5
11 2
6 1
4 1
3 4
3 1
3 4
3 2
4 4
4 3
3 0
3 2
3 0
3 4
2 2
2 3
3 2
3 3
2 1
3 5
5 1
6 4
2 1
3 2
3 5
6 5
12 5
14 2
10 3
4 1
4 0
4 1
4 0
4 4
2 4
2 5
5 1
4 5
11 4
2 5
5 2
4 3
2 3
2 2
2 3
4 5
7 5
15 5
22 1
21 5
28 5
29 3
29 5
35 5
41 1
41 5
48 3
48 0
48 5
59 0
59 5
65 0
65 4
2 5
5 5
11 1
10 1
9 1
8 0
8 4
2 1
2 3
3 5
5 5
12 0
12 3
10 1
10 0
10 3
9 2
8 1
8 0
8 0
8 0
8 1
8 4
2 4
2 4
2 2
2 0
2 2
2 5
6 5
10 0
10 1
10 4
2 4
2 3
2 0
2 3
3 4
3 5
5 1
4 0
4 1
4 4
2 2
2 1
3 1
3 2
3 1
3 1
3 0
3 0
3 3
3 2
3 4
2 0
2 2
2 4
2 3
3 3
3 4
3 3
2 3
3 5
5 4
2 3
3 0
3 1
3 2
3 5
9 4
2 3
2 4
2 4
2 4
2 1
2 2
2 1
2 2
2 3
2 5
5 2
3 5
8 2
6 0
6 3
2 3
3 5
5 5
12 0
12 1
12 1
12 4
2 1
2 4
2 0
2 3
3 5
7 1
7 3
5 3
5 2
4 4
2 5
5 2
4 4
2 2
2 0
2 0
2 3
2 0
2 4
2 4
2 2
2 4
2 4
2 3
3 4
3 5
5 0
5 0
5 0
5 1
5 2
5 1
5 3
4 0
4 3
4 3
4 0
4 0
4 4
2 2
2 4
2 5
5 3
3 5
10 1
9 1
9 1
9 0
9 2
8 4
2 2
2 5
5 0
5 1
5 5
11 4
2 3
3 1
3 4
3 3
3 5
5 5
12 3
10 1
10 3
8 0
8 2
7 2
6 4
2 5
5 4
2 1
3 4
3 3
2 4
2 2
2 1
2 0
2 5
7 5
12 5
16 1
16 1
16 5
20 4
2 2
2 0
2 1
2 2
2 4
2 2
2 2
2 2
2 4
2 5
6 3
4 4
2 1
2 2
2 3
2 3
3 2
2 1
3 3
4 2
3 4
3 4
3 1
3 1
3 3
2 5
5 4
2 3
2 1
3 5
5 0
5 1
5 2
5 1
5 2
4 0
4 5
10 0
10 5
14 4
2 3
2 3
4 5
5 2
3 0
3 2
3 5
9 2
8 3
3 1
3 3
3 4
2 0
2 3
3 4
3 4
3 3
3 5
5 2
5 3
4 5
10 5
18 3
15 5
26 4
2 2
2 2
2 0
2 3
2 0
2 0
2 3
3 4
2 0
2 4
2 1
3 4
3 3
2 5
5 5
10 2
6 2
6 4
6 4
6 1
2 2
2 4
2 3
2 4
2 5
5 3
3 4
2 3
3 5
5 1
5 3
5 5
13 4
2 2
2 4
2 0
2 1
2 5
5 0
5 5
11 4
2 2
2 1
2 3
2 3
2 3
2 2
2 5
5 4
2 4
2 3
3 5
5 3
4 3
4 0
4 3
4 5
12 3
9 2
8 4
2 2
2 3
2 2
2 1
2 1
3 0
3 3
3 2
3 3
3 5
9 1
8 4
2 5
5 0
5 3
3 2
3 3
3 5
8 5
15 0
15 1
14 3
11 0
11 2
10 4
2 5
5 0
5 2
3 1
3 5
8 2
6 5
10 5
11 3
6 5
15 5
23 5
28 4
2 3
3 0
3 2
3 3
4 2
3 0
3 3
3 4
2 4
2 2
2 1
2 4
2 5
6 3
3 1
3 2
3 5
8 1
8 4
2 1
2 5
5 4
2 3
3 5
5 5
12 2
9 0
9 1
9 4
2 2
4 5
6 4
4 3
2 5
5 1
5 2
4 5
9 1
7 3
5 1
5 0
5 2
4 4
2 3
2 1
2 3
2 3
2 4
2 0
2 0
2 0
2 2
2 3
3 0
3 2
3 4
2 1
2 4
2 3
4 3
3 4
3 5
5 0
5 3
4 4
2 3
2 5
5 3
4 5
11 4
2 5
5 2
4 0
4 4
2 4
2 4
2 4
2 4
2 2
2 4
2 1
3 4
3 4
3 3
2 4
2 4
2 0
2 3
3 5
6 5
13 0
13 4
2 1
2 3
2 4
2 2
2 0
2 0
2 2
2 5
6 3
3 4
2 1
2 2
2 4
2 5
5 0
5 2
3 0
3 3
4 4
3 2
2 4
2 5
5 3
4 1
4 4
2 4
2 5
5 5
11 4
2 0
2 5
7 5
12 5
16 5
16 5
16 0
16 5
16 3
16 3
11 3
10 4
2 0
2 2
2 5
7 3
4 2
4 5
11 2
8 3
4 2
3 0
3 1
3 0
3 4
2 1
2 1
2 2
2 2
2 2
2 4
2 3
2 0
2 0
2 2
2 4
2 4
2 1
2 2
2 4
2 5
6 5
10 0
10 1
8 0
8 4
2 3
3 3
3 0
3 4
2 0
2 1
2 4
2 3
3 4
3 4
3 1
3 5
5 4
2 4
2 3
3 2
2 0
2 1
2 5
7 0
7 5
12 1
12 2
10 5
14 0
14 4
2 4
2 5
5 5
10 4
2 3
3 0
3 5
10 3
7 3
7 3
7 5
17 2
14 4
2 2
2 4
2 1
3 1
3 2
2 2
2 5
5 0
5 1
4 2
3 4
2 2
2 3
2 1
2 5
5 2
4 4
2 3
2 1
2 3
2 3
3 2
2 4
2 4
2 5
5 5
10 1
9 2
5 0
5 5
11 1
11 4
2 2
2 3
2 2
2 2
2 4
2 3
2 3
2 2
2 0
2 4
2 5
6 0
6 4
2 4
2 3
3 3
3 0
3 4
2 5
5 5
11 4
2 5
5 4
2 2
2 2
2 4
2 1
2 0
2 5
6 2
6 5
6 5
6 3
2 1
2 4
2 3
2 3
3 2
3 2
3 4
3 4
3 1
3 1
3 4
3 0
3 4
2 4
2 5
5 3
3 2
3 0
3 3
3 4
2 4
2 0
2 5
6 5
12 3
9 3
7 3
7 2
6 4
2 2
2 2
2 5
6 0
6 5
10 2
6 5
6 4
6 1
2 3
2 4
2 5
5 4
2 1
2 1
2 1
2 2
2 1
2 5
5 5
11 4
2 1
2 2
2 2
2 0
2 1
2 5
6 4
2 4
2 4
2 5
6 5
10 2
6 0
6 0
6 4
6 0
6 4
6 3
2 2
2 0
2 4
2 4
2 4
2 1
2 5
5 4
2 5
6 3
3 4
2 3
2 2
2 4
2 5
5 1
5 3
3 3
3 4
2 4
2 1
2 3
3 0
3 4
2 4
2 5
5 2
4 4
2 3
2 0
2 4
2 2
2 1
2 5
5 0
5 4
2 0
2 0
2 1
2 5
7 0
7 3
4 4
2 0
2 4
2 2
2 2
2 2
2 4
2 0
2 3
4 0
4 4
2 4
2 3
3 5
5 1
5 2
3 1
3 5
9 1
7 1
7 5
15 2
13 0
13 4
2 5
5 4
2 2
2 5
6 2
6 0
6 3
2 3
2 4
2 2
2 0
2 4
2 2
2 3
2 5
5 3
4 5
10 5
18 0
18 3
16 5
28 4
2 1
2 3
3 0
3 5
10 0
10 0
10 5
16 2
12 5
16 3
16 4
2 0
2 3
3 2
2 3
4 3
3 1
3 4
3 2
2 5
5 5
11 3
7 4
2 5
5 5
10 0
10 4
2 0
2 5
7 1
6 4
2 2
2 5
5 2
5 1
5 5
11 0
11 4
2 3
2 3
3 3
4 4
4 0
4 5
12 1
12 0
12 1
12 3
9 4
2 5
5 4
2 4
2 3
3 2
2 1
2 3
3 4
3 4
3 4
3 2
3 2
3 0
3 2
3 3
3 2
3 4
2 2
2 2
2 1
2 0
2 2
2 0
2 2
2 1
2 3
3 2
2 1
2 5
5 0
5 4
2 3
3 3
3 3
3 4
3 2
2 3
3 2
2 2
2 3
2 1
2 2
2 4
2 5
6 3
3 2
2 5
7 3
4 4
2 3
2 1
2 0
2 1
2 3
3 5
7 0
7 2
5 4
2 2
2 2
2 4
2 5
6 3
4 2
3 2
3 3
2 5
7 3
4 3
4 3
4 0
4 4
2 0
2 2
2 4
2 0
2 0
2 3
3 2
3 2
3 2
3 3
3 3
2 4
2 5
5 0
5 5
11 2
9 4
2 5
6 0
6 3
3 2
3 3
4 5
7 4
2 0
2 2
2 4
2 0
2 3
2 1
2 4
2 1
2 3
2 0
2 5
7 5
12 3
8 5
18 3
16 5
29 3
26 2
23 0
23 2
20 4
2 0
2 5
6 1
6 4
2 5
5 4
2 3
4 0
4 4
2 4
2 4
2 1
2 1
2 5
5 1
5 4
2 3
3 3
2 5
5 3
3 2
3 3
3 3
4 0
4 2
3 2
3 0
3 0
3 1
3 4
2 3
2 4
2 3
2 1
2 2
2 4
2 1
2 3
3 1
3 3
2 1
2 5
5 4
2 1
2 5
5 0
5 3
4 1
4 5
10 4
2 3
2 0
2 0
2 0
2 0
2 2
2 3
3 4
3 0
3 5
10 3
7 1
7 5
18 2
15 5
24 3
22 5
36 1
36 0
36 3
34 0
34 2
30 0
30 3
29 3
27 3
26 0
26 0
26 1
26 5
53 5
79 2
75 2
71 3
69 4
2 5
5 2
3 1
3 0
3 4
2 3
3 4
3 0
3 4
2 4
2 4
2 4
2 3
3 2
2 4
2 4
2 2
2 0
2 4
2 3
2 2
2 1
2 5
5 5
11 4
2 2
2 5
6 5
10 4
4 2
4 3
3 1
3 5
5 0
5 5
12 1
12 0
12 4
2 4
2 5
6 4
2 2
2 3
2 3
3 0
3 4
2 4
2 5
5 1
4 4
2 3
2 5
5 1
5 5
11 1
9 2
7 2
5 3
4 0
4 2
3 5
10 0
10 0
10 4
2 2
2 0
2 4
2 2
2 4
2 0
2 3
3 3
2 1
2 3
2 0
2 0
2 2
2 1
2 0
2 2
2 5
7 4
2 2
2 3
3 1
3 5
5 4
2 3
3 0
3 0
3 1
3 4
2 2
2 3
2 5
5 1
5 5
11 5
17 3
13 5
24 1
24 3
23 4
2 5
5 4
2 0
2 3
2 2
2 2
2 2
2 1
2 2
2 3
2 4
2 4
2 2
2 2
2 2
2 2
2 5
6 4
2 1
2 3
3 3
3 4
3 4
3 3
2 1
2 2
2 4
2 3
2 4
2 3
2 5
5 2
5 5
10 4
2 2
2 4
2 3
2 5
5 1
5 0
5 5
12 0
12 0
12 2
10 4
2 4
2 5
6 3
3 3
3 4
2 3
2 3
3 5
5 3
4 5
11 2
8 2
5 2
3 5
8 2
6 5
6 3
2 3
2 3
2 2
2 1
2 1
2 2
2 3
3 5
5 3
4 3
4 1
4 4
2 5
5 0
5 0
5 1
5 5
10 3
7 3
7 4
2 0
2 4
2 4
2 1
2 3
3 2
3 0
3 0
3 0
3 3
3 4
2 4
2 0
2 2
2 2
2 0
2 3
2 4
2 1
2 0
2 1
2 2
2 1
2 1
2 4
2 4
2 1
2 5
5 3
3 4
2 3
2 4
2 4
2 4
2 4
2 5
5 5
11 0
11 4
2 3
2 0
2 1
2 5
7 2
6 5
10 3
5 1
5 1
5 3
4 3
4 3
4 1
4 2
4 4
2 1
2 3
2 0
2 5
7 1
6 4
2 4
2 3
3 4
3 3
2 2
2 5
6 4
2 3
2 3
2 1
2 3
2 3
2 1
2 3
2 1
2 5
5 4
2 5
5 4
2 2
2 1
2 5
6 2
6 1
4 0
4 2
4 2
4 5
9 2
6 0
6 2
6 5
6 5
6 5
6 5
6 2
6 1
2 0
2 4
2 2
2 2
2 4
2 1
2 2
2 5
6 3
3 4
2 1
2 4
2 1
2 1
2 3
3 3
2 1
2 1
2 5
5 1
5 0
5 0
5 2
3 1
3 5
9 2
6 3
3 2
3 3
3 1
3 4
2 3
2 3
3 5
5 2
5 3
4 0
4 5
12 0
12 3
9 4
2 3
3 3
3 4
3 1
3 0
3 1
3 3
3 2
3 0
3 1
3 1
3 3
3 0
3 3
3 5
10 4
2 3
3 3
3 3
2 1
2 2
2 0
2 0
2 1
2 2
2 4
2 0
2 3
2 5
5 4
2 5
5 4
2 0
2 4
2 2
2 0
2 4
2 1
2 3
3 2
3 1
3 3
3 5
5 5
12 0
12 0
12 4
2 2
2 2
2 1
2 3
2 4
2 2
2 2
2 2
2 5
6 1
5 0
5 4
2 4
2 3
2 1
2 0
2 3
3 0
3 1
3 4
2 4
2 3
2 0
2 0
2 0
2 3
3 3
3 5
7 5
13 3
10 0
10 5
21 3
19 1
18 0
18 3
17 0
17 2
15 1
15 5
32 5
50 2
46 1
46 3
43 3
43 4
2 4
2 1
2 2
2 2
2 3
3 5
5 4
2 2
2 4
2 1
2 4
2 3
3 2
3 5
6 3
4 5
10 2
7 0
7 3
5 0
5 4
2 5
5 5
11 2
8 0
8 3
3 4
2 0
2 3
3 2
2 0
2 3
4 3
4 5
7 3
6 0
6 0
6 5
15 5
23 5
30 4
2 1
2 2
2 1
2 4
2 3
3 5
5 3
4 2
3 4
2 3
3 1
3 0
3 2
3 3
3 4
2 2
2 3
2 5
5 2
3 2
3 0
3 5
8 5
11 4
4 4
4 0
4 5
6 1
6 1
6 5
10 5
11 0
11 3
6 2
5 1
5 3
5 4
2 1
2 0
2 3
4 1
4 0
4 2
3 4
2 5
5 2
4 3
2 5
6 1
6 2
5 3
4 5
11 4
2 3
3 4
3 0
3 3
3 2
3 4
2 3
2 1
2 3
2 0
2 4
2 5
5 5
11 3
8 1
8 2
6 0
6 1
6 5
15 5
23 0
23 4
2 1
2 5
5 0
5 1
4 5
11 0
11 5
17 4
2 0
2 2
2 2
2 1
2 2
2 2
2 5
6 1
5 5
11 0
11 2
8 5
9 3
4 3
4 1
4 2
3 4
2 0
2 5
7 2
6 1
5 3
3 3
3 3
3 2
2 5
7 0
7 0
7 0
7 3
4 1
4 1
4 2
3 2
3 5
9 2
9 1
7 1
6 0
6 3
5 3
5 0
5 5
13 2
10 4
2 4
2 3
3 3
2 3
2 1
2 2
2 2
2 3
2 3
2 2
2 5
6 1
5 5
11 4
2 4
2 2
2 3
2 4
2 4
2 3
3 4
3 5
5 4
2 5
5 4
2 5
5 2
3 3
3 5
7 1
7 3
6 0
6 3
6 5
15 1
15 2
13 0
13 5
23 2
19 4
2 3
2 4
2 0
2 3
3 3
2 2
2 0
2 4
2 3
2 2
2 4
2 5
6 4
2 5
6 0
6 4
2 3
2 0
2 3
3 0
3 0
3 2
3 2
3 4
2 1
2 5
5 5
11 2
8 0
8 1
7 1
7 5
12 4
2 4
2 3
3 3
3 4
3 3
3 0
3 2
3 4
2 4
2 1
2 4
2 2
2 1
2 2
2 3
2 1
2 1
2 0
2 3
4 0
4 5
12 4
2 3
3 4
3 0
3 2
3 2
3 5
8 2
6 5
6 4
6 1
4 4
4 4
4 5
8 4
2 2
2 3
3 5
5 4
2 3
3 5
5 4
2 1
2 3
3 0
3 2
3 5
9 4
2 1
2 5
6 1
5 4
2 2
2 3
3 2
2 2
2 3
3 1
3 3
2 4
2 3
2 3
2 3
2 1
2 4
2 3
2 5
5 3
4 1
4 5
10 3
9 2
7 5
17 0
17 5
26 5
32 1
32 4
2 0
2 3
3 5
6 5
13 5
19 1
19 5
23 2
18 4
2 3
3 4
3 4
3 4
3 3
2 0
2 4
2 1
2 4
2 0
2 1
2 2
2 3
2 1
2 3
2 0
2 3
3 0
3 2
3 2
3 5
8 3
3 0
3 0
3 5
10 1
10 3
7 1
7 3
7 4
2 3
2 4
2 1
2 2
2 4
2 5
6 4
2 1
2 3
2 2
2 2
2 2
2 3
2 1
2 4
2 4
2 4
2 5
5 2
5 2
3 1
3 0
3 5
9 5
14 4
2 3
2 1
2 1
2 4
2 3
3 0
3 5
10 2
9 5
14 1
13 3
10 3
8 1
8 1
8 0
8 5
19 4
2 4
2 2
2 4
2 2
2 0
2 4
2 2
2 5
6 2
6 1
2 4
2 2
2 0
2 3
2 0
2 3
2 2
2 5
6 4
2 5
6 2
6 2
6 4
6 2
6 5
6 5
6 5
6 2
6 4
6 2
6 1
4 4
4 3
2 0
2 0
2 5
7 0
7 2
6 2
6 3
2 4
2 3
2 3
2 3
3 5
5 3
4 5
11 0
11 1
11 1
11 4
2 0
2 2
2 2
2 1
2 2
2 5
6 3
6 3
5 0
5 3
5 0
5 5
14 4
2 4
2 1
2 3
2 1
2 4
2 2
2 5
6 3
4 1
4 2
3 5
6 2
6 0
6 5
12 0
12 5
16 3
16 2
15 1
15 5
21 2
17 1
17 4
2 0
2 1
2 0
2 3
3 5
7 0
7 2
5 2
5 3
4 5
10 3
8 4
2 4
2 2
2 1
2 3
3 4
3 3
4 2
3 4
3 1
3 2
3 5
5 4
2 1
2 2
2 4
2 5
6 0
6 2
6 1
2 3
3 4
3 3
3 1
3 2
2 3
3 1
3 4
3 5
5 2
5 2
3 5
8 0
8 4
2 3
2 0
2 4
2 3
3 4
3 5
5 5
12 2
9 3
6 0
6 2
5 3
4 3
4 5
12 4
2 4
2 3
2 3
3 5
5 0
5 3
5 2
4 3
4 5
10 1
10 4
2 3
2 1
2 2
2 4
2 0
2 1
2 2
6 5
6 2
6 1
2 3
2 5
5 4
2 0
2 2
2 2
2 1
2 3
3 4
2 5
5 0
5 3
4 0
4 3
4 2
3 5
10 3
7 4
2 0
2 0
2 5
7 3
4 4
2 5
5 1
4 3
5 3
4 3
4 5
11 0
11 4
2 5
5 4
2 3
2 2
2 2
2 3
3 0
3 3
3 5
10 2
9 3
6 0
6 2
5 0
5 0
5 2
4 3
3 5
10 1
9 1
9 5
16 5
23 2
18 3
16 5
27 1
27 0
27 3
25 4
2 4
2 2
2 2
2 0
2 2
2 0
2 3
2 3
4 5
5 2
5 3
5 5
12 5
21 3
18 4
2 1
2 2
2 4
2 3
2 3
4 5
5 5
13 5
20 3
18 0
18 2
14 1
14 0
14 0
14 2
12 3
10 2
9 5
21 1
20 4
2 5
5 4
2 1
2 4
2 3
2 3
2 2
2 2
2 4
2 1
2 3
2 3
3 2
3 3
3 5
5 2
6 2
4 1
4 2
4 2
4 2
4 5
9 3
5 1
5 2
4 0
4 5
11 1
11 5
18 2
14 0
14 2
10 4
4 4
4 0
4 1
4 1
4 5
6 5
10 5
11 3
6 3
5 3
5 2
4 1
4 5
12 1
11 3
9 1
9 2
8 5
20 0
20 3
18 3
17 5
33 5
50 2
46 5
60 1
60 0
60 2
55 3
55 1
55 3
55 4
2 3
3 0
3 3
3 3
3 3
3 3
3 2
3 5
9 4
2 1
2 0
2 5
6 5
12 4
2 1
2 2
2 4
2 1
2 1
2 1
2 5
5 4
2 2
2 1
2 5
6 5
10 2
6 4
6 1
2 1
2 0
2 5
6 0
6 5
10 5
11 4
4 3
3 3
2 3
3 3
3 2
2 5
5 4
2 3
3 4
3 5
5 5
12 3
10 3
9 0
9 0
9 4
2 3
3 2
3 3
2 1
2 5
5 4
2 1
2 2
2 2
2 3
2 2
2 2
2 2
2 4
2 3
3 5
5 2
3 0
3 1
3 4
2 0
2 2
2 2
2 4
2 0
2 2
2 2
2 1
2 0
2 1
2 2
2 5
6 1
6 5
11 3
6 2
5 5
13 3
9 4
2 1
2 4
2 3
3 0
3 4
2 4
2 2
2 5
6 5
10 3
8 2
7 1
7 2
6 2
5 0
5 5
11 3
6 5
15 1
15 0
15 5
24 4
2 3
2 3
2 1
2 4
2 0
2 3
3 3
3 1
3 -1
4 2
3 0
3 4
2 3
4 4
4 0
4 1
5 4
2 0
2 2
2 1
2 3
3 4
3 5
5 1
5 4
2 4
2 5
5 0
5 5
10 4
2 0
2 3
3 1
4 3
3 1
4 1
4 5
7 5
15 1
15 4
2 4
2 0
2 0
2 3
3 0
3 0
3 0
3 2
3 4
2 4
2 5
5 1
4 3
4 2
4 0
4 1
5 1
5 2
4 3
4 0
4 0
4 1
4 3
4 1
5 4
2 5
5 3
3 4
2 5
5 5
11 3
7 5
17 0
17 1
17 1
17 0
17 3
13 5
28 1
28 4
2 2
2 5
6 2
6 5
6 4
6 2
6 1
2 0
2 2
2 0
2 0
2 3
3 5
5 1
5 0
5 2
5 3
4 1
4 2
3 4
2 3
2 5
5 1
4 0
4 0
4 3
4 0
4 4
2 3
2 0
2 4
2 4
2 0
2 1
3 4
2 3
2 1
3 5
5 5
12 3
10 5
19 3
18 1
19 3
16 1
16 3
16 4
2 3
2 4
2 4
2 4
2 0
2 2
4 4
2 1
2 5
5 4
2 2
2 4
2 2
6 4
6 4
6 2
6 4
6 5
6 3
2 4
2 4
2 1
3 2
2 2
2 4
2 4
2 2
6 5
6 0
6 3
2 5
5 3
4 0
4 1
5 0
5 1
5 5
14 3
12 4
2 3
3 4
3 4
3 3
2 2
4 4
4 2
6 0
6 4
6 3
2 1
3 4
3 1
3 4
3 4
3 3
3 2
3 3
2 1
3 3
2 1
2 2
2 3
3 5
5 5
12 0
12 5
18 4
2 2
2 4
2 1
2 2
6 5
6 2
6 5
6 3
2 1
2 1
3 0
3 3
3 0
3 3
3 4
2 0
2 4
2 4
2 2
2 0
2 1
2 1
3 3
2 2
2 3
2 4
2 1
3 4
3 1
4 1
4 4
4 4
4 2
3 3
3 0
3 3
3 5
10 5
16 5
21 3
21 1
21 3
21 1
21 4
2 2
2 3
2 2
2 2
2 3
3 1
4 3
2 2
4 3
2 4
2 3
3 1
4 2
3 3
4 0
4 2
4 2
3 2
4 1
3 1
3 4
3 4
3 2
2 3
3 3
2 2
2 3
2 5
5 2
8 2
6 4
6 1
2 0
2 2
2 2
6 4
6 3
2 5
5 4
2 4
2 3
2 5
5 4
2 1
2 2
4 3
2 4
2 5
5 1
5 2
4 5
10 3
6 1
6 3
5 4
2 2
2 1
3 3
2 0
2 5
7 4
2 4
2 1
2 4
2 5
5 1
4 0
4 4
2 3
3 3
3 3
3 1
3 3
2 5
5 2
3 2
3 5
8 2
6 0
6 0
6 1
2 1
3 0
3 4
2 0
2 3
3 2
3 1
4 2
3 0
3 1
3 5
8 1
8 1
8 1
8 2
7 5
15 1
15 5
22 5
26 5
29 0
29 2
24 1
24 2
19 1
19 4
2 3
2 3
3 1
3 3
2 2
2 0
2 0
2 0
2 3
3 2
2 1
2 4
2 4
2 1
2 1
2 3
2 5
5 0
5 5
11 5
15 4
2 5
5 2
3 3
3 4
2 5
5 5
10 1
9 0
9 5
16 0
16 4
2 5
5 5
11 0
11 5
15 1
15 3
11 3
9 0
9 2
8 5
19 2
16 4
2 4
2 1
3 4
3 5
5 4
2 3
2 3
3 3
2 0
2 4
2 3
2 3
2 3
3 1
3 5
5 2
6 3
5 3
4 3
5 2
4 4
2 0
2 2
2 4
2 1
2 3
3 5
5 2
5 5
11 5
15 1
15 1
15 5
18 0
18 5
21 5
24 0
24 5
26 2
21 3
21 3
21 2
16 1
16 4
3 2
2 2
2 3
2 3
2 3
3 0
3 2
3 2
3 0
3 2
3 2
3 0
3 5
8 3
4 0
4 4
2 4
2 4
2 4
2 3
3 1
3 3
2 4
2 5
5 5
11 1
11 5
16 0
16 5
18 3
17 2
16 1
16 2
13 5
21 5
26 4
2 3
3 1
3 1
3 1
3 2
2 2
2 2
2 2
2 3
2 3
2 3
3 4
3 3
2 2
2 2
2 1
2 4
2 5
5 2
5 4
2 4
2 5
6 3
3 2
3 2
4 3
2 5
6 2
9 0
9 2
6 1
4 5
8 3
3 5
8 1
8 3
8 2
7 4
2 0
2 4
2 2
2 3
2 0
2 5
7 4
2 3
2 4
2 4
2 5
5 1
5 3
4 4
2 2
2 4
2 2
2 0
2 5
6 2
6 0
6 0
6 3
2 3
2 3
3 3
2 4
2 3
2 1
2 4
2 3
3 3
2 3
2 3
2 1
2 2
2 5
6 2
6 4
6 5
6 5
6 3
2 5
5 4
2 5
5 4
2 1
2 4
2 2
2 3
3 0
3 0
3 4
2 1
3 2
2 0
2 2
2 3
3 4
3 5
5 3
4 3
4 1
4 3
4 5
11 4
2 3
2 5
5 5
10 0
10 3
6 5
15 1
15 3
13 2
11 3
10 4
2 3
2 3
3 2
3 3
2 0
2 5
6 0
6 0
6 3
5 4
2 5
5 1
5 0
5 4
2 0
2 0
2 4
2 0
2 0
2 0
2 2
2 2
2 4
2 4
2 5
6 4
2 5
6 5
10 5
11 2
6 1
2 3
2 3
3 5
5 2
5 3
4 2
4 3
4 0
4 2
3 1
4 2
3 4
2 1
3 4
3 1
3 4
3 5
5 5
12 0
12 3
10 5
20 3
16 4
2 1
3 5
5 3
5 1
6 1
6 0
6 4
2 2
4 3
3 2
3 2
4 5
8 5
9 0
9 5
10 2
6 2
6 2
6 3
2 2
4 2
4 5
8 3
4 4
2 3
3 4
3 0
3 0
3 1
3 4
2 5
5 1
5 1
5 5
11 4
2 1
3 0
3 5
9 0
9 0
9 3
8 2
7 1
7 4
2 1
3 5
5 0
5 4
2 1
3 1
3 2
2 4
2 0
2 0
2 3
3 3
3 4
2 0
2 2
2 3
2 5
5 1
6 5
10 4
2 1
3 4
3 4
3 3
3 3
3 3
2 0
2 3
2 2
2 3
3 5
7 2
5 1
5 1
5 4
2 2
2 2
2 3
2 5
5 5
11 5
15 3
12 5
23 5
30 4
2 2
2 2
2 3
2 3
4 0
4 2
3 1
4 2
3 5
9 3
6 4
2 0
2 2
2 4
2 4
2 3
2 0
2 0
2 1
3 4
2 4
2 4
2 2
2 4
2 3
2 3
2 0
2 4
2 1
2 3
2 0
2 3
3 3
4 4
3 5
5 4
2 1
2 1
2 3
2 2
2 3
3 1
3 5
5 3
4 1
4 4
2 0
2 4
2 2
2 4
2 3
2 0
2 4
2 1
2 5
5 3
3 3
3 2
3 3
3 3
3 1
4 3
3 1
3 3
3 3
3 4
2 5
5 3
4 3
5 2
4 4
2 5
5 3
4 1
4 1
4 3
4 3
4 3
4 4
3 4
3 0
3 5
9 1
9 4
2 1
2 4
2 4
2 0
2 3
3 3
3 3
2 3
3 2
2 2
2 3
3 5
5 2
5 3
3 1
4 3
3 4
2 2
2 3
3 3
3 4
3 5
5 1
5 1
5 3
4 0
4 3
4 3
4 2
3 3
3 4
2 4
2 3
3 4
3 4
3 4
3 3
3 4
3 5
5 3
5 3
5 5
12 0
12 3
10 5
23 3
21 0
21 3
20 1
20 4
2 4
2 4
2 5
5 2
5 3
4 0
4 5
12 1
12 3
9 0
9 3
9 0
9 0
9 1
9 3
9 3
9 3
9 3
9 4
2 4
2 4
2 3
3 0
3 5
10 2
7 3
4 2
3 2
3 2
3 0
3 4
2 3
3 4
3 4
3 2
2 5
5 5
11 2
9 1
9 4
2 0
2 3
3 0
3 0
3 5
10 5
16 5
21 2
16 3
16 3
11 5
25 5
38 4
2 1
2 0
2 4
2 2
2 3
2 0
2 4
2 0
2 3
3 0
3 4
2 4
2 4
2 1
2 3
2 1
2 4
2 5
5 3
3 2
3 4
2 3
2 2
2 0
2 3
2 4
2 3
2 3
3 1
3 4
3 5
5 5
12 5
18 2
14 3
11 2
7 5
15 5
19 4
2 1
2 2
2 2
2 0
2 3
2 3
2 4
2 4
2 5
5 3
3 0
3 5
9 0
9 3
8 3
7 5
18 2
15 3
12 3
12 4
2 4
2 4
2 3
2 1
2 4
2 5
5 0
5 5
11 3
6 0
6 5
16 3
14 0
14 2
12 5
24 0
24 5
35 3
32 3
32 2
28 1
28 5
47 0
47 3
47 3
47 2
43 3
40 2
36 2
34 1
34 2
32 5
60 4
2 4
2 2
2 3
2 3
3 1
3 2
2 2
2 4
2 3
3 5
5 2
3 1
3 5
9 1
9 3
6 3
6 0
6 3
6 5
15 2
12 1
11 1
11 3
11 4
2 0
2 3
4 4
3 3
2 3
3 5
5 4
2 5
5 4
2 4
2 5
5 4
2 3
2 1
2 3
2 5
5 3
3 3
3 3
3 2
3 3
3 3
3 3
3 2
2 4
2 1
2 2
2 1
2 2
2 4
2 1
2 5
5 4
2 0
2 0
2 5
7 3
4 3
4 4
2 3
3 1
3 5
5 0
5 0
5 2
3 1
3 3
3 3
4 0
4 3
4 0
4 3
4 2
3 0
3 0
3 4
2 3
2 3
2 0
2 5
7 4
2 3
3 4
3 4
3 3
3 2
3 1
3 5
6 5
12 4
2 2
2 3
3 2
2 1
2 3
2 4
2 2
2 1
2 1
2 5
5 1
4 0
4 3
4 0
4 5
11 2
8 1
8 5
16 0
16 4
2 5
5 3
3 2
3 1
3 0
3 5
9 1
9 3
5 0
5 4
2 4
2 0
2 0
2 5
7 4
2 2
2 1
2 0
2 2
2 5
6 2
6 0
6 5
6 4
6 3
2 3
2 5
5 3
3 3
3 1
3 3
3 2
3 3
3 2
2 2
2 3
2 3
2 5
5 1
5 3
4 1
4 2
4 2
3 4
2 2
2 1
2 2
2 1
2 4
2 3
2 3
2 4
2 1
2 2
2 5
6 5
10 5
11 3
6 1
6 3
5 2
5 1
5 3
5 0
5 4
2 4
2 0
2 5
6 2
6 0
6 0
6 4
2 2
2 4
2 3
3 3
2 2
2 0
2 3
4 2
3 5
7 3
5 0
5 5
14 2
12 0
12 0
12 3
10 0
10 2
8 3
7 3
7 2
6 3
6 0
6 3
6 5
15 2
13 5
22 5
29 2
24 1
24 4
2 1
2 2
2 0
2 2
2 3
3 2
2 5
5 4
2 5
6 0
6 3
3 3
3 1
3 5
8 2
5 0
5 2
3 4
2 2
2 4
2 0
2 5
6 3
3 2
3 5
9 2
6 0
6 1
5 5
11 1
11 3
6 2
5 4
3 1
3 5
5 3
4 5
12 3
10 5
21 4
2 2
2 2
2 3
2 5
5 2
5 3
4 2
3 5
8 1
8 1
8 4
2 5
5 3
4 2
3 4
3 1
3 2
3 3
3 5
5 3
5 4
2 4
2 2
2 4
2 3
2 2
2 1
2 3
3 1
3 3
3 3
2 1
2 4
2 2
2 5
6 2
6 3
2 5
5 5
11 3
6 0
6 5
16 2
14 4
2 5
5 3
3 5
10 1
10 2
8 3
5 1
5 0
5 2
4 1
4 2
3 3
3 5
10 5
16 2
12 2
8 2
6 3
2 5
5 3
3 4
2 2
2 2
2 2
2 2
2 4
2 2
2 2
2 4
2 5
6 4
2 4
2 3
2 3
3 1
3 0
3 1
3 3
3 2
3 3
4 1
4 1
4 5
8 3
7 3
7 2
6 2
5 3
5 2
4 1
4 2
3 1
3 5
9 2
6 2
3 3
4 1
4 4
3 4
3 0
3 4
2 4
2 3
3 2
2 2
2 2
2 3
2 4
2 4
2 1
3 3
3 1
3 3
3 3
2 5
5 5
10 4
2 1
2 5
5 3
4 1
4 5
10 3
8 2
7 1
8 2
7 4
2 5
5 5
11 3
8 2
7 3
5 3
5 0
5 0
5 2
4 2
4 4
2 2
2 5
6 2
6 5
6 0
6 3
2 3
3 0
3 5
10 4
2 5
5 4
2 3
3 4
3 2
3 2
3 1
3 2
3 2
3 3
3 3
3 4
3 5
5 2
5 5
11 5
15 3
12 2
11 5
20 3
15 3
15 3
14 3
14 2
13 3
13 3
13 1
13 3
13 1
13 1
13 3
13 1
13 0
13 0
13 1
13 3
13 4
2 3
2 2
2 3
2 5
5 1
5 1
5 2
4 2
3 4
2 2
2 3
2 4
2 0
2 2
2 1
2 2
2 3
3 3
2 4
2 0
2 0
2 0
2 4
2 5
5 5
11 0
11 1
10 2
7 2
4 4
4 1
3 3
2 5
5 2
3 3
3 3
3 4
2 3
2 4
2 2
2 0
2 3
4 2
3 3
3 0
3 5
10 0
10 2
7 3
4 2
3 4
2 5
5 4
2 2
2 5
5 2
5 3
5 0
5 2
4 3
4 2
4 3
4 0
4 0
4 3
4 3
4 1
4 0
4 5
12 3
10 2
9 4
2 0
2 2
2 4
2 2
2 3
2 1
2 3
3 4
3 2
2 5
5 3
4 3
4 3
4 2
3 3
3 2
3 1
3 2
2 0
2 3
3 2
2 3
3 1
3 3
3 0
3 5
10 0
10 5
16 1
15 2
11 3
8 2
7 2
6 5
14 4
2 2
2 2
2 5
6 5
10 3
4 0
4 1
4 1
4 4
2 2
2 1
2 0
2 3
4 2
3 4
3 3
2 5
5 0
5 2
5 2
5 5
11 3
6 3
6 1
6 5
15 5
25 5
33 5
36 1
36 5
38 1
38 2
33 2
28 5
31 3
31 1
31 4
2 3
2 5
5 3
4 1
4 4
2 3
3 1
3 2
3 5
6 4
2 3
3 4
3 0
3 3
3 2
3 3
3 4
3 5
5 2
5 5
12 1
11 2
8 1
6 0
6 2
5 3
4 1
4 3
4 4
2 4
2 5
5 3
3 5
10 3
7 2
6 1
6 5
16 0
16 5
25 4
2 4
2 3
2 2
2 3
2 2
2 4
2 3
2 2
2 2
2 1
2 1
2 1
2 0
2 4
2 5
5 4
2 2
2 5
5 1
5 3
4 2
3 1
3 3
3 3
3 3
3 2
3 3
3 4
3 1
3 3
2 2
2 1
2 5
5 4
2 2
2 2
2 0
2 2
2 0
2 2
2 5
6 2
6 3
2 3
2 2
2 2
2 3
2 5
5 3
3 5
9 4
2 4
2 2
2 1
2 2
2 4
2 1
2 0
2 1
2 2
2 5
6 5
10 5
11 3
6 5
15 5
23 0
23 4
2 2
2 2
2 4
2 3
3 3
3 1
3 4
3 3
2 0
2 5
7 1
7 3
4 3
4 4
2 0
2 4
2 4
2 4
2 5
5 1
5 2
3 4
2 4
2 0
2 3
3 4
3 2
2 4
2 4
2 4
2 1
2 5
5 3
4 2
3 3
4 0
4 4
2 3
3 5
5 3
6 4
2 5
5 0
5 1
5 4
2 4
2 1
2 2
2 2
2 2
2 3
3 5
5 4
2 3
2 4
2 1
2 5
5 4
2 2
2 5
6 2
6 3
2 1
2 0
2 5
7 4
2 2
2 4
2 3
2 3
4 5
5 3
5 0
5 4
2 1
2 1
2 5
5 2
3 0
3 1
3 4
2 3
2 2
2 2
2 3
2 2
2 2
2 5
6 4
2 1
2 1
2 5
6 2
6 3
2 4
2 3
3 0
3 2
3 5
9 4
2 2
2 4
2 4
2 0
2 3
3 3
2 5
5 4
2 4
2 2
2 4
2 1
2 5
5 5
11 1
10 5
16 2
12 4
2 3
2 3
3 5
5 4
2 1
2 3
2 4
2 2
2 2
2 3
2 3
2 4
2 1
2 0
2 3
4 2
3 4
2 3
2 0
2 4
2 1
2 4
2 1
2 5
5 5
11 1
10 2
9 3
6 0
6 5
16 3
14 1
14 3
13 2
11 2
10 2
9 4
2 3
3 4
3 3
3 3
3 1
3 0
3 1
3 5
10 1
10 3
7 2
6 4
2 3
2 1
2 3
3 3
2 3
4 5
5 0
5 0
5 2
3 3
3 2
3 4
2 3
3 3
2 4
2 4
2 0
2 3
3 0
3 5
10 4
2 0
2 3
3 2
2 1
2 3
3 0
3 3
3 5
10 1
10 3
7 1
7 4
2 5
5 2
4 2
4 3
3 2
2 2
2 0
2 5
7 3
4 4
2 3
4 1
4 3
3 4
3 4
3 3
3 2
2 4
2 4
2 3
3 5
5 5
12 3
10 2
9 5
18 4
2 0
2 2
2 2
2 5
6 4
2 1
2 0
2 4
2 3
2 2
2 4
2 4
2 2
2 1
2 3
2 2
2 5
5 1
5 1
5 3
3 1
3 5
9 3
9 0
9 1
9 5
20 0
20 3
15 0
15 2
13 3
13 2
11 1
11 3
11 3
11 5
26 5
40 5
53 1
53 0
53 1
53 3
53 3
52 4
2 2
2 1
2 1
2 1
2 5
5 5
11 2
9 4
2 2
2 0
2 3
2 2
2 4
2 5
5 3
4 2
3 1
3 0
3 4
2 2
2 5
6 3
4 4
2 5
5 3
3 1
3 3
3 5
10 1
10 5
17 3
14 3
13 3
12 0
12 4
2 0
2 4
2 2
2 3
2 1
2 4
2 2
2 4
2 2
2 0
2 1
2 5
5 4
2 4
2 3
3 2
3 0
3 5
9 1
8 4
2 3
2 5
5 4
2 3
2 4
2 1
2 3
2 4
2 0
2 4
2 3
3 4
3 2
2 2
2 5
6 2
6 2
6 0
6 3
2 2
2 5
6 3
3 0
3 3
3 4
2 2
2 3
2 3
2 3
3 3
2 1
2 3
3 3
2 2
2 0
2 2
2 3
2 3
2 2
2 3
2 5
5 3
4 5
10 5
18 3
16 5
28 2
24 1
24 0
24 0
24 0
24 3
20 4
2 4
2 4
2 2
2 3
2 4
2 3
4 1
4 2
3 1
3 4
3 1
3 3
3 5
5 3
4 2
3 2
3 2
3 5
9 2
9 0
9 3
5 2
5 2
4 5
10 4
2 1
2 4
2 2
2 5
5 5
11 1
9 3
6 0
6 2
5 5
13 3
12 3
11 4
2 0
2 5
7 4
2 2
2 2
2 3
2 4
2 2
2 2
2 3
2 2
2 2
2 3
3 5
5 3
4 1
4 1
4 4
2 3
2 3
3 1
3 2
2 5
5 3
4 2
3 5
8 5
15 3
12 3
10 5
24 5
37 3
35 5
54 2
50 3
49 4
2 4
2 3
2 4
2 3
2 2
2 3
3 2
2 3
2 4
2 5
5 2
5 4
2 1
2 1
2 3
3 1
3 0
3 1
3 5
10 1
10 2
8 3
8 3
6 1
6 3
7 3
6 4
3 2
2 3
4 3
3 3
2 2
2 3
3 3
3 5
5 4
2 0
2 5
7 3
4 2
3 2
3 1
3 5
9 5
14 4
2 1
2 0
2 0
2 5
7 4
2 4
2 3
3 4
3 5
5 5
12 2
9 5
14 3
11 4
2 4
2 4
2 1
2 0
2 0
2 4
2 4
2 4
2 4
2 1
2 5
5 3
4 3
4 3
5 0
5 3
5 5
14 3
12 3
11 1
11 0
11 2
10 4
2 3
2 3
2 5
5 5
11 2
9 2
6 4
6 3
2 4
2 2
2 5
6 5
10 3
4 3
4 5
11 3
10 2
9 5
21 3
18 4
2 4
2 3
3 1
3 1
3 2
2 2
2 1
2 2
2 3
2 2
2 5
6 4
2 2
2 5
6 3
4 4
2 3
2 2
2 5
6 1
6 2
6 3
3 1
3 3
3 0
3 4
2 0
2 3
3 0
3 4
2 4
2 5
5 3
4 2
4 3
4 0
4 4
2 4
2 2
2 4
2 0
2 2
2 4
2 2
2 0
2 2
2 0
2 2
2 4
2 5
6 2
6 3
2 3
2 4
2 0
2 1
2 0
2 3
3 0
3 5
9 0
9 3
8 0
8 3
7 2
6 2
5 4
2 5
5 5
11 3
6 2
5 5
14 4
2 3
3 5
5 4
2 2
2 3
2 5
5 2
5 2
3 0
3 3
3 1
3 1
3 4
2 3
3 0
3 3
3 3
3 2
3 4
2 2
2 0
2 1
2 2
2 5
6 4
2 4
2 3
3 3
3 4
3 1
3 4
3 3
3 0
3 2
3 3
3 4
2 0
2 5
7 3
4 4
2 3
2 3
3 3
3 3
2 1
2 3
2 5
5 5
11 0
11 2
9 5
10 5
11 3
6 2
5 5
13 0
13 3
9 0
9 5
21 5
32 3
30 5
47 1
47 2
42 2
38 5
49 5
57 3
57 3
57 5
74 0
74 2
69 5
81 5
91 2
86 3
86 4
2 3
4 3
3 4
3 2
2 2
2 3
3 2
3 2
3 4
3 1
3 3
3 3
3 3
2 3
2 3
3 4
3 3
2 3
2 4
2 4
2 3
3 2
2 3
3 4
3 4
3 5
5 2
3 3
3 4
2 3
3 3
3 2
2 0
2 3
3 1
3 5
7 5
14 2
11 3
6 4
2 3
2 3
2 1
2 5
5 5
11 0
11 1
10 5
16 5
19 4
2 2
2 5
6 3
3 2
3 0
3 2
3 5
8 4
2 4
2 4
2 5
6 2
6 1
2 2
2 0
2 1
2 0
2 0
2 4
2 3
3 4
3 0
3 3
3 0
3 5
10 5
16 2
12 5
16 4
2 3
3 4
3 4
3 2
3 3
2 2
2 1
2 3
2 0
2 3
3 3
2 1
2 2
2 2
2 3
3 5
7 3
5 3
5 4
2 5
5 4
2 0
2 2
2 3
4 3
3 5
6 3
5 1
5 1
5 4
2 3
3 2
3 4
3 5
6 1
4 0
4 4
2 3
3 4
3 5
5 2
5 3
6 5
13 0
13 2
11 4
2 4
2 1
2 0
2 4
2 4
2 5
5 4
2 3
3 3
2 5
5 2
5 3
4 5
10 5
18 2
14 2
11 4
2 2
2 4
2 2
2 3
2 0
2 5
7 0
7 1
6 2
5 5
11 0
11 4
2 4
2 5
5 0
5 4
2 3
3 0
3 3
3 5
10 4
2 2
2 5
6 2
6 4
6 3
2 0
2 0
2 3
4 3
2 2
2 2
2 3
2 1
2 3
4 3
2 5
5 3
3 5
10 0
10 3
7 3
7 3
7 2
6 3
6 0
6 3
6 3
6 4
2 3
3 2
2 2
2 2
2 0
2 5
6 4
2 3
2 4
2 1
2 1
2 2
2 4
2 5
6 3
3 3
3 2
3 5
8 5
13 5
15 5
16 5
16 5
16 3
16 2
11 5
16 3
10 2
9 4
2 3
3 5
5 4
2 3
2 3
2 0
2 1
2 3
4 0
4 5
12 0
12 3
9 5
21 0
21 2
18 4
2 4
2 5
5 5
11 3
7 2
6 5
14 1
14 5
22 0
22 5
27 3
27 4
2 2
2 4
2 4
2 5
5 4
2 3
3 1
3 0
3 0
3 3
3 2
3 0
3 3
3 1
3 5
8 4
2 2
2 1
2 2
2 0
2 4
2 5
5 5
11 3
7 5
17 3
13 5
27 3
26 5
42 4
2 3
3 1
3 5
5 1
5 3
5 2
4 2
3 3
3 0
3 4
2 4
2 5
5 3
3 5
10 0
10 4
2 3
3 3
2 4
2 2
2 3
2 5
5 1
5 4
2 0
2 4
2 4
2 0
2 0
2 2
2 2
2 0
2 5
6 4
2 4
2 2
2 5
6 3
3 4
2 0
2 4
2 4
2 3
2 2
2 0
2 5
7 5
12 0
12 4
2 5
5 1
5 2
3 4
2 3
2 4
2 4
2 5
5 3
4 1
4 3
4 5
10 3
8 2
7 3
7 1
7 5
18 1
17 2
15 1
15 0
15 2
12 4
2 4
2 5
5 1
5 5
11 1
11 5
18 5
22 1
22 1
22 5
28 3
26 1
26 5
41 3
40 4
2 3
3 2
2 2
2 3
2 2
2 2
2 2
2 2
2 5
6 5
10 2
6 2
6 3
2 2
2 2
2 3
2 5
5 3
5 5
10 3
10 0
10 5
22 2
19 0
19 0
19 3
15 4
2 5
5 3
3 0
3 2
3 4
2 4
2 3
3 0
3 4
2 1
2 3
2 1
2 3
2 1
2 4
2 4
2 1
2 0
2 4
2 3
3 3
2 5
5 4
2 3
3 0
3 2
3 3
3 1
3 4
2 5
5 5
11 4
2 3
3 3
2 0
2 3
3 2
3 4
2 2
2 3
2 0
2 4
2 3
3 1
3 2
2 0
2 3
3 4
2 4
2 3
2 1
3 3
2 5
5 5
11 3
8 3
6 1
6 4
2 0
2 2
2 0
2 3
2 1
2 5
5 4
2 2
2 4
2 0
2 4
2 3
2 0
2 5
7 0
7 3
4 0
4 1
4 4
2 3
3 0
3 4
2 1
2 2
2 2
2 5
5 5
10 1
10 3
6 5
16 3
14 5
28 2
25 5
37 5
46 2
41 1
41 2
36 4
2 0
2 4
2 3
4 0
4 5
12 5
19 1
18 5
26 4
2 1
2 3
3 3
3 1
3 2
2 4
2 5
5 2
3 4
2 5
6 4
2 3
2 4
2 3
3 1
3 0
3 5
10 3
8 3
7 4
2 4
2 5
5 1
5 2
5 5
11 4
2 4
2 3
2 3
3 4
3 4
3 5
5 5
12 1
12 3
9 0
9 0
9 1
9 3
8 4
2 2
2 4
2 3
3 1
3 3
2 5
5 3
4 1
4 0
4 3
4 4
2 0
2 2
2 5
7 1
6 4
2 0
2 5
7 2
6 3
3 3
3 1
3 0
3 4
2 2
2 5
6 1
6 3
3 3
3 5
8 1
8 2
6 3
5 1
5 1
5 4
3 5
5 3
4 3
4 5
12 0
12 5
19 0
19 3
17 4
2 4
2 5
5 3
4 5
10 0
10 3
9 3
8 3
8 5
20 3
17 3
17 4
2 2
2 0
2 2
2 3
2 3
3 4
3 -1
4 5
5 0
5 0
5 3
5 2
4 0
4 5
11 5
19 3
17 0
17 3
16 3
14 2
13 3
13 0
13 0
13 5
30 3
28 5
50 1
50 1
49 5
72 5
94 2
89 2
84 4
2 3
2 2
2 1
2 0
2 1
3 1
3 5
7 3
5 1
6 0
6 2
5 2
4 0
4 4
2 2
2 0
2 4
2 3
2 2
2 5
6 5
10 1
10 3
5 0
5 2
4 3
4 3
4 3
4 2
4 5
10 4
2 2
6 2
6 0
6 3
2 3
2 3
2 3
3 0
3 2
3 0
3 2
3 2
6 5
6 3
2 4
2 0
2 3
3 1
4 4
3 2
2 0
2 2
2 0
2 0
2 2
6 3
2 5
5 5
10 5
15 2
11 5
11 5
11 4
4 5
6 2
6 2
6 1
2 5
6 4
2 5
6 0
6 3
3 3
3 5
8 3
6 2
5 3
5 5
14 0
14 4
2 0
2 4
2 4
2 2
2 2
6 2
6 5
6 4
6 4
6 5
6 0
6 3
2 3
3 0
3 4
2 0
2 3
3 0
3 3
3 3
3 2
3 5
9 3
6 4
3 3
2 5
5 5
10 2
10 4
2 4
2 5
6 0
6 4
2 0
2 3
2 2
2 1
3 2
2 2
2 3
2 2
2 0
2 5
6 4
2 5
6 1
5 3
3 5
8 3
7 1
7 4
2 1
3 5
5 4
2 1
3 0
3 2
3 3
3 3
4 3
3 4
3 1
3 3
3 4
3 3
3 3
4 0
4 0
4 4
2 0
2 4
2 5
5 0
5 2
6 2
6 3
2 1
3 1
3 4
3 1
3 5
5 0
5 4
2 0
2 2
4 4
2 2
2 2
2 3
3 5
5 2
3 4
2 3
2 5
5 4
2 3
4 5
5 3
5 4
2 5
5 5
10 2
6 0
6 0
6 0
6 1
5 5
11 2
9 4
2 0
2 3
3 3
3 2
3 4
3 0
3 3
3 0
3 0
3 4
2 5
5 4
2 4
2 2
2 5
5 0
5 3
3 5
10 0
10 5
16 5
21 5
21 3
21 5
26 3
26 5
36 2
33 5
42 3
41 4
2 1
2 3
2 3
2 4
2 3
3 4
3 3
3 4
3 1
4 4
4 2
3 2
2 2
2 0
2 5
7 2
6 5
10 0
10 0
10 3
4 4
2 4
2 3
3 3
4 0
4 4
2 1
2 5
5 3
5 4
3 3
3 5
5 4
2 2
2 2
2 2
2 4
2 0
2 1
2 0
2 1
3 4
3 2
3 1
3 1
3 1
3 3
2 0
2 5
6 3
7 1
7 0
7 4
2 4
2 2
2 5
5 0
5 3
3 1
4 0
4 3
4 3
4 0
4 4
2 3
2 5
5 2
5 3
4 4
2 4
2 3
2 0
2 5
7 0
7 4
2 5
5 1
5 5
11 3
8 5
19 3
16 5
31 2
28 3
25 4
2 3
2 5
5 3
3 4
2 3
2 5
5 3
3 0
3 4
2 2
2 0
2 3
2 5
7 2
6 4
2 3
2 4
2 2
4 0
4 5
6 0
6 1
7 3
4 1
4 0
4 1
4 1
4 2
4 4
2 1
2 5
5 1
5 2
4 4
2 1
2 3
3 4
3 3
3 0
3 5
10 2
7 0
7 0
7 5
12 1
12 4
2 5
5 3
3 0
3 5
9 0
9 2
6 3
6 5
14 3
10 0
10 5
23 4
2 1
3 4
3 1
3 4
3 2
3 4
3 5
6 3
4 4
2 3
2 3
3 5
5 3
5 3
5 4
2 5
5 2
6 2
6 4
6 3
2 2
2 2
2 4
2 1
2 0
2 2
2 0
2 3
3 5
5 1
5 1
6 0
6 3
5 0
5 2
4 5
12 3
9 0
9 1
9 2
8 2
7 1
7 3
7 1
7 1
8 3
7 4
2 5
5 5
11 3
6 3
6 3
6 3
6 4
2 5
5 4
2 1
3 2
2 2
4 5
8 4
2 3
3 1
3 5
5 5
12 5
18 5
21 5
21 2
16 0
16 4
2 4
2 1
2 5
5 4
2 5
5 4
2 0
2 3
4 1
4 5
7 5
15 2
12 1
12 0
12 0
12 3
9 4
2 4
2 5
5 4
2 4
2 4
2 5
5 0
5 3
4 4
2 1
2 5
5 4
2 5
6 5
10 3
4 4
2 0
2 2
2 5
7 4
2 3
3 3
3 5
5 4
2 4
2 2
2 4
2 3
2 5
5 3
3 4
2 2
4 4
4 3
2 5
5 3
3 3
3 3
3 4
2 5
5 1
5 5
12 3
7 0
7 4
2 2
2 5
6 3
3 2
3 2
2 3
2 0
2 0
2 5
7 4
2 5
5 1
4 4
2 5
5 3
3 5
10 3
7 5
17 2
15 3
13 0
13 2
10 1
10 5
23 4
2 3
2 4
2 4
2 2
4 3
3 0
3 5
10 2
7 1
6 4
2 5
5 4
2 4
2 1
2 3
2 3
3 5
5 2
6 3
4 4
2 1
3 2
3 5
6 3
4 4
3 3
2 5
5 5
10 1
10 5
16 5
19 2
14 4
4 2
4 1
4 3
3 2
2 3
2 5
5 3
4 5
10 4
2 0
2 0
2 5
7 0
7 3
4 2
3 5
10 0
10 3
7 5
18 3
15 3
15 1
15 3
15 3
15 4
2 5
5 4
2 4
2 1
2 5
5 2
3 4
2 2
6 5
6 3
2 4
2 4
2 5
5 4
2 3
2 1
2 0
2 5
7 3
4 4
2 2
2 3
2 4
2 1
2 0
2 4
2 4
2 1
2 3
2 4
2 3
2 3
2 1
2 1
3 0
3 3
3 0
3 2
3 1
3 5
9 0
9 0
9 4
2 1
2 3
4 0
4 0
4 3
4 3
4 5
12 1
12 5
18 1
18 1
19 4
2 0
2 3
3 1
3 0
3 0
3 1
4 2
3 2
2 5
7 2
6 4
2 2
2 4
2 3
3 3
3 1
4 5
5 0
5 2
5 1
5 5
13 3
10 3
9 4
2 2
2 1
3 3
2 5
5 4
2 5
5 0
5 1
5 3
3 1
3 1
4 3
3 4
2 3
3 4
3 3
2 3
3 0
3 3
3 2
3 3
3 4
2 5
5 2
4 5
9 2
6 4
6 3
2 1
2 4
2 3
3 0
3 1
4 2
3 4
2 2
2 2
2 4
2 0
2 4
2 1
2 2
2 4
2 1
2 4
2 3
4 2
3 3
4 2
3 4
3 3
3 5
5 4
2 1
2 3
2 0
2 5
7 3
4 3
4 4
2 0
2 2
2 0
2 3
2 4
2 4
2 3
3 3
3 3
4 3
2 4
2 4
2 5
5 4
2 3
2 0
2 5
7 2
6 1
4 3
3 1
3 4
3 4
3 4
3 5
5 2
6 0
6 5
12 4
2 3
3 2
3 5
6 4
2 3
3 1
3 3
2 3
3 2
3 5
6 1
6 4
2 5
5 0
5 4
2 4
2 1
3 3
2 3
2 1
2 5
5 0
5 4
2 1
2 5
5 5
11 3
6 0
6 3
6 3
6 1
6 3
6 0
6 5
15 1
15 3
14 3
13 1
13 1
13 2
12 2
11 2
10 1
10 3
10 5
24 4
2 1
2 4
2 5
5 1
4 3
5 2
4 3
4 4
3 3
3 4
3 4
3 1
4 0
4 4
2 4
2 2
2 3
3 3
2 1
2 3
3 5
5 5
12 3
8 4
2 4
2 4
2 4
2 4
2 1
2 3
2 5
5 2
5 1
5 5
11 3
7 1
8 2
7 3
7 5
18 0
18 3
15 2
13 4
2 3
2 1
2 2
2 3
3 1
3 4
3 0
3 2
3 0
3 4
2 5
5 2
4 4
2 4
2 0
2 2
2 0
2 4
2 2
2 0
2 0
2 5
6 2
6 3
2 5
5 5
11 3
6 4
2 0
2 0
2 3
3 3
3 5
7 3
5 3
5 2
4 4
2 5
5 0
5 5
11 0
11 5
15 5
16 4
2 0
2 3
4 3
4 3
3 3
3 3
4 0
4 0
4 1
4 3
4 4
2 0
2 4
2 3
2 3
3 0
3 4
2 0
2 5
7 3
4 4
2 3
3 3
2 1
2 3
3 0
3 0
3 3
3 3
3 4
2 3
3 3
2 3
3 0
3 1
4 2
3 2
3 0
3 5
9 0
9 2
9 3
4 2
3 1
3 1
4 4
2 3
3 0
3 1
3 3
3 2
3 2
3 3
3 2
3 5
8 0
8 3
5 0
5 5
14 0
14 2
12 2
10 4
2 3
2 4
2 3
2 1
3 4
3 3
2 0
2 2
2 1
2 4
2 5
5 2
3 2
3 2
3 1
3 2
3 0
3 2
3 5
8 4
2 4
2 3
2 3
2 0
2 0
2 1
2 3
2 3
3 5
7 3
5 4
2 4
2 3
2 3
3 2
2 3
3 5
5 4
2 1
2 1
3 0
3 3
3 1
3 2
3 3
3 5
9 2
7 2
6 3
3 3
3 0
3 3
3 5
10 3
7 2
6 2
5 0
5 0
5 5
13 3
11 3
11 2
9 4
2 5
5 4
2 3
3 0
3 3
3 4
2 4
2 3
3 2
2 4
2 4
2 2
2 4
2 4
2 5
6 2
6 2
6 4
6 4
6 5
6 2
6 4
6 3
2 4
2 4
2 3
2 5
5 5
11 5
15 4
2 4
2 2
2 2
2 4
2 5
6 0
6 2
6 5
6 5
6 3
2 4
2 4
2 0
2 3
2 5
7 5
12 4
2 4
2 5
5 2
3 5
8 0
8 5
11 2
6 3
2 3
3 4
3 3
2 5
5 3
3 4
2 2
4 2
4 3
3 2
2 3
2 4
2 1
3 5
5 3
4 3
4 3
4 2
4 4
2 3
3 4
3 4
3 4
3 1
3 2
3 4
3 1
3 0
3 2
3 3
4 3
4 5
9 4
2 5
5 3
4 0
4 2
4 5
11 5
17 0
17 1
17 2
15 3
11 3
9 5
21 1
21 2
18 1
18 4
2 0
2 1
2 4
2 2
2 1
2 3
3 1
3 0
3 5
10 0
10 1
9 0
9 4
2 1
2 3
3 3
3 3
4 3
3 3
3 5
5 0
5 4
2 5
5 4
2 0
2 2
2 1
3 5
7 5
14 0
14 3
10 2
8 4
2 2
2 4
2 3
3 3
2 3
2 5
5 4
2 5
5 3
4 3
5 1
5 5
10 2
7 4
2 2
2 3
2 2
2 5
6 5
10 5
11 2
6 1
2 5
6 0
6 5
10 3
6 5
14 0
14 1
14 4
2 5
5 3
3 5
9 2
6 5
12 5
16 3
16 1
16 3
10 3
10 3
10 3
10 3
10 0
10 3
10 3
10 4
2 0
2 2
2 0
2 1
3 3
2 5
7 2
6 5
10 3
5 5
13 4
2 4
2 4
2 2
2 5
6 4
2 2
2 2
2 3
2 4
2 0
2 4
2 5
5 2
5 5
11 4
2 5
5 2
4 3
3 4
2 3
2 5
5 4
2 4
2 0
2 2
2 1
2 3
2 1
2 5
6 4
2 4
2 4
2 1
2 5
5 0
5 3
3 5
9 4
2 0
2 5
7 4
2 3
2 5
5 5
11 4
2 4
2 1
2 3
2 2
2 5
6 2
6 5
6 0
6 1
2 4
2 1
2 5
5 5
11 2
8 0
8 4
2 3
3 2
2 3
4 1
4 4
4 4
4 0
4 1
4 5
12 4
2 0
2 3
2 5
6 4
2 2
2 0
2 5
6 2
6 3
2 0
2 1
2 3
3 2
2 3
2 3
2 5
5 4
2 2
2 0
2 1
2 3
3 4
3 1
3 3
4 2
3 1
3 0
3 1
3 2
3 0
3 3
4 0
4 4
2 5
5 2
5 3
3 5
9 4
2 5
5 3
4 1
4 5
10 3
8 0
8 2
7 1
7 5
18 3
16 0
16 0
16 3
15 3
15 4
2 2
2 5
5 0
5 2
5 2
5 0
5 3
3 2
3 3
4 3
4 5
9 3
7 1
7 1
7 0
7 2
6 4
2 3
3 2
2 4
2 4
2 1
2 5
5 5
11 4
2 5
5 3
4 2
4 4
2 4
2 5
5 5
10 0
10 4
2 5
5 3
4 1
4 2
3 4
2 5
5 2
6 4
2 5
6 5
10 4
2 3
3 5
5 0
5 4
2 4
2 3
2 3
3 0
3 5
10 3
7 3
7 4
2 4
2 5
5 5
10 3
7 2
6 4
2 3
3 2
2 5
5 0
5 3
4 5
11 1
11 3
8 3
8 3
8 4
2 3
2 0
2 4
2 1
2 3
3 0
3 3
3 4
2 3
2 1
2 5
5 3
4 3
4 3
5 4
3 3
2 2
2 0
2 5
7 1
7 2
7 5
12 3
8 4
2 0
2 5
7 0
7 4
2 5
5 5
10 5
15 0
15 4
2 3
3 3
3 3
2 5
5 4
2 3
2 3
3 5
5 2
5 3
4 2
3 4
3 5
5 3
4 5
12 3
9 4
2 3
2 5
5 3
4 5
11 4
2 5
5 4
2 2
2 5
5 2
5 4
2 5
5 3
3 5
10 3
7 5
17 2
14 3
11 3
11 4
2 3
3 2
2 4
2 3
2 2
2 1
2 4
2 3
3 3
3 4
3 4
3 1
3 1
3 2
2 4
2 0
2 1
2 3
3 3
3 2
2 2
2 5
6 5
10 1
9 3
5 4
2 2
2 0
2 0
2 0
2 3
3 4
3 1
3 0
3 2
3 2
3 2
3 4
2 0
2 3
2 3
4 5
5 3
5 4
2 0
2 1
2 2
2 5
7 3
4 0
4 5
11 2
8 5
15 4
2 3
3 5
5 3
5 3
5 4
2 3
2 2
2 4
2 5
6 4
2 3
3 4
3 2
2 3
3 3
2 0
2 5
7 4
2 4
2 3
2 0
2 4
2 4
2 3
3 0
3 2
3 0
3 0
3 4
2 2
2 1
2 2
2 3
3 3
2 5
5 4
2 4
2 3
3 5
5 4
2 3
2 0
2 4
2 4
2 4
2 0
2 3
3 4
2 4
2 0
2 3
4 4
3 4
3 2
2 1
2 0
2 5
7 5
12 3
9 0
9 0
9 5
18 3
14 4
2 1
2 5
5 1
5 0
5 4
2 0
2 2
2 4
2 0
2 4
2 2
2 1
2 4
2 2
2 5
6 5
10 2
6 3
2 3
2 3
3 4
3 5
5 2
5 2
3 5
8 2
6 3
2 3
3 4
3 2
2 5
5 0
5 0
5 1
5 2
4 1
4 5
8 3
7 4
2 0
2 2
2 0
2 2
2 3
3 5
5 3
4 1
4 2
3 4
2 1
2 5
5 0
5 0
5 3
3 2
3 0
3 4
2 1
2 0
2 4
2 4
2 5
5 2
3 4
2 3
2 3
2 2
2 4
2 1
2 3
3 5
5 0
5 3
5 3
5 3
5 3
6 4
2 2
2 1
2 0
2 4
2 5
5 4
2 4
2 2
2 3
2 0
2 2
2 3
2 4
2 2
2 2
2 5
6 3
3 0
3 1
3 4
2 2
2 5
6 0
6 4
2 0
2 5
6 4
2 5
6 5
10 5
11 3
8 1
7 4
2 1
2 1
2 0
2 0
2 5
7 3
4 3
4 2
3 2
3 3
3 3
3 0
3 2
3 2
3 3
3 3
3 1
3 1
3 4
2 0
2 5
7 4
2 2
2 2
2 5
6 4
2 4
2 4
2 1
2 3
2 1
2 2
2 5
6 2
6 3
3 0
3 3
3 3
3 3
3 4
2 2
2 3
2 2
2 2
2 3
2 2
2 3
2 0
2 2
2 2
2 2
2 3
3 0
3 1
3 4
2 3
3 1
3 0
3 2
3 3
3 3
3 2
2 1
2 0
2 5
7 5
12 2
10 1
10 3
5 0
5 5
13 5
20 3
16 3
15 3
15 5
32 5
48 4
2 3
2 1
2 3
2 1
2 3
3 5
5 4
2 0
2 2
2 5
7 3
4 5
12 4
2 5
5 1
5 4
2 3
2 2
2 2
2 3
3 2
2 0
2 1
2 2
2 5
7 0
7 5
12 1
12 1
11 2
8 3
4 4
2 5
5 3
4 2
3 1
3 0
3 5
10 3
8 3
7 4
2 4
2 2
2 0
2 3
3 5
7 1
7 2
6 3
4 1
4 3
4 5
12 2
9 0
9 1
8 3
6 2
4 4
2 0
2 5
7 2
6 4
2 3
2 3
3 2
3 3
2 5
5 4
2 5
5 2
6 2
6 4
6 3
2 3
3 1
3 5
5 4
2 3
2 3
2 1
2 2
2 3
2 3
3 4
3 3
3 3
3 0
3 5
10 2
7 4
2 3
3 2
2 1
2 5
5 4
2 5
5 0
5 4
2 3
3 4
3 3
2 3
3 3
3 4
3 0
3 2
3 0
3 2
3 1
3 3
4 3
4 2
3 3
3 2
2 5
5 3
3 4
2 2
2 0
2 5
6 2
6 2
6 5
6 1
4 0
4 3
3 0
3 3
3 3
3 3
3 4
2 4
2 3
2 4
2 4
2 4
2 5
5 1
5 2
3 5
8 4
2 3
3 4
3 5
5 5
12 1
12 2
9 4
2 4
2 4
2 0
2 3
3 2
2 5
6 0
6 0
6 3
6 3
5 3
6 4
3 2
2 3
2 2
2 5
5 4
2 1
2 1
2 2
2 1
2 2
2 2
2 5
6 5
10 1
10 0
10 3
5 4
2 2
2 3
2 0
2 4
2 0
2 3
3 3
4 1
4 2
3 2
3 2
3 3
3 4
3 0
3 3
3 4
2 3
2 0
2 1
2 4
2 3
2 0
2 0
2 0
2 3
3 4
3 0
3 1
3 5
10 2
9 0
9 0
9 3
5 3
5 0
5 5
13 3
13 0
13 0
13 4
2 0
2 2
2 3
3 2
3 4
3 2
3 3
4 1
4 0
4 5
12 1
12 2
10 4
2 3
3 5
5 4
2 3
3 0
3 1
3 1
3 1
3 2
3 1
3 0
3 5
9 3
6 0
6 0
6 5
16 2
14 5
22 1
21 5
30 1
30 1
30 1
30 1
30 4
2 2
2 4
2 2
2 1
2 2
2 0
2 4
2 5
6 3
3 5
9 1
9 1
9 0
9 1
8 3
6 1
6 3
6 3
6 3
6 1
6 5
15 4
2 5
5 5
11 3
6 5
16 3
13 0
13 3
13 2
12 1
12 2
10 0
10 4
2 0
2 4
2 5
5 4
2 5
5 3
3 0
3 0
3 0
3 5
10 0
10 5
16 5
21 1
21 4
2 5
5 4
2 0
2 5
7 3
4 2
4 3
4 2
3 2
3 3
3 3
3 5
8 3
6 4
2 5
5 3
4 2
4 4
2 2
2 1
2 0
2 0
2 2
2 3
3 1
3 4
3 2
3 5
6 3
4 3
4 3
4 0
4 4
2 3
2 4
2 4
2 3
2 2
2 0
2 3
2 3
4 4
3 1
3 5
5 5
12 1
12 1
12 2
10 1
9 3
6 5
16 0
16 3
14 1
14 3
13 2
12 0
12 2
11 3
11 5
25 1
25 4
2 5
5 4
2 0
2 5
7 3
4 1
4 2
3 4
2 1
2 4
2 4
2 0
2 0
2 5
6 2
6 3
6 0
6 1
6 2
5 0
5 4
2 0
2 4
2 4
2 0
2 2
2 4
2 1
2 3
2 2
2 1
2 5
5 5
10 0
10 2
10 3
5 5
13 5
20 3
16 0
16 3
15 0
15 2
14 0
14 4
2 4
2 1
2 2
2 5
6 5
10 3
5 2
4 4
2 3
2 3
3 0
3 1
3 3
3 3
3 2
3 0
3 5
9 2
8 3
3 3
3 3
3 1
3 2
3 1
3 3
4 1
4 3
3 4
2 5
5 2
5 1
5 3
3 4
2 3
3 4
3 0
3 2
3 1
3 1
3 4
2 2
2 4
2 5
6 3
3 5
9 5
15 5
20 5
21 3
21 3
21 3
16 4
2 2
2 3
2 3
3 1
3 3
2 3
2 0
2 1
2 5
7 3
4 4
2 2
2 1
2 0
2 4
2 1
2 4
2 5
6 3
3 2
3 4
2 2
2 2
2 5
6 2
6 2
6 2
6 3
2 2
2 2
2 2
2 3
3 1
3 0
3 4
2 2
2 3
2 3
2 1
2 4
2 5
5 3
4 2
3 4
2 0
2 4
2 3
3 3
3 0
3 5
9 3
9 2
8 0
8 3
7 2
6 5
15 4
2 4
2 3
2 5
5 4
2 4
2 4
2 3
3 1
3 3
2 3
3 4
3 4
3 3
4 1
4 4
4 3
3 0
3 2
3 5
9 5
14 0
14 1
12 5
18 2
13 1
13 0
13 4
2 0
2 3
2 2
2 3
4 3
2 4
2 3
3 3
3 3
2 1
2 2
2 1
2 3
2 3
2 4
2 2
2 3
2 5
5 4
2 5
5 0
5 3
3 4
2 1
2 3
2 1
2 3
3 2
3 0
3 0
3 2
3 1
3 1
3 1
3 0
3 1
3 2
2 3
3 5
7 2
6 5
12 3
8 0
8 4
2 4
2 5
5 1
5 2
5 2
3 1
3 2
3 0
3 5
8 0
8 3
3 2
3 0
3 5
9 3
5 1
5 3
5 3
5 3
5 5
13 3
12 0
12 0
12 1
12 4
2 3
3 0
3 4
2 3
2 2
2 4
2 3
2 0
2 5
7 2
6 1
4 4
2 4
2 3
3 3
2 2
2 3
2 2
2 5
6 4
2 0
2 5
6 4
2 4
2 1
2 5
5 2
4 4
2 0
2 5
6 2
6 5
6 2
6 4
6 4
6 4
6 4
6 3
2 4
2 1
2 1
2 3
2 4
2 3
3 5
5 3
4 2
4 2
4 5
10 3
5 2
4 4
2 5
5 0
5 3
4 1
4 3
4 0
4 1
4 1
4 5
12 5
19 4
2 2
2 4
2 4
2 5
6 3
3 5
9 4
2 1
2 3
3 3
3 3
2 5
5 5
10 0
10 0
10 2
10 2
6 1
4 5
8 2
6 2
6 5
6 4
6 1
4 3
2 4
2 3
2 5
5 2
3 3
3 1
3 3
3 5
7 3
5 4
2 2
2 1
2 1
2 3
2 1
2 4
2 0
2 5
7 3
4 5
12 3
10 2
8 3
7 3
7 5
17 4
2 4
2 5
5 2
3 2
3 2
3 1
3 4
2 2
2 3
2 5
5 1
5 0
5 2
5 1
5 2
5 1
5 3
3 0
3 3
3 1
3 5
9 5
16 3
13 3
11 3
11 1
11 3
11 0
11 4
2 3
3 3
3 3
3 5
5 0
5 1
5 2
5 5
11 2
9 0
9 0
9 2
6 3
2 4
2 3
2 4
2 2
2 5
6 1
5 1
5 5
11 2
8 5
9 4
2 3
2 5
5 0
5 2
3 5
8 4
2 4
2 3
2 3
3 4
3 0
3 3
3 3
3 1
3 5
10 2
9 1
9 4
2 0
2 1
2 4
2 3
2 4
2 2
2 0
2 3
3 3
2 2
2 0
2 4
2 5
6 5
10 3
6 2
5 3
4 5
10 2
8 4
2 5
5 3
4 3
4 4
3 0
3 2
3 0
3 3
3 0
3 3
3 1
3 5
10 1
10 3
7 4
2 3
3 2
2 0
2 3
4 5
7 2
5 5
12 5
18 5
21 3
21 3
21 0
21 1
21 3
16 5
35 2
33 3
29 3
29 2
27 0
27 3
27 0
27 3
27 3
27 3
27 5
58 5
88 3
87 4
2 0
2 1
2 0
2 4
2 5
5 3
3 2
3 3
4 3
3 5
8 1
8 5
16 0
16 2
13 3
9 4
2 3
2 2
2 0
2 5
6 0
6 5
10 0
10 1
10 4
2 1
2 0
2 4
2 2
2 3
2 4
2 3
2 4
2 5
5 3
4 0
4 3
4 5
11 2
8 3
7 0
7 3
6 3
6 5
15 1
15 0
15 1
15 4
2 3
2 5
5 2
5 5
11 3
6 3
6 0
6 4
2 4
2 3
3 1
3 0
3 5
10 1
10 3
7 4
2 5
5 3
4 2
4 1
4 3
5 2
4 5
8 2
5 4
2 5
5 0
5 4
2 3
3 1
3 3
3 0
3 3
3 5
10 4
2 2
2 3
2 3
3 3
4 3
3 2
2 4
2 4
2 3
3 3
2 2
2 3
2 2
2 5
5 3
4 2
3 3
4 2
3 3
3 5
6 4
2 2
2 1
2 4
2 5
5 2
3 1
3 2
2 4
2 5
6 5
10 1
8 0
8 2
4 3
3 5
7 5
14 4
2 5
5 3
4 2
3 4
3 4
3 3
2 4
2 5
5 0
5 2
3 1
3 0
3 2
3 1
3 4
2 3
3 5
5 4
2 5
5 4
2 3
3 2
2 5
5 3
5 2
4 4
3 0
3 3
3 5
10 3
7 4
2 0
2 2
2 3
2 3
3 3
3 3
2 3
3 3
2 2
2 1
2 3
2 3
2 3
3 1
3 2
2 0
2 4
2 2
2 5
6 3
3 4
2 4
2 5
5 1
5 5
11 2
8 2
6 3
3 2
3 3
4 5
8 3
7 2
6 5
16 3
13 2
11 0
11 3
11 2
9 3
9 0
9 3
9 5
22 5
34 0
34 2
30 2
26 1
26 0
26 2
23 5
32 5
38 3
38 4
2 1
2 3
2 3
3 3
3 1
3 5
5 3
4 3
4 3
4 2
3 5
10 3
8 1
8 4
2 4
2 5
5 4
2 5
6 5
10 3
6 3
4 3
4 5
12 3
9 2
8 2
7 3
7 0
7 2
6 0
6 1
6 1
6 3
6 3
6 3
6 5
16 1
16 4
2 3
3 1
3 3
2 2
2 5
5 2
5 0
5 3
3 4
2 1
2 5
5 0
5 0
5 3
4 5
10 0
10 0
10 3
8 4
2 3
2 4
2 3
3 0
3 0
3 3
3 5
10 0
10 0
10 2
9 2
9 2
6 1
4 3
2 2
2 2
2 3
3 3
4 3
3 0
3 2
3 0
3 4
2 1
2 1
2 5
5 1
5 4
2 2
2 1
2 4
2 4
2 3
2 5
5 0
5 0
5 2
5 3
4 1
4 2
3 2
2 5
7 0
7 4
2 3
3 3
3 3
2 5
5 1
5 5
10 0
10 3
7 4
2 5
5 4
2 5
5 5
11 4
2 5
5 3
5 5
10 3
9 0
9 0
9 5
22 2
20 5
31 0
31 4
2 4
2 2
2 -1
4 5
5 2
5 0
5 0
5 2
3 2
3 1
3 3
3 5
7 1
6 5
14 5
21 5
25 2
20 5
21 2
16 1
16 2
11 4
4 5
6 2
6 0
6 0
6 4
6 1
2 1
2 0
2 5
7 0
7 3
4 0
4 1
5 2
4 0
4 0
4 5
12 1
12 2
9 0
9 2
7 2
5 3
3 1
4 1
4 3
3 1
4 5
11 4
2 5
5 4
2 0
2 2
2 5
6 5
10 4
4 5
6 1
7 2
6 5
9 0
9 2
6 2
6 3
2 1
3 4
3 4
3 0
3 1
4 0
4 0
4 3
4 0
4 5
12 3
10 0
10 5
22 2
19 4
2 5
5 3
3 2
3 2
3 1
3 5
8 1
8 3
6 3
5 1
5 0
5 2
4 2
3 2
3 4
2 0
2 0
2 5
7 5
12 2
8 1
7 2
6 0
6 2
6 5
6 1
2 5
6 5
10 2
6 1
2 1
3 5
6 0
6 4
2 1
3 2
2 2
6 3
2 2
4 3
3 5
5 3
4 0
4 4
2 3
3 0
3 0
3 5
10 1
10 4
2 2
4 3
2 2
2 3
2 4
2 3
2 1
3 1
3 5
5 5
12 0
12 2
9 3
5 3
5 5
13 2
10 0
10 5
18 4
2 5
5 3
4 3
4 5
11 1
10 4
2 4
2 0
2 3
4 5
7 3
6 5
15 3
14 2
12 2
10 0
10 2
9 1
9 1
10 4
2 3
2 5
5 5
11 0
11 4
2 5
5 1
5 1
5 2
4 2
3 1
3 5
8 3
5 3
6 4
3 1
3 0
3 2
3 0
3 0
3 1
4 0
4 1
4 2
3 1
4 1
4 5
9 5
17 0
17 3
14 0
14 2
12 3
11 5
24 4
2 0
2 1
3 5
7 5
14 3
10 3
10 4
2 3
2 3
3 5
5 5
12 2
9 5
14 0
14 5
16 5
16 1
16 0
16 4
2 2
2 4
2 2
6 0
6 0
6 1
2 2
6 2
6 5
6 3
2 2
2 1
2 3
3 2
2 0
2 3
3 3
3 2
2 5
6 3
6 5
13 2
11 1
11 1
11 1
12 3
8 1
8 4
2 5
5 3
3 0
3 1
4 3
3 3
3 1
4 1
4 4
3 1
3 0
3 3
3 4
2 3
3 1
4 3
2 5
5 1
4 0
4 3
3 3
3 0
3 4
2 3
3 5
5 2
6 1
6 3
4 1
5 2
4 5
9 4
2 5
5 2
5 2
3 1
3 2
3 5
8 3
4 4
2 2
2 5
6 2
6 0
6 0
6 3
2 1
3 2
3 4
3 2
4 2
6 2
6 1
4 5
8 2
6 3
2 3
2 5
5 2
3 3
3 2
3 3
4 4
3 4
3 3
2 1
2 1
3 2
2 2
2 3
2 0
2 1
3 3
3 4
2 0
2 4
2 2
4 4
4 0
4 5
6 4
2 3
3 0
3 4
2 5
5 1
6 5
10 4
2 1
3 5
5 5
12 2
9 5
14 0
14 5
16 2
11 5
11 0
11 4
4 0
4 4
4 2
4 0
4 0
4 4
4 3
3 3
3 4
3 2
2 2
2 3
2 1
3 1
3 4
3 5
5 1
5 2
3 5
9 1
9 5
16 4
2 1
3 2
2 5
5 2
6 2
6 2
6 4
6 1
4 5
8 3
3 2
2 2
2 3
2 5
5 3
4 0
4 3
4 4
2 0
2 3
2 3
3 4
2 3
3 4
3 1
3 3
2 2
2 3
2 5
5 2
5 3
4 1
4 5
10 0
10 4
2 5
5 2
4 4
2 3
2 1
2 2
2 3
2 4
2 1
3 1
3 2
2 3
2 5
5 2
3 1
3 3
3 2
3 3
5 1
5 4
4 1
4 1
4 1
4 4
4 2
3 0
3 5
10 2
9 2
6 4
2 3
2 4
2 5
5 2
5 1
5 5
12 1
12 2
10 3
5 0
5 1
6 5
15 1
15 0
15 3
12 4
2 3
2 5
5 5
11 5
15 2
10 4
4 3
2 0
2 4
2 0
2 3
4 2
3 5
5 0
5 0
5 5
12 3
8 0
8 2
6 3
6 3
6 3
6 3
6 0
6 2
5 1
5 5
13 5
22 3
19 4
2 1
3 1
3 1
3 2
2 3
3 1
3 3
2 4
2 4
2 5
5 5
11 2
9 1
7 3
4 5
10 5
18 4
2 5
5 3
5 2
4 4
2 3
2 2
2 0
2 4
2 0
2 2
2 2
2 1
2 2
2 2
2 2
2 3
2 4
2 0
2 5
7 2
6 2
6 0
6 1
2 1
2 2
2 2
2 4
2 2
2 2
2 2
4 4
4 3
3 2
2 1
3 2
2 2
2 2
2 2
6 4
6 3
2 5
5 5
11 2
8 1
7 3
3 3
3 3
3 2
3 0
3 1
4 2
3 3
3 1
4 2
3 2
2 5
6 2
9 4
2 1
2 0
2 4
2 1
2 3
3 2
2 3
2 3
2 4
2 3
3 2
2 1
3 1
3 3
2 0
2 4
2 5
5 2
3 5
8 1
7 2
6 2
6 4
6 0
6 1
4 1
4 2
4 3
2 2
2 1
2 5
5 0
5 2
3 4
2 3
3 2
2 2
2 1
2 1
2 5
6 5
10 4
4 5
6 5
10 4
4 0
4 3
2 4
2 0
2 3
3 5
7 1
8 5
13 3
11 5
23 3
20 1
20 1
20 1
20 4
2 5
5 2
5 2
6 0
6 5
10 1
8 0
8 2
6 2
6 2
6 5
6 2
6 0
6 2
6 2
6 1
2 3
2 5
5 3
4 2
4 2
3 1
3 3
3 2
3 5
7 4
2 4
2 3
2 1
2 1
2 2
4 4
4 1
2 5
5 3
4 0
4 5
12 1
12 1
12 2
11 2
8 4
2 3
3 0
3 4
2 1
2 4
2 3
3 1
3 2
2 5
5 4
2 5
5 2
3 0
3 2
3 1
3 3
4 4
3 3
2 3
3 1
3 5
5 3
4 2
4 2
4 5
10 5
14 5
15 0
15 2
11 1
11 1
8 2
8 5
15 3
11 3
9 2
8 4
2 3
3 1
3 5
5 5
12 3
9 0
9 4
2 2
2 2
2 1
2 3
2 0
2 5
7 2
6 3
3 2
3 4
2 3
3 2
2 4
2 2
2 5
5 1
5 4
2 4
2 1
3 5
5 1
5 2
3 3
3 1
4 3
4 4
3 3
2 3
2 3
3 5
5 4
2 4
2 2
2 4
2 1
2 5
5 2
3 3
3 0
3 4
2 5
5 2
6 4
2 4
2 3
2 4
2 1
2 4
2 1
2 0
2 5
7 1
6 1
7 2
6 2
5 2
4 4
4 1
3 2
3 1
3 3
3 2
2 4
2 5
5 0
5 2
5 4
2 0
2 3
3 5
7 2
5 2
4 3
3 1
3 3
3 4
2 2
2 2
2 2
4 2
6 3
2 3
3 5
5 5
12 3
9 1
9 4
2 1
2 5
5 2
4 2
4 4
2 5
6 1
6 2
6 5
10 5
11 0
11 1
11 3
6 1
6 2
5 3
4 1
4 0
4 1
4 2
3 4
2 1
2 2
2 3
3 4
3 1
4 2
3 1
3 4
3 1
3 4
3 0
3 4
2 5
5 0
5 1
5 1
5 1
5 1
5 4
2 4
2 2
2 4
2 0
2 4
2 2
2 4
2 4
2 4
2 3
2 1
2 3
2 1
2 5
5 5
11 0
11 0
11 5
15 4
2 3
2 2
2 4
2 4
2 3
3 0
3 0
3 3
3 3
3 4
2 2
2 5
5 1
6 1
6 1
6 2
4 2
3 2
3 3
3 2
2 5
5 1
5 5
11 2
9 4
2 2
2 1
3 3
3 3
2 2
2 2
2 1
3 1
3 4
3 4
3 3
3 2
3 2
3 0
3 5
9 4
2 2
2 3
3 2
2 5
5 3
3 5
9 2
6 1
6 3
5 3
5 0
5 2
4 5
12 3
9 3
9 0
9 1
9 2
8 2
7 1
7 3
7 4
2 3
2 2
2 1
2 2
2 2
2 1
2 1
2 4
2 0
2 2
2 0
2 1
2 1
2 1
3 5
5 3
5 2
4 3
4 1
4 3
4 1
4 4
2 4
2 0
2 5
7 0
7 3
4 2
4 2
3 5
9 0
9 3
6 2
6 5
12 4
2 0
2 3
2 2
2 4
2 3
2 4
2 2
2 1
2 1
2 1
2 0
2 0
2 2
2 0
2 2
2 5
6 2
6 4
6 4
6 0
6 1
2 2
2 0
2 1
2 5
6 5
10 3
5 0
5 0
5 3
4 0
4 3
4 2
3 0
3 3
3 3
3 4
2 0
2 1
2 1
3 0
3 5
9 4
2 0
2 3
3 2
2 5
6 2
6 5
12 3
9 3
7 4
2 3
2 3
4 1
4 5
5 2
5 0
5 5
12 3
8 5
19 2
16 1
15 5
26 5
35 3
35 2
30 3
27 0
27 5
45 4
2 4
2 3
2 1
2 3
3 1
3 2
2 2
2 1
3 4
3 2
3 4
3 5
6 0
6 0
6 5
12 4
2 2
2 1
2 5
5 5
11 3
7 4
2 2
2 5
6 0
6 4
2 4
2 2
2 2
2 2
2 3
3 3
3 3
2 1
2 5
5 5
11 5
15 2
10 2
6 0
6 5
6 1
2 4
2 0
2 1
2 1
2 3
2 3
2 1
3 3
2 5
5 1
4 5
11 3
7 4
2 0
2 3
3 3
3 2
2 4
2 3
3 3
3 1
3 0
3 1
4 2
3 3
3 5
9 4
2 3
2 1
2 0
2 2
2 1
2 0
2 3
3 5
7 1
7 5
14 4
2 5
5 3
4 3
4 2
3 2
3 1
4 4
2 5
5 0
5 0
5 2
3 3
4 5
7 1
7 0
7 5
15 5
22 5
26 2
21 3
21 3
21 0
21 3
16 3
15 1
15 4
2 3
3 4
3 3
3 4
3 0
3 4
2 5
5 1
5 0
5 1
5 0
5 0
5 2
5 0
5 1
5 3
4 2
3 1
3 5
8 3
7 4
2 1
3 4
3 5
5 3
5 0
5 2
4 4
2 3
3 4
3 5
5 2
5 1
5 5
11 0
11 2
8 0
8 3
4 0
4 1
4 2
4 3
3 3
3 3
3 5
10 1
10 4
2 5
5 2
5 4
2 1
2 3
2 5
5 2
5 2
5 1
5 0
5 4
2 5
5 1
5 5
11 2
9 3
6 4
3 3
3 3
2 5
5 1
5 1
5 4
2 1
2 0
2 2
2 0
2 2
2 4
2 4
2 2
2 0
2 2
2 3
3 2
2 2
2 4
2 4
2 2
2 5
6 4
2 5
6 3
3 4
2 3
2 0
2 3
2 4
2 1
2 3
2 4
2 2
2 2
2 3
2 4
2 3
4 4
4 1
4 5
5 1
5 3
5 5
14 5
22 0
22 3
20 5
32 1
32 1
32 2
27 0
27 2
23 0
23 4
2 4
2 2
2 3
2 2
2 0
2 2
2 5
6 1
4 2
4 4
2 2
2 5
6 4
2 1
2 0
2 2
2 5
6 4
2 0
2 1
2 3
3 1
3 5
5 1
4 4
2 5
5 5
10 5
15 1
15 0
15 1
13 0
13 4
2 1
2 4
2 4
2 5
5 5
11 2
9 4
2 0
2 1
2 4
2 2
2 0
2 5
6 4
2 2
2 2
2 2
2 3
2 4
2 1
3 4
3 3
2 5
5 4
2 3
2 4
2 0
2 4
2 3
3 3
3 1
3 2
2 4
2 3
2 4
2 0
2 3
4 0
4 4
2 3
2 0
2 3
3 3
3 5
7 3
5 2
4 1
4 2
4 1
4 1
4 4
2 2
2 3
2 0
2 0
2 0
2 3
3 0
3 3
3 1
3 4
2 1
2 3
2 3
2 4
2 1
2 5
5 1
6 4
2 3
2 0
2 5
7 3
4 0
4 5
12 3
9 3
9 3
9 4
2 4
2 4
2 3
3 3
3 0
3 3
3 2
3 1
3 3
4 5
9 4
2 3
4 2
3 1
3 1
3 5
5 2
5 3
4 5
10 5
18 5
24 5
26 4
2 4
2 4
2 1
2 3
3 5
5 5
12 1
10 4
2 4
2 0
2 0
2 3
3 3
3 2
2 4
2 5
5 0
5 1
5 5
12 4
2 2
2 2
2 5
6 0
6 2
6 5
6 2
6 2
6 0
6 0
6 2
6 4
6 1
2 4
2 1
2 3
2 5
5 0
5 1
5 1
5 2
3 2
3 3
4 1
4 0
4 4
2 0
2 3
3 3
4 4
3 3
2 1
2 1
2 2
2 5
6 2
6 0
6 1
2 4
2 2
2 5
6 3
3 2
3 5
9 4
2 4
2 3
4 3
2 5
5 3
3 3
3 2
3 5
9 5
14 4
2 5
5 5
11 5
15 1
15 0
15 4
2 1
2 5
5 2
5 5
11 5
15 1
15 3
10 5
22 2
19 3
16 4
2 1
2 4
2 5
5 3
4 1
4 3
4 5
10 3
9 1
9 2
8 1
8 0
8 4
2 4
2 3
3 4
3 5
5 5
12 3
10 5
19 2
15 4
2 2
2 0
2 5
6 2
6 3
2 3
2 4
2 5
5 0
5 5
11 1
10 5
16 3
13 1
13 0
13 3
10 1
10 4
2 3
2 0
2 5
7 3
4 3
4 1
4 3
4 4
2 3
3 4
3 0
3 2
3 0
3 4
2 1
2 5
5 3
4 3
4 5
11 1
11 3
8 1
8 1
8 4
2 5
5 3
3 3
3 1
3 5
10 5
16 1
16 0
16 3
13 0
13 1
12 5
25 5
37 3
35 2
31 5
47 1
47 4
2 3
3 3
4 5
5 1
5 4
2 0
2 5
7 0
7 4
2 0
2 3
2 2
2 5
7 1
7 5
11 5
18 2
13 3
8 5
18 4
2 0
2 1
2 4
2 3
2 5
5 1
5 3
3 1
3 1
3 3
3 5
10 5
16 5
21 5
21 3
21 1
21 2
16 5
23 2
20 2
16 4
2 2
2 3
2 5
5 2
4 4
2 3
2 1
2 1
2 0
2 3
3 4
2 2
2 3
2 3
2 2
2 5
6 3
3 2
3 4
2 5
5 2
3 4
2 2
2 3
2 5
5 3
4 3
4 3
4 2
3 3
3 3
3 5
8 3
7 5
17 5
26 0
26 4
2 1
2 4
2 5
5 3
4 4
2 2
2 0
2 2
2 4
2 4
2 4
2 1
2 1
2 4
2 1
2 1
2 5
5 4
2 0
2 5
7 3
4 1
4 1
4 2
3 2
3 3
4 4
2 3
3 3
2 4
2 4
2 4
2 5
5 5
10 0
10 2
6 2
6 0
6 2
6 5
6 1
4 5
8 0
8 0
8 5
9 2
6 2
6 3
2 2
2 0
2 3
3 1
3 1
3 4
2 1
2 3
2 3
2 1
2 3
2 2
2 1
2 4
2 3
2 1
2 4
2 3
3 5
5 3
5 4
2 4
2 2
2 2
2 5
6 1
4 0
4 4
2 5
6 4
2 1
2 1
2 3
3 4
3 5
5 5
12 5
18 3
15 5
26 5
32 2
28 3
27 2
23 4
2 1
2 5
5 0
5 3
3 2
3 3
3 2
2 2
2 4
2 2
2 2
2 4
2 3
2 1
2 2
2 4
2 4
2 5
6 3
3 3
4 5
8 4
2 3
3 0
3 0
3 0
3 3
3 5
10 1
10 1
10 1
10 5
19 2
16 0
16 1
16 3
11 0
11 2
10 5
23 5
35 1
35 2
31 3
29 0
29 3
28 5
47 4
2 2
2 2
2 0
2 4
2 5
6 0
6 3
4 5
9 3
7 5
17 4
2 3
3 1
3 3
3 4
3 2
2 2
2 1
2 2
2 3
2 3
2 4
2 1
2 5
5 3
4 5
10 5
18 3
16 4
2 4
2 4
2 2
2 3
3 3
3 5
5 1
5 3
4 4
2 5
5 0
5 4
2 5
5 3
4 2
3 3
4 3
3 5
8 5
15 1
15 4
2 3
3 4
3 1
3 5
5 5
12 5
18 3
15 3
12 5
28 3
26 2
24 4
2 1
2 0
2 3
4 2
3 5
5 3
6 5
13 2
11 2
9 2
7 5
14 2
11 2
8 4
2 5
6 5
10 1
8 2
6 1
4 5
10 0
10 2
8 3
3 4
2 2
2 1
2 2
2 0
2 4
2 1
2 3
2 5
5 5
10 0
10 0
10 5
15 3
12 3
10 2
9 4
2 3
3 1
3 0
3 3
3 3
3 3
3 5
10 5
16 3
14 2
10 4
2 4
2 0
2 3
3 3
2 5
7 3
4 5
12 4
2 3
3 3
3 4
3 0
3 5
10 5
16 1
16 1
16 0
16 2
13 3
8 1
8 3
8 4
2 0
2 2
2 3
3 0
3 1
3 3
3 5
10 2
7 0
7 3
4 5
11 2
8 5
15 2
12 4
2 2
2 3
3 4
3 0
3 4
2 5
5 2
5 1
4 3
4 0
4 3
4 0
4 0
4 1
4 5
12 2
9 2
7 1
7 5
13 4
2 5
5 2
4 5
9 5
10 5
11 3
8 2
7 3
5 3
5 1
5 5
13 5
21 4
2 1
2 0
2 4
2 5
5 3
3 4
2 5
5 3
3 5
9 2
9 2
6 4
2 4
2 3
3 4
3 1
3 4
3 3
2 2
2 3
3 0
3 0
3 1
3 3
3 5
10 5
16 1
16 3
12 3
11 5
26 0
26 3
24 3
23 5
45 1
45 1
45 4
2 2
2 3
2 4
2 3
3 2
3 3
2 2
2 3
2 0
2 1
2 0
2 3
4 1
4 0
4 2
3 0
3 3
3 3
3 2
3 2
3 5
8 5
11 3
6 2
5 1
5 4
2 4
2 4
2 5
5 5
11 3
7 1
7 3
6 2
5 2
4 0
4 0
4 3
4 3
4 5
11 3
10 4
2 3
3 2
3 5
6 1
6 2
5 3
3 2
3 5
8 2
8 3
3 2
3 0
3 2
3 5
8 1
8 3
4 3
4 0
4 0
4 4
2 5
5 3
5 2
4 2
3 1
3 2
2 4
2 0
2 2
2 3
2 2
2 4
2 0
2 0
2 1
2 2
2 4
2 0
2 5
6 2
6 1
2 3
2 0
2 0
2 1
2 5
7 1
6 5
12 3
9 3
8 3
8 5
19 1
19 4
2 3
3 3
2 4
2 2
2 2
2 3
2 3
2 4
2 3
3 3
2 0
2 3
4 5
7 3
6 2
5 2
4 4
2 1
2 5
5 0
5 0
5 4
2 4
2 2
2 2
2 3
2 2
2 2
2 4
2 5
6 1
6 1
6 2
5 5
10 2
8 5
9 3
5 3
5 2
4 4
3 3
2 3
3 0
3 0
3 3
3 2
3 4
2 4
2 5
5 2
4 1
3 2
3 3
4 2
3 5
7 3
5 1
5 3
5 3
5 4
2 2
2 3
3 3
4 4
4 5
5 4
2 5
5 1
4 3
3 3
3 3
3 3
3 3
3 3
3 3
3 1
3 4
2 5
5 1
5 2
5 5
10 1
10 5
16 2
12 3
6 2
5 2
4 5
11 2
9 4
2 4
2 0
2 3
3 4
2 2
2 4
2 2
2 3
3 0
3 4
2 0
2 5
7 5
12 4
2 3
3 0
3 2
3 0
3 1
3 5
9 5
14 4
2 3
3 1
3 1
3 1
3 2
3 1
3 3
4 2
3 2
2 1
2 2
2 2
2 3
3 3
2 0
2 2
2 0
2 3
2 2
2 2
2 5
7 3
4 4
2 5
5 1
5 1
5 2
3 4
2 1
2 0
2 4
2 5
5 3
4 2
3 3
3 2
3 1
3 0
3 1
3 3
3 4
3 5
5 4
2 5
5 5
10 2
6 4
2 5
6 1
4 0
4 1
3 3
3 3
3 2
3 2
2 4
2 1
2 4
2 1
2 3
2 3
3 0
3 0
3 3
3 3
3 0
3 5
10 4
2 4
2 1
2 3
2 2
2 0
2 3
2 2
2 0
2 5
7 4
2 1
2 1
2 1
2 5
5 2
5 0
5 0
5 4
2 4
2 5
5 3
3 4
2 2
2 4
2 4
2 3
2 3
3 5
5 3
4 3
4 4
2 4
2 4
2 5
5 3
4 1
4 5
10 2
8 0
8 3
6 2
5 2
4 2
4 1
4 0
4 3
4 2
3 3
4 2
4 0
4 1
4 2
4 4
2 5
6 1
5 4
2 0
2 0
2 3
2 3
3 5
5 3
5 5
12 2
9 5
17 1
17 4
2 1
2 3
2 5
5 0
5 3
4 5
11 4
2 2
2 3
3 2
2 3
2 2
2 1
2 5
5 3
4 1
4 0
4 3
4 4
2 3
2 3
4 5
5 5
13 3
11 3
10 4
2 5
5 2
5 3
4 5
11 3
8 2
7 3
7 2
6 2
5 2
4 4
2 5
5 5
10 3
6 5
15 1
15 5
24 4
2 4
2 3
3 1
3 3
2 1
2 0
2 3
2 4
2 4
2 5
5 3
4 1
4 0
4 1
4 2
3 2
3 4
2 5
5 0
5 1
5 0
5 5
12 2
10 1
6 0
6 5
12 5
18 2
14 5
16 3
16 5
21 5
26 0
26 3
24 3
21 0
21 2
18 3
18 2
16 2
15 3
14 5
32 4
2 5
5 4
2 2
2 1
2 5
5 2
5 3
4 0
4 3
4 4
2 3
2 5
5 0
5 2
3 5
8 1
7 3
3 0
3 3
3 5
10 1
10 1
10 3
7 4
2 4
2 4
2 3
3 3
2 5
5 5
11 4
2 0
2 3
3 5
7 0
7 5
14 3
10 3
10 2
9 2
7 2
6 0
6 5
15 3
11 4
2 4
2 5
5 4
2 2
2 2
2 0
2 5
6 5
10 3
4 3
4 2
4 0
4 2
3 2
3 3
4 5
7 0
7 5
15 2
12 3
9 3
9 3
8 3
8 0
8 5
19 1
19 4
2 2
2 3
3 3
2 0
2 2
2 3
2 5
6 3
6 3
5 4
2 4
2 5
5 5
10 3
7 2
6 0
6 2
5 3
4 4
2 3
3 5
5 2
5 2
3 3
3 4
3 0
3 3
3 4
2 4
2 0
2 5
7 2
6 3
3 1
3 1
3 2
3 3
3 5
9 0
9 0
9 3
6 5
15 4
2 3
3 2
2 0
2 5
7 2
6 2
6 4
6 0
6 3
2 5
5 3
4 1
4 3
4 2
4 5
11 3
8 3
8 2
7 5
16 5
27 5
36 4
2 2
2 0
2 4
2 3
3 3
3 4
3 5
5 4
2 4
2 0
2 5
7 3
4 4
2 5
5 0
5 5
11 3
7 3
6 3
6 3
6 2
5 5
13 5
22 5
29 0
29 2
24 3
24 0
24 3
21 5
37 4
2 0
2 2
2 3
3 0
3 1
4 0
4 1
4 3
4 0
4 3
4 2
4 5
11 2
9 5
14 3
11 3
9 3
8 3
8 5
20 0
20 4
2 4
2 1
2 1
2 4
2 4
2 0
2 5
7 2
6 4
2 5
6 3
3 2
2 2
2 3
2 2
2 2
2 1
2 3
3 0
3 5
10 0
10 1
10 2
8 4
2 2
2 5
6 0
6 1
4 1
4 3
3 5
8 4
2 2
2 2
2 0
2 5
7 5
12 3
9 3
7 0
7 3
7 3
7 0
7 2
6 1
6 5
16 5
25 1
25 1
25 2
22 1
22 4
2 2
2 3
3 4
3 3
2 4
2 0
2 5
7 3
4 1
4 1
4 0
4 4
2 5
5 2
3 1
3 2
3 0
3 0
3 4
2 2
2 2
2 0
2 2
2 4
2 2
2 0
2 0
2 0
2 0
2 3
3 3
3 5
5 1
5 0
5 5
12 0
12 3
10 4
2 3
2 2
2 2
2 0
2 5
6 2
6 2
6 4
6 5
6 2
6 2
6 5
6 3
2 2
2 5
6 0
6 4
2 4
2 3
3 2
2 3
2 5
5 3
4 5
11 5
18 1
17 5
25 5
29 1
29 3
29 1
29 1
29 3
27 5
46 3
44 2
41 1
41 3
39 5
67 0
67 5
95 4
2 5
5 3
3 5
10 1
10 0
10 5
17 2
13 3
8 2
6 5
16 3
14 3
13 4
2 1
2 0
2 3
2 4
2 3
3 5
5 4
2 3
3 3
3 4
3 5
5 3
4 3
4 1
4 5
11 1
11 2
9 5
17 5
23 4
2 0
2 3
3 3
4 4
3 4
3 5
5 2
3 3
3 5
9 3
6 0
6 4
2 0
2 5
7 0
7 2
6 3
3 2
3 3
4 3
3 2
2 3
2 4
2 2
2 0
2 3
3 3
2 1
2 4
2 1
2 5
5 2
3 3
3 2
2 3
3 5
5 4
2 3
3 1
3 4
3 5
5 3
5 0
5 3
5 3
5 3
5 1
5 4
2 2
2 5
5 3
4 4
2 4
2 3
3 1
3 4
3 1
3 2
2 3
2 3
3 4
3 0
3 5
10 3
7 3
7 1
7 1
7 2
6 0
6 1
6 5
16 1
16 4
2 5
5 2
3 5
8 5
11 3
6 1
6 2
5 3
4 5
12 3
10 1
10 1
10 2
9 2
7 2
6 2
5 2
4 2
3 4
2 3
3 5
5 2
3 5
9 4
2 1
2 4
2 0
2 3
3 0
3 4
2 4
2 5
5 3
3 0
3 5
10 2
7 5
12 4
2 0
2 5
7 0
7 2
6 2
6 3
2 4
2 3
3 4
3 5
5 4
2 5
5 3
3 1
3 3
3 4
2 5
5 3
3 2
3 4
2 3
3 1
3 2
2 2
2 4
2 2
2 4
2 2
2 0
2 3
3 0
3 4
2 5
5 2
3 4
2 1
2 3
3 4
3 4
3 3
3 0
3 1
3 5
10 2
9 2
6 4
2 3
2 2
2 2
2 3
3 3
3 2
2 1
2 4
2 3
2 5
5 2
4 5
9 3
5 4
2 5
6 0
6 2
6 0
6 3
2 5
5 1
5 3
4 3
4 3
4 2
4 5
9 3
6 0
6 5
15 0
15 2
12 2
9 0
9 4
2 4
2 5
5 1
5 0
5 3
4 0
4 3
4 5
12 1
12 2
10 3
7 2
6 3
6 5
15 3
14 4
2 4
2 3
2 5
5 5
10 1
10 3
6 5
16 1
15 1
15 4
2 2
2 1
2 2
2 4
2 0
2 5
6 4
2 3
2 2
2 3
2 -1
