5 2000
6731 0
6731 3
4971 1
4971 4
4970 1
4970 1
4973 2
4967 2
4948 0
4948 0
4948 4
4948 4
4948 5
4802 3
4293 1
4302 0
4302 2
4299 3
4241 0
4225 4
4219 4
4219 4
4219 3
4210 3
4206 2
4215 0
4209 3
4200 0
4200 1
4201 2
4201 3
4198 3
4198 0
4197 1
4197 2
4199 4
4199 0
4181 1
4189 1
4199 1
4201 4
4199 5
4066 4
4065 0
4056 4
4056 2
4054 3
4045 2
4045 1
4047 3
4045 0
4032 4
4032 0
4010 3
4007 4
4007 4
4007 0
3999 2
4021 3
4017 2
4021 4
4021 5
3935 2
3935 1
3935 4
3935 4
3935 5
3859 3
3852 1
3857 3
3846 2
3847 0
3840 3
3836 4
3836 1
3847 4
3846 4
3846 5
3763 1
3766 3
3763 1
3772 2
3763 5
3694 4
3694 0
3687 0
3692 4
3687 0
3671 0
3666 3
3655 1
3658 3
3655 3
3655 2
3655 5
3590 1
3592 1
3599 4
3597 2
3626 5
3581 2
3581 0
3576 4
3558 2
3558 3
3548 1
3548 3
3548 4
3548 4
3548 5
3511 3
3508 3
3508 4
3507 4
3507 3
3507 4
3507 0
3505 3
3505 3
3505 1
3508 0
3506 5
3469 2
3469 3
3469 3
3468 0
3468 1
3475 4
3474 4
3474 5
3443 0
3443 3
3442 3
3442 0
3442 0
3438 1
3442 3
3439 4
3436 0
3428 0
3429 3
3429 0
3429 3
3425 0
3422 0
3420 0
3420 1
3421 2
3420 3
3420 5
3401 3
3399 1
3404 3
3399 4
3399 1
3404 5
3391 4
3388 3
3383 0
3383 0
3383 2
3387 4
3383 5
3366 3
3355 0
3354 4
3353 0
3350 0
3349 1
3349 0
3348 2
3348 1
3352 0
3351 3
3346 4
3344 0
3345 0
3342 0
3335 1
3343 0
3343 3
3334 0
3332 2
3332 0
3329 0
3330 1
3330 1
3336 4
3334 5
3314 1
3316 1
3323 4
3315 3
3313 0
3312 4
3312 4
3312 4
3312 4
3312 5
3292 4
3290 4
3290 1
3293 2
3292 3
3291 5
3277 0
3275 4
3272 2
3272 4
3272 1
3279 3
3271 2
3271 3
3271 3
3271 0
3270 3
3270 0
3269 3
3269 1
3276 0
3274 4
3273 5
3265 0
3265 3
3264 3
3264 0
3265 1
3273 3
3265 5
3261 2
3266 1
3269 0
3269 1
3277 5
3280 0
3280 0
3279 0
3278 2
3278 5
3287 4
3238 3
3225 0
3224 2
3223 1
3228 0
3229 3
3224 2
3223 5
3208 2
3221 1
3223 0
3222 4
3212 5
3204 0
3203 2
3207 3
3204 2
3203 0
3204 5
3200 4
3185 2
3185 4
3185 0
3186 4
3185 5
3185 0
3189 0
3189 1
3187 2
3186 5
3203 4
3173 3
3170 4
3170 2
3170 3
3170 0
3171 5
3173 3
3168 3
3168 4
3163 3
3163 3
3163 3
3163 1
3163 5
3163 0
3164 3
3159 4
3154 1
3154 2
3154 0
3154 0
3155 5
3157 2
3162 4
3147 0
3147 4
3147 4
3147 2
3147 5
3147 0
3146 4
3140 4
3140 3
3140 2
3140 0
3139 4
3139 4
3139 4
3139 3
3139 5
3139 4
3134 0
3134 0
3134 4
3134 1
3134 5
3138 4
3128 1
3128 2
3128 0
3128 3
3128 5
3131 2
3131 0
3132 0
3130 3
3123 4
3119 4
3119 2
3119 0
3118 1
3121 0
3121 3
3119 2
3118 5
3116 0
3115 0
3116 3
3113 3
3113 3
3113 3
3113 2
3112 4
3108 0
3107 1
3109 3
3107 4
3107 4
3107 5
3113 2
3113 1
3113 3
3103 1
3110 4
3101 2
3101 4
3101 4
3101 3
3100 2
3100 4
3100 0
3103 3
3102 5
3091 0
3093 2
3093 0
3093 2
3093 5
3108 2
3120 2
3120 2
3120 1
3125 5
3151 0
3152 2
3152 2
3152 4
3080 2
3080 1
3088 3
3082 1
3082 5
3084 3
3081 3
3080 2
3079 4
3078 0
3077 3
3076 0
3076 3
3076 3
3075 0
3076 3
3076 4
3076 4
3076 5
3078 4
3067 1
3073 0
3073 0
3073 3
3065 4
3065 3
3064 4
3064 0
3067 2
3067 2
3067 5
3067 0
3065 3
3057 4
3051 1
3053 1
3053 2
3051 0
3048 1
3048 3
3047 0
3046 1
3046 3
3046 3
3046 3
3046 5
3056 0
3058 4
3045 4
3045 4
3045 2
3045 2
3045 5
3051 4
3040 3
3039 1
3041 0
3041 3
3041 0
3040 5
3046 2
3046 4
3035 0
3036 4
3035 2
3035 2
3035 5
3044 4
3032 3
3032 3
3032 2
3032 2
3032 5
3042 3
3031 0
3030 1
3030 2
3029 2
3028 2
3033 1
3035 0
3040 3
3030 5
3047 0
3048 0
3049 0
3054 0
3055 5
3082 4
3025 3
3020 3
3019 4
3018 3
3018 1
3018 3
3018 2
3020 5
3025 4
3012 3
3011 4
3011 4
3011 4
3011 4
3011 5
3017 3
3007 3
3004 3
3001 3
3000 3
3000 2
2999 4
2999 1
2999 1
3002 4
3000 5
3003 2
3003 3
2992 2
2991 0
2992 3
2992 3
2992 0
2993 5
3004 3
2984 1
2985 4
2976 1
2978 4
2975 2
2975 3
2975 2
2975 3
2975 5
2979 4
2965 1
2972 3
2963 2
2962 0
2963 4
2962 2
2962 0
2965 5
2977 0
2977 4
2956 4
2956 3
2956 4
2955 0
2956 3
2954 3
2954 2
2954 0
2955 1
2959 5
2961 1
2964 2
2963 3
2949 0
2950 4
2944 3
2944 0
2943 1
2943 3
2942 4
2942 1
2942 3
2942 3
2942 5
2955 2
2955 0
2957 3
2941 3
2939 3
2938 4
2934 3
2934 3
2934 3
2934 0
2934 5
2948 1
2948 0
2948 0
2948 0
2949 5
2977 4
2932 4
2932 3
2930 0
2929 0
2929 3
2928 3
2928 0
2929 0
2929 4
2928 5
2933 3
2919 3
2916 3
2914 0
2913 3
2911 3
2911 1
2911 1
2915 0
2916 5
2918 4
2891 3
2890 4
2890 4
2890 4
2890 4
2890 5
2897 0
2897 1
2902 0
2903 4
2883 3
2882 0
2883 4
2882 4
2882 2
2882 5
2890 4
2875 0
2876 3
2874 0
2876 0
2876 4
2873 3
2873 0
2873 4
2873 4
2873 5
2882 3
2874 0
2874 4
2868 2
2868 1
2868 3
2866 0
2866 3
2866 0
2866 1
2868 5
2877 4
2860 3
2859 4
2859 3
2859 1
2859 3
2859 5
2865 3
2857 4
2852 0
2852 0
2852 3
2852 0
2852 5
2866 0
2867 4
2851 3
2851 3
2851 1
2851 0
2851 5
2863 3
2853 4
2849 2
2849 0
2849 0
2850 4
2849 5
2860 0
2860 3
2847 2
2846 2
2845 1
2849 0
2849 2
2845 4
2843 0
2843 2
2843 2
2850 3
2844 5
2856 2
2856 1
2857 1
2857 4
2836 4
2836 3
2836 1
2838 4
2837 5
2846 3
2835 3
2830 3
2830 0
2829 2
2828 3
2826 3
2823 4
2821 0
2821 1
2825 3
2818 3
2818 2
2817 2
2816 3
2815 3
2814 3
2814 1
2814 4
2814 4
2814 5
2821 3
2805 1
2805 1
2805 3
2805 3
2805 5
2835 1
2835 1
2835 2
2832 3
2799 4
2787 3
2785 3
2784 1
2784 4
2784 3
2784 1
2784 5
2784 4
2773 2
2773 4
2773 4
2773 0
2772 3
2771 3
2771 2
2771 2
2771 2
2771 5
2778 0
2781 3
2758 4
2754 4
2754 3
2752 3
2752 0
2752 2
2752 4
2752 5
2759 0
2759 4
2745 4
2745 2
2745 2
2745 3
2743 3
2743 3
2743 2
2743 2
2743 5
2756 3
2745 4
2741 3
2740 3
2740 3
2740 0
2740 3
2740 5
2756 1
2756 2
2756 1
2760 1
2761 5
2792 3
2745 3
2735 3
2729 2
2728 4
2720 4
2718 3
2717 1
2717 2
2716 0
2716 4
2716 1
2716 3
2716 5
2728 2
2728 0
2728 0
2728 3
2708 1
2708 2
2707 4
2703 4
2701 4
2701 0
2701 3
2701 3
2701 5
2721 3
2695 4
2690 4
2689 0
2689 4
2689 3
2689 4
2689 5
2709 4
2684 3
2684 3
2684 4
2684 3
2684 5
2706 4
2682 2
2682 2
2682 2
2682 2
2682 5
2710 0
2710 3
2693 3
2685 0
2685 5
2721 0
2722 4
2673 2
2673 0
2673 3
2672 0
2672 4
2672 0
2672 0
2672 5
2690 4
2669 4
2669 3
2669 2
2669 4
2669 5
2686 4
2667 0
2667 4
2667 3
2667 4
2667 5
2690 4
2665 4
2665 4
2665 4
2665 1
2665 5
2689 3
2670 4
2660 3
2660 2
2660 1
2660 1
2660 5
2685 3
2665 0
2665 4
2657 3
2657 3
2657 3
2657 1
2657 5
2688 0
2688 3
2668 0
2668 3
2663 5
2708 4
2659 0
2659 3
2659 1
2659 5
2681 3
2663 1
2665 2
2664 2
2662 5
2698 1
2699 4
2658 0
2658 0
2658 5
2674 1
2674 2
2674 3
2649 2
2648 4
2641 3
2641 0
2641 4
2639 4
2639 2
2639 3
2639 4
2639 5
2663 0
2663 4
2639 4
2639 4
2639 5
2667 0
2667 4
2639 3
2637 4
2637 3
2636 4
2636 4
2636 4
2636 4
2636 5
2660 0
2661 2
2661 3
2642 3
2638 5
2680 0
2682 2
2682 4
2631 3
2629 0
2628 2
2628 4
2628 3
2628 4
2628 5
2643 2
2643 2
2643 1
2643 3
2621 4
2614 4
2613 3
2613 3
2613 3
2613 2
2613 5
2642 3
2616 2
2615 4
2609 3
2606 4
2606 0
2606 4
2606 3
2606 5
2635 2
2635 2
2635 3
2608 4
2602 4
2601 3
2601 1
2601 0
2601 2
2601 5
2629 0
2629 3
2604 3
2602 0
2602 5
2647 3
2617 3
2609 3
2606 3
2602 5
2643 0
2643 4
2576 2
2574 3
2572 1
2572 4
2571 0
2571 3
2571 3
2571 0
2571 5
2601 4
2564 0
2564 1
2564 4
2564 4
2564 5
2594 3
2567 3
2563 4
2557 3
2556 4
2556 3
2556 1
2556 3
2556 5
2589 1
2589 0
2589 3
2560 0
2560 5
2605 3
2571 3
2564 3
2561 3
2560 5
2613 0
2613 0
2613 3
2572 4
2538 0
2538 2
2537 4
2529 4
2529 0
2529 0
2529 3
2529 5
2555 0
2555 2
2555 4
2516 4
2515 2
2515 3
2514 3
2514 2
2514 4
2514 3
2514 5
2548 4
2512 3
2512 0
2512 3
2512 3
2512 5
2545 2
2545 3
2520 4
2510 4
2510 2
2510 3
2510 2
2510 5
2533 3
2514 4
2506 3
2506 0
2505 0
2505 4
2505 4
2505 0
2505 5
2538 4
2503 3
2502 4
2502 2
2502 3
2502 2
2502 5
2535 2
2535 3
2506 3
2502 4
2495 4
2495 2
2495 3
2495 1
2495 5
2537 0
2537 0
2537 0
2537 1
2537 5
2629 3
2533 3
2517 2
2516 3
2509 5
2571 1
2571 4
2486 2
2485 3
2481 3
2480 0
2480 4
2477 2
2477 4
2477 3
2477 4
2475 4
2475 4
2475 3
2475 4
2475 5
2510 4
2474 4
2474 3
2474 4
2474 2
2474 5
2516 2
2516 3
2483 4
2472 3
2472 2
2471 3
2471 4
2471 2
2471 3
2471 5
2513 4
2468 3
2468 1
2468 1
2468 1
2468 5
2513 3
2484 1
2484 3
2479 3
2475 5
2546 4
2468 0
2468 3
2465 2
2465 3
2465 0
2466 3
2465 5
2519 1
2519 0
2519 2
2519 4
2470 5
2524 0
2524 4
2469 4
2468 1
2468 5
2525 0
2525 4
2470 2
2470 4
2470 5
2523 4
2468 3
2468 2
2467 3
2467 5
2524 1
2524 4
2470 3
2470 4
2470 5
2524 4
2470 1
2470 3
2468 1
2468 5
2523 3
2481 0
2481 2
2480 4
2468 5
2513 4
2467 3
2465 1
2465 0
2465 5
2513 4
2466 4
2466 4
2466 2
2466 5
2518 3
2479 1
2479 4
2465 4
2464 3
2464 1
2464 3
2464 3
2464 5
2510 4
2465 4
2465 3
2465 1
2465 5
2507 0
2507 1
2507 3
2472 3
2465 5
2527 1
2527 3
2482 2
2481 0
2481 5
2566 1
2566 3
2502 3
2483 4
2446 3
2437 4
2432 4
2432 1
2432 2
2432 0
2432 5
2480 4
2441 0
2441 3
2440 3
2438 5
2490 3
2448 4
2434 3
2433 1
2433 5
2487 0
2487 0
2487 4
2436 0
2436 5
2490 3
2442 4
2430 0
2430 4
2430 4
2430 4
2430 5
2482 4
2430 4
2430 4
2430 3
2428 0
2428 3
2426 1
2426 1
2426 1
2426 4
2426 5
2473 1
2473 4
2425 3
2425 3
2425 3
2425 4
2425 5
2468 2
2468 3
2435 3
2434 2
2433 5
2523 1
2523 3
2463 4
2438 0
2437 5
2479 2
2478 4
2421 2
2420 0
2420 3
2419 3
2419 1
2419 4
2419 2
2419 5
2474 3
2428 1
2428 3
2424 0
2424 5
2513 4
2415 4
2415 4
2415 0
2415 4
2415 5
2469 0
2469 0
2469 3
2429 0
2429 5
2519 3
2463 4
2415 4
2410 3
2409 4
2407 3
2406 3
2406 4
2406 3
2406 3
2406 5
2458 2
2458 4
2405 3
2405 4
2405 1
2405 4
2405 5
2463 1
2463 3
2416 2
2415 4
2400 3
2400 3
2399 3
2398 3
2398 3
2398 3
2398 4
2398 5
2452 4
2397 1
2397 3
2397 3
2397 0
2397 5
2461 4
2398 3
2398 3
2398 3
2398 5
2463 0
2463 3
2421 4
2403 4
2400 5
2457 0
2457 2
2457 4
2399 4
2399 5
2459 3
2415 0
2415 3
2411 4
2395 0
2395 3
2394 4
2392 2
2392 4
2392 4
2392 2
2392 5
2456 4
2396 3
2395 3
2395 3
2395 5
2457 4
2395 2
2395 0
2395 3
2393 5
2456 0
2456 3
2408 4
2393 4
2391 4
2391 3
2391 3
2391 4
2391 5
2452 1
2452 1
2452 4
2393 0
2392 5
2457 0
2457 1
2456 0
2456 2
2455 5
2582 3
2485 3
2447 0
2447 1
2447 5
2580 0
2580 2
2578 4
2409 4
2396 5
2449 4
2391 3
2390 3
2390 4
2386 3
2385 4
2385 4
2385 3
2384 1
2384 3
2384 3
2384 4
2384 5
2447 0
2447 3
2400 1
2400 1
2400 5
2505 3
2440 4
2391 2
2390 0
2390 5
2441 3
2402 0
2402 4
2378 3
2378 0
2378 1
2381 3
2378 5
2438 1
2438 3
2399 4
2377 0
2377 3
2376 3
2376 4
2376 4
2376 3
2376 5
2430 0
2430 2
2430 4
2372 3
2372 3
2372 4
2371 3
2371 2
2370 3
2370 3
2370 0
2370 2
2370 5
2430 4
2372 4
2372 4
2372 2
2372 5
2431 3
2398 2
2397 4
2374 0
2374 5
2430 0
2430 3
2394 3
2386 3
2384 5
2492 4
2384 4
2379 4
2379 0
2379 5
2434 0
2434 4
2374 3
2374 3
2374 5
2434 3
2402 3
2391 4
2372 3
2370 5
2435 3
2396 3
2387 1
2387 3
2385 5
2496 0
2496 4
2384 0
2384 3
2382 5
2447 0
2447 3
2406 4
2375 4
2370 5
2431 0
2431 3
2393 3
2383 3
2377 5
2495 1
2495 3
2432 2
2431 4
2375 5
2441 4
2367 4
2366 4
2366 0
2366 1
2366 0
2366 5
2435 3
2389 2
2388 2
2387 3
2379 5
2492 1
2490 4
2370 0
2370 4
2365 2
2365 3
2363 0
2363 4
2362 4
2362 3
2361 4
2361 4
2361 2
2361 3
2361 5
2426 3
2377 3
2368 0
2368 1
2368 5
2474 1
2474 4
2354 3
2353 4
2353 0
2353 1
2353 3
2353 5
2419 1
2419 1
2419 2
2419 4
2356 5
2420 4
2355 4
2355 4
2355 3
2355 5
2417 4
2355 3
2355 3
2355 0
2355 5
2420 2
2420 3
2385 3
2375 3
2372 5
2477 4
2358 4
2354 3
2354 3
2354 5
2413 4
2354 3
2354 2
2353 4
2353 5
2405 3
2373 3
2368 4
2347 4
2347 3
2347 3
2347 4
2347 5
2415 4
2351 4
2351 4
2351 4
2351 5
2415 3
2376 3
2367 3
2364 4
2352 5
2427 4
2354 4
2354 4
2354 4
2354 5
2418 3
2375 4
2353 4
2351 1
2351 5
2412 0
2412 4
2354 3
2354 2
2354 5
2411 2
2411 2
2411 0
2411 2
2411 5
2542 3
2441 2
2440 2
2439 1
2439 5
2574 1
2574 1
2574 3
2485 1
2485 5
2670 1
2666 4
2391 3
2369 3
2365 5
2436 3
2384 3
2375 2
2374 3
2370 5
2489 4
2356 0
2355 3
2351 0
2351 5
2416 4
2346 4
2345 4
2345 3
2343 3
2342 2
2342 2
2342 4
2342 4
2342 5
2399 4
2344 2
2344 4
2343 0
2342 5
2395 1
2395 4
2340 1
2340 4
2340 4
2340 3
2340 5
2400 1
2400 2
2400 4
2342 4
2342 5
2398 1
2398 4
2341 2
2341 4
2341 5
2400 3
2357 0
2357 1
2357 4
2341 5
2409 3
2364 2
2363 3
2355 1
2355 5
2493 0
2493 4
2348 4
2342 1
2342 5
2410 3
2367 0
2367 0
2367 1
2367 5
2494 3
2435 3
2417 2
2415 3
2410 5
2577 2
2571 0
2571 1
2571 4
2374 5
2437 3
2386 3
2379 1
2379 1
2379 5
2523 0
2523 4
2361 3
2349 4
2341 5
2403 4
2342 4
2341 4
2341 0
2341 5
2400 4
2335 3
2335 3
2335 4
2335 1
2335 5
2405 2
2405 3
2359 2
2358 3
2352 5
2473 0
2473 1
2473 4
2343 4
2340 5
2401 0
2401 2
2401 3
2357 4
2333 3
2330 4
2328 4
2328 1
2328 3
2328 1
2328 5
2400 4
2332 4
2331 2
2331 1
2331 5
2396 2
2396 4
2331 3
2331 2
2330 5
2395 1
2395 3
2356 4
2334 3
2334 5
2410 1
2410 2
2410 1
2410 2
2409 5
2560 3
2433 0
2433 2
2432 0
2432 5
2594 2
2592 3
2492 3
2459 4
2363 5
2430 2
2429 3
2378 3
2369 3
2364 5
2510 3
2423 4
2345 3
2334 4
2324 1
2324 3
2324 3
2324 4
2321 3
2321 2
2321 4
2320 2
2320 2
2320 0
2320 0
2320 5
2400 3
2356 3
2345 4
2314 2
2313 2
2313 4
2313 4
2313 0
2313 5
2394 0
2394 4
2317 4
2317 4
2317 5
2389 4
2319 4
2319 3
2318 2
2318 5
2390 3
2350 2
2349 1
2349 1
2349 5
2485 4
2327 3
2324 4
2319 0
2319 5
2389 2
2389 1
2389 0
2389 4
2320 5
2387 2
2387 1
2386 3
2350 4
2324 5
2386 4
2318 4
2318 2
2318 4
2318 5
2383 2
2383 4
2317 4
2317 0
2317 5
2382 3
2342 4
2312 3
2311 4
2311 3
2311 1
2311 3
2311 5
2385 2
2385 3
2339 4
2314 1
2314 5
2382 4
2314 3
2314 2
2314 4
2314 5
2382 3
2340 3
2335 3
2333 4
2318 5
2393 3
2346 3
2344 4
2322 3
2318 5
2400 4
2317 4
2316 4
2316 0
2316 5
2388 4
2316 2
2316 3
2316 4
2316 5
2392 2
2392 2
2392 4
2314 1
2314 5
2396 0
2396 0
2396 2
2396 4
2317 5
2397 2
2397 0
2397 1
2397 1
2397 5
2569 0
2569 4
2335 3
2330 2
2329 5
2393 2
2392 0
2392 4
2318 4
2318 5
2386 1
2386 2
2386 3
2338 2
2337 5
2459 3
2398 2
2397 3
2384 0
2384 5
2561 0
2561 4
2342 3
2328 3
2326 5
2400 4
2321 4
2317 4
2316 3
2315 5
2376 2
2376 4
2316 4
2316 3
2315 5
2372 1
2372 4
2317 4
2317 4
2317 5
2372 1
2372 3
2336 1
2336 4
2313 5
2379 4
2313 4
2313 4
2313 0
2313 5
2367 4
2313 4
2313 2
2313 0
2313 5
2366 4
2312 3
2311 4
2311 4
2311 5
2367 4
2312 3
2310 0
2310 4
2310 3
2310 0
2310 5
2368 4
2309 2
2309 0
2309 2
2309 4
2309 5
2371 4
2311 4
2311 1
2311 3
2309 5
2370 4
2313 4
2313 4
2313 1
2320 5
2374 2
2374 1
2374 4
2311 0
2311 5
2376 3
2336 2
2335 3
2326 4
2310 5
2375 4
2311 4
2311 3
2311 3
2311 5
2371 4
2312 4
2312 2
2312 3
2311 5
2369 3
2332 4
2310 1
2310 2
2309 5
2373 4
2314 0
2313 4
2312 4
2312 5
2369 0
2369 4
2314 3
2311 4
2311 5
2371 3
2337 4
2313 3
2311 4
2310 5
2377 1
2377 2
2376 3
2340 4
2314 5
2372 3
2348 2
2347 -1
6731 4
6731 2
6730 2
6728 3
4609 2
4587 3
4269 2
4267 2
4273 4
4273 4
4273 0
4256 4
4256 3
4208 3
4188 1
4187 0
4175 2
4174 2
4177 3
4171 1
4172 1
4175 1
4181 2
4178 5
4069 0
4064 0
4059 3
4043 0
4034 1
4038 0
4034 4
4033 3
4028 0
4026 3
4026 2
4026 1
4034 4
4034 5
3954 3
3930 3
3930 0
3925 4
3924 1
3932 0
3927 0
3901 3
3893 3
3893 4
3893 3
3893 3
3893 5
3829 1
3833 1
3838 4
3836 2
3860 5
3810 4
3803 0
3800 2
3800 0
3792 0
3796 0
3789 4
3785 3
3764 4
3764 4
3764 3
3763 3
3762 1
3770 2
3762 0
3755 3
3755 2
3798 4
3788 3
3772 5
3723 0
3713 3
3711 3
3711 3
3711 2
3710 2
3728 1
3736 4
3731 2
3723 5
3682 0
3687 2
3687 3
3671 2
3671 1
3672 4
3670 4
3670 2
3671 1
3679 1
3678 5
3640 0
3646 1
3646 1
3643 0
3647 5
3620 3
3600 3
3600 2
3599 0
3596 0
3593 4
3592 1
3603 0
3602 1
3608 4
3606 5
3572 3
3558 3
3558 2
3560 0
3555 4
3552 0
3551 4
3551 4
3551 0
3548 4
3548 0
3541 3
3540 2
3541 3
3541 4
3540 0
3539 4
3539 0
3539 0
3539 0
3537 2
3545 0
3543 0
3541 4
3541 5
3518 2
3518 0
3518 2
3518 4
3517 0
3509 2
3509 2
3509 0
3501 1
3495 3
3495 3
3495 2
3498 2
3498 5
3484 2
3484 0
3486 4
3481 3
3476 4
3476 2
3476 2
3483 3
3476 5
3463 1
3463 4
3459 1
3464 3
3459 4
3459 3
3459 5
3448 0
3442 1
3443 3
3437 4
3437 2
3436 2
3448 4
3447 3
3439 0
3441 5
3445 3
3433 0
3431 1
3431 3
3428 2
3429 2
3431 0
3430 2
3430 5
3430 4
3417 0
3417 1
3422 0
3420 3
3415 2
3415 4
3415 1
3418 1
3424 5
3420 0
3422 2
3424 3
3417 0
3419 5
3420 3
3407 0
3406 4
3401 0
3400 0
3398 4
3397 2
3410 3
3392 2
3399 0
3400 0
3399 3
3394 5
3379 4
3375 2
3391 0
3390 1
3395 4
3376 5
3363 1
3364 2
3363 1
3369 3
3358 0
3358 2
3357 3
3356 4
3354 3
3353 1
3361 4
3361 0
3359 3
3350 0
3350 1
3350 4
3350 3
3350 5
3329 1
3329 4
3327 0
3327 3
3327 3
3327 2
3343 5
3338 3
3319 0
3319 0
3320 2
3326 4
3317 3
3317 0
3318 4
3317 3
3317 5
3313 3
3309 0
3304 3
3301 2
3300 3
3299 4
3295 2
3295 1
3303 3
3295 3
3295 5
3288 3
3279 3
3279 2
3278 1
3283 1
3290 1
3292 0
3286 5
3280 3
3272 2
3271 1
3271 1
3271 1
3275 0
3276 5
3275 1
3276 2
3273 4
3255 0
3256 4
3255 4
3255 3
3255 5
3255 4
3248 3
3248 1
3251 1
3254 1
3258 5
3251 1
3254 1
3256 0
3257 3
3245 3
3243 0
3243 0
3243 1
3250 3
3245 5
3247 4
3229 2
3229 2
3229 2
3234 0
3233 5
3232 2
3249 0
3249 4
3214 4
3214 3
3213 1
3216 1
3226 3
3215 0
3214 5
3211 4
3198 2
3198 3
3197 4
3197 2
3197 3
3197 0
3198 5
3199 4
3186 3
3183 1
3185 1
3185 0
3182 3
3179 3
3179 4
3178 1
3185 3
3178 0
3178 2
3178 5
3169 4
3161 0
3159 4
3159 2
3159 2
3169 3
3163 5
3162 1
3163 0
3162 2
3158 4
3148 3
3148 3
3148 3
3148 4
3148 5
3153 1
3162 4
3150 4
3150 0
3150 5
3151 1
3153 3
3143 1
3147 0
3146 2
3145 4
3139 4
3139 3
3139 2
3139 3
3139 5
3146 4
3134 3
3134 4
3134 1
3144 3
3134 5
3143 3
3133 1
3134 1
3134 3
3132 0
3132 0
3132 0
3132 2
3131 3
3131 2
3131 4
3130 1
3133 0
3131 1
3131 4
3130 5
3132 0
3132 2
3139 0
3138 4
3122 4
3122 3
3122 3
3122 4
3122 5
3124 2
3135 2
3135 3
3119 1
3122 1
3123 4
3117 0
3117 0
3116 3
3114 4
3112 4
3112 4
3112 0
3111 3
3111 3
3111 2
3111 4
3111 5
3107 3
3096 3
3095 4
3093 0
3092 2
3092 3
3092 0
3091 0
3092 1
3094 0
3094 3
3092 5
3096 3
3081 4
3078 3
3075 2
3080 0
3080 0
3081 3
3076 5
3074 3
3067 1
3073 1
3080 3
3066 3
3064 2
3063 0
3062 3
3061 1
3063 1
3064 3
3061 1
3064 5
3069 0
3069 4
3046 3
3046 4
3045 2
3045 4
3045 2
3045 4
3045 5
3055 3
3043 4
3038 0
3039 2
3044 1
3052 3
3043 5
3048 1
3046 3
3030 0
3031 0
3032 4
3024 0
3021 3
3021 4
3020 2
3027 4
3023 4
3023 2
3023 5
3017 4
3004 4
3004 4
3004 2
3004 2
3004 5
3009 3
2994 4
2987 3
2987 3
2987 3
2987 1
2997 5
2985 4
2974 0
2972 4
2972 0
2972 4
2972 1
2977 5
2975 2
2978 4
2965 4
2965 0
2965 1
2967 3
2966 5
2960 4
2951 3
2951 1
2951 0
2951 3
2951 5
2951 3
2938 0
2938 2
2939 0
2939 0
2938 5
2956 3
2932 3
2928 4
2923 1
2925 3
2922 4
2921 3
2921 4
2921 2
2927 0
2927 5
2933 1
2935 4
2914 1
2916 3
2913 2
2913 4
2913 3
2913 0
2912 4
2912 2
2912 0
2910 4
2910 0
2910 3
2909 4
2909 2
2909 1
2909 3
2909 5
2903 1
2903 4
2896 4
2896 2
2896 4
2896 4
2896 5
2897 3
2888 3
2884 2
2883 1
2883 4
2881 1
2881 0
2880 2
2880 3
2879 3
2879 4
2879 3
2879 1
2879 5
2869 0
2869 2
2869 4
2856 1
2856 1
2859 4
2858 2
2858 5
2862 1
2862 0
2861 0
2861 4
2847 0
2846 2
2846 2
2846 4
2846 0
2846 5
2848 0
2850 2
2850 0
2851 0
2852 5
2885 4
2833 3
2831 3
2829 3
2829 3
2829 1
2829 3
2829 5
2831 2
2831 4
2820 4
2820 4
2820 0
2819 3
2818 3
2818 4
2818 4
2818 4
2818 5
2827 1
2832 1
2837 1
2838 4
2824 5
2829 4
2816 4
2816 3
2816 2
2816 1
2816 5
2828 0
2830 3
2820 4
2816 4
2816 5
2825 3
2820 2
2819 4
2816 3
2816 5
2828 2
2828 3
2820 0
2820 4
2814 4
2814 3
2814 3
2814 3
2814 5
2830 2
2830 2
2830 3
2824 2
2823 5
2852 1
2852 4
2816 4
2816 3
2816 5
2830 0
2829 3
2821 2
2818 4
2812 0
2812 0
2812 4
2812 2
2812 5
2824 3
2813 2
2812 4
2806 3
2806 1
2806 4
2806 3
2806 5
2825 4
2806 1
2806 0
2807 0
2807 5
2820 4
2807 1
2807 0
2807 0
2807 5
2823 0
2823 2
2823 3
2817 3
2813 5
2831 1
2831 4
2803 3
2803 2
2802 4
2802 3
2802 3
2802 1
2802 5
2814 0
2814 3
2801 4
2795 2
2797 3
2795 4
2794 4
2794 4
2794 4
2794 4
2794 5
2811 4
2794 4
2794 2
2794 4
2794 5
2804 3
2797 4
2792 4
2791 4
2791 3
2791 0
2791 3
2791 5
2807 4
2788 3
2788 4
2788 2
2788 2
2788 5
2801 2
2801 2
2801 4
2789 2
2789 5
2801 1
2802 0
2801 2
2800 3
2789 5
2810 3
2785 1
2786 4
2779 3
2776 4
2775 0
2775 3
2775 2
2775 0
2775 5
2785 2
2785 4
2767 1
2767 1
2767 3
2767 3
2767 5
2777 4
2762 3
2762 1
2762 3
2762 0
2764 5
2771 3
2756 4
2751 1
2751 3
2748 4
2748 0
2749 0
2749 4
2748 5
2760 3
2745 3
2744 0
2744 0
2744 3
2744 3
2744 5
2771 0
2771 4
2737 0
2737 4
2737 4
2737 4
2737 5
2748 2
2748 4
2731 3
2730 0
2730 4
2730 0
2730 2
2730 5
2745 3
2731 0
2731 1
2734 3
2726 3
2723 2
2722 4
2718 2
2717 3
2717 4
2717 0
2717 4
2717 5
2725 1
2725 2
2725 0
2725 2
2725 5
2768 3
2706 2
2705 2
2704 3
2700 4
2697 2
2696 3
2695 3
2695 2
2695 0
2695 3
2695 5
2719 4
2692 4
2692 1
2692 2
2692 0
2692 5
2707 4
2687 3
2687 0
2687 4
2687 3
2687 5
2711 4
2684 3
2684 4
2684 3
2684 3
2684 5
2692 4
2671 2
2671 0
2671 3
2671 4
2671 5
2695 3
2674 3
2671 3
2667 3
2667 2
2666 3
2665 2
2664 4
2660 3
2660 0
2660 0
2660 1
2662 5
2700 4
2665 2
2665 4
2665 4
2665 5
2685 0
2685 2
2685 1
2686 4
2661 5
2691 1
2691 3
2671 4
2663 4
2662 5
2685 0
2685 4
2662 0
2662 3
2660 5
2689 4
2658 3
2658 3
2658 1
2658 2
2658 5
2688 2
2688 3
2667 3
2664 1
2664 5
2701 3
2671 3
2666 3
2664 4
2649 4
2648 0
2648 4
2648 1
2648 0
2648 5
2674 3
2645 4
2632 3
2631 2
2631 4
2631 4
2631 3
2631 5
2657 3
2636 2
2635 2
2634 3
2632 5
2680 4
2624 3
2624 4
2623 3
2623 1
2623 3
2623 4
2623 5
2660 0
2660 4
2625 1
2625 2
2625 5
2664 4
2627 3
2625 4
2625 3
2624 5
2663 1
2663 4
2625 4
2625 2
2625 5
2662 2
2662 0
2662 2
2662 4
2623 5
2662 3
2628 3
2624 1
2624 3
2623 5
2669 2
2669 1
2669 4
2615 3
2615 2
2614 4
2613 2
2612 0
2612 3
2612 3
2612 4
2612 5
2640 2
2640 2
2640 3
2611 2
2610 3
2607 3
2604 4
2598 3
2598 4
2597 3
2597 3
2597 4
2597 3
2597 5
2629 0
2629 3
2601 4
2591 2
2590 2
2590 0
2590 3
2590 4
2590 5
2625 0
2625 4
2590 2
2590 2
2590 5
2624 3
2598 3
2596 1
2596 3
2596 5
2650 3
2617 2
2616 3
2605 4
2582 2
2582 1
2582 4
2581 3
2581 2
2580 2
2580 3
2579 3
2579 1
2579 4
2578 4
2578 3
2577 1
2577 3
2577 3
2577 2
2577 5
2604 4
2574 4
2574 0
2574 4
2574 4
2574 5
2612 2
2612 2
2612 3
2583 4
2572 3
2571 4
2570 3
2570 2
2570 3
2570 3
2570 5
2604 0
2604 2
2604 3
2573 4
2563 0
2563 1
2563 1
2563 0
2562 3
2562 0
2562 3
2562 1
2562 5
2607 2
2607 3
2570 0
2570 3
2566 5
2617 4
2558 3
2557 3
2556 2
2555 4
2555 3
2554 3
2551 0
2551 2
2551 4
2551 3
2551 5
2570 2
2570 0
2570 3
2539 3
2536 2
2535 2
2534 1
2534 3
2533 0
2533 2
2533 3
2533 0
2533 5
2575 2
2575 0
2575 3
2540 4
2522 3
2520 0
2520 3
2518 4
2517 3
2517 3
2517 2
2518 4
2518 5
2551 3
2522 1
2527 1
2527 4
2515 3
2514 4
2513 3
2513 3
2513 3
2513 3
2513 5
2548 3
2524 3
2519 4
2510 0
2510 3
2510 3
2510 3
2510 5
2553 3
2521 4
2509 2
2508 3
2508 2
2507 3
2507 2
2506 2
2505 3
2505 2
2505 4
2505 2
2505 5
2548 3
2519 2
2518 4
2507 1
2507 5
2539 4
2511 3
2511 3
2510 2
2510 5
2540 3
2518 0
2518 1
2518 3
2513 5
2564 3
2523 0
2523 3
2510 0
2510 5
2572 1
2572 4
2492 0
2491 4
2488 3
2484 4
2482 3
2482 3
2482 3
2482 4
2482 5
2519 3
2486 3
2480 3
2480 1
2480 3
2479 3
2476 3
2476 4
2466 2
2465 0
2465 3
2464 3
2464 3
2464 3
2464 2
2464 5
2515 3
2483 4
2465 3
2463 4
2461 0
2461 2
2461 4
2461 4
2461 5
2500 4
2464 3
2463 0
2463 4
2462 5
2508 3
2473 1
2473 3
2468 3
2465 5
2529 3
2480 0
2480 0
2480 4
2455 3
2454 3
2453 0
2453 4
2449 1
2449 0
2448 3
2448 3
2448 3
2448 4
2448 5
2497 3
2453 0
2453 3
2450 4
2441 4
2439 1
2439 3
2437 3
2436 2
2436 3
2436 4
2435 0
2435 3
2435 3
2435 3
2435 5
2481 2
2481 0
2481 3
2447 3
2441 5
2518 2
2518 0
2518 2
2518 4
2439 5
2487 3
2452 4
2433 3
2430 3
2430 3
2430 2
2430 3
2430 5
2472 0
2472 4
2430 3
2428 1
2428 0
2429 1
2429 0
2429 5
2477 4
2425 4
2425 4
2425 4
2425 0
2425 5
2475 2
2475 3
2441 1
2441 4
2428 5
2470 3
2435 3
2427 3
2426 2
2425 5
2505 3
2451 2
2450 0
2450 4
2420 1
2420 4
2415 0
2415 3
2413 4
2413 3
2413 4
2412 3
2412 4
2412 4
2412 4
2412 5
2453 3
2421 3
2414 3
2410 3
2407 3
2407 0
2407 3
2407 4
2400 4
2399 0
2399 0
2399 3
2398 0
2398 2
2398 2
2398 3
2398 5
2454 3
2410 1
2410 2
2409 2
2408 5
2501 1
2501 0
2501 4
2405 0
2405 5
2461 4
2393 3
2392 3
2392 3
2392 3
2391 3
2391 3
2391 3
2391 2
2391 5
2456 3
2413 4
2392 3
2392 3
2392 5
2450 3
2408 1
2411 2
2408 2
2407 5
2495 3
2439 4
2400 1
2403 2
2402 5
2448 4
2394 4
2393 2
2393 3
2393 5
2450 2
2450 4
2388 0
2388 0
2388 4
2388 2
2388 5
2452 3
2410 4
2391 1
2391 4
2390 5
2447 0
2447 4
2391 0
2391 2
2391 5
2451 1
2451 3
2405 3
2402 0
2402 5
2502 3
2440 4
2394 0
2394 3
2385 3
2385 2
2384 4
2382 0
2382 4
2382 4
2382 0
2382 5
2443 3
2404 4
2383 1
2383 3
2383 5
2453 1
2453 4
2384 4
2384 2
2384 5
2454 3
2410 0
2410 3
2403 3
2400 5
2492 4
2387 3
2384 4
2381 3
2381 3
2381 0
2380 2
2380 2
2380 0
2380 4
2380 5
2448 4
2382 4
2382 4
2382 3
2382 5
2447 3
2400 2
2399 0
2399 4
2381 5
2455 2
2455 4
2379 3
2378 2
2378 4
2378 0
2378 2
2378 5
2437 4
2378 3
2377 3
2377 3
2376 3
2376 3
2376 2
2376 3
2376 5
2436 4
2375 3
2375 4
2375 1
2375 2
2375 5
2437 2
2437 3
2395 4
2376 3
2374 2
2374 3
2374 4
2374 1
2374 5
2439 4
2370 4
2370 3
2370 3
2370 4
2370 5
2439 3
2395 3
2391 2
2390 3
2386 5
2485 0
2485 0
2485 0
2485 3
2430 5
2556 3
2479 1
2479 4
2396 2
2395 5
2449 4
2370 4
2368 4
2368 4
2368 1
2368 3
2367 0
2367 4
2367 4
2366 0
2366 3
2366 4
2365 4
2365 3
2365 0
2366 4
2365 5
2435 3
2382 3
2378 4
2360 2
2359 4
2359 3
2359 2
2359 4
2359 5
2432 4
2357 1
2357 2
2357 3
2357 0
2357 5
2435 4
2358 4
2358 1
2358 3
2358 5
2430 0
2430 0
2430 2
2430 4
2358 5
2436 3
2385 3
2382 3
2379 3
2377 5
2492 3
2418 3
2407 2
2406 0
2406 5
2555 4
2374 4
2355 4
2355 0
2355 3
2354 3
2354 0
2354 3
2354 4
2354 5
2423 0
2423 4
2346 3
2346 3
2346 4
2346 3
2346 5
2413 3
2364 3
2358 0
2358 4
2340 1
2340 3
2338 0
2338 3
2338 0
2338 3
2338 5
2416 2
2416 2
2416 3
2364 1
2364 5
2502 2
2502 2
2500 4
2358 3
2350 5
2423 4
2343 3
2343 3
2343 3
2343 5
2413 3
2360 3
2355 4
2339 4
2338 5
2410 2
2410 4
2337 1
2337 4
2336 3
2336 4
2336 0
2336 2
2336 5
2415 2
2415 1
2415 3
2366 3
2355 5
2481 3
2402 0
2402 4
2349 1
2349 5
2423 2
2422 2
2421 4
2337 0
2337 5
2408 2
2408 1
2408 0
2408 4
2338 5
2406 4
2337 3
2337 3
2337 4
2336 5
2406 0
2406 3
2357 3
2347 3
2342 5
2483 3
2408 4
2338 3
2332 4
2326 3
2326 3
2325 2
2324 3
2324 1
2324 3
2324 3
2324 5
2409 4
2333 4
2330 4
2330 4
2330 5
2402 4
2330 4
2330 4
2330 2
2330 5
2404 1
2404 3
2362 3
2354 2
2353 5
2483 0
2483 4
2344 0
2344 0
2344 5
2416 4
2337 3
2337 4
2336 3
2336 5
2407 4
2334 3
2333 4
2331 3
2331 5
2403 3
2357 4
2328 4
2328 3
2328 5
2405 3
2356 4
2327 0
2327 2
2327 5
2401 3
2360 3
2350 2
2349 0
2349 5
2481 4
2327 3
2324 0
2324 2
2323 3
2323 3
2323 4
2323 3
2323 5
2404 4
2322 4
2321 4
2321 4
2321 4
2321 3
2321 5
2403 4
2321 4
2321 3
2321 3
2321 5
2404 3
2350 1
2350 3
2345 3
2339 5
2470 1
2470 4
2328 4
2323 0
2323 5
2403 3
2361 3
2350 1
2350 3
2346 5
2478 2
2476 3
2414 2
2412 3
2397 5
2573 3
2485 4
2360 3
2341 3
2340 5
2423 3
2380 4
2339 3
2335 3
2333 5
2409 4
2320 4
2318 3
2318 3
2317 3
2317 3
2317 4
2317 1
2317 5
2397 3
2350 4
2322 3
2320 3
2317 5
2399 0
2399 3
2350 4
2316 4
2313 4
2313 1
2313 1
2313 4
2313 5
2391 2
2391 3
2346 1
2346 4
2312 4
2310 3
2310 3
2310 4
2310 2
2310 5
2389 3
2347 4
2310 4
2309 4
2309 0
2309 3
2309 4
2309 5
2390 3
2344 3
2337 3
2336 3
2336 5
2490 3
2415 2
2413 4
2327 2
2326 5
2404 3
2355 1
2355 2
2354 4
2321 5
2410 0
2410 3
2349 3
2339 3
2334 5
2486 3
2414 0
2414 1
2414 3
2396 5
2632 4
2342 3
2327 4
2310 1
2310 5
2398 4
2312 0
2312 1
2312 0
2311 5
2395 3
2350 3
2338 2
2337 3
2332 5
2468 3
2399 3
2380 2
2379 1
2379 5
2599 3
2509 2
2507 3
2482 3
2471 5
2799 4
2355 3
2340 3
2332 0
2331 5
2423 0
2423 4
2315 4
2311 4
2311 5
2392 4
2308 4
2305 3
2305 3
2304 3
2304 4
2302 2
2302 2
2302 4
2301 1
2301 1
2301 3
2301 4
2301 5
2392 3
2343 1
2343 3
2331 0
2331 5
2481 1
2481 4
2326 3
2318 3
2315 5
2395 4
2308 4
2306 2
2306 2
2306 5
2385 0
2385 3
2335 3
2323 3
2322 5
2458 3
2389 4
2317 0
2317 3
2308 5
2400 1
2400 2
2400 4
2303 4
2301 5
2374 3
2329 3
2322 2
2321 4
2294 3
2292 3
2292 3
2292 4
2292 2
2292 5
2376 2
2376 2
2376 0
2376 4
2297 5
2375 4
2296 1
2296 1
2296 2
2296 5
2374 2
2374 4
2295 4
2295 4
2295 5
2374 1
2374 1
2374 4
2296 3
2296 5
2375 4
2297 1
2297 2
2297 3
2297 5
2370 1
2370 0
2370 1
2370 3
2327 5
2476 3
2400 0
2400 2
2398 2
2397 5
2597 3
2511 2
2509 3
2488 0
2488 5
2792 1
2792 3
2691 1
2691 1
2691 5
3133 2
3130 3
3042 0
3042 0
3042 5
3632 4
2374 2
2372 3
2333 1
2333 5
2426 0
2426 4
2317 1
2317 3
2314 5
2402 0
2402 2
2402 2
2401 3
2338 5
2497 3
2411 2
2410 2
2409 3
2383 5
2607 3
2511 3
2488 1
2488 1
2488 5
2845 2
2842 4
2357 3
2320 3
2313 5
2406 2
2406 4
2298 0
2298 0
2298 5
2382 3
2327 3
2312 3
2308 1
2308 5
2467 1
2467 3
2399 2
2398 3
2374 5
2614 4
2325 4
2296 4
2296 4
2296 5
2376 1
2376 2
2376 4
2297 3
2292 5
2388 0
2388 1
2388 3
2328 0
2328 5
2499 3
2403 4
2311 3
2300 4
2288 4
2288 3
2285 4
2284 1
2284 4
2284 2
2284 4
2284 5
2366 3
2316 3
2307 1
2307 4
2283 1
2285 3
2281 1
2281 0
2281 3
2281 2
2280 3
2279 1
2279 4
2277 2
2276 2
2276 4
2276 4
2276 4
2276 5
2361 3
2317 4
2278 4
2277 0
2277 -1
6731 2
6730 0
6730 3
4853 4
4852 4
4852 1
4853 2
4679 4
4679 0
4658 0
4657 0
4646 1
4645 4
4606 3
4316 1
4328 1
4328 3
4221 2
4223 2
4233 0
4230 1
4230 5
4107 2
4143 0
4134 3
4058 3
4052 1
4054 2
4053 2
4053 3
4051 2
4052 4
4052 2
4106 1
4115 5
4037 0
4027 1
4029 0
4028 0
4021 2
4013 4
3999 4
3999 0
3982 2
3997 3
3939 4
3939 2
3939 4
3939 3
3936 3
3936 2
3944 2
3944 1
3947 5
3880 2
3881 1
3884 3
3869 4
3869 4
3869 0
3867 0
3865 4
3865 0
3865 4
3865 1
3865 5
3809 2
3811 0
3793 4
3793 1
3795 2
3793 3
3783 4
3783 3
3782 1
3782 0
3776 2
3775 4
3775 3
3771 1
3771 1
3775 0
3774 2
3774 5
3726 2
3726 2
3729 1
3733 2
3729 5
3688 1
3688 1
3695 0
3689 0
3685 1
3683 2
3684 1
3689 0
3685 1
3690 5
3656 1
3661 3
3620 0
3623 4
3610 0
3607 1
3608 4
3607 3
3607 2
3609 5
3571 0
3566 0
3561 2
3561 1
3558 4
3554 3
3554 1
3561 0
3555 3
3544 0
3544 2
3544 1
3550 2
3544 5
3511 2
3511 4
3508 3
3506 0
3509 1
3511 4
3507 0
3502 0
3497 0
3492 1
3501 1
3503 0
3500 4
3498 5
3472 2
3492 0
3488 0
3492 1
3500 5
3477 1
3479 2
3477 0
3482 3
3444 0
3440 0
3441 1
3440 0
3440 0
3437 2
3435 1
3440 2
3435 3
3434 4
3429 3
3429 0
3429 1
3433 3
3430 5
3417 0
3415 1
3416 4
3413 2
3413 1
3413 4
3413 0
3413 5
3408 3
3407 4
3405 0
3404 2
3404 0
3399 3
3398 3
3398 2
3414 1
3414 0
3415 5
3407 0
3407 0
3410 3
3397 0
3398 0
3397 0
3394 0
3394 0
3394 3
3392 0
3391 3
3391 4
3390 0
3391 3
3391 0
3391 0
3389 3
3389 4
3388 4
3388 4
3388 0
3388 3
3388 5
3386 4
3380 4
3380 2
3382 0
3383 3
3381 5
3376 2
3382 1
3382 2
3381 2
3381 5
3386 0
3385 3
3372 2
3371 1
3371 0
3375 0
3373 3
3366 0
3371 2
3370 2
3369 0
3368 5
3378 3
3355 3
3352 4
3345 4
3345 1
3347 0
3347 0
3346 5
3341 4
3334 1
3334 2
3334 0
3332 1
3332 2
3340 1
3346 2
3345 5
3335 3
3326 0
3326 0
3326 4
3323 2
3323 0
3321 2
3327 3
3319 0
3319 0
3318 1
3318 3
3318 2
3320 4
3317 1
3317 3
3317 3
3317 1
3320 5
3311 4
3304 3
3301 1
3305 0
3304 0
3301 3
3295 3
3295 3
3295 4
3294 0
3295 2
3295 3
3295 2
3296 5
3280 1
3286 4
3280 1
3280 1
3287 5
3266 0
3266 3
3266 0
3263 0
3263 3
3262 1
3267 2
3266 3
3263 1
3263 5
3247 0
3245 0
3245 4
3237 4
3237 1
3241 0
3241 4
3240 5
3229 3
3219 3
3216 3
3216 2
3221 0
3221 2
3237 5
3226 1
3231 3
3205 3
3200 4
3196 2
3194 1
3202 3
3194 3
3193 0
3196 3
3193 3
3193 2
3193 5
3183 4
3176 3
3167 1
3173 4
3170 3
3163 3
3161 0
3161 1
3165 1
3173 0
3173 5
3143 0
3144 0
3144 2
3143 4
3135 3
3131 3
3131 1
3138 0
3136 0
3136 5
3125 1
3131 1
3134 0
3134 4
3123 0
3125 1
3125 3
3124 0
3120 3
3118 0
3118 0
3119 1
3119 3
3118 5
3112 1
3113 4
3103 3
3102 3
3097 4
3096 4
3096 4
3096 3
3094 0
3094 0
3095 3
3092 2
3092 1
3092 2
3092 4
3092 5
3084 3
3079 3
3079 1
3079 4
3075 0
3074 3
3074 3
3074 0
3074 3
3074 5
3078 1
3080 2
3078 3
3073 4
3067 3
3067 1
3073 0
3073 3
3065 3
3065 2
3065 1
3068 0
3070 5
3078 0
3080 3
3066 1
3069 4
3063 4
3062 4
3062 1
3062 0
3062 3
3059 2
3059 3
3059 0
3059 1
3059 5
3069 3
3062 1
3064 3
3061 0
3063 5
3067 0
3068 3
3055 3
3046 3
3042 0
3040 1
3042 3
3040 3
3040 3
3039 4
3032 4
3032 2
3032 0
3031 2
3031 3
3031 2
3038 0
3038 5
3031 0
3030 0
3032 2
3032 4
3019 2
3027 3
3024 3
3023 0
3024 5
3017 0
3015 3
3008 3
3008 0
3007 2
3006 2
3005 0
3006 4
3002 4
3002 3
3002 3
3002 3
3002 5
2998 2
2998 2
2998 1
2998 4
2992 4
2992 3
2992 0
2993 1
2993 5
2995 1
2996 1
2999 1
2998 2
2997 5
3010 2
3013 2
3017 0
3018 3
2985 3
2979 3
2978 3
2978 0
2978 1
2978 1
2981 5
2982 3
2965 0
2964 4
2958 0
2956 4
2954 4
2954 3
2953 0
2952 4
2951 2
2954 2
2961 2
2961 1
2961 5
2951 2
2951 0
2951 4
2932 0
2932 3
2930 4
2930 1
2930 4
2930 3
2930 5
2937 0
2940 0
2941 0
2943 2
2943 5
2964 3
2926 1
2929 1
2930 3
2923 0
2923 3
2919 4
2911 4
2911 1
2911 1
2914 0
2915 5
2922 3
2904 1
2905 3
2902 0
2902 3
2901 0
2901 4
2900 3
2900 3
2900 4
2900 4
2900 5
2904 3
2887 0
2887 0
2887 2
2886 4
2881 2
2881 3
2879 0
2880 2
2880 3
2879 3
2878 4
2877 3
2877 0
2877 3
2877 2
2877 5
2893 4
2871 3
2870 3
2870 3
2870 3
2870 3
2870 5
2871 1
2871 2
2870 4
2854 3
2854 1
2857 3
2854 4
2854 5
2870 3
2850 0
2851 2
2850 4
2842 4
2842 3
2842 4
2842 3
2842 5
2860 0
2868 3
2847 2
2846 2
2845 5
2865 3
2843 3
2838 4
2829 0
2829 1
2833 2
2832 4
2830 5
2844 2
2844 0
2845 4
2821 0
2821 0
2821 4
2821 0
2821 5
2831 0
2833 4
2812 3
2810 2
2810 1
2810 0
2810 4
2810 5
2831 2
2831 4
2806 4
2806 3
2806 4
2806 3
2806 5
2820 4
2798 4
2798 4
2798 3
2798 4
2798 5
2819 4
2796 4
2796 3
2796 3
2796 1
2796 5
2819 1
2823 0
2823 4
2796 4
2796 5
2823 3
2800 4
2796 4
2796 0
2796 5
2814 0
2815 0
2816 2
2816 0
2816 5
2855 3
2807 0
2807 1
2807 4
2793 2
2792 3
2792 2
2791 0
2791 4
2791 2
2793 4
2792 5
2808 3
2784 3
2781 2
2780 3
2778 0
2777 3
2776 1
2776 0
2776 1
2776 2
2779 5
2806 0
2811 4
2767 4
2767 3
2767 3
2767 3
2767 5
2794 3
2767 3
2765 4
2761 2
2760 4
2760 0
2760 4
2760 2
2760 5
2785 0
2787 0
2787 3
2756 1
2756 0
2756 3
2753 3
2753 4
2747 3
2747 3
2747 2
2746 4
2746 3
2746 3
2746 0
2746 5
2772 0
2772 0
2772 4
2741 0
2741 4
2741 2
2741 0
2741 5
2769 0
2769 1
2769 3
2742 3
2740 4
2738 3
2738 2
2737 0
2737 3
2737 1
2739 3
2738 5
2761 3
2732 3
2728 3
2727 1
2728 3
2726 3
2725 3
2724 3
2723 3
2723 1
2725 3
2723 0
2723 5
2742 4
2709 0
2709 0
2709 0
2710 1
2710 5
2731 3
2704 4
2695 2
2694 4
2693 2
2693 3
2692 4
2692 4
2692 1
2695 2
2694 5
2715 4
2683 2
2683 0
2683 4
2683 2
2683 5
2712 1
2712 0
2712 3
2684 2
2683 5
2725 2
2725 3
2685 0
2685 3
2678 3
2674 0
2674 1
2674 3
2669 2
2668 3
2668 4
2656 2
2655 0
2655 4
2654 1
2654 4
2654 3
2653 0
2652 3
2651 4
2651 4
2651 0
2651 3
2651 5
2674 3
2646 3
2644 3
2643 1
2643 2
2642 4
2637 0
2637 3
2637 3
2636 3
2636 3
2636 3
2636 1
2636 5
2661 0
2662 4
2632 2
2632 3
2631 3
2631 4
2631 1
2631 0
2631 5
2648 4
2620 0
2620 2
2620 0
2620 0
2620 5
2654 3
2633 3
2626 4
2618 0
2618 3
2617 0
2617 4
2616 4
2616 4
2616 0
2616 4
2616 5
2647 4
2611 3
2611 0
2611 2
2611 2
2611 5
2646 1
2646 3
2619 1
2620 4
2610 4
2609 4
2609 2
2609 1
2609 2
2609 5
2645 2
2645 4
2611 2
2611 3
2611 5
2643 1
2643 3
2616 0
2616 4
2607 3
2606 4
2606 1
2606 4
2606 0
2606 5
2644 0
2644 2
2644 3
2606 4
2601 3
2595 2
2596 2
2596 3
2595 4
2594 4
2594 3
2594 4
2594 4
2594 5
2628 4
2594 0
2594 1
2594 3
2594 5
2627 0
2628 2
2628 3
2602 4
2591 0
2591 3
2590 0
2589 4
2589 3
2589 0
2589 1
2592 5
2620 3
2600 1
2600 4
2584 2
2584 0
2584 3
2584 3
2584 5
2629 4
2593 3
2592 3
2592 2
2592 5
2615 4
2586 4
2586 2
2586 4
2586 5
2621 3
2602 3
2590 4
2579 0
2579 4
2579 3
2578 4
2578 0
2578 3
2578 4
2577 0
2577 3
2577 3
2577 1
2577 5
2610 3
2587 3
2586 1
2586 2
2585 5
2633 3
2590 0
2591 3
2586 4
2567 3
2566 3
2566 0
2566 3
2566 3
2566 5
2601 4
2568 4
2568 0
2568 2
2568 5
2595 2
2595 4
2564 2
2564 2
2564 3
2564 2
2564 5
2596 4
2566 1
2566 0
2567 3
2566 5
2593 3
2569 4
2557 3
2557 0
2557 1
2557 2
2557 5
2597 0
2597 3
2572 2
2571 3
2564 5
2618 3
2579 0
2579 0
2579 4
2551 4
2549 2
2549 3
2549 0
2549 4
2548 2
2549 1
2549 3
2548 4
2548 5
2581 4
2548 3
2548 3
2548 2
2548 5
2577 2
2577 2
2577 0
2578 4
2547 4
2547 3
2547 3
2547 0
2547 5
2576 2
2576 0
2576 3
2549 1
2549 5
2597 3
2557 0
2558 1
2558 4
2543 3
2540 3
2539 4
2536 4
2536 4
2536 2
2537 1
2537 5
2566 0
2567 3
2549 1
2549 2
2548 5
2599 0
2599 4
2545 1
2545 4
2545 5
2572 4
2538 3
2538 0
2538 3
2536 5
2573 0
2573 0
2573 0
2573 3
2543 5
2596 2
2596 3
2554 3
2544 0
2544 5
2605 0
2605 4
2537 3
2533 4
2529 0
2529 4
2529 0
2529 2
2528 1
2528 1
2528 3
2528 3
2528 5
2552 4
2524 0
2526 2
2525 4
2523 0
2523 4
2523 1
2523 3
2521 1
2521 1
2521 3
2520 4
2520 3
2520 3
2520 1
2520 5
2548 1
2548 0
2548 3
2525 1
2525 5
2565 3
2532 4
2504 2
2503 4
2500 3
2500 0
2500 3
2500 2
2500 5
2540 3
2514 3
2511 4
2497 0
2497 3
2496 4
2494 3
2494 4
2494 0
2494 4
2494 5
2535 1
2535 3
2515 2
2514 4
2496 5
2531 2
2531 3
2507 4
2496 0
2496 5
2532 4
2496 3
2493 0
2493 4
2493 4
2493 3
2493 5
2523 0
2523 3
2498 3
2497 0
2497 5
2569 1
2569 4
2495 3
2493 4
2492 0
2492 3
2492 3
2492 1
2492 5
2528 3
2501 4
2487 0
2487 4
2486 3
2486 1
2486 0
2486 3
2486 5
2525 4
2485 3
2484 3
2484 3
2484 4
2484 1
2484 5
2521 0
2521 3
2494 3
2493 0
2493 5
2564 4
2493 3
2492 2
2491 4
2489 5
2520 2
2520 1
2520 2
2520 3
2491 5
2551 1
2551 1
2551 0
2551 2
2551 5
2673 4
2500 4
2498 1
2498 0
2498 5
2518 1
2518 0
2518 2
2518 0
2518 5
2613 4
2491 0
2491 0
2491 4
2491 5
2524 4
2486 0
2486 2
2486 4
2486 5
2527 3
2494 3
2487 4
2478 4
2477 3
2477 4
2477 4
2477 3
2477 5
2520 3
2488 3
2482 4
2473 3
2472 3
2472 0
2472 3
2472 4
2471 0
2471 4
2471 3
2471 0
2471 5
2522 4
2479 2
2479 4
2479 3
2477 5
2511 4
2480 0
2480 4
2480 3
2479 5
2520 3
2490 3
2482 2
2480 3
2478 5
2562 3
2500 3
2489 4
2463 3
2460 1
2460 0
2460 4
2456 3
2456 1
2456 1
2456 4
2456 5
2510 2
2510 4
2466 1
2466 4
2466 5
2506 0
2506 3
2479 4
2459 0
2458 5
2515 3
2478 2
2477 3
2469 3
2468 5
2539 4
2458 0
2457 0
2457 4
2451 4
2451 2
2451 4
2451 4
2451 5
2498 1
2498 4
2449 0
2449 1
2449 2
2449 3
2448 2
2448 0
2448 2
2446 0
2446 3
2444 3
2444 4
2444 0
2444 4
2444 5
2501 3
2462 2
2461 2
2460 3
2453 5
2537 2
2537 4
2457 4
2452 1
2452 5
2497 3
2462 4
2444 1
2444 3
2444 5
2493 4
2449 3
2448 3
2448 3
2448 5
2496 3
2457 0
2457 3
2452 4
2438 4
2437 0
2437 3
2437 3
2436 3
2434 4
2433 3
2433 4
2433 1
2433 0
2433 5
2488 3
2452 1
2452 3
2445 0
2445 5
2537 0
2537 0
2537 3
2486 0
2486 5
2587 3
2519 4
2445 4
2431 0
2431 2
2431 0
2431 0
2431 5
2486 3
2444 0
2444 0
2444 4
2420 3
2420 4
2417 3
2416 2
2416 2
2416 4
2416 2
2416 5
2478 0
2478 0
2478 3
2435 3
2429 5
2536 3
2472 4
2418 2
2417 4
2408 0
2408 3
2406 4
2405 0
2405 0
2405 0
2405 4
2405 5
2473 0
2473 3
2425 3
2415 2
2414 5
2521 3
2461 4
2407 3
2404 0
2404 2
2403 2
2402 1
2402 3
2401 2
2400 3
2400 4
2397 3
2397 2
2397 0
2396 0
2396 2
2396 2
2396 2
2396 5
2457 2
2457 0
2457 2
2457 4
2404 5
2455 2
2455 2
2455 4
2403 3
2402 5
2459 4
2400 4
2400 3
2399 4
2398 5
2456 4
2399 4
2399 0
2399 0
2399 5
2450 4
2399 3
2398 1
2398 3
2398 5
2455 3
2415 1
2415 3
2406 3
2405 5
2520 4
2404 4
2401 3
2399 4
2397 5
2445 3
2414 3
2405 0
2404 3
2403 5
2511 3
2456 1
2456 0
2456 1
2456 5
2587 2
2585 3
2515 3
2483 0
2483 5
2673 4
2418 4
2389 4
2389 1
2389 2
2389 1
2389 5
2443 3
2403 2
2402 1
2402 3
2394 5
2498 4
2388 0
2388 3
2387 3
2385 1
2385 4
2380 3
2378 1
2378 0
2378 0
2378 0
2378 5
2442 4
2380 4
2380 0
2380 3
2380 5
2436 0
2436 4
2377 0
2377 4
2377 0
2377 4
2377 5
2440 4
2378 4
2377 2
2377 2
2377 5
2440 2
2440 4
2378 0
2378 3
2378 5
2437 3
2397 4
2375 0
2375 3
2375 1
2375 4
2372 3
2372 3
2372 2
2372 4
2372 5
2437 1
2437 1
2437 4
2375 1
2375 5
2438 0
2438 1
2438 1
2438 4
2374 5
2441 4
2375 2
2375 2
2375 1
2375 5
2440 3
2402 2
2401 4
2369 2
2368 3
2368 3
2368 1
2368 0
2368 5
2438 2
2438 4
2376 0
2376 3
2375 5
2431 3
2392 3
2382 0
2382 0
2382 5
2498 2
2496 4
2376 1
2376 4
2372 5
2438 4
2369 3
2369 0
2369 2
2369 5
2443 0
2443 3
2405 2
2404 3
2392 5
2516 0
2516 3
2454 4
2391 2
2389 5
2451 4
2375 4
2375 3
2374 0
2374 5
2444 1
2444 0
2444 0
2444 0
2444 5
2604 3
2470 3
2438 3
2419 3
2415 5
2569 0
2569 3
2495 1
2495 2
2493 5
2704 3
2618 3
2590 2
2588 3
2570 5
2928 4
2407 3
2383 3
2373 3
2366 3
2364 3
2363 2
2362 1
2362 3
2361 0
2361 4
2344 4
2341 1
2341 1
2341 1
2341 2
2340 0
2340 1
2340 2
2340 4
2339 3
2339 1
2339 3
2339 4
2338 0
2338 4
2338 3
2338 0
2338 5
2408 3
2362 4
2335 3
2335 3
2335 4
2333 3
2333 0
2333 4
2333 0
2333 5
2411 3
2368 0
2368 3
2356 2
2355 5
2507 1
2507 4
2348 0
2348 2
2346 5
2416 2
2416 4
2336 4
2335 0
2335 5
2412 4
2334 4
2334 3
2334 3
2334 5
2409 0
2409 4
2335 3
2335 3
2335 5
2411 3
2359 0
2359 3
2352 2
2351 5
2480 3
2412 3
2394 3
2392 2
2391 5
2572 2
2570 3
2500 3
2481 4
2361 5
2442 4
2341 1
2341 0
2341 4
2336 5
2398 3
2358 3
2348 2
2347 1
2347 5
2498 4
2340 2
2339 4
2331 4
2331 4
2331 3
2331 1
2331 5
2401 3
2357 2
2356 2
2355 1
2355 5
2509 4
2341 3
2336 2
2335 4
2332 5
2392 3
2354 3
2344 4
2328 2
2327 3
2325 4
2322 0
2322 0
2322 3
2322 4
2322 5
2401 4
2328 1
2328 2
2328 0
2328 5
2408 4
2324 4
2323 0
2323 2
2323 5
2408 4
2324 3
2324 1
2324 2
2324 5
2405 0
2405 0
2405 2
2405 0
2405 5
2563 3
2447 3
2412 3
2395 4
2342 5
2422 2
2422 3
2376 4
2336 2
2335 5
2407 3
2358 0
2358 3
2352 4
2327 5
2408 2
2407 2
2407 3
2357 0
2357 5
2506 0
2506 3
2429 2
2428 2
2426 5
2624 0
2624 1
2624 2
2621 2
2618 5
2915 3
2743 0
2743 3
2670 4
2398 5
2464 4
2351 4
2343 4
2343 3
2341 5
2414 0
2414 4
2336 1
2336 4
2335 5
2409 3
2362 3
2354 3
2350 3
2349 5
2497 3
2429 1
2429 1
2429 4
2357 5
2421 1
2421 4
2338 3
2337 2
2336 5
2402 0
2402 3
2356 1
2356 3
2349 5
2494 4
2339 2
2337 2
2336 3
2332 5
2404 0
2404 0
2404 3
2355 3
2346 5
2504 0
2504 3
2426 3
2411 2
2410 5
2623 1
2623 4
2350 3
2340 1
2340 5
2430 1
2430 4
2335 2
2334 4
2329 5
2416 3
2363 4
2329 2
2328 4
2324 5
2406 0
2406 3
2356 3
2348 2
2347 5
2494 0
2494 2
2492 4
2335 3
2329 5
2411 3
2361 3
2351 1
2351 3
2349 5
2503 4
2333 4
2322 3
2319 3
2319 2
2319 2
2318 4
2318 2
2318 2
2318 3
2318 5
2401 4
2319 2
2319 4
2319 3
2319 5
2404 4
2319 1
2319 4
2319 4
2319 5
2407 0
2407 2
2407 3
2354 0
2354 5
2503 2
2501 3
2421 2
2419 1
2419 5
2619 0
2619 2
2617 3
2525 1
2525 5
2795 3
2698 1
2698 4
2377 4
2346 5
2405 4
2328 3
2328 2
2327 2
2326 5
2408 2
2408 3
2358 3
2345 3
2342 5
2492 2
2490 4
2334 3
2327 1
2327 5
2412 2
2412 3
2358 2
2357 0
2357 5
2516 2
2516 3
2434 3
2403 2
2402 5
2627 2
2625 0
2625 0
2625 4
2358 5
2431 3
2378 0
2378 4
2327 4
2319 5
2410 1
2410 3
2359 0
2359 4
2315 3
2309 3
2307 4
2304 2
2304 3
2304 4
2304 3
2304 5
2400 4
2309 0
2309 4
2307 3
2307 5
2400 0
2400 0
2400 4
2309 4
2309 5
2398 2
2398 2
2398 2
2398 4
2312 5
2394 4
2310 4
2310 0
2309 4
2309 5
2397 0
2397 0
2397 0
2397 2
2397 5
2582 3
2453 3
2411 4
2333 4
2325 5
2405 3
2353 1
2353 3
2348 4
2319 5
2408 3
2348 4
2311 2
2310 4
2307 5
2399 4
2314 2
2312 3
2308 2
2308 5
2400 0
2400 2
2400 2
2400 1
2400 5
2587 0
2587 2
2587 0
2587 4
2336 5
2401 2
2400 0
2400 2
2400 3
2350 5
2485 2
2483 3
2415 0
2415 2
2414 5
2605 0
2605 0
2605 4
2350 3
2339 5
2415 4
2326 3
2323 3
2323 3
2323 5
2399 2
2399 2
2398 2
2398 3
2348 5
2490 0
2490 2
2488 3
2413 4
2333 5
2401 2
2401 0
2401 4
2318 0
2318 5
2387 1
2387 2
2387 2
2387 3
2345 5
2478 4
2324 2
2322 2
2321 2
2320 5
2393 2
2393 2
2393 3
2352 4
2315 5
2391 4
2313 3
2311 3
2310 3
2310 5
2392 4
2311 3
2311 2
2311 3
2311 5
2384 2
2384 1
2384 2
2384 -1
6731 2
6730 3
4775 0
4775 4
4775 0
4759 0
4734 0
4734 0
4699 3
4365 2
4364 0
4337 0
4330 2
4329 3
4276 1
4276 0
4272 4
4271 0
4261 0
4246 2
4246 1
4252 1
4265 2
4259 5
4140 1
4140 3
4117 1
4125 4
4122 0
4107 3
4096 0
4088 2
4089 0
4075 4
4075 1
4075 1
4083 3
4075 5
3972 0
3969 3
3962 4
3962 0
3943 1
3943 2
3948 4
3948 4
3948 5
3866 2
3866 0
3866 1
3871 2
3866 5
3799 4
3797 1
3792 3
3792 4
3792 1
3792 2
3797 5
3739 4
3739 0
3729 1
3734 3
3723 2
3726 3
3721 1
3723 3
3721 4
3721 2
3723 5
3669 2
3669 4
3669 1
3669 1
3677 5
3629 2
3629 0
3625 1
3632 2
3631 1
3633 4
3631 5
3588 3
3570 4
3570 2
3591 4
3589 1
3591 5
3547 0
3549 2
3569 2
3569 2
3569 5
3543 2
3543 0
3534 1
3534 1
3530 4
3503 0
3500 2
3500 0
3501 1
3507 3
3493 3
3489 4
3489 1
3491 0
3487 0
3481 2
3479 4
3479 3
3479 1
3481 0
3476 2
3474 3
3474 1
3474 4
3474 1
3474 5
3434 0
3429 4
3428 1
3434 3
3428 2
3428 4
3428 5
3403 3
3400 3
3400 3
3400 4
3398 0
3398 0
3398 1
3404 3
3398 5
3380 3
3379 0
3379 4
3376 2
3376 0
3376 3
3376 4
3376 5
3351 2
3351 1
3351 0
3352 3
3352 5
3336 4
3329 4
3329 1
3329 0
3330 3
3330 5
3322 0
3324 0
3322 2
3322 4
3314 1
3321 4
3320 0
3318 0
3312 0
3312 1
3318 0
3316 1
3327 5
3310 3
3307 3
3304 0
3304 0
3304 0
3304 1
3304 5
3303 1
3306 4
3296 3
3296 3
3296 4
3296 3
3296 5
3289 0
3289 1
3289 1
3292 0
3291 5
3290 0
3291 0
3293 1
3294 3
3284 2
3283 0
3282 0
3284 3
3282 0
3282 0
3282 5
3274 0
3276 3
3267 1
3267 4
3260 1
3260 2
3260 3
3260 0
3260 5
3249 0
3248 0
3250 2
3250 4
3243 3
3243 0
3239 3
3239 2
3239 3
3239 4
3239 5
3229 0
3231 0
3233 0
3234 3
3225 0
3222 0
3220 4
3218 2
3224 1
3228 4
3221 3
3221 5
3211 0
3213 0
3211 2
3211 4
3204 1
3207 3
3204 3
3204 3
3204 5
3201 1
3203 3
3192 0
3193 0
3193 3
3191 0
3193 4
3189 2
3193 0
3191 1
3194 2
3191 5
3189 0
3188 0
3186 3
3176 1
3184 4
3178 2
3184 2
3204 5
3191 0
3193 4
3170 0
3170 2
3195 4
3180 2
3180 5
3174 1
3174 0
3174 0
3175 1
3175 5
3187 0
3189 1
3187 0
3188 0
3187 5
3207 0
3207 4
3164 0
3162 2
3178 2
3178 0
3177 0
3177 5
3183 1
3183 2
3183 2
3183 2
3183 5
3200 3
3155 3
3140 0
3140 4
3131 1
3133 2
3131 3
3129 0
3130 0
3130 1
3132 0
3132 5
3134 3
3123 0
3126 0
3130 0
3128 0
3129 5
3127 3
3106 1
3108 3
3093 1
3093 4
3088 0
3089 4
3088 4
3088 3
3087 1
3087 0
3086 0
3085 1
3087 1
3087 0
3085 2
3083 3
3082 0
3078 3
3078 4
3077 4
3077 3
3077 4
3077 3
3077 5
3062 1
3063 4
3056 0
3054 3
3052 0
3052 0
3052 0
3056 2
3056 5
3048 2
3048 3
3036 3
3034 3
3030 3
3029 4
3027 0
3026 1
3029 3
3026 0
3026 3
3026 5
3016 4
3003 3
3003 4
3003 1
3003 1
3003 5
2998 0
2995 0
2995 4
2984 0
2984 1
2988 0
2989 0
2989 5
2993 3
2975 1
2979 0
2977 2
2976 4
2970 0
2969 0
2969 0
2969 1
2970 3
2970 5
2973 4
2961 4
2960 0
2962 4
2960 3
2958 0
2957 0
2957 1
2957 1
2962 0
2961 5
2967 4
2949 1
2953 0
2953 4
2952 3
2952 5
2959 3
2949 3
2949 0
2952 0
2952 5
2967 0
2967 1
2970 3
2945 3
2941 1
2941 4
2934 1
2936 0
2935 1
2935 1
2935 5
2944 2
2944 3
2927 0
2925 2
2923 4
2916 3
2914 1
2919 0
2922 4
2918 0
2918 5
2929 2
2931 0
2931 3
2909 2
2909 1
2916 4
2911 0
2911 5
2920 1
2920 3
2904 3
2903 0
2903 1
2903 0
2903 4
2896 0
2896 0
2900 0
2900 0
2900 5
2920 0
2920 3
2889 0
2889 4
2883 3
2882 2
2881 0
2879 0
2881 0
2880 1
2882 4
2879 5
2889 3
2868 0
2869 0
2868 2
2867 3
2861 2
2860 3
2858 2
2857 3
2855 4
2852 4
2852 3
2850 2
2850 3
2850 3
2850 3
2850 5
2865 0
2864 0
2870 0
2869 3
2842 2
2841 0
2841 0
2841 4
2834 2
2844 2
2844 4
2841 1
2841 5
2847 3
2835 3
2830 3
2829 4
2824 0
2824 4
2824 2
2824 3
2824 5
2835 4
2818 1
2818 4
2818 3
2818 0
2818 5
2830 3
2815 0
2815 3
2814 2
2813 4
2809 1
2809 0
2809 3
2809 0
2809 5
2824 3
2807 3
2800 4
2789 1
2791 3
2789 4
2788 3
2787 0
2787 2
2788 0
2792 2
2792 5
2806 0
2809 0
2810 0
2810 2
2810 5
2854 3
2788 4
2776 3
2775 3
2775 2
2774 0
2773 2
2772 4
2772 1
2779 1
2784 1
2788 5
2786 3
2765 0
2765 0
2765 4
2757 0
2757 2
2757 3
2757 2
2758 5
2769 4
2748 0
2748 3
2746 3
2745 1
2752 1
2752 0
2752 3
2745 5
2750 2
2750 1
2748 4
2734 3
2730 4
2730 4
2730 0
2731 2
2731 5
2740 4
2722 3
2722 3
2722 1
2726 2
2725 5
2737 0
2737 2
2737 3
2723 4
2718 3
2717 2
2717 4
2716 0
2715 0
2715 1
2715 3
2715 4
2715 5
2733 1
2733 4
2710 0
2710 0
2710 3
2710 2
2710 5
2733 1
2734 4
2711 3
2711 1
2711 5
2732 0
2733 2
2733 4
2710 0
2710 5
2733 4
2709 3
2709 0
2709 4
2709 3
2709 5
2732 0
2732 4
2709 2
2709 4
2709 5
2732 3
2712 4
2707 3
2707 4
2706 0
2706 3
2706 3
2706 3
2706 5
2728 4
2703 3
2703 4
2703 2
2709 3
2704 5
2731 0
2731 1
2731 4
2704 4
2704 5
2731 3
2706 4
2703 3
2702 1
2702 3
2702 0
2703 3
2702 5
2728 2
2728 4
2701 3
2697 0
2698 3
2697 2
2697 1
2697 5
2715 2
2715 0
2715 4
2694 1
2694 0
2694 0
2694 1
2694 5
2717 1
2717 1
2722 4
2698 2
2702 5
2725 3
2702 0
2702 0
2702 1
2702 5
2725 1
2725 4
2685 1
2685 0
2685 2
2685 1
2687 5
2699 4
2677 2
2677 0
2677 0
2677 1
2681 5
2691 1
2691 4
2667 0
2669 1
2669 0
2667 4
2665 2
2665 4
2665 4
2665 2
2665 5
2677 0
2678 3
2656 1
2656 0
2656 0
2656 0
2656 5
2681 2
2683 1
2684 4
2635 4
2635 3
2634 2
2634 3
2634 4
2634 4
2634 5
2652 3
2635 0
2634 1
2635 2
2634 5
2664 0
2664 3
2639 3
2628 3
2624 4
2615 3
2615 0
2614 1
2616 3
2613 0
2612 4
2610 0
2610 4
2610 4
2610 2
2611 5
2631 0
2633 4
2600 4
2599 3
2598 2
2598 3
2598 2
2598 4
2598 5
2619 0
2619 1
2619 3
2605 0
2605 5
2644 4
2601 0
2601 2
2600 3
2599 5
2627 2
2627 4
2599 0
2599 2
2599 5
2617 2
2617 2
2617 3
2605 1
2607 5
2640 4
2591 4
2590 4
2590 0
2590 0
2589 4
2589 4
2589 0
2590 3
2589 5
2611 0
2611 1
2611 0
2612 0
2611 5
2678 3
2605 1
2605 3
2597 4
2582 2
2581 1
2588 0
2588 0
2588 4
2583 5
2596 3
2584 0
2584 4
2575 3
2573 0
2573 2
2572 3
2572 4
2572 0
2573 4
2572 5
2594 2
2594 4
2566 4
2566 3
2566 4
2566 0
2566 5
2590 0
2590 2
2590 0
2590 0
2590 5
2660 2
2660 0
2660 4
2573 3
2572 5
2585 2
2585 0
2585 4
2566 3
2565 4
2565 3
2565 0
2565 4
2565 5
2581 3
2571 1
2572 3
2565 3
2565 5
2611 3
2572 1
2572 2
2571 4
2557 2
2556 4
2551 2
2551 0
2551 1
2554 3
2553 5
2585 4
2555 0
2555 3
2555 3
2555 5
2584 4
2553 2
2553 0
2553 0
2553 5
2582 1
2582 0
2582 0
2582 4
2553 5
2580 2
2580 3
2558 0
2558 4
2550 0
2550 4
2550 1
2550 1
2550 5
2569 4
2543 0
2542 0
2542 4
2542 2
2542 4
2542 5
2574 4
2542 4
2542 3
2541 2
2541 0
2541 0
2541 4
2541 5
2569 3
2554 4
2545 3
2544 1
2544 5
2573 0
2573 4
2541 0
2541 4
2541 5
2568 3
2549 0
2550 0
2550 3
2550 5
2604 3
2571 0
2571 4
2549 2
2547 5
2569 0
2571 2
2570 4
2539 4
2539 0
2540 0
2540 3
2540 5
2559 4
2532 3
2532 0
2532 0
2532 4
2532 5
2552 0
2553 2
2553 4
2531 3
2531 4
2530 0
2530 0
2530 2
2530 4
2530 5
2555 0
2555 1
2555 2
2554 3
2536 5
2597 3
2543 4
2529 0
2529 4
2527 1
2527 1
2527 0
2528 3
2526 4
2525 4
2525 0
2525 0
2526 0
2526 5
2557 0
2556 3
2519 4
2511 3
2510 1
2510 2
2510 4
2508 4
2508 2
2508 4
2508 3
2507 3
2507 1
2507 4
2507 3
2507 5
2540 3
2517 4
2509 0
2509 4
2507 5
2542 3
2513 3
2512 4
2505 4
2502 0
2502 4
2502 2
2502 4
2502 5
2538 3
2514 0
2514 4
2504 3
2504 5
2536 3
2511 4
2501 0
2501 2
2501 2
2501 4
2501 5
2536 0
2536 1
2536 2
2536 4
2501 5
2533 4
2500 3
2498 4
2498 4
2498 3
2498 2
2498 5
2538 3
2511 2
2510 0
2510 4
2499 5
2540 2
2539 3
2511 4
2497 4
2495 3
2495 4
2495 0
2495 4
2495 5
2533 0
2533 2
2533 4
2496 1
2496 5
2527 2
2527 2
2527 4
2492 4
2492 4
2492 0
2492 0
2492 5
2528 0
2528 4
2493 3
2493 2
2493 5
2519 3
2502 3
2500 3
2499 3
2497 5
2545 2
2545 4
2496 1
2496 4
2494 5
2520 1
2521 3
2496 0
2496 0
2496 5
2554 0
2554 3
2509 3
2496 4
2473 4
2471 4
2470 1
2470 0
2470 3
2468 0
2467 0
2467 4
2465 3
2465 3
2465 3
2465 4
2465 5
2514 2
2514 0
2514 3
2479 0
2479 5
2562 1
2562 4
2474 3
2472 3
2472 5
2515 0
2515 4
2461 0
2461 0
2461 0
2461 1
2461 5
2512 4
2465 4
2465 3
2464 2
2464 5
2509 4
2468 4
2468 4
2468 2
2468 5
2508 4
2465 1
2465 3
2465 1
2465 5
2516 1
2516 4
2466 3
2466 3
2464 5
2504 3
2470 4
2453 4
2452 3
2451 3
2451 3
2451 1
2451 4
2451 5
2500 3
2462 3
2458 0
2458 4
2445 4
2445 3
2445 0
2445 3
2444 0
2444 4
2444 0
2444 4
2444 5
2498 2
2498 3
2461 1
2461 1
2461 5
2548 3
2499 4
2458 4
2453 3
2450 5
2496 0
2496 0
2496 1
2496 0
2496 5
2604 3
2512 3
2489 4
2448 2
2447 5
2493 3
2459 4
2441 1
2441 1
2441 0
2440 3
2438 1
2438 2
2437 0
2437 4
2435 3
2434 0
2434 4
2433 3
2433 4
2432 0
2432 0
2432 4
2432 4
2432 5
2476 3
2444 0
2444 4
2425 2
2425 2
2425 1
2425 3
2425 5
2470 0
2470 1
2470 0
2470 4
2426 5
2476 3
2444 0
2444 2
2443 0
2443 5
2524 3
2476 4
2427 0
2427 2
2426 5
2481 0
2481 3
2434 2
2433 3
2430 5
2531 4
2430 3
2428 0
2428 4
2423 4
2423 2
2423 3
2422 4
2420 2
2420 4
2420 3
2420 2
2419 4
2419 1
2419 3
2419 3
2419 5
2469 3
2434 0
2435 1
2436 4
2419 5
2465 4
2422 4
2421 4
2421 0
2421 5
2465 4
2423 2
2423 4
2422 3
2422 5
2473 0
2473 4
2421 2
2420 1
2420 5
2467 3
2436 3
2427 3
2423 1
2423 5
2517 1
2517 4
2415 0
2415 1
2415 4
2414 2
2415 3
2413 0
2414 4
2412 1
2412 3
2411 4
2410 3
2410 1
2410 0
2410 4
2410 5
2470 3
2435 2
2434 3
2425 2
2424 5
2518 2
2518 3
2469 3
2454 1
2454 5
2579 4
2425 1
2425 0
2425 3
2413 5
2476 0
2476 4
2404 0
2404 0
2404 4
2402 4
2402 3
2402 4
2402 4
2402 5
2462 0
2462 2
2462 4
2401 3
2401 1
2401 4
2401 2
2401 5
2464 1
2464 4
2401 3
2401 0
2401 5
2463 1
2463 3
2427 4
2402 2
2401 5
2459 3
2420 4
2395 3
2393 4
2393 3
2392 4
2392 4
2392 1
2392 3
2392 5
2461 2
2461 3
2428 3
2414 1
2414 5
2517 3
2447 0
2447 3
2433 0
2433 5
2564 1
2564 0
2564 0
2564 3
2483 5
2659 3
2564 4
2420 4
2393 3
2392 5
2459 4
2383 3
2381 2
2380 2
2379 2
2379 4
2379 0
2379 2
2379 5
2448 4
2379 4
2378 3
2378 2
2377 4
2377 3
2376 0
2376 3
2374 2
2373 3
2373 4
2372 3
2372 2
2371 2
2371 1
2371 4
2370 4
2370 0
2370 4
2370 0
2370 5
2442 4
2376 4
2376 4
2376 3
2375 5
2446 0
2446 2
2446 3
2396 3
2390 5
2516 4
2387 3
2383 1
2383 1
2383 5
2438 4
2375 3
2374 4
2373 4
2373 5
2434 2
2434 1
2434 0
2434 3
2392 5
2515 3
2443 3
2428 1
2428 0
2428 5
2586 4
2392 4
2378 3
2376 0
2376 5
2443 2
2443 4
2374 4
2374 3
2372 5
2443 1
2443 4
2372 4
2370 4
2370 5
2440 4
2367 4
2367 1
2367 0
2367 3
2367 5
2440 4
2367 3
2367 0
2367 3
2367 5
2437 3
2393 3
2384 3
2384 3
2383 5
2510 3
2436 4
2381 4
2369 4
2368 5
2431 0
2431 3
2383 3
2379 4
2365 0
2365 3
2362 4
2360 2
2360 4
2360 4
2360 2
2360 5
2437 2
2437 4
2366 2
2365 2
2365 5
2430 4
2363 3
2363 3
2363 1
2363 5
2430 3
2389 4
2365 4
2364 2
2364 5
2425 1
2425 3
2383 3
2379 2
2378 5
2483 1
2483 3
2419 4
2374 3
2368 5
2429 3
2384 2
2383 3
2371 3
2369 5
2494 0
2494 4
2370 4
2362 4
2362 5
2427 4
2360 3
2360 3
2360 3
2360 5
2438 3
2386 2
2385 3
2373 4
2355 4
2352 3
2351 4
2350 0
2350 3
2350 4
2350 1
2350 5
2432 4
2359 2
2358 4
2358 3
2357 5
2424 4
2355 3
2355 3
2354 4
2354 5
2425 4
2359 4
2359 4
2359 4
2359 5
2425 3
2377 0
2377 4
2353 0
2353 5
2418 4
2356 3
2356 4
2355 2
2355 5
2415 0
2415 3
2366 3
2360 1
2360 5
2492 4
2362 3
2358 3
2357 3
2357 5
2424 2
2424 3
2371 4
2346 2
2346 4
2346 4
2346 3
2345 4
2345 0
2345 1
2345 1
2345 5
2421 4
2346 0
2346 0
2346 4
2346 5
2427 4
2345 4
2345 3
2345 3
2345 5
2422 2
2422 4
2347 2
2347 0
2347 5
2429 2
2429 4
2345 1
2345 3
2345 5
2421 1
2421 2
2421 0
2421 3
2371 5
2503 4
2358 3
2355 2
2354 4
2353 5
2415 4
2354 2
2354 3
2354 3
2354 5
2419 3
2375 2
2374 3
2369 4
2349 5
2418 2
2418 4
2350 4
2350 3
2348 5
2410 4
2345 4
2345 3
2344 4
2344 3
2344 3
2344 3
2344 5
2411 0
2411 0
2411 4
2346 4
2346 5
2406 2
2406 3
2369 4
2340 4
2339 3
2339 4
2339 3
2339 2
2338 2
2338 4
2338 2
2338 3
2338 5
2420 3
2363 4
2340 4
2339 1
2339 5
2411 4
2351 3
2350 3
2350 3
2350 5
2414 3
2364 3
2354 4
2340 1
2340 5
2416 1
2416 0
2416 2
2416 3
2376 5
2509 3
2442 4
2363 4
2351 3
2349 5
2426 3
2374 4
2347 1
2347 4
2344 5
2410 4
2346 3
2346 1
2346 4
2346 5
2417 2
2417 4
2348 4
2347 1
2347 5
2414 4
2346 0
2345 4
2345 4
2345 5
2415 3
2367 0
2367 4
2340 2
2339 5
2421 3
2371 1
2371 2
2370 0
2370 5
2498 0
2498 0
2498 3
2424 3
2409 5
2577 0
2577 4
2383 3
2367 4
2358 5
2417 2
2415 4
2351 3
2349 4
2348 5
2425 4
2354 2
2354 3
2353 0
2353 5
2421 4
2355 0
2355 3
2352 3
2352 5
2413 3
2368 2
2367 3
2363 3
2359 5
2476 4
2357 0
2357 3
2350 4
2345 5
2403 1
2403 2
2403 3
2361 4
2342 5
2407 2
2407 1
2407 3
2359 4
2338 5
2416 3
2360 0
2360 2
2359 0
2359 5
2486 1
2486 4
2363 3
2353 2
2352 5
2410 2
2410 3
2362 2
2361 0
2361 5
2478 1
2478 3
2405 2
2404 4
2350 5
2420 0
2420 2
2419 0
2419 0
2419 5
2590 3
2464 3
2419 3
2406 4
2351 5
2430 4
2333 1
2333 2
2332 1
2332 2
2331 3
2331 4
2330 4
2330 3
2330 3
2330 3
2330 5
2397 2
2397 2
2397 3
2349 1
2349 5
2474 3
2408 0
2408 1
2408 3
2392 5
2568 0
2568 4
2358 2
2357 4
2339 5
2409 3
2361 3
2350 4
2327 4
2324 0
2324 0
2324 3
2323 3
2323 3
2323 4
2322 3
2322 4
2322 3
2322 4
2322 5
2401 4
2327 1
2327 3
2325 1
2325 5
2408 1
2408 1
2408 3
2353 2
2351 5
2489 3
2403 3
2386 2
2385 4
2341 5
2434 0
2434 3
2365 4
2324 4
2317 2
2317 0
2317 4
2317 3
2317 5
2411 4
2331 1
2331 4
2330 2
2330 5
2405 4
2331 1
2331 2
2330 1
2330 5
2406 3
2349 3
2342 1
2342 4
2324 5
2407 3
2352 3
2339 3
2334 1
2334 5
2478 3
2405 0
2406 4
2327 2
2326 5
2412 1
2412 1
2413 3
2348 4
2310 1
2310 4
2305 3
2305 0
2305 3
2305 0
2305 5
2387 3
2336 3
2329 4
2303 0
2303 0
2303 2
2302 4
2301 3
2300 2
2300 2
2300 0
2300 1
2300 5
2396 3
2346 4
2304 1
2304 2
2303 5
2387 4
2310 1
2310 4
2310 3
2309 5
2398 3
2341 3
2327 3
2321 0
2321 5
2465 2
2463 0
2463 1
2463 0
2463 5
2687 1
2687 2
2686 3
2524 2
2523 5
2764 4
2360 1
2360 0
2360 0
2360 5
2415 4
2329 2
2328 4
2326 3
2320 5
2395 4
2316 2
2316 2
2316 4
2316 5
2383 0
2383 3
2339 0
2339 0
2338 5
2454 4
2322 4
2312 3
2312 4
2309 5
2372 4
2309 0
2309 4
2309 4
2309 5
2379 3
2337 2
2336 4
2312 3
2308 5
2384 4
2310 2
2310 4
2310 4
2310 5
2368 2
2368 3
2329 4
2304 4
2302 5
2379 3
2325 2
2324 2
2323 0
2323 5
2457 1
2457 0
2457 0
2457 4
2310 5
2380 4
2299 4
2299 0
2299 2
2299 0
2299 5
2378 1
2378 4
2305 3
2303 4
2303 5
2369 1
2369 4
2301 4
2301 4
2301 5
2372 0
2372 0
2372 2
2372 2
2372 5
2541 2
2541 3
2423 2
2422 2
2421 5
2598 4
2324 3
2314 0
2314 4
2304 5
2367 3
2318 3
2314 2
2313 1
2313 5
2459 1
2459 0
2459 4
2308 0
2308 5
2377 3
2325 0
2325 4
2301 3
2299 5
2386 4
2300 4
2298 4
2298 1
2298 1
2298 4
2298 5
2373 4
2301 3
2301 2
2300 4
2300 5
2376 3
2326 1
2326 0
2326 3
2316 5
2469 2
2466 4
2312 2
2311 4
2305 5
2371 2
2371 4
2297 2
2297 1
2297 1
2297 4
2297 5
2379 3
2330 2
2329 4
2297 4
2295 2
2295 3
2295 2
2295 3
2295 5
2377 -1
6731 2
6730 1
6730 1
6730 1
6730 4
6730 5
6729 2
6726 1
6727 0
6726 4
6699 4
6699 3
4659 3
4394 3
4325 2
4335 3
4325 0
4320 2
4320 0
4310 3
4306 1
4315 0
4305 1
4305 2
4302 3
4291 4
4291 1
4294 1
4294 3
4290 4
4290 2
4290 1
4294 3
4291 5
4189 3
4162 4
4161 0
4154 4
4154 1
4162 2
4158 0
4140 2
4146 0
4120 0
4113 1
4120 3
4102 0
4094 4
4094 3
4062 2
4064 4
4064 3
4046 0
4021 0
4012 3
4012 2
4012 1
4014 1
4022 5
3937 1
3939 3
3923 0
3923 0
3904 3
3894 0
3891 1
3901 1
3903 0
3896 4
3895 5
3820 3
3813 4
3811 1
3814 0
3812 1
3819 4
3819 5
3746 1
3748 4
3747 3
3729 2
3729 3
3728 3
3728 4
3728 3
3728 0
3724 0
3717 2
3731 4
3726 0
3720 1
3721 5
3671 1
3679 1
3679 2
3678 1
3685 5
3642 1
3643 2
3642 1
3639 4
3637 0
3632 2
3636 1
3641 0
3637 1
3639 5
3598 1
3595 2
3597 3
3581 0
3581 3
3581 1
3581 2
3583 5
3546 2
3557 2
3557 2
3573 0
3572 5
3561 0
3551 1
3547 2
3551 3
3511 3
3507 3
3504 2
3503 1
3508 3
3503 3
3503 3
3503 5
3483 0
3483 0
3488 1
3495 4
3487 5
3461 3
3457 4
3456 0
3452 3
3450 3
3450 3
3450 0
3450 0
3450 5
3442 1
3445 4
3438 0
3432 0
3431 4
3431 3
3429 0
3427 0
3430 1
3434 1
3441 3
3427 5
3410 1
3415 3
3406 0
3407 3
3404 3
3404 3
3403 3
3403 1
3408 0
3404 2
3402 0
3400 1
3400 0
3401 2
3400 3
3396 4
3394 0
3393 0
3392 3
3392 3
3392 3
3392 3
3392 5
3377 3
3374 0
3375 3
3375 4
3372 4
3372 3
3372 0
3373 3
3373 5
3366 2
3366 0
3365 2
3365 4
3360 1
3363 2
3360 0
3358 0
3358 4
3358 2
3358 2
3358 5
3350 2
3350 0
3352 0
3352 4
3346 2
3346 0
3346 2
3371 2
3371 5
3371 4
3358 1
3358 1
3358 0
3357 5
3353 3
3338 2
3337 3
3337 0
3338 0
3337 3
3337 5
3330 3
3321 0
3318 3
3313 4
3311 1
3313 1
3316 0
3314 1
3317 5
3303 1
3307 0
3308 2
3304 3
3299 3
3297 0
3296 0
3291 2
3290 4
3287 4
3287 2
3289 4
3287 3
3286 3
3286 0
3287 4
3286 4
3286 5
3277 3
3271 4
3268 4
3268 1
3276 3
3267 1
3275 1
3285 3
3268 0
3266 1
3266 4
3266 4
3266 2
3266 5
3234 0
3232 0
3231 1
3234 0
3234 0
3231 1
3241 5
3228 1
3229 0
3227 4
3216 1
3217 1
3220 2
3219 3
3216 5
3208 2
3208 4
3203 3
3202 2
3202 4
3202 2
3202 1
3208 5
3192 1
3194 1
3195 0
3195 0
3195 5
3189 3
3172 3
3167 0
3167 3
3167 3
3167 2
3166 2
3165 4
3162 2
3166 2
3166 0
3163 0
3164 5
3169 0
3169 3
3157 3
3151 2
3150 4
3144 3
3140 1
3150 3
3138 0
3139 4
3136 3
3135 3
3135 4
3135 0
3135 3
3135 5
3126 0
3126 2
3126 2
3126 3
3125 1
3131 0
3130 0
3130 3
3126 5
3122 0
3123 1
3125 4
3112 0
3110 4
3110 4
3110 3
3105 2
3105 4
3105 1
3110 1
3110 5
3095 0
3097 2
3097 4
3089 3
3088 3
3085 0
3085 4
3085 3
3085 3
3083 3
3082 0
3080 2
3092 4
3083 1
3091 1
3096 5
3076 3
3070 4
3067 3
3067 0
3069 0
3074 0
3072 5
3077 3
3061 2
3060 3
3059 2
3058 2
3058 0
3059 1
3063 3
3058 5
3061 2
3061 2
3067 3
3055 3
3044 1
3046 3
3042 0
3042 2
3041 0
3041 3
3038 3
3038 3
3037 2
3036 4
3034 4
3033 1
3037 0
3035 3
3031 1
3034 4
3034 2
3033 3
3032 5
3024 0
3025 1
3026 4
3009 3
3008 3
3008 3
3007 3
3006 0
3006 3
3005 0
3005 3
3005 3
3005 2
3005 5
3008 1
3008 0
3008 3
2995 3
2994 2
2993 1
2994 3
2993 3
2993 0
2993 5
3006 0
3005 4
2980 3
2980 0
2984 3
2981 3
2981 5
2992 3
2973 2
2972 2
2973 0
2973 3
2968 4
2966 0
2966 3
2963 2
2963 0
2962 3
2959 1
2959 1
2962 1
2964 4
2963 5
2956 4
2947 4
2947 1
2947 3
2945 0
2943 4
2943 0
2943 1
2948 3
2942 0
2942 0
2943 3
2943 2
2942 5
2946 0
2943 0
2944 2
2944 3
2931 0
2932 0
2932 0
2933 3
2929 1
2931 3
2930 3
2928 0
2928 3
2928 2
2927 3
2927 1
2927 1
2927 3
2927 5
2939 3
2918 3
2917 0
2917 3
2917 3
2917 4
2910 4
2908 1
2908 3
2908 4
2907 4
2907 2
2918 0
2918 3
2910 5
2931 3
2912 4
2906 1
2909 2
2908 2
2908 4
2908 5
2919 2
2919 4
2901 3
2898 4
2896 3
2896 4
2896 0
2895 2
2898 1
2900 1
2900 3
2895 5
2907 3
2891 3
2890 2
2889 0
2889 3
2889 0
2888 3
2886 3
2885 2
2884 0
2884 3
2884 3
2884 0
2885 5
2903 4
2866 4
2866 4
2866 1
2868 1
2870 5
2882 0
2883 0
2882 2
2882 3
2865 0
2865 0
2865 4
2855 3
2854 3
2854 0
2853 4
2853 4
2853 0
2852 2
2860 2
2860 3
2854 2
2853 5
2857 3
2836 3
2833 3
2833 0
2833 2
2832 0
2831 4
2829 3
2829 0
2829 3
2829 3
2829 5
2837 3
2817 3
2816 2
2815 3
2813 3
2811 4
2803 2
2802 2
2802 0
2802 0
2801 0
2801 0
2801 1
2801 0
2801 5
2813 4
2792 3
2791 3
2791 1
2791 1
2791 3
2791 5
2798 0
2798 4
2782 1
2782 4
2782 1
2782 2
2782 5
2798 4
2781 0
2782 4
2781 3
2781 2
2781 5
2797 3
2783 4
2778 1
2778 0
2778 3
2775 1
2775 0
2776 3
2775 4
2775 5
2788 3
2768 4
2760 2
2760 1
2764 4
2763 3
2762 5
2771 2
2771 0
2771 3
2752 1
2754 2
2753 3
2753 3
2752 5
2782 1
2784 0
2786 3
2754 3
2745 3
2742 3
2742 0
2741 2
2740 1
2741 0
2743 1
2743 4
2734 4
2733 0
2733 2
2731 3
2729 1
2729 2
2729 4
2728 3
2728 2
2732 0
2732 3
2731 5
2746 4
2722 3
2722 1
2725 2
2722 0
2723 5
2734 1
2734 0
2734 0
2733 3
2716 2
2715 2
2716 0
2716 4
2713 3
2713 0
2713 2
2712 0
2712 4
2712 2
2712 1
2712 5
2725 3
2710 3
2710 1
2710 3
2710 0
2710 5
2743 0
2744 3
2715 4
2702 2
2701 3
2697 2
2696 0
2696 1
2696 4
2696 4
2696 5
2714 3
2693 4
2688 3
2685 3
2685 4
2684 2
2684 4
2684 3
2683 3
2683 4
2683 3
2683 4
2683 5
2690 2
2690 4
2679 4
2679 3
2679 1
2679 3
2679 5
2689 4
2674 2
2674 3
2674 3
2674 4
2674 5
2695 3
2676 3
2675 2
2674 0
2674 5
2710 4
2673 0
2673 4
2673 2
2673 0
2673 5
2690 3
2671 0
2670 3
2668 3
2667 1
2667 1
2667 0
2666 3
2662 0
2662 3
2660 3
2660 3
2660 3
2660 3
2660 5
2682 1
2682 3
2655 0
2655 4
2645 3
2644 4
2643 4
2643 0
2644 3
2643 0
2644 5
2667 1
2667 2
2667 4
2640 2
2640 4
2640 4
2640 3
2640 5
2667 3
2646 0
2646 3
2644 4
2636 3
2635 1
2635 3
2635 2
2635 2
2641 5
2669 3
2640 1
2640 0
2640 2
2638 5
2674 3
2630 0
2630 4
2621 0
2621 1
2621 3
2616 4
2614 3
2614 4
2614 0
2614 1
2614 5
2636 2
2636 2
2636 0
2636 3
2613 1
2613 4
2607 3
2606 3
2605 3
2605 3
2604 2
2603 1
2603 1
2605 2
2604 1
2604 5
2627 2
2627 3
2599 4
2589 4
2588 3
2587 3
2587 0
2587 3
2587 3
2587 5
2620 2
2620 1
2620 1
2620 3
2596 5
2640 4
2579 1
2579 1
2579 0
2579 0
2579 5
2613 4
2575 0
2575 4
2575 3
2574 3
2574 3
2574 1
2574 0
2574 5
2614 3
2578 3
2575 2
2574 1
2574 5
2619 3
2575 4
2558 4
2554 3
2553 3
2552 0
2552 0
2552 4
2552 0
2552 5
2582 1
2582 3
2552 3
2547 3
2544 4
2540 3
2540 3
2539 3
2538 3
2537 3
2536 4
2535 1
2535 4
2535 3
2535 2
2535 5
2574 0
2574 3
2534 3
2529 4
2522 3
2522 2
2522 4
2520 2
2522 3
2520 1
2520 4
2520 5
2562 3
2517 3
2514 4
2512 1
2512 3
2511 1
2511 4
2511 3
2510 0
2510 0
2510 3
2509 2
2508 3
2508 1
2510 4
2509 4
2509 5
2551 2
2551 1
2551 4
2513 4
2512 5
2552 3
2509 3
2504 3
2498 2
2497 2
2496 3
2495 4
2488 3
2488 0
2488 3
2487 1
2487 4
2487 2
2487 2
2487 5
2532 1
2535 2
2532 3
2494 3
2492 5
2554 2
2553 0
2553 2
2553 1
2553 5
2647 4
2496 1
2496 4
2494 3
2491 5
2518 2
2518 3
2485 4
2473 2
2472 3
2472 2
2473 4
2472 2
2472 5
2512 4
2476 3
2476 3
2475 3
2474 5
2507 3
2477 3
2471 3
2471 3
2471 4
2464 3
2464 2
2463 4
2463 3
2462 3
2462 1
2462 3
2462 2
2462 5
2512 3
2476 3
2475 3
2472 3
2470 5
2543 4
2468 3
2466 4
2466 3
2466 5
2496 2
2496 4
2463 1
2463 3
2463 5
2502 3
2471 1
2471 4
2464 4
2462 5
2505 3
2473 0
2473 2
2472 3
2467 5
2540 3
2484 2
2483 3
2469 0
2469 5
2549 3
2490 2
2489 4
2455 0
2455 4
2442 3
2439 4
2437 2
2438 1
2438 3
2437 2
2436 0
2436 4
2436 1
2436 0
2436 5
2483 0
2483 0
2482 0
2482 4
2441 5
2487 2
2487 2
2487 4
2441 3
2440 5
2488 3
2450 3
2443 3
2442 0
2442 5
2519 3
2468 3
2460 0
2460 2
2459 5
2567 3
2502 0
2502 3
2488 3
2484 5
2601 3
2520 3
2506 3
2501 4
2431 4
2413 0
2414 0
2414 4
2412 4
2412 2
2412 3
2406 3
2403 3
2403 2
2403 3
2403 2
2402 0
2402 2
2401 3
2401 4
2400 3
2400 4
2400 4
2400 3
2400 5
2451 4
2401 4
2401 3
2401 3
2401 5
2452 2
2452 4
2400 1
2400 3
2399 4
2397 3
2397 2
2397 2
2397 2
2397 5
2448 1
2448 2
2448 4
2393 3
2393 0
2393 3
2393 3
2393 5
2446 3
2407 3
2398 4
2387 3
2387 3
2387 1
2387 3
2387 5
2446 4
2389 3
2389 2
2390 4
2390 5
2444 0
2444 0
2444 3
2406 2
2405 5
2504 3
2439 4
2392 4
2383 4
2383 2
2383 4
2383 4
2383 5
2448 1
2448 3
2409 3
2398 2
2397 5
2498 4
2393 0
2393 3
2389 3
2389 5
2453 3
2401 3
2396 3
2392 3
2389 5
2486 1
2486 2
2484 4
2383 3
2381 3
2380 2
2379 4
2376 3
2376 1
2376 3
2376 0
2375 2
2375 4
2375 4
2375 0
2375 5
2443 3
2393 3
2390 2
2389 3
2388 5
2498 1
2498 3
2435 2
2433 1
2433 5
2565 0
2565 4
2383 0
2383 3
2371 3
2368 4
2360 1
2360 3
2359 4
2358 4
2358 3
2357 4
2357 2
2357 0
2357 3
2357 5
2424 4
2356 3
2356 3
2355 2
2355 2
2355 1
2355 0
2355 5
2429 4
2355 0
2355 3
2355 2
2355 5
2433 3
2387 2
2386 2
2385 0
2385 5
2494 4
2362 2
2361 3
2359 4
2356 5
2423 3
2375 1
2375 1
2375 0
2375 5
2488 0
2488 4
2366 3
2361 3
2360 5
2431 0
2431 3
2383 3
2377 2
2376 5
2494 3
2426 2
2425 3
2410 1
2410 5
2564 4
2381 3
2366 0
2366 3
2362 5
2432 3
2378 4
2348 3
2347 0
2347 3
2347 4
2345 3
2345 3
2345 2
2345 4
2345 5
2422 3
2374 0
2374 2
2373 0
2373 5
2503 4
2355 4
2353 2
2353 0
2353 5
2424 3
2371 3
2367 2
2366 3
2365 5
2500 0
2500 0
2500 1
2500 4
2364 5
2429 2
2429 2
2429 3
2376 0
2376 5
2512 4
2365 2
2364 3
2361 4
2357 5
2415 4
2350 3
2350 3
2350 0
2350 5
2425 4
2352 3
2352 1
2352 2
2352 5
2419 4
2354 3
2351 4
2351 3
2351 5
2420 3
2378 4
2349 3
2347 4
2345 5
2424 1
2424 1
2424 3
2378 0
2378 5
2499 3
2421 0
2421 2
2419 4
2355 5
2426 3
2367 3
2360 0
2360 3
2354 5
2487 1
2487 4
2350 3
2342 4
2338 3
2338 2
2338 0
2338 0
2338 5
2411 1
2411 0
2411 0
2411 3
2365 5
2498 0
2498 3
2430 2
2429 4
2348 5
2422 2
2422 3
2372 3
2359 0
2359 5
2504 0
2504 2
2502 4
2336 2
2334 3
2326 1
2326 3
2324 3
2323 1
2323 2
2322 2
2321 0
2321 1
2321 2
2320 3
2319 2
2318 3
2318 3
2318 3
2318 2
2317 2
2316 4
2315 3
2313 2
2312 4
2311 1
2314 3
2311 3
2311 2
2311 5
2402 0
2402 0
2402 3
2343 3
2336 5
2471 3
2391 2
2390 4
2328 4
2311 5
2392 4
2312 3
2309 1
2309 0
2309 0
2308 3
2308 2
2307 4
2304 3
2304 3
2304 3
2304 2
2304 5
2395 4
2305 4
2305 2
2305 1
2305 5
2386 4
2303 3
2303 3
2302 1
2302 2
2302 0
2302 3
2302 5
2386 3
2327 2
2326 2
2325 2
2323 5
2466 3
2387 4
2313 3
2301 4
2295 4
2294 1
2294 3
2294 1
2294 4
2292 4
2292 2
2292 3
2292 4
2292 5
2378 3
2320 2
2319 0
2319 4
2291 4
2286 4
2286 4
2286 1
2286 3
2286 5
2375 2
2375 0
2375 4
2291 3
2290 5
2374 4
2289 3
2289 4
2289 4
2289 5
2375 3
2323 2
2322 0
2322 4
2297 5
2381 0
2381 3
2329 4
2295 4
2292 5
2372 3
2321 3
2318 2
2317 3
2316 5
2451 1
2451 4
2296 4
2292 3
2292 5
2375 2
2375 2
2375 0
2375 3
2322 5
2467 2
2465 2
2465 3
2398 3
2374 5
2566 0
2566 1
2566 3
2480 0
2480 5
2741 4
2350 3
2318 1
2318 3
2315 5
2395 3
2344 1
2344 3
2335 3
2332 5
2492 2
2490 3
2413 0
2413 4
2312 5
2406 2
2404 0
2404 3
2344 3
2331 5
2519 3
2428 2
2426 2
2425 3
2398 5
2669 2
2667 4
2337 4
2302 3
2296 5
2385 3
2324 2
2323 2
2322 4
2281 2
2280 4
2278 4
2278 4
2278 2
2278 3
2277 3
2277 3
2277 4
2277 3
2277 5
2366 3
2306 2
2305 4
2277 4
2273 4
2273 2
2273 3
2273 3
2273 5
2361 0
2361 4
2280 3
2276 4
2273 5
2361 2
2361 3
2306 4
2277 4
2276 5
2357 2
2357 3
2306 4
2278 0
2278 5
2364 4
2279 3
2278 2
2278 2
2278 5
2361 2
2361 0
2361 3
2312 2
2311 5
2449 4
2286 4
2282 0
2282 2
2282 5
2357 0
2357 3
2310 2
2309 2
2308 5
2441 4
2292 3
2284 2
2283 3
2282 5
2364 3
2316 1
2316 1
2316 3
2307 5
2460 4
2295 0
2295 0
2295 4
2287 5
2363 2
2363 2
2363 2
2362 2
2362 5
2530 4
2294 2
2294 3
2289 3
2289 5
2366 3
2312 1
2312 3
2302 1
2302 5
2445 3
2370 3
2347 3
2339 2
2338 5
2518 1
2519 1
2519 2
2517 3
2431 5
2700 3
2603 0
2603 1
2603 4
2341 5
2419 3
2359 3
2346 0
2346 4
2289 5
2402 4
2281 0
2281 3
2276 2
2275 5
2377 3
2316 3
2309 1
2309 3
2303 5
2478 2
2476 3
2398 1
2398 3
2378 5
2625 3
2537 3
2514 3
2501 1
2501 5
2890 3
2798 0
2798 1
2798 3
2785 5
3371 3
3289 2
3285 2
3281 3
3254 5
4084 3
4011 3
3982 2
3978 0
3978 5
5066 2
5061 3
4996 3
4968 3
4956 5
6484 3
6428 2
6422 1
6422 0
6422 5
8144 0
8144 4
2473 4
2399 4
2399 5
2410 2
2410 1
2410 2
2409 0
2409 5
2578 0
2578 1
2578 4
2352 4
2344 5
2396 4
2327 4
2324 0
2324 3
2319 5
2401 3
2339 4
2306 0
2306 4
2301 5
2392 4
2301 0
2301 1
2301 3
2300 5
2399 2
2397 3
2341 2
2340 1
2340 5
2505 4
2315 4
2305 3
2300 3
2298 5
2383 3
2327 2
2326 4
2289 3
2283 5
2372 4
2285 4
2284 2
2284 0
2284 5
2367 3
2316 1
2316 3
2309 1
2309 5
2455 2
2453 1
2453 2
2451 4
2295 5
2359 4
2278 4
2277 3
2277 4
2275 5
2354 2
2354 3
2297 2
2296 0
2295 5
2446 1
2445 4
2280 3
2277 2
2276 5
2352 0
2352 4
2272 4
2272 4
2272 4
2272 0
2272 5
2351 2
2351 3
2306 2
2305 0
2305 5
2444 4
2285 0
2285 4
2280 3
2280 5
2356 3
2304 3
2292 3
2288 2
2287 5
2440 3
2363 2
2362 4
2283 3
2272 5
2368 3
2312 2
2311 2
2310 1
2310 5
2467 0
2467 4
2283 3
2278 2
2277 5
2364 2
2364 4
2273 3
2270 0
2270 0
2270 4
2270 4
2270 5
2357 2
2357 1
2357 2
2357 3
2304 5
2452 4
2283 3
2276 3
2274 2
2273 5
2361 3
2305 4
2271 3
2270 3
2270 5
2353 3
2306 4
2273 3
2270 2
2269 3
2269 2
2269 3
2269 2
2269 5
2363 1
2363 0
2363 3
2310 2
2309 5
2460 1
2460 4
2283 2
2282 3
2277 5
2355 2
2354 1
2354 4
2269 2
2269 5
2365 4
2269 3
2268 2
2268 4
2268 3
2268 2
2269 5
2356 1
2356 4
2266 2
2266 2
2266 2
2266 2
2266 5
2360 0
2360 4
2265 3
2265 3
2265 1
2265 4
2265 5
2359 2
2359 3
2306 3
2297 4
2264 3
2263 3
2263 2
2262 4
2262 3
2262 1
2262 4
2262 5
2345 1
2345 2
2344 3
2294 0
2294 5
2447 4
2276 0
2276 0
2276 0
2275 5
2359 3
2306 4
2272 4
2272 4
2272 5
2354 3
2301 2
2300 4
2274 3
2273 5
2356 4
2270 3
2269 2
2268 3
2268 5
2356 3
2302 3
2294 2
2293 0
2293 5
2445 1
2445 2
2444 1
2442 4
2286 5
2368 1
2368 3
2305 0
2305 3
2298 5
2455 3
2377 0
2377 3
2362 3
2353 5
2579 4
2306 1
2306 3
2282 2
2281 5
2379 2
2378 2
2378 3
2316 1
2316 5
2479 2
2477 0
2477 0
2477 2
2475 5
2724 4
2320 3
2307 4
2291 3
2291 5
2352 4
2281 3
2278 0
2278 4
2278 5
2348 3
2304 4
2276 4
2276 3
2273 5
2353 3
2301 0
2301 3
2295 3
2292 5
2419 0
2419 3
2350 4
2288 3
2282 5
2372 1
2372 4
2272 2
2271 1
2271 5
2355 4
2271 3
2271 4
2269 1
2269 5
2344 3
2301 3
2294 3
2289 3
2287 5
2439 4
2273 1
2273 3
2269 4
2267 5
2348 3
2299 3
2291 4
2267 4
2262 5
2358 4
2268 4
2267 3
2267 3
2267 5
2352 4
2268 4
2268 4
2268 4
2268 5
2352 1
2352 4
2269 3
2269 4
2268 5
2349 3
2301 3
2294 3
2291 3
2289 5
2427 2
2426 4
2282 2
2281 3
2276 5
2360 0
2360 3
2307 0
2307 1
2307 5
2454 3
2378 0
2378 3
2357 4
2287 5
2371 3
2318 4
2270 2
2269 4
2266 5
2355 1
2355 2
2355 0
2355 1
2355 5
2538 2
2538 3
2424 3
2384 0
2384 5
2597 3
2504 3
2474 4
2322 0
2322 5
2411 2
2409 3
2350 4
2296 2
2294 5
2382 4
2287 4
2284 4
2284 3
2284 5
2358 3
2302 1
2302 2
2301 4
2277 5
2359 2
2359 3
2313 4
2280 -1
