5 2000
2236 5
2236 5
2230 4
2022 0
1824 5
2004 5
2277 3
1846 1
1847 4
1541 1
1541 1
1543 0
1497 1
1499 0
1498 2
1497 4
1437 1
1439 0
1416 4
1394 0
1389 1
1391 4
1382 5
1474 0
1474 1
1474 4
1399 4
1392 2
1391 1
1395 1
1398 4
1396 2
1395 0
1378 1
1382 2
1378 0
1378 0
1378 0
1378 4
1369 1
1371 2
1369 2
1368 0
1368 1
1369 5
1581 1
1582 5
1902 1
1901 4
1412 4
1407 4
1407 4
1407 3
1397 3
1388 3
1387 2
1386 5
1426 0
1423 1
1425 1
1425 2
1423 0
1422 1
1423 3
1390 5
1580 5
1903 1
1898 5
2313 0
2313 4
1407 1
1410 3
1391 5
1438 5
1628 4
1374 3
1365 4
1364 5
1400 5
1571 2
1570 5
1857 0
1857 2
1854 5
2222 5
2625 4
1428 3
1406 5
1441 3
1387 3
1378 1
1378 4
1353 4
1352 3
1346 3
1344 2
1343 4
1343 0
1339 4
1336 0
1336 3
1335 2
1335 2
1335 4
1334 5
1420 4
1347 2
1345 0
1336 4
1334 4
1334 3
1335 0
1335 3
1336 4
1334 2
1333 0
1332 5
1527 3
1438 1
1440 5
1648 0
1647 4
1363 1
1366 5
1432 3
1388 0
1383 5
1683 4
1367 4
1355 5
1396 5
1609 4
1353 2
1352 4
1350 0
1336 1
1338 1
1339 1
1340 2
1338 3
1336 4
1326 4
1326 0
1322 3
1322 1
1324 2
1322 3
1322 2
1321 3
1321 0
1321 5
1552 4
1342 2
1341 0
1322 3
1322 5
1538 0
1538 3
1440 1
1441 0
1435 3
1418 4
1335 3
1327 4
1318 1
1318 1
1321 0
1321 1
1324 2
1322 1
1325 4
1319 2
1319 0
1317 4
1314 3
1313 1
1313 2
1312 3
1313 5
1440 5
1743 2
1740 1
1737 3
1550 4
1360 2
1359 5
1431 3
1397 3
1382 4
1331 1
1333 4
1331 2
1330 4
1330 1
1332 1
1334 5
1440 1
1441 5
1740 1
1740 1
1740 3
1556 3
1495 2
1493 2
1492 4
1361 3
1343 0
1336 2
1335 2
1335 4
1326 0
1322 4
1317 0
1317 2
1317 2
1317 3
1317 0
1317 5
1614 2
1613 4
1346 4
1338 0
1323 3
1322 5
1573 5
1983 1
1984 1
1983 4
1360 4
1353 3
1345 3
1341 5
1428 3
1381 3
1366 4
1331 0
1327 3
1323 3
1323 2
1322 1
1324 4
1317 4
1316 3
1316 1
1318 2
1316 2
1315 4
1314 1
1314 5
1417 4
1326 3
1321 3
1320 0
1316 3
1314 3
1314 3
1314 3
1312 0
1312 5
1562 2
1561 2
1561 5
1939 2
1934 2
1932 2
1930 4
1361 5
1418 3
1369 0
1359 3
1356 5
1617 4
1352 0
1333 0
1333 2
1332 3
1330 5
1590 1
1591 0
1591 4
1347 5
1429 1
1429 4
1327 3
1326 1
1330 3
1328 2
1327 5
1425 3
1375 1
1375 2
1374 0
1368 0
1368 1
1368 4
1333 3
1320 4
1317 4
1317 0
1313 1
1314 4
1309 5
1419 1
1421 1
1420 0
1420 3
1371 2
1370 1
1370 4
1327 2
1326 3
1320 5
1437 5
1732 3
1533 5
1886 0
1886 2
1883 4
1381 5
1443 4
1336 0
1323 4
1315 0
1307 4
1306 2
1305 2
1305 1
1307 5
1419 0
1419 2
1417 0
1417 3
1357 0
1356 3
1349 3
1346 4
1319 4
1306 2
1305 4
1304 5
1427 5
1741 2
1738 3
1558 0
1552 3
1492 3
1470 1
1471 2
1469 4
1357 2
1356 5
1496 2
1494 4
1341 5
1443 1
1444 4
1333 4
1329 4
1329 2
1328 3
1324 5
1446 5
1767 2
1762 3
1564 4
1352 0
1334 3
1333 1
1336 0
1333 5
1668 2
1666 0
1666 4
1345 3
1332 5
1454 3
1388 0
1386 4
1330 4
1313 5
1442 4
1324 4
1322 0
1312 1
1314 4
1306 1
1306 1
1309 4
1307 0
1307 3
1307 3
1306 3
1305 2
1305 3
1305 0
1305 4
1301 2
1300 3
1300 3
1301 2
1300 5
1446 4
1315 5
1431 0
1428 4
1313 0
1304 3
1305 3
1305 3
1303 0
1303 3
1303 2
1302 4
1298 3
1299 0
1299 3
1300 0
1300 1
1302 0
1302 4
1298 2
1298 2
1298 5
1443 1
1443 5
1762 2
1759 0
1759 0
1759 5
2209 0
2209 5
2661 1
2661 3
2244 4
1421 2
1418 1
1422 4
1404 5
1411 4
1361 4
1359 2
1357 2
1356 4
1356 4
1356 3
1353 5
1401 3
1367 4
1337 3
1330 3
1328 2
1327 2
1326 1
1328 2
1327 1
1327 0
1318 1
1320 2
1318 4
1312 1
1312 2
1312 0
1311 3
1310 4
1306 5
1408 2
1406 0
1406 1
1406 0
1406 2
1407 3
1362 2
1361 4
1318 1
1321 4
1318 5
1406 4
1317 3
1316 4
1316 3
1315 5
1403 0
1400 3
1360 5
1581 2
1578 4
1335 4
1327 2
1326 4
1326 0
1316 0
1316 4
1302 3
1300 1
1300 4
1300 3
1301 2
1301 5
1413 4
1311 3
1311 4
1311 2
1310 3
1310 1
1310 1
1310 2
1309 5
1392 0
1390 0
1390 0
1390 2
1388 0
1388 5
1675 2
1674 1
1674 0
1674 0
1674 3
1503 4
1342 0
1331 2
1330 4
1313 4
1309 3
1308 3
1308 2
1307 1
1311 5
1402 2
1400 4
1313 3
1312 0
1304 4
1302 3
1302 4
1302 0
1302 3
1301 3
1299 5
1540 1
1540 4
1316 4
1311 3
1311 3
1311 4
1311 2
1310 2
1309 4
1309 2
1309 4
1309 3
1310 2
1309 5
1398 3
1348 3
1334 1
1337 1
1338 2
1335 5
1536 0
1536 0
1536 1
1537 0
1537 2
1535 4
1331 1
1334 5
1426 0
1423 4
1316 3
1315 4
1310 1
1310 5
1406 4
1309 4
1308 3
1307 1
1308 2
1307 0
1300 3
1302 4
1297 3
1298 0
1297 0
1297 5
1545 3
1432 0
1426 4
1328 3
1310 5
1455 3
1388 4
1322 2
1321 3
1315 5
1457 3
1389 5
1670 0
1669 1
1670 2
1668 4
1353 1
1355 4
1336 1
1336 1
1338 5
1418 5
1692 5
2098 4
1378 0
1343 5
1582 3
1466 5
1761 2
1758 0
1757 5
2288 2
2283 1
2282 2
2278 4
1404 0
1360 1
1362 2
1360 0
1359 2
1357 0
1357 1
1358 4
1330 3
1327 5
1425 5
1714 0
1714 0
1714 0
1714 3
1534 2
1531 3
1467 3
1442 1
1442 1
1442 2
1440 4
1333 4
1322 1
1322 5
1427 1
1427 2
1425 0
1425 1
1425 0
1425 3
1386 1
1387 2
1386 4
1326 2
1325 0
1318 4
1308 4
1307 1
1307 5
1429 4
1316 2
1314 3
1312 0
1306 4
1303 3
1304 4
1304 3
1304 4
1304 4
1304 4
1304 2
1303 2
1303 3
1303 3
1302 0
1301 1
1301 0
1301 4
1300 2
1300 2
1300 0
1300 4
1300 2
1300 3
1300 1
1300 4
1300 4
1300 2
1300 4
1300 2
1300 4
1300 2
1300 2
1300 2
1301 3
1300 4
1300 3
1300 4
1300 0
1300 5
1556 1
1555 5
1956 5
2415 1
2414 2
2407 2
2400 0
2400 4
1382 2
1379 1
1380 2
1378 2
1376 0
1347 3
1341 2
1340 5
1542 2
1540 5
1894 3
1663 5
2068 1
2068 0
2068 4
1407 1
1407 2
1405 4
1374 2
1372 2
1370 4
1369 3
1349 5
1404 5
1628 3
1483 5
1765 4
1350 3
1335 0
1319 4
1308 5
1423 4
1318 0
1308 4
1305 0
1305 4
1304 4
1304 1
1304 4
1304 0
1304 4
1304 4
1304 4
1304 1
1306 1
1306 5
1419 0
1419 2
1419 4
1310 0
1303 1
1303 0
1303 4
1301 4
1301 2
1301 3
1301 5
1416 2
1416 3
1361 1
1361 1
1361 2
1360 5
1589 4
1333 3
1323 2
1322 0
1310 4
1301 1
1301 1
1301 1
1301 3
1303 5
1409 0
1409 3
1360 3
1351 2
1350 2
1349 4
1307 0
1302 3
1301 3
1300 3
1300 3
1300 2
1299 0
1299 2
1298 5
1588 2
1587 1
1586 0
1586 1
1585 2
1583 3
1455 3
1412 1
1412 1
1412 0
1407 3
1394 0
1393 5
1856 2
1852 0
1852 4
1369 3
1341 5
1480 5
1820 2
1817 0
1817 0
1817 2
1814 1
1815 4
1351 1
1351 3
1334 3
1333 1
1333 2
1332 3
1328 4
1326 3
1325 4
1323 0
1314 3
1312 4
1306 5
1414 2
1414 2
1412 5
1692 5
2082 2
2078 2
2075 4
1355 4
1352 4
1352 0
1323 3
1326 5
1544 4
1328 3
1324 4
1320 0
1312 4
1306 5
1413 2
1411 5
1672 3
1496 5
1788 4
1369 5
1426 4
1333 2
1332 3
1328 1
1328 2
1327 2
1326 0
1321 2
1322 0
1322 5
1578 0
1578 2
1578 0
1578 2
1577 2
1577 3
1450 5
1724 0
1724 3
1581 3
1539 2
1537 2
1535 5
1967 4
1393 1
1393 5
1463 3
1400 3
1386 4
1320 4
1314 0
1313 0
1313 1
1313 5
1607 2
1605 4
1331 0
1318 3
1315 0
1314 1
1314 4
1303 4
1301 2
1301 4
1301 3
1303 4
1302 3
1300 5
1439 4
1323 2
1322 4
1318 2
1318 2
1317 2
1316 3
1315 3
1314 4
1314 5
1411 3
1369 1
1369 2
1368 0
1361 1
1361 5
1682 2
1679 2
1676 5
2142 2
2137 3
1864 2
1860 1
1860 5
2364 3
2138 4
1399 4
1371 2
1370 4
1370 3
1355 3
1351 5
1450 5
1722 5
2139 0
2139 0
2139 4
1375 4
1368 3
1351 0
1332 1
1333 5
1553 0
1553 4
1337 4
1335 0
1321 2
1320 0
1320 0
1320 5
1549 3
1447 4
1347 4
1340 4
1340 2
1339 3
1326 4
1326 5
1408 2
1406 4
1328 5
1405 2
1403 4
1323 0
1314 1
1314 5
1536 3
1441 4
1338 5
1423 2
1421 2
1419 2
1417 4
1320 2
1319 4
1319 0
1308 2
1308 5
1542 2
1541 5
1897 1
1895 2
1890 3
1641 4
1367 1
1367 3
1338 0
1325 4
1310 2
1310 3
1312 2
1311 4
1310 4
1310 5
1418 2
1416 0
1416 3
1374 2
1373 5
1595 2
1593 2
1591 4
1341 3
1326 1
1326 2
1325 2
1325 5
1429 1
1429 2
1427 4
1321 2
1321 3
1320 0
1309 3
1309 0
1309 5
1560 5
1940 1
1941 4
1351 5
1429 4
1334 0
1323 3
1322 4
1312 4
1312 3
1313 1
1313 4
1312 3
1311 0
1308 0
1308 0
1308 5
1545 4
1327 4
1325 4
1325 4
1325 4
1325 4
1325 3
1322 2
1321 0
1313 1
1313 5
1530 3
1447 0
1441 2
1440 0
1440 4
1349 5
1448 3
1399 1
1399 2
1398 2
1397 5
1636 5
2096 3
1856 1
1856 2
1853 2
1850 0
1848 0
1848 5
2479 2
2474 3
2256 5
3041 3
2814 0
2814 3
2702 2
2698 2
2693 4
1435 2
1432 1
1432 4
1389 4
1389 2
1387 2
1384 3
1365 5
1458 5
1751 1
1751 4
1353 1
1353 2
1351 0
1336 3
1334 3
1333 0
1332 5
1630 1
1629 2
1627 2
1625 3
1507 5
1875 4
1374 5
1460 4
1338 4
1334 5
1407 3
1359 2
1357 0
1353 2
1352 2
1351 5
1682 2
1680 1
1680 2
1679 0
1679 0
1679 0
1679 4
1343 1
1343 0
1322 0
1322 4
1307 0
1307 4
1306 1
1306 1
1306 4
1305 4
1305 4
1305 3
1306 5
1422 0
1422 5
1745 5
2170 4
1378 3
1357 3
1350 5
1403 3
1363 0
1361 4
1327 0
1323 0
1323 1
1323 2
1323 5
1581 4
1330 3
1326 2
1325 4
1324 2
1323 4
1323 4
1323 2
1322 3
1324 3
1325 3
1323 3
1322 4
1322 0
1312 4
1310 4
1309 4
1309 4
1309 2
1308 2
1308 2
1308 3
1309 5
1397 0
1397 1
1397 2
1395 3
1361 3
1341 2
1340 3
1338 1
1338 1
1338 4
1313 2
1312 5
1417 3
1372 2
1371 1
1371 0
1363 5
1715 0
1715 2
1712 2
1709 0
1709 4
1353 4
1342 0
1329 2
1328 5
1599 4
1336 2
1334 3
1324 1
1324 1
1324 3
1319 5
1423 2
1421 4
1321 4
1320 2
1319 5
1405 2
1403 1
1403 5
1658 2
1655 5
2021 2
2017 2
2013 0
2013 3
1730 4
1374 2
1372 2
1370 2
1366 2
1364 0
1340 4
1317 1
1317 2
1316 4
1315 2
1314 0
1313 4
1312 4
1312 2
1311 2
1311 1
1311 4
1311 3
1311 5
1428 0
1427 4
1323 3
1320 2
1320 4
1319 1
1319 4
1319 2
1319 4
1319 2
1318 0
1310 3
1308 3
1307 3
1309 2
1308 2
1307 3
1309 5
1533 5
1902 3
1656 4
1366 0
1344 4
1319 3
1317 0
1316 1
1316 2
1316 4
1312 0
1312 2
1312 0
1312 4
1311 4
1311 3
1311 0
1311 3
1311 2
1310 5
1559 4
1331 0
1318 3
1319 4
1311 3
1310 0
1309 5
1568 0
1568 4
1326 4
1324 4
1324 4
1324 5
1412 2
1410 2
1408 4
1320 4
1320 3
1321 2
1320 3
1318 1
1318 0
1309 4
1305 1
1305 2
1305 4
1305 0
1304 0
1304 0
1304 1
1304 2
1304 0
1304 2
1304 5
1559 5
1931 0
1931 0
1931 0
1931 5
2380 3
1999 5
2422 2
2416 0
2416 1
2416 2
2411 5
2972 4
1435 3
1376 4
1360 4
1360 4
1360 1
1360 5
1402 5
1600 0
1600 1
1599 4
1346 2
1345 1
1345 3
1339 4
1338 5
1388 3
1360 5
1522 2
1520 3
1441 4
1349 2
1348 2
1346 3
1336 4
1327 1
1327 0
1317 2
1317 4
1314 2
1314 4
1314 5
1405 0
1404 2
1402 3
1354 0
1352 2
1351 0
1351 4
1328 3
1313 5
1427 1
1427 4
1326 2
1324 2
1323 2
1322 2
1321 5
1402 4
1316 3
1316 4
1315 4
1315 0
1307 0
1307 2
1306 3
1307 3
1306 3
1307 2
1307 3
1305 3
1306 4
1306 4
1306 4
1306 4
1306 3
1305 1
1305 5
1421 4
1315 3
1315 4
1313 1
1313 3
1313 3
1313 3
1313 2
1312 1
1312 1
1312 2
1311 4
1311 2
1311 3
1312 3
1313 2
1312 5
1406 4
1314 2
1314 0
1310 2
1310 0
1310 3
1311 0
1310 2
1309 4
1308 0
1307 4
1306 2
1305 0
1304 4
1304 3
1305 0
1305 4
1303 4
1303 2
1303 2
1303 3
1304 1
1304 4
1304 3
1304 4
1304 5
1404 1
1404 4
1312 2
1312 1
1312 2
1312 3
1311 2
1311 4
1310 5
1399 3
1363 4
1319 3
1313 0
1307 4
1301 4
1301 3
1301 3
1302 3
1302 5
1411 2
1409 4
1308 4
1308 2
1307 3
1308 2
1307 1
1307 1
1307 3
1307 5
1400 2
1398 5
1681 3
1536 0
1529 2
1527 4
1361 5
1442 0
1439 2
1437 1
1437 4
1332 3
1327 2
1326 2
1325 2
1324 4
1316 2
1315 1
1315 5
1398 0
1397 2
1395 2
1395 4
1312 2
1311 0
1304 4
1303 4
1303 4
1303 3
1304 2
1304 2
1303 3
1302 5
1408 2
1406 5
1690 3
1529 2
1528 3
1463 4
1340 0
1331 1
1331 3
1330 2
1329 5
1626 3
1504 4
1352 0
1343 0
1343 0
1343 2
1342 3
1341 2
1340 2
1339 3
1336 1
1336 3
1334 4
1313 3
1309 4
1307 5
1440 4
1323 0
1310 4
1306 5
1428 2
1426 0
1426 4
1316 4
1313 3
1313 4
1309 4
1309 2
1308 2
1308 1
1308 4
1308 2
1307 3
1304 3
1304 4
1304 3
1305 2
1304 0
1298 3
1298 3
1298 4
1297 2
1297 4
1297 5
1415 3
1366 1
1366 4
1312 3
1303 5
1413 1
1413 0
1413 0
1413 0
1413 0
1413 3
1364 4
1310 4
1305 0
1300 2
1300 2
1300 0
1300 3
1300 4
1297 1
1297 2
1296 4
1296 1
1296 1
1296 0
1296 2
1296 0
1296 4
1295 4
1295 4
1295 5
1407 4
1310 2
1309 0
1301 2
1301 5
1551 2
1550 1
1549 4
1319 1
1319 2
1318 2
1317 2
1316 0
1304 0
1303 2
1303 5
1549 2
1548 5
1919 4
1346 1
1346 0
1323 0
1323 2
1323 2
1322 0
1322 2
1322 3
1316 2
1315 3
1316 2
1315 4
1304 1
1304 4
1303 5
1407 3
1364 4
1314 1
1314 3
1307 1
1307 0
1301 1
1301 3
1302 5
1545 1
1545 3
1440 2
1438 1
1438 3
1410 2
1409 0
1405 1
1405 2
1404 2
1403 0
1403 1
1403 1
1403 4
1336 1
1336 0
1331 2
1330 0
1330 1
1330 1
1330 5
1690 2
1687 3
1543 4
1349 2
1347 3
1331 5
1472 2
1470 2
1468 0
1467 0
1467 5
1874 4
1354 3
1336 4
1328 4
1328 0
1314 4
1304 4
1303 1
1303 5
1414 0
1414 2
1412 3
1366 0
1362 2
1361 0
1361 4
1313 3
1306 4
1302 1
1302 4
1302 5
1420 2
1418 3
1371 5
1634 1
1634 3
1510 3
1468 4
1331 0
1322 3
1322 2
1321 4
1301 3
1300 1
1300 4
1297 4
1297 5
1445 3
1386 1
1386 0
1385 0
1385 4
1318 1
1318 2
1317 2
1316 3
1305 0
1304 4
1300 0
1299 1
1299 2
1298 0
1298 3
1297 0
1296 2
1296 5
1606 2
1604 0
1604 2
1603 4
1322 0
1308 5
1569 2
1568 4
1323 3
1322 4
1314 0
1306 2
1306 2
1305 0
1305 4
1303 3
1305 4
1305 4
1305 5
1417 4
1313 5
1414 0
1411 4
1308 3
1307 0
1304 3
1305 0
1304 0
1304 1
1304 4
1298 1
1298 5
1418 0
1418 3
1371 0
1364 2
1363 0
1363 4
1312 0
1304 4
1296 4
1296 5
1434 4
1315 3
1310 5
1410 3
1363 3
1348 0
1347 2
1346 4
1316 4
1301 1
1301 2
1300 0
1297 5
1571 4
1321 2
1320 4
1313 0
1302 2
1301 2
1300 5
1561 2
1561 4
1316 4
1313 1
1313 4
1313 3
1315 4
1314 1
1314 3
1313 4
1312 0
1300 5
1541 3
1440 4
1320 0
1316 2
1315 4
1301 3
1301 4
1301 1
1301 2
1300 3
1299 4
1299 0
1299 3
1300 4
1298 3
1298 3
1297 3
1297 1
1297 4
1297 3
1297 0
1297 0
1297 5
1552 2
1549 2
1548 5
1943 5
2413 4
1375 3
1350 0
1333 0
1333 1
1333 0
1333 3
1328 4
1318 0
1315 5
1561 2
1559 2
1557 2
1557 4
1326 2
1324 0
1308 0
1308 2
1308 1
1308 4
1306 1
1306 3
1307 0
1307 0
1307 3
1306 4
1304 3
1304 4
1303 1
1303 1
1303 3
1305 0
1305 2
1305 0
1305 0
1305 2
1304 0
1304 4
1303 0
1303 4
1303 2
1303 5
1407 3
1356 1
1356 2
1355 4
1311 2
1310 1
1310 0
1306 5
1559 1
1559 3
1448 5
1755 2
1752 5
2241 1
2241 0
2241 2
2236 2
2230 5
2796 2
2789 3
2414 4
1438 3
1381 3
1372 1
1372 0
1344 2
1343 2
1343 3
1340 4
1331 3
1329 3
1327 2
1326 5
1423 3
1374 5
1578 0
1578 1
1578 2
1575 4
1355 1
1355 2
1354 4
1342 5
1422 2
1420 5
1654 0
1654 5
2043 3
1738 2
1736 1
1736 2
1735 2
1732 5
2135 2
2130 1
2130 4
1414 2
1410 2
1408 2
1407 0
1369 3
1362 5
1598 3
1487 4
1348 4
1336 2
1335 1
1335 0
1322 4
1311 2
1311 3
1314 5
1435 4
1326 1
1326 4
1322 2
1321 4
1321 5
1408 0
1406 2
1404 1
1404 5
1694 5
2105 4
1365 5
1418 3
1367 0
1359 5
1660 5
2107 2
2102 3
1821 1
1821 2
1817 3
1692 3
1627 1
1627 4
1359 5
1470 2
1468 2
1466 5
1828 0
1828 4
1368 2
1366 4
1346 3
1337 3
1336 4
1332 5
1410 4
1334 4
1334 2
1333 3
1333 0
1320 2
1320 3
1315 2
1314 3
1315 4
1311 3
1309 3
1312 4
1312 4
1312 0
1311 3
1311 2
1310 3
1310 5
1521 0
1521 0
1521 4
1330 3
1323 0
1317 4
1312 2
1311 4
1311 0
1310 0
1310 3
1309 0
1309 1
1309 2
1308 3
1310 3
1311 0
1311 -1
2236 2
2235 3
1784 1
1784 1
1784 0
1612 0
1594 5
1743 3
1580 4
1494 5
1510 1
1511 3
1466 5
1576 2
1574 4
1435 0
1419 1
1420 0
1419 2
1418 3
1409 5
1575 1
1575 3
1466 4
1404 1
1406 3
1396 0
1386 5
1597 5
1918 5
2313 3
1922 0
1918 2
1914 1
1915 1
1919 5
2383 4
1483 3
1428 1
1428 0
1390 1
1393 3
1380 5
1585 3
1481 0
1475 3
1451 4
1364 4
1353 0
1348 3
1345 2
1344 5
1626 1
1628 0
1628 1
1628 3
1510 2
1509 0
1507 5
1993 1
1994 1
1994 4
1419 4
1386 0
1358 4
1342 5
1454 0
1453 5
1771 5
2206 3
1889 2
1885 1
1887 0
1883 5
2408 4
1447 0
1409 3
1400 2
1399 1
1400 1
1401 1
1402 0
1398 0
1398 2
1397 4
1356 4
1344 5
1448 1
1449 3
1399 4
1340 5
1449 3
1408 4
1337 5
1455 5
1789 3
1590 5
1978 0
1978 1
1978 1
1977 5
2571 1
2571 3
2265 1
2266 1
2268 3
2090 2
2087 5
2821 0
2821 3
2627 0
2627 3
2543 3
2478 0
2478 4
1448 3
1396 0
1387 0
1387 5
1764 4
1384 3
1354 1
1354 5
1466 4
1347 2
1346 4
1343 2
1342 2
1342 4
1342 2
1342 5
1421 4
1339 4
1339 0
1333 3
1331 3
1331 2
1330 2
1329 4
1321 4
1321 2
1320 4
1320 5
1432 3
1386 5
1635 3
1523 0
1517 0
1517 5
2037 0
2037 0
2037 2
2033 5
2685 3
2395 4
1438 3
1376 4
1363 4
1361 3
1355 3
1351 2
1350 4
1347 4
1347 2
1347 5
1421 4
1340 3
1337 1
1340 4
1338 5
1418 5
1651 0
1651 5
2030 4
1379 2
1377 4
1375 1
1377 5
1401 5
1590 0
1590 0
1590 0
1590 3
1464 4
1368 0
1358 3
1354 0
1354 3
1353 4
1331 0
1329 4
1326 3
1326 2
1325 0
1323 1
1324 3
1322 4
1320 1
1323 0
1320 3
1320 2
1318 2
1317 3
1317 3
1318 1
1320 0
1320 2
1320 2
1319 2
1319 3
1320 3
1320 0
1320 4
1318 2
1318 4
1317 3
1317 5
1447 2
1445 1
1446 3
1389 2
1388 3
1374 5
1629 2
1627 0
1626 2
1624 4
1357 1
1357 3
1341 3
1335 5
1442 2
1440 0
1438 2
1436 4
1335 2
1334 0
1325 4
1318 3
1318 5
1444 4
1332 4
1328 2
1328 1
1330 4
1329 3
1328 4
1327 2
1326 1
1326 3
1328 0
1322 5
1551 4
1344 4
1342 0
1330 5
1569 5
1919 0
1919 3
1672 4
1383 4
1374 2
1372 4
1372 3
1351 0
1332 3
1330 3
1326 1
1328 3
1327 1
1328 5
1536 5
1887 2
1883 0
1883 1
1883 4
1371 0
1337 3
1329 1
1330 5
1557 0
1557 2
1555 3
1455 3
1428 2
1426 0
1420 5
1846 5
2403 4
1408 3
1368 3
1356 3
1348 1
1348 3
1345 2
1344 0
1332 0
1331 0
1331 3
1326 0
1324 2
1323 1
1323 4
1320 2
1319 3
1316 4
1314 5
1423 4
1326 3
1320 2
1319 2
1319 2
1318 4
1316 0
1310 0
1310 4
1307 4
1307 3
1310 4
1310 0
1310 5
1541 0
1541 2
1539 2
1537 3
1437 4
1334 0
1328 0
1328 3
1325 3
1325 0
1324 2
1323 5
1608 4
1346 5
1430 2
1428 3
1380 0
1373 3
1366 3
1361 3
1360 0
1359 2
1358 5
1740 2
1737 4
1366 4
1343 0
1328 2
1327 4
1313 5
1439 4
1321 3
1319 3
1320 3
1317 0
1312 4
1308 3
1308 3
1309 4
1308 1
1311 3
1308 4
1308 0
1307 2
1306 4
1305 1
1305 0
1305 5
1560 0
1560 3
1449 3
1418 3
1406 1
1408 5
1711 3
1585 1
1585 5
2095 5
2786 5
3505 0
3505 4
1460 0
1411 2
1409 3
1394 3
1390 2
1389 1
1390 2
1389 2
1388 4
1338 3
1334 3
1331 3
1331 5
1451 2
1451 2
1449 0
1447 2
1445 5
1786 3
1586 4
1361 0
1352 5
1634 3
1500 0
1498 4
1362 4
1337 4
1337 4
1337 3
1327 0
1321 0
1321 2
1320 4
1318 5
1444 5
1782 1
1781 3
1595 2
1593 0
1587 3
1534 2
1533 5
2027 5
2681 4
1413 3
1368 2
1367 3
1362 1
1363 3
1357 5
1466 4
1338 2
1336 2
1335 5
1424 4
1328 4
1328 3
1327 3
1328 3
1327 4
1326 3
1326 2
1326 2
1326 3
1327 2
1326 2
1326 4
1326 5
1413 2
1411 2
1409 4
1323 5
1411 3
1367 2
1366 2
1365 0
1359 3
1348 4
1318 2
1317 3
1312 1
1312 4
1309 4
1309 2
1309 3
1309 2
1308 2
1307 3
1307 4
1307 0
1305 3
1305 2
1305 2
1305 3
1305 3
1304 3
1304 1
1305 1
1305 3
1304 0
1304 5
1582 4
1329 3
1318 4
1315 4
1314 5
1413 1
1414 4
1312 2
1312 4
1312 2
1312 2
1312 2
1313 0
1301 0
1301 3
1301 2
1301 0
1300 3
1300 4
1297 3
1298 0
1297 4
1296 3
1298 3
1296 3
1297 1
1297 3
1298 3
1297 4
1297 5
1423 4
1311 0
1299 4
1298 4
1298 2
1299 2
1299 0
1298 3
1297 0
1297 3
1296 1
1296 3
1296 4
1295 0
1295 5
1531 0
1531 2
1530 4
1318 0
1304 0
1304 2
1304 3
1304 3
1304 2
1303 3
1304 3
1304 3
1303 3
1304 0
1300 3
1301 5
1555 0
1555 0
1555 3
1442 3
1407 5
1691 0
1691 4
1359 4
1331 3
1323 4
1322 0
1306 4
1303 0
1303 0
1303 4
1302 0
1302 0
1302 0
1302 2
1302 2
1302 1
1302 3
1303 2
1302 4
1301 3
1299 4
1299 1
1299 4
1299 2
1298 0
1298 3
1300 2
1299 1
1300 5
1541 0
1541 3
1434 4
1325 2
1324 4
1317 1
1317 0
1310 4
1299 2
1298 0
1298 3
1300 5
1560 4
1327 2
1326 3
1319 5
1444 0
1443 4
1314 2
1313 3
1311 2
1310 3
1308 2
1308 1
1308 1
1311 3
1308 1
1308 3
1309 3
1308 1
1308 2
1307 3
1307 0
1300 2
1301 1
1303 3
1302 5
1524 4
1319 4
1314 5
1425 3
1367 5
1585 5
1980 4
1375 2
1373 2
1370 0
1337 3
1333 3
1330 2
1329 2
1328 1
1328 3
1326 3
1324 4
1311 0
1309 2
1309 3
1310 3
1310 2
1309 0
1308 0
1308 4
1307 2
1306 4
1305 4
1305 1
1307 4
1305 1
1305 4
1305 3
1306 4
1306 5
1440 4
1320 0
1313 1
1314 2
1313 3
1311 2
1310 2
1309 2
1308 2
1307 4
1306 3
1306 1
1309 4
1308 1
1308 2
1308 3
1309 0
1305 5
1546 3
1443 1
1443 2
1442 4
1329 5
1434 2
1432 2
1430 1
1430 1
1431 3
1390 3
1380 4
1325 4
1318 3
1316 3
1314 4
1314 3
1313 4
1313 3
1312 4
1311 5
1425 3
1376 2
1375 5
1624 2
1621 4
1353 3
1338 0
1324 3
1322 1
1322 0
1321 5
1612 1
1611 3
1485 0
1481 3
1451 0
1451 0
1451 1
1451 0
1451 2
1450 2
1448 0
1448 4
1346 3
1328 1
1328 4
1313 5
1440 2
1438 0
1438 3
1396 4
1330 0
1322 5
1627 0
1627 3
1507 3
1469 0
1464 0
1464 5
1976 5
2619 4
1405 5
1456 1
1456 2
1454 0
1445 4
1345 0
1336 3
1333 2
1332 4
1317 4
1313 4
1313 1
1313 0
1310 4
1309 3
1308 2
1307 0
1307 3
1309 3
1309 3
1308 4
1307 1
1307 2
1306 2
1305 3
1305 3
1305 4
1303 4
1303 5
1430 3
1380 0
1376 4
1332 1
1332 2
1331 5
1446 2
1444 3
1382 3
1368 4
1314 4
1311 4
1311 2
1310 1
1310 5
1426 0
1426 5
1796 3
1613 0
1610 5
2150 3
1943 0
1943 2
1940 5
2666 0
2666 4
1419 3
1374 3
1362 3
1360 2
1359 0
1342 5
1616 5
2045 0
2045 3
1784 3
1678 2
1676 3
1625 2
1623 2
1621 0
1619 2
1618 3
1592 4
1387 2
1385 4
1347 2
1346 3
1342 2
1341 1
1341 2
1340 0
1333 4
1327 0
1326 2
1326 2
1326 3
1327 2
1326 2
1325 0
1325 3
1324 1
1324 2
1323 5
1637 4
1352 5
1447 4
1340 4
1336 5
1430 4
1338 3
1337 1
1337 3
1337 3
1335 3
1335 1
1335 5
1423 1
1423 0
1421 4
1330 0
1325 3
1324 5
1580 3
1472 5
1809 4
1388 0
1359 0
1359 4
1324 1
1324 0
1322 1
1322 0
1322 3
1323 3
1322 0
1321 3
1321 0
1321 2
1321 3
1321 0
1321 0
1321 4
1316 3
1314 3
1315 5
1452 4
1334 3
1330 3
1328 4
1322 4
1322 3
1322 2
1322 1
1322 4
1322 3
1322 5
1418 4
1323 2
1322 2
1321 3
1322 4
1322 0
1316 1
1316 4
1313 2
1313 0
1312 3
1311 4
1310 4
1310 1
1310 3
1309 0
1309 3
1310 0
1309 3
1309 0
1309 5
1578 2
1577 1
1577 5
1978 1
1976 2
1972 4
1360 2
1359 3
1346 4
1337 0
1321 0
1321 4
1310 5
1425 3
1364 5
1588 3
1480 5
1799 4
1371 2
1368 2
1366 3
1344 3
1338 5
1440 2
1438 4
1330 3
1327 2
1326 5
1417 0
1415 3
1375 5
1615 1
1615 4
1347 5
1432 2
1430 5
1704 2
1701 0
1701 4
1347 0
1330 3
1329 2
1328 3
1326 5
1553 3
1458 4
1345 4
1336 2
1334 4
1334 3
1323 1
1323 3
1321 0
1315 3
1316 4
1310 2
1309 5
1419 1
1419 3
1379 4
1318 2
1317 3
1309 1
1309 3
1308 5
1413 2
1413 1
1413 0
1412 0
1412 4
1314 4
1314 3
1313 2
1312 3
1313 1
1313 4
1313 3
1311 1
1311 1
1311 0
1302 1
1302 3
1302 3
1301 0
1301 3
1301 4
1297 3
1296 0
1296 4
1296 4
1296 3
1297 2
1296 2
1296 4
1296 2
1295 3
1296 4
1296 4
1296 1
1296 5
1422 5
1716 3
1535 2
1533 3
1473 3
1437 0
1435 0
1435 2
1434 2
1433 4
1343 2
1342 5
1490 2
1488 4
1320 0
1310 3
1310 3
1310 5
1579 5
2007 4
1368 5
1444 4
1347 3
1336 4
1333 4
1333 1
1333 4
1333 2
1331 3
1332 5
1419 1
1419 4
1326 2
1326 3
1327 4
1327 3
1326 4
1326 2
1326 2
1325 3
1327 2
1326 2
1325 5
1416 0
1413 1
1413 5
1698 2
1695 3
1519 3
1467 0
1464 1
1464 4
1363 2
1361 1
1361 1
1361 5
1481 0
1477 3
1428 3
1416 2
1415 5
1733 0
1733 4
1377 3
1344 0
1333 4
1324 4
1319 2
1318 4
1318 1
1318 2
1317 5
1425 2
1425 3
1380 4
1326 4
1318 3
1315 4
1313 3
1311 2
1311 3
1311 4
1311 2
1311 3
1312 4
1312 4
1312 2
1312 2
1311 1
1311 0
1309 0
1309 3
1311 0
1311 1
1311 4
1306 1
1306 3
1305 5
1429 2
1429 2
1429 2
1429 3
1370 4
1315 2
1314 3
1311 2
1311 3
1310 2
1309 1
1309 2
1308 3
1310 1
1310 4
1309 4
1308 0
1307 4
1302 4
1302 3
1305 5
1430 3
1376 3
1361 3
1355 0
1351 0
1351 3
1348 5
1693 2
1690 1
1690 2
1687 3
1563 4
1355 1
1355 3
1326 3
1325 4
1311 4
1311 4
1311 3
1310 2
1309 2
1309 3
1309 5
1424 2
1422 0
1422 2
1420 1
1419 4
1311 2
1310 3
1302 2
1302 0
1295 0
1295 2
1295 0
1295 2
1295 3
1297 0
1297 0
1297 2
1297 0
1297 2
1297 3
1297 3
1297 4
1293 5
1429 3
1383 3
1365 4
1315 4
1313 1
1313 2
1312 4
1312 0
1304 4
1297 4
1295 3
1298 2
1297 4
1295 4
1295 5
1436 4
1311 5
1423 4
1305 2
1304 3
1302 5
1422 5
1715 4
1343 3
1328 3
1322 4
1319 5
1409 2
1409 2
1407 5
1674 0
1674 2
1674 4
1339 1
1339 3
1335 2
1334 2
1333 4
1330 1
1330 3
1327 2
1327 2
1327 4
1327 2
1327 3
1330 2
1329 1
1329 5
1407 0
1402 1
1402 2
1400 3
1358 3
1352 4
1314 3
1307 4
1305 2
1305 2
1305 2
1304 4
1304 0
1299 4
1296 4
1296 4
1296 2
1296 1
1296 5
1405 4
1302 4
1300 3
1301 2
1300 0
1296 3
1297 2
1296 3
1296 2
1295 1
1295 0
1295 4
1293 2
1293 0
1292 4
1292 3
1295 3
1294 5
1416 0
1416 2
1414 4
1298 4
1298 5
1411 5
1685 3
1519 2
1518 5
1822 0
1822 1
1821 5
2331 4
1397 1
1397 4
1375 2
1373 1
1373 5
1412 0
1399 0
1399 3
1363 2
1362 2
1361 2
1360 4
1321 4
1319 5
1413 3
1371 4
1323 0
1316 0
1316 4
1306 3
1305 5
1415 4
1314 2
1313 3
1310 5
1414 1
1414 4
1310 3
1308 2
1308 3
1308 0
1301 5
1548 4
1321 0
1310 0
1310 4
1298 5
1406 0
1406 4
1313 0
1301 4
1296 3
1298 2
1298 3
1296 3
1298 5
1408 2
1406 5
1687 4
1332 3
1327 3
1324 1
1324 2
1323 0
1309 0
1309 3
1307 4
1302 0
1300 2
1299 4
1297 4
1297 4
1297 0
1297 0
1297 0
1297 0
1297 2
1297 5
1530 0
1530 3
1424 2
1422 1
1422 4
1328 4
1317 4
1317 3
1311 4
1309 3
1308 1
1308 4
1307 0
1297 2
1297 5
1525 2
1524 0
1524 0
1524 3
1412 4
1313 4
1304 5
1432 0
1432 2
1430 4
1313 4
1311 3
1308 5
1422 4
1307 1
1307 3
1306 0
1300 4
1297 5
1423 4
1311 1
1311 0
1299 4
1298 3
1298 3
1298 3
1298 5
1413 4
1306 3
1306 2
1305 2
1305 3
1306 4
1306 4
1306 4
1306 5
1407 3
1367 4
1309 3
1307 0
1300 2
1300 3
1299 3
1298 2
1297 4
1295 2
1295 4
1295 3
1296 4
1295 3
1294 2
1294 2
1294 0
1294 3
1294 0
1294 4
1294 4
1294 3
1294 1
1294 0
1294 3
1294 0
1294 0
1294 5
1544 4
1322 3
1311 3
1308 0
1299 4
1295 1
1295 2
1295 1
1295 5
1418 2
1416 1
1416 4
1313 3
1314 2
1313 2
1312 2
1311 4
1311 2
1311 4
1311 3
1312 3
1309 4
1308 5
1399 1
1399 4
1311 4
1311 3
1313 3
1307 0
1298 4
1296 0
1296 3
1296 4
1296 3
1296 0
1296 0
1296 0
1296 0
1296 3
1295 4
1294 2
1294 3
1295 3
1295 4
1294 0
1294 2
1294 2
1294 1
1294 4
1293 0
1293 2
1293 4
1293 5
1412 1
1412 4
1309 1
1309 2
1309 2
1309 3
1309 2
1309 4
1309 5
1394 0
1391 0
1391 3
1350 2
1349 0
1347 4
1306 4
1297 4
1297 3
1297 3
1297 0
1297 3
1297 3
1297 2
1296 3
1296 0
1295 0
1295 4
1291 5
1417 5
1711 1
1710 1
1710 4
1330 2
1329 5
1406 2
1404 0
1400 5
1688 4
1324 4
1322 1
1322 0
1308 2
1308 3
1306 3
1300 4
1294 3
1294 4
1294 1
1294 3
1293 1
1293 0
1293 5
1520 0
1520 4
1313 4
1313 2
1312 4
1312 3
1311 5
1408 4
1306 3
1305 1
1305 4
1305 3
1305 4
1305 4
1305 0
1297 5
1521 2
1519 0
1519 0
1519 0
1519 1
1519 4
1312 2
1312 3
1310 4
1308 2
1307 4
1307 1
1307 4
1307 2
1306 1
1306 4
1306 0
1298 0
1298 3
1296 4
1294 4
1294 3
1295 3
1296 0
1296 4
1294 0
1294 2
1294 4
1294 3
1295 3
1295 5
1407 4
1300 2
1300 2
1300 4
1300 2
1300 3
1301 0
1297 1
1297 4
1295 0
1295 2
1295 4
1295 1
1295 3
1296 4
1296 4
1296 2
1295 4
1295 5
1405 0
1405 3
1364 1
1364 4
1315 5
1414 4
1312 4
1311 3
1310 0
1299 5
1526 0
1526 4
1317 4
1315 2
1314 1
1314 4
1314 2
1314 3
1313 4
1313 2
1313 1
1313 4
1313 2
1313 1
1313 4
1313 1
1313 4
1313 3
1315 4
1314 2
1313 5
1402 1
1402 3
1356 2
1355 3
1344 3
1338 2
1337 4
1302 1
1306 3
1300 4
1299 4
1299 3
1301 5
1417 3
1377 3
1362 0
1355 3
1352 0
1351 2
1350 5
1704 3
1565 0
1564 0
1564 0
1564 2
1561 2
1559 0
1559 2
1557 0
1557 1
1557 1
1557 3
1513 4
1343 3
1320 5
1514 5
1943 5
2490 1
2490 4
1390 2
1388 2
1386 3
1359 4
1349 5
1406 3
1361 3
1352 4
1319 4
1316 4
1316 1
1316 3
1311 1
1311 2
1310 3
1310 0
1304 0
1304 5
1565 4
1318 5
1424 1
1422 3
1369 4
1311 3
1304 2
1304 3
1302 0
1299 2
1298 1
1298 3
1300 4
1297 4
1297 0
1295 4
1290 2
1290 4
1290 4
1290 0
1290 4
1288 3
1289 4
1289 2
1288 3
1287 4
1287 1
1287 4
1287 1
1287 3
1288 1
1288 0
1288 2
1288 1
1288 3
1287 2
1287 1
1287 4
1286 4
1286 4
1286 3
1289 1
1289 4
1289 4
1289 3
1288 0
1288 3
1288 4
1286 0
1286 1
1286 1
1286 1
1286 3
1286 4
1286 4
1286 1
1286 2
1286 2
1286 0
1286 2
1286 4
1286 3
1288 4
1288 4
1288 4
1288 3
1286 3
1287 4
1287 4
1287 4
1287 4
1287 0
1287 2
1287 4
1286 0
1286 2
1286 1
1286 3
1288 5
1533 3
1436 0
1431 3
1413 1
1413 4
1316 0
1314 2
1313 3
1309 0
1308 4
1292 2
1291 3
1288 0
1287 0
1287 5
1596 2
1593 3
1473 5
1843 5
2413 3
2141 4
1405 0
1368 0
1368 3
1361 2
1360 4
1312 2
1311 3
1306 2
1305 4
1302 5
1442 0
1441 4
1319 4
1313 0
1299 4
1290 4
1290 5
1432 4
1310 0
1295 3
1295 1
1295 0
1294 3
1294 2
1293 0
1293 3
1294 4
1291 3
1291 3
1291 3
1290 3
1291 0
1291 1
1291 2
1291 2
1291 0
1291 4
1290 1
1290 0
1290 4
1290 3
1289 3
1289 0
1289 0
1289 3
1289 3
1290 2
1289 2
1289 5
1571 2
1570 5
2001 0
2001 3
1725 0
1723 5
2250 0
2250 2
2247 2
2244 4
1378 3
1338 4
1323 3
1323 1
1323 0
1310 2
1310 5
1559 4
1316 4
1315 3
1314 3
1315 0
1310 0
1310 2
1309 3
1307 3
1306 4
1300 4
1298 3
1299 4
1298 4
1298 3
1298 3
1298 5
1418 0
1415 3
1361 4
1314 5
1422 4
1311 1
1311 4
1309 3
1310 5
1394 0
1391 3
1350 3
1339 3
1330 3
1324 2
1323 2
1322 1
1322 4
1295 4
1292 3
1292 4
1292 4
1292 2
1292 5
1428 0
1428 2
1426 3
1373 4
1309 2
1308 2
1307 1
1307 0
1304 4
1296 5
1420 4
1316 3
1309 1
1309 0
1302 1
1302 3
1300 2
1299 1
1299 4
1292 3
1291 1
1291 4
1290 0
1289 2
1289 3
1290 1
1290 0
1290 1
1299 3
1292 1
1292 3
1292 4
1289 1
1289 3
1287 2
1286 2
1286 0
1286 0
1286 2
1286 2
1286 3
1286 3
1288 4
1288 0
1288 0
1288 0
1288 1
1288 4
1285 4
1285 4
1285 3
1285 2
1285 2
1285 2
1285 1
1285 5
1416 1
1416 3
1365 2
1363 0
1359 4
1309 5
1450 4
1303 2
1302 1
1302 0
1292 0
1292 2
1292 4
1288 0
1288 2
1288 3
1287 4
1285 3
1286 3
1286 3
1286 1
1286 2
1285 5
1428 2
1428 3
1373 3
1347 2
1346 0
1343 3
1338 0
1337 3
1335 3
1335 3
1335 5
1704 4
1343 1
1343 0
1320 0
1320 4
1300 5
1449 3
1393 2
1392 3
1380 2
1379 5
1661 0
1661 5
2174 1
2174 3
1904 4
1383 3
1347 4
1331 5
1422 3
1376 0
1369 3
1357 5
1685 1
1685 0
1685 3
1560 3
1516 5
1985 1
1985 4
1383 3
1353 5
1490 2
1488 5
1820 1
1820 0
1820 -1
2236 3
1935 5
1876 1
1876 1
1878 3
1680 4
1648 3
1626 2
1625 4
1625 5
1613 3
1588 3
1574 3
1570 2
1569 3
1569 2
1568 1
1571 5
1565 1
1567 2
1564 1
1565 1
1566 1
1567 5
1639 4
1512 3
1502 0
1472 3
1458 1
1460 4
1451 4
1450 3
1447 1
1450 3
1449 5
1483 2
1481 2
1481 5
1621 3
1506 3
1472 3
1455 3
1436 2
1435 3
1432 1
1434 2
1432 5
1561 3
1484 4
1406 5
1459 1
1459 1
1460 5
1683 4
1406 2
1404 3
1392 0
1381 4
1370 5
1440 5
1662 0
1662 2
1659 2
1656 1
1656 0
1656 2
1655 2
1655 4
1387 5
1438 4
1380 5
1433 5
1628 3
1471 3
1441 2
1440 0
1436 3
1423 2
1422 1
1423 0
1423 2
1422 1
1425 5
1807 4
1405 0
1379 1
1380 2
1378 0
1378 0
1378 3
1373 1
1374 4
1345 3
1340 5
1495 3
1426 2
1425 4
1348 1
1351 0
1349 4
1338 4
1335 3
1333 5
1463 0
1463 0
1463 2
1461 5
1798 1
1797 2
1793 5
2219 0
2219 3
1902 4
1430 5
1442 4
1373 5
1418 5
1629 4
1379 5
1417 3
1382 5
1561 3
1472 0
1468 0
1468 5
1862 1
1862 4
1403 4
1379 2
1378 3
1364 5
1433 2
1431 0
1427 0
1427 2
1425 3
1382 2
1381 2
1380 4
1340 4
1338 3
1336 5
1432 1
1433 0
1433 5
1725 2
1722 1
1721 1
1720 3
1548 0
1547 0
1547 0
1547 5
1978 2
1974 4
1398 0
1374 2
1373 0
1373 0
1373 2
1372 2
1371 3
1366 1
1368 4
1341 5
1446 3
1393 4
1339 5
1440 2
1438 3
1395 4
1344 0
1340 0
1340 2
1339 4
1331 3
1329 0
1329 2
1329 3
1328 3
1328 2
1327 4
1326 4
1325 4
1325 0
1324 2
1323 1
1325 3
1324 3
1324 0
1324 4
1321 0
1321 2
1321 4
1320 4
1320 1
1321 2
1320 1
1320 5
1440 3
1384 3
1375 2
1374 0
1370 2
1369 2
1368 2
1367 4
1338 0
1335 0
1335 4
1326 0
1326 5
1610 2
1608 2
1606 1
1606 3
1484 4
1355 0
1346 5
1641 1
1640 2
1638 1
1638 3
1513 3
1474 0
1472 0
1472 5
1956 2
1953 4
1390 3
1361 4
1343 4
1342 2
1341 4
1341 3
1342 0
1331 4
1326 4
1326 3
1326 2
1325 3
1325 1
1327 1
1327 4
1326 0
1325 5
1584 4
1343 0
1328 3
1328 0
1328 5
1601 3
1492 5
1828 4
1384 2
1382 2
1380 0
1357 2
1356 0
1356 4
1326 1
1326 3
1320 4
1317 1
1319 5
1419 3
1377 5
1614 3
1508 2
1506 3
1476 1
1477 2
1474 0
1471 0
1471 1
1472 3
1461 4
1358 4
1332 3
1328 5
1489 2
1487 2
1487 5
1858 5
2364 0
2364 3
2031 0
2030 2
2026 3
1880 5
2503 4
1433 0
1407 0
1407 5
1760 5
2268 5
2835 3
2436 3
2236 4
1425 3
1375 3
1362 3
1362 5
1468 4
1347 2
1346 5
1423 5
1674 5
2075 5
2539 0
2539 5
2984 2
2976 5
3417 3
2872 4
1459 1
1459 1
1462 2
1459 3
1397 0
1372 4
1354 4
1353 5
1406 3
1373 0
1369 1
1370 4
1336 0
1330 3
1329 4
1321 3
1314 2
1314 0
1310 3
1310 3
1311 4
1311 0
1311 3
1311 3
1311 0
1311 1
1312 3
1311 1
1312 1
1312 2
1311 1
1313 2
1311 2
1311 4
1308 2
1308 5
1413 2
1413 0
1413 0
1413 3
1371 1
1372 2
1371 0
1367 5
1653 3
1530 1
1531 0
1528 5
1991 3
1818 3
1735 0
1733 1
1733 1
1733 5
2434 3
2256 2
2252 2
2247 3
2169 3
2126 3
2102 5
3134 2
3129 3
2974 2
2970 3
2912 0
2912 4
1442 4
1388 3
1370 1
1372 3
1361 2
1359 3
1350 0
1341 1
1342 3
1337 4
1327 0
1327 4
1323 2
1322 1
1323 5
1462 4
1335 3
1330 1
1333 0
1325 2
1324 4
1317 4
1316 2
1316 1
1318 5
1425 0
1425 1
1425 2
1424 3
1380 2
1379 2
1378 1
1378 2
1377 0
1375 0
1375 3
1366 4
1328 2
1327 1
1327 2
1326 2
1325 3
1317 4
1311 2
1311 0
1311 3
1310 4
1307 0
1307 3
1307 3
1307 2
1307 3
1307 5
1608 0
1608 1
1608 2
1606 3
1479 5
1851 2
1848 4
1371 3
1346 1
1346 3
1338 0
1326 2
1325 2
1325 4
1312 0
1311 3
1311 0
1311 1
1311 5
1598 5
2017 4
1366 4
1351 3
1350 3
1345 2
1344 3
1340 3
1336 2
1335 0
1321 3
1317 0
1317 2
1316 2
1316 2
1315 0
1315 1
1315 5
1559 2
1559 4
1336 2
1335 3
1334 2
1333 5
1419 4
1324 1
1326 4
1323 3
1323 2
1322 2
1322 2
1322 3
1322 2
1322 0
1318 4
1314 3
1314 5
1416 5
1663 2
1660 1
1660 0
1659 3
1511 0
1506 2
1505 4
1366 3
1340 3
1336 3
1336 2
1334 0
1325 1
1325 3
1325 0
1325 5
1612 4
1351 4
1343 4
1343 0
1332 3
1329 4
1317 3
1313 2
1312 4
1310 1
1310 5
1423 0
1423 2
1421 4
1320 2
1318 2
1317 2
1316 1
1316 5
1415 4
1316 0
1311 3
1313 0
1313 3
1313 2
1312 3
1313 2
1312 5
1555 3
1447 5
1737 3
1601 1
1600 3
1547 5
1973 5
2605 0
2605 3
2354 3
2217 3
2134 5
3047 2
3042 3
2877 5
4044 3
3887 2
3881 2
3875 0
3875 0
3875 3
3810 3
3753 3
3712 3
3690 2
3686 4
1442 3
1397 4
1372 4
1371 3
1363 1
1366 0
1354 5
1681 3
1550 0
1549 5
2097 0
2097 4
1395 0
1367 5
1710 2
1707 2
1704 2
1701 4
1370 3
1341 5
1452 4
1332 1
1334 3
1324 2
1323 5
1426 4
1316 5
1415 2
1413 0
1410 2
1408 4
1309 1
1309 1
1309 5
1411 4
1316 1
1316 2
1315 0
1305 0
1305 3
1306 4
1302 4
1302 2
1301 1
1301 2
1300 1
1303 2
1300 3
1300 3
1300 2
1300 0
1300 3
1301 4
1300 3
1302 3
1300 5
1414 0
1414 0
1414 3
1361 5
1635 4
1330 3
1322 1
1322 3
1318 1
1319 4
1314 3
1313 0
1304 4
1301 5
1411 3
1363 3
1351 2
1350 4
1308 3
1301 4
1300 2
1299 3
1301 1
1304 2
1301 5
1420 1
1420 3
1366 3
1349 3
1344 5
1600 2
1598 4
1329 3
1319 1
1319 4
1312 4
1312 3
1312 4
1312 1
1312 4
1312 0
1300 5
1548 5
1946 2
1942 0
1942 2
1939 1
1939 2
1937 4
1348 0
1323 3
1319 2
1318 4
1302 2
1301 2
1300 3
1300 0
1297 3
1298 3
1297 4
1295 2
1295 2
1294 2
1294 2
1295 2
1296 3
1296 3
1294 2
1294 3
1296 2
1296 2
1296 4
1296 1
1296 0
1296 1
1296 4
1294 3
1295 0
1295 2
1294 3
1295 2
1295 0
1295 1
1295 4
1294 2
1294 0
1293 4
1292 2
1292 2
1292 3
1293 3
1292 5
1423 4
1307 1
1307 4
1304 4
1304 4
1304 3
1302 0
1296 2
1296 3
1294 0
1293 3
1295 2
1294 3
1293 0
1293 0
1293 5
1547 4
1315 3
1312 2
1311 5
1430 4
1306 3
1306 4
1306 0
1297 0
1297 3
1299 4
1295 2
1295 2
1294 2
1293 5
1408 1
1408 2
1408 2
1406 5
1684 0
1684 3
1517 2
1516 5
1806 4
1366 0
1344 3
1340 2
1339 4
1311 3
1300 4
1298 2
1298 0
1297 5
1555 4
1321 5
1417 5
1692 1
1691 2
1688 0
1688 0
1688 3
1522 0
1520 3
1482 2
1481 0
1480 3
1463 3
1455 4
1348 0
1340 1
1340 0
1340 5
1708 4
1347 0
1326 3
1321 3
1320 2
1319 4
1305 5
1442 5
1797 5
2270 3
1948 3
1786 4
1382 3
1347 3
1338 4
1333 1
1333 4
1333 2
1332 2
1331 3
1326 0
1314 5
1572 4
1327 3
1322 3
1320 1
1320 4
1319 2
1318 5
1408 0
1406 4
1316 4
1315 2
1315 5
1410 0
1406 0
1406 2
1406 3
1360 3
1340 3
1333 3
1331 3
1328 1
1328 1
1329 4
1302 2
1301 1
1301 3
1296 3
1297 3
1297 3
1296 4
1296 2
1296 1
1296 0
1296 0
1296 4
1294 2
1294 3
1294 0
1293 5
1563 3
1448 3
1417 0
1412 5
1852 3
1691 5
2287 0
2287 5
3010 3
2740 5
3562 3
3352 3
3218 4
1429 0
1397 3
1388 2
1386 2
1384 4
1327 3
1320 2
1319 1
1319 2
1318 3
1317 5
1474 4
1330 3
1322 1
1325 3
1323 3
1321 5
1445 0
1444 4
1317 2
1316 4
1314 5
1428 4
1311 5
1432 3
1381 3
1361 2
1360 2
1359 0
1357 5
1718 4
1350 4
1332 3
1326 0
1318 0
1317 2
1316 3
1316 4
1307 4
1306 3
1307 0
1306 4
1304 0
1302 5
1570 5
2000 5
2489 2
2482 3
2093 3
1909 0
1903 3
1815 3
1779 1
1779 3
1752 4
1399 4
1363 3
1353 4
1343 0
1338 4
1333 4
1329 2
1328 4
1328 0
1326 0
1326 4
1319 0
1318 0
1318 2
1318 0
1318 1
1318 2
1318 0
1318 0
1318 5
1623 3
1493 4
1350 0
1339 3
1334 0
1333 4
1319 5
1464 3
1396 0
1391 2
1390 4
1341 3
1328 4
1315 4
1314 5
1452 2
1450 1
1450 3
1398 2
1397 3
1383 0
1380 2
1379 4
1328 5
1475 1
1475 2
1473 4
1328 1
1328 0
1309 2
1309 1
1309 4
1303 1
1303 3
1304 4
1302 1
1302 3
1302 4
1302 2
1301 5
1427 3
1378 5
1688 1
1688 4
1352 1
1352 2
1350 1
1351 2
1350 2
1349 2
1348 4
1336 2
1335 0
1320 2
1320 0
1320 4
1313 4
1312 2
1311 3
1311 2
1310 0
1307 2
1306 1
1306 2
1306 2
1306 3
1305 4
1302 0
1300 2
1299 5
1588 0
1588 4
1323 0
1317 1
1318 3
1314 0
1313 3
1312 2
1311 4
1304 1
1304 0
1303 4
1301 3
1300 4
1300 2
1299 5
1437 4
1314 1
1314 1
1314 3
1311 4
1309 0
1303 3
1303 0
1303 0
1302 3
1302 2
1302 2
1302 3
1301 5
1565 3
1468 2
1467 1
1467 2
1465 2
1464 3
1425 0
1417 0
1417 0
1417 3
1404 2
1403 3
1399 1
1399 1
1399 5
1826 1
1826 1
1826 0
1826 3
1675 2
1673 1
1673 2
1671 3
1619 3
1596 2
1594 0
1594 2
1592 0
1592 2
1590 2
1588 3
1581 3
1579 5
2285 5
3125 4
1411 0
1383 5
1731 4
1355 4
1336 3
1321 0
1310 2
1309 3
1309 2
1308 3
1306 5
1549 1
1549 4
1314 0
1303 0
1303 3
1300 3
1300 3
1300 2
1299 4
1293 5
1428 0
1428 0
1428 0
1428 5
1755 4
1336 2
1333 5
1411 0
1406 5
1731 0
1731 2
1728 4
1330 2
1329 0
1310 0
1310 2
1309 1
1309 3
1307 4
1299 0
1298 2
1298 3
1299 2
1298 4
1298 0
1298 2
1297 3
1297 2
1297 3
1298 0
1298 2
1297 2
1297 0
1297 3
1298 2
1297 3
1299 3
1300 1
1300 3
1297 0
1297 4
1294 0
1294 3
1296 3
1295 4
1294 3
1294 3
1294 0
1291 3
1291 2
1290 0
1290 4
1288 2
1287 5
1433 2
1433 0
1433 1
1433 4
1306 2
1305 3
1302 0
1292 5
1541 2
1539 3
1449 2
1447 2
1445 3
1406 2
1405 2
1404 2
1403 4
1324 3
1309 1
1309 3
1308 3
1309 5
1449 3
1389 3
1375 2
1374 4
1311 0
1307 5
1603 4
1341 5
1431 5
1731 4
1334 2
1331 2
1330 0
1316 3
1311 0
1309 3
1308 2
1307 1
1307 5
1579 0
1579 4
1326 1
1326 4
1316 0
1304 5
1553 5
1927 1
1927 4
1352 3
1343 1
1343 2
1342 2
1341 0
1318 4
1304 2
1303 3
1303 0
1300 5
1536 0
1536 4
1317 3
1314 3
1315 4
1314 5
1387 5
1623 3
1485 4
1331 2
1330 1
1330 4
1323 4
1323 4
1323 0
1315 4
1303 3
1303 0
1302 0
1302 3
1302 1
1302 4
1299 2
1299 0
1298 5
1539 5
1905 3
1681 3
1578 1
1578 0
1573 3
1542 3
1522 0
1522 2
1519 1
1519 0
1519 2
1517 0
1517 2
1516 4
1368 4
1328 0
1325 2
1324 3
1322 5
1638 4
1339 0
1328 1
1328 2
1327 0
1327 4
1307 2
1306 0
1304 2
1303 1
1303 1
1303 4
1302 4
1301 2
1300 2
1300 3
1302 0
1299 3
1299 5
1585 2
1582 3
1461 2
1459 5
1839 2
1836 0
1836 2
1833 4
1336 2
1334 2
1333 2
1332 5
1442 3
1403 1
1403 0
1395 4
1321 2
1320 3
1313 3
1311 4
1302 4
1302 3
1301 3
1301 3
1302 0
1298 3
1297 3
1297 4
1294 5
1441 4
1312 3
1309 5
1418 0
1414 3
1367 1
1367 1
1367 4
1310 0
1307 4
1297 3
1297 0
1293 1
1293 4
1290 4
1289 4
1289 3
1289 0
1289 0
1289 1
1289 5
1574 3
1469 0
1466 0
1466 4
1342 0
1333 2
1332 2
1330 2
1329 2
1328 3
1324 5
1665 3
1535 0
1534 1
1534 2
1533 3
1505 1
1505 5
2031 3
1861 3
1791 3
1765 2
1762 2
1760 2
1758 1
1758 2
1756 2
1754 2
1752 2
1750 2
1748 2
1746 3
1728 4
1371 4
1342 4
1342 0
1340 1
1340 3
1335 5
1698 5
2250 2
2246 2
2241 5
2821 2
2814 2
2807 4
1404 0
1368 3
1353 3
1347 4
1323 5
1456 3
1390 2
1389 3
1379 1
1379 4
1320 3
1316 0
1311 4
1304 2
1303 4
1300 4
1300 4
1300 3
1303 3
1300 3
1301 5
1446 2
1444 0
1444 0
1444 0
1444 2
1442 3
1379 1
1379 3
1365 5
1675 2
1672 0
1672 1
1672 2
1670 1
1666 2
1664 4
1353 1
1353 0
1336 5
1659 0
1659 3
1531 5
1973 1
1973 2
1969 0
1969 5
2596 3
2298 0
2298 3
2169 4
1397 5
1482 0
1477 5
1902 3
1713 3
1632 2
1630 2
1628 2
1627 0
1624 5
2253 3
2070 4
1412 4
1359 5
1456 4
1340 2
1339 2
1338 0
1320 0
1320 5
1611 5
2043 2
2039 2
2035 0
2035 2
2028 1
2028 0
2028 3
1768 2
1764 3
1652 4
1364 2
1362 3
1342 3
1332 3
1331 0
1326 2
1325 2
1325 5
1626 3
1506 3
1464 4
1334 4
1320 4
1320 3
1313 4
1310 0
1307 3
1308 0
1308 0
1308 2
1307 3
1307 3
1305 3
1306 5
1613 1
1613 1
1613 4
1328 2
1327 0
1312 4
1304 2
1303 2
1302 5
1453 4
1315 3
1310 0
1299 4
1298 0
1297 3
1298 5
1574 0
1574 5
2013 2
2009 2
2005 2
2002 5
2505 4
1385 2
1383 2
1381 2
1380 3
1357 0
1341 3
1336 5
1543 4
1336 0
1321 1
1321 1
1321 0
1321 3
1315 4
1310 4
1309 3
1308 2
1307 2
1306 2
1306 0
1304 0
1304 2
1304 0
1304 1
1304 3
1303 3
1303 0
1303 2
1302 4
1299 1
1299 3
1297 0
1297 2
1296 3
1296 3
1295 4
1294 4
1294 1
1294 2
1294 2
1294 3
1294 2
1294 1
1294 1
1294 2
1294 2
1294 3
1296 3
1295 3
1295 2
1295 4
1295 0
1295 2
1294 0
1294 2
1294 4
1294 2
1294 2
1294 2
1294 5
1423 4
1309 0
1297 4
1293 0
1293 5
1526 2
1526 3
1419 2
1417 0
1408 4
1323 0
1318 3
1318 3
1317 2
1316 0
1315 2
1314 5
1632 2
1630 0
1630 3
1505 0
1502 0
1502 3
1479 2
1478 2
1477 0
1476 2
1475 2
1474 0
1474 2
1473 4
1348 0
1343 5
1718 3
1583 5
2104 1
2104 1
2104 2
2099 5
2793 4
1404 3
1363 0
1339 0
1339 2
1338 4
1316 0
1314 4
1311 4
1308 3
1308 4
1307 5
1423 1
1423 3
1370 5
1622 1
1622 3
1511 1
1511 3
1474 4
1335 1
1335 0
1327 1
1327 2
1326 0
1326 4
1307 4
1300 2
1299 2
1298 4
1298 0
1297 4
1296 4
1296 1
1296 3
1296 5
1435 2
1433 0
1433 3
1382 2
1381 1
1381 2
1380 3
1366 5
1681 4
1338 2
1337 0
1316 5
1627 1
1627 0
1627 4
1327 2
1326 5
1426 3
1376 4
1308 4
1307 4
1307 2
1306 5
1413 1
1413 1
1413 3
1365 2
1364 2
1362 4
1308 0
1302 1
1302 0
1302 4
1293 3
1292 4
1291 2
1291 4
1291 1
1291 1
1291 2
1291 0
1289 4
1289 5
1425 4
1303 3
1302 0
1294 3
1292 2
1291 4
1286 0
1286 3
1286 3
1286 2
1286 3
1286 1
1286 1
1286 0
1286 0
1286 3
1286 2
1286 2
1285 2
1285 3
1286 4
1286 5
1415 0
1415 1
1415 4
1300 2
1299 5
1404 4
1295 4
1295 5
1403 2
1401 3
1357 0
1353 3
1348 1
1348 3
1346 4
1300 3
1294 3
1293 0
1292 2
1292 1
1292 4
1287 0
1287 2
1287 0
1287 4
1286 3
1287 4
1286 3
1285 3
1286 5
1434 4
1305 2
1304 4
1300 3
1298 3
1298 2
1297 1
1297 0
1293 4
1288 0
1286 2
1286 0
1286 2
1286 3
1286 2
1285 0
1285 5
1560 3
1445 3
1407 4
1315 0
1306 2
1305 3
1307 3
1306 2
1305 4
1292 1
1292 4
1289 3
1291 4
1290 3
1289 3
1288 1
1288 3
1289 0
1289 2
1288 0
1288 1
1288 2
1287 3
1289 2
1288 5
1585 3
1459 3
1426 2
1424 1
1424 4
1316 4
1305 2
1304 0
1300 3
1300 2
1299 3
1299 0
1299 1
1299 2
1298 2
1297 0
1297 4
1293 3
1290 3
1292 2
1291 0
1290 0
1290 0
1290 0
1290 4
1288 5
1443 4
1307 5
1419 2
1417 0
1415 2
1413 4
1301 2
1300 3
1298 0
1295 0
1295 4
1288 0
1287 5
1569 2
1568 4
1321 2
1320 4
1314 3
1311 3
1312 0
1298 5
1564 4
1310 2
1309 2
1308 4
1307 5
1392 3
1354 4
1305 0
1302 0
1302 2
1301 4
1296 3
1296 4
1296 1
1296 4
1296 0
1295 2
1294 3
1294 0
1294 0
1294 4
1291 4
1291 3
1291 2
1291 1
1291 1
1291 3
1292 0
1292 4
1290 3
1290 1
1290 2
1290 5
1422 2
1420 0
1420 2
1418 2
1416 4
1303 2
1303 5
1408 0
1407 4
1297 4
1297 4
1297 2
1297 5
1407 5
1693 0
1693 1
1693 0
1693 0
1693 0
1693 5
2101 0
2101 0
2101 4
1364 4
1358 3
1345 2
1344 5
1401 5
1612 4
1335 4
1334 1
1334 4
1334 0
1317 0
1317 2
1317 1
1317 2
1317 2
1317 2
1317 1
1317 4
1307 3
1310 4
1310 2
1309 4
1309 4
1309 1
1309 2
1308 4
1308 2
1308 2
1308 0
1305 1
1305 3
1304 3
1304 2
1303 0
1302 2
1301 0
1301 2
1301 2
1301 2
1301 3
1302 5
1526 0
1526 2
1526 4
1316 0
1304 0
1304 2
1304 0
1304 4
1297 0
1296 4
1296 2
1296 3
1297 0
1296 3
1296 3
1297 0
1297 2
1296 5
1533 0
1533 2
1531 3
1423 0
1420 5
1808 3
1635 4
1376 0
1353 0
1353 5
1704 0
1704 3
1569 4
1359 1
1359 1
1359 0
1343 3
1342 4
1311 0
1308 4
1305 2
1304 4
1302 0
1302 2
1302 0
1302 1
1302 0
1302 3
1302 5
1607 0
1607 2
1606 4
1328 4
1320 3
1319 2
1318 4
1317 2
1317 1
1317 4
1317 4
1317 5
1416 2
1416 2
1416 4
1314 3
1310 1
1310 4
1310 4
1310 4
1310 3
1309 1
1309 1
1309 3
1308 4
1307 2
1307 0
1301 4
1298 4
1298 4
1298 4
1298 2
1298 5
1419 0
1419 5
1724 1
1724 0
1724 2
1721 0
1721 4
1331 2
1330 0
1313 3
1312 0
1309 3
1308 4
1303 0
1302 0
1302 2
1302 4
1301 3
1302 -1
2236 5
2236 2
2234 1
2235 4
2169 3
1760 4
1760 3
1674 0
1579 1
1580 3
1547 1
1549 1
1551 1
1553 0
1524 5
1640 1
1640 2
1639 5
1816 5
2056 5
2355 4
1555 4
1552 4
1552 2
1550 5
1539 4
1505 0
1486 4
1472 5
1516 1
1518 3
1471 4
1451 4
1450 3
1444 4
1444 0
1437 0
1437 5
1596 3
1503 1
1504 0
1488 1
1489 2
1488 5
1746 4
1443 3
1422 3
1413 3
1410 1
1410 3
1407 4
1404 4
1404 0
1385 5
1566 3
1468 2
1467 2
1466 3
1422 1
1424 4
1378 2
1377 5
1455 4
1377 5
1439 2
1437 4
1373 2
1372 4
1372 3
1372 2
1371 4
1369 0
1356 3
1355 1
1355 5
1562 0
1562 3
1452 5
1702 3
1570 1
1570 5
1954 5
2541 4
1436 1
1438 2
1436 2
1434 5
1473 5
1698 2
1695 1
1695 3
1535 2
1532 5
1863 0
1863 5
2393 5
2987 5
3567 3
3136 5
3757 0
3757 2
3749 3
3451 2
3442 1
3442 2
3434 4
1490 3
1426 0
1398 3
1386 1
1388 5
1607 2
1605 1
1606 2
1604 4
1376 1
1376 1
1379 1
1379 0
1365 3
1363 0
1363 2
1361 5
1651 3
1529 5
1874 2
1870 2
1867 3
1710 0
1708 2
1705 4
1406 3
1369 3
1362 4
1345 5
1465 3
1418 3
1396 3
1385 2
1383 1
1384 3
1381 0
1377 5
1757 3
1596 2
1594 1
1594 1
1598 1
1598 2
1596 4
1380 0
1370 2
1369 4
1333 3
1330 1
1332 5
1480 3
1419 3
1397 0
1393 2
1391 4
1345 3
1333 5
1500 3
1424 3
1406 1
1406 0
1405 4
1345 4
1322 2
1321 0
1320 2
1320 5
1633 3
1513 4
1345 3
1331 0
1325 4
1312 2
1311 1
1314 5
1465 0
1465 1
1465 0
1465 2
1463 5
1832 3
1621 0
1621 2
1619 0
1619 1
1618 3
1559 2
1557 3
1525 0
1522 5
2126 2
2122 0
2122 5
2845 5
3547 0
3547 2
3539 2
3532 0
3532 0
3532 3
3217 2
3209 2
3203 3
2984 3
2872 0
2872 0
2872 5
3952 5
5072 3
4884 5
6157 3
6035 2
6027 0
6027 5
7541 0
7541 2
7532 0
7532 2
7522 5
9067 4
1469 0
1410 2
1408 2
1406 2
1405 0
1405 5
1739 1
1739 4
1384 4
1371 2
1370 1
1372 3
1359 1
1359 0
1348 3
1345 4
1330 3
1326 5
1433 0
1432 2
1429 1
1428 0
1427 5
1733 5
2150 2
2146 5
2609 3
2192 3
1980 3
1876 3
1810 2
1805 0
1800 2
1796 1
1796 5
2413 2
2409 3
2241 1
2241 0
2241 4
1445 3
1384 3
1367 3
1356 3
1352 2
1351 3
1352 3
1346 2
1345 2
1344 0
1340 0
1340 0
1340 3
1341 2
1340 4
1329 2
1328 0
1326 4
1318 5
1478 5
1857 1
1857 2
1854 4
1374 3
1354 3
1344 1
1346 5
1442 3
1385 2
1384 3
1368 3
1361 3
1352 2
1351 5
1574 5
2006 2
2001 5
2518 4
1430 0
1374 2
1373 0
1372 5
1648 4
1368 3
1358 1
1361 2
1360 2
1357 3
1349 0
1334 2
1334 4
1323 2
1322 4
1320 3
1319 3
1318 5
1427 2
1427 0
1427 0
1427 4
1326 0
1310 1
1313 0
1312 1
1312 4
1308 3
1308 4
1307 5
1404 3
1358 4
1316 2
1315 2
1314 3
1309 4
1307 0
1305 5
1554 3
1435 4
1340 0
1334 0
1334 3
1333 3
1330 4
1308 0
1307 1
1307 5
1571 5
1972 3
1698 4
1369 0
1354 2
1352 2
1351 4
1318 0
1316 5
1574 5
1992 5
2469 1
2469 5
2944 3
2493 3
2248 2
2243 2
2238 1
2238 3
2094 2
2090 5
2614 3
2435 4
1430 2
1428 2
1426 2
1424 3
1379 4
1364 4
1363 1
1365 4
1364 2
1363 3
1356 1
1356 1
1356 1
1356 2
1355 2
1354 5
1436 0
1430 2
1428 1
1428 5
1736 1
1735 2
1732 2
1729 4
1361 2
1360 3
1347 3
1343 2
1342 2
1341 0
1334 5
1570 5
1924 1
1924 3
1681 4
1397 1
1399 0
1377 1
1378 0
1378 5
1657 3
1514 3
1481 2
1480 1
1480 4
1351 4
1340 0
1337 0
1337 3
1335 2
1334 1
1334 5
1607 4
1354 3
1344 5
1447 1
1447 1
1446 1
1448 0
1447 5
1768 1
1768 1
1768 3
1590 2
1588 3
1512 0
1507 2
1506 3
1484 2
1482 4
1362 0
1352 3
1350 1
1350 2
1349 2
1348 5
1695 2
1692 4
1354 0
1333 1
1333 1
1336 3
1334 0
1333 2
1332 4
1318 3
1315 5
1459 2
1457 4
1333 3
1327 0
1316 3
1314 0
1314 2
1313 2
1312 0
1312 1
1312 2
1312 3
1312 2
1311 0
1311 0
1311 2
1311 2
1311 2
1311 3
1311 0
1311 3
1311 2
1311 4
1309 3
1309 2
1308 5
1449 1
1450 2
1448 3
1391 4
1327 0
1321 4
1310 0
1309 4
1307 2
1306 1
1306 4
1306 0
1306 1
1306 5
1603 0
1603 0
1603 1
1603 0
1603 2
1600 1
1600 4
1330 3
1324 2
1323 1
1323 3
1321 2
1320 3
1318 4
1316 4
1316 2
1316 0
1313 3
1313 2
1313 2
1313 4
1310 0
1309 2
1309 0
1309 0
1309 5
1575 3
1454 3
1422 2
1420 1
1420 2
1419 5
1747 5
2287 3
1987 4
1399 3
1354 4
1334 5
1417 3
1373 0
1368 4
1327 2
1326 5
1420 3
1374 3
1364 2
1363 0
1358 3
1355 1
1355 2
1354 5
1677 0
1676 3
1563 2
1561 3
1515 0
1512 1
1513 2
1511 3
1500 4
1366 3
1346 5
1551 1
1552 0
1552 5
2055 0
2055 1
2053 5
2620 0
2620 0
2620 1
2620 4
1413 1
1413 4
1382 2
1381 0
1349 2
1348 2
1347 4
1332 3
1330 2
1329 5
1428 4
1337 4
1335 3
1333 2
1332 3
1332 3
1332 3
1331 3
1328 3
1329 4
1329 5
1408 2
1406 4
1330 4
1329 1
1329 2
1329 0
1320 3
1319 4
1316 3
1316 4
1316 2
1315 2
1315 2
1314 0
1313 5
1526 2
1525 2
1523 3
1435 3
1401 3
1388 5
1608 3
1518 3
1482 0
1479 0
1479 1
1479 2
1478 2
1477 5
1990 2
1986 2
1983 4
1386 5
1461 5
1757 3
1588 0
1585 2
1583 3
1533 4
1370 1
1370 3
1342 2
1340 4
1323 2
1322 2
1322 4
1322 4
1322 2
1321 0
1318 4
1315 5
1462 3
1401 2
1400 2
1399 2
1398 1
1399 3
1386 0
1383 0
1383 2
1382 5
1809 2
1806 4
1360 1
1360 5
1474 2
1472 4
1324 5
1427 2
1425 4
1321 0
1312 3
1310 3
1312 4
1306 3
1306 4
1306 3
1305 4
1305 5
1422 3
1372 2
1370 2
1368 0
1363 3
1355 5
1687 3
1562 4
1342 1
1342 2
1341 2
1340 3
1324 4
1316 3
1313 0
1308 5
1603 3
1482 4
1344 4
1330 0
1320 4
1309 3
1308 1
1308 1
1310 5
1431 2
1429 0
1429 2
1429 4
1315 0
1303 3
1304 3
1306 1
1306 5
1576 3
1449 1
1449 3
1411 2
1410 2
1409 4
1317 4
1309 2
1308 2
1307 0
1306 1
1306 2
1305 4
1298 2
1297 2
1297 5
1443 2
1441 4
1311 4
1305 0
1299 1
1299 2
1298 0
1298 2
1298 4
1296 2
1296 2
1295 0
1292 1
1292 3
1294 2
1293 4
1293 0
1293 2
1292 3
1294 3
1295 0
1295 0
1295 0
1295 5
1578 3
1454 0
1452 2
1450 4
1326 3
1309 1
1310 2
1309 3
1308 4
1299 2
1298 0
1293 4
1291 3
1289 5
1441 4
1309 0
1293 0
1293 1
1293 4
1293 3
1292 5
1430 2
1428 0
1428 5
1764 2
1762 3
1579 0
1575 1
1575 5
2068 4
1396 1
1396 4
1362 4
1361 3
1340 2
1339 3
1332 0
1317 2
1316 3
1314 4
1308 2
1307 5
1412 3
1361 2
1360 5
1611 0
1610 1
1610 0
1610 2
1608 5
2047 4
1363 3
1344 2
1343 4
1337 4
1337 2
1336 4
1336 4
1336 4
1336 0
1319 5
1560 0
1560 0
1560 2
1560 2
1559 4
1325 2
1324 2
1324 4
1322 4
1322 3
1323 4
1323 4
1323 5
1408 4
1317 3
1318 0
1311 4
1307 3
1308 3
1309 2
1308 2
1307 3
1308 3
1306 3
1309 5
1411 3
1373 2
1371 2
1370 5
1579 2
1577 3
1469 3
1435 2
1434 3
1416 5
1748 1
1748 3
1608 0
1606 5
2234 0
2234 3
2048 4
1407 4
1365 4
1365 3
1344 2
1343 1
1343 2
1341 0
1326 5
1613 4
1325 1
1325 2
1324 1
1324 0
1315 2
1313 0
1313 2
1312 4
1307 4
1304 3
1305 2
1304 0
1301 3
1301 0
1301 2
1300 4
1295 3
1296 4
1295 5
1429 3
1379 2
1377 1
1377 5
1644 2
1642 5
2087 0
2087 0
2087 5
2627 2
2621 2
2615 2
2609 5
3135 0
3135 0
3135 0
3135 4
1413 4
1402 5
1431 5
1622 3
1502 5
1773 5
2270 4
1421 4
1398 0
1355 1
1355 1
1355 2
1353 2
1352 3
1351 4
1327 2
1326 3
1319 1
1319 4
1319 4
1319 1
1319 3
1319 0
1312 4
1311 3
1313 2
1312 5
1428 2
1426 0
1426 5
1711 0
1711 3
1551 4
1359 3
1339 3
1332 4
1328 2
1327 5
1400 5
1635 4
1340 3
1337 4
1335 3
1334 2
1333 1
1333 3
1333 3
1334 2
1333 1
1333 4
1333 2
1332 3
1333 3
1335 5
1401 3
1369 3
1357 2
1356 3
1351 3
1348 3
1347 0
1342 0
1342 4
1316 3
1313 3
1313 2
1312 3
1312 2
1311 2
1310 4
1305 0
1305 2
1305 5
1539 4
1331 4
1326 3
1323 4
1320 2
1319 2
1319 2
1318 5
1408 2
1408 5
1640 0
1640 3
1493 5
1773 0
1772 2
1769 0
1769 2
1767 3
1619 2
1617 3
1550 5
1979 5
2634 0
2634 1
2634 0
2634 4
1437 2
1434 4
1404 4
1404 2
1403 3
1380 3
1368 5
1438 4
1352 2
1352 2
1352 0
1342 4
1334 4
1334 1
1334 4
1334 1
1334 2
1334 0
1334 4
1331 2
1330 2
1330 4
1330 1
1330 2
1330 0
1330 3
1325 0
1321 0
1321 0
1321 3
1322 2
1321 4
1314 1
1314 4
1314 5
1434 2
1434 4
1328 4
1326 3
1327 5
1421 3
1382 4
1321 3
1319 3
1319 2
1318 5
1418 2
1416 5
1676 3
1519 4
1361 0
1341 1
1341 3
1337 3
1330 0
1330 1
1330 4
1315 2
1314 1
1314 3
1312 4
1309 2
1308 3
1307 5
1426 5
1726 2
1723 2
1720 4
1343 4
1337 4
1337 3
1328 0
1314 2
1313 4
1310 5
1403 2
1401 2
1401 3
1367 4
1321 3
1317 2
1316 5
1408 2
1406 4
1321 4
1319 5
1394 1
1394 4
1320 3
1319 2
1319 3
1320 4
1319 3
1318 4
1318 2
1318 1
1318 4
1318 0
1312 0
1312 0
1312 3
1313 5
1534 0
1534 4
1324 0
1312 1
1312 2
1312 2
1312 2
1312 2
1312 2
1312 4
1310 5
1398 4
1315 2
1315 2
1315 0
1309 4
1308 4
1308 5
1400 3
1352 4
1321 3
1316 0
1312 1
1312 1
1312 5
1546 2
1544 0
1544 2
1543 4
1321 4
1317 3
1314 2
1313 0
1309 0
1309 0
1309 4
1305 3
1306 2
1306 1
1307 1
1307 3
1305 4
1304 3
1304 0
1303 2
1303 3
1305 2
1304 3
1302 4
1302 3
1304 0
1304 2
1303 1
1303 5
1532 0
1532 4
1313 4
1312 5
1399 5
1641 3
1481 3
1432 4
1344 1
1344 5
1431 4
1326 2
1325 3
1323 2
1322 5
1408 3
1372 4
1322 2
1321 3
1317 5
1412 5
1692 1
1692 5
2087 2
2083 3
1778 0
1777 2
1776 2
1774 3
1663 3
1612 3
1593 0
1591 4
1370 2
1369 3
1343 5
1527 4
1343 2
1341 4
1331 4
1331 4
1331 0
1328 3
1326 3
1326 4
1320 3
1319 3
1317 2
1316 4
1313 2
1313 1
1313 2
1313 2
1313 4
1313 3
1314 3
1314 5
1427 5
1724 4
1341 0
1324 5
1575 1
1575 4
1321 4
1316 0
1309 1
1309 2
1309 4
1304 3
1306 2
1305 4
1305 3
1305 3
1304 4
1304 4
1304 4
1304 2
1303 0
1303 0
1302 2
1302 2
1302 3
1304 5
1536 3
1440 4
1331 1
1331 5
1433 3
1388 1
1388 2
1387 3
1368 3
1364 2
1363 3
1359 4
1311 4
1308 3
1306 3
1305 3
1305 1
1305 3
1305 3
1304 4
1304 3
1305 0
1304 3
1304 1
1304 1
1304 3
1304 2
1304 1
1304 2
1303 2
1303 2
1303 1
1303 0
1303 5
1610 2
1608 0
1608 3
1468 0
1466 5
1936 0
1936 3
1761 5
2370 2
2364 0
2364 3
2159 4
1399 4
1360 5
1446 5
1742 4
1352 2
1350 4
1344 4
1344 1
1344 1
1344 5
1428 2
1426 4
1326 4
1325 3
1322 2
1321 0
1311 0
1310 4
1305 3
1307 2
1306 2
1305 4
1305 3
1305 5
1427 4
1309 1
1309 5
1419 0
1417 0
1417 5
1717 2
1714 0
1714 2
1711 4
1331 4
1329 1
1329 3
1325 3
1322 2
1321 4
1321 0
1311 3
1310 3
1309 2
1308 5
1536 4
1313 2
1312 3
1311 4
1311 4
1311 0
1307 3
1304 2
1303 5
1536 2
1533 3
1436 0
1434 5
1814 2
1811 2
1808 5
2336 2
2330 1
2330 1
2330 4
1394 3
1362 2
1360 2
1359 5
1443 3
1381 3
1364 4
1323 0
1318 1
1318 4
1311 0
1309 0
1309 4
1308 3
1310 3
1309 4
1309 3
1309 3
1308 3
1308 2
1308 4
1308 0
1307 2
1307 1
1307 4
1307 0
1307 2
1307 0
1307 3
1307 0
1306 2
1305 4
1305 4
1305 1
1305 2
1305 4
1305 1
1305 2
1305 2
1305 1
1305 3
1305 5
1441 4
1318 0
1310 5
1574 3
1458 1
1458 2
1457 2
1456 2
1455 4
1331 4
1324 5
1421 2
1419 1
1419 5
1715 0
1715 2
1712 4
1336 4
1330 5
1410 0
1407 1
1407 0
1407 0
1407 4
1320 4
1320 0
1311 4
1309 2
1309 0
1308 0
1308 0
1308 4
1308 0
1308 5
1554 2
1553 4
1324 3
1321 4
1320 0
1308 5
1547 2
1546 4
1325 5
1425 0
1425 0
1425 5
1724 0
1724 1
1723 3
1537 2
1535 2
1533 2
1532 0
1528 5
1936 2
1934 1
1933 3
1762 3
1668 2
1665 3
1621 2
1619 4
1371 3
1348 4
1334 3
1330 3
1328 4
1325 3
1324 5
1460 3
1390 2
1389 5
1709 1
1709 5
2224 2
2219 3
1945 0
1945 0
1945 3
1845 1
1845 4
1408 5
1503 4
1345 4
1336 4
1336 1
1336 0
1328 1
1328 1
1328 1
1328 4
1322 4
1321 2
1320 0
1320 1
1320 4
1316 0
1316 2
1316 4
1314 1
1314 5
1435 0
1435 3
1391 5
1704 2
1701 3
1560 1
1560 2
1558 4
1346 2
1345 2
1344 4
1329 3
1318 1
1318 4
1317 3
1317 3
1316 1
1316 4
1314 1
1314 0
1309 2
1309 1
1309 4
1305 0
1304 1
1304 5
1589 0
1589 4
1330 2
1328 2
1327 5
1420 1
1420 0
1420 1
1420 4
1317 3
1317 1
1317 3
1314 4
1314 2
1313 3
1312 1
1312 4
1310 0
1304 2
1304 3
1301 4
1298 0
1297 5
1557 2
1555 5
1953 4
1342 0
1316 4
1303 5
1422 0
1422 2
1422 1
1422 4
1309 4
1309 2
1308 4
1308 4
1308 0
1303 3
1304 2
1303 2
1302 1
1302 4
1299 4
1299 2
1299 0
1298 0
1298 0
1298 1
1298 4
1298 2
1297 3
1298 2
1298 4
1297 1
1297 0
1297 3
1297 3
1298 2
1297 0
1297 4
1296 4
1296 2
1296 4
1296 1
1296 2
1296 2
1296 4
1296 3
1297 4
1297 0
1297 1
1297 3
1298 1
1298 0
1298 2
1297 1
1297 4
1296 2
1296 3
1297 0
1297 5
1552 2
1549 3
1451 4
1323 4
1316 3
1310 4
1309 3
1308 0
1302 3
1303 2
1302 1
1302 4
1301 4
1301 3
1302 2
1302 3
1301 1
1301 5
1417 0
1417 0
1417 3
1359 4
1312 0
1309 4
1301 2
1300 2
1300 1
1300 0
1299 5
1581 1
1581 4
1323 3
1322 4
1316 2
1316 4
1316 4
1316 2
1315 2
1314 2
1314 3
1315 4
1315 4
1315 1
1315 4
1315 1
1315 5
1404 2
1402 3
1364 4
1322 5
1402 1
1402 5
1689 3
1520 2
1518 4
1340 2
1339 0
1323 5
1614 5
2030 4
1372 1
1372 0
1339 0
1338 2
1337 4
1315 2
1314 4
1314 1
1314 4
1314 0
1312 3
1312 5
1569 3
1453 0
1451 4
1351 3
1328 4
1313 0
1307 4
1305 2
1304 3
1304 3
1302 2
1302 3
1301 1
1301 3
1301 4
1301 0
1300 3
1301 4
1299 1
1299 0
1299 4
1299 1
1299 2
1299 4
1299 5
1428 5
1745 5
2163 3
1829 4
1386 3
1356 5
1446 0
1443 0
1443 3
1390 5
1649 0
1649 1
1649 1
1649 4
1353 4
1337 0
1323 0
1323 5
1590 2
1589 3
1465 1
1465 2
1464 3
1425 4
1327 2
1326 0
1322 0
1322 3
1320 0
1319 4
1309 2
1308 2
1307 3
1306 2
1305 2
1305 2
1305 0
1305 0
1305 2
1305 2
1305 1
1305 3
1306 4
1305 4
1304 3
1304 4
1304 4
1304 4
1304 0
1304 1
1304 4
1303 4
1303 3
1303 4
1303 2
1303 0
1303 0
1303 4
1303 4
1303 5
1440 3
1393 1
1393 3
1369 3
1363 0
1363 0
1363 2
1362 5
1734 2
1731 4
1363 4
1340 4
1340 2
1339 0
1321 3
1321 1
1321 5
1588 4
1330 5
1416 0
1414 4
1321 2
1320 2
1319 4
1318 1
1318 0
1310 4
1306 5
1423 0
1423 5
1741 4
1331 5
1419 4
1320 4
1320 1
1320 4
1320 1
1320 5
1399 3
1361 3
1345 1
1345 0
1343 3
1338 3
1336 4
1309 1
1309 3
1306 3
1306 4
1305 4
1305 4
1305 3
1305 4
1304 4
1304 2
1304 0
1302 4
1302 4
1302 2
1302 5
1437 4
1318 4
1316 4
1316 0
1306 4
1303 5
1439 4
1316 3
1314 4
1311 0
1302 5
1565 4
1319 5
1414 2
1412 2
1412 3
1366 4
1318 5
1420 4
1316 4
1316 3
1315 3
1316 0
1309 5
1578 4
1324 1
1324 3
1320 1
1320 4
1319 0
1314 4
1306 4
1306 5
1418 2
1418 1
1418 4
1311 3
1310 4
1309 0
1305 4
1302 5
1419 3
1368 2
1367 3
1351 5
1586 4
1332 3
1317 3
1314 4
1312 3
1311 2
1310 2
1310 1
1310 3
1310 1
1310 3
1309 1
1309 2
1309 1
1309 1
1309 4
1309 4
1309 4
1309 4
1309 0
1303 4
1302 3
1304 3
1303 2
1303 3
1304 1
1304 3
1302 3
1302 5
1419 1
1419 0
1419 0
1419 0
1419 5
1737 2
1734 4
1333 2
1332 5
1410 3
1361 0
1356 3
1350 0
1349 0
1349 4
1320 2
1319 3
1312 3
1312 2
1311 3
1310 2
1309 4
1301 0
1300 4
1299 5
1429 5
1743 4
1335 2
1333 1
1333 2
1331 3
1324 4
1318 3
1317 0
1308 4
1304 4
1304 1
1304 3
1306 4
1306 0
1306 3
1305 2
1304 2
1303 2
1303 4
1303 2
1303 2
1303 0
1303 3
1303 3
1302 1
1302 1
1302 3
1303 0
1302 3
1302 5
1571 5
1949 0
1949 1
1949 2
1945 4
1344 2
1343 3
1332 3
1329 5
1414 0
1410 5
1698 2
1695 3
1513 4
1350 4
1344 0
1331 0
1331 3
1327 1
1327 4
1315 4
1315 4
1315 1
1318 2
1315 0
1313 2
1313 0
1313 4
1312 4
1312 5
1417 5
1700 4
1336 0
1321 1
1321 0
1321 0
1321 1
1321 3
1315 3
1315 0
1314 1
1314 5
1599 4
1323 5
1434 4
1323 5
1423 1
1423 2
1421 5
1662 2
1659 3
1497 5
1792 2
1789 4
1371 5
1446 3
1386 2
1385 -1
2236 3
1760 4
1760 4
1760 0
1635 1
1631 1
1632 0
1614 0
1613 0
1613 4
1529 2
1528 3
1514 3
1509 4
1508 2
1507 5
1529 0
1519 1
1520 5
1669 1
1669 1
1671 4
1481 4
1480 0
1467 2
1467 2
1467 0
1467 0
1467 5
1617 5
1819 4
1479 3
1474 5
1512 5
1643 2
1640 1
1640 4
1463 1
1463 3
1456 2
1455 3
1457 3
1454 4
1452 2
1451 5
1474 5
1597 1
1598 1
1598 4
1437 0
1429 2
1429 4
1418 2
1418 0
1417 2
1418 1
1421 5
1566 2
1567 3
1480 0
1467 1
1468 0
1468 1
1470 3
1451 0
1445 4
1409 0
1405 5
1665 4
1411 4
1402 5
1462 1
1463 1
1465 1
1466 1
1466 1
1467 3
1425 5
1609 0
1609 3
1510 2
1508 4
1403 4
1391 4
1391 2
1389 3
1379 4
1377 3
1376 1
1378 1
1378 2
1377 2
1376 5
1461 3
1417 2
1416 0
1411 0
1411 4
1375 3
1365 2
1364 4
1362 3
1362 0
1361 0
1361 4
1359 0
1359 4
1359 1
1361 2
1360 1
1361 4
1360 4
1360 0
1360 0
1360 3
1361 3
1361 1
1362 5
1618 1
1620 4
1388 3
1379 1
1382 3
1375 1
1377 0
1371 1
1372 0
1372 3
1370 0
1369 2
1368 4
1359 3
1356 3
1357 0
1353 3
1350 5
1591 4
1363 3
1359 3
1359 0
1351 4
1343 5
1443 0
1443 1
1444 2
1442 0
1442 4
1354 4
1350 1
1352 0
1345 3
1344 4
1340 4
1339 2
1338 2
1338 3
1339 0
1338 2
1338 4
1336 2
1336 4
1336 4
1336 0
1336 1
1338 0
1338 1
1340 3
1340 4
1337 4
1337 5
1446 4
1351 0
1340 1
1341 5
1562 4
1361 4
1361 4
1361 3
1357 0
1346 1
1347 0
1347 3
1347 4
1342 3
1341 0
1340 4
1338 4
1338 5
1450 2
1448 4
1355 1
1355 0
1344 1
1345 3
1341 4
1339 4
1338 3
1338 2
1337 4
1337 0
1337 5
1558 2
1560 4
1354 0
1346 4
1342 3
1343 4
1342 4
1342 2
1342 2
1343 4
1343 0
1343 3
1339 3
1340 3
1339 1
1340 1
1340 4
1337 2
1337 4
1337 1
1339 0
1336 4
1335 3
1336 2
1335 0
1335 0
1335 4
1335 0
1335 2
1335 1
1337 3
1338 2
1337 1
1338 5
1560 1
1559 3
1461 3
1419 0
1413 3
1409 0
1408 3
1403 4
1351 2
1350 0
1349 2
1348 3
1347 3
1345 5
1646 4
1373 0
1354 5
1647 0
1647 2
1645 4
1376 2
1375 3
1360 1
1360 1
1361 4
1349 5
1432 4
1347 5
1436 4
1342 0
1332 0
1332 1
1332 2
1332 5
1594 4
1351 4
1347 2
1346 0
1334 4
1326 3
1328 3
1327 0
1326 2
1325 3
1326 0
1325 0
1325 0
1325 4
1323 4
1323 4
1323 4
1323 5
1441 5
1716 0
1716 4
1366 2
1365 1
1365 3
1358 5
1436 5
1676 5
2045 0
2045 3
1752 5
2115 4
1410 3
1374 1
1374 0
1359 3
1354 3
1349 1
1349 2
1348 2
1347 5
1566 1
1565 0
1565 4
1359 4
1351 0
1342 5
1594 2
1593 4
1354 3
1348 0
1338 2
1337 3
1337 4
1330 4
1330 4
1330 1
1330 0
1328 4
1321 3
1321 4
1321 3
1323 1
1323 3
1322 3
1321 0
1321 4
1320 0
1320 5
1553 4
1338 4
1336 1
1339 0
1329 2
1329 3
1328 4
1323 5
1426 1
1428 1
1430 2
1428 3
1378 4
1338 1
1338 3
1332 4
1330 4
1330 4
1330 1
1332 0
1330 1
1331 4
1328 4
1327 3
1327 0
1325 1
1328 4
1325 0
1323 4
1323 1
1325 4
1324 2
1324 4
1324 1
1324 1
1327 3
1326 4
1325 2
1324 3
1323 3
1325 4
1325 2
1325 3
1325 4
1325 3
1323 3
1324 4
1324 4
1324 1
1324 4
1324 3
1324 2
1324 0
1323 2
1322 0
1322 4
1322 3
1323 0
1322 3
1320 2
1320 0
1320 4
1318 5
1432 0
1432 5
1733 4
1355 1
1355 5
1419 5
1655 0
1655 2
1654 5
2019 1
2017 1
2013 0
2013 2
2007 3
1729 2
1727 3
1631 0
1627 3
1576 2
1574 4
1390 2
1388 4
1358 4
1357 1
1359 3
1349 5
1490 4
1348 0
1337 2
1336 3
1336 3
1335 2
1334 0
1333 5
1639 3
1521 0
1518 0
1518 4
1360 2
1359 4
1339 1
1339 2
1338 0
1332 4
1322 2
1321 4
1321 0
1320 5
1593 3
1481 3
1445 0
1444 4
1363 3
1340 4
1322 2
1321 0
1320 1
1320 0
1320 3
1320 2
1319 3
1319 5
1611 5
2069 4
1366 4
1354 0
1337 1
1340 2
1337 0
1337 5
1587 4
1353 1
1353 2
1352 1
1352 4
1349 0
1336 4
1330 3
1332 3
1327 4
1326 4
1326 4
1326 5
1417 4
1331 1
1331 3
1330 0
1326 3
1326 4
1320 2
1319 1
1319 1
1319 3
1321 2
1320 5
1421 2
1421 0
1421 3
1375 4
1330 5
1433 2
1431 3
1387 2
1386 0
1382 5
1717 4
1369 3
1345 3
1344 1
1345 1
1345 4
1337 1
1337 4
1337 4
1337 3
1337 2
1336 1
1336 2
1336 3
1336 3
1337 4
1337 4
1337 0
1323 4
1320 3
1321 2
1321 0
1321 0
1321 5
1567 0
1567 4
1338 0
1330 0
1330 1
1330 0
1330 0
1330 0
1330 0
1330 1
1331 4
1324 2
1323 0
1322 2
1322 3
1322 4
1321 5
1428 4
1332 5
1423 0
1423 3
1381 2
1380 1
1381 2
1380 2
1379 4
1335 1
1335 4
1329 2
1328 1
1328 4
1328 4
1328 4
1328 3
1327 0
1321 5
1560 3
1457 1
1457 3
1428 3
1403 2
1402 0
1396 4
1350 2
1349 0
1346 1
1350 3
1346 4
1328 2
1327 3
1320 1
1320 4
1312 3
1311 0
1310 3
1309 3
1308 0
1308 3
1307 0
1307 3
1307 5
1628 2
1625 0
1625 4
1335 4
1323 0
1309 4
1306 5
1438 5
1763 0
1763 0
1763 2
1760 0
1760 1
1759 1
1758 4
1348 5
1431 0
1428 4
1323 2
1322 1
1322 2
1321 2
1321 4
1321 4
1321 0
1317 1
1318 2
1317 5
1573 1
1573 0
1573 2
1570 2
1569 4
1334 4
1332 5
1420 5
1670 2
1670 0
1670 0
1670 4
1359 3
1351 0
1336 5
1572 0
1572 3
1451 0
1448 2
1447 0
1447 2
1446 1
1446 3
1427 2
1426 4
1351 5
1471 4
1340 1
1340 2
1339 3
1337 3
1332 3
1331 4
1327 1
1327 4
1327 0
1323 3
1322 4
1319 0
1319 2
1318 2
1317 2
1317 2
1317 0
1317 2
1318 3
1318 4
1318 4
1318 1
1318 5
1442 0
1442 3
1383 4
1326 1
1326 3
1321 2
1320 2
1320 4
1319 5
1429 0
1426 4
1322 5
1422 1
1421 1
1421 5
1715 2
1712 2
1709 0
1709 0
1709 1
1709 1
1707 0
1707 5
2136 5
2604 5
3048 2
3039 1
3039 5
3459 5
3878 4
1444 1
1444 0
1385 0
1385 3
1372 4
1351 1
1351 4
1348 4
1348 4
1348 1
1348 2
1347 4
1347 0
1342 3
1340 2
1339 3
1339 3
1337 1
1337 5
1567 3
1466 5
1748 2
1745 1
1746 0
1745 1
1746 2
1743 2
1740 2
1737 2
1735 2
1733 5
2225 0
2225 4
1391 3
1368 5
1464 2
1462 2
1460 2
1460 0
1455 2
1455 2
1456 0
1455 1
1455 4
1346 1
1346 0
1337 0
1337 2
1337 2
1336 5
1583 0
1583 5
1954 3
1667 0
1666 2
1664 3
1594 4
1377 0
1363 5
1681 0
1681 2
1679 2
1676 2
1674 3
1545 4
1365 2
1364 5
1454 2
1452 2
1450 0
1447 3
1403 5
1716 4
1372 2
1370 3
1348 4
1341 3
1340 2
1339 0
1334 5
1589 2
1588 4
1352 0
1336 3
1331 4
1323 4
1323 2
1322 2
1321 3
1323 5
1437 0
1437 3
1384 0
1380 0
1380 3
1375 2
1374 4
1337 5
1473 2
1471 0
1470 4
1341 4
1336 5
1435 2
1433 2
1431 0
1429 3
1380 5
1641 2
1638 5
2080 0
2080 3
1828 5
2326 3
2111 2
2107 0
2107 2
2103 5
2847 1
2847 4
1447 0
1413 3
1406 2
1404 3
1400 0
1399 3
1397 4
1345 3
1338 1
1338 2
1337 2
1336 4
1320 1
1320 3
1319 0
1316 3
1317 5
1600 0
1600 3
1485 4
1354 2
1353 1
1353 4
1338 2
1337 0
1328 2
1327 0
1327 4
1315 2
1314 5
1446 5
1769 1
1769 5
2202 4
1391 1
1391 2
1389 0
1354 4
1329 0
1328 5
1555 2
1555 0
1555 2
1554 3
1453 1
1453 5
1724 2
1721 3
1588 2
1586 2
1584 2
1583 5
2013 2
2010 4
1409 0
1389 3
1384 3
1382 3
1378 4
1336 3
1327 3
1326 2
1325 3
1325 4
1323 2
1322 2
1322 3
1323 2
1323 2
1322 3
1323 1
1323 5
1435 4
1336 2
1334 3
1331 0
1321 3
1319 5
1572 0
1572 2
1570 4
1341 2
1339 4
1335 2
1334 4
1334 2
1334 0
1325 4
1317 2
1316 4
1316 0
1316 3
1316 2
1315 3
1314 0
1314 4
1312 2
1311 2
1311 2
1311 2
1311 4
1311 2
1311 0
1311 0
1311 0
1311 5
1563 3
1449 5
1733 3
1604 4
1376 0
1360 4
1326 2
1325 2
1324 3
1322 0
1320 4
1318 5
1438 1
1438 5
1727 1
1727 2
1724 3
1554 4
1363 2
1362 5
1436 1
1436 0
1433 5
1764 4
1377 2
1375 4
1365 4
1365 2
1363 3
1352 5
1423 2
1421 3
1381 5
1587 2
1583 2
1581 4
1357 4
1346 3
1342 2
1341 0
1331 1
1331 0
1331 1
1331 5
1563 0
1563 1
1563 4
1345 4
1343 0
1330 3
1329 5
1537 2
1535 1
1535 0
1535 1
1535 1
1535 4
1343 5
1418 5
1688 3
1518 1
1518 5
1822 1
1819 0
1818 4
1384 2
1382 3
1353 2
1352 2
1350 4
1336 4
1336 3
1331 1
1331 2
1330 1
1330 2
1329 2
1329 0
1321 2
1321 1
1321 3
1318 4
1313 4
1313 4
1313 0
1313 2
1312 3
1312 3
1313 4
1312 4
1312 5
1425 1
1425 3
1380 0
1373 4
1331 2
1329 3
1317 0
1312 1
1312 3
1312 0
1312 4
1308 2
1307 1
1307 2
1306 2
1305 4
1304 0
1304 0
1304 3
1305 5
1583 3
1465 0
1463 4
1340 3
1318 5
1484 1
1484 4
1320 0
1310 3
1309 5
1584 3
1474 4
1336 4
1323 1
1323 0
1313 3
1313 4
1308 0
1308 3
1309 5
1577 4
1327 2
1326 2
1325 2
1324 1
1324 4
1322 2
1322 2
1322 0
1311 0
1311 3
1309 5
1570 4
1328 4
1323 3
1321 4
1321 2
1321 2
1321 1
1321 1
1321 1
1321 5
1415 3
1377 4
1327 1
1327 0
1317 5
1592 2
1590 5
2002 0
2002 4
1368 3
1353 2
1351 0
1329 5
1558 4
1337 0
1323 3
1321 5
1538 4
1331 2
1330 5
1423 2
1421 1
1421 5
1671 3
1505 4
1340 0
1325 0
1325 3
1326 2
1325 3
1325 4
1310 5
1434 2
1432 2
1430 0
1430 5
1749 3
1570 0
1568 1
1568 5
2014 5
2577 3
2279 1
2279 2
2274 0
2273 3
2131 3
2037 1
2037 0
2037 3
1994 4
1440 5
1568 5
1965 2
1962 0
1961 0
1961 1
1961 5
2544 3
2205 4
1423 2
1420 5
1492 4
1367 2
1366 3
1353 1
1353 2
1352 1
1352 4
1350 1
1350 0
1336 5
1573 5
1943 0
1943 5
2393 5
2852 1
2850 3
2369 2
2362 3
2122 2
2116 4
1443 1
1443 0
1406 4
1366 4
1358 4
1358 0
1352 3
1353 3
1347 3
1345 0
1343 4
1332 0
1330 4
1329 1
1329 3
1328 1
1328 3
1327 5
1455 3
1396 3
1384 2
1383 3
1374 3
1367 0
1366 3
1364 2
1363 2
1362 0
1362 4
1332 2
1331 2
1330 1
1330 0
1330 5
1652 4
1353 3
1337 0
1328 1
1328 3
1327 3
1325 0
1323 1
1323 3
1323 0
1323 4
1315 0
1314 2
1313 4
1310 4
1308 2
1307 1
1307 3
1307 3
1308 3
1307 2
1307 5
1465 3
1408 0
1404 0
1404 0
1404 2
1403 5
1813 2
1809 4
1370 5
1465 2
1463 5
1781 5
2258 2
2252 2
2248 2
2244 3
1935 2
1932 5
2435 3
2193 2
2189 3
2066 0
2066 5
2873 0
2873 3
2710 0
2710 0
2710 5
3732 3
3589 2
3583 5
4813 0
4813 4
1471 1
1471 3
1403 3
1392 4
1372 3
1363 4
1357 4
1357 2
1356 3
1351 0
1338 0
1338 0
1338 1
1338 4
1332 2
1331 5
1428 4
1341 2
1340 5
1424 3
1387 4
1342 2
1341 0
1334 0
1334 0
1334 3
1333 0
1333 1
1333 2
1332 4
1327 0
1327 5
1564 1
1564 4
1353 5
1424 4
1340 0
1326 1
1326 4
1322 1
1322 4
1322 3
1321 4
1321 2
1321 4
1321 4
1321 4
1321 0
1320 4
1316 0
1315 3
1316 0
1316 2
1315 0
1315 0
1315 2
1315 0
1315 4
1315 2
1314 4
1314 4
1314 0
1314 5
1534 3
1439 3
1410 2
1408 4
1343 2
1342 3
1330 3
1330 1
1330 4
1322 5
1427 3
1379 4
1331 0
1323 1
1323 2
1322 3
1323 4
1309 2
1308 0
1307 2
1307 0
1307 4
1306 3
1304 0
1304 0
1304 0
1304 5
1567 2
1566 3
1453 3
1417 1
1417 4
1330 2
1328 0
1318 4
1307 1
1307 4
1303 4
1303 1
1303 4
1303 5
1453 5
1805 3
1613 4
1357 2
1356 2
1355 3
1331 3
1330 0
1324 3
1323 2
1322 4
1313 4
1310 3
1309 5
1418 3
1377 4
1320 2
1319 5
1420 3
1383 4
1322 3
1313 5
1415 3
1373 4
1323 4
1318 3
1315 0
1313 4
1306 1
1306 1
1306 2
1305 0
1305 3
1305 3
1306 4
1303 3
1300 4
1300 4
1300 5
1417 5
1707 5
2134 0
2134 3
1813 4
1369 5
1412 2
1410 1
1410 4
1331 4
1330 5
1398 3
1361 2
1360 2
1359 2
1358 1
1358 4
1324 1
1324 3
1319 0
1311 0
1311 4
1303 3
1303 2
1303 5
1410 2
1408 2
1408 4
1314 3
1313 0
1307 0
1307 3
1307 5
1554 3
1452 0
1445 3
1427 3
1409 0
1405 0
1405 1
1405 4
1350 5
1492 0
1492 4
1331 3
1320 2
1319 0
1310 0
1310 3
1310 4
1301 3
1299 3
1300 4
1298 2
1298 0
1297 5
1596 5
2030 5
2535 3
2150 5
2649 2
2641 3
2385 4
1423 4
1389 2
1388 3
1365 2
1364 3
1359 2
1358 1
1358 4
1355 5
1418 1
1418 4
1342 1
1342 3
1343 4
1343 2
1342 2
1341 4
1341 4
1341 3
1340 0
1329 4
1321 4
1321 3
1321 1
1321 3
1322 3
1321 1
1321 3
1320 2
1320 2
1319 2
1319 2
1319 3
1320 0
1318 4
1311 3
1312 4
1312 3
1311 5
1418 3
1375 4
1328 5
1419 3
1380 3
1366 2
1365 4
1323 0
1317 2
1316 0
1316 4
1308 4
1304 2
1304 0
1304 3
1303 3
1303 1
1303 2
1302 4
1300 3
1300 0
1299 5
1550 3
1442 3
1405 0
1402 4
1337 1
1337 2
1336 0
1333 2
1332 3
1331 2
1330 0
1329 3
1330 4
1310 1
1310 0
1310 1
1310 2
1309 4
1304 2
1303 4
1297 1
1297 2
1296 0
1296 0
1296 0
1296 3
1297 2
1297 4
1296 4
1295 1
1295 5
1475 2
1473 2
1473 5
1854 3
1637 4
1361 3
1339 4
1325 2
1324 4
1324 5
1421 1
1421 2
1419 3
1374 4
1323 3
1315 5
1420 2
1418 3
1372 0
1368 3
1360 5
1667 5
2175 4
1384 0
1348 3
1339 3
1334 1
1334 3
1333 2
1332 3
1332 4
1310 0
1307 1
1307 5
1601 3
1483 2
1482 2
1481 0
1478 4
1344 0
1334 4
1309 5
1472 1
1472 4
1314 3
1309 4
1307 1
1307 4
1307 2
1306 2
1305 3
1307 2
1306 2
1305 3
1304 4
1304 5
1433 5
1739 0
1739 1
1739 3
1563 3
1507 0
1505 3
1483 0
1481 4
1356 0
1354 0
1354 1
1354 2
1353 5
1758 2
1755 3
1609 2
1607 1
1607 4
1354 3
1336 0
1324 5
1657 2
1652 0
1652 3
1521 3
1477 5
1906 4
1364 4
1334 5
1441 5
1761 0
1761 2
1758 5
2229 2
2223 5
2753 3
2342 1
2342 4
1411 1
1411 4
1393 4
1393 4
1393 0
1352 1
1352 4
1328 3
1326 5
1437 3
1383 1
1383 0
1377 0
1377 4
1340 2
1339 3
1333 4
1326 2
1325 3
1323 0
1315 3
1316 4
1313 1
1313 2
1313 1
1313 3
1313 3
1313 4
1313 0
1312 2
1311 5
1568 1
1568 2
1567 2
1566 4
1337 2
1336 3
1329 1
1329 1
1329 5
1430 3
1380 0
1375 3
1363 0
1361 0
1361 0
1361 3
1360 1
1360 4
1329 2
1328 5
1469 2
1467 1
1466 3
1408 5
1706 2
1703 3
1581 4
1353 4
1332 4
1331 5
1453 2
1451 0
1449 1
1449 4
1335 3
1329 1
1329 5
1437 3
1390 4
1328 4
1321 4
1321 0
1318 4
1309 0
1309 0
1309 5
1596 2
1595 4
1336 2
1335 2
1334 3
1325 1
1325 0
1313 1
1313 3
1313 5
1556 1
1556 1
1555 4
1327 4
1323 2
1322 3
1322 1
1322 5
1422 0
1418 4
1314 0
1310 5
1555 4
1322 2
1321 5
1431 2
1429 3
1373 3
1357 5
1599 4
1335 1
1335 2
1334 4
1325 4
1325 3
1320 2
1319 5
1417 1
1417 5
1695 2
1692 1
1692 2
1689 3
1528 4
1345 1
1345 0
1338 4
1318 0
1318 0
1318 2
1318 2
1317 3
1317 0
1317 2
1316 0
1316 1
1316 4
1314 1
1314 2
1313 5
1425 5
1728 3
1557 4
1357 3
1339 4
1330 5
1419 0
1416 3
1375 3
1362 4
1317 0
1314 0
1314 3
1315 5
1600 3
1476 3
1445 1
1445 3
1427 2
1426 4
1339 2
1337 1
1337 3
1328 3
1326 0
1322 0
1322 3
1321 1
1323 3
1322 1
1322 3
1320 2
1319 0
1319 3
1319 0
1319 5
1659 4
1342 3
1337 0
1330 0
1330 4
1319 1
1319 0
1317 5
1611 1
1610 1
1610 4
1338 5
1441 4
1330 5
1419 2
1418 3
1378 4
1325 0
1320 0
1320 4
1310 0
1308 4
1306 0
1306 4
1304 5
1429 5
1761 5
2204 0
2204 4
1388 3
1369 2
1368 1
1368 3
1363 3
1358 2
1357 2
1356 4
1352 5
1403 0
1401 5
1673 4
1354 3
1348 4
1345 3
1342 5
1409 5
1627 3
1485 3
1439 4
1350 5
1439 2
1437 2
1435 5
1714 5
2133 1
2130 1
2130 3
1836 3
1714 3
1648 5
2114 4
1400 0
1374 2
1372 1
1372 5
1683 5
2141 1
2140 0
2140 4
1390 2
1388 3
1360 3
1348 1
1348 2
1347 4
1338 5
1415 3
1374 1
1374 5
1578 2
1574 5
1943 3
1703 4
1382 0
1363 4
1334 0
1333 0
1333 0
1333 4
1325 5
1438 2
1436 1
1436 2
1434 3
1390 3
1375 4
1334 0
1333 3
1331 4
1318 0
1317 2
1317 1
1317 2
1317 0
1317 2
1317 0
1317 0
1317 0
1317 0
1317 5
1612 3
1505 0
1504 2
1503 3
1471 5
1937 0
1937 0
1937 4
1381 2
1379 2
1377 2
1375 2
1373 3
1353 5
1485 5
1823 2
1820 2
1817 0
1817 2
1814 1
1813 4
1356 2
1354 1
1354 4
1342 4
1342 5
1406 5
1676 2
1674 4
1344 4
1339 3
1336 3
1334 0
1324 5
1552 2
1550 0
1550 1
1550 0
1550 0
1550 3
1448 1
1448 0
1444 4
1343 0
1335 2
1334 2
1333 4
1317 0
1316 0
1316 0
1316 2
1316 4
1312 1
1312 2
1311 0
1311 1
1311 5
1585 4
1336 5
1436 4
1321 3
1320 5
1434 3
1377 4
1319 5
1434 4
1324 4
1323 3
1324 4
1324 1
1324 5
1415 0
1411 5
1729 2
1726 4
1341 4
1337 -1
