5 2000
709 4
709 0
647 3
608 4
460 5
504 4
445 1
445 4
443 5
488 2
486 2
484 3
464 0
457 0
457 5
675 4
445 5
504 3
465 2
464 3
459 5
633 3
562 0
560 1
561 4
441 0
438 0
438 2
437 1
438 0
438 4
421 0
419 4
419 0
419 1
419 3
422 4
420 4
418 4
418 4
418 2
416 2
415 0
415 4
415 4
415 0
415 1
416 5
597 0
597 4
425 0
421 0
421 0
421 1
422 3
425 0
425 5
614 0
614 4
427 1
427 5
504 2
502 5
728 3
585 4
443 0
433 5
626 3
555 1
556 5
812 1
812 4
444 3
429 1
431 2
430 2
429 2
428 3
429 1
429 5
499 5
707 0
707 4
428 1
431 5
490 5
689 3
553 3
517 3
507 2
505 0
504 5
830 0
830 3
719 5
1155 2
1151 5
1657 4
467 5
509 3
477 3
469 5
648 0
648 4
434 3
432 2
430 3
430 4
425 0
423 4
418 5
480 0
480 4
415 2
415 2
415 1
415 3
422 2
420 3
419 3
422 5
485 4
417 5
486 5
683 0
683 4
437 1
438 4
438 2
436 1
439 5
488 5
668 0
668 2
665 5
926 4
439 5
495 4
427 2
427 1
429 3
432 0
427 2
426 3
427 2
426 1
428 5
565 0
565 1
565 5
813 2
809 3
615 3
563 2
561 3
542 5
838 4
451 0
445 4
427 0
427 4
426 0
426 4
426 2
425 4
422 2
421 2
421 4
420 4
420 2
420 4
420 4
420 2
420 4
420 0
419 5
592 0
592 0
592 2
590 4
423 1
423 5
491 5
704 0
704 4
430 4
427 5
482 1
483 3
460 0
454 0
454 0
454 1
455 2
454 4
428 2
427 0
425 5
614 4
426 3
422 3
419 5
501 2
499 4
417 3
421 2
420 4
420 4
420 4
420 2
419 2
418 4
418 0
415 5
579 2
575 5
842 4
433 0
428 4
421 5
496 4
424 2
424 0
423 2
423 3
422 0
420 1
421 3
419 5
570 3
500 3
479 0
477 1
477 2
476 3
474 5
745 0
745 4
436 1
441 2
439 3
431 4
425 2
424 4
424 1
426 5
490 0
488 4
416 4
416 1
417 0
415 2
414 0
414 3
415 1
415 4
412 5
489 2
487 5
708 0
708 2
705 4
436 4
434 2
433 3
431 3
426 4
426 3
428 2
427 2
426 0
419 5
559 2
557 4
419 0
416 4
415 2
415 5
485 0
485 3
451 1
451 5
599 5
875 3
696 2
692 0
691 2
688 3
645 4
437 4
428 2
426 4
426 2
425 3
420 1
421 0
419 5
595 3
518 4
438 4
435 3
424 3
423 5
497 0
497 5
711 3
570 1
571 3
537 3
525 4
434 5
511 0
511 3
480 0
480 5
764 3
658 4
447 3
430 5
515 3
477 3
468 2
467 5
669 4
438 5
501 5
715 1
715 0
715 5
1011 3
776 3
685 5
1058 1
1058 2
1054 0
1054 5
1550 3
1366 1
1366 0
1366 0
1366 4
464 0
453 3
451 0
451 4
429 1
429 3
427 5
519 2
517 1
518 2
516 1
516 0
516 2
514 3
470 0
469 0
469 3
468 0
468 4
431 2
430 4
419 0
419 0
419 4
414 2
414 0
414 4
414 0
414 3
415 4
415 2
414 3
417 3
415 3
414 0
413 0
413 1
415 2
414 2
413 1
413 2
413 2
413 2
413 0
413 2
413 0
413 5
602 4
423 2
422 4
418 5
486 1
486 1
487 0
487 0
487 4
417 4
417 2
417 2
418 2
419 2
420 0
417 2
417 3
418 0
418 0
418 0
418 4
414 4
414 1
414 3
416 4
415 4
415 0
414 0
414 0
414 3
415 2
415 5
583 3
515 0
514 4
429 2
428 2
427 0
425 1
425 2
424 0
424 2
423 0
423 3
423 4
418 0
418 1
419 2
418 1
420 2
419 5
602 4
419 4
417 1
420 4
419 2
418 4
418 5
485 3
459 4
421 3
420 4
418 2
417 5
487 0
487 0
487 4
415 4
415 2
415 3
423 1
423 3
421 2
419 0
417 4
413 2
413 0
413 1
413 2
413 4
413 0
413 2
413 2
413 3
418 1
418 5
566 0
566 4
417 0
416 0
416 4
415 4
414 3
418 3
417 0
417 0
417 5
579 5
834 4
442 0
432 3
428 2
427 3
426 5
579 2
576 1
575 3
510 2
508 0
506 3
497 2
496 3
494 0
493 2
492 0
492 2
491 0
491 3
491 2
490 0
490 2
489 0
489 1
490 0
490 1
490 5
800 4
443 2
441 2
440 5
500 5
729 2
726 0
726 1
724 2
721 4
437 2
435 2
433 0
426 0
426 5
603 3
519 0
518 3
509 1
509 2
508 4
435 2
434 4
428 3
426 3
426 1
427 2
426 2
425 4
424 4
424 3
424 3
423 3
422 4
422 2
421 5
507 5
747 2
744 4
443 1
444 0
433 2
431 2
430 3
428 0
427 0
427 2
426 3
425 2
424 4
419 1
419 5
492 0
492 5
728 3
594 1
595 3
556 4
442 2
441 4
438 2
436 3
428 2
427 4
426 2
425 3
422 2
421 3
422 3
425 2
424 4
424 4
424 2
422 0
420 5
592 3
518 0
515 0
515 4
437 4
432 3
426 0
424 1
424 0
424 2
423 5
620 3
532 1
532 5
801 4
436 3
427 2
427 1
427 4
426 0
425 4
421 5
487 2
485 4
423 3
426 2
425 3
422 1
422 2
421 0
417 0
417 5
581 0
581 3
507 2
506 0
502 0
502 5
809 4
449 0
444 0
444 0
444 0
444 4
428 2
426 0
426 4
423 2
422 4
421 0
421 0
421 3
421 4
419 3
419 1
419 1
419 1
419 3
418 1
418 1
418 5
494 4
422 3
423 5
498 1
498 3
468 3
461 3
459 0
457 2
455 5
694 3
593 1
593 0
592 3
579 4
438 2
436 3
427 4
417 1
417 1
419 2
418 4
415 5
502 2
500 2
498 3
467 2
466 4
426 3
420 0
419 3
418 3
420 2
419 5
600 2
597 2
594 4
429 2
428 5
498 0
497 4
418 2
418 0
417 2
417 2
417 1
417 1
417 4
417 3
418 2
417 3
419 4
419 0
419 3
420 5
595 3
508 4
421 0
420 4
414 3
416 3
415 2
414 4
414 5
490 4
416 4
415 5
487 1
488 2
486 3
459 2
458 4
422 5
488 2
486 2
484 3
462 4
421 2
420 3
422 0
419 5
589 0
589 3
510 4
429 5
493 2
491 0
489 3
465 0
465 3
463 3
463 1
463 4
426 0
426 2
425 0
425 0
425 3
425 5
627 1
627 5
924 5
1242 2
1235 5
1563 0
1563 3
1238 2
1229 3
1044 3
951 5
1508 5
2142 3
1965 2
1958 3
1866 2
1860 0
1860 3
1808 3
1767 3
1740 4
482 4
470 0
456 4
438 0
435 0
435 2
434 2
434 2
434 2
434 4
430 3
433 4
430 5
501 3
477 5
665 4
441 3
426 5
501 1
501 4
428 2
427 1
427 3
435 0
430 3
430 0
430 2
429 3
429 4
419 0
418 3
423 5
580 1
580 4
425 1
425 4
422 4
422 0
420 5
573 3
508 0
506 3
498 3
493 3
492 2
491 2
490 0
489 4
433 4
425 2
424 3
418 0
418 2
418 2
417 1
417 2
417 4
416 2
416 4
415 0
415 5
598 3
525 5
780 4
440 3
431 4
426 1
426 3
425 1
425 0
421 2
420 2
419 5
593 2
589 1
589 4
425 0
419 5
589 3
517 0
511 2
510 0
510 0
510 3
501 5
804 0
804 0
804 3
700 4
447 1
447 2
446 1
446 0
443 5
666 2
663 4
442 4
435 1
435 3
427 2
426 5
496 2
494 1
494 0
493 2
491 4
423 4
423 1
423 3
427 3
429 1
429 2
427 3
425 4
424 5
479 0
479 3
460 0
459 0
459 1
459 2
457 3
455 4
423 4
421 1
421 5
492 3
460 4
421 2
420 5
490 2
488 0
488 2
486 5
717 5
1011 1
1010 3
752 4
449 5
485 2
483 2
481 4
431 2
430 3
432 2
431 0
426 4
418 2
418 4
418 3
420 2
419 5
480 3
451 0
448 3
445 5
642 3
560 4
430 1
430 5
497 3
470 3
464 0
462 3
461 0
461 4
426 4
421 3
415 4
414 0
413 5
602 2
600 4
421 4
419 4
419 4
419 3
416 4
415 2
415 4
415 3
419 5
482 3
458 0
457 2
456 1
456 0
456 1
456 5
687 0
687 5
999 2
993 4
447 5
492 0
490 1
490 4
428 5
491 5
690 2
686 2
683 5
949 2
945 0
945 5
1234 0
1234 0
1234 1
1232 3
879 2
874 3
750 3
692 4
460 4
456 0
441 0
441 0
441 0
441 5
648 1
647 5
953 3
749 4
458 3
441 4
433 5
479 0
477 2
475 1
475 4
420 1
420 4
419 5
474 2
472 2
470 4
415 2
415 3
421 5
477 4
417 0
414 3
415 5
559 4
419 2
418 0
417 2
417 1
417 0
417 4
414 4
414 2
414 2
414 5
487 2
485 1
485 0
485 0
485 5
684 5
959 5
1246 2
1239 0
1239 2
1233 4
455 4
452 4
452 0
439 2
439 0
439 4
427 0
427 2
427 4
426 2
426 3
433 0
430 1
430 2
429 2
428 1
428 4
423 3
431 3
426 4
426 2
425 0
423 1
423 2
423 4
423 4
423 0
423 2
422 5
559 2
558 2
558 4
428 4
428 0
425 0
425 3
425 3
423 1
423 4
420 3
425 3
423 2
422 3
422 3
424 4
424 4
424 5
486 5
668 4
430 4
430 1
430 0
426 2
426 4
423 2
423 4
423 3
428 4
427 0
425 3
427 1
427 5
560 1
559 3
501 3
482 5
672 1
672 4
438 1
438 4
434 5
491 2
489 0
489 0
489 4
418 4
418 0
416 4
415 5
491 2
489 4
415 3
419 3
418 3
417 3
417 2
415 5
483 4
413 5
485 3
449 3
439 3
439 2
438 3
438 4
412 5
496 2
494 0
494 2
492 5
712 0
712 3
569 1
569 2
567 4
442 3
428 3
427 0
422 4
415 5
479 4
417 4
417 5
477 5
669 0
669 2
666 3
541 3
514 1
514 4
429 2
428 5
504 1
504 5
735 3
596 4
437 2
436 0
431 3
429 0
428 4
418 1
418 4
413 2
412 1
412 4
412 5
493 5
720 4
428 1
428 3
429 4
429 4
429 1
429 3
429 1
429 0
423 4
415 2
415 0
415 4
415 3
423 1
423 2
422 2
421 4
421 0
421 2
420 3
420 2
419 0
419 0
419 4
415 2
414 4
414 5
485 5
689 5
963 0
963 5
1260 1
1259 3
952 4
469 2
467 4
464 2
463 4
463 0
446 4
428 4
428 4
428 2
427 5
487 1
487 3
462 3
460 5
621 0
621 4
431 4
427 3
427 5
487 1
487 2
485 2
483 3
461 2
460 1
460 4
429 3
422 3
422 2
421 2
420 2
419 5
494 1
494 3
460 1
460 3
453 4
420 5
497 4
422 3
419 3
418 3
419 3
416 2
415 4
415 3
416 2
415 1
415 3
419 4
419 5
489 3
464 1
464 5
642 2
639 1
639 4
428 0
423 4
416 0
416 1
416 0
416 2
416 0
416 4
416 3
421 4
418 3
415 2
414 2
413 3
417 2
416 0
416 0
416 1
416 2
415 4
411 5
485 5
699 2
696 0
696 4
428 4
425 1
425 5
483 3
452 2
451 2
450 3
445 4
426 3
426 5
491 2
489 0
488 2
486 5
711 0
711 4
433 5
488 2
486 2
484 2
484 4
425 4
425 3
431 5
480 2
478 4
423 3
429 2
427 3
428 3
428 0
424 3
425 0
424 1
424 3
424 4
417 0
417 3
420 1
420 1
420 2
419 3
421 1
421 3
420 1
420 4
416 5
484 4
418 3
420 4
419 5
482 3
454 4
424 3
423 5
488 5
688 2
685 0
685 3
560 1
560 0
555 4
442 0
438 2
437 2
436 3
436 5
626 2
624 5
909 2
904 3
713 2
709 3
651 4
441 2
440 2
439 3
426 3
426 4
422 1
422 1
422 2
420 0
418 5
596 1
596 5
859 3
665 2
661 5
966 4
454 1
454 2
452 2
451 3
443 5
505 2
503 5
700 4
430 0
424 3
423 3
424 2
423 3
422 4
415 3
419 1
419 3
415 0
415 3
417 0
417 2
417 2
417 5
590 4
423 4
421 1
421 3
421 2
421 5
487 4
418 3
420 0
416 2
415 4
414 5
481 1
481 5
680 4
427 1
427 1
427 4
426 5
479 0
478 2
476 5
672 1
672 4
427 2
427 0
424 0
424 1
424 3
423 4
418 3
419 2
418 2
416 1
416 5
479 0
479 3
459 5
616 5
902 2
898 4
449 1
449 2
447 3
431 3
427 5
485 3
459 5
596 4
429 1
429 0
427 5
592 0
592 3
513 3
492 3
490 2
489 1
489 5
709 3
634 4
445 1
445 4
437 5
496 3
473 2
471 0
469 5
723 4
445 0
433 2
432 3
431 4
418 4
417 5
493 3
459 4
423 0
422 2
421 0
421 4
417 3
422 0
419 3
420 3
420 5
591 5
863 4
449 2
448 4
444 3
440 4
440 2
439 2
438 2
437 2
436 4
436 0
426 3
429 4
423 3
426 4
426 4
426 0
424 5
578 3
514 2
513 0
509 4
435 3
430 4
425 5
495 3
468 1
468 3
462 5
633 1
633 1
633 5
936 4
449 0
438 5
618 3
536 0
534 5
866 3
743 3
699 3
685 2
683 1
683 3
678 1
678 2
676 3
667 5
1172 0
1172 5
1735 4
466 2
463 0
450 3
447 0
447 2
445 0
445 3
442 2
441 3
441 4
424 2
423 3
422 0
421 2
420 3
420 0
420 5
609 4
424 3
421 2
420 3
421 0
417 4
415 0
415 0
415 2
415 0
415 4
415 0
415 0
415 2
415 5
586 4
420 4
420 2
420 5
494 0
494 0
494 2
493 5
722 0
722 4
436 0
430 1
430 0
430 3
429 4
420 5
489 4
422 4
421 3
426 3
424 2
421 5
482 4
417 2
417 3
420 1
420 4
420 4
420 0
418 2
417 4
416 2
416 2
416 3
423 4
423 2
422 5
492 1
492 2
490 2
488 1
488 3
460 5
617 2
614 5
901 3
709 5
1055 4
460 3
445 4
440 2
437 4
437 2
436 0
425 0
425 4
418 1
418 3
422 0
420 3
422 5
566 4
424 5
491 3
459 2
458 2
457 3
449 4
424 4
424 1
424 1
424 3
426 4
425 2
424 5
487 0
485 3
461 4
421 5
496 3
460 4
425 0
422 3
423 3
423 2
422 0
422 1
422 2
421 2
420 0
420 3
422 2
421 4
414 2
413 4
412 0
412 2
411 0
411 3
414 3
413 2
412 5
582 3
525 3
501 2
500 4
435 2
434 3
426 5
505 3
468 0
467 4
431 0
428 0
428 2
427 5
630 4
432 3
423 5
496 3
467 0
464 4
426 3
422 2
421 0
420 3
421 4
417 3
416 3
419 3
419 2
418 3
417 4
415 3
418 4
418 1
418 5
492 3
460 3
456 4
425 0
424 0
424 3
426 1
426 3
426 2
425 1
425 3
425 2
424 2
423 2
422 3
421 4
415 2
414 3
415 0
413 4
410 3
417 0
415 5
584 2
582 3
513 5
749 0
749 3
650 4
451 2
448 4
438 2
437 2
435 4
435 2
434 4
434 4
434 2
433 2
432 1
432 4
432 2
431 3
425 0
420 0
420 3
419 1
419 1
419 5
593 3
529 4
437 5
493 3
470 0
467 4
428 4
424 3
418 3
418 3
417 3
419 0
418 0
418 4
414 0
414 1
414 5
604 5
882 2
877 4
440 5
494 5
670 0
670 2
667 2
664 2
661 0
661 2
658 2
657 3
540 1
540 3
506 4
438 5
509 0
509 2
507 3
476 3
470 5
683 5
1014 5
1378 3
1145 3
1010 4
461 3
444 5
502 5
709 0
709 5
999 2
992 5
1305 5
1616 1
1615 5
1922 1
1919 1
1917 3
1543 3
1302 2
1294 5
1785 2
1776 3
1594 3
1487 3
1404 0
1403 0
1403 4
482 3
451 3
446 0
438 5
634 3
550 4
443 0
437 1
437 4
427 4
425 2
424 0
424 2
423 1
423 1
423 4
422 1
422 4
422 5
499 3
469 0
467 0
467 3
465 3
465 0
464 3
464 5
737 5
1083 4
446 3
436 4
433 4
433 1
433 3
431 0
421 0
421 3
419 2
418 3
418 3
418 2
417 4
411 0
410 3
412 0
412 3
412 5
581 4
420 3
419 2
418 4
418 1
418 2
417 0
414 2
413 3
413 2
412 0
412 4
410 2
410 1
410 0
410 1
410 4
410 3
416 2
415 4
415 4
415 5
491 2
489 2
487 4
416 1
416 2
416 4
416 1
416 3
419 5
487 4
413 5
488 5
698 3
564 1
564 3
526 2
524 4
432 2
431 2
430 4
427 4
426 3
423 2
422 2
421 2
420 2
419 4
419 1
419 0
417 5
602 3
521 5
775 5
1133 4
457 3
442 0
434 2
433 2
432 4
423 2
423 2
423 5
482 4
423 1
423 3
430 4
430 2
429 5
488 1
488 1
488 4
423 2
423 3
425 3
425 4
425 0
424 3
421 2
420 3
421 5
568 3
509 4
431 2
430 3
426 4
424 0
423 0
423 4
417 0
417 0
417 3
418 2
417 3
420 4
417 5
482 3
454 5
616 3
537 3
522 2
520 3
516 1
516 2
515 4
431 4
429 4
429 3
424 1
424 5
505 3
463 3
458 4
421 4
420 4
420 2
419 1
419 0
418 1
418 5
619 4
430 4
427 1
427 3
422 2
421 5
498 -1
709 1
709 0
647 1
647 1
647 5
869 2
863 2
855 1
855 2
850 0
850 1
849 3
729 0
728 3
692 0
692 0
692 2
688 1
688 3
684 2
682 2
680 5
1191 2
1187 0
1187 3
1075 1
1075 4
470 0
465 4
430 5
500 1
500 1
501 2
499 4
431 5
484 1
484 0
484 2
482 5
718 4
436 4
433 1
433 5
487 4
426 2
425 3
428 5
495 3
465 3
454 1
455 0
455 0
455 5
698 0
698 3
604 4
443 2
442 0
436 4
418 1
418 4
416 4
415 1
417 3
417 5
499 0
497 4
416 3
419 3
421 5
494 0
494 2
492 3
459 2
458 0
457 5
715 1
714 5
1042 4
444 0
436 4
425 1
425 4
423 2
422 1
424 0
423 4
422 2
421 5
493 2
491 4
422 3
424 4
424 5
485 3
459 2
457 5
614 5
913 1
911 2
905 2
900 2
896 5
1214 2
1206 5
1538 5
1868 4
483 0
470 1
471 5
638 5
893 0
893 5
1189 1
1189 4
465 3
455 2
453 0
447 5
614 3
529 2
527 2
525 0
525 2
523 0
523 4
437 3
430 5
501 0
501 2
499 4
428 2
427 5
483 2
481 5
687 0
687 2
684 1
683 4
438 4
435 5
481 3
461 5
613 2
610 4
435 2
434 4
432 0
428 2
427 1
427 0
427 5
604 3
518 0
517 4
441 0
437 1
437 3
436 1
437 1
437 0
437 1
438 2
437 4
422 2
421 2
420 5
483 0
483 4
424 5
487 0
487 4
423 1
423 2
422 2
421 5
482 3
449 1
451 0
448 2
447 4
424 1
426 2
425 2
424 3
426 1
426 2
424 5
503 2
501 4
424 3
423 3
426 5
496 1
497 5
713 4
435 4
434 5
490 4
428 4
428 2
428 3
432 4
431 0
425 3
425 2
424 3
422 2
421 5
576 1
577 0
577 0
577 1
577 5
836 0
836 4
447 5
488 0
485 5
684 1
684 1
683 1
683 3
542 4
441 4
438 2
437 5
491 4
430 3
426 5
483 3
448 1
448 3
443 3
443 4
422 5
492 2
490 4
423 5
481 3
453 4
430 5
481 0
479 3
456 3
453 1
455 4
424 3
422 2
421 2
420 3
421 0
419 0
419 3
418 3
418 0
418 2
417 1
421 0
419 4
412 5
492 5
724 1
724 1
722 4
436 4
432 4
432 3
435 2
434 1
434 2
433 5
481 4
426 0
421 1
421 4
418 2
418 5
483 0
483 5
687 1
687 5
955 4
450 2
449 3
444 3
442 2
441 3
436 1
436 2
436 2
435 4
434 4
434 3
438 5
480 2
478 4
431 2
430 2
430 0
426 5
568 0
568 5
801 4
436 4
435 5
494 0
493 2
491 2
489 3
459 3
448 3
453 1
455 3
446 2
445 4
429 2
428 3
429 3
426 1
426 5
490 2
488 0
488 2
486 5
691 2
688 3
564 2
562 2
560 5
783 5
1152 0
1152 1
1150 4
453 3
445 3
443 4
438 3
436 0
430 1
431 2
430 3
428 4
425 5
487 3
462 3
450 4
424 1
426 2
425 1
425 0
424 5
594 0
594 0
594 4
430 2
429 2
428 1
428 0
426 2
425 1
426 2
425 5
584 2
581 4
425 2
424 2
423 4
422 4
422 2
421 3
426 2
424 5
486 4
420 2
420 3
428 0
426 3
425 0
425 5
588 3
515 3
498 4
432 4
425 2
424 3
423 1
423 5
501 3
465 2
464 5
660 0
660 4
429 0
427 4
421 4
419 5
499 5
715 1
713 0
713 4
444 0
437 4
420 4
420 1
420 4
420 0
419 1
419 4
418 1
420 2
419 3
420 5
485 0
484 1
483 2
481 2
479 4
418 1
419 0
417 2
417 3
417 0
417 3
418 1
418 3
419 4
418 4
417 2
416 2
416 3
418 4
418 1
418 5
488 2
486 1
486 0
486 0
486 1
487 2
485 2
483 1
484 5
692 4
436 3
438 3
437 0
428 3
428 3
426 3
426 0
426 4
417 2
416 4
415 0
415 2
415 0
415 4
415 0
415 0
415 4
415 1
415 2
415 1
415 2
415 0
415 2
415 0
415 5
567 1
567 4
415 2
415 3
422 5
492 4
417 1
417 3
422 4
421 4
421 3
418 4
418 2
417 1
419 2
417 5
480 1
479 2
477 3
463 2
461 3
451 5
598 5
877 4
443 4
436 5
475 3
455 0
448 4
425 4
421 3
421 3
425 5
489 2
487 5
704 0
704 0
704 2
701 5
972 0
972 2
966 1
966 2
960 2
954 5
1237 4
463 0
447 0
447 4
428 2
427 2
426 3
435 5
488 2
486 4
423 1
423 4
423 2
423 2
422 4
422 1
422 3
428 2
426 1
426 5
476 1
477 2
475 4
423 2
422 4
421 4
421 4
421 3
431 1
431 0
428 4
419 4
419 4
419 3
424 4
423 1
423 3
422 2
421 1
422 3
424 0
423 4
419 4
419 2
419 3
425 3
423 0
420 1
420 0
420 1
420 5
570 0
570 3
506 1
506 0
503 3
495 1
495 4
435 4
428 0
426 3
426 2
425 2
424 3
424 5
623 4
428 2
427 2
426 5
498 0
498 3
464 0
463 5
717 4
441 4
432 0
425 5
600 3
521 0
518 4
432 2
431 2
430 3
421 0
419 4
417 2
416 0
416 5
606 0
606 4
424 3
420 5
490 4
417 3
421 4
420 3
416 0
414 5
583 3
500 5
723 2
720 4
432 0
429 4
418 1
418 2
417 2
416 1
416 4
415 5
486 3
459 2
458 4
426 2
425 1
425 0
424 3
424 1
424 5
599 4
422 5
484 2
482 2
480 0
480 4
417 2
417 5
484 3
450 1
450 2
449 4
424 1
426 5
484 4
417 1
417 2
416 0
414 2
414 0
414 2
413 4
413 1
413 2
413 4
413 5
482 4
415 2
415 3
421 2
419 1
419 1
419 2
418 4
418 4
418 5
481 2
479 4
418 0
416 4
416 3
425 3
417 3
422 2
420 0
419 0
419 3
420 3
418 1
418 0
418 2
417 4
414 2
413 3
418 0
418 3
419 0
419 4
414 4
414 2
414 2
413 2
413 0
413 5
575 0
575 2
574 3
495 2
494 2
493 0
491 5
795 4
447 4
438 4
438 5
493 4
426 5
486 2
484 2
484 0
484 1
484 5
712 4
435 2
434 4
433 2
433 2
433 4
433 1
433 2
432 2
432 0
424 2
424 2
424 2
424 3
421 2
420 1
421 0
420 0
420 2
420 2
420 1
420 2
420 1
421 2
420 2
420 5
592 5
860 0
860 5
1155 2
1149 2
1142 2
1137 0
1137 2
1132 2
1126 5
1423 2
1415 2
1408 0
1408 0
1408 0
1408 3
1013 3
839 2
833 3
756 2
753 1
753 3
722 0
722 3
705 2
702 5
1197 3
1078 5
1739 2
1734 5
2434 1
2434 0
2434 4
474 4
457 1
457 0
443 3
439 2
438 4
419 4
417 0
417 3
422 4
422 4
422 3
423 4
423 4
423 0
420 3
423 0
422 5
602 0
602 3
527 2
525 1
525 4
430 2
429 0
425 3
426 5
611 4
426 4
423 5
487 0
487 3
457 1
457 4
424 3
422 3
421 0
418 2
417 2
416 0
416 5
576 0
576 5
838 5
1129 1
1127 5
1424 3
1085 5
1404 2
1393 3
1183 2
1176 2
1167 2
1161 3
1047 2
1042 4
473 4
462 4
462 2
460 0
445 2
444 2
443 2
442 5
643 2
640 0
640 2
636 3
546 4
439 2
437 5
499 5
722 5
1028 0
1028 2
1021 2
1015 2
1011 4
450 2
447 3
444 2
443 0
432 2
431 5
597 5
856 4
438 2
437 1
437 2
436 2
435 3
430 3
427 3
426 4
426 2
425 1
425 4
425 0
420 4
416 3
420 2
418 0
418 0
418 1
418 3
418 2
417 0
417 3
418 5
573 2
571 4
417 2
417 0
415 0
415 2
414 2
414 0
414 5
564 2
561 4
419 0
417 2
417 4
417 1
417 1
417 4
417 5
481 2
482 2
482 0
482 1
482 0
482 4
419 2
419 5
479 5
675 2
674 5
933 3
664 0
663 5
989 3
847 2
843 2
840 4
462 0
450 3
447 0
447 0
447 2
446 3
445 3
444 0
443 2
442 0
442 0
442 2
441 5
663 4
444 1
444 0
434 2
433 2
431 2
430 3
432 1
432 1
432 2
431 1
431 4
419 5
487 0
487 4
423 4
422 0
418 2
417 2
417 3
419 0
418 0
418 2
418 0
418 2
417 0
417 2
417 4
415 4
415 3
420 2
419 0
418 2
417 0
417 2
416 2
415 2
414 1
415 2
414 3
417 0
416 3
418 0
417 5
593 2
590 2
588 2
586 4
429 3
423 3
426 5
495 3
465 2
463 2
462 1
462 4
426 0
423 2
422 0
422 2
421 1
421 4
419 2
418 4
414 2
414 5
485 4
420 3
421 1
421 4
420 0
418 3
421 0
419 3
419 2
418 3
418 4
416 0
416 4
414 3
418 0
416 2
416 2
415 2
414 5
567 2
566 2
565 4
418 3
421 2
420 3
421 4
421 4
421 4
421 4
421 5
477 3
455 3
449 3
447 3
446 0
444 2
443 2
442 4
423 2
422 2
421 0
421 3
421 0
421 5
602 1
602 0
602 0
602 2
600 4
426 2
425 4
424 3
425 4
424 4
424 3
423 1
423 1
423 0
420 3
421 4
416 2
415 2
415 4
415 2
415 4
415 2
415 3
418 0
418 2
417 0
417 4
414 2
414 5
481 1
481 2
479 1
478 0
478 4
419 2
418 0
416 2
416 5
571 2
571 2
571 0
571 3
493 2
491 5
685 2
682 5
1016 1
1016 2
1010 4
445 4
441 1
441 4
440 5
484 5
681 5
945 3
712 5
1019 0
1019 3
872 2
868 2
865 3
798 3
773 1
773 3
760 0
760 3
758 2
756 2
754 2
753 1
753 3
751 5
1357 1
1357 3
1253 1
1253 4
465 4
453 2
451 2
449 2
448 4
448 4
448 2
447 4
447 1
447 5
524 3
487 1
487 0
485 2
484 0
484 2
483 0
483 0
483 0
483 2
482 5
767 0
767 5
1125 3
936 2
931 5
1372 2
1366 3
1202 1
1202 3
1114 0
1114 1
1114 4
470 3
447 3
445 5
526 5
788 0
788 0
788 2
783 3
632 2
629 5
947 2
943 2
938 4
456 5
503 2
501 2
499 4
432 2
431 5
480 3
458 0
452 4
429 2
427 2
426 0
425 3
425 3
424 4
422 0
421 0
421 3
422 2
421 2
420 3
421 2
420 5
609 2
606 4
431 3
427 1
427 2
426 0
421 2
420 4
415 4
414 2
414 2
414 0
413 2
412 0
412 2
412 0
412 0
412 1
412 2
412 5
574 4
423 2
421 2
420 3
421 0
417 4
415 2
415 3
419 5
482 2
480 0
480 2
478 2
476 2
474 4
417 3
416 2
416 2
416 5
486 2
484 0
484 1
484 2
482 2
480 2
480 5
674 0
674 2
671 3
549 2
546 5
762 2
759 3
646 1
646 2
644 3
622 2
620 1
620 2
618 2
616 0
615 5
1057 5
1542 0
1542 5
2052 4
468 2
465 2
461 2
459 5
501 2
499 4
435 3
436 0
429 3
427 3
427 1
427 3
427 0
425 2
424 4
419 2
419 3
423 2
422 1
422 1
422 4
422 2
420 3
420 2
420 2
420 2
420 5
486 4
423 5
482 1
482 5
674 1
671 4
429 5
489 3
449 3
445 3
443 0
441 3
440 3
440 3
439 5
653 5
958 2
952 0
952 2
947 0
947 3
761 4
456 2
454 1
454 4
447 1
447 4
447 1
447 4
447 4
447 3
439 5
498 2
496 3
469 3
457 1
457 2
456 5
640 3
559 2
557 0
557 2
555 2
553 0
553 4
437 2
435 0
433 3
433 4
422 2
421 2
420 5
503 2
501 2
499 4
424 4
423 2
422 4
422 0
419 2
418 2
418 0
418 1
418 3
420 4
418 2
417 0
417 2
416 0
416 2
415 5
603 1
603 3
519 1
519 2
518 2
516 3
497 2
496 3
489 3
486 5
735 2
732 3
638 3
612 0
612 3
608 0
608 2
607 1
607 4
442 3
431 5
536 4
426 2
425 3
423 2
423 4
422 2
421 4
421 2
421 5
497 1
497 5
731 5
1020 4
448 2
447 3
447 4
444 4
444 0
432 3
432 3
432 3
431 3
431 5
581 3
524 5
750 2
747 2
744 1
744 3
642 1
642 4
441 2
440 0
438 5
637 5
936 5
1256 0
1256 4
463 2
461 0
444 2
443 5
628 0
628 2
625 4
435 0
431 3
427 2
426 2
425 0
425 3
427 5
603 2
601 2
599 1
598 2
596 3
519 3
501 5
747 3
651 5
1062 2
1058 2
1054 5
1550 0
1550 5
2047 3
1837 4
477 0
460 4
432 4
430 0
428 4
425 0
424 3
425 2
424 4
418 3
416 0
413 4
413 4
413 3
418 4
418 0
417 3
416 1
416 5
598 3
517 3
497 2
496 4
428 3
423 3
421 2
420 4
416 5
483 1
483 4
417 5
484 5
710 2
707 2
704 0
704 3
568 0
565 5
916 5
1329 1
1328 1
1328 5
1739 0
1739 3
1504 2
1498 3
1356 2
1350 5
1970 5
2638 0
2638 5
3318 4
481 3
450 1
450 1
450 2
447 3
443 2
442 5
491 2
489 2
487 3
460 4
429 2
428 4
428 0
425 2
424 5
588 2
584 3
517 3
494 4
430 2
429 5
498 4
420 1
420 4
419 3
421 0
418 0
418 2
417 2
417 4
413 1
413 0
413 0
413 5
580 4
424 0
420 3
421 2
420 0
420 1
420 4
416 5
490 3
458 3
452 0
450 1
450 2
449 2
448 5
683 2
679 1
678 5
1016 0
1016 2
1012 0
1012 3
812 5
1198 5
1662 1
1662 2
1654 0
1654 2
1646 0
1646 3
1447 3
1341 4
464 2
460 0
455 2
453 1
453 5
670 3
566 3
544 2
542 5
854 2
851 0
851 3
749 4
449 5
508 5
743 4
442 0
430 4
424 1
424 3
426 3
422 5
490 0
490 3
459 4
427 2
426 4
424 2
423 1
423 3
421 5
484 1
484 0
484 4
423 0
420 3
420 2
419 0
419 0
419 4
416 0
416 4
415 0
415 5
584 5
859 5
1148 5
1444 4
457 0
445 5
585 4
435 1
435 4
435 1
435 0
431 2
431 2
431 0
431 0
431 4
424 5
485 1
484 2
482 4
427 1
427 0
426 0
426 2
426 4
425 3
430 5
481 4
422 4
422 1
422 3
425 4
425 2
423 5
474 3
456 4
426 1
426 0
423 3
424 0
424 3
424 3
424 4
420 4
417 4
417 3
420 3
419 4
419 0
418 1
418 3
419 2
418 1
418 3
419 2
418 2
417 2
416 4
415 3
418 2
417 2
416 1
416 3
415 5
496 2
494 2
492 3
458 2
456 1
456 4
425 4
422 4
422 4
422 1
422 2
421 1
423 2
421 4
421 3
418 1
418 3
417 5
493 3
459 1
459 5
637 3
556 3
536 2
535 1
535 4
429 3
423 4
419 3
418 3
418 5
502 5
733 3
595 3
547 4
435 4
430 1
430 5
494 1
494 0
494 0
494 1
494 2
492 5
723 3
588 2
585 3
552 5
856 5
1259 4
458 2
455 1
455 2
453 1
453 4
446 5
490 4
434 1
434 2
433 4
432 2
432 0
423 0
423 2
422 3
424 5
583 2
581 4
421 0
419 2
419 2
419 0
419 2
419 3
422 4
420 1
420 0
419 3
419 0
419 3
418 4
414 0
414 2
414 0
414 0
414 3
416 5
578 0
578 1
577 2
575 5
841 0
841 4
434 5
493 5
682 2
679 2
676 4
428 0
425 4
420 3
425 4
424 0
421 3
420 2
419 4
413 1
413 1
413 5
487 2
485 3
452 5
620 1
619 3
538 3
521 4
431 4
427 2
425 4
425 3
419 4
419 0
417 4
414 1
414 2
413 4
413 3
420 2
419 2
417 5
489 2
487 2
485 2
483 4
421 3
420 1
420 5
484 3
456 4
424 1
424 4
421 0
420 4
414 4
414 2
414 0
414 3
415 5
591 0
591 3
520 5
759 5
1117 2
1111 3
932 2
926 1
926 1
926 2
921 3
821 0
820 0
820 2
817 4
454 5
527 3
489 5
723 0
723 2
720 2
716 1
715 3
637 3
611 0
611 4
449 3
434 3
435 2
434 3
433 2
432 4
421 0
420 0
420 1
420 2
419 2
418 2
417 3
418 3
417 4
416 2
416 3
419 0
419 4
416 2
416 0
416 4
416 5
518 3
478 4
431 4
425 0
422 0
422 3
422 0
421 3
421 5
615 2
612 0
612 1
612 2
610 1
610 4
426 5
499 2
497 2
495 5
721 2
718 4
436 2
435 0
431 3
428 2
427 0
426 3
426 0
426 4
418 0
416 2
415 3
416 4
415 4
414 0
414 5
586 0
586 3
508 5
730 4
438 1
438 1
438 3
427 4
421 2
420 3
419 0
416 5
576 4
421 3
419 4
419 2
419 2
419 0
417 0
417 0
417 1
417 2
416 2
415 0
415 4
415 4
415 0
414 1
414 3
417 5
562 5
808 3
629 2
626 2
623 1
623 2
621 3
560 0
556 0
556 2
555 5
914 0
914 5
1327 3
1142 0
1142 4
460 0
451 2
450 0
450 4
429 1
429 1
429 2
427 3
426 5
510 0
510 5
757 2
754 5
1052 2
1045 5
1354 5
1659 3
1321 5
1676 2
1666 4
472 2
469 3
455 0
444 0
444 2
443 4
429 4
428 0
428 2
428 0
428 4
427 0
426 0
426 3
426 5
567 2
565 5
807 1
806 3
618 3
572 3
554 1
554 2
552 4
434 3
430 4
424 3
424 3
426 4
424 2
421 0
418 2
416 0
416 -1
709 5
708 0
649 1
649 5
913 1
912 1
912 2
907 1
907 4
490 0
474 5
681 4
448 0
443 0
443 2
442 4
429 1
431 2
429 4
427 4
427 1
427 1
427 5
489 3
461 3
455 5
606 3
550 4
440 5
498 5
725 3
586 3
548 3
530 3
525 1
527 0
527 1
531 0
531 2
528 0
528 0
528 5
895 5
1314 1
1312 4
456 2
454 3
439 5
509 5
711 5
1004 4
457 2
456 0
441 5
596 5
847 3
619 2
617 4
462 1
462 4
456 1
456 5
491 0
488 1
487 3
461 3
457 0
457 5
704 5
1037 0
1037 4
450 4
443 5
484 4
431 1
431 5
488 2
486 4
429 3
433 2
432 0
423 5
588 2
586 2
584 1
582 1
582 1
582 2
580 4
427 3
427 1
427 4
425 5
476 5
660 2
657 2
654 2
651 0
651 2
648 1
647 0
647 4
429 4
429 2
430 4
430 4
430 3
431 2
430 0
428 5
564 3
503 1
503 1
503 4
434 0
431 2
430 1
431 2
430 1
431 0
431 3
431 2
430 3
429 5
588 4
421 2
420 5
491 4
419 4
419 0
417 3
417 3
418 2
417 4
415 1
418 4
417 4
417 3
419 4
419 2
417 5
490 5
704 2
701 5
968 3
738 2
735 4
451 1
451 5
495 1
496 4
434 0
427 2
427 5
595 3
518 4
439 2
438 4
434 5
491 3
463 1
463 0
462 2
461 0
461 3
459 2
458 1
460 3
457 5
676 4
436 5
493 4
423 5
481 5
689 2
686 4
430 3
430 1
430 0
423 1
424 0
424 3
424 4
418 5
482 5
680 1
678 5
955 0
955 4
447 5
500 4
436 5
482 4
430 5
479 3
445 0
443 4
425 1
425 4
423 4
423 3
420 5
490 4
416 3
419 0
418 4
413 4
413 3
417 2
416 4
416 4
416 4
416 2
416 2
414 1
414 3
419 3
415 5
484 0
484 2
482 1
483 5
689 1
688 4
426 4
426 4
426 4
426 1
427 2
426 4
426 1
428 1
428 1
428 5
479 1
479 5
657 3
532 5
761 2
758 5
1114 4
448 4
442 5
485 4
428 3
431 0
426 3
425 0
425 4
418 3
423 3
423 2
422 5
494 4
417 4
417 0
417 4
416 1
416 1
418 2
416 5
482 5
676 4
433 2
432 2
432 3
436 1
436 4
436 2
435 3
434 0
427 2
425 4
421 3
423 2
423 4
423 0
422 0
422 5
575 5
806 2
802 2
797 1
797 2
793 4
445 2
445 3
440 1
443 1
444 1
446 5
500 4
430 1
430 2
429 3
436 5
481 4
427 2
426 0
423 3
425 4
424 0
423 3
427 5
556 4
427 3
428 4
428 3
426 2
425 4
425 4
425 0
424 5
563 4
427 5
487 0
487 2
485 1
484 5
670 5
930 2
924 4
447 0
438 2
438 3
432 2
431 4
425 0
425 0
425 0
425 2
425 5
579 4
429 4
428 3
431 1
431 0
428 0
428 1
429 5
582 1
582 2
580 5
814 4
438 3
436 4
435 0
430 0
430 4
423 1
424 4
424 4
424 5
476 5
653 5
906 2
899 5
1156 2
1148 2
1143 2
1136 2
1129 4
463 3
450 4
447 2
445 0
434 0
434 0
434 2
433 5
577 3
504 4
437 3
429 3
430 0
425 1
427 2
425 3
425 1
427 5
593 5
857 5
1157 5
1477 5
1791 2
1781 5
2107 0
2107 5
2420 1
2420 0
2420 1
2418 1
2417 1
2415 3
1991 5
2386 3
2101 0
2100 5
2674 0
2674 3
2448 0
2448 2
2437 1
2437 0
2437 2
2424 4
515 2
510 2
507 4
492 0
462 4
432 2
431 1
431 0
428 4
425 3
426 2
425 3
426 3
426 1
426 0
424 2
423 5
583 4
423 1
423 0
419 2
418 4
417 3
422 3
419 0
419 2
418 1
419 3
423 4
419 1
419 5
488 4
418 1
420 3
421 3
424 3
422 5
487 0
487 1
488 0
488 1
488 4
420 2
419 4
419 3
419 0
417 3
420 0
420 5
578 0
578 4
421 1
422 4
420 0
420 4
417 4
417 0
417 5
572 3
503 4
434 5
489 0
488 1
490 0
490 2
488 0
488 4
421 3
425 3
422 0
421 4
416 5
484 5
687 5
969 3
716 0
716 5
1100 3
944 3
874 2
870 3
835 2
833 4
473 1
473 3
448 2
446 0
435 5
648 0
648 3
559 4
434 4
432 0
430 0
430 1
433 4
424 0
422 1
422 2
421 2
421 0
421 5
619 5
896 3
696 1
696 4
454 2
453 0
441 0
441 0
441 4
422 4
421 2
421 0
421 4
419 2
419 0
419 0
419 2
419 3
421 2
420 4
420 5
480 4
421 1
421 5
489 2
487 3
458 0
452 2
451 1
453 4
427 2
426 1
428 3
424 0
423 2
422 2
421 2
421 5
606 2
603 4
427 4
425 2
424 0
421 3
423 0
422 2
421 0
421 1
424 2
421 0
421 2
420 4
418 2
417 0
417 0
417 2
417 0
417 5
595 1
593 3
516 0
515 0
515 3
505 2
504 1
504 3
499 2
498 2
496 4
438 0
438 3
437 1
438 2
437 3
436 3
436 1
436 0
436 1
436 5
672 2
668 2
665 5
979 2
973 4
462 3
439 3
437 2
435 4
431 2
430 0
424 3
425 3
426 3
427 5
573 1
573 3
513 4
430 0
426 3
429 0
429 2
428 3
427 2
426 4
421 2
420 2
419 2
418 0
417 5
602 2
601 2
600 5
865 5
1155 3
875 2
870 2
866 4
465 0
451 1
453 3
447 2
446 5
624 3
543 3
521 1
521 2
519 4
435 2
434 5
503 2
501 5
731 2
728 2
723 1
723 0
723 0
723 3
605 1
605 5
906 0
906 1
904 3
771 5
1250 3
1121 3
1073 1
1073 0
1073 3
1057 2
1054 3
1047 0
1047 0
1047 3
1042 1
1042 2
1039 0
1039 4
473 5
551 4
441 2
438 3
432 0
429 5
637 2
635 4
432 0
429 0
428 0
428 4
420 1
420 1
420 2
419 3
419 4
417 2
416 0
416 5
594 5
864 3
672 0
670 5
1052 1
1052 3
909 4
458 0
453 4
431 2
430 3
435 3
430 3
431 4
425 0
422 1
422 1
426 2
425 2
424 4
420 4
420 4
420 4
420 2
419 0
417 2
417 2
417 4
415 4
415 2
415 3
419 4
419 2
418 2
417 2
416 3
421 3
417 2
417 0
416 2
416 1
416 2
416 4
414 2
414 1
416 2
415 2
415 4
415 0
415 0
415 1
416 0
416 1
417 4
414 0
414 0
414 3
415 4
414 2
413 0
413 5
583 0
583 2
582 5
849 0
849 1
848 1
848 5
1143 3
861 4
459 5
492 2
490 4
430 4
430 3
435 3
433 0
426 2
425 2
425 3
425 0
424 2
423 2
422 4
419 2
418 3
422 1
422 1
422 4
421 1
421 5
484 2
482 5
673 0
673 2
670 2
667 0
667 4
428 1
428 3
432 2
430 4
429 2
428 4
428 4
428 3
430 2
429 0
421 0
421 3
425 2
424 0
423 5
582 0
582 4
424 1
424 1
424 3
425 2
424 2
423 2
422 3
423 4
422 3
423 4
423 0
420 2
419 3
419 5
565 1
563 4
425 5
493 4
418 1
418 4
418 1
418 5
489 2
487 5
669 0
669 4
431 0
426 2
426 4
420 1
420 4
420 0
420 0
420 0
420 5
574 4
426 1
426 4
425 5
487 3
455 5
594 2
591 5
867 2
863 0
863 4
437 2
436 4
432 2
431 0
426 0
426 4
421 0
421 4
420 4
420 3
419 1
419 1
419 5
489 4
419 4
419 5
489 3
460 2
459 2
458 2
457 2
456 1
456 3
451 2
450 0
445 0
445 4
421 3
420 5
487 5
711 4
431 4
428 4
428 1
428 2
427 2
426 4
426 4
426 4
426 0
422 2
422 2
422 5
570 1
569 2
568 0
568 4
424 3
424 2
423 3
427 0
422 4
418 2
418 3
421 2
420 0
419 0
419 3
421 2
420 5
570 5
810 4
436 0
426 4
419 2
419 4
419 5
497 2
495 2
493 4
421 0
420 4
420 2
420 3
420 4
420 3
423 5
486 2
484 0
483 2
481 3
459 3
453 5
605 2
602 4
431 3
428 2
427 3
427 2
426 3
428 1
429 1
429 2
427 1
427 0
426 1
426 2
425 5
585 0
585 2
582 3
518 2
516 0
512 2
510 1
511 0
511 4
437 1
437 3
425 3
424 4
421 3
418 3
419 3
419 3
421 3
419 0
417 2
417 0
417 5
594 2
592 2
591 2
590 3
522 1
522 2
520 4
433 2
432 3
425 2
424 3
426 4
424 3
421 0
418 5
587 5
848 4
439 3
441 4
437 2
436 3
434 4
434 3
436 4
436 4
436 4
436 4
436 2
434 3
433 2
431 2
430 4
430 2
429 2
428 2
427 2
426 3
436 2
435 1
435 4
435 4
435 1
435 0
425 2
424 4
419 2
418 3
423 3
426 5
476 2
474 2
472 2
470 4
420 4
420 4
420 3
422 3
425 2
424 4
424 0
421 3
422 4
417 3
420 3
423 4
423 1
423 1
423 3
421 0
419 2
418 3
419 4
416 2
416 3
419 2
418 1
418 4
418 0
417 0
417 2
416 5
562 1
561 1
561 2
559 4
416 2
416 4
416 5
480 2
478 4
419 4
419 2
419 2
419 3
426 0
423 4
417 4
417 4
417 3
423 2
422 5
484 3
456 3
446 4
419 4
419 2
418 3
419 1
419 4
419 3
418 3
417 3
418 1
418 1
418 3
417 3
417 5
482 0
482 2
480 0
480 0
480 5
689 1
689 4
429 1
429 2
428 3
428 3
431 5
487 2
485 5
661 1
661 0
661 4
428 0
425 0
425 2
425 5
572 4
424 1
424 3
427 2
425 0
422 4
420 4
419 2
419 4
419 2
419 5
478 2
476 2
476 4
421 3
424 4
424 3
425 2
424 2
422 2
422 2
422 1
422 4
421 0
417 1
417 2
417 2
417 2
417 1
417 3
421 0
420 4
418 0
418 3
419 2
418 4
417 5
478 2
476 0
476 1
476 4
419 2
419 0
418 2
418 2
418 2
418 0
418 5
561 2
561 4
421 3
422 3
426 4
426 5
482 1
482 5
652 2
649 2
646 3
533 3
506 2
504 2
503 4
436 4
433 0
431 4
423 3
420 5
499 4
421 3
425 5
479 0
478 3
454 2
453 2
452 0
450 5
698 0
698 4
429 1
429 5
501 1
501 0
501 3
467 4
426 3
414 1
414 2
413 0
413 1
413 3
413 2
413 4
413 0
413 0
413 5
586 2
584 2
582 0
582 0
582 5
855 4
433 2
432 0
424 3
429 3
427 3
429 5
570 3
511 2
509 0
508 0
508 0
508 2
506 3
500 2
499 2
498 3
496 1
496 1
496 3
494 0
494 3
493 3
493 3
492 4
432 3
423 2
422 4
417 4
417 5
522 0
522 3
481 5
725 0
725 2
722 4
440 2
439 3
428 0
424 3
424 4
417 2
416 0
416 4
413 5
497 2
495 5
720 3
585 4
439 0
431 2
430 0
430 4
418 3
426 4
425 2
423 3
423 0
420 3
420 4
413 3
414 2
413 0
412 5
575 4
418 4
417 3
422 4
422 4
422 5
484 2
482 1
481 4
417 0
415 4
414 5
487 2
485 4
415 4
415 2
415 0
414 4
414 0
414 4
414 3
420 4
420 3
416 4
416 3
418 2
417 2
416 2
415 2
414 5
483 4
415 4
415 3
420 3
418 2
418 2
418 2
418 2
418 3
421 0
418 4
413 1
413 1
413 2
413 2
413 3
417 2
417 1
417 2
416 5
484 0
484 5
696 4
437 0
423 2
423 3
419 2
418 4
417 1
417 5
485 2
485 0
485 3
460 0
459 2
457 2
456 3
452 2
451 3
450 2
449 5
674 2
670 3
590 4
434 5
496 3
466 2
465 0
463 5
726 0
726 4
441 5
497 2
495 4
424 3
425 0
420 2
419 5
582 0
582 4
417 3
419 4
418 5
484 0
484 1
484 0
484 4
413 1
413 2
413 3
415 2
414 3
418 1
418 2
417 5
499 1
499 1
499 2
497 3
470 2
469 0
465 3
461 4
426 3
424 0
422 5
607 2
605 2
603 4
425 2
424 3
422 3
423 0
422 0
422 0
422 2
421 4
415 3
422 5
487 3
463 0
461 4
424 2
423 2
422 0
421 3
423 2
422 1
424 0
424 0
424 2
423 3
425 0
425 2
424 0
424 3
424 1
424 1
424 4
421 4
417 0
417 3
418 2
417 2
416 1
416 3
418 2
417 4
414 1
414 5
492 4
417 3
417 0
415 0
415 1
415 1
415 2
415 2
415 3
415 4
413 0
413 0
413 2
413 4
412 1
412 5
488 2
486 3
460 4
425 4
425 1
425 2
424 2
423 3
426 2
425 4
424 2
423 1
423 4
423 3
424 4
424 0
417 4
412 3
416 2
415 2
414 1
414 0
412 2
411 0
411 2
410 2
410 3
411 3
413 3
411 4
410 2
410 4
410 4
410 2
410 2
410 0
410 4
409 3
413 3
411 2
410 0
410 2
410 3
411 4
410 3
415 5
492 5
693 0
693 0
693 4
437 3
433 5
482 2
480 1
480 5
658 0
658 3
551 0
549 2
547 5
861 3
736 2
733 3
696 3
676 0
676 4
445 3
433 4
423 2
422 4
422 2
421 4
421 4
421 0
421 1
421 1
421 2
420 2
420 3
420 1
420 2
420 4
419 3
417 2
416 3
417 4
417 5
502 4
422 2
421 3
420 2
420 5
499 2
497 4
422 4
422 4
422 4
422 3
423 5
493 1
492 2
490 2
488 4
420 2
420 2
420 0
417 3
419 3
420 2
419 4
419 2
418 2
418 2
417 3
420 4
420 4
420 1
420 2
419 0
418 2
418 0
418 0
418 3
418 5
595 3
511 2
509 2
507 3
492 3
485 5
725 2
721 4
437 1
437 4
429 3
429 5
490 2
488 4
423 4
423 1
423 0
419 5
589 2
588 3
517 4
434 1
434 5
500 1
500 2
498 1
498 3
470 1
470 2
469 2
468 4
421 3
420 2
419 5
495 1
495 2
493 4
422 3
420 0
418 1
418 5
597 2
594 3
513 0
512 0
512 2
511 4
438 2
436 4
426 2
425 4
425 1
425 4
425 0
424 5
625 4
427 2
426 0
420 2
419 4
418 3
422 4
421 5
488 2
486 0
486 5
707 1
706 3
577 1
577 2
575 2
573 2
571 0
571 2
569 3
545 3
539 5
871 4
446 2
444 4
433 5
492 2
490 4
422 2
421 3
429 4
428 5
482 5
674 5
955 0
955 2
951 3
715 4
463 3
448 2
447 4
444 4
444 5
487 4
436 0
429 4
425 4
425 0
425 1
425 2
424 5
585 1
585 2
584 0
584 2
583 2
582 3
508 5
709 0
709 3
613 0
613 0
613 3
595 4
448 4
439 2
438 5
510 0
510 0
510 3
472 0
471 0
471 4
428 0
428 4
425 5
522 2
520 3
482 0
481 4
425 3
428 5
516 0
516 5
774 1
774 3
634 2
632 0
632 2
630 4
441 2
440 5
507 4
432 5
490 2
488 4
423 0
420 2
419 2
419 5
593 5
860 0
860 2
855 3
663 1
663 0
661 4
444 3
433 4
427 2
426 2
426 3
427 5
485 5
673 2
670 2
667 2
664 0
664 4
434 2
433 2
432 2
431 3
430 0
423 4
420 0
419 4
417 0
417 5
576 3
498 4
431 4
428 0
426 1
426 2
425 4
416 2
416 4
416 4
416 0
416 4
416 3
418 2
417 1
417 3
418 5
486 2
484 1
484 2
484 2
482 2
480 0
480 2
478 5
700 2
697 3
570 0
567 5
899 2
894 2
889 2
885 5
1270 4
455 2
453 0
442 4
432 3
433 2
431 5
487 5
692 4
436 3
438 4
435 4
435 4
435 2
434 2
433 5
485 1
485 4
427 2
427 2
427 2
427 2
427 4
427 3
435 4
433 3
431 3
432 3
431 5
476 2
474 2
472 5
628 4
436 2
435 0
432 1
432 2
431 2
431 3
430 4
424 2
422 5
482 3
453 3
453 5
589 1
588 3
531 4
441 0
437 5
629 5
920 1
919 2
914 4
445 2
444 4
439 0
436 1
436 0
436 0
436 2
435 5
601 3
507 0
503 2
501 3
493 0
492 3
491 2
490 2
489 1
489 3
488 3
485 3
484 0
484 2
483 3
482 4
430 2
429 1
429 3
422 0
422 0
422 3
423 3
423 1
423 0
423 5
652 4
437 0
428 5
648 2
644 2
641 2
639 3
544 4
434 2
432 2
431 1
431 3
425 0
423 0
423 4
419 5
495 4
419 2
418 4
418 0
416 4
416 3
418 4
416 3
415 1
415 5
494 5
710 3
587 4
440 0
430 3
430 4
417 0
416 0
416 2
415 3
417 4
415 0
414 2
413 0
413 1
413 3
416 0
416 5
602 2
600 5
872 3
686 3
615 3
592 3
580 2
578 2
576 2
574 2
573 3
569 2
567 4
433 4
426 0
426 3
426 1
426 0
426 4
420 5
517 4
425 4
422 4
422 2
422 5
503 2
501 5
738 4
427 2
426 1
426 3
423 0
420 3
421 2
420 1
420 3
420 4
413 4
412 2
411 3
418 0
416 5
586 2
584 4
425 3
423 4
421 4
421 2
420 3
419 2
418 3
420 2
419 0
418 4
414 4
414 4
414 4
414 4
414 3
420 0
418 5
586 1
586 3
506 2
505 1
505 2
503 4
434 0
432 0
432 0
432 4
418 2
417 3
421 4
419 3
419 3
420 0
419 3
421 3
422 3
422 0
421 2
420 -1
709 5
708 2
705 3
632 3
600 0
561 5
835 5
1204 3
987 2
983 5
1434 1
1434 0
1434 4
468 2
467 0
458 5
651 5
950 1
949 4
452 3
441 5
498 0
495 1
496 4
426 4
425 1
425 4
425 5
485 2
483 5
671 1
671 3
544 0
540 1
541 3
526 5
841 5
1231 4
463 3
440 4
436 5
488 2
486 3
468 5
598 0
598 4
430 5
484 0
484 4
423 4
423 3
423 2
422 2
421 4
421 4
421 0
419 4
417 1
417 5
489 2
487 4
420 3
423 1
423 1
425 3
424 1
424 0
421 5
587 2
584 0
584 1
584 4
425 0
422 4
418 0
418 0
418 1
422 0
420 2
419 3
421 4
418 0
417 4
414 4
414 1
416 2
414 5
491 2
489 3
462 0
459 1
459 0
459 2
458 4
422 0
422 1
423 3
424 2
423 0
423 1
425 1
425 3
425 0
425 4
420 3
423 2
422 4
420 2
419 3
417 5
489 4
419 4
419 5
482 1
483 4
418 2
418 0
416 4
416 0
416 2
416 1
417 5
582 3
514 0
508 5
826 4
448 4
437 2
436 2
435 2
434 3
427 4
427 2
426 0
422 3
425 5
594 4
423 1
425 5
504 4
418 3
422 1
422 4
419 5
480 1
481 0
481 1
481 2
479 0
479 1
479 3
456 3
445 5
630 4
423 4
420 0
418 4
412 2
413 3
414 4
414 5
481 4
416 1
416 4
416 2
416 2
416 1
418 5
480 4
416 2
416 2
416 4
416 0
415 2
415 2
414 1
416 3
414 4
413 3
416 3
413 3
415 5
497 4
416 3
418 0
415 5
586 3
509 3
487 2
485 2
483 5
717 2
714 0
714 0
714 4
437 4
431 0
429 5
611 1
610 3
524 1
525 2
523 5
781 3
676 2
673 0
673 5
1139 0
1139 5
1648 2
1642 5
2158 0
2158 1
2158 2
2150 0
2150 4
473 4
464 2
462 4
462 2
460 5
489 4
443 4
443 0
432 2
431 2
431 5
604 0
604 3
522 1
522 0
520 5
830 0
830 0
830 5
1209 4
460 5
498 5
704 5
1000 2
995 0
995 4
438 0
434 1
435 3
434 4
426 3
427 3
424 4
421 4
421 4
421 0
417 4
413 1
416 2
413 3
417 2
416 3
415 1
417 3
420 4
420 4
420 5
493 0
493 4
418 3
422 4
421 3
417 3
418 5
486 3
458 2
457 4
423 3
420 3
420 3
425 1
428 0
422 2
421 1
422 1
423 2
422 2
421 3
421 3
419 0
419 5
591 3
514 2
512 2
510 0
508 1
510 5
813 2
809 4
442 5
507 3
480 3
474 5
656 1
657 4
435 2
433 0
432 0
432 2
431 5
627 0
627 0
627 3
536 0
534 5
853 2
849 2
845 5
1227 5
1623 4
473 3
449 3
445 3
441 2
440 0
435 1
435 2
435 2
434 0
433 0
433 5
592 2
591 1
590 5
837 0
837 5
1124 0
1124 3
800 2
796 5
1105 0
1105 4
460 3
446 4
443 3
439 2
437 0
428 2
428 3
428 1
429 5
582 2
580 5
831 5
1121 1
1119 2
1111 1
1110 5
1412 4
461 3
449 0
439 4
431 3
432 4
432 0
430 1
431 4
424 1
424 5
472 4
426 4
426 4
426 2
426 1
426 0
425 2
425 1
426 0
426 5
577 1
576 5
808 5
1074 0
1074 4
456 2
455 3
445 0
437 2
436 2
435 3
433 2
432 0
429 2
428 5
586 5
837 0
837 1
835 0
835 4
443 4
441 2
439 1
440 4
440 5
488 3
463 0
456 3
453 4
428 1
428 3
429 5
510 2
508 0
507 5
725 1
723 2
720 2
717 4
442 2
441 4
438 0
432 4
425 0
425 5
579 5
826 5
1101 1
1098 5
1372 3
1023 3
845 2
841 0
840 2
835 0
835 5
1271 3
1129 2
1122 0
1122 2
1116 4
463 0
457 1
458 0
458 2
456 4
428 4
424 1
424 2
423 2
422 2
421 5
494 5
721 0
721 4
435 3
432 0
423 0
423 4
416 3
419 3
417 1
417 5
487 0
487 0
487 4
416 2
416 3
421 2
420 5
480 1
481 4
414 2
414 5
483 2
481 1
481 2
479 2
479 4
420 1
421 2
421 4
421 3
421 2
420 1
420 3
422 0
419 2
418 1
419 4
413 0
413 5
569 2
566 2
565 2
566 3
489 4
427 3
429 4
425 2
423 3
424 0
418 0
418 0
418 4
413 1
413 1
413 0
413 0
413 3
418 4
417 4
417 1
418 2
416 0
415 3
416 0
416 3
417 5
581 4
420 4
420 0
417 3
419 5
568 3
506 3
485 5
692 5
1042 5
1404 3
1187 3
1039 4
474 2
471 5
511 2
509 4
441 5
503 5
711 3
575 4
454 0
445 4
427 4
424 1
425 3
427 1
427 0
424 2
423 4
419 5
486 0
486 2
484 4
425 3
431 4
431 3
426 3
426 1
426 0
423 3
424 0
424 2
423 2
422 1
422 3
424 4
418 3
419 2
418 3
419 0
417 2
416 4
415 3
419 3
417 3
419 4
419 1
422 3
419 5
481 2
479 0
479 4
417 5
483 5
685 3
547 3
521 2
519 4
431 2
430 3
425 2
424 2
423 1
423 2
422 3
427 0
425 2
424 4
418 4
417 1
417 4
417 2
416 0
415 3
417 4
414 2
413 2
412 0
412 3
415 2
414 2
414 5
583 2
581 4
423 3
425 5
485 5
692 2
689 5
962 0
962 5
1257 0
1257 4
458 4
454 4
454 1
454 4
454 1
454 0
439 4
426 3
425 4
425 4
425 5
476 3
451 5
597 0
597 3
531 0
528 1
528 1
528 0
528 5
873 2
869 2
865 4
441 4
434 3
423 2
422 4
422 3
425 4
425 4
425 0
423 0
423 2
422 1
422 0
422 4
415 1
415 4
415 4
415 3
419 2
418 3
418 2
417 3
419 0
418 4
414 0
414 1
415 4
414 2
414 0
414 3
414 3
415 2
414 1
414 2
414 0
414 3
416 0
416 2
415 5
594 0
594 4
418 0
416 3
417 3
417 2
416 0
416 3
417 4
414 4
412 3
416 4
415 0
414 5
585 2
583 2
581 5
830 1
829 0
829 2
825 0
825 0
825 2
820 2
816 0
816 0
816 3
617 3
570 0
570 0
570 2
568 1
568 5
936 4
448 4
439 0
433 3
434 5
619 1
619 1
619 0
619 0
619 0
619 0
619 0
619 4
430 4
428 3
426 4
426 2
425 4
425 0
423 3
426 5
585 0
585 2
583 3
517 3
488 4
428 0
427 2
426 0
426 5
627 2
625 4
435 2
433 5
503 3
473 1
473 3
460 2
459 3
457 2
456 0
455 4
426 0
424 2
423 3
423 2
422 0
422 4
416 4
413 1
413 2
412 1
412 5
503 3
462 5
681 4
431 0
422 0
422 2
422 4
417 2
416 2
415 4
415 2
415 1
415 1
417 1
417 3
418 1
418 2
417 4
417 4
417 2
416 3
417 3
420 3
419 2
417 0
417 2
416 3
417 0
417 4
411 4
411 4
411 2
411 3
416 1
416 1
416 2
414 3
416 2
414 2
413 3
416 2
415 2
415 4
415 5
489 3
457 2
456 5
641 0
641 3
568 1
568 4
438 0
432 3
431 2
430 4
415 2
414 4
413 4
413 0
412 3
413 3
414 0
414 3
414 2
413 4
410 2
410 2
410 5
499 0
499 0
499 3
464 1
464 4
421 4
421 5
485 3
459 4
423 0
421 1
421 2
420 0
420 3
421 4
415 3
416 0
415 3
416 4
413 2
413 0
413 2
413 4
413 2
413 1
416 1
416 3
416 2
415 1
415 4
415 2
415 2
414 3
416 0
416 1
416 0
416 3
416 5
600 1
600 2
598 2
597 5
862 2
857 0
857 0
857 4
437 2
436 3
428 4
426 2
425 3
426 5
484 3
457 4
427 3
425 3
423 3
423 3
424 4
423 4
423 4
423 3
425 0
422 3
422 3
424 5
584 3
511 0
511 2
510 3
504 5
810 2
806 2
803 3
701 4
443 4
436 2
434 2
433 3
432 2
430 5
493 1
492 4
425 3
423 4
422 4
422 4
422 0
419 2
419 3
418 0
418 4
412 4
411 2
410 2
410 4
410 4
410 2
410 2
410 2
410 0
410 4
410 2
410 2
410 2
410 0
410 0
410 3
412 1
412 2
411 4
410 4
410 2
410 2
410 4
410 2
410 3
412 4
412 0
412 2
411 2
411 2
411 2
411 4
410 2
411 2
411 4
411 4
411 4
411 3
412 0
411 2
410 5
579 3
513 3
488 2
487 4
426 2
425 2
424 2
423 3
415 3
417 0
416 5
601 3
527 2
526 3
503 4
427 1
427 1
427 3
425 3
419 0
417 2
416 2
416 1
416 2
415 4
411 4
411 3
415 3
412 0
412 1
412 1
412 4
410 1
410 4
410 2
410 2
410 5
485 4
417 2
416 2
416 4
416 4
416 5
480 0
480 2
478 3
451 5
637 3
560 1
560 4
442 5
501 0
501 0
501 3
483 3
472 3
467 5
689 3
603 2
601 4
446 1
446 3
432 0
425 4
419 3
418 4
417 2
416 4
416 2
416 1
416 4
416 0
415 2
414 5
590 2
587 2
584 3
518 1
518 3
497 4
432 4
428 3
422 2
421 4
421 2
420 2
420 0
418 4
414 2
414 3
415 2
415 4
415 4
415 4
415 3
415 1
415 4
414 2
413 2
412 0
412 2
412 2
412 1
412 0
412 2
412 3
415 3
420 3
416 4
416 1
416 2
415 2
415 4
415 4
415 1
415 2
415 5
503 4
419 3
421 4
420 5
487 4
417 5
483 3
453 4
423 2
422 4
421 2
420 5
485 4
417 2
416 4
416 3
419 2
417 4
417 3
419 1
419 3
419 4
419 3
420 4
420 0
418 4
415 1
415 2
415 3
422 2
420 1
420 4
420 1
420 5
481 3
453 1
453 2
452 3
448 0
446 2
445 5
669 3
574 3
547 2
545 3
537 2
536 3
533 4
428 2
427 4
419 4
419 0
419 2
418 2
417 3
421 4
416 4
414 2
412 3
412 4
412 4
411 2
410 3
416 4
416 2
414 5
504 5
746 4
428 4
424 2
423 1
423 2
423 1
423 3
425 0
419 5
587 2
585 0
585 4
420 4
418 2
417 2
416 2
415 0
414 2
413 0
413 2
413 2
413 4
412 3
417 4
417 4
417 2
415 2
414 1
414 3
415 3
418 0
418 3
418 0
418 2
417 4
412 3
413 1
413 0
413 3
415 2
414 2
413 3
414 2
413 0
413 0
413 5
577 4
418 1
418 3
418 2
417 2
416 4
416 3
421 4
421 2
420 4
420 4
420 3
420 3
418 2
417 4
417 5
486 4
417 4
416 1
416 4
416 0
414 4
413 2
413 0
413 1
413 3
417 0
416 2
415 4
412 4
412 2
412 0
412 4
411 3
421 0
419 3
419 5
577 0
577 3
503 4
427 4
424 3
423 1
423 2
421 1
421 4
420 5
486 5
696 2
693 4
425 0
417 3
418 0
418 1
418 0
418 0
418 2
417 0
417 0
417 3
417 1
417 3
419 0
419 4
411 2
411 3
416 0
415 3
416 1
416 5
578 1
578 1
577 4
420 5
493 4
417 4
417 4
417 2
417 4
417 5
480 4
414 0
413 2
413 3
417 4
415 2
414 3
423 3
415 3
416 1
418 0
416 3
418 4
413 3
416 2
415 3
415 4
415 4
415 2
414 3
416 2
415 4
415 2
414 2
413 4
413 3
417 3
415 1
415 0
414 3
417 0
417 4
413 5
484 2
482 0
482 1
482 0
482 0
482 4
416 2
416 3
423 3
418 2
417 4
416 2
416 3
423 4
423 1
423 0
420 2
419 0
419 0
419 2
418 3
420 5
575 2
572 0
572 4
420 2
419 4
419 2
418 2
417 2
417 3
423 4
423 4
423 2
421 4
421 2
420 4
420 5
482 0
481 4
414 2
414 3
420 2
418 5
483 4
414 5
479 4
414 0
413 3
418 0
417 1
417 1
417 2
416 2
415 0
415 4
413 2
413 4
413 0
413 1
413 4
413 3
418 5
481 4
416 4
416 4
416 2
416 0
414 4
414 0
414 2
414 2
414 4
413 3
415 3
416 1
416 4
416 3
420 2
418 1
418 5
488 2
486 0
486 2
484 4
416 0
415 2
415 4
414 2
414 3
422 5
483 4
416 4
416 4
416 0
414 2
413 2
413 2
413 2
413 2
413 2
413 3
419 4
419 4
419 1
419 2
418 1
418 0
418 2
417 1
417 5
572 0
572 4
418 4
418 4
418 0
417 0
417 2
416 1
416 2
415 4
413 4
413 4
413 5
483 1
483 0
483 5
684 5
961 4
444 3
439 5
501 4
429 0
426 3
429 5
569 1
569 2
567 3
496 1
496 2
494 2
492 4
431 3
431 2
429 2
427 4
426 3
430 2
428 4
428 5
490 3
463 4
424 4
423 4
423 5
482 3
456 3
447 0
444 4
420 1
420 3
421 3
423 4
418 4
418 2
417 4
417 5
484 3
460 2
458 4
420 4
420 1
420 4
420 5
488 3
457 4
419 4
417 3
420 4
420 1
420 4
420 4
420 1
420 0
418 4
412 4
412 3
415 2
413 4
413 2
412 2
412 3
416 5
491 5
713 2
710 1
710 0
710 4
432 3
432 2
430 4
428 0
423 5
585 2
581 0
581 4
424 0
422 4
417 0
417 3
419 4
419 5
485 3
457 0
453 1
453 4
425 0
424 5
613 5
890 0
890 0
890 5
1201 4
458 3
440 4
436 4
435 3
439 1
439 5
480 0
477 4
427 4
427 5
477 4
425 2
425 2
425 4
425 5
475 5
649 0
649 4
431 0
429 0
429 5
581 1
579 0
579 2
578 0
578 2
578 4
429 3
437 4
437 5
477 0
476 1
476 0
476 0
476 3
456 4
428 4
427 5
484 2
482 3
459 3
457 3
454 4
427 3
429 3
427 3
428 2
427 4
426 5
481 0
481 4
423 2
422 2
422 4
422 5
481 4
422 0
420 2
420 5
576 2
575 0
575 2
574 4
424 0
423 0
423 0
423 3
425 4
423 2
422 4
422 0
422 3
423 3
423 3
422 3
423 4
420 3
424 2
423 3
422 2
421 5
488 1
488 2
486 0
485 4
424 0
423 4
422 2
422 1
422 0
420 4
420 0
420 5
588 0
588 5
837 5
1122 5
1402 1
1402 2
1392 4
459 5
497 0
493 4
431 1
431 2
431 4
431 0
429 4
429 3
435 4
435 2
433 3
432 4
432 5
481 4
430 3
434 2
433 4
433 2
432 0
429 4
424 0
424 0
424 3
424 0
424 2
423 1
423 3
426 4
424 4
424 4
424 3
425 2
424 5
480 4
422 4
422 4
422 3
429 2
428 0
426 2
425 5
575 4
426 5
493 3
464 4
433 5
486 0
486 2
484 5
689 3
569 2
567 5
808 5
1184 2
1179 4
452 2
450 4
442 4
442 0
437 0
437 4
424 2
423 2
423 2
422 4
422 4
422 2
422 2
422 5
479 5
665 4
430 2
429 0
425 4
425 5
481 3
451 3
442 4
426 0
423 0
423 3
422 3
420 4
415 2
414 4
414 3
420 3
415 5
489 2
487 3
460 4
426 1
426 4
423 2
422 1
422 2
421 2
420 4
420 3
420 5
490 3
463 1
463 3
459 2
458 4
419 2
418 3
419 3
419 4
419 2
418 5
490 4
416 2
416 3
421 3
419 2
417 4
417 0
416 1
416 2
416 4
416 0
416 4
416 1
416 4
416 3
419 5
483 1
483 3
454 2
453 0
450 5
671 2
668 4
432 2
431 4
426 4
426 5
489 5
692 5
966 4
446 4
442 5
491 2
489 2
487 4
432 0
426 2
426 4
421 4
421 4
421 2
421 5
490 2
488 0
488 3
462 0
460 1
460 3
456 0
456 0
456 0
456 1
456 0
456 5
693 4
437 4
429 4
429 1
429 2
428 0
426 0
426 4
420 3
423 3
419 2
418 0
417 0
417 3
417 3
418 3
418 4
416 0
416 3
418 1
418 3
418 5
571 4
423 3
421 4
421 5
485 0
485 4
419 4
419 4
419 1
419 4
419 5
484 2
482 3
449 4
428 4
427 2
426 1
426 4
426 4
426 3
425 3
429 1
429 5
483 2
481 2
479 2
477 4
423 4
423 0
421 0
421 0
421 3
420 3
420 4
418 0
417 1
417 2
416 2
415 2
415 0
415 3
417 0
417 2
416 1
416 3
417 0
417 0
417 4
415 4
414 1
414 5
484 4
419 4
419 0
417 4
416 3
422 0
420 4
415 5
480 5
676 0
676 1
676 1
676 3
562 2
560 2
558 5
776 2
773 0
773 5
1137 0
1137 3
945 3
843 2
839 3
796 4
448 4
440 4
440 0
436 3
436 3
435 1
435 0
435 3
435 2
434 2
433 0
433 4
420 1
420 4
418 1
418 2
417 4
417 2
416 2
416 4
416 3
419 2
418 2
417 2
415 0
414 3
416 3
417 2
416 2
415 2
415 4
414 4
414 2
413 0
413 3
414 2
413 3
414 3
414 1
414 3
414 4
412 3
416 2
416 2
415 0
414 5
609 4
418 4
418 4
418 2
417 3
421 5
486 4
419 2
418 2
418 2
418 4
418 0
417 4
417 4
417 0
417 0
417 4
417 0
417 5
586 2
585 3
509 4
434 4
432 4
432 0
430 0
430 0
430 0
430 0
430 4
419 3
421 2
420 2
419 4
417 3
418 0
418 1
418 3
420 2
419 2
418 4
415 3
418 2
417 0
416 5
586 3
515 4
436 5
496 4
421 0
418 3
420 2
419 4
417 4
417 2
417 2
417 4
417 3
421 -1
709 0
647 4
480 5
506 2
504 1
505 4
455 1
455 4
454 1
454 2
453 1
454 5
504 3
478 3
469 3
462 5
581 2
579 2
577 4
441 1
441 2
440 5
491 2
489 4
428 1
428 5
483 1
483 0
483 0
483 3
454 1
454 5
614 2
611 2
608 2
605 1
604 5
891 0
891 1
890 4
444 2
442 5
497 3
462 4
430 1
432 3
428 2
427 4
423 4
423 2
421 0
420 1
422 5
577 4
424 3
426 2
424 1
426 4
426 4
426 3
428 4
428 4
428 5
485 1
486 5
652 0
652 2
649 0
649 4
433 0
426 3
425 5
561 5
802 1
802 2
798 5
1083 0
1083 0
1083 3
816 4
453 5
492 0
491 0
491 5
709 5
997 4
450 5
500 1
499 3
464 5
595 4
435 4
432 4
432 5
485 1
485 4
427 2
427 5
487 3
456 3
452 4
425 3
423 1
423 4
423 2
422 2
421 1
424 0
420 2
420 4
418 3
421 1
421 4
421 4
421 3
419 2
419 5
490 3
458 0
457 3
452 5
686 3
585 4
446 1
446 5
502 3
473 5
680 2
677 3
590 2
588 1
590 0
589 4
444 2
441 2
440 3
427 2
426 5
524 1
525 1
526 1
527 5
772 0
772 0
772 0
772 5
1079 5
1396 2
1388 3
1081 4
483 4
477 4
477 0
453 5
640 5
926 0
926 5
1249 4
452 1
452 0
440 0
440 2
439 3
438 5
587 3
521 1
521 4
433 2
432 1
432 4
431 2
430 3
425 4
423 3
425 0
424 4
420 3
423 4
422 2
421 2
420 3
425 0
423 1
423 5
586 5
850 4
445 1
447 4
442 4
442 3
439 2
438 4
438 1
438 4
437 3
439 5
480 0
475 5
654 1
654 2
650 5
899 5
1183 4
454 1
455 1
455 4
453 3
448 1
450 2
448 3
444 0
437 2
436 0
436 3
435 2
434 0
434 0
434 0
434 4
424 2
424 0
424 2
423 5
570 3
507 5
696 0
695 0
695 4
442 2
441 5
494 4
424 0
421 5
568 5
813 2
808 0
808 2
801 1
801 4
434 2
433 2
433 3
431 4
428 4
428 5
484 1
484 1
484 4
424 0
423 5
569 4
425 3
433 5
494 1
493 5
663 5
908 3
679 2
676 4
467 4
463 3
452 0
440 2
439 5
611 3
528 3
504 1
504 5
730 4
442 0
438 1
438 1
438 5
649 1
651 1
650 2
647 0
646 2
644 2
641 5
942 2
938 5
1252 4
460 3
450 0
435 3
434 4
424 0
423 3
424 2
423 0
422 0
422 0
422 1
423 5
582 2
578 1
578 2
577 4
426 2
425 4
425 3
430 1
433 3
427 2
427 4
426 2
423 5
483 2
481 3
456 3
450 4
431 1
433 4
433 2
431 1
431 3
428 2
428 0
422 3
421 3
420 1
421 2
420 3
421 2
420 2
419 3
422 2
421 4
420 3
419 3
418 5
491 1
491 0
491 5
716 4
438 3
433 5
484 1
485 2
483 2
481 5
664 4
426 5
493 1
494 5
692 0
692 2
689 0
689 5
950 1
949 0
949 5
1240 2
1232 2
1225 5
1512 5
1800 4
495 0
473 1
472 0
472 0
472 0
472 5
613 3
504 1
505 4
441 4
437 0
426 0
426 1
427 0
427 2
426 4
417 3
421 3
419 4
418 4
418 4
418 1
418 1
420 4
420 0
419 5
574 3
498 5
709 5
1051 0
1051 0
1051 2
1046 4
457 1
457 0
439 4
424 3
421 1
421 1
424 3
424 2
423 5
483 3
456 1
456 2
455 0
454 2
453 4
424 3
424 5
500 3
466 4
426 1
426 1
426 2
425 0
423 1
425 4
421 3
420 2
420 1
420 0
419 2
418 5
587 0
587 3
518 5
752 2
748 0
748 0
748 2
745 0
745 4
438 2
437 3
433 4
432 3
434 2
433 5
490 3
463 3
458 0
456 5
697 2
694 3
596 4
442 3
427 4
424 3
426 5
484 0
484 5
697 5
978 5
1286 2
1278 3
975 2
970 4
473 3
450 1
450 3
446 2
445 3
440 2
439 4
438 3
439 5
481 0
475 4
425 1
425 5
476 5
669 1
669 4
435 0
428 5
594 4
430 5
484 2
482 5
677 2
674 3
548 0
544 5
873 5
1261 1
1261 5
1658 2
1651 1
1649 1
1649 4
465 2
462 2
460 2
459 3
448 5
488 2
486 3
461 0
456 3
454 3
453 5
660 3
582 2
580 1
580 0
578 3
563 0
563 2
561 5
942 1
942 3
842 1
842 3
805 5
1385 4
461 5
513 5
748 4
441 2
440 3
434 4
430 2
429 5
480 2
478 4
422 5
485 1
484 5
670 3
548 2
545 2
542 3
508 5
729 5
1106 5
1507 2
1500 2
1494 0
1494 3
1249 2
1243 2
1237 5
1703 5
2235 5
2792 3
2566 2
2556 3
2446 5
3233 3
3123 0
3123 3
3059 0
3059 3
2973 0
2973 3
2906 3
2837 1
2837 1
2837 3
2781 4
511 3
470 0
457 0
457 2
456 3
451 2
450 4
436 4
431 5
500 4
437 2
436 1
436 1
436 5
491 3
462 3
456 3
454 4
425 4
422 1
422 4
422 2
421 1
421 1
421 0
421 0
421 3
421 4
419 0
419 4
419 4
418 0
418 2
418 0
418 2
418 2
418 5
606 0
606 2
606 0
606 3
524 4
441 2
440 3
435 2
434 2
433 4
428 5
488 4
428 2
427 0
422 3
424 2
423 0
422 4
418 5
486 4
425 5
480 4
423 4
422 4
422 2
422 0
421 4
419 4
419 3
426 5
484 2
482 4
421 1
421 0
419 4
419 0
418 3
420 5
570 4
425 1
425 5
489 4
420 4
420 5
481 0
480 2
478 0
478 0
478 4
420 3
425 1
425 2
424 0
421 1
421 0
421 0
421 0
421 2
420 3
421 4
419 2
419 4
419 2
418 5
478 1
478 1
477 3
456 2
455 1
456 3
449 0
448 0
448 1
448 5
658 5
956 3
760 3
677 1
677 0
677 5
1124 4
464 3
445 3
439 4
431 1
431 0
427 3
427 5
580 0
580 2
577 3
512 5
752 4
440 5
500 0
497 2
495 5
711 3
589 2
587 2
585 0
583 0
583 3
552 4
447 3
433 2
432 3
432 5
528 0
528 2
526 5
789 0
789 5
1095 2
1089 0
1089 2
1083 4
455 2
452 1
452 1
452 2
451 0
438 5
598 0
598 4
431 2
430 4
430 2
430 1
431 5
489 5
674 0
674 2
671 5
934 3
689 5
971 4
465 5
503 0
501 5
723 4
444 4
442 4
442 2
440 5
482 5
664 4
442 1
442 2
441 3
439 4
438 4
438 0
431 1
431 0
431 5
588 1
588 4
421 2
420 4
420 5
485 4
419 2
419 0
418 0
418 4
418 0
418 1
418 0
418 5
560 3
498 0
489 1
489 2
487 5
750 2
746 5
1079 0
1079 4
461 0
445 2
443 1
444 2
443 4
425 5
491 4
425 4
424 2
424 2
424 3
431 2
429 1
429 5
491 4
422 3
428 2
426 1
426 0
424 2
423 0
423 3
424 0
424 4
417 4
415 4
415 2
415 0
415 2
415 1
415 1
417 4
415 1
415 5
489 3
457 3
451 2
450 2
448 1
448 0
446 1
446 2
445 2
444 4
424 0
424 3
424 5
603 2
600 0
600 3
521 2
519 4
436 0
436 4
418 0
418 4
416 2
415 2
414 5
489 1
488 2
486 3
455 0
450 1
450 5
695 0
695 3
598 4
444 3
428 0
424 2
423 2
422 2
422 4
416 3
418 5
500 1
501 0
501 2
499 0
499 2
497 4
420 2
419 5
476 3
453 3
448 1
449 4
423 3
422 2
420 4
418 0
417 3
418 1
418 4
413 3
418 1
418 5
495 4
419 1
419 4
418 2
417 0
414 2
414 5
581 3
502 4
427 4
425 1
425 0
423 0
423 3
423 2
422 5
603 4
425 0
424 3
426 2
425 0
424 0
424 3
423 2
422 2
422 3
422 3
421 5
609 4
422 3
421 0
419 3
416 4
412 3
417 5
498 0
497 4
416 3
421 5
482 2
480 2
478 1
478 3
459 2
458 2
457 0
455 4
424 2
423 4
419 0
417 2
416 0
416 0
416 5
592 0
592 4
418 4
417 4
417 0
415 2
415 3
416 2
415 0
415 3
417 4
415 3
416 3
415 0
414 3
415 2
414 4
412 5
489 2
487 3
458 0
457 5
700 2
697 5
1021 1
1019 0
1019 2
1012 1
1011 2
1006 3
794 1
794 1
794 5
1170 4
462 2
461 4
449 5
483 4
429 2
427 4
426 4
426 3
426 3
425 2
424 5
482 3
452 0
450 4
423 3
424 0
422 3
423 3
423 3
423 4
418 2
417 5
494 0
494 2
492 3
465 2
464 0
462 2
460 2
459 4
427 3
423 0
420 4
418 5
493 4
421 4
420 4
420 3
421 2
420 0
418 3
419 0
419 0
419 2
418 1
418 5
597 2
595 4
421 4
421 4
421 0
420 5
593 2
590 5
857 4
440 2
439 5
503 0
502 4
433 0
427 4
427 5
486 4
427 0
425 0
425 3
425 4
421 1
421 3
426 3
420 5
488 2
486 0
486 1
486 3
459 4
425 0
423 4
418 4
418 1
420 1
420 2
419 4
419 3
424 4
424 2
423 0
421 0
421 0
421 3
421 2
420 4
415 0
415 3
416 2
415 3
417 4
416 2
415 5
488 2
486 1
487 2
485 0
485 2
483 3
452 4
418 2
417 2
416 2
415 4
414 3
419 3
418 3
419 4
419 1
419 0
416 5
592 5
859 4
446 0
436 3
433 2
431 2
430 2
429 3
431 2
430 3
429 4
423 4
421 0
420 0
420 4
416 2
416 2
416 4
415 3
422 0
421 5
588 2
586 2
583 5
839 3
647 4
453 4
448 2
447 3
449 2
447 0
439 3
434 3
432 0
432 4
420 2
419 2
418 2
417 3
421 4
420 0
419 3
418 1
418 2
417 1
417 3
417 2
416 2
415 0
415 3
415 3
416 2
415 4
414 2
414 2
413 2
413 4
413 5
483 1
483 5
701 5
980 2
974 1
974 1
974 4
454 3
443 4
441 3
446 3
444 2
443 1
443 4
443 4
443 1
443 1
443 4
443 0
434 0
434 1
435 0
435 5
590 2
588 0
588 4
433 1
433 5
487 4
427 5
484 5
653 1
653 4
429 3
432 3
430 3
433 4
431 4
431 1
431 1
431 3
433 0
430 2
429 0
429 4
422 4
422 0
422 4
422 3
429 0
426 1
426 3
430 0
428 0
428 2
427 1
427 1
427 2
426 5
575 1
575 4
428 1
428 1
428 1
428 4
427 3
429 2
428 5
489 5
667 4
425 4
425 0
424 4
422 3
424 3
424 5
483 0
483 0
483 4
423 0
423 4
422 5
481 5
654 5
894 2
890 1
889 2
885 2
881 5
1163 3
815 0
812 2
808 2
804 4
470 5
517 4
439 2
438 5
492 4
434 3
432 2
431 2
430 3
432 4
432 2
430 4
430 4
430 0
426 5
592 2
589 1
588 4
429 3
427 0
423 0
423 1
423 2
423 0
422 2
422 5
583 4
429 2
428 4
427 3
429 2
428 0
425 5
577 4
420 5
483 5
670 3
544 3
512 2
510 4
430 1
430 1
430 2
429 4
424 3
426 4
424 1
424 1
424 3
426 2
424 2
423 4
423 3
427 2
425 0
420 0
420 2
419 4
413 3
416 4
416 4
416 2
414 2
414 4
414 4
414 2
414 4
414 4
414 3
417 3
417 0
415 3
414 3
415 4
413 1
413 4
413 2
413 1
413 0
413 4
412 4
412 4
412 1
412 4
412 0
412 4
412 4
412 2
412 3
416 5
485 1
484 3
454 2
453 2
452 2
451 3
446 3
444 3
442 5
629 5
920 3
739 1
739 3
673 0
671 0
671 2
669 0
669 0
669 2
667 4
448 3
428 5
531 2
529 3
488 4
424 3
423 0
420 3
418 4
414 0
414 0
414 5
618 4
425 4
422 2
421 0
418 3
421 4
415 4
415 4
415 3
421 2
419 2
418 4
418 1
418 3
420 3
416 5
495 4
416 5
485 3
457 4
424 4
423 2
421 2
420 0
419 3
419 1
419 0
419 5
587 0
587 3
519 4
431 2
430 2
429 5
499 1
496 0
495 4
424 2
422 5
494 3
460 2
459 2
458 2
457 0
454 2
453 0
453 3
450 5
685 4
434 5
513 5
745 0
745 4
441 3
435 3
434 5
480 2
478 2
476 3
460 3
454 5
620 0
620 3
536 5
816 5
1199 3
1031 4
461 3
454 3
443 4
440 1
440 5
485 2
483 1
482 5
654 1
654 2
651 0
651 2
648 3
545 4
448 3
435 1
435 5
494 3
470 4
432 2
431 1
431 4
429 1
429 1
429 4
429 1
429 2
428 2
427 3
430 3
432 5
479 5
663 3
553 3
524 3
514 4
431 0
431 2
430 2
429 0
429 4
422 5
515 0
514 2
512 2
510 5
767 4
436 2
435 4
431 2
430 0
424 4
420 4
420 3
426 5
498 0
498 1
498 5
712 2
709 1
709 0
709 2
706 3
584 3
542 1
542 2
540 2
538 3
526 4
434 4
428 2
427 0
425 1
425 2
424 2
423 5
615 3
533 3
506 3
500 5
761 1
761 2
757 4
438 4
430 1
430 5
496 4
426 0
422 1
422 2
421 2
421 3
421 4
419 2
419 3
421 0
419 4
415 3
418 2
417 2
417 2
417 2
417 2
417 5
498 5
718 5
1005 5
1305 2
1298 3
978 3
831 3
773 2
769 3
735 2
732 2
729 4
450 2
449 0
443 5
652 4
439 1
439 0
433 5
620 0
620 2
618 2
616 3
531 3
514 3
503 5
746 5
1128 3
944 2
939 5
1408 0
1408 4
481 1
481 2
478 4
467 1
467 3
445 3
443 0
431 5
620 3
537 2
536 0
533 3
525 0
524 1
524 2
523 5
860 2
856 3
730 2
727 4
461 0
445 3
443 0
443 4
420 5
508 5
744 2
741 5
1044 1
1044 3
802 1
802 0
800 3
729 5
1156 3
1028 3
985 0
985 4
473 3
455 5
532 3
487 2
486 0
484 4
439 5
525 4
441 4
435 4
435 5
493 3
459 3
452 2
451 3
450 5
656 2
652 3
563 2
561 4
439 2
438 3
432 5
526 2
524 4
431 0
423 0
423 5
618 0
618 4
434 2
433 0
425 2
424 1
424 5
612 1
612 5
888 3
672 2
669 0
666 1
666 2
663 1
663 5
1026 5
1421 5
1842 3
1608 2
1599 0
1599 0
1599 2
1590 2
1583 1
1583 0
1583 2
1575 3
1437 2
1431 4
482 5
510 3
485 4
436 4
434 3
428 3
425 5
503 2
501 3
466 2
465 3
456 2
455 1
455 2
454 1
454 1
454 3
453 3
451 3
449 2
448 3
444 0
441 0
441 3
441 3
441 5
668 0
668 2
665 5
986 3
784 0
784 2
780 4
459 3
436 4
430 3
430 2
429 2
428 2
427 0
425 2
424 3
423 4
417 1
417 4
416 2
416 4
416 3
418 1
418 2
417 3
418 3
418 3
420 3
419 4
419 0
417 3
417 3
418 3
417 5
608 4
422 1
422 1
422 2
421 4
419 3
418 3
417 2
416 0
416 4
413 1
413 0
413 2
413 4
412 3
417 3
416 3
418 3
418 4
417 4
417 3
414 0
413 5
584 2
583 4
417 3
419 3
418 5
493 4
415 1
415 3
420 0
417 3
417 0
417 2
416 3
416 2
416 3
417 3
416 1
416 4
414 0
414 3
415 3
415 1
415 5
574 2
572 3
509 1
509 2
507 2
505 0
502 5
812 3
686 0
685 1
685 5
1141 2
1137 2
1133 2
1129 3
997 1
997 3
948 3
932 3
926 2
923 2
919 5
1637 5
2402 3
2272 3
2214 4
490 1
490 2
486 1
486 4
472 2
468 2
466 0
454 2
452 4
428 3
427 3
425 4
423 2
422 1
422 2
421 0
419 2
419 2
419 4
419 0
419 2
419 2
419 3
419 2
419 2
419 3
420 3
420 2
420 4
420 4
420 3
419 4
419 3
420 4
420 3
420 4
420 2
420 0
420 3
420 3
420 2
420 3
420 4
419 3
420 2
419 4
419 3
419 2
419 3
419 3
420 5
494 3
459 4
427 4
426 0
424 3
425 5
611 3
543 3
518 4
427 1
427 1
427 3
426 4
420 2
419 2
418 4
418 3
420 3
422 4
422 5
499 2
497 0
496 4
422 4
421 3
420 3
420 3
419 2
418 5
483 3
464 5
638 2
635 0
635 1
635 1
635 3
550 5
843 3
746 1
746 2
743 5
1208 4
454 4
447 0
434 2
433 3
433 2
432 3
429 3
430 2
429 1
429 4
413 1
413 0
412 5
597 3
516 1
516 4
432 4
426 4
426 4
426 1
426 3
425 4
423 3
422 1
422 2
420 1
420 3
420 2
419 1
419 5
483 2
481 3
458 3
454 3
452 3
449 3
449 5
647 2
644 4
426 2
425 4
421 5
481 1
482 0
482 5
693 4
434 0
425 2
425 3
430 5
580 3
510 2
509 3
493 5
727 0
727 1
727 3
639 4
442 1
442 4
433 5
480 3
459 5
651 2
646 4
431 2
430 3
430 5
485 2
483 1
483 2
482 3
458 1
458 1
458 3
451 3
447 5
624 4
431 0
429 1
429 1
429 2
427 2
427 4
421 0
421 3
422 2
420 0
420 4
417 4
412 3
419 4
418 4
418 0
416 4
411 3
414 0
414 0
414 0
414 4
411 2
411 3
413 2
412 3
416 4
416 3
413 2
412 3
415 2
413 4
413 1
413 4
413 3
413 2
412 2
412 3
415 2
413 3
414 3
417 4
417 5
484 1
484 0
484 1
484 -1
