5 2000
37 5
37 5
45 0
45 5
75 5
107 3
97 1
97 1
97 3
89 3
85 1
85 1
85 3
83 0
83 4
22 4
22 1
22 1
22 1
24 3
23 4
22 4
22 5
27 0
26 3
23 1
25 5
45 0
45 4
20 0
20 1
21 5
42 3
34 0
34 3
33 1
33 3
33 1
33 5
72 0
72 4
22 3
22 4
22 3
21 3
20 5
30 4
21 4
20 5
26 0
26 3
23 3
23 5
42 3
35 4
21 4
21 3
20 0
20 1
20 3
20 5
39 3
29 4
20 4
20 0
20 5
39 1
39 5
62 3
46 4
25 5
30 1
31 1
30 4
23 0
21 1
22 5
41 5
68 0
68 5
92 1
91 3
74 0
74 1
74 5
116 1
116 5
159 3
146 3
135 5
206 5
281 4
24 5
25 3
23 0
23 3
23 0
23 1
23 3
23 3
23 4
19 3
19 1
21 3
21 4
21 0
20 1
21 3
20 1
22 3
21 3
20 5
38 3
32 4
21 4
21 4
21 3
20 5
29 3
26 5
46 4
21 5
27 5
47 3
35 4
21 1
23 5
32 5
52 4
23 3
25 0
22 3
22 3
22 4
20 1
20 0
20 3
20 4
19 3
20 3
20 0
20 3
20 5
42 0
42 1
42 4
21 5
27 3
25 5
40 4
21 4
21 3
21 1
23 5
32 5
53 1
53 4
22 5
29 0
29 1
30 1
31 4
21 3
21 5
35 0
35 3
27 5
54 0
54 3
45 3
45 0
44 3
44 3
44 3
44 5
91 4
20 3
20 4
20 3
22 3
22 5
31 3
25 5
46 3
38 4
21 5
26 5
48 1
47 5
70 3
53 0
53 3
44 0
44 0
44 5
87 3
76 3
74 3
73 3
73 3
73 3
73 5
152 3
141 0
141 3
139 3
139 4
26 5
32 3
30 3
30 4
22 0
20 3
20 4
20 3
19 5
30 5
52 5
75 3
57 3
46 5
85 3
77 3
76 4
20 3
19 3
20 3
19 3
20 1
20 4
20 0
20 5
43 5
66 4
22 3
20 5
29 1
30 4
20 0
20 3
20 0
20 5
42 3
34 3
30 5
59 3
51 4
22 3
21 3
20 5
31 4
20 3
20 4
20 3
20 5
30 3
27 0
26 5
56 3
46 0
46 5
84 4
20 0
19 4
19 5
34 3
26 3
26 1
26 5
53 4
23 4
23 5
29 1
30 3
28 3
29 3
26 1
26 3
26 5
48 3
38 4
20 3
21 5
32 4
20 3
20 1
22 3
20 1
20 5
32 4
20 5
32 3
27 4
21 4
21 1
21 4
21 3
21 3
23 5
27 5
50 3
37 1
37 3
36 4
22 5
31 3
30 3
28 1
28 3
28 3
29 5
50 4
20 1
20 0
20 3
21 1
22 3
21 0
21 4
20 4
20 5
30 0
30 4
19 5
30 3
26 3
24 3
24 5
46 3
37 3
36 3
36 3
36 1
38 0
38 3
38 5
80 3
71 1
71 4
23 5
33 0
33 4
19 1
19 1
19 5
32 3
25 4
22 1
22 5
31 0
31 3
27 5
52 3
41 3
41 3
41 5
84 3
77 4
20 3
19 3
20 0
20 1
20 5
41 0
41 3
31 0
31 3
30 4
20 0
20 5
43 5
65 3
53 1
53 3
48 3
45 3
45 5
92 5
142 4
22 3
20 3
21 4
21 1
21 3
22 0
20 3
20 3
20 5
40 3
30 4
20 3
20 3
21 5
29 3
24 1
24 4
20 1
22 3
19 3
20 5
34 5
59 3
45 5
80 4
24 5
32 3
28 4
21 5
31 0
31 0
31 1
31 0
31 3
27 4
20 1
22 3
19 5
32 3
25 1
25 4
20 0
20 1
22 5
39 0
39 1
38 3
31 4
22 0
22 1
22 5
43 4
21 3
22 0
21 5
43 4
20 1
22 5
28 5
50 5
77 1
77 5
104 1
104 5
131 5
154 5
175 5
202 3
185 5
228 5
274 4
22 3
24 3
23 3
23 4
23 5
27 5
43 0
43 4
21 3
22 3
21 0
20 5
41 5
63 4
20 4
20 3
20 0
19 3
20 4
20 0
20 3
20 4
19 1
21 3
22 3
21 3
22 3
19 4
19 3
22 3
19 3
21 4
21 5
29 3
28 4
21 1
21 5
25 3
21 3
21 3
21 3
21 4
20 4
20 5
30 5
48 4
21 3
24 0
22 4
20 1
20 3
22 0
22 0
22 3
22 4
19 4
19 5
28 3
23 0
23 4
20 4
20 3
21 3
20 4
20 3
23 3
22 3
21 3
22 1
22 1
22 5
26 4
20 3
22 1
22 4
22 1
22 5
29 3
28 3
27 5
46 3
37 3
37 3
37 1
37 3
36 4
20 3
19 5
34 3
26 0
26 3
26 4
20 4
20 3
20 3
20 3
20 1
20 3
20 4
20 3
19 3
19 4
19 5
34 3
26 3
26 0
26 3
26 4
20 4
20 4
20 0
20 4
20 0
20 5
44 0
44 4
21 3
22 4
22 0
21 1
21 5
43 3
30 3
29 3
29 4
19 4
19 5
29 3
25 0
25 3
25 3
24 3
24 5
52 4
21 3
19 1
19 3
19 3
20 3
20 0
20 1
20 4
19 1
19 5
30 3
25 4
20 0
20 4
19 3
20 4
20 5
30 5
54 5
78 3
57 4
23 3
21 3
23 1
24 5
27 0
27 3
24 3
24 5
51 5
78 3
62 1
62 3
54 3
52 3
51 3
51 3
51 3
50 1
50 0
50 4
21 0
21 0
21 3
21 5
43 1
42 5
66 0
66 3
54 0
54 0
54 3
46 3
46 0
46 1
47 3
46 4
20 5
34 3
28 5
55 3
48 3
45 3
43 5
89 0
89 0
89 5
134 4
21 1
21 4
21 4
21 5
31 1
32 4
21 1
21 3
21 1
21 3
21 5
29 4
22 5
26 3
23 0
23 4
20 3
20 4
20 3
20 3
20 3
20 4
20 5
30 3
27 4
20 4
20 0
20 3
20 5
37 3
29 0
29 5
59 4
22 5
29 1
28 4
22 3
25 3
24 3
23 3
24 3
22 4
22 3
23 0
23 4
20 0
19 3
20 3
20 1
20 4
20 5
28 3
25 1
25 3
25 5
44 4
20 4
20 5
29 3
26 5
47 0
47 3
39 3
37 4
22 4
22 3
20 5
32 4
20 0
19 5
40 5
62 3
52 3
39 3
37 0
37 4
22 0
22 3
22 1
22 5
45 0
45 5
69 3
57 1
57 3
52 3
46 3
45 5
93 3
84 4
21 1
21 5
32 1
32 5
57 1
57 0
57 0
57 4
20 3
21 5
28 4
20 4
20 3
20 4
20 5
28 3
25 4
21 1
23 3
22 5
28 0
28 3
24 3
24 0
24 5
51 3
41 3
39 0
39 3
39 0
39 3
39 5
84 5
127 3
121 1
121 5
181 5
244 3
239 3
233 1
233 4
22 3
20 1
20 3
21 0
21 5
43 4
22 4
22 3
25 1
25 1
25 5
28 3
28 3
27 0
27 3
27 3
27 0
27 5
54 3
43 3
42 0
42 0
42 3
42 4
21 5
31 5
57 3
43 4
22 4
22 3
22 1
22 3
22 3
21 5
31 0
31 4
21 3
21 5
28 1
28 5
48 3
37 3
33 0
33 3
33 3
33 4
20 5
29 4
19 0
19 0
19 1
19 5
40 3
30 4
23 5
31 1
31 3
25 4
20 1
20 3
20 3
20 4
20 0
20 4
20 4
20 4
20 1
20 4
20 3
20 1
20 3
19 3
19 5
32 4
20 1
20 3
20 4
20 3
20 4
20 5
32 4
20 4
20 3
20 3
20 5
32 3
26 3
26 3
27 5
50 3
41 3
40 3
40 3
40 1
40 3
40 1
40 0
40 5
86 3
76 1
76 1
76 1
76 1
76 1
76 0
76 3
75 3
74 3
74 0
74 3
74 4
24 5
30 3
27 4
20 4
20 0
20 4
20 0
20 5
38 4
23 3
24 3
21 3
23 3
22 3
23 0
21 0
21 3
21 3
21 3
21 4
20 3
22 4
22 3
21 4
21 0
20 3
20 4
20 1
20 0
20 0
20 1
20 0
20 3
20 3
20 3
20 5
39 3
30 3
29 5
59 3
50 1
50 3
48 4
22 3
21 1
21 5
30 3
24 3
24 3
24 3
24 0
24 4
20 3
19 4
19 3
20 3
20 4
20 3
20 0
20 0
20 0
20 4
20 5
34 5
59 3
46 3
40 5
80 0
80 3
71 3
68 3
68 3
68 3
68 1
68 5
140 3
131 3
128 3
127 1
127 5
234 4
23 3
20 3
20 3
21 3
21 0
21 3
21 1
21 3
21 5
42 1
42 5
68 1
68 5
96 5
121 3
111 3
96 0
96 5
159 5
225 3
215 3
207 3
193 3
190 0
190 3
188 5
331 3
327 4
25 3
22 4
22 3
23 4
23 3
22 5
30 3
26 5
42 1
42 3
37 1
37 3
34 3
34 3
34 0
34 5
72 3
66 3
62 3
62 3
62 1
62 4
23 0
22 3
22 5
43 3
36 3
33 1
33 4
19 3
19 3
20 0
20 4
19 0
19 0
19 4
19 4
19 3
19 4
19 3
19 4
19 4
19 3
20 3
20 3
19 3
19 0
19 5
40 1
40 3
29 3
28 3
28 5
58 3
52 1
52 3
51 1
51 3
48 3
47 0
47 0
47 3
47 3
47 3
47 3
47 5
98 3
88 4
23 3
21 4
21 5
29 3
25 3
24 3
24 4
20 1
20 0
20 5
40 5
62 0
62 1
62 4
20 3
21 5
28 3
25 3
25 3
25 5
40 3
35 0
35 3
35 3
34 5
74 5
113 4
21 3
21 3
22 4
22 5
26 3
25 4
21 4
21 4
21 0
20 3
21 4
20 3
20 5
34 4
20 3
23 3
22 3
21 3
23 4
23 3
21 4
21 3
21 3
20 3
23 4
23 0
22 4
20 0
20 3
21 3
21 3
20 4
19 3
19 5
30 3
24 3
24 3
24 0
24 3
24 4
20 3
20 0
20 0
20 3
20 3
20 4
20 3
19 3
19 1
19 4
19 0
19 3
19 3
19 5
40 1
39 3
32 5
57 3
47 1
47 3
45 1
45 1
45 5
91 4
21 4
21 5
30 5
53 4
22 3
21 0
20 4
19 0
19 3
20 3
20 1
20 0
20 3
20 3
20 3
20 5
41 3
35 0
33 3
31 3
31 5
65 0
65 5
98 3
91 5
144 4
23 0
22 3
22 3
21 4
19 3
19 4
19 3
19 5
30 0
30 3
24 3
24 3
24 3
24 0
24 5
53 5
79 3
69 3
60 5
112 0
112 3
103 3
96 0
96 3
96 5
189 3
183 3
179 3
179 4
23 4
23 3
21 0
20 3
20 3
20 3
20 3
20 3
20 3
20 0
20 3
20 3
20 3
20 4
19 3
20 3
19 3
20 3
20 5
29 3
25 3
25 0
25 3
25 3
25 5
55 5
83 3
73 3
63 3
60 4
20 3
19 1
19 4
19 3
19 1
19 3
20 3
20 0
20 5
42 0
42 0
42 3
33 3
31 1
31 0
31 3
31 0
31 4
20 3
20 0
20 3
20 3
20 4
19 0
19 4
19 4
19 0
19 0
19 0
19 0
19 3
19 3
19 0
19 5
39 0
39 3
32 1
32 0
32 3
32 5
67 0
67 4
21 3
21 0
20 4
20 3
20 5
34 3
29 3
28 3
27 4
20 1
20 1
20 0
20 3
20 4
19 4
19 0
19 3
20 0
20 5
42 3
35 3
32 4
21 3
23 4
22 3
20 3
22 3
20 4
20 3
22 3
21 3
22 3
22 3
22 3
22 1
22 3
22 3
22 0
20 3
20 5
39 0
39 3
32 1
32 3
29 3
29 3
29 3
29 3
29 3
29 3
29 0
29 1
29 3
29 0
29 3
29 1
29 0
29 3
29 3
29 0
29 5
62 3
53 4
21 4
21 4
21 5
28 5
50 3
36 5
66 1
66 5
100 0
100 0
100 3
92 3
86 4
22 3
21 3
21 0
20 5
41 1
40 3
32 4
21 3
21 3
20 1
20 4
20 3
21 3
21 3
20 3
21 3
20 3
20 3
21 3
21 3
20 1
20 4
20 0
19 4
19 0
19 4
19 5
34 4
20 3
21 5
32 4
20 3
20 3
21 4
21 3
20 1
20 4
20 3
20 5
32 3
26 5
51 0
51 5
79 0
79 3
68 3
59 3
57 3
57 3
57 0
57 0
57 3
57 3
57 3
57 3
57 4
20 4
20 5
30 5
54 3
41 3
36 4
19 4
19 3
19 4
19 3
19 4
19 3
20 5
34 4
20 3
21 4
21 3
20 1
20 3
21 0
21 0
21 4
20 5
33 3
28 0
27 1
27 3
27 5
56 4
22 0
21 4
21 3
21 3
20 3
20 1
20 3
20 3
20 3
20 3
21 4
20 0
20 3
20 3
20 0
20 3
20 5
39 5
61 0
61 0
61 3
48 3
39 0
39 3
37 4
21 3
19 5
33 4
20 1
20 3
22 1
22 3
21 3
20 5
29 1
29 3
25 3
24 5
44 5
71 3
59 5
100 3
88 4
23 3
21 5
32 0
32 4
22 1
22 3
24 3
23 3
23 4
23 4
23 3
23 3
24 4
24 3
22 1
22 3
23 3
21 3
24 3
22 3
22 3
23 0
22 3
22 3
23 3
23 0
23 3
23 3
23 3
23 3
23 4
21 0
21 4
21 1
21 0
21 5
38 3
32 3
31 4
21 4
21 0
21 3
20 5
37 5
59 1
59 0
59 3
41 1
41 3
38 3
37 3
37 3
37 5
75 3
64 0
64 0
64 0
64 0
64 5
121 3
115 5
184 3
180 3
177 0
177 3
176 3
175 3
174 3
173 3
172 3
171 5
330 3
324 0
324 3
322 4
22 0
22 0
22 3
22 3
22 3
22 0
22 3
22 3
22 3
22 3
22 3
22 3
22 3
22 4
19 3
20 4
20 3
19 0
19 0
19 3
20 0
20 3
20 4
19 3
19 3
19 4
19 3
19 3
20 3
20 3
20 3
19 4
19 3
20 3
20 4
20 0
20 3
20 0
20 3
20 4
19 4
19 3
20 3
21 0
21 1
21 3
21 0
21 5
44 3
38 3
36 3
33 3
33 5
69 3
61 3
58 3
58 0
58 4
21 4
21 0
21 3
21 3
21 3
21 3
21 0
21 3
21 3
21 0
21 3
21 3
21 3
21 3
21 4
19 3
19 3
20 3
19 4
19 3
20 4
20 3
20 0
20 3
20 4
20 3
20 3
19 3
20 3
20 3
19 0
19 3
20 5
39 1
39 5
64 3
51 4
22 0
22 3
22 3
22 3
22 3
22 3
22 3
22 0
22 5
45 3
36 4
20 1
20 4
20 5
30 4
19 0
19 3
20 3
20 0
20 3
20 4
19 3
20 3
22 3
19 3
21 4
21 4
21 3
21 3
19 3
22 3
21 3
22 4
22 5
30 3
25 3
24 3
24 3
24 0
24 3
23 3
23 3
23 3
23 3
23 1
23 4
20 5
30 3
27 5
48 3
39 4
21 3
20 3
21 4
21 0
21 5
47 5
70 3
57 3
49 0
49 3
47 3
46 3
46 3
46 1
46 4
20 3
19 3
20 3
20 5
35 3
30 1
30 3
30 3
30 0
30 3
30 5
61 3
53 0
53 3
51 5
102 4
24 0
24 0
24 3
24 3
24 3
24 5
45 1
44 5
69 1
69 5
99 4
24 3
24 3
21 1
21 3
22 3
22 3
21 1
21 3
22 3
20 4
20 0
20 3
20 4
20 4
20 4
20 3
20 3
21 5
30 3
27 1
27 0
26 3
26 3
26 1
26 3
26 3
26 5
56 5
84 3
76 3
69 3
66 3
64 3
63 3
63 5
130 3
122 3
119 0
119 5
213 0
213 1
213 1
213 4
21 0
21 1
21 0
21 4
19 3
19 4
19 0
19 1
19 3
20 0
20 0
20 0
20 3
20 5
43 5
66 4
22 4
22 3
22 3
20 0
20 1
20 3
21 4
20 4
20 3
20 4
20 4
20 5
30 3
27 5
50 0
50 4
21 4
21 4
21 0
20 3
20 3
20 4
19 3
19 1
19 4
19 0
19 3
20 1
20 3
19 5
39 4
21 1
21 0
20 5
40 5
62 5
87 1
86 3
66 1
66 5
104 4
23 3
23 3
21 3
21 5
28 5
48 3
38 5
69 1
69 4
19 3
21 0
20 4
19 1
19 3
21 1
21 5
32 0
31 3
25 3
25 0
25 3
25 0
25 3
25 3
25 4
20 4
20 3
19 3
20 5
29 5
52 3
39 1
39 3
36 4
22 3
21 1
21 3
21 5
29 3
27 3
26 3
25 3
25 5
43 1
43 0
43 3
38 0
38 0
38 3
36 5
76 4
22 4
22 4
22 4
22 3
23 3
21 5
27 5
44 3
33 4
20 3
19 4
19 0
19 3
20 1
20 3
20 3
20 4
20 1
20 0
20 4
20 3
21 3
20 4
20 4
20 0
19 3
19 3
20 4
20 3
19 3
20 4
20 3
19 1
19 1
19 3
20 1
20 4
20 3
19 3
20 4
20 0
20 5
39 3
32 3
29 3
27 3
27 3
27 3
27 0
27 3
27 3
27 3
27 3
27 3
27 5
58 3
51 5
92 4
22 5
31 0
31 4
20 0
20 3
21 3
21 3
21 0
21 3
21 3
22 4
21 3
19 1
19 3
20 0
20 1
20 4
20 4
20 3
19 0
19 4
19 3
19 5
30 5
53 0
53 1
53 3
37 3
33 1
33 4
21 0
21 5
41 3
32 3
31 3
31 -1
37 1
37 1
37 5
37 5
45 3
41 3
40 0
40 5
82 3
77 5
134 0
134 5
192 0
192 5
249 1
248 5
303 3
303 0
303 3
303 3
293 3
284 1
284 1
284 5
416 1
416 1
416 0
416 4
21 5
30 5
57 3
44 3
39 3
39 1
39 5
77 5
119 3
110 4
23 3
21 3
20 3
21 3
20 3
21 0
21 1
22 1
23 3
21 1
22 5
43 1
42 1
42 1
41 5
68 1
67 5
94 0
94 1
94 3
74 5
117 3
108 0
108 3
102 3
95 0
95 0
95 3
94 5
182 0
182 3
175 3
170 0
170 1
170 3
170 3
170 1
170 4
23 5
31 3
29 1
30 0
30 4
21 1
21 4
21 0
21 4
20 3
19 3
19 4
19 3
20 0
20 0
20 0
20 3
20 5
42 4
21 3
23 1
23 0
21 3
21 0
21 4
19 5
28 4
20 0
20 5
38 1
37 5
60 5
84 3
63 0
63 1
63 0
63 4
23 3
25 3
22 3
23 3
22 5
27 4
20 3
22 3
23 4
23 0
23 3
23 5
41 3
37 0
36 4
23 5
34 3
31 4
20 0
19 0
19 4
19 3
19 1
19 3
20 4
20 1
20 4
20 3
19 5
30 3
25 5
49 5
76 5
108 3
92 4
21 3
20 1
22 3
20 0
19 3
19 3
20 3
20 0
20 0
20 5
42 5
66 4
21 1
21 4
21 4
21 3
24 4
24 3
23 4
23 1
25 1
25 4
24 3
24 4
24 1
24 3
23 3
22 3
22 5
30 1
29 4
21 1
22 3
20 4
20 3
22 3
22 5
28 4
21 3
23 5
29 1
29 5
47 4
19 4
19 3
22 3
20 0
19 5
38 5
60 1
59 4
20 5
28 0
27 4
19 5
29 0
29 5
49 0
49 3
35 1
37 4
23 3
21 5
28 4
22 3
24 5
30 0
30 0
30 1
31 0
31 5
54 5
78 4
26 3
25 5
30 3
26 5
39 0
39 4
23 1
26 4
25 3
24 3
24 4
24 5
26 4
20 4
20 4
20 3
25 0
22 5
45 0
45 1
45 5
71 4
22 1
22 4
22 0
20 3
21 1
21 0
21 5
43 3
33 4
21 3
20 0
20 5
40 3
30 3
27 3
27 0
27 0
27 3
27 4
21 0
21 3
21 3
21 5
42 3
35 3
34 3
32 0
32 1
34 0
34 3
34 5
72 3
64 0
64 3
62 1
62 3
61 1
61 5
122 0
122 4
23 3
20 0
19 4
19 3
21 0
20 3
20 3
20 5
38 1
37 5
61 4
20 0
20 0
20 5
39 0
39 5
61 3
45 0
45 4
20 0
20 3
20 3
20 3
20 4
19 3
19 0
19 0
19 4
19 3
20 3
20 3
20 5
27 5
51 3
39 4
22 3
23 3
22 3
21 5
27 5
49 3
40 1
41 5
68 3
56 3
53 1
53 3
53 3
53 4
20 1
22 1
22 1
24 5
33 3
30 1
30 0
30 3
30 1
30 4
22 0
21 0
21 1
21 4
19 3
20 4
20 4
20 0
20 4
20 3
20 5
30 3
26 0
25 3
25 4
20 0
20 3
20 5
43 5
68 3
53 5
85 1
84 3
74 1
73 3
66 3
64 3
64 3
64 5
131 3
125 4
22 4
22 3
21 4
21 5
30 4
20 5
30 5
52 0
52 4
20 3
20 4
20 1
21 4
21 3
21 4
21 5
30 5
54 3
42 1
42 5
72 5
107 0
107 5
144 5
180 3
170 3
161 5
228 3
221 5
308 3
302 1
302 3
293 0
293 4
26 3
22 5
30 3
27 4
22 3
23 3
22 5
25 3
23 5
43 0
43 1
42 3
34 5
67 1
66 4
21 3
20 4
20 4
20 3
23 5
26 3
25 0
25 4
20 1
22 3
21 0
20 5
41 3
34 4
21 0
19 3
19 3
19 3
19 4
19 5
32 0
32 4
19 3
20 3
19 5
32 3
25 3
24 5
51 1
51 3
42 3
41 5
81 5
123 3
120 0
120 1
120 3
112 1
112 5
193 4
23 3
22 3
19 4
19 1
19 3
22 4
22 0
21 3
21 1
23 3
22 0
22 4
19 3
19 5
28 5
49 0
49 0
49 0
49 3
39 3
35 5
64 3
54 1
52 3
51 5
103 5
155 4
22 3
22 5
30 4
21 4
21 5
29 3
25 0
25 1
25 4
22 3
21 4
21 5
28 3
26 3
26 0
26 0
26 3
26 3
26 3
26 3
26 5
53 3
47 3
44 1
44 5
89 4
22 5
28 3
26 4
21 0
21 5
44 4
20 5
30 5
54 5
80 3
59 4
24 5
28 0
28 3
27 1
27 0
27 0
27 5
53 1
53 3
40 4
20 3
20 3
21 3
21 3
21 0
20 4
19 3
20 3
20 3
20 3
20 5
34 3
28 0
28 4
20 4
20 1
20 1
20 3
20 3
20 5
34 1
34 0
34 3
28 3
27 3
27 4
21 0
21 3
21 5
43 1
43 1
42 1
40 3
31 3
31 4
20 1
21 3
19 1
19 4
19 3
20 3
20 0
20 0
20 3
20 4
19 3
19 3
20 3
20 4
20 3
20 0
20 0
20 4
19 5
34 1
34 3
30 3
28 3
27 3
26 5
53 3
46 5
90 4
23 3
23 3
23 3
21 0
19 5
38 3
33 4
21 3
22 4
22 4
22 3
22 0
22 3
22 1
25 4
21 1
21 5
29 3
23 3
23 0
23 5
50 3
40 3
39 3
38 3
35 5
73 3
65 3
63 5
123 5
183 1
183 3
175 4
21 3
20 3
19 0
19 4
19 3
22 3
21 3
22 4
22 4
22 3
20 3
22 3
20 3
22 3
21 4
21 3
20 3
22 3
19 3
20 1
20 4
20 3
19 4
19 0
19 5
38 1
37 3
29 3
26 3
26 5
51 4
22 3
21 3
22 4
22 3
22 3
21 3
21 5
33 5
54 4
20 5
28 5
48 1
48 4
20 1
22 4
22 3
22 3
22 1
22 3
21 4
21 3
21 1
21 4
20 0
19 4
19 1
19 4
19 3
22 4
22 4
22 3
19 3
21 3
21 4
21 3
20 1
20 4
20 1
20 0
20 3
20 3
20 3
20 3
20 1
21 5
40 3
33 3
30 4
21 5
32 3
28 5
52 1
51 1
51 0
51 5
83 3
76 3
71 1
71 3
65 5
125 5
188 3
182 5
262 4
23 3
20 1
20 5
33 5
55 4
20 0
19 4
19 4
19 1
19 3
20 3
19 4
19 5
29 1
29 1
29 4
20 4
20 3
20 5
30 4
19 3
20 0
20 5
43 4
22 3
23 4
23 0
22 4
19 4
19 4
19 3
22 5
29 3
26 3
25 3
25 4
21 3
19 3
20 5
30 4
19 5
28 3
23 0
23 5
50 1
49 1
49 0
49 4
20 1
20 1
20 3
20 4
20 3
22 5
28 3
27 3
27 1
27 3
27 3
26 5
45 3
40 3
39 3
39 3
38 0
37 1
37 0
37 3
37 4
20 3
19 3
20 1
20 3
19 1
19 1
19 5
34 4
20 1
20 3
21 3
20 0
20 4
20 3
20 1
22 3
21 5
32 5
55 4
20 3
22 5
30 3
25 4
21 5
27 3
24 4
20 4
20 3
22 3
21 4
21 3
23 3
21 3
23 3
20 4
20 3
23 3
21 3
23 3
21 4
21 5
27 0
26 3
24 3
23 3
23 3
23 3
23 4
20 4
20 0
20 3
21 3
21 3
20 3
21 0
21 3
21 3
21 5
41 3
34 1
34 3
31 3
30 5
61 3
54 3
51 0
51 3
50 4
21 3
20 3
21 3
20 3
21 3
21 1
21 3
21 4
21 0
21 3
21 3
21 3
21 3
21 5
44 0
44 5
68 4
23 0
22 3
22 3
20 0
20 3
21 4
20 1
22 5
30 3
26 0
26 4
21 3
19 1
19 4
19 3
20 1
20 3
20 3
20 1
20 3
20 1
20 3
19 1
19 4
19 0
19 3
20 5
39 4
20 4
20 5
27 3
23 4
22 3
21 5
29 1
29 5
46 5
74 3
55 3
45 1
45 0
45 3
44 0
44 5
91 3
83 3
80 0
80 4
23 3
21 5
30 5
51 3
35 3
31 1
31 3
29 3
29 3
29 1
29 1
30 4
20 1
20 4
20 3
20 3
20 3
20 3
20 5
34 3
28 3
28 3
28 4
21 5
32 3
28 3
27 3
27 3
27 4
21 3
21 0
21 1
21 4
20 4
20 4
20 4
20 0
20 0
20 3
20 4
20 3
19 4
19 5
29 3
24 5
45 5
71 3
64 3
56 0
56 4
21 1
21 1
21 5
31 3
25 3
25 3
25 3
25 4
21 3
21 5
27 1
26 5
51 5
76 3
63 4
21 3
21 0
19 4
19 5
34 0
34 3
27 3
26 5
54 5
85 4
21 0
20 4
19 5
34 3
26 4
20 5
32 3
26 5
52 5
80 3
70 4
23 3
25 3
27 3
26 4
26 3
25 3
23 5
26 3
25 3
24 3
24 0
23 3
23 0
23 0
23 0
23 5
46 0
46 3
38 4
22 0
21 3
21 4
20 3
20 1
20 5
28 0
28 3
24 3
23 3
23 0
23 3
23 5
50 4
21 4
21 1
21 0
21 3
21 3
21 4
19 5
30 3
25 1
25 3
25 5
47 4
20 0
20 3
20 3
20 4
19 3
20 4
20 3
20 3
20 4
20 4
20 0
20 1
20 3
20 3
20 3
20 0
20 1
20 3
20 3
20 5
40 1
40 3
32 3
30 1
30 4
19 3
19 0
19 3
19 1
19 0
19 4
19 3
19 5
35 0
35 4
20 5
33 3
27 5
53 0
53 3
43 0
43 3
41 0
41 0
41 3
41 5
88 4
22 4
22 4
22 3
21 0
21 4
20 4
20 3
22 4
22 3
21 4
21 4
21 3
21 5
30 5
47 0
47 4
23 3
21 3
21 3
20 3
20 3
20 4
20 3
22 4
22 5
31 3
25 1
25 3
25 0
24 4
21 4
21 5
30 5
52 5
78 3
61 5
91 3
79 5
127 3
120 4
23 0
22 3
22 1
22 3
22 3
22 3
22 3
22 3
22 3
22 3
22 3
22 5
45 0
45 3
35 3
32 5
68 3
62 3
60 3
59 3
58 4
22 1
22 3
21 3
21 4
20 0
20 3
20 4
20 3
19 0
19 5
35 3
27 5
52 1
51 3
41 0
41 5
82 4
23 3
20 5
32 1
32 3
26 4
20 3
20 1
20 3
19 3
20 5
30 1
29 5
53 5
80 0
80 1
80 0
80 5
108 3
86 5
128 5
171 4
23 1
23 4
23 1
23 0
22 0
22 3
21 3
21 1
21 4
19 0
19 3
20 0
20 0
20 5
40 3
32 4
23 4
23 4
23 3
22 3
21 3
20 4
20 5
30 3
25 3
25 5
45 3
38 3
37 3
36 4
23 0
23 3
23 3
23 3
23 3
23 3
23 3
23 4
19 4
19 1
19 1
19 5
34 3
26 0
26 3
26 3
26 3
26 4
21 5
31 4
19 4
19 1
19 5
30 3
24 3
24 5
47 1
47 3
42 3
40 3
38 3
37 3
37 4
20 4
20 3
20 3
20 4
20 3
19 4
19 4
19 3
20 3
19 3
20 1
20 4
20 1
20 1
20 3
20 4
20 3
19 1
19 0
19 3
20 0
20 3
20 3
20 3
20 3
20 3
20 4
19 4
19 1
19 3
20 3
20 3
19 1
19 1
19 4
19 3
19 0
19 4
19 3
19 3
19 3
20 3
20 3
20 3
20 4
20 5
34 3
28 3
28 0
28 3
28 3
28 3
28 5
62 3
52 3
51 3
50 4
21 4
21 3
20 3
19 5
32 3
25 5
52 3
43 3
41 5
82 5
123 5
168 3
155 3
148 3
144 4
25 3
23 5
27 3
24 1
24 5
44 1
44 0
44 0
44 3
37 5
71 3
61 3
58 5
118 3
110 4
24 0
22 3
22 3
22 3
22 3
22 3
22 4
19 3
19 3
20 5
29 3
27 1
27 0
27 3
27 3
27 4
19 0
19 3
19 1
19 5
40 3
31 1
31 5
59 0
59 3
51 3
50 5
102 3
95 5
162 4
21 5
27 3
24 3
22 4
20 3
20 3
19 0
19 4
19 5
29 3
24 3
23 3
23 4
20 5
34 5
59 3
47 3
41 3
38 4
20 4
20 3
19 3
20 3
19 1
19 3
20 4
20 3
20 0
20 3
20 3
20 4
19 3
19 3
20 0
20 3
20 1
20 3
20 1
20 1
20 4
19 3
19 3
19 3
20 5
34 3
27 0
27 3
27 4
21 4
21 3
20 3
20 3
19 0
19 3
20 5
41 3
34 1
34 3
30 3
30 3
29 0
29 3
29 3
29 1
29 3
29 4
20 3
20 3
19 1
19 0
19 0
19 3
20 1
20 4
20 5
34 5
59 5
85 3
68 3
55 3
52 1
52 0
52 3
52 0
52 3
52 3
52 4
21 1
21 3
20 3
21 5
36 1
36 3
34 3
31 3
29 3
29 0
29 3
29 0
29 3
29 1
29 1
29 3
29 5
63 3
55 3
51 3
51 3
51 1
51 4
21 5
31 3
26 5
54 5
83 3
69 3
64 0
64 3
62 3
61 0
61 4
22 5
30 4
20 0
20 3
20 4
20 3
20 3
20 4
20 1
20 4
20 4
20 4
20 4
20 3
20 3
19 3
20 1
20 3
19 0
19 1
19 4
19 4
19 5
30 3
25 0
25 3
25 3
25 0
25 4
20 5
34 3
27 1
27 3
27 1
27 5
57 5
86 3
78 1
78 3
69 3
64 3
63 3
62 5
128 3
120 0
120 3
118 3
118 4
24 3
21 1
21 3
21 0
20 1
20 1
20 1
20 1
20 1
20 3
20 1
20 1
20 3
20 3
20 0
20 3
20 3
20 0
20 5
43 1
43 3
32 5
63 0
63 4
24 1
24 3
22 0
22 4
22 3
24 3
22 3
25 3
23 5
27 4
21 3
22 4
22 4
22 5
28 3
26 3
26 5
41 3
34 3
32 1
32 5
67 3
59 3
55 1
55 5
110 0
110 3
102 3
100 0
100 3
100 3
99 5
194 3
188 3
185 1
185 0
185 0
185 4
24 3
22 3
22 0
22 3
21 3
21 4
20 4
20 3
20 4
20 3
20 5
34 0
34 0
34 5
60 3
46 1
46 4
22 4
22 3
20 3
20 4
20 3
20 0
19 5
39 1
38 4
20 5
27 0
26 1
26 0
26 3
22 3
22 3
22 1
22 5
41 1
41 4
21 3
20 3
19 3
20 5
31 4
19 4
19 3
19 3
20 3
19 1
19 0
19 5
37 1
36 5
55 3
40 0
40 5
77 5
111 4
25 3
24 3
24 5
25 3
24 0
23 4
19 0
19 0
19 3
19 0
19 3
20 0
20 5
41 4
19 3
20 0
20 4
19 3
19 3
20 4
20 3
19 3
19 3
20 3
20 3
20 3
20 3
19 4
19 0
19 4
19 4
19 4
19 4
19 3
19 0
19 3
20 0
20 3
20 3
20 3
20 3
20 5
38 1
38 3
30 0
30 1
30 4
21 5
32 4
20 3
21 3
20 0
20 3
21 3
22 0
22 5
47 3
38 3
38 3
35 3
35 4
20 5
34 5
58 5
85 3
70 5
109 5
152 5
195 3
183 4
24 4
24 5
25 4
22 3
24 4
24 3
25 1
25 0
24 5
50 4
21 4
21 1
21 0
20 4
19 3
22 0
22 5
41 0
41 3
35 4
24 4
24 0
22 4
21 3
19 3
20 4
20 3
20 3
19 3
20 3
19 4
19 5
28 1
28 5
49 1
48 3
38 1
38 1
38 3
32 3
30 1
30 4
20 1
20 5
35 3
31 4
22 5
32 3
29 0
29 4
22 3
19 3
20 5
30 3
26 0
26 5
55 3
46 0
46 3
45 3
42 4
20 1
20 5
29 4
19 4
19 5
29 3
23 3
23 3
23 1
23 3
23 0
23 3
23 3
23 3
23 3
23 0
23 3
23 5
51 1
50 3
40 1
40 0
40 3
39 5
80 3
70 3
67 5
131 4
23 3
21 0
21 5
43 1
43 4
22 0
22 0
22 3
22 5
42 0
42 5
67 3
50 3
43 3
43 1
43 3
42 5
87 1
86 3
78 3
77 0
77 4
24 4
24 0
23 3
23 4
19 5
34 4
20 3
20 4
20 3
20 1
20 5
31 3
28 3
26 3
26 3
26 0
26 0
26 0
26 5
57 3
47 5
93 4
23 4
23 1
23 3
21 3
21 3
22 4
22 3
21 3
21 5
27 3
23 5
44 3
38 5
70 0
70 3
61 3
58 3
58 0
58 4
21 3
19 0
19 3
20 4
20 1
20 3
20 1
20 4
20 1
20 5
30 5
55 4
24 3
25 5
31 3
30 4
20 3
22 1
22 4
22 3
21 3
23 3
21 3
24 3
22 3
22 0
21 4
19 3
22 3
22 3
20 3
21 3
20 1
20 5
28 5
49 0
49 1
49 5
74 3
56 1
56 3
46 3
45 3
44 3
44 3
44 3
44 5
87 5
135 4
25 3
23 0
21 3
21 3
20 4
19 3
20 3
19 5
34 3
27 3
26 1
26 1
26 4
19 3
19 1
19 3
20 5
34 3
27 3
27 3
27 3
27 0
27 4
21 0
21 3
21 3
21 0
21 5
45 3
34 0
34 3
34 3
34 0
34 5
71 5
107 3
101 0
101 5
159 0
159 5
216 0
216 4
25 4
24 5
26 5
40 3
31 1
31 4
21 4
21 3
20 3
20 3
21 3
21 1
21 0
20 3
20 -1
37 3
26 4
26 1
26 4
26 5
24 1
26 0
24 4
20 1
22 5
29 0
29 4
20 1
22 3
21 3
22 1
22 0
21 0
21 0
21 1
21 3
21 5
42 0
42 0
42 0
42 5
64 3
50 5
86 3
73 4
26 0
25 1
26 3
25 5
47 5
76 1
76 4
25 3
23 1
23 4
23 4
23 4
23 0
22 0
22 3
21 1
23 4
21 3
21 5
28 5
54 3
41 3
35 5
72 4
24 3
24 3
21 0
20 1
20 3
20 4
19 3
21 4
21 4
21 1
21 3
21 3
21 1
23 4
22 4
22 5
27 1
27 5
45 4
22 0
21 3
21 4
19 1
21 1
23 1
24 3
20 4
20 0
20 3
20 5
41 3
33 1
33 5
57 1
58 0
58 0
58 3
48 3
48 3
45 5
93 4
25 1
28 3
24 4
24 5
28 3
26 5
41 1
41 1
41 5
72 4
22 1
24 3
22 5
32 5
54 0
54 1
52 1
50 3
37 3
35 4
21 5
34 4
20 3
20 1
22 5
34 5
58 4
21 1
22 0
21 5
45 1
43 3
35 3
32 4
20 4
20 1
20 1
22 5
30 0
30 1
30 0
30 3
27 3
27 1
27 3
27 3
27 4
19 0
19 3
20 5
40 3
31 5
63 1
63 5
94 4
24 0
23 4
21 0
21 4
21 4
21 3
24 4
24 3
22 1
22 5
29 5
47 3
37 5
62 4
20 3
21 0
20 3
21 0
21 3
21 0
21 0
21 3
21 0
21 4
20 0
20 4
20 1
20 0
20 5
39 3
29 0
29 3
29 4
21 4
21 4
21 1
23 4
22 3
20 0
20 4
20 4
20 0
20 4
20 5
28 0
28 0
28 3
25 4
20 5
29 3
25 3
25 5
51 4
21 3
22 5
30 3
25 4
22 3
21 4
21 5
26 1
27 4
20 3
20 5
30 5
51 0
51 5
75 4
23 3
21 5
30 5
46 3
34 3
31 3
30 3
30 3
29 4
19 5
35 4
19 4
19 3
20 5
35 3
29 3
29 0
29 3
29 5
61 3
52 1
52 4
21 3
22 4
22 3
21 3
21 0
20 1
21 3
19 5
39 1
40 3
31 5
60 5
88 0
88 1
87 3
72 5
119 5
169 5
219 4
22 3
24 0
21 3
21 4
20 3
20 3
19 1
20 3
20 4
20 4
20 1
20 1
21 5
29 1
30 3
25 5
52 5
78 3
64 5
104 0
104 3
92 3
84 1
84 4
25 3
19 3
19 0
19 5
35 4
22 3
23 3
23 1
24 3
23 5
30 1
31 5
46 4
21 0
21 1
22 3
22 1
24 0
24 0
24 0
24 3
23 5
48 3
38 0
38 3
37 5
74 1
74 5
114 4
22 4
22 3
22 0
22 3
22 4
21 3
20 5
32 3
27 5
52 4
24 5
28 3
27 4
22 0
22 4
22 4
22 4
22 4
22 4
22 3
21 5
29 4
21 1
23 4
23 4
23 0
21 3
21 5
43 5
67 4
23 0
21 4
19 1
19 3
20 3
19 0
19 0
19 3
19 3
19 5
40 3
28 4
22 1
22 3
21 4
21 3
20 4
20 5
27 0
27 3
24 3
24 0
24 3
24 3
24 4
20 3
19 3
20 5
34 3
28 1
29 4
21 4
21 5
33 5
57 4
21 0
20 4
20 4
20 4
20 3
23 1
23 5
27 5
52 3
38 3
37 4
21 0
21 3
21 3
21 3
21 5
43 3
35 3
32 5
62 4
22 3
21 5
32 3
28 4
23 0
22 1
23 3
23 3
23 1
25 5
43 3
34 3
33 0
33 4
21 3
19 0
19 0
19 3
20 3
19 4
19 4
19 1
19 5
29 5
52 0
52 1
52 4
24 4
24 0
24 4
21 3
21 5
29 0
29 4
19 0
19 1
20 4
20 3
20 1
22 4
21 3
22 3
22 5
28 1
29 4
20 5
29 5
47 4
21 3
21 3
21 0
20 5
37 3
30 3
29 3
29 5
56 3
51 5
87 3
80 1
80 0
80 1
80 3
75 4
21 3
20 4
20 4
20 5
27 0
27 1
26 3
24 1
24 3
23 3
23 5
42 3
33 1
33 3
32 5
67 1
67 3
61 0
61 5
114 3
110 0
110 5
178 1
178 3
172 3
169 3
167 1
167 3
167 3
165 4
21 3
20 3
20 3
20 5
30 4
19 5
27 0
27 4
19 4
19 3
22 3
20 0
19 4
19 5
28 5
47 4
22 5
27 4
22 3
23 3
22 3
23 4
23 1
23 3
23 0
21 5
43 3
35 3
31 5
61 3
52 0
52 3
51 4
20 3
19 3
20 3
20 1
20 1
22 1
22 0
21 5
44 5
69 3
58 3
48 3
47 3
47 3
47 4
21 3
20 3
19 3
19 3
20 5
32 0
32 5
57 3
44 5
77 4
23 1
23 5
32 5
51 1
51 3
40 3
35 3
34 3
34 0
34 5
71 1
71 5
106 4
23 1
25 3
22 1
22 4
22 1
22 4
22 3
21 0
21 3
21 3
21 1
21 0
21 5
39 3
32 5
57 0
57 4
23 0
23 4
21 3
22 3
21 4
21 0
20 4
19 3
21 1
21 4
21 4
21 4
21 4
21 3
21 4
21 3
20 3
21 5
26 5
48 1
48 3
34 0
34 4
22 3
20 0
19 4
19 1
21 3
21 0
20 0
20 1
21 3
21 3
21 3
20 3
20 4
19 3
19 5
30 4
20 0
20 3
20 5
40 3
32 4
21 3
21 1
21 4
20 1
22 3
22 3
22 5
26 1
27 1
27 1
28 1
28 5
49 3
39 3
36 1
36 3
35 3
35 5
70 3
61 4
24 0
23 3
23 3
24 3
24 4
20 0
20 4
19 3
20 3
20 3
19 5
28 3
25 4
22 3
20 5
27 0
27 3
23 5
43 4
20 1
20 3
21 0
20 5
41 3
33 4
22 5
29 3
27 3
27 0
27 3
25 3
25 3
25 1
25 5
56 3
48 4
20 5
29 4
19 5
29 4
20 0
20 5
40 1
40 4
23 3
21 4
21 0
20 5
41 3
32 3
30 0
30 1
30 4
21 3
21 5
37 0
37 4
20 3
19 3
20 3
20 0
20 4
19 0
19 5
38 1
36 1
36 0
36 3
28 1
29 3
27 1
27 3
27 3
27 4
20 3
20 4
20 3
21 3
20 1
22 3
21 0
21 3
21 3
21 1
21 3
21 4
20 1
20 4
20 5
34 0
34 4
19 3
19 5
34 3
28 4
20 3
21 3
21 1
21 3
21 3
21 4
21 3
21 1
21 3
20 3
21 4
21 5
31 3
26 3
26 4
20 5
31 3
24 4
21 3
21 1
22 1
22 1
22 5
32 0
32 3
28 0
28 4
20 3
20 1
20 3
20 3
20 4
20 4
20 0
20 3
20 3
20 5
42 3
33 3
32 5
65 3
58 3
52 3
52 0
52 4
23 0
23 3
23 3
23 5
48 0
48 0
48 3
40 0
40 3
39 5
78 1
77 0
77 4
22 1
22 4
22 5
31 0
31 3
27 3
26 5
50 0
50 5
79 4
22 0
21 3
21 3
22 0
22 3
22 1
22 3
22 5
47 3
37 3
34 3
34 0
34 3
34 3
34 4
21 0
21 5
45 0
45 4
23 3
24 3
22 3
23 1
23 4
23 4
23 1
23 1
23 1
23 3
21 1
21 5
31 3
25 3
24 3
24 3
24 4
21 0
21 3
21 5
37 3
30 0
29 0
29 1
29 1
29 3
28 1
28 3
28 5
62 4
20 1
20 0
20 3
20 3
20 4
19 4
19 4
19 3
20 0
20 0
20 0
20 3
20 1
20 3
20 4
19 0
19 5
35 3
26 1
26 4
21 5
29 3
25 3
25 5
50 3
37 5
75 1
75 0
75 3
66 0
66 3
63 3
63 0
63 3
63 3
63 3
63 0
63 0
63 1
63 3
63 5
131 3
121 4
22 3
21 4
21 3
21 4
21 5
32 3
27 0
27 1
27 4
20 3
20 4
20 4
20 0
20 4
19 4
19 4
19 4
19 3
20 3
20 0
20 4
19 4
19 3
20 0
20 4
19 3
20 4
20 1
20 0
20 5
42 4
19 3
22 5
27 5
50 4
21 3
22 3
22 3
23 4
23 5
27 0
26 5
47 1
47 0
47 4
20 4
20 5
27 4
20 3
25 3
22 3
26 3
21 0
21 4
19 4
19 5
27 1
27 1
27 5
49 1
46 3
32 4
21 5
31 0
31 0
31 4
20 3
19 4
19 0
19 4
19 3
21 1
21 1
21 3
20 3
21 1
21 3
22 3
20 5
27 5
48 4
22 3
23 1
23 3
22 1
22 0
20 3
20 5
39 1
39 0
39 5
64 0
64 3
50 4
22 5
28 4
21 0
20 3
21 1
21 3
20 0
20 0
20 3
20 0
20 5
40 4
19 3
20 4
20 3
20 5
29 3
25 3
25 3
25 5
48 3
39 3
38 3
37 5
75 4
22 1
22 3
22 3
23 4
23 3
21 0
20 5
42 3
29 4
21 3
22 3
21 5
32 3
27 5
54 5
79 4
25 3
23 4
23 4
23 3
25 1
25 0
21 0
21 4
19 3
21 0
20 3
20 0
20 4
19 4
19 5
27 3
21 3
21 4
20 3
20 3
19 1
19 3
19 4
19 3
19 3
20 3
20 4
20 0
20 3
20 3
20 5
42 3
35 3
32 3
31 3
31 1
31 5
64 3
58 3
53 0
53 1
53 4
20 5
34 0
34 0
34 0
34 3
29 3
28 1
28 4
20 0
20 4
20 4
20 1
20 4
20 0
20 3
20 4
20 3
19 5
34 0
34 3
27 4
22 1
22 3
21 4
21 4
21 1
21 1
21 4
21 4
21 4
21 0
20 5
42 0
42 4
20 3
22 0
21 3
21 5
45 3
35 3
33 3
32 5
68 3
58 1
58 5
107 1
107 3
99 3
96 3
95 4
22 0
21 3
21 1
21 5
45 1
45 4
21 4
21 3
22 4
22 3
24 0
22 4
19 0
19 4
19 3
21 1
21 3
19 3
21 1
21 5
27 4
19 5
28 4
19 3
21 0
20 3
21 5
38 3
32 5
56 3
47 1
47 3
46 3
46 4
21 3
20 3
21 3
21 0
20 3
20 1
20 0
20 5
42 5
65 3
55 4
23 0
23 3
23 4
20 3
21 1
21 3
20 3
20 0
19 0
19 3
19 5
40 5
63 3
47 1
47 3
42 5
81 0
81 5
122 5
163 3
159 4
24 3
20 5
30 0
30 0
30 3
23 1
23 0
23 4
20 3
21 3
22 3
21 1
21 1
21 0
20 3
21 3
21 4
21 5
30 3
25 4
19 1
19 1
19 3
21 4
21 1
21 5
32 4
20 3
20 3
20 5
32 1
32 4
20 1
20 1
20 1
20 0
19 1
19 0
19 3
19 4
19 4
19 4
19 5
29 4
19 0
19 4
19 3
20 0
20 4
19 0
19 3
20 5
38 3
30 1
30 3
29 1
29 1
29 5
56 5
88 3
76 4
23 3
21 4
21 3
22 3
22 3
23 3
20 3
21 5
28 1
27 0
26 4
19 4
19 3
22 0
21 5
43 3
35 1
35 4
23 3
21 0
20 0
20 0
20 4
19 5
27 5
46 5
68 3
50 0
50 5
83 3
72 1
72 1
72 0
72 0
72 3
66 0
66 3
64 5
121 3
114 3
112 5
196 4
23 3
20 3
20 3
21 1
21 1
21 3
21 3
21 4
21 3
20 1
20 3
20 0
20 5
39 4
22 3
24 0
22 4
20 1
20 3
22 5
33 3
27 5
46 3
39 1
39 0
39 3
39 4
20 0
20 3
20 3
20 3
20 3
20 0
20 3
20 3
20 3
20 5
43 3
35 0
35 0
35 5
72 5
107 5
143 4
23 1
23 3
23 4
23 4
23 4
23 3
24 3
24 3
23 3
24 4
24 3
24 0
21 1
21 4
20 3
21 3
19 5
28 3
23 3
23 3
23 5
43 0
43 5
69 4
22 3
22 4
22 4
22 0
20 5
39 1
39 3
31 5
55 0
55 3
48 3
44 3
44 0
44 3
44 0
44 0
44 4
20 3
20 4
20 1
20 1
20 5
35 3
28 4
22 3
19 5
32 1
32 3
27 3
26 4
21 0
21 3
21 3
21 1
21 1
21 3
21 0
21 4
19 5
33 5
57 3
45 1
45 3
38 4
20 5
32 5
57 0
57 4
22 1
22 0
21 5
42 0
42 1
42 4
20 0
20 3
21 3
20 3
19 3
19 0
19 4
19 0
19 3
19 4
19 3
20 3
20 5
32 5
56 0
56 5
80 4
20 0
19 4
19 3
21 3
19 3
21 4
21 3
21 3
21 1
21 4
21 4
21 0
20 5
40 3
32 0
32 0
32 4
22 3
22 3
21 4
20 5
25 3
21 5
44 1
44 3
37 4
23 3
21 1
21 5
30 3
26 5
51 4
20 3
21 3
20 3
22 5
27 3
26 5
50 3
42 0
42 3
41 5
81 3
74 0
74 5
130 1
130 1
130 5
188 4
21 3
20 0
19 3
20 0
20 1
20 1
20 3
20 4
20 4
20 3
20 5
29 5
54 4
22 5
26 4
20 5
27 3
23 1
23 3
22 0
22 3
22 5
47 3
39 3
34 4
21 0
21 3
21 3
21 5
42 5
65 3
53 3
45 4
21 4
21 4
21 0
21 3
21 4
20 3
19 3
20 0
20 4
20 4
20 3
20 5
29 5
54 4
24 5
28 0
28 4
19 4
19 0
19 3
20 0
20 0
20 3
20 0
20 3
20 3
20 4
19 1
19 3
20 4
20 5
29 5
54 3
42 4
22 0
21 1
21 5
45 0
45 3
34 0
34 3
32 1
32 5
65 4
25 3
22 5
32 4
20 3
20 0
19 3
19 0
19 4
19 4
19 1
19 3
19 3
19 3
20 3
19 3
19 3
20 3
20 0
20 1
20 0
20 3
20 5
39 3
30 5
58 3
48 0
48 5
89 1
88 5
129 4
24 5
32 4
23 3
22 4
22 3
23 3
22 5
30 4
22 3
22 5
30 3
25 4
20 0
20 5
42 3
31 4
20 0
20 3
20 3
21 4
21 4
21 1
21 3
19 3
20 5
31 3
26 4
21 3
21 3
20 1
20 3
20 4
19 3
22 1
22 3
22 3
20 3
22 4
22 3
20 5
28 3
24 1
24 3
23 3
23 3
23 3
23 5
41 0
41 5
68 5
96 1
95 4
21 3
21 0
20 3
20 3
20 3
20 4
19 4
19 3
19 4
19 0
19 0
19 3
20 1
20 1
20 5
36 3
28 0
28 4
20 3
20 0
20 4
19 4
19 4
19 4
19 0
19 4
19 1
19 4
19 0
19 1
19 1
19 5
39 3
30 3
29 0
29 0
29 5
61 1
61 3
52 3
48 5
97 3
87 0
87 0
87 3
86 4
20 4
20 4
20 3
20 5
32 3
27 3
27 4
21 5
30 4
20 1
20 3
20 1
20 0
20 1
20 0
20 4
20 0
20 4
20 3
21 5
30 4
20 1
20 3
21 5
30 1
29 4
20 3
20 5
30 3
24 3
24 1
24 5
47 4
19 0
19 5
39 4
21 4
21 3
25 3
22 4
22 3
23 0
21 4
20 3
21 3
22 0
22 3
22 1
22 4
20 1
20 0
20 1
20 0
20 5
41 1
41 3
32 3
29 5
58 3
50 0
50 3
49 5
100 3
94 5
162 3
154 1
154 3
152 0
152 3
151 0
151 3
150 3
149 3
149 5
276 4
22 5
33 3
27 4
21 3
21 4
21 3
20 5
30 5
52 4
20 3
20 3
21 5
29 3
26 1
26 5
48 3
41 3
41 3
39 4
20 3
19 3
20 3
19 0
19 4
19 3
20 3
19 0
19 0
19 5
37 0
37 3
30 1
30 0
29 3
29 4
22 3
20 3
20 3
20 3
20 5
37 3
29 5
58 0
58 1
57 3
49 4
25 4
25 0
24 3
24 4
21 1
21 1
21 5
30 3
27 0
26 3
26 5
57 3
49 3
46 0
46 3
46 0
46 5
97 4
22 4
21 1
23 5
27 3
25 4
20 5
32 3
27 3
27 3
27 3
26 5
52 5
80 3
63 0
63 5
109 0
109 5
156 3
146 3
140 3
133 3
128 0
128 3
126 5
238 0
238 5
352 4
23 5
27 3
24 3
24 4
20 3
22 4
22 3
21 3
21 4
21 3
22 3
21 3
21 4
21 5
31 3
24 0
24 1
24 3
24 3
23 4
20 0
20 1
20 5
41 0
41 3
33 5
57 3
50 0
50 3
48 5
98 3
89 4
23 4
23 3
21 3
21 1
21 3
20 3
21 3
20 0
19 3
20 4
20 1
20 5
30 4
19 3
20 4
20 3
22 4
22 5
27 0
27 3
25 3
25 1
25 4
20 1
20 5
28 5
50 3
39 4
21 3
21 1
21 1
21 3
21 3
20 1
20 0
19 4
19 3
22 4
22 5
28 5
49 3
36 0
36 3
36 0
36 3
36 3
36 3
36 3
36 4
19 3
20 4
20 3
19 3
19 3
19 5
34 0
34 3
29 3
26 4
21 3
20 5
32 1
31 0
31 3
28 3
27 3
27 3
27 5
55 4
21 0
20 1
20 3
21 0
21 3
21 5
46 3
34 4
21 3
21 1
21 4
21 3
22 4
22 5
33 0
32 3
27 0
27 3
27 3
27 1
27 0
27 5
59 3
50 4
20 5
31 1
30 3
25 0
25 0
25 3
25 0
25 0
25 3
25 5
55 3
48 3
44 3
43 0
43 3
43 5
88 0
88 3
80 4
20 3
20 5
32 3
28 -1
37 3
28 3
25 4
25 3
24 1
24 4
24 5
25 1
26 5
39 0
39 0
39 0
39 3
31 4
20 4
20 1
20 1
20 3
22 3
20 0
19 4
19 0
19 3
20 4
20 5
28 3
24 3
24 3
24 5
46 5
72 3
59 4
24 1
24 3
22 5
30 4
22 3
21 0
19 5
36 5
57 5
81 3
61 0
61 3
49 3
46 1
46 3
45 0
45 0
45 3
44 3
44 3
44 1
46 0
46 3
46 5
96 1
96 1
96 1
95 4
23 1
23 0
22 4
20 3
21 3
20 5
27 3
24 3
24 4
20 0
20 0
20 1
20 4
19 3
20 4
20 0
20 1
22 5
42 1
42 3
35 0
35 1
35 5
69 0
69 3
59 3
57 3
56 3
56 4
20 0
20 4
19 1
19 1
21 3
19 0
19 1
21 3
21 3
19 5
39 5
62 3
49 0
49 5
90 1
90 0
90 3
73 3
68 3
67 4
22 4
22 3
21 3
22 4
22 4
22 3
20 5
30 4
21 4
21 3
22 1
23 0
22 3
22 1
23 0
23 3
23 5
47 5
70 3
58 1
58 3
48 1
50 0
50 5
97 4
24 1
26 3
23 5
35 1
35 3
30 1
31 3
27 1
27 5
51 1
51 3
44 1
44 1
45 5
81 5
123 3
109 5
169 1
169 4
23 0
23 3
23 3
23 3
23 5
44 1
44 3
36 3
33 0
33 3
33 0
33 0
33 5
69 0
69 5
106 5
143 4
26 3
23 3
23 3
26 3
26 3
23 3
24 3
21 4
21 3
24 4
24 5
26 5
41 3
33 3
31 0
31 0
31 4
20 3
20 3
20 1
23 3
20 5
32 3
26 0
26 3
26 3
26 3
26 1
27 4
20 1
20 5
34 3
29 1
30 3
29 1
30 3
29 3
29 3
28 0
28 3
28 4
21 3
19 1
19 3
19 0
19 3
20 3
20 3
20 0
20 1
21 5
43 3
34 4
21 1
22 1
22 1
22 1
22 4
22 3
19 3
19 3
20 3
20 0
20 4
20 3
19 4
19 0
19 3
20 3
20 0
20 5
43 5
66 3
54 3
44 3
42 1
42 3
41 3
41 1
41 5
86 4
21 4
21 3
20 5
32 1
33 5
57 4
21 3
24 1
24 4
24 0
21 3
21 0
21 3
21 1
21 3
21 3
21 0
21 4
19 3
22 4
22 1
24 3
21 3
20 1
20 3
21 3
21 3
21 3
19 4
19 4
19 4
19 3
22 4
22 3
19 3
21 4
21 5
28 0
28 5
49 4
21 0
21 3
20 3
20 1
22 3
20 1
22 1
23 3
20 4
19 4
19 3
20 0
20 3
20 4
20 0
20 0
20 0
20 3
20 0
20 4
20 4
20 5
29 1
29 3
24 0
24 3
23 3
23 4
20 0
20 3
20 5
42 3
34 4
26 3
21 0
21 3
21 0
21 1
21 1
22 0
22 1
24 5
41 1
40 3
31 3
28 3
28 1
29 0
29 3
29 0
29 5
64 0
64 3
55 3
55 5
108 1
108 0
108 3
98 0
98 3
96 1
96 3
95 3
95 3
95 3
94 5
187 3
180 3
178 3
177 4
23 5
29 0
29 3
27 0
26 3
26 3
26 0
26 4
20 3
19 0
19 1
21 5
39 5
64 5
85 3
76 5
118 3
100 3
90 4
24 0
23 3
23 1
24 4
19 3
20 4
20 3
20 0
20 3
20 3
20 1
21 5
44 3
33 5
69 3
58 4
21 3
21 4
21 4
21 3
20 3
21 3
20 4
20 3
21 5
30 4
21 4
21 1
22 3
20 3
22 4
22 4
22 4
22 3
20 1
20 5
29 3
24 4
21 3
20 3
19 0
19 0
19 5
38 0
38 0
38 3
28 5
53 3
44 3
42 4
19 3
20 4
20 3
20 3
20 3
19 0
19 4
19 3
19 3
20 5
30 3
27 3
26 1
26 4
20 1
23 3
19 1
19 3
20 3
19 4
19 5
30 5
53 0
53 4
24 3
22 4
22 3
22 0
20 4
19 3
22 5
31 0
31 3
26 5
49 5
77 1
77 0
77 3
64 0
64 3
57 4
20 0
20 4
19 3
20 4
20 0
20 1
21 3
20 5
43 4
23 3
22 3
24 3
22 3
21 4
21 1
21 3
19 3
21 3
19 4
19 3
22 3
19 0
19 3
19 5
36 5
57 5
80 3
56 1
56 3
42 3
42 4
20 4
20 3
19 0
19 3
20 5
39 3
35 3
33 3
34 1
34 3
33 3
34 0
34 3
34 4
20 3
22 3
20 3
21 3
20 3
22 3
21 0
20 3
20 1
21 4
20 4
20 3
19 5
30 3
24 5
44 3
36 0
36 1
36 3
34 4
20 3
20 3
20 3
20 4
20 3
21 3
21 3
20 5
35 3
28 3
27 0
27 3
27 0
27 4
20 1
20 0
20 5
42 3
32 3
31 4
21 3
19 5
32 1
32 3
24 4
19 0
19 3
20 4
20 3
20 5
29 4
20 3
22 3
21 4
21 4
21 3
22 1
22 1
23 4
23 3
21 3
22 4
22 3
19 1
19 3
22 5
27 3
26 1
26 3
26 4
20 3
20 3
19 1
20 3
20 0
20 5
42 4
19 4
19 1
19 3
20 5
27 3
22 4
19 4
19 3
20 3
20 3
20 0
20 3
20 3
20 3
20 4
19 3
19 5
32 3
26 4
22 3
20 4
20 4
20 5
27 3
25 3
24 0
24 0
24 3
24 4
21 5
32 3
27 0
27 3
27 4
21 3
19 5
33 3
26 0
26 5
56 4
21 3
23 3
21 3
21 5
29 3
26 1
27 0
27 4
20 0
20 3
20 3
20 3
20 4
20 1
20 3
19 3
19 5
29 3
23 5
44 4
21 3
20 5
29 3
24 1
26 3
25 5
48 1
47 4
23 0
22 3
23 3
22 3
23 3
23 4
20 4
20 4
20 3
22 0
21 1
21 1
22 5
44 0
44 3
39 5
65 3
54 3
52 4
22 1
22 5
29 1
29 3
27 3
25 3
25 1
27 0
25 3
25 1
26 1
26 4
20 1
20 3
19 4
19 4
19 4
19 3
20 3
20 4
20 5
32 5
56 3
44 4
21 3
20 3
21 0
20 5
41 0
41 4
19 4
19 3
19 5
27 0
27 5
48 1
47 3
38 4
21 0
20 0
20 3
20 3
20 1
20 5
40 3
35 4
21 3
19 0
19 3
20 3
19 0
19 3
19 4
19 5
28 3
23 3
23 4
21 4
21 0
21 3
21 3
21 4
19 5
28 4
19 3
21 3
21 3
21 0
20 4
19 3
21 3
20 4
20 3
22 5
31 3
25 5
46 3
39 3
35 3
35 5
74 3
62 4
22 0
22 3
22 4
20 4
20 1
20 3
19 3
19 3
19 3
19 3
19 5
34 3
26 3
26 5
54 5
82 1
82 4
23 3
22 1
22 4
22 5
27 0
26 4
20 1
20 3
19 3
19 3
20 5
30 3
26 3
26 3
26 4
20 0
20 3
21 5
43 3
34 4
22 0
21 5
42 3
32 0
32 4
21 4
20 4
20 4
20 3
19 0
19 0
19 3
20 4
20 5
27 5
49 1
49 5
77 0
77 5
104 3
78 3
61 3
59 0
59 4
20 3
21 5
31 5
50 4
20 3
19 3
21 3
20 1
20 1
20 3
22 3
22 5
26 4
20 4
20 3
21 4
21 4
21 4
21 3
21 3
20 4
20 3
19 4
19 3
21 3
21 0
20 3
20 3
20 4
19 5
27 3
24 3
22 3
22 4
20 4
20 5
28 3
24 3
24 3
24 3
24 1
24 3
24 3
24 3
24 4
21 0
21 3
21 3
21 4
20 3
21 4
21 3
20 3
22 5
26 3
26 5
47 1
46 4
20 0
20 4
20 3
22 3
20 3
21 5
28 4
19 3
21 4
21 5
27 1
26 0
26 4
19 3
22 3
21 0
20 5
38 3
31 1
31 0
31 3
30 4
20 3
22 0
21 4
19 3
21 3
19 3
20 1
20 3
20 3
23 3
20 3
22 4
22 5
28 3
26 5
47 4
20 5
27 4
19 0
19 4
19 4
19 3
22 3
20 3
21 0
21 4
19 0
19 3
19 1
19 0
19 3
20 3
19 3
19 4
19 5
28 4
19 3
22 3
19 4
19 3
22 3
19 4
19 3
22 1
22 3
22 0
21 3
21 5
41 0
41 0
41 3
34 3
30 3
29 3
29 3
29 4
20 3
19 4
19 3
20 3
20 3
19 1
19 0
19 5
39 0
39 0
39 3
32 4
21 5
28 1
28 0
28 0
28 0
28 3
25 3
25 3
25 5
52 4
23 4
22 5
27 4
21 4
21 3
22 3
23 3
21 3
21 3
21 1
21 0
20 4
19 3
20 4
20 4
20 5
32 3
24 1
24 5
39 3
36 1
37 3
34 5
65 3
57 3
55 3
53 3
51 4
21 0
21 0
21 1
21 3
21 5
44 0
44 3
34 5
69 3
57 4
25 3
24 5
29 5
50 3
37 1
37 0
37 4
22 3
22 3
20 0
20 3
20 3
20 5
43 4
19 3
22 3
20 5
26 0
26 4
20 3
22 3
20 3
22 3
21 3
19 3
21 3
21 4
21 5
29 0
29 3
25 4
21 3
19 4
19 4
19 0
19 0
19 3
19 5
35 4
21 4
21 3
23 3
22 5
28 3
25 1
25 3
25 3
24 0
23 5
48 0
48 0
48 3
38 3
36 0
36 1
36 4
20 1
20 4
20 1
20 1
20 0
20 0
20 3
20 1
20 0
20 3
20 4
20 4
20 5
34 3
29 0
29 0
29 5
62 4
21 0
20 0
20 3
21 4
20 3
20 3
19 3
20 3
19 3
19 3
19 3
20 5
35 3
30 3
30 3
30 3
30 3
28 4
19 5
34 1
33 3
27 5
55 5
83 3
72 5
121 5
169 4
22 3
22 3
21 3
23 0
21 3
22 3
22 0
22 3
22 3
22 1
22 3
22 3
22 5
44 3
38 4
21 0
20 3
20 1
20 0
20 0
20 4
19 3
19 4
19 4
19 4
19 3
20 4
20 3
20 3
20 0
20 4
20 3
19 0
19 3
19 3
19 0
19 3
20 3
20 5
40 5
65 4
23 0
22 3
23 1
23 3
21 0
21 4
20 1
20 3
19 0
19 3
20 1
20 3
20 3
20 3
19 4
19 5
30 3
25 3
25 5
47 3
38 4
20 5
33 3
28 1
28 4
20 1
20 5
30 3
23 3
23 4
19 4
19 0
19 5
40 1
40 5
63 3
48 3
39 4
23 1
23 4
22 3
20 1
20 1
20 1
20 3
21 3
20 3
21 3
20 3
21 4
21 3
22 4
22 3
20 4
20 3
22 5
27 3
25 3
26 5
48 3
41 5
75 3
66 0
66 3
63 1
63 4
21 4
21 4
21 5
31 3
27 3
27 4
20 3
19 0
19 5
38 1
36 1
35 4
19 0
19 3
20 0
20 0
20 5
38 5
60 5
84 3
68 1
66 4
23 3
23 3
20 3
21 3
20 4
20 3
21 4
21 1
21 1
21 3
20 3
22 3
21 3
21 4
21 4
21 5
27 3
25 0
24 5
52 0
52 3
45 3
38 5
77 3
67 4
22 3
20 3
20 4
20 4
20 4
20 3
20 1
20 5
30 0
29 5
51 3
40 0
40 5
76 3
65 0
65 3
60 3
59 5
119 0
119 5
177 3
170 3
167 3
163 5
274 5
389 5
503 0
503 3
498 3
497 3
495 1
495 3
492 0
492 3
490 3
489 1
489 3
488 3
486 5
726 3
722 4
24 3
23 3
23 3
22 3
22 3
22 1
22 3
20 3
22 4
22 3
22 0
20 5
38 3
28 1
28 3
27 3
27 3
27 5
56 1
55 1
55 4
21 0
21 3
21 3
21 4
19 3
20 3
19 5
30 4
19 5
30 4
19 4
19 5
30 4
19 3
19 1
19 3
19 3
19 5
30 3
25 3
24 3
24 3
24 3
24 3
24 3
24 3
24 3
24 5
50 1
49 1
49 0
49 3
42 3
41 0
41 4
22 1
22 5
30 3
28 5
47 4
22 0
22 0
22 4
21 3
22 3
20 4
20 3
21 1
23 0
22 3
22 3
22 1
22 3
22 0
22 3
22 3
22 3
22 0
22 3
22 0
22 3
22 3
22 3
22 0
22 0
22 4
19 3
19 3
20 5
30 4
19 3
20 4
20 4
20 3
20 3
19 0
19 1
19 1
19 4
19 3
20 1
20 3
20 4
20 0
20 3
20 0
20 5
42 3
32 3
31 1
31 3
29 4
20 4
20 5
34 0
34 4
20 5
34 3
28 3
27 0
27 1
27 0
27 5
59 1
59 3
52 0
52 4
19 4
19 0
19 0
19 5
40 4
23 3
23 5
26 1
26 0
25 5
48 3
41 4
22 0
22 5
45 3
37 3
33 5
67 3
60 3
57 1
57 3
56 3
56 4
21 3
19 3
20 3
19 5
32 1
32 3
26 0
26 3
26 3
26 5
56 4
23 4
23 3
22 3
24 5
28 4
22 3
22 3
21 0
19 1
19 3
19 3
19 3
19 0
19 3
20 3
19 4
19 5
28 5
49 5
71 3
55 1
55 3
44 3
41 5
84 0
84 3
71 3
67 0
67 4
22 4
22 0
22 5
45 3
34 5
63 0
63 0
63 4
22 3
20 5
30 4
21 3
24 3
22 3
22 3
21 4
21 0
20 3
20 3
20 3
21 5
39 3
31 0
31 5
61 3
52 3
50 0
50 0
50 3
49 0
49 3
49 3
49 3
49 3
49 3
49 0
49 3
49 0
49 3
49 5
101 3
94 5
161 3
153 5
239 3
235 4
21 1
21 1
21 3
21 4
21 5
29 4
20 4
20 3
21 3
21 3
21 1
21 4
21 5
29 3
25 0
25 3
24 3
24 4
20 3
20 3
20 0
20 4
19 0
19 5
40 3
29 3
27 3
27 5
57 3
48 3
46 0
46 1
46 3
46 3
46 3
46 4
22 3
20 1
20 3
20 3
21 1
21 3
20 4
20 3
20 0
20 3
21 5
45 3
34 3
32 4
21 3
20 3
22 5
29 1
28 4
20 3
21 0
20 4
20 1
20 4
20 3
22 3
20 3
22 4
22 3
21 3
22 3
20 3
21 0
20 0
20 0
20 3
20 3
21 0
21 3
21 3
21 3
21 0
21 3
21 4
19 4
19 3
21 5
29 3
25 0
25 3
25 5
52 5
77 3
71 0
71 5
115 3
100 3
89 4
23 5
32 3
29 5
56 1
56 3
47 0
47 3
44 1
44 3
44 5
93 3
84 3
83 3
82 3
81 3
81 4
20 3
21 3
20 1
20 3
20 3
20 3
20 3
21 5
35 3
32 4
24 1
24 4
24 3
22 0
21 4
21 3
21 3
20 1
20 5
30 4
22 4
22 3
23 3
22 1
22 0
22 1
21 3
21 5
43 3
35 3
31 3
31 5
60 3
53 1
53 4
22 3
20 0
20 4
20 4
20 3
20 4
20 3
21 3
20 4
20 4
20 3
20 3
21 3
21 4
21 4
21 1
21 0
21 4
20 1
20 1
20 3
21 1
21 0
21 3
21 0
21 3
21 0
21 4
20 5
32 5
55 3
43 3
37 3
36 3
36 3
36 0
36 0
36 3
36 3
36 3
36 3
36 4
20 3
20 3
19 5
34 3
27 5
53 0
53 3
44 3
42 5
86 5
131 4
22 5
30 4
20 3
21 3
21 3
21 3
20 3
20 4
20 3
20 1
20 3
21 3
21 3
20 4
20 5
30 3
24 3
24 5
48 4
19 5
30 3
24 1
24 4
20 3
20 3
19 3
20 3
20 3
19 3
20 1
20 5
32 1
30 4
20 3
23 3
21 3
21 5
26 1
26 3
23 3
23 4
21 3
20 0
20 4
20 3
22 0
21 1
21 0
21 5
44 4
20 3
21 3
21 3
20 3
20 4
20 0
19 0
19 0
19 4
19 5
30 5
52 0
52 1
52 0
52 4
20 3
21 5
29 5
50 3
38 3
35 3
35 3
33 4
19 3
20 3
20 4
20 3
20 0
20 3
20 3
20 3
20 3
20 3
20 0
20 5
42 0
42 3
39 4
22 3
21 3
21 0
20 4
19 5
27 4
19 3
21 3
20 5
26 3
23 3
22 3
22 3
22 0
22 3
22 5
45 3
39 0
39 3
37 0
37 0
37 4
20 3
19 3
20 4
20 0
20 5
42 3
34 3
32 0
32 4
21 0
21 3
21 1
21 1
21 3
21 3
21 1
21 5
46 3
36 3
35 3
33 3
32 5
67 3
58 3
57 3
56 3
56 1
56 3
56 3
56 1
56 3
56 0
56 3
56 4
20 3
19 3
20 3
20 3
19 3
20 5
35 0
35 4
20 1
20 3
20 3
20 3
20 1
20 0
20 3
20 3
20 5
40 3
33 5
65 4
23 3
20 0
19 3
19 4
19 4
19 5
29 5
50 3
36 0
36 1
36 1
36 0
36 4
20 3
20 5
32 0
32 3
29 5
52 3
44 0
44 3
42 5
88 3
79 3
78 1
78 3
77 5
155 5
231 4
21 3
24 3
22 0
20 3
21 3
21 0
21 0
21 0
21 5
45 3
35 4
20 3
21 3
21 5
30 5
55 4
22 3
22 1
22 4
22 0
21 3
21 3
21 3
21 4
20 3
20 3
20 1
20 0
20 5
40 3
33 3
31 3
29 5
60 3
53 0
53 0
53 4
21 3
20 4
20 4
20 3
19 1
19 3
19 4
19 3
19 5
32 3
26 3
26 3
25 5
50 4
21 3
22 4
22 0
22 3
22 3
22 3
22 -1
37 3
27 4
27 5
25 1
26 5
39 3
31 1
32 3
30 3
30 5
63 4
20 5
31 5
55 3
45 4
24 3
22 0
21 4
20 3
21 4
21 5
29 0
29 3
27 5
49 3
43 1
46 3
39 1
39 3
39 0
39 4
20 3
20 1
20 3
19 3
19 1
21 1
23 4
21 5
29 4
21 1
21 3
21 5
28 1
27 3
24 3
24 3
25 4
21 1
23 5
31 3
28 5
55 5
85 3
73 3
65 3
63 0
63 3
62 0
62 3
62 3
62 5
128 3
118 5
198 5
283 3
276 0
276 3
275 3
275 1
275 4
23 5
31 3
29 5
53 4
19 4
19 3
20 4
20 1
23 1
26 5
35 0
35 4
19 3
20 5
34 5
59 3
46 3
42 3
41 0
41 5
84 4
24 4
23 0
22 5
43 1
42 4
22 5
31 0
31 0
31 3
27 5
50 3
41 3
37 4
22 4
22 0
22 4
20 0
20 4
20 3
22 4
22 4
22 4
22 1
22 5
28 3
25 3
24 5
45 4
21 0
20 4
19 3
20 5
34 3
30 3
28 5
57 3
47 0
47 1
49 3
46 3
46 3
46 4
20 3
21 3
20 0
20 3
20 3
20 5
43 4
21 3
22 1
22 3
22 5
31 4
22 3
23 5
31 3
28 5
51 1
51 1
51 5
79 1
79 3
70 0
70 1
70 1
70 3
64 3
62 5
122 5
183 4
22 4
22 1
22 3
22 1
22 3
23 5
30 5
50 4
22 3
21 3
21 0
20 3
20 3
20 5
39 4
21 3
23 1
23 4
23 0
22 4
19 1
21 3
21 3
20 5
27 1
26 3
24 1
26 5
45 3
38 3
36 3
35 5
71 4
21 1
23 3
21 3
20 5
32 3
25 3
25 4
20 1
20 1
20 5
35 5
60 1
60 1
58 5
84 3
68 3
60 1
60 0
60 1
60 1
60 5
114 3
100 3
96 1
96 3
96 3
96 1
96 3
96 1
98 3
96 4
22 5
34 0
34 0
34 3
28 1
28 3
27 5
58 3
49 4
22 3
20 4
20 4
20 0
19 3
19 4
19 0
19 5
37 4
22 0
22 3
23 3
22 4
20 1
20 4
20 3
21 0
21 3
20 5
38 1
37 3
28 1
28 4
20 5
32 3
27 3
26 3
26 4
21 5
32 3
29 0
29 3
29 3
28 4
19 0
19 5
39 3
33 4
22 3
21 3
21 1
21 5
28 5
48 4
21 3
24 5
29 4
22 0
20 3
20 3
20 3
20 3
20 3
20 5
41 4
19 1
21 4
21 3
20 3
20 3
20 4
20 4
20 3
21 3
21 1
23 5
26 5
49 3
40 3
34 3
33 3
33 1
33 5
67 4
21 0
21 1
23 0
22 3
22 3
22 3
22 3
22 4
20 1
22 5
32 5
57 1
55 3
42 4
21 5
32 3
26 1
27 5
49 3
43 4
20 4
20 3
20 1
22 3
20 4
20 5
29 3
26 3
25 5
48 5
76 0
76 4
22 3
23 5
28 3
27 4
21 5
28 3
24 1
24 1
24 3
24 1
25 5
42 5
69 3
58 3
50 3
48 0
48 4
22 0
22 4
21 3
20 4
20 3
22 3
22 4
22 3
23 4
23 3
21 3
22 0
20 1
20 3
21 4
21 3
21 0
21 3
21 0
21 0
21 5
43 0
43 3
35 4
21 4
21 0
21 3
21 5
42 4
21 5
30 3
24 5
47 4
20 3
19 4
19 1
19 3
19 3
19 4
19 3
19 3
20 4
20 5
28 3
24 1
25 3
24 3
24 5
47 3
40 4
20 0
20 4
19 4
19 3
20 5
30 3
25 3
25 4
20 3
19 1
20 3
20 1
22 5
32 4
20 3
22 3
21 3
20 5
28 3
23 5
43 5
68 3
59 5
96 3
87 3
76 1
76 0
76 0
76 0
76 3
74 4
23 4
23 4
23 3
19 4
19 3
20 3
20 4
20 1
22 4
21 1
23 3
20 5
26 0
26 3
25 3
24 0
23 5
51 3
42 0
42 0
42 3
41 3
40 3
39 3
39 4
21 5
32 4
19 1
19 3
19 5
34 5
57 5
83 1
83 5
107 5
134 3
120 3
95 0
95 5
147 0
147 3
134 4
24 3
21 5
27 3
22 0
22 4
19 3
21 5
28 3
24 3
24 4
21 1
21 3
19 3
19 4
19 5
28 3
23 3
23 3
23 5
43 5
69 3
56 3
50 5
93 5
142 4
21 5
27 3
26 0
25 3
24 4
19 4
19 3
19 4
19 3
20 4
20 3
19 4
19 3
20 3
20 4
20 5
30 3
27 0
26 3
26 4
20 1
20 1
20 3
20 0
20 1
20 5
42 1
42 3
35 4
21 3
21 3
21 1
21 3
22 0
22 3
22 4
20 3
20 5
32 3
26 3
26 3
27 4
22 3
21 3
20 3
20 3
20 5
28 4
19 0
19 5
38 3
31 3
28 4
20 3
20 3
19 1
19 3
19 4
19 1
20 0
20 0
20 5
41 4
19 4
19 3
19 3
19 4
19 5
27 5
49 3
39 5
66 3
50 3
48 4
22 4
22 4
22 1
22 0
22 0
22 4
20 4
20 4
20 4
20 1
20 3
20 4
19 3
20 0
20 0
20 3
20 5
42 3
33 3
30 1
30 0
30 3
30 3
30 4
21 3
19 3
20 5
32 4
19 3
20 3
19 3
20 3
19 4
19 3
19 3
19 5
30 5
52 3
40 3
34 5
67 3
58 3
57 0
57 5
111 3
100 4
20 4
20 3
20 3
20 1
22 4
21 3
21 0
20 0
20 3
21 3
20 3
21 3
21 3
21 3
20 3
21 3
21 4
21 3
20 5
34 5
60 3
47 4
25 3
24 3
24 4
24 5
29 1
29 3
28 3
28 1
29 0
28 4
22 0
22 3
22 0
22 0
22 4
20 4
20 5
32 3
27 3
26 4
20 3
19 0
19 4
19 4
19 3
20 4
20 0
20 3
20 0
20 3
20 4
20 3
19 3
20 0
20 3
20 3
20 1
20 5
43 3
36 0
36 3
35 3
35 4
19 0
19 1
20 0
20 3
21 0
21 4
19 1
19 3
20 3
19 3
19 1
19 5
35 3
29 3
27 1
28 4
21 3
20 4
20 5
30 4
22 3
22 3
21 3
23 5
28 3
25 5
46 3
40 5
73 3
67 1
67 4
24 1
24 3
23 4
23 0
20 1
20 3
20 4
20 3
20 4
20 1
20 3
19 0
19 3
20 3
20 4
20 0
20 5
42 3
35 4
21 3
20 3
19 3
20 3
19 1
19 4
19 3
21 3
20 5
28 0
28 3
25 4
19 4
19 3
20 3
20 3
19 3
20 5
30 0
30 3
23 0
23 5
48 5
76 3
66 5
102 0
102 0
102 3
95 3
82 3
78 4
21 5
30 5
52 3
39 3
36 5
70 0
70 3
60 3
59 5
117 5
175 3
169 3
164 3
160 4
23 3
21 5
31 4
21 3
22 3
21 3
22 4
22 3
23 3
22 3
23 4
23 0
21 3
21 3
21 3
21 3
21 3
21 3
21 0
21 4
19 3
20 3
20 3
20 3
19 0
19 3
20 3
20 3
19 4
19 4
19 5
28 3
23 4
20 3
20 4
20 3
20 5
30 3
26 3
26 0
26 3
26 3
26 1
26 1
26 4
20 3
20 3
20 1
20 0
20 1
21 3
20 3
20 3
20 0
20 3
20 0
20 0
20 4
19 3
20 5
30 5
54 4
22 3
23 5
26 3
21 3
21 4
21 0
21 3
21 1
22 3
22 5
42 5
69 3
56 4
22 3
22 3
21 3
21 5
26 3
25 4
20 3
21 3
20 3
22 3
21 4
21 0
20 3
20 0
20 3
20 0
20 3
20 3
20 5
41 0
41 1
41 4
19 3
20 4
20 0
20 3
20 0
20 5
41 5
63 3
47 3
41 5
78 4
21 3
20 4
20 4
20 4
20 3
22 3
21 3
22 1
22 1
22 1
22 3
21 3
21 3
22 5
26 0
26 3
25 3
25 4
22 5
31 4
19 0
19 3
20 1
20 3
20 1
20 5
36 4
20 5
28 4
20 3
20 0
19 3
19 5
38 5
59 4
20 3
21 4
21 5
28 3
23 3
23 3
23 3
23 3
23 5
43 0
43 3
36 3
34 4
20 4
20 3
20 3
20 0
20 4
20 4
20 5
34 4
19 3
19 0
19 3
19 5
39 3
33 5
61 3
53 5
96 5
139 3
131 3
125 3
120 4
22 4
22 3
22 3
20 3
20 4
20 3
20 3
20 1
20 0
19 5
40 0
40 1
40 3
31 3
29 5
56 0
56 4
21 4
21 5
30 0
29 4
20 3
22 0
21 3
22 3
21 4
20 3
20 5
27 3
24 3
23 3
23 4
20 3
20 0
20 0
20 3
20 4
20 3
19 3
20 3
19 3
20 3
21 1
21 0
21 3
21 5
44 0
44 3
36 3
35 3
34 3
34 0
34 3
34 0
34 3
34 3
34 4
20 3
19 4
19 3
20 3
19 1
19 3
19 4
19 0
19 5
40 4
22 3
24 1
24 1
24 4
24 3
23 3
24 4
24 5
27 5
48 5
74 5
100 5
125 3
107 3
91 3
76 5
140 3
127 3
126 3
124 4
23 3
21 3
24 3
22 4
22 3
22 3
24 1
24 4
24 3
23 3
23 0
21 5
43 0
43 3
36 5
60 0
60 3
51 0
51 4
25 4
25 5
30 5
55 3
40 3
39 3
37 5
76 0
76 1
75 4
21 3
20 3
21 5
31 0
31 3
27 3
27 0
27 0
27 3
26 0
26 1
26 0
26 1
26 5
57 3
50 5
94 3
84 5
145 3
139 5
218 4
25 3
23 3
22 1
22 5
25 1
25 3
25 3
23 3
22 4
20 3
22 4
22 4
22 5
29 3
25 4
21 0
21 0
21 4
20 3
23 3
20 4
20 3
21 3
22 1
22 0
21 3
21 0
21 4
20 4
20 0
20 0
20 3
20 5
39 3
33 5
57 0
57 4
23 1
23 5
28 3
25 3
24 0
24 3
24 4
20 3
20 3
20 3
21 0
21 5
46 5
71 0
71 4
21 5
27 1
27 0
26 4
19 3
22 3
19 4
19 3
21 4
21 5
29 3
24 1
24 5
46 3
41 3
37 3
37 3
36 1
36 5
71 1
71 3
62 0
62 3
61 3
61 0
61 1
61 5
124 3
119 5
197 3
190 5
286 0
286 0
286 0
286 3
279 3
275 5
405 1
405 3
402 5
547 5
693 5
842 1
842 4
23 5
30 3
26 0
26 3
26 3
26 4
22 4
22 3
21 5
32 4
22 1
22 0
21 3
22 3
22 0
22 5
48 4
22 4
22 1
22 4
22 3
23 3
23 5
25 4
21 3
23 0
21 3
22 3
21 1
21 3
22 3
22 0
22 3
22 0
22 3
22 3
22 3
22 3
22 3
22 3
22 0
22 4
20 3
20 0
20 4
19 3
20 1
21 3
19 5
31 5
53 3
33 3
31 1
31 4
20 0
20 3
20 3
20 0
20 3
20 1
20 5
41 3
31 3
29 3
29 3
29 0
29 4
20 3
20 0
20 5
42 0
42 3
34 0
34 0
34 5
68 4
24 3
22 3
22 0
20 4
19 1
19 3
21 3
22 3
20 3
22 5
29 5
49 1
49 4
20 3
22 3
19 3
21 3
21 4
21 4
21 3
20 5
28 3
25 1
25 5
47 3
40 3
39 1
39 4
22 3
21 1
21 5
28 3
25 3
24 3
24 4
21 3
19 3
20 3
20 4
20 3
19 4
19 5
28 3
23 3
23 3
22 4
20 0
20 4
19 3
19 3
20 4
20 3
20 5
31 1
31 3
25 3
25 3
25 3
25 3
25 4
20 3
22 3
22 5
27 4
20 1
20 4
20 3
22 3
22 1
22 4
22 4
22 5
28 3
26 4
21 4
21 5
29 3
27 3
27 4
20 3
20 3
21 5
30 5
55 3
39 3
35 4
19 3
20 0
20 0
20 4
20 0
20 4
20 3
19 3
20 5
34 4
20 4
20 3
20 3
20 4
20 4
20 4
20 5
33 5
53 1
53 3
40 3
36 5
71 3
59 1
59 5
110 3
104 4
23 0
23 3
23 1
23 5
48 1
47 0
47 3
39 3
36 1
36 5
73 1
73 3
67 3
65 4
22 3
21 1
21 1
21 4
21 4
21 5
30 3
26 3
25 5
49 0
49 5
76 0
76 3
65 4
24 4
24 5
29 3
26 4
19 1
19 3
20 5
28 3
24 3
22 4
20 3
20 3
19 0
19 0
19 3
20 3
20 3
20 3
19 4
19 5
32 0
32 0
32 3
24 3
24 4
20 0
20 4
19 5
34 3
27 3
26 0
26 3
26 3
26 3
26 3
26 3
26 0
26 0
26 4
21 5
32 5
58 3
44 5
77 4
22 1
22 0
21 3
21 3
21 3
22 4
20 5
29 3
26 3
25 3
25 4
19 4
19 3
19 3
20 3
20 3
20 5
34 0
34 1
34 3
28 3
28 3
28 0
28 4
20 3
20 3
20 0
20 4
19 3
20 0
20 4
19 1
19 4
19 3
19 0
19 3
20 3
20 3
19 3
20 3
19 5
40 4
19 3
20 1
20 0
19 3
19 3
20 3
20 4
20 0
20 3
20 3
20 0
20 3
20 3
20 3
20 3
20 4
19 5
27 3
22 1
22 3
21 0
21 3
21 4
20 3
20 3
20 1
20 5
34 4
20 3
20 3
20 4
20 5
32 4
20 5
32 3
27 3
27 3
27 1
27 4
21 4
21 3
20 1
20 3
20 0
20 3
21 5
40 3
32 4
20 3
22 3
20 3
22 0
21 3
21 3
21 3
21 3
21 5
41 0
41 4
22 0
22 4
20 4
20 3
21 3
21 3
22 3
20 5
28 4
20 5
28 3
24 3
24 3
24 0
24 4
19 0
19 3
20 0
20 3
20 3
20 3
20 3
20 5
44 3
36 4
24 3
22 5
30 5
51 3
40 5
65 4
21 4
21 5
26 4
20 0
19 4
19 3
22 1
22 3
20 4
20 3
22 5
27 3
26 5
49 5
79 4
24 4
24 1
24 3
22 1
22 3
22 3
21 4
21 4
21 1
21 5
25 4
21 1
21 1
21 3
21 3
21 0
21 0
21 4
20 0
20 4
20 5
27 0
27 3
21 4
19 5
34 3
26 3
26 1
26 1
26 4
19 3
19 4
19 3
20 5
32 0
32 5
56 0
56 4
20 4
20 3
20 1
20 3
21 5
26 3
24 4
21 4
21 0
21 5
44 3
34 4
22 0
22 0
22 0
22 3
22 0
22 4
20 4
20 3
19 5
29 3
25 4
20 4
20 0
20 3
21 3
21 3
21 0
21 4
20 0
20 3
20 0
20 0
20 4
19 5
29 4
20 4
20 3
21 4
21 5
29 0
28 3
25 5
47 0
47 5
76 5
104 5
131 5
160 3
145 4
26 3
23 3
24 5
28 3
26 4
21 1
21 3
20 3
20 4
20 3
21 4
21 3
21 4
21 1
21 1
21 3
21 5
28 4
20 3
20 4
20 3
21 5
28 3
25 4
20 5
30 0
30 0
30 3
23 4
19 4
19 3
20 3
19 0
19 0
19 4
19 1
19 3
19 5
30 4
20 3
22 3
21 3
22 3
21 3
21 3
22 0
21 1
21 3
21 1
21 3
21 0
21 1
21 4
20 3
19 5
28 5
50 0
50 3
39 1
39 0
39 3
36 3
34 0
34 4
21 4
21 4
21 3
20 3
20 5
34 3
26 4
19 4
19 3
20 5
30 0
30 4
19 5
27 1
27 5
47 3
37 5
64 3
53 5
93 3
82 0
82 3
78 4
21 3
20 5
32 3
26 4
21 3
20 5
30 3
26 0
26 4
20 3
19 3
20 0
20 3
20 5
43 3
32 3
29 4
20 3
19 4
19 3
20 1
20 1
20 1
20 1
20 5
34 3
30 4
20 3
20 3
19 5
32 1
31 4
21 3
22 5
32 3
28 3
27 0
26 0
26 4
20 3
20 3
20 3
20 3
21 1
21 3
20 3
20 3
20 3
20 3
20 4
20 5
34 3
27 0
27 5
59 0
59 3
50 4
22 3
22 5
29 3
26 0
26 5
54 4
22 3
20 5
30 4
22 1
22 4
22 5
26 3
24 4
21 3
23 3
23 4
23 3
23 3
24 4
24 5
27 3
24 5
38 3
34 3
30 4
19 3
20 1
20 5
34 4
20 1
20 5
33 0
33 3
26 3
26 0
26 3
26 4
20 4
20 3
19 1
19 1
19 0
19 1
19 1
19 1
19 3
19 3
19 3
20 3
20 4
20 5
35 4
20 1
20 3
20 3
20 1
20 3
20 4
20 3
20 5
32 5
53 5
76 1
76 4
23 4
23 4
23 5
28 0
28 3
25 3
25 1
25 5
47 4
20 4
20 1
20 3
20 3
19 4
19 0
19 3
19 3
20 5
39 4
21 3
22 3
21 5
26 4
19 4
19 3
21 4
21 3
21 4
21 3
22 4
22 3
23 3
21 4
21 3
24 5
30 3
25 3
25 4
20 5
28 1
28 3
24 3
24 0
24 3
24 1
24 4
20 5
29 1
28 3
24 5
45 3
38 1
38 0
38 3
37 4
23 1
23 5
31 4
22 3
21 4
21 4
21 3
21 1
21 3
21 0
21 5
41 3
32 4
24 1
24 4
24 3
21 3
21 4
21 5
25 4
20 4
20 1
20 5
29 3
23 3
23 5
42 3
34 3
33 0
33 3
33 4
20 1
20 3
20 5
35 0
35 3
29 3
29 3
29 5
59 5
92 1
91 3
79 -1
