5 2000
3232 1
3232 5
3232 5
3169 2
3164 2
3155 2
3144 4
3113 5
2994 5
2836 0
2153 1
2154 2
2124 2
2092 3
1889 0
1889 5
2018 5
2151 5
2289 3
2221 2
2187 5
2407 5
2636 5
2867 5
3098 4
864 2
849 4
826 2
801 3
732 2
728 0
708 1
709 5
751 4
665 3
649 1
652 3
647 4
643 0
633 4
626 4
625 2
624 4
624 0
624 4
622 1
624 2
623 0
623 0
623 0
623 2
624 3
623 0
620 0
620 1
623 0
622 0
622 2
625 0
625 1
628 0
628 3
619 0
619 4
615 2
614 5
627 4
612 2
611 3
611 4
607 2
609 0
607 0
607 5
638 1
639 0
639 5
679 5
717 0
717 5
757 3
691 1
691 1
692 3
670 5
715 1
715 3
688 4
610 3
606 0
603 4
598 1
598 2
597 0
597 0
597 4
597 3
597 3
597 0
597 5
639 5
685 4
600 5
612 2
610 3
600 1
602 3
598 5
621 5
656 5
701 0
701 1
702 3
659 3
644 0
644 4
609 1
609 4
591 3
591 5
602 4
589 5
606 3
594 4
588 1
590 2
590 5
606 3
591 2
590 4
585 2
583 5
602 3
590 3
590 4
585 0
584 2
585 2
589 2
595 2
601 1
602 1
608 5
633 5
670 4
600 0
592 1
592 1
601 2
592 0
592 5
631 4
593 2
592 5
607 2
610 4
593 4
593 5
609 1
612 1
630 4
610 1
612 3
595 0
592 5
622 2
632 2
640 2
651 5
681 4
606 0
599 3
599 1
599 3
598 5
627 1
628 3
610 4
595 2
594 3
593 5
605 0
605 4
591 0
591 2
592 5
623 3
608 1
622 2
621 3
608 0
608 3
608 2
607 2
606 2
605 5
650 5
699 0
699 1
701 0
701 2
697 4
611 2
610 5
620 5
636 5
665 0
665 0
665 1
666 0
666 1
671 2
670 2
669 2
668 4
602 3
600 4
589 3
589 3
589 4
589 3
589 0
587 2
592 4
589 4
589 0
588 3
587 0
587 2
587 4
586 2
589 3
589 4
589 2
591 2
595 4
591 1
591 2
597 5
611 3
603 0
600 3
600 3
600 4
595 5
608 4
593 4
592 4
592 3
592 5
603 2
603 0
603 2
603 0
603 1
603 0
603 4
592 4
592 5
605 2
613 5
633 2
645 5
669 0
669 1
664 2
664 5
695 1
695 5
728 3
653 3
635 1
637 0
635 3
629 3
629 3
628 0
628 3
628 4
609 5
627 4
594 5
609 2
610 4
591 5
607 2
609 5
624 4
587 0
586 2
586 4
586 1
586 0
586 4
586 2
589 2
593 1
593 5
611 3
598 4
591 3
589 3
589 1
589 2
589 5
604 4
590 5
604 4
590 2
592 2
592 5
606 3
593 4
590 2
590 0
589 2
589 1
591 3
589 2
588 4
587 5
600 4
589 0
585 4
585 2
585 3
585 1
585 0
585 1
587 2
586 1
589 0
587 3
587 5
618 3
605 1
611 5
642 4
588 2
587 2
588 1
588 2
592 1
592 0
591 5
622 2
633 2
645 1
645 3
616 0
614 0
614 4
600 4
591 0
589 4
585 3
585 4
585 0
585 5
624 5
665 4
590 0
589 5
626 3
606 3
605 2
604 2
603 2
602 3
600 2
599 0
598 3
596 5
641 3
623 4
591 0
590 4
587 5
600 0
600 5
644 0
644 5
692 2
689 4
592 0
589 0
589 4
585 2
584 5
602 0
602 1
603 3
589 4
583 4
581 3
581 4
580 2
580 5
593 0
593 0
593 3
586 3
586 0
585 3
585 3
584 5
629 4
585 2
584 4
579 2
579 0
578 1
585 4
584 4
584 2
584 5
599 1
596 3
586 5
601 2
602 2
602 5
637 4
583 3
582 3
582 3
582 0
581 0
581 2
585 3
582 1
582 4
578 1
580 2
578 2
577 4
577 5
592 3
581 2
580 1
583 4
579 3
579 4
578 0
578 4
578 3
578 2
580 2
580 2
582 3
582 3
582 4
581 2
582 4
582 4
582 4
582 4
582 5
595 3
586 0
586 0
586 4
585 4
582 4
582 3
581 2
581 4
581 1
581 3
581 4
581 3
581 5
595 3
588 5
607 1
615 1
615 1
615 1
615 0
611 4
581 4
581 4
581 0
580 3
580 0
580 3
580 2
580 2
580 1
582 4
581 0
580 3
580 3
580 4
580 3
580 4
580 0
579 5
612 1
613 4
579 3
579 5
590 2
593 0
593 3
583 2
582 2
581 3
581 2
581 4
580 3
580 0
579 4
578 2
580 3
580 1
583 4
581 1
581 2
586 3
583 3
582 1
582 4
581 3
581 5
594 2
594 0
594 5
625 4
584 4
584 4
584 5
593 0
593 0
593 3
588 4
582 5
591 0
591 0
591 4
583 4
583 2
586 4
586 3
584 0
582 0
582 3
581 5
610 5
641 0
641 0
641 4
590 4
589 4
589 5
595 1
595 0
594 1
595 2
594 4
583 0
579 5
607 4
579 2
579 0
578 0
578 3
577 4
577 3
577 3
577 5
588 2
588 2
588 3
583 5
600 0
600 4
582 4
578 2
578 1
578 4
578 4
578 1
578 4
578 1
578 5
589 4
578 3
578 2
581 2
581 1
581 3
578 4
578 4
578 3
578 2
584 2
584 2
584 0
582 4
577 4
577 4
577 0
577 4
577 3
577 4
577 3
577 3
577 4
577 2
577 3
577 3
577 2
577 0
577 3
577 0
577 5
605 0
605 2
605 4
578 0
577 2
577 3
577 3
577 3
577 4
577 0
577 5
604 0
604 3
599 0
596 4
588 5
597 4
580 4
579 5
590 5
606 0
606 4
577 5
590 4
578 3
578 2
579 1
579 4
578 3
578 4
578 0
577 0
577 5
610 0
610 4
577 1
577 4
577 0
576 0
576 0
576 3
576 5
607 5
643 5
684 1
684 4
590 2
589 0
586 3
584 0
584 0
584 0
584 0
584 5
626 4
584 2
583 0
582 2
582 5
616 1
616 3
608 1
608 4
581 1
589 5
592 3
583 3
582 5
602 0
602 0
602 3
591 0
590 4
585 4
575 4
575 4
575 5
586 3
579 2
578 5
596 1
596 2
595 4
574 0
574 3
574 0
574 1
574 4
574 5
586 4
575 4
575 0
574 4
574 1
578 4
577 0
575 5
611 3
598 0
598 4
584 4
576 0
575 3
575 3
575 3
575 3
575 4
574 1
576 4
574 4
574 0
574 2
574 4
574 5
586 5
609 4
578 4
578 3
578 1
578 4
578 5
586 0
586 4
577 2
577 2
579 4
578 1
580 4
579 1
579 4
579 0
575 0
575 0
575 0
575 3
574 3
574 2
574 3
574 3
574 3
574 4
574 1
574 2
574 3
574 4
574 3
574 5
588 4
575 0
573 4
573 0
573 4
573 2
573 4
573 1
573 2
573 4
573 2
573 4
573 2
573 0
573 4
573 3
573 5
587 2
587 1
589 4
576 0
573 0
573 2
573 1
573 3
573 0
573 4
573 3
573 2
573 4
573 4
573 4
573 4
573 0
573 1
575 4
574 3
574 4
574 3
574 4
574 4
574 4
574 0
573 5
603 4
576 4
576 5
592 0
591 4
574 2
574 0
574 0
574 0
574 0
574 4
574 3
574 3
574 1
574 1
574 4
574 0
573 0
573 4
573 0
573 1
573 0
573 3
573 0
573 0
573 0
573 5
606 4
575 0
574 4
573 3
573 2
573 5
587 4
575 3
575 4
575 5
587 4
575 2
575 5
588 4
575 0
573 0
573 4
573 1
573 2
573 2
573 0
573 4
573 3
573 1
573 5
587 3
580 3
578 1
578 0
578 4
575 5
588 0
588 2
588 4
576 2
576 2
575 0
574 1
574 2
574 0
574 3
574 4
574 1
574 4
573 5
587 0
587 4
574 4
574 0
573 2
573 4
573 2
573 0
573 5
606 5
643 4
580 2
579 0
577 3
577 0
577 0
577 1
577 4
576 0
576 4
576 5
590 3
582 0
580 2
579 2
579 4
575 2
574 3
574 4
574 4
574 5
588 0
588 0
588 4
577 3
577 5
590 0
589 1
589 4
578 3
578 5
592 3
584 3
584 0
584 5
624 1
624 4
582 2
581 2
580 2
579 3
579 1
579 1
579 0
577 0
577 5
612 3
600 2
599 2
598 2
597 0
597 1
597 4
584 4
575 3
575 0
575 4
575 1
575 5
589 3
579 0
579 4
576 4
574 3
574 1
574 4
573 0
573 4
573 3
573 1
573 4
573 5
587 4
575 0
573 1
574 1
574 0
574 3
574 3
574 2
574 2
574 4
574 1
574 3
574 3
574 3
574 0
574 3
574 1
574 1
574 5
608 1
611 5
647 4
582 0
580 4
577 4
577 5
589 3
579 4
574 1
574 4
574 4
574 4
574 0
574 4
574 0
574 2
574 4
574 2
574 5
587 1
587 5
614 0
614 2
614 3
596 4
578 4
577 0
577 4
574 2
574 0
574 0
574 0
574 1
574 1
574 0
574 2
574 0
574 3
574 4
574 5
587 1
584 3
580 2
579 1
579 2
578 4
574 2
574 2
574 5
586 5
610 0
610 3
594 2
593 2
592 0
592 2
591 5
639 3
622 0
621 1
621 3
617 4
596 4
577 2
577 2
577 4
577 1
577 4
577 4
577 3
576 5
590 0
590 0
590 0
590 3
579 4
575 1
575 4
575 0
575 4
575 0
575 5
615 2
615 0
615 2
615 3
604 0
604 1
604 0
604 3
601 2
600 2
599 3
599 5
658 3
642 4
599 2
598 4
580 3
580 4
579 2
579 3
579 5
589 4
577 4
577 5
589 4
577 0
575 5
614 2
614 4
577 4
577 4
577 1
577 0
574 0
574 3
574 2
574 0
574 2
574 3
574 0
574 3
574 5
612 4
576 3
576 4
576 2
576 2
576 3
576 0
575 1
575 3
575 4
574 5
591 4
575 3
575 4
575 2
576 1
576 1
576 2
576 3
576 1
576 2
576 4
575 4
575 5
591 4
575 2
575 0
574 1
574 4
574 3
574 0
574 1
574 3
574 3
574 1
574 2
574 2
574 3
574 5
611 0
611 3
600 0
600 3
600 0
600 4
584 3
583 3
583 1
583 0
581 5
629 5
685 4
584 3
583 0
580 1
580 2
580 0
580 3
580 2
579 3
579 4
578 2
577 0
577 3
577 4
577 4
574 5
588 4
575 3
575 1
575 2
575 4
575 4
575 3
575 4
575 5
590 5
613 0
613 4
578 3
578 0
577 1
577 3
577 4
577 1
577 4
577 4
577 5
591 2
591 0
591 2
591 0
591 1
591 3
585 4
577 3
577 3
577 3
577 2
577 3
577 5
593 2
593 4
580 0
578 0
578 2
578 2
578 4
577 5
594 3
583 3
583 4
578 4
577 5
593 3
582 3
582 4
577 5
593 4
580 4
580 2
580 4
580 4
580 4
580 3
580 5
595 2
595 0
594 4
580 0
578 4
577 4
577 3
577 1
577 0
577 2
577 0
577 1
577 0
577 0
577 2
577 0
577 4
577 0
577 4
577 3
577 5
594 0
594 0
594 4
581 4
581 4
581 4
581 3
581 4
581 0
580 3
579 4
578 0
578 3
578 4
577 0
577 2
577 5
616 1
616 1
616 3
604 3
602 0
601 1
601 2
600 2
599 4
587 3
585 4
576 1
576 3
576 4
576 4
576 2
576 3
576 4
576 3
576 0
576 2
576 1
576 5
616 5
660 4
579 3
579 4
579 5
593 0
592 5
634 0
634 3
608 3
605 1
605 1
605 1
605 1
605 0
605 4
589 0
587 1
587 2
587 2
587 3
587 5
630 4
588 4
581 1
581 4
581 0
579 2
579 0
579 3
579 2
579 3
579 0
579 3
579 0
579 4
579 2
579 2
579 1
579 4
579 1
579 5
594 2
594 4
580 0
578 5
618 4
581 0
579 0
579 2
579 0
579 0
579 3
578 1
578 4
577 4
576 3
576 4
576 0
576 0
576 4
576 1
576 5
593 1
593 4
577 0
576 0
576 1
576 0
576 0
576 2
576 0
576 0
576 3
576 5
615 3
604 5
649 3
632 0
632 0
632 3
627 0
627 0
627 4
591 5
607 5
639 4
589 1
589 3
586 0
584 3
583 3
583 3
583 3
583 5
630 2
630 5
682 1
682 2
681 3
654 1
654 5
715 4
586 2
585 3
585 4
581 3
581 3
581 0
580 4
579 0
576 4
576 4
576 4
576 5
593 2
593 4
578 2
578 4
578 4
578 0
577 4
576 4
576 4
576 0
576 1
576 1
576 3
576 2
576 1
576 5
616 4
578 4
578 0
576 4
576 3
576 3
576 3
576 5
592 3
582 1
582 2
581 2
580 4
575 1
577 0
577 3
577 1
577 3
577 3
577 4
577 5
592 2
592 1
592 0
592 2
592 3
582 0
582 3
581 5
627 3
612 4
584 3
582 3
582 1
582 2
581 0
579 3
579 0
579 3
579 4
577 4
575 3
575 4
575 2
575 3
575 4
575 3
575 3
575 4
575 2
575 3
575 3
575 5
591 5
614 4
578 0
576 3
576 4
575 0
575 4
575 3
575 0
575 4
575 0
575 2
575 2
575 3
575 0
575 3
575 1
575 3
575 3
575 0
575 5
616 0
616 1
616 3
603 2
602 0
602 4
587 3
584 0
584 2
584 2
584 5
631 2
631 4
588 3
584 0
581 2
581 0
581 4
581 0
581 4
581 4
578 3
578 5
594 3
583 1
583 3
583 3
583 2
582 2
581 3
581 5
606 5
641 5
684 3
637 0
637 0
637 5
717 2
714 0
714 0
714 0
714 2
712 3
691 2
689 3
677 0
677 0
677 0
677 3
672 0
672 0
672 5
813 5
953 5
1097 5
1242 2
1234 3
1189 0
1189 4
630 3
617 5
615 4
593 0
590 3
589 2
589 2
589 5
628 0
628 2
628 5
675 3
654 5
720 5
803 5
891 1
891 4
602 3
596 4
588 0
584 4
582 5
592 2
592 5
615 4
583 5
594 1
594 3
587 4
582 2
582 3
582 0
579 4
579 3
579 5
590 3
584 0
584 0
584 5
625 0
625 1
625 4
583 0
582 5
620 1
620 2
620 2
619 3
608 0
608 1
608 4
588 4
580 3
580 4
579 1
579 2
579 1
579 0
579 3
579 4
579 1
579 4
579 5
590 5
612 3
592 2
590 2
589 2
588 4
581 3
581 3
581 3
581 3
581 0
580 4
580 3
580 3
580 3
580 5
590 5
614 5
647 4
586 3
586 1
586 4
585 4
585 4
585 0
582 5
612 4
584 4
583 3
582 4
582 4
581 3
581 4
581 5
590 5
609 3
589 4
578 3
578 3
578 4
578 2
578 3
578 4
578 3
578 5
588 4
579 3
579 2
579 2
579 3
579 4
579 0
578 2
578 5
608 2
608 0
608 3
601 5
630 3
610 4
589 5
598 5
619 3
596 3
595 4
584 0
584 4
582 4
577 2
577 4
577 0
577 4
577 5
587 2
587 5
613 1
613 0
613 2
613 0
613 5
654 0
654 3
616 2
615 2
614 3
610 3
608 3
608 3
608 4
578 2
577 4
575 3
575 1
575 4
575 4
575 4
575 4
575 4
575 5
584 5
606 1
606 5
642 3
607 4
578 3
577 0
575 0
575 4
573 1
573 2
573 5
584 0
584 0
584 4
574 3
574 1
574 4
574 2
574 3
574 3
574 4
574 3
574 4
574 3
574 1
574 2
574 1
574 2
574 2
574 5
585 4
576 4
575 3
575 0
573 0
573 2
573 2
573 3
573 4
573 0
573 0
573 0
573 3
573 3
573 3
573 2
573 3
573 2
573 4
573 0
573 3
573 3
573 3
573 5
605 3
592 3
591 5
622 3
608 4
584 4
574 2
574 3
574 4
574 4
574 3
574 4
574 1
574 2
574 0
574 2
574 5
606 3
592 2
590 2
589 0
588 3
586 0
585 5
636 4
582 3
579 3
578 3
577 4
574 0
572 4
571 4
571 0
571 2
571 4
571 0
571 1
571 4
571 4
571 4
571 2
571 3
571 2
571 3
571 5
583 4
573 4
572 1
572 0
571 5
612 0
612 2
612 2
612 2
612 1
612 0
612 3
596 0
596 5
654 5
720 4
583 3
580 3
580 4
574 2
574 2
574 3
574 2
574 4
573 1
573 3
573 4
573 4
572 5
580 3
575 1
575 3
574 4
571 1
571 3
570 3
570 2
570 3
570 2
570 3
570 3
570 4
570 3
570 2
570 3
570 4
570 5
582 3
574 2
573 4
570 5
578 0
577 0
577 1
577 2
577 4
569 2
569 3
569 0
568 3
568 2
568 5
601 3
589 4
568 4
567 2
567 0
566 5
602 4
567 0
566 2
566 4
566 3
566 3
566 0
566 0
566 1
566 5
602 4
567 2
567 5
579 4
568 5
579 5
600 1
600 5
630 4
575 0
572 4
570 4
570 5
584 0
584 3
577 0
577 3
575 2
575 2
575 4
575 2
574 3
572 4
570 5
579 0
578 3
573 1
573 0
573 4
573 2
572 3
571 4
569 4
569 2
569 4
569 4
569 5
580 4
570 3
570 2
570 5
579 3
573 3
573 3
573 4
571 5
582 4
571 3
571 3
571 0
570 3
570 0
570 3
570 5
605 5
648 1
648 3
621 3
614 2
613 3
609 3
609 0
609 3
609 2
608 0
608 4
591 4
572 3
572 4
572 2
572 2
572 2
572 5
578 4
572 0
571 5
606 2
606 5
647 3
620 2
619 0
619 3
614 2
613 0
613 3
608 1
608 4
592 5
601 3
594 4
575 2
575 5
585 3
576 0
576 3
576 3
576 0
576 4
574 5
585 4
573 2
572 3
572 4
572 -1
3232 3
1101 5
1057 3
1033 2
1035 0
890 1
890 2
886 2
891 4
739 4
739 1
742 2
739 4
739 0
694 2
703 5
718 0
718 3
666 2
665 2
664 5
664 3
649 3
646 3
645 4
640 5
648 2
652 5
670 3
641 0
632 2
637 3
628 3
625 1
625 5
637 5
660 3
633 5
653 1
654 4
618 5
624 2
623 3
613 4
608 3
607 3
607 4
606 5
613 1
613 3
606 4
604 3
604 1
606 2
605 3
605 2
606 2
607 4
606 5
616 1
619 4
609 5
619 5
635 2
634 3
615 1
634 3
617 1
626 1
639 4
628 3
625 0
614 5
636 2
642 3
627 2
626 0
623 4
617 1
620 5
628 2
626 4
610 4
609 1
612 4
611 0
607 2
616 3
612 5
631 1
631 5
657 1
658 3
629 4
610 1
639 1
639 3
615 4
610 4
610 1
613 4
612 2
614 0
609 4
605 2
609 1
611 0
610 0
610 4
606 3
606 2
610 2
612 3
609 4
608 2
609 5
616 3
609 5
620 0
619 4
610 1
610 3
610 1
610 0
607 0
607 3
607 5
633 0
633 2
637 1
638 2
637 2
644 1
644 1
646 4
609 3
609 0
606 1
609 0
608 5
638 4
606 3
605 3
605 5
613 2
616 5
638 5
667 2
674 2
683 5
716 0
716 0
716 4
608 3
605 2
604 2
604 2
606 2
609 1
609 5
617 5
631 3
609 0
606 5
633 0
633 1
631 4
605 4
603 1
603 3
603 1
603 5
609 4
601 5
611 3
603 0
601 4
598 0
598 4
598 2
600 5
610 4
603 3
603 4
603 5
609 0
608 3
602 3
602 0
600 3
600 5
627 5
661 2
661 5
698 2
703 2
703 4
604 1
607 4
606 2
608 1
614 3
606 1
617 4
616 0
609 0
609 4
599 2
603 3
599 4
599 2
602 2
602 1
602 5
611 0
611 2
619 5
645 3
625 1
628 2
626 4
602 5
611 3
606 5
617 1
615 0
615 1
619 2
615 4
605 5
613 2
614 4
603 5
609 1
613 1
621 5
628 4
607 2
610 1
636 0
608 4
600 5
611 5
632 1
630 0
630 5
662 4
599 2
601 1
602 4
601 4
601 4
601 5
610 5
626 4
601 5
611 1
617 0
613 3
605 2
604 1
611 5
625 3
617 1
617 5
641 4
606 1
608 5
614 0
613 0
613 2
619 3
607 3
607 5
629 4
604 4
600 3
600 2
601 2
605 2
616 5
625 1
628 0
627 0
627 0
627 0
627 1
633 3
611 4
602 4
601 4
601 1
612 5
608 4
601 4
601 2
601 3
601 2
604 4
602 0
599 4
597 0
597 0
597 5
617 5
645 1
652 4
607 3
604 5
610 4
603 3
603 3
603 4
603 4
603 0
600 5
622 0
622 1
622 3
614 0
614 5
650 1
650 4
605 1
608 4
600 4
600 0
596 1
596 0
596 5
618 3
610 5
630 3
617 2
616 0
613 4
605 3
602 3
601 0
601 5
633 0
633 4
601 4
596 5
605 1
620 4
611 5
605 2
607 5
624 2
628 2
628 3
610 0
608 1
615 2
614 4
609 0
602 4
601 0
601 5
632 1
633 2
632 0
632 2
635 5
675 2
679 4
604 1
606 4
600 0
594 2
601 2
611 4
594 2
595 3
594 4
593 0
593 5
614 5
641 4
596 5
604 2
604 4
595 5
605 2
615 4
601 4
601 2
608 4
608 4
608 4
608 5
611 2
611 0
611 0
611 1
611 1
614 1
614 3
607 0
605 4
601 0
601 3
601 4
600 0
600 1
603 0
602 2
602 0
602 0
602 2
611 4
600 4
597 3
597 5
608 2
608 1
608 1
614 0
607 4
597 1
599 5
611 4
598 5
610 4
598 4
598 4
598 2
602 3
596 2
603 4
603 4
602 4
602 3
601 5
610 2
610 4
601 0
599 3
599 0
599 5
620 2
620 3
611 4
599 2
598 0
597 5
619 0
619 4
599 5
608 3
602 0
599 0
598 4
597 3
597 0
597 4
597 1
597 4
596 2
598 5
608 2
612 4
599 4
599 4
599 3
598 2
600 0
600 3
597 5
617 3
609 3
607 0
604 0
604 5
644 4
605 3
603 1
605 3
603 4
599 5
611 3
601 0
598 5
630 2
636 1
637 3
622 4
597 3
597 0
596 5
627 1
627 4
600 4
598 4
598 3
597 4
597 4
597 4
597 4
597 5
609 4
597 5
610 2
612 4
598 0
597 2
597 4
597 3
596 4
596 3
596 1
604 0
596 1
599 1
600 2
597 2
596 4
595 1
597 3
595 2
595 0
595 4
594 5
607 1
612 1
620 5
633 2
633 0
633 1
633 5
673 2
673 0
673 4
602 3
600 2
598 0
594 4
594 1
595 0
595 4
595 3
595 4
594 0
594 5
626 4
596 5
609 4
595 4
594 4
594 4
594 0
592 1
595 4
592 1
594 2
592 0
590 2
590 2
590 1
590 5
622 4
594 2
597 1
597 4
595 2
598 4
595 5
606 1
607 0
606 0
606 2
606 5
637 3
612 4
594 1
597 5
608 2
608 2
608 4
593 0
591 2
591 5
617 3
608 1
608 4
594 5
607 1
607 5
632 4
595 3
594 2
594 1
594 5
608 2
608 0
607 5
639 3
614 4
595 0
592 0
592 4
591 4
591 5
605 1
613 1
615 4
601 1
601 5
603 4
594 2
599 3
595 3
593 4
593 0
592 4
591 4
591 3
591 4
591 0
591 2
599 0
599 1
599 1
599 0
599 3
596 4
594 4
593 0
593 1
593 3
593 4
593 4
593 3
593 0
593 4
593 3
593 2
593 2
593 1
593 0
593 5
617 3
609 3
608 4
594 3
594 1
594 3
594 0
594 3
594 1
600 4
597 2
597 2
597 4
597 4
597 5
609 5
626 0
626 0
626 4
600 0
595 5
619 0
619 0
619 5
650 2
650 5
687 0
687 2
687 4
600 5
608 4
598 2
597 0
595 1
595 2
595 4
595 5
611 3
600 5
619 2
618 5
643 3
616 1
617 2
616 0
615 4
607 1
607 5
623 2
622 4
600 5
612 5
632 1
634 1
634 2
633 2
633 0
631 3
607 4
594 4
593 4
593 2
596 3
595 5
609 2
609 0
609 2
609 5
643 5
674 3
634 5
670 2
668 5
710 0
710 4
608 1
610 4
595 3
594 4
594 1
594 2
594 1
594 3
594 1
598 2
597 3
597 4
597 2
597 1
599 0
596 4
591 4
591 1
591 4
591 0
591 5
618 3
607 0
606 3
604 0
604 2
603 1
604 0
604 1
604 2
604 4
601 1
601 0
600 2
601 4
599 3
599 0
597 4
597 4
590 0
590 5
619 3
608 5
641 4
592 3
591 4
589 2
589 4
589 0
589 4
588 3
588 2
589 5
602 0
602 0
602 4
589 2
589 5
599 1
599 0
598 3
591 5
617 1
617 4
589 2
589 5
601 2
601 0
600 4
588 4
588 2
591 3
589 0
589 1
589 3
588 0
588 1
588 5
616 0
616 4
590 0
588 1
588 1
588 5
618 3
607 3
605 1
605 2
604 3
603 2
602 4
589 5
606 1
606 2
607 4
589 4
589 3
588 1
588 5
600 3
592 4
588 2
589 0
588 4
588 0
587 0
587 5
616 1
616 0
616 1
616 4
590 2
590 4
590 2
590 4
590 2
592 4
590 4
590 1
592 1
592 0
589 1
589 4
586 5
602 2
602 4
588 5
603 0
602 5
638 5
677 5
720 4
596 5
602 2
602 4
594 4
594 0
592 4
589 1
591 0
588 0
588 0
588 1
589 1
589 0
589 5
619 0
619 3
609 0
608 1
608 0
608 5
657 4
602 0
599 3
599 4
597 4
589 4
589 1
589 4
589 4
589 3
588 1
588 3
588 4
587 5
601 5
628 5
663 0
663 0
663 3
613 2
612 2
611 2
610 5
644 5
694 0
694 2
693 0
693 2
693 0
693 2
690 0
690 0
690 5
746 2
746 4
599 2
598 0
592 2
592 3
591 4
589 0
589 5
626 3
609 3
608 2
607 0
607 4
596 5
615 0
615 3
602 2
601 4
598 3
594 3
594 3
594 0
594 2
594 1
594 0
594 2
594 2
594 4
592 3
592 0
592 2
592 3
592 0
592 4
591 0
591 3
591 1
591 2
590 1
590 0
590 4
589 1
589 5
607 0
607 2
607 0
607 0
607 3
592 1
592 2
591 5
634 4
594 1
594 3
591 0
590 5
630 4
592 0
591 5
631 2
631 3
617 4
593 2
592 3
591 4
587 0
585 5
620 5
663 4
590 3
589 3
589 5
602 2
602 5
628 2
628 1
628 0
628 2
628 4
592 5
602 4
590 0
586 0
586 4
586 1
586 3
586 4
586 4
586 4
586 0
586 0
586 4
586 2
586 1
586 0
586 4
586 0
586 4
586 4
586 3
586 2
586 0
586 1
586 1
586 2
586 2
586 3
586 3
586 3
586 5
615 2
615 4
589 4
589 3
588 3
588 3
588 3
588 5
602 5
625 1
626 3
598 1
598 5
621 4
590 2
590 2
590 5
604 4
590 3
588 1
588 1
588 5
601 4
589 1
589 3
588 4
588 5
601 1
601 0
600 4
588 5
601 3
590 1
590 0
590 2
590 3
590 5
624 4
590 0
587 3
587 5
621 0
621 2
621 4
590 5
600 0
599 4
589 0
587 3
587 5
620 0
620 2
620 0
620 2
620 0
620 4
590 5
600 0
599 1
600 3
591 4
587 2
586 0
586 2
586 2
586 5
619 0
619 4
590 0
587 2
587 5
621 2
621 4
589 5
601 5
628 1
628 4
588 4
587 1
587 3
586 0
585 4
585 1
585 5
599 3
590 3
590 4
585 0
585 3
585 5
616 4
588 5
598 3
590 2
589 0
587 3
587 1
587 2
586 5
620 0
620 1
620 4
590 4
588 2
588 0
585 0
585 5
617 0
617 0
617 3
607 5
644 3
627 5
679 4
593 2
592 3
592 0
591 0
591 3
591 1
591 4
589 5
604 2
604 3
591 2
590 2
589 5
609 0
609 5
654 1
654 5
701 4
595 4
589 0
586 4
586 3
586 0
586 0
586 3
586 5
616 2
616 5
654 5
696 1
697 2
696 0
696 0
696 4
596 4
594 2
594 0
589 1
589 0
589 0
589 2
589 0
589 5
618 0
618 5
652 0
652 0
652 4
596 1
596 0
593 0
593 3
593 1
593 3
593 4
589 2
588 1
588 0
588 4
588 5
604 0
604 5
637 3
613 3
608 0
607 2
606 0
606 0
606 3
604 3
604 5
648 5
704 4
605 0
604 2
604 0
603 2
603 5
646 0
646 0
646 0
646 4
603 3
600 2
599 3
598 4
592 4
591 3
591 4
591 0
589 2
589 2
589 4
589 3
589 2
589 5
602 4
591 4
590 0
588 3
588 3
588 1
588 1
588 5
617 0
617 2
617 3
608 4
592 0
591 1
591 5
619 1
619 0
619 4
591 3
590 2
589 0
588 5
619 0
619 0
619 0
619 3
609 3
608 0
608 4
597 4
587 3
587 5
603 4
588 3
587 2
587 4
587 0
586 1
586 3
586 5
614 2
614 2
614 5
648 2
648 3
627 5
664 0
664 3
649 5
720 4
605 4
589 5
602 0
602 0
602 5
640 3
611 0
610 5
655 5
713 5
776 0
776 4
600 3
597 5
613 2
613 4
592 0
590 1
590 2
590 2
590 0
590 4
590 4
588 2
588 4
588 2
588 5
606 1
606 4
590 0
588 3
586 3
586 3
586 3
586 3
586 1
586 1
586 0
586 1
586 4
586 5
603 4
588 4
588 1
588 0
586 2
586 2
586 3
586 0
586 1
586 5
617 1
617 3
606 4
588 0
586 2
586 3
586 4
586 3
586 0
586 3
586 3
586 4
586 4
586 2
586 4
586 2
586 0
586 1
587 0
587 3
587 5
618 4
590 0
588 0
588 5
620 4
590 3
589 3
589 2
589 5
604 2
604 2
604 1
604 5
629 2
629 5
663 5
701 4
591 1
591 0
590 5
622 3
608 3
606 4
594 4
589 3
589 0
589 2
589 4
588 4
587 4
587 2
587 2
587 4
587 2
587 2
587 4
587 1
587 5
604 3
592 0
591 0
591 3
591 3
591 1
591 4
589 4
587 0
587 2
587 3
587 1
587 3
587 4
587 2
587 4
587 0
587 3
587 4
587 4
587 4
587 4
587 3
587 1
587 0
587 3
587 5
619 0
619 3
604 4
589 5
608 5
633 3
604 4
589 5
605 0
605 4
590 1
590 2
589 4
588 4
588 0
586 3
586 3
586 2
585 0
585 3
585 4
585 3
585 3
585 2
585 3
585 3
585 2
585 2
585 1
585 3
585 4
585 0
585 3
585 4
585 2
585 3
585 4
585 4
585 4
585 1
585 1
585 4
585 2
585 5
600 0
600 0
600 4
587 3
586 2
586 4
586 5
598 3
589 2
588 3
587 3
587 4
586 1
586 0
585 3
585 4
585 4
585 3
585 3
585 0
585 0
585 0
585 4
585 4
585 0
585 0
585 5
614 3
602 1
602 4
587 4
586 4
586 0
584 2
584 3
584 3
584 4
584 3
584 3
584 4
584 3
584 0
584 0
584 5
613 1
613 3
603 3
603 3
603 0
601 2
600 3
600 2
599 1
599 0
599 0
599 0
599 3
599 4
594 3
592 3
592 5
607 4
589 4
586 3
585 5
599 2
599 4
586 5
600 4
587 2
587 0
585 3
585 2
585 0
585 3
585 5
616 3
606 3
605 2
604 3
604 2
603 4
585 3
585 2
585 4
585 4
585 4
585 5
598 2
598 5
627 4
586 5
599 5
628 0
628 3
602 1
602 1
602 3
598 1
598 4
586 4
584 2
584 5
600 5
631 2
631 3
603 3
598 2
597 3
597 3
597 4
589 3
587 1
587 1
587 2
586 3
586 3
586 0
585 0
585 1
585 5
616 0
616 4
588 4
587 0
585 1
585 5
617 0
617 4
587 3
586 4
586 4
586 4
586 1
586 4
586 4
586 3
586 4
586 3
586 5
598 4
587 0
585 3
585 2
585 2
585 0
585 5
617 3
608 3
608 0
608 2
607 3
607 4
599 3
595 2
594 3
594 3
594 3
594 2
593 0
593 3
592 5
630 1
630 0
630 3
620 2
619 0
619 3
616 4
599 3
599 1
599 4
590 0
589 5
629 3
617 0
616 1
616 4
592 0
592 1
592 2
592 3
592 2
592 3
592 4
592 3
592 5
609 5
646 0
646 3
617 4
597 2
596 1
596 1
596 2
595 1
595 3
593 4
587 3
587 0
586 4
585 4
584 0
584 4
584 0
584 5
622 4
588 0
585 2
585 0
585 1
585 4
585 3
585 4
585 3
585 0
585 4
585 5
601 1
601 5
632 3
608 3
602 3
602 4
585 4
585 0
585 0
585 4
585 2
584 3
584 0
584 4
584 2
584 0
584 3
584 3
583 4
583 1
583 5
604 2
604 0
604 2
604 5
652 3
622 1
622 5
668 0
668 4
598 5
612 1
612 2
611 1
611 5
642 3
614 5
652 4
599 0
597 5
643 5
703 2
702 2
697 2
697 4
604 4
595 4
595 5
601 0
600 0
600 4
588 5
600 3
591 1
591 0
590 3
590 0
590 3
590 5
628 0
628 0
628 5
680 3
649 5
704 3
681 2
679 0
679 3
674 4
608 0
607 1
607 0
607 2
606 3
606 3
606 2
605 3
605 0
605 4
604 4
590 3
589 4
589 1
589 4
589 5
603 3
592 5
618 4
592 3
592 0
590 0
590 5
634 3
619 3
618 1
618 5
662 3
645 3
642 3
639 2
638 3
638 2
637 3
637 3
637 5
709 5
802 3
762 3
754 0
754 0
754 0
754 4
619 3
610 4
596 3
596 0
594 0
594 5
637 2
637 5
687 5
744 2
741 3
686 5
752 2
750 0
750 4
614 4
597 3
595 0
590 5
625 1
625 4
591 2
590 5
602 4
590 3
588 0
587 0
587 0
587 3
587 0
587 0
587 2
587 2
587 5
621 3
608 1
608 1
608 3
608 3
608 2
607 2
606 2
605 2
604 0
604 2
603 0
603 5
658 4
600 4
590 4
590 2
590 2
590 2
590 2
590 3
590 3
590 0
587 5
620 1
620 4
589 5
603 4
588 0
586 4
586 3
586 0
586 0
586 4
586 5
601 0
601 4
588 3
587 4
587 3
587 2
587 5
600 0
599 4
587 0
586 2
586 3
586 5
614 4
588 2
588 2
588 5
601 5
626 0
626 5
667 3
623 1
623 4
592 3
590 5
601 2
601 2
601 0
601 4
589 1
589 2
589 0
587 4
585 5
600 1
600 5
627 2
627 3
602 2
601 4
589 5
601 2
601 0
600 0
600 4
587 1
587 4
586 3
585 0
584 1
584 5
612 0
612 0
612 5
650 2
650 4
588 4
587 5
600 4
587 1
587 3
586 2
586 2
586 3
586 3
586 3
586 5
598 5
618 4
586 3
585 1
585 5
596 2
596 0
596 5
630 2
630 0
630 3
606 3
604 0
604 4
597 5
610 4
588 3
587 3
587 3
587 4
586 3
586 4
586 2
586 2
586 4
586 0
585 3
585 1
585 3
585 0
585 4
585 5
601 4
587 4
587 0
585 2
585 3
585 2
584 3
584 0
584 5
611 5
646 3
615 5
647 5
694 5
750 3
683 4
603 3
600 2
599 3
597 0
595 4
591 3
590 5
602 1
602 0
602 3
594 5
626 0
626 0
626 2
626 3
613 4
595 0
593 0
593 3
593 2
593 4
592 4
586 3
586 0
586 3
586 3
586 2
586 5
623 0
623 0
623 5
667 0
667 -1
3232 5
3232 5
3169 3
1956 3
1329 1
1329 5
1264 4
1136 1
1136 5
1063 5
996 4
990 5
920 5
858 3
782 3
748 3
741 3
740 3
739 1
741 0
707 5
747 0
747 3
717 4
686 2
684 4
675 0
669 4
664 5
672 0
671 0
671 2
675 4
660 5
670 0
669 1
672 4
659 0
657 5
687 3
674 2
673 0
673 0
673 0
673 2
672 3
670 3
668 0
668 5
722 4
661 0
660 5
711 1
713 4
653 1
656 2
653 2
652 3
646 3
642 4
636 2
638 4
636 3
635 1
635 5
638 5
657 2
661 4
622 2
625 0
622 5
652 2
656 3
638 3
637 1
639 0
639 2
637 5
690 2
688 3
666 4
632 3
627 0
627 0
626 0
626 3
626 0
626 1
630 2
629 2
631 3
630 4
620 4
617 0
615 0
615 2
617 1
619 1
621 4
616 1
618 2
617 1
619 0
617 4
615 3
613 5
628 5
650 2
651 1
652 4
611 5
624 2
629 1
631 0
630 5
671 3
637 4
610 2
612 3
611 1
615 3
614 3
611 3
611 5
628 0
628 3
617 0
617 0
617 3
617 2
618 0
618 5
662 0
662 3
647 4
618 0
617 1
617 1
617 3
616 3
616 5
660 2
660 0
660 3
645 5
696 5
755 4
629 4
619 4
618 3
617 1
619 3
617 4
617 0
610 2
613 3
610 4
607 4
606 0
605 3
605 0
605 5
638 2
638 5
676 0
676 4
611 2
613 4
611 0
610 3
610 4
608 5
621 5
643 5
670 2
671 5
711 0
711 3
649 4
619 0
615 2
615 5
648 5
692 5
737 4
620 3
620 2
619 0
613 2
612 3
611 0
611 1
613 5
643 3
630 5
662 1
662 5
711 2
708 3
685 4
630 3
624 4
611 1
613 5
619 4
610 1
612 4
609 5
617 0
616 3
610 3
610 1
611 1
611 0
611 2
611 1
611 3
611 5
647 1
647 5
689 5
735 0
735 3
692 3
672 2
670 0
667 5
755 3
731 4
625 1
627 1
627 3
619 4
604 1
607 4
606 5
609 4
602 2
602 2
602 0
602 3
601 1
601 3
601 3
600 0
599 4
596 4
595 3
595 0
595 5
632 4
598 2
597 5
607 0
606 3
597 4
594 0
594 1
594 1
599 4
595 1
595 1
595 3
595 2
594 1
596 4
594 5
606 4
597 5
607 4
597 4
597 3
597 1
599 0
597 4
597 4
596 3
596 4
596 0
594 5
628 4
597 3
597 2
599 1
606 3
603 3
598 0
596 1
596 4
594 4
594 3
594 3
594 4
594 3
594 0
594 2
600 3
596 5
627 1
627 0
627 3
614 0
614 4
601 5
614 0
614 5
662 3
632 0
632 3
629 0
629 0
629 4
608 3
604 0
603 4
600 0
600 2
600 0
600 5
656 1
659 1
659 4
605 3
604 0
603 4
601 4
593 3
593 0
593 1
597 0
595 0
595 5
639 1
643 3
623 2
622 3
618 2
617 3
616 3
616 3
616 2
615 0
615 3
614 3
613 0
613 5
675 3
661 5
746 1
750 5
838 4
622 4
609 3
607 4
605 2
604 3
604 2
603 1
605 3
603 4
602 0
599 4
598 1
603 0
602 5
641 4
605 2
604 4
603 4
603 1
603 0
598 5
635 5
678 3
651 2
650 0
650 1
651 1
651 1
654 1
654 2
652 1
652 2
651 4
601 3
599 2
598 0
596 5
637 2
639 4
596 3
595 1
598 3
596 4
592 4
592 4
592 2
594 0
592 1
595 1
595 0
594 2
594 0
594 0
594 1
594 3
592 0
591 5
634 5
677 1
677 4
595 1
597 4
591 4
591 4
591 3
590 0
585 3
585 1
586 5
618 0
618 3
606 3
601 5
649 1
650 3
631 4
596 0
595 5
645 3
631 0
631 0
631 0
631 4
605 4
583 4
582 5
594 3
586 1
586 2
585 3
584 4
581 0
581 3
581 1
582 1
582 4
580 5
596 1
608 4
593 2
583 4
583 1
585 4
584 0
580 3
578 4
577 5
596 4
578 0
577 2
580 4
578 4
578 3
578 5
594 3
585 3
585 4
579 3
579 5
592 2
594 5
619 1
619 2
619 4
582 5
593 0
592 5
630 1
630 0
630 3
604 4
580 2
579 4
578 3
578 1
578 3
578 2
578 2
578 4
578 1
578 0
578 0
578 4
578 2
578 4
578 4
578 1
580 0
580 5
616 3
603 3
601 1
601 2
600 5
646 2
644 1
648 0
644 2
642 3
625 5
697 0
697 4
596 1
596 2
595 3
591 4
582 3
582 1
584 4
582 0
581 4
580 0
580 3
579 2
578 0
578 4
578 4
576 3
576 3
576 2
578 4
578 2
577 3
577 4
577 5
590 4
578 1
578 2
578 4
578 4
578 3
578 0
577 0
577 2
581 0
581 2
581 3
581 0
581 3
581 2
580 1
580 4
579 2
578 4
578 1
578 2
578 4
578 5
590 3
583 1
583 4
577 2
577 3
577 4
577 4
577 3
577 0
577 1
578 3
578 3
578 4
577 3
577 1
577 4
577 3
577 0
577 4
577 5
590 2
590 5
612 5
647 2
647 1
647 5
686 3
632 3
620 0
619 4
591 5
603 5
625 4
585 2
584 4
578 2
580 4
580 4
580 3
578 4
578 3
578 3
578 4
578 2
578 4
578 2
578 4
578 3
578 2
580 4
579 4
579 3
579 3
579 4
579 1
579 3
579 3
579 2
579 4
579 3
579 0
578 1
578 4
577 4
577 3
577 3
577 1
577 5
588 0
588 4
578 4
578 3
578 0
577 1
577 0
577 2
577 0
577 3
577 4
577 2
577 0
577 5
611 1
611 3
602 0
602 2
601 3
600 4
591 2
590 5
601 5
627 4
585 4
580 1
580 3
580 0
579 3
579 5
608 2
608 5
647 2
649 0
649 3
624 2
623 4
584 1
584 5
593 4
581 3
581 0
579 4
578 4
577 4
577 0
577 5
612 3
602 5
641 3
630 1
630 5
680 4
592 5
602 0
602 2
601 2
601 2
604 3
592 3
592 2
591 3
591 3
591 4
584 5
599 4
583 1
585 1
585 4
583 4
583 5
594 2
595 2
595 2
595 0
594 3
586 3
585 4
582 5
594 3
585 5
604 2
602 2
602 2
602 4
583 4
582 3
582 2
582 0
580 2
580 1
580 4
579 1
579 2
579 5
590 0
590 1
590 0
590 3
583 4
578 2
577 3
577 0
577 0
577 3
577 0
577 4
577 4
576 2
577 4
576 0
575 4
575 3
575 0
575 0
575 2
575 4
575 4
575 0
575 1
575 4
575 4
575 0
575 2
575 4
575 0
575 4
575 3
575 2
579 3
576 2
576 3
576 3
576 2
576 3
576 2
578 1
578 1
578 4
578 5
588 0
587 2
587 1
589 3
581 3
580 0
580 4
580 3
579 4
576 4
576 0
576 1
576 2
576 4
576 0
576 1
576 5
610 0
610 3
599 0
599 0
599 2
598 3
598 4
587 3
585 2
584 4
578 3
578 3
578 3
578 2
577 5
588 3
578 0
578 1
578 5
615 4
580 4
578 2
578 0
576 0
576 3
576 3
576 3
576 3
576 4
576 3
576 3
576 2
576 0
576 3
576 3
576 4
576 4
576 2
576 4
576 5
588 2
588 4
578 1
578 5
587 4
578 1
578 3
578 3
578 4
578 2
578 4
578 2
578 3
578 1
578 3
578 5
587 1
589 1
589 4
579 3
579 5
587 0
586 2
586 5
621 4
581 3
581 5
588 5
607 2
607 1
607 0
607 4
578 0
576 3
576 2
576 4
576 3
576 0
576 1
576 5
610 4
578 4
578 4
578 3
578 2
578 3
578 4
578 1
578 1
578 2
578 4
578 2
578 3
578 0
576 5
610 3
599 0
599 0
599 3
599 2
598 3
598 4
587 5
598 3
588 1
589 1
589 2
588 4
581 4
577 0
576 5
610 3
599 0
599 1
599 0
599 0
599 4
584 3
582 4
579 5
589 5
610 4
580 5
589 0
589 4
581 2
580 3
580 0
578 3
578 4
578 4
576 3
576 5
589 4
578 2
578 0
576 0
576 0
576 1
576 1
576 4
576 1
576 4
576 4
576 1
576 5
589 0
589 3
582 3
581 3
581 3
581 0
581 2
581 1
581 0
581 3
581 3
581 3
581 3
581 4
581 0
581 2
581 0
581 4
580 0
580 2
580 3
580 4
579 0
579 3
579 0
579 5
614 3
602 1
602 3
601 2
600 3
600 1
600 1
600 3
598 3
598 0
598 2
597 2
596 5
649 4
592 2
591 0
589 3
589 3
589 3
589 4
586 2
585 0
585 4
585 5
597 4
581 4
580 5
590 0
589 3
584 5
617 4
580 3
579 3
579 0
577 4
577 5
589 4
579 3
579 4
579 3
579 4
579 4
579 0
577 4
577 1
577 2
577 0
577 0
577 0
577 2
577 0
577 2
577 2
577 2
577 0
577 4
577 5
589 0
589 0
589 3
582 4
577 1
577 3
577 3
577 2
576 5
588 4
578 4
578 0
576 0
576 5
609 2
609 0
609 2
609 1
609 2
609 2
609 0
609 0
609 4
579 3
579 0
576 0
576 5
608 0
608 5
645 0
645 3
625 5
666 1
666 3
648 5
713 4
590 4
577 3
577 3
577 1
577 0
576 3
576 1
576 4
576 3
576 1
576 3
576 0
576 3
576 2
576 3
576 5
608 0
608 4
579 5
588 4
579 2
579 2
579 4
579 5
588 4
579 3
579 1
589 1
589 3
581 3
579 3
579 0
576 3
576 4
576 3
576 0
576 4
576 3
576 3
576 4
576 4
576 3
576 4
576 1
576 4
576 4
576 2
576 3
576 4
576 1
576 3
576 2
576 3
576 2
576 3
576 3
576 1
576 5
588 1
588 4
578 4
578 3
578 1
578 3
578 4
578 2
578 2
578 4
578 5
587 4
578 1
578 0
576 2
576 0
576 0
576 1
576 3
576 1
576 4
576 0
576 3
576 3
576 3
576 3
576 4
576 3
576 5
589 1
589 5
614 2
614 4
578 3
578 3
578 0
576 2
576 1
576 5
609 0
609 2
609 5
647 4
582 4
582 3
582 0
577 0
577 5
609 4
579 3
579 2
579 5
588 3
583 5
601 4
579 0
578 1
578 3
577 3
577 5
610 1
610 0
610 0
610 5
652 3
624 2
623 3
620 5
671 5
737 3
698 0
698 3
689 3
684 5
817 3
802 1
802 0
802 4
611 5
619 3
606 5
632 4
599 4
581 4
581 4
581 4
581 2
581 4
580 4
580 5
592 3
584 1
584 3
584 1
584 2
583 3
582 4
579 5
591 2
591 2
591 4
580 4
580 1
580 4
580 5
592 5
618 3
595 2
594 5
625 3
611 3
609 4
585 0
585 1
585 4
581 5
593 3
585 0
584 2
584 3
584 3
584 1
584 0
584 4
582 5
596 5
627 0
627 5
681 4
589 3
587 1
587 1
587 0
584 2
584 2
584 5
623 5
670 1
670 3
637 5
695 0
695 4
593 5
604 5
630 3
603 3
602 4
586 1
586 3
584 4
577 2
577 3
577 3
577 5
589 3
584 0
584 2
584 3
584 1
584 2
584 0
584 5
626 3
616 3
614 3
612 0
611 2
610 3
610 4
593 2
592 0
592 5
655 4
591 3
590 4
581 2
579 0
579 5
620 5
668 0
668 4
580 4
580 3
580 1
580 1
580 3
580 1
580 2
579 2
579 4
579 0
579 3
579 3
579 3
579 4
578 0
578 5
620 3
604 5
648 3
628 5
697 0
697 5
787 3
757 1
757 4
601 1
601 4
588 5
595 2
594 5
620 4
582 5
593 4
580 3
580 3
580 1
580 3
580 2
580 0
578 3
578 3
578 4
578 3
578 1
578 3
578 5
592 4
579 5
592 5
622 3
597 4
579 2
578 5
591 4
579 0
578 4
578 3
578 4
577 3
577 4
577 2
577 4
577 0
577 0
577 1
577 5
619 0
619 5
665 3
637 3
633 4
579 2
578 5
591 3
581 1
581 5
603 2
602 2
602 5
640 4
582 5
596 3
586 2
585 4
580 4
579 4
579 0
578 1
578 5
614 1
614 2
614 4
583 4
582 5
595 2
595 3
587 4
582 5
594 1
594 4
583 3
583 0
580 3
580 0
580 1
580 2
580 2
580 3
580 3
580 0
580 3
580 0
580 3
580 0
580 1
580 5
621 2
621 2
621 0
621 4
582 0
580 2
580 0
580 4
580 2
579 3
579 1
579 3
579 5
591 5
618 1
618 3
595 3
595 3
595 0
595 4
588 5
601 3
592 5
614 0
614 3
602 0
602 0
602 1
602 1
602 2
601 3
601 2
600 5
668 0
668 4
595 4
581 2
581 5
593 1
593 4
580 5
593 0
592 1
592 5
638 0
638 2
638 4
582 2
581 4
581 1
581 5
592 1
592 5
616 3
592 0
592 3
591 3
590 3
590 2
589 3
589 2
588 1
588 5
638 2
636 3
619 1
619 4
586 2
585 3
584 3
584 4
580 3
580 4
580 3
580 4
580 5
595 2
595 1
595 3
585 5
613 3
597 1
597 2
596 5
640 4
584 1
584 0
581 3
581 4
581 1
581 3
581 4
580 3
580 1
580 2
580 5
596 4
580 2
580 4
580 1
580 4
580 3
580 3
580 5
596 4
580 0
579 2
579 3
579 3
579 0
579 4
579 0
579 3
579 1
579 0
579 0
579 4
579 5
596 3
584 1
584 5
608 3
595 4
583 4
579 0
579 3
579 4
579 3
579 0
579 3
579 0
579 5
623 3
609 3
608 3
608 4
581 3
579 5
596 2
596 5
627 5
671 3
627 4
582 0
582 5
629 0
629 2
629 0
629 5
678 0
678 5
731 3
692 3
679 5
754 3
722 3
716 5
856 5
1012 3
984 2
980 2
976 4
629 4
604 3
598 2
597 5
605 3
598 1
598 0
597 2
596 4
590 4
587 3
587 5
598 5
628 5
669 0
669 3
639 0
639 2
636 1
636 4
599 3
592 1
592 3
592 1
592 0
592 4
592 5
604 3
595 4
588 5
600 4
583 4
583 0
582 0
582 0
582 0
582 3
582 5
620 1
620 3
607 4
588 0
585 4
583 5
599 3
589 4
584 3
583 1
583 0
582 1
582 1
582 2
582 0
582 1
582 0
582 4
581 4
580 3
580 1
580 3
580 1
580 2
579 0
573 0
573 2
573 4
572 0
572 4
571 5
587 0
587 5
627 0
627 2
627 1
627 5
673 3
639 0
638 4
588 4
578 4
578 2
578 4
578 5
589 5
618 1
618 4
579 3
577 3
577 4
577 1
577 2
577 3
577 5
588 0
588 3
583 4
577 1
577 3
577 2
576 1
576 3
576 2
576 0
576 1
576 3
575 0
575 0
575 0
575 3
575 2
574 4
574 0
574 1
574 3
574 0
574 3
574 5
612 0
612 0
612 5
656 3
634 0
634 4
595 1
595 3
586 2
585 5
596 4
577 3
577 1
577 0
576 0
576 5
616 4
578 5
588 3
580 0
579 0
579 5
623 3
604 5
655 0
655 4
589 3
582 5
593 1
593 5
620 1
620 0
620 4
584 1
584 3
584 0
582 2
582 0
582 4
581 3
581 5
592 2
592 4
575 1
575 3
575 1
575 5
585 4
575 1
575 2
575 4
575 1
575 2
575 3
575 4
575 4
575 0
573 0
573 3
573 4
571 4
571 4
571 0
571 5
607 1
607 1
607 5
647 4
579 5
587 3
579 0
579 4
577 5
587 1
587 0
587 0
587 4
576 2
575 3
575 4
574 5
585 0
585 4
575 2
575 3
575 1
575 2
575 2
575 4
575 4
575 0
573 3
573 5
606 3
599 3
598 3
597 3
597 2
596 4
573 5
583 3
576 1
576 2
575 2
574 4
572 4
572 2
572 5
583 5
610 4
576 3
576 2
576 3
576 1
576 4
576 0
572 3
572 5
604 3
595 2
594 4
571 5
582 0
582 3
575 4
572 4
571 0
571 0
571 1
571 1
571 5
607 3
597 0
597 0
597 1
597 1
597 4
584 1
584 4
571 3
571 5
582 3
575 3
574 4
571 4
571 2
571 4
571 4
571 2
571 2
571 0
571 3
571 2
571 0
571 2
571 3
571 2
571 4
571 2
571 4
571 4
571 3
571 4
571 5
583 2
583 0
583 0
583 1
583 5
622 1
622 2
621 3
601 0
601 2
600 2
599 4
583 4
571 3
571 0
571 2
571 0
571 3
571 5
603 2
603 3
596 5
641 1
641 0
641 5
703 5
768 4
590 4
580 3
580 5
588 3
582 4
579 4
579 2
579 5
590 3
580 1
580 5
596 0
595 0
595 0
595 1
595 4
577 0
576 4
576 5
588 3
578 4
575 1
575 0
575 1
575 0
575 4
575 4
574 3
574 3
574 3
574 4
574 1
574 4
574 2
574 2
574 4
574 4
574 2
574 4
574 3
574 5
585 0
585 4
575 0
574 4
574 5
586 4
576 2
576 5
586 5
609 4
577 4
577 4
577 3
577 0
576 5
609 3
597 1
597 5
631 0
631 5
684 5
739 4
584 0
581 1
581 2
579 4
576 2
576 4
574 3
574 3
574 3
574 4
574 3
574 2
574 0
574 5
609 3
593 1
593 2
592 3
590 0
590 2
589 3
588 2
587 5
635 5
690 5
746 2
744 1
744 5
805 5
869 5
935 4
599 2
598 4
592 5
592 0
592 0
592 2
592 1
592 4
584 0
583 5
614 2
614 2
614 5
648 4
584 5
591 4
581 3
581 4
581 3
581 1
581 3
581 2
581 3
581 4
581 1
581 5
591 4
583 3
583 3
583 4
583 4
583 5
590 -1
3232 2
3231 0
2162 5
2240 0
2239 4
869 1
875 2
842 3
716 0
701 3
688 3
682 0
682 2
679 4
650 4
633 1
635 5
630 4
622 0
618 5
643 5
674 2
676 1
675 4
623 0
612 1
615 0
613 2
614 4
603 1
608 5
613 0
613 2
613 5
642 5
672 0
672 5
707 5
744 0
744 3
687 5
730 4
608 4
605 4
605 4
605 3
601 4
598 2
597 5
601 0
600 3
596 0
596 3
596 2
595 3
595 5
625 3
614 4
592 3
590 0
590 4
590 1
592 1
595 0
593 2
595 5
625 5
663 1
664 5
706 1
705 1
705 2
704 5
749 5
796 3
718 1
720 4
604 1
607 2
606 5
600 5
615 2
617 3
596 1
608 1
610 5
619 4
589 5
599 5
617 0
617 5
654 3
619 0
619 1
620 1
620 4
602 0
602 2
602 0
602 5
651 5
702 0
702 1
703 2
702 1
705 3
669 0
668 0
668 2
667 5
754 0
754 3
734 1
734 5
867 2
863 4
615 3
607 2
606 3
605 5
614 3
602 3
600 3
600 3
600 0
599 4
588 3
587 4
578 3
578 0
578 5
615 5
653 0
653 2
653 3
627 3
620 4
593 3
589 4
584 0
581 0
581 2
582 1
586 5
618 5
654 2
656 2
656 0
656 3
630 5
672 4
589 3
586 4
583 2
585 5
589 0
588 2
588 0
588 0
588 5
624 2
632 4
588 5
588 2
591 1
592 5
609 4
583 0
583 3
581 2
581 3
581 0
581 3
581 0
581 4
580 4
578 5
583 1
584 0
584 5
615 0
615 3
597 1
597 4
584 3
583 0
582 0
582 3
582 5
615 1
617 5
649 4
584 4
580 3
580 4
579 1
582 5
587 1
590 5
605 4
579 4
578 4
578 5
585 4
578 3
578 5
583 2
583 3
580 4
578 4
578 5
581 0
581 3
580 5
608 3
596 2
595 1
595 0
595 1
595 3
595 5
640 1
641 3
622 3
619 5
675 2
673 0
673 3
655 5
748 5
852 4
602 1
604 4
583 5
591 1
592 5
606 1
606 4
580 4
580 5
589 1
589 4
580 0
579 5
611 4
580 3
580 1
583 5
591 2
590 0
589 0
589 3
582 4
578 3
578 5
585 5
608 3
594 4
581 2
580 4
580 1
580 0
579 0
579 2
580 1
582 0
581 3
580 1
580 5
610 4
576 3
576 1
588 5
589 3
581 4
576 1
578 0
576 2
576 1
578 3
577 4
577 3
576 2
575 5
592 0
592 4
576 4
575 0
574 1
578 3
574 5
610 5
649 4
576 5
588 2
589 0
589 4
576 4
576 2
578 4
576 0
575 0
575 2
575 0
575 0
575 0
575 0
575 4
575 2
577 2
581 4
577 2
576 1
576 3
576 0
576 3
576 0
576 3
576 5
607 0
607 0
607 4
578 2
579 3
578 0
577 5
610 5
647 3
625 5
663 5
708 4
590 4
579 5
588 1
590 2
588 1
588 5
604 4
578 5
588 5
607 3
590 4
578 4
578 3
578 2
580 4
578 3
578 5
585 5
604 5
631 4
577 2
579 0
578 4
577 0
577 3
577 2
585 3
578 2
578 3
578 3
578 2
578 1
579 3
578 2
586 5
610 2
610 4
584 3
582 3
582 2
587 0
583 5
606 2
606 0
606 5
633 4
583 0
580 4
578 1
590 1
590 5
588 3
584 1
588 5
600 1
600 5
623 1
625 1
625 3
603 3
600 5
630 4
584 0
581 5
609 2
609 0
609 3
601 4
583 5
590 4
579 4
579 0
578 4
578 1
587 3
582 3
578 4
578 5
584 5
603 4
578 3
578 4
578 4
578 1
587 2
588 4
588 3
588 3
588 5
592 4
585 1
585 5
590 4
584 4
584 4
584 3
584 4
584 4
584 0
583 4
583 4
583 2
583 2
585 0
585 5
610 2
610 4
582 5
586 1
586 3
583 4
581 2
585 2
585 4
585 3
583 4
583 4
583 5
585 0
584 3
583 0
583 1
584 1
584 3
584 1
584 2
583 4
582 3
582 4
581 1
581 1
581 4
580 4
580 0
580 1
580 4
580 3
580 5
586 0
586 5
616 5
649 2
649 3
620 4
583 2
582 2
586 4
582 1
582 0
581 4
581 0
581 3
581 0
581 4
581 4
581 0
581 3
581 3
581 0
581 3
581 0
581 1
583 3
581 2
581 0
581 1
581 5
604 0
604 1
604 3
599 1
599 4
583 3
583 4
581 4
581 4
581 1
581 3
581 0
581 3
581 0
581 2
581 4
581 4
581 0
581 5
604 3
601 5
624 5
656 0
656 2
655 5
705 2
705 2
705 0
705 3
661 2
659 1
660 4
601 2
600 3
595 2
594 0
589 0
589 0
589 3
586 3
586 4
582 0
582 1
587 5
620 3
608 2
607 1
608 4
584 0
584 4
583 2
582 4
580 3
580 3
580 0
580 5
615 3
604 4
584 0
584 4
581 0
581 5
614 4
582 0
581 3
581 4
580 3
579 1
579 0
579 5
614 3
604 3
597 3
596 2
595 4
578 2
577 1
577 1
579 3
575 4
575 0
575 4
575 3
575 5
586 2
586 5
606 5
636 4
576 3
576 4
576 3
576 4
576 3
576 3
576 2
576 4
576 3
576 3
576 0
576 3
576 0
576 0
576 1
576 4
576 0
576 4
576 4
576 2
576 4
576 5
581 2
583 1
586 1
586 1
586 1
586 4
578 1
578 3
577 5
581 1
581 4
576 5
583 3
579 5
595 3
586 1
588 0
588 4
580 4
576 3
576 3
576 2
575 4
575 4
575 2
575 0
575 3
575 3
575 4
575 4
575 1
575 0
575 3
575 1
578 4
575 3
575 5
581 3
580 5
595 4
576 4
576 2
576 2
576 4
576 3
576 5
581 5
597 1
597 3
585 4
576 3
576 3
576 4
576 3
576 4
576 4
576 2
576 1
576 4
576 3
576 4
576 2
578 0
578 0
578 4
576 5
580 3
578 4
575 4
575 4
575 4
575 0
574 1
574 2
577 5
607 5
644 0
644 5
684 2
684 0
684 1
686 4
579 4
579 3
579 1
579 3
579 5
581 1
583 3
577 4
576 1
576 2
579 4
579 2
579 5
584 5
600 3
584 1
584 5
605 1
605 5
636 3
611 3
607 1
607 4
584 1
584 0
582 4
579 4
575 5
584 0
584 4
575 3
575 1
575 1
575 1
575 1
575 0
574 2
578 2
578 4
576 3
576 1
576 4
576 5
585 5
603 4
578 1
578 3
578 5
584 0
584 4
579 5
584 4
578 1
578 4
578 0
577 4
577 4
577 5
583 4
577 1
577 4
577 5
583 3
579 4
577 5
583 3
580 5
589 3
584 1
584 4
578 5
584 2
584 4
577 3
577 3
577 1
577 4
576 0
575 3
575 3
575 2
575 3
575 4
575 2
575 3
575 0
575 0
575 3
575 4
575 0
575 3
575 1
576 1
576 5
604 4
577 2
577 4
577 1
577 3
577 0
575 5
605 2
605 0
605 1
605 5
640 3
621 2
619 2
618 1
618 4
579 1
579 5
585 4
576 4
576 4
576 3
576 5
584 0
583 3
579 4
577 3
577 5
586 4
578 1
578 5
583 5
598 4
577 3
577 4
577 3
577 2
577 2
577 1
577 4
577 0
575 0
575 5
605 5
639 2
639 4
576 3
576 4
576 0
575 4
575 1
575 4
575 3
575 3
575 0
575 4
575 3
575 3
575 0
575 2
575 5
605 3
595 3
592 4
578 0
578 5
611 4
578 1
578 4
577 3
577 0
576 5
605 1
605 5
639 4
577 2
577 3
577 3
577 3
577 2
577 2
577 2
577 3
577 4
577 0
576 3
576 2
576 4
576 1
576 2
578 2
578 5
583 0
583 4
576 5
582 0
581 4
575 2
575 3
575 5
584 4
577 3
577 2
577 1
577 3
577 3
577 4
577 3
577 3
577 4
577 4
577 5
582 5
595 3
581 3
581 2
580 3
580 5
599 1
599 4
579 1
579 1
579 0
578 3
578 1
579 5
609 0
609 1
609 3
598 4
581 5
586 1
586 3
582 4
580 5
586 5
605 1
605 0
605 3
590 0
590 5
633 0
633 1
635 4
584 0
584 2
584 3
584 4
582 0
582 3
582 0
582 3
582 0
582 3
582 4
580 2
579 2
579 3
579 2
578 3
578 5
585 0
585 4
579 3
578 4
575 0
574 5
608 1
608 2
608 3
600 2
599 2
598 3
596 4
575 2
574 4
574 0
574 0
574 5
608 4
575 5
583 0
582 0
582 5
620 4
577 0
574 5
607 3
599 4
577 4
577 4
577 4
577 4
577 2
578 0
575 0
575 0
575 4
574 5
584 3
579 3
579 5
595 3
587 4
579 1
579 3
579 4
575 4
575 2
575 3
575 3
575 2
575 0
575 4
575 3
575 3
575 4
575 3
575 3
575 4
575 1
575 1
575 2
575 3
575 4
575 5
585 4
577 0
575 3
575 3
575 3
575 4
575 1
575 4
575 3
575 3
575 0
575 2
575 4
575 0
575 3
575 4
574 2
574 3
574 4
574 4
574 0
574 4
574 2
574 5
584 4
577 5
585 3
579 3
578 3
578 0
577 4
576 0
576 1
576 5
613 0
613 5
654 4
578 1
578 3
577 5
584 0
584 5
623 3
601 3
599 1
599 3
598 5
630 0
630 5
692 4
586 4
576 5
581 2
581 0
580 2
580 1
580 5
616 5
658 0
658 4
573 4
573 0
572 2
572 3
571 3
571 5
603 0
603 4
572 1
572 4
572 4
572 5
581 0
580 5
616 0
616 2
616 5
659 5
708 4
582 4
579 0
576 0
576 0
576 5
609 4
578 1
578 2
578 1
578 5
580 2
580 2
580 2
580 1
580 3
579 4
577 0
576 4
576 3
576 5
584 5
601 2
601 4
580 0
577 5
606 3
595 1
595 5
626 0
626 4
590 3
587 3
585 0
583 4
581 3
580 2
579 3
579 5
586 5
601 3
585 3
583 3
583 0
583 4
580 4
576 4
576 5
582 2
582 5
600 4
577 2
577 3
577 3
577 4
577 4
577 4
577 1
577 4
577 0
576 3
576 0
576 3
576 3
576 5
609 1
609 3
601 0
601 4
589 3
585 4
577 0
577 0
577 3
577 0
577 5
611 2
611 5
651 4
582 5
581 4
577 3
577 0
576 5
609 4
579 2
579 1
579 3
579 0
577 5
612 2
612 0
612 4
580 0
577 0
577 4
577 1
577 4
576 5
586 5
602 0
602 1
602 0
602 4
580 4
579 4
579 2
579 3
579 3
579 3
579 4
578 4
578 0
577 2
577 4
577 3
577 1
579 4
577 4
577 3
577 0
577 2
577 5
607 5
642 4
578 2
578 3
578 2
578 5
584 5
598 0
598 5
634 3
604 3
603 5
643 0
642 5
711 0
711 0
711 3
674 3
667 1
667 2
666 5
764 5
880 5
1001 4
614 3
594 3
593 3
593 2
592 4
582 3
582 5
587 5
599 0
599 1
599 1
599 0
599 2
599 3
586 3
583 0
583 4
583 2
582 0
581 3
580 3
579 1
579 4
577 5
587 3
577 2
576 5
597 3
587 0
587 0
587 0
587 3
586 4
580 4
573 4
572 5
584 3
577 0
577 4
576 5
589 4
573 3
573 5
586 0
585 0
585 0
585 0
585 4
573 3
573 1
573 3
573 4
573 0
572 2
572 1
572 5
609 2
609 4
575 0
573 5
610 0
610 2
610 4
575 5
583 3
576 1
576 5
596 0
596 4
575 2
574 5
584 0
584 4
574 4
573 1
573 3
573 4
573 1
573 0
572 1
572 4
572 0
572 4
572 0
572 5
609 3
596 0
596 1
596 3
594 3
592 5
650 4
585 5
592 5
611 0
611 4
579 3
579 5
589 0
589 3
583 5
624 5
678 3
650 1
650 5
721 3
701 0
701 1
701 0
701 2
699 0
699 0
699 3
695 3
694 4
599 0
592 3
592 3
592 4
586 3
586 2
585 4
575 5
584 4
574 5
582 2
582 5
601 3
583 3
582 3
582 3
581 3
581 1
581 4
572 3
572 4
571 4
571 2
571 1
571 5
583 0
583 0
583 3
578 3
578 4
572 4
572 0
572 3
572 3
572 4
572 4
572 1
572 0
572 3
572 4
572 0
572 3
572 4
572 4
572 1
572 0
572 3
572 5
606 4
576 4
576 4
576 3
575 4
575 1
575 0
573 3
572 3
572 1
572 5
606 5
649 5
699 1
699 0
699 0
699 4
588 4
585 3
581 5
586 3
580 4
575 4
575 1
575 3
575 0
573 2
573 5
607 1
607 3
598 0
598 3
598 4
585 5
591 3
584 0
583 5
632 0
632 4
581 1
582 0
581 2
580 3
578 4
578 1
578 4
571 0
571 5
610 2
610 3
598 0
598 3
595 3
595 5
662 3
644 3
641 4
583 4
573 1
573 2
572 3
571 4
571 2
571 3
571 5
582 0
582 4
571 5
583 2
582 5
609 3
584 5
619 0
619 0
619 1
619 2
617 1
617 3
604 0
604 0
604 3
604 1
604 3
603 1
603 0
603 1
603 2
602 4
587 2
585 5
594 4
572 3
572 4
571 2
571 5
579 3
573 0
572 3
572 3
572 1
572 4
571 4
568 4
568 2
568 2
568 1
568 0
568 3
568 5
606 0
606 2
606 5
651 5
698 4
578 1
578 0
575 0
575 3
575 0
575 1
575 0
575 0
575 4
572 4
571 0
570 5
607 0
607 2
607 2
607 5
651 4
578 4
578 3
578 4
577 0
575 1
575 4
574 3
574 0
574 2
574 3
573 3
572 0
572 4
572 0
572 0
572 3
572 2
572 3
572 5
608 0
608 0
608 0
608 2
608 3
596 4
573 3
573 4
572 0
572 0
572 0
572 3
572 0
572 2
572 1
572 1
572 3
572 2
572 0
572 4
572 2
572 3
572 4
572 5
583 4
573 3
573 2
573 5
583 4
573 1
573 4
573 2
573 2
573 3
573 4
573 1
573 3
573 0
572 3
572 5
604 2
604 4
576 3
576 2
576 1
576 0
575 3
574 5
607 0
607 1
605 3
597 0
597 4
582 3
580 5
588 4
574 5
585 3
577 1
577 4
574 4
572 4
572 0
572 0
572 1
572 5
607 0
607 3
595 2
594 3
594 2
593 0
593 2
592 4
580 5
592 5
613 4
579 5
584 1
584 4
576 2
576 0
575 3
574 3
573 0
573 4
573 1
573 0
573 4
573 1
573 3
573 4
572 3
572 1
572 0
572 4
571 2
571 0
571 0
571 3
571 4
571 2
571 0
571 4
570 4
570 2
570 0
570 2
570 0
570 5
605 3
591 4
574 5
582 2
582 5
600 2
600 3
586 3
586 4
573 2
572 3
571 4
570 5
579 4
571 2
571 2
571 2
571 0
570 2
570 5
604 4
573 5
583 4
572 4
572 5
582 2
582 0
581 2
581 1
581 4
572 2
572 0
571 3
571 3
571 4
570 0
570 3
570 5
602 4
574 3
574 0
572 0
572 1
572 4
571 1
571 4
571 4
571 3
571 0
571 0
571 1
571 0
571 4
570 3
570 1
570 4
570 4
570 4
570 2
570 0
570 2
570 3
570 3
570 5
605 1
605 4
574 3
574 5
581 3
578 2
577 3
577 4
572 5
579 0
578 3
575 3
575 2
574 3
574 3
574 4
572 4
572 2
572 3
572 5
583 4
574 0
572 5
605 1
605 2
605 5
641 1
641 5
682 4
592 1
592 0
578 4
573 4
572 4
572 1
577 0
573 2
573 1
573 4
573 2
573 4
572 4
572 4
572 4
572 4
572 4
572 2
572 2
572 4
572 4
572 4
572 3
572 4
572 4
572 1
572 1
572 0
572 5
603 3
593 1
593 4
574 3
572 4
572 4
572 1
572 5
580 3
574 0
574 4
573 1
573 3
573 3
573 3
573 0
573 4
573 1
573 4
571 3
571 5
582 4
572 2
572 0
571 0
571 5
602 3
595 4
575 5
581 5
598 1
598 3
582 5
603 2
602 4
575 3
574 3
574 0
573 0
573 5
609 2
609 1
609 0
609 0
609 3
598 5
637 3
622 3
617 4
583 2
582 0
582 4
579 2
578 1
578 3
578 1
578 3
578 4
570 3
570 3
570 4
570 5
580 4
571 2
571 2
571 0
570 4
570 2
570 0
569 1
569 4
569 0
569 4
569 5
581 5
607 2
607 3
583 0
582 5
634 4
580 3
579 4
571 1
571 4
571 4
571 5
582 3
572 2
571 3
570 3
570 4
569 4
569 4
569 5
579 3
574 2
573 4
570 4
570 3
570 2
570 5
580 0
579 0
579 5
618 0
618 4
573 2
573 4
573 4
573 5
579 2
579 3
573 4
570 0
569 3
569 1
569 0
569 0
569 3
569 2
569 3
569 4
569 3
569 4
569 0
568 5
603 4
572 1
582 4
582 0
571 1
571 1
571 4
571 0
571 4
571 3
571 3
570 1
570 4
569 3
569 3
569 4
569 0
569 5
606 0
606 3
590 0
590 0
590 3
587 1
587 3
586 2
585 0
585 3
584 4
576 3
575 3
575 2
574 4
568 2
568 3
568 4
568 1
568 1
568 4
568 4
568 2
568 4
568 4
568 1
568 0
568 5
607 1
607 2
607 4
574 0
570 0
570 3
569 2
568 5
605 3
593 0
593 5
651 4
581 3
578 3
578 0
576 0
576 1
576 4
574 3
574 5
585 0
585 2
585 4
573 5
580 3
571 0
570 4
570 2
569 4
568 5
578 5
604 0
604 5
649 1
649 5
698 0
698 2
698 1
698 2
698 1
698 3
651 0
651 4
590 3
583 5
590 0
590 5
640 0
640 -1
3232 1
3232 2
3231 2
3229 3
1125 4
1125 5
1051 0
929 3
754 0
701 3
640 2
638 3
630 5
636 1
664 3
621 3
620 2
619 4
612 5
613 5
633 2
635 3
618 2
617 4
607 3
606 4
604 1
607 5
615 2
617 4
606 5
624 2
625 0
623 1
625 3
607 5
639 1
649 3
617 0
616 0
616 3
616 1
617 0
617 5
667 5
724 3
680 1
680 2
678 3
663 3
660 5
733 4
617 0
617 0
617 2
615 1
619 0
617 5
672 5
729 2
729 5
793 1
794 0
794 3
721 3
702 5
806 1
793 4
625 1
626 3
612 4
604 5
620 4
602 4
601 3
601 4
600 5
612 3
602 5
623 4
602 4
600 5
618 4
600 0
599 5
638 5
680 1
680 3
645 0
645 3
642 4
614 5
634 3
613 0
612 5
669 0
669 5
733 2
724 1
728 2
725 2
724 0
721 5
790 0
790 2
788 4
613 2
611 4
602 2
602 2
601 3
600 2
601 4
601 0
600 4
599 3
598 0
598 4
597 1
599 1
628 0
620 2
621 5
651 1
651 3
632 2
631 1
640 2
631 3
624 3
621 3
618 0
617 3
615 5
671 1
672 5
742 2
739 2
732 4
610 3
607 2
606 4
595 0
593 0
593 2
596 1
596 4
593 3
593 1
595 1
597 2
595 3
593 5
611 3
596 0
595 3
594 2
593 5
636 4
595 3
595 1
597 1
599 2
597 3
595 1
597 3
594 0
593 4
593 5
612 0
612 3
606 4
600 4
599 0
599 1
616 3
599 0
599 3
598 3
598 5
639 0
639 3
621 4
599 0
599 3
599 0
599 2
598 3
598 2
600 2
600 2
603 2
606 1
627 5
656 5
698 5
747 1
750 3
711 3
688 3
673 2
672 2
671 5
735 4
615 1
631 3
605 5
622 4
597 2
597 2
596 2
597 2
599 0
598 2
601 1
604 4
598 3
595 5
616 2
619 3
599 0
597 2
596 0
596 1
604 4
603 3
603 5
606 3
599 1
605 4
599 0
596 0
596 0
596 5
632 4
597 1
599 5
612 3
604 2
603 2
602 3
599 0
598 0
598 3
598 0
598 4
597 4
594 5
614 3
600 5
625 3
607 1
611 1
611 2
609 5
637 0
635 5
690 3
659 4
604 3
596 2
595 3
595 5
613 4
591 0
590 2
590 0
590 2
592 2
596 2
601 0
601 0
601 3
600 5
632 2
632 2
633 0
633 4
597 2
596 4
595 2
595 0
593 5
628 2
637 4
592 1
601 3
592 1
611 2
604 4
604 0
600 4
596 5
608 3
601 3
599 2
598 5
618 0
616 5
662 2
663 4
597 0
597 5
634 3
617 1
617 5
657 5
703 2
700 2
692 5
749 0
749 1
749 2
745 1
746 4
604 4
593 0
590 1
591 5
623 3
607 5
645 3
632 0
631 4
604 1
604 2
603 2
602 5
617 3
605 3
605 0
605 2
604 1
607 0
607 2
606 5
662 5
722 1
724 5
787 5
852 3
780 0
780 4
614 3
610 2
609 1
611 3
609 5
620 4
597 2
596 2
595 0
594 3
593 4
591 4
589 3
588 1
590 0
590 2
590 3
590 3
590 4
589 2
588 3
588 3
588 0
588 3
588 0
588 5
630 5
671 3
634 2
633 4
597 3
595 4
591 5
608 5
639 1
625 2
624 2
630 0
630 2
630 0
630 2
630 3
608 3
607 3
605 3
604 5
648 5
700 2
697 5
760 4
603 3
598 3
597 1
597 5
614 4
590 2
589 2
588 1
590 4
589 2
591 4
590 3
589 3
589 1
589 4
589 0
588 3
588 4
586 4
586 3
586 4
586 2
588 5
610 4
588 4
587 5
606 3
591 4
586 1
589 4
588 1
588 3
588 4
588 3
588 2
588 3
588 3
588 5
607 2
610 0
608 2
616 5
655 2
662 3
618 3
611 5
652 2
650 3
626 2
625 3
620 0
620 0
620 0
620 4
606 2
605 5
622 3
606 3
604 4
592 3
591 4
589 0
589 3
588 2
592 4
590 3
590 2
593 4
591 4
591 3
591 3
590 5
608 3
597 0
597 3
597 0
597 3
597 5
638 4
598 2
597 2
595 3
593 5
610 1
612 0
611 5
653 0
653 4
592 2
591 3
591 5
608 1
609 0
609 3
597 1
598 5
632 3
616 3
614 2
613 5
660 4
597 5
614 5
643 3
613 4
596 4
591 2
591 5
609 2
613 4
591 2
593 0
593 2
593 1
599 2
593 4
590 2
590 0
589 3
589 3
589 3
589 4
589 3
589 4
589 5
606 0
605 2
605 3
595 3
594 3
594 5
627 2
625 4
589 0
587 1
587 4
587 5
607 1
609 4
588 2
588 5
606 3
593 4
589 0
587 2
587 0
587 1
591 2
590 1
596 2
590 0
587 4
587 0
587 0
587 5
617 3
605 4
589 0
588 4
588 3
588 2
588 0
588 3
588 4
588 0
588 3
588 4
588 0
588 2
588 1
588 3
588 5
621 1
634 5
657 2
655 4
589 3
589 3
589 1
589 2
594 3
593 4
593 5
606 1
606 4
593 4
593 3
593 5
606 0
605 2
605 3
602 5
633 1
633 4
598 2
600 1
601 3
600 5
620 3
605 2
604 3
602 4
598 3
598 0
597 2
601 5
629 2
629 5
660 2
660 3
625 3
623 4
602 4
599 0
596 5
625 5
659 4
597 4
597 0
597 0
597 5
625 1
626 5
659 1
659 0
659 5
699 1
699 3
652 3
644 3
640 1
641 0
638 4
621 1
623 5
640 5
667 1
669 0
668 1
668 3
633 0
633 4
617 4
602 0
601 3
599 2
598 4
598 5
618 1
620 0
620 0
620 5
665 3
628 3
621 0
621 4
608 3
606 0
606 3
604 4
603 1
606 4
595 3
594 1
596 4
595 5
616 3
599 5
627 3
607 3
605 3
605 0
605 2
605 4
602 2
601 0
601 2
602 2
602 0
602 5
651 3
633 2
632 0
632 3
630 3
630 3
629 5
710 1
710 5
802 3
760 3
751 5
907 2
903 5
1073 0
1073 0
1073 4
630 5
645 3
624 4
600 2
599 4
596 3
596 3
596 4
596 3
596 0
593 1
595 3
594 4
593 0
593 2
594 3
594 0
594 0
594 0
594 1
596 5
642 1
643 3
623 4
599 4
594 2
594 2
595 4
595 4
595 4
595 2
595 3
594 5
616 1
616 3
600 5
632 5
673 5
725 4
603 1
603 0
600 5
641 4
600 0
599 4
598 5
623 4
598 0
596 0
596 5
637 0
637 4
594 3
594 2
595 2
597 1
597 4
597 0
597 1
598 0
598 4
596 4
595 2
598 0
597 5
635 0
635 0
635 4
594 0
593 4
593 1
593 2
593 3
593 2
597 2
597 3
597 4
596 3
596 3
596 3
596 4
596 3
596 5
616 2
616 2
621 3
604 4
601 0
596 3
596 3
596 4
594 2
594 2
594 2
594 3
594 4
594 5
615 2
615 4
595 2
600 4
600 0
600 2
600 2
600 5
632 3
613 1
615 3
608 2
607 3
607 4
597 3
597 2
596 5
614 2
615 2
615 1
615 0
613 2
613 4
594 3
594 3
594 4
594 4
594 0
594 2
594 5
628 3
610 3
609 3
608 1
610 0
610 2
609 5
663 4
602 4
595 4
595 4
595 1
595 3
595 4
595 4
595 1
595 0
594 1
594 2
594 4
594 4
594 4
594 1
594 4
594 3
594 2
594 4
594 0
594 3
594 2
597 0
597 1
597 3
596 0
596 1
596 0
596 0
596 5
632 3
616 1
616 1
616 2
615 3
609 0
609 4
607 4
595 0
594 4
594 0
593 4
593 3
593 3
593 3
593 3
593 3
593 4
593 5
613 3
600 3
598 3
598 3
597 5
625 5
660 2
658 0
658 3
626 2
625 2
624 0
623 0
623 4
610 4
598 3
598 2
599 4
597 4
597 0
596 2
599 4
598 2
598 3
598 3
598 0
598 2
598 2
598 2
598 4
598 4
596 3
596 4
595 0
595 0
595 0
595 0
595 2
595 5
628 0
628 3
611 5
647 3
624 0
624 0
624 1
625 4
605 3
604 4
596 0
596 0
596 3
596 4
596 4
595 0
595 3
595 3
595 0
595 5
630 2
630 4
596 2
596 3
596 0
595 0
595 3
595 5
630 3
613 0
613 5
666 3
644 0
644 0
644 3
642 0
642 0
642 4
613 5
636 5
667 1
667 3
627 0
627 3
624 1
624 4
610 1
611 5
635 1
635 2
634 3
613 3
613 2
612 1
612 1
612 4
597 1
597 3
596 2
595 3
595 0
595 3
595 0
595 3
595 0
595 0
595 0
595 0
595 2
595 0
595 0
595 3
595 0
595 3
595 4
595 3
595 3
595 4
592 3
592 5
615 2
615 4
594 0
594 0
594 0
594 4
592 4
592 4
592 1
595 3
592 3
592 4
592 5
614 5
648 4
594 0
593 5
637 2
637 0
637 4
593 4
592 3
592 4
592 0
592 2
592 3
592 0
592 0
592 2
592 0
592 0
592 4
592 4
591 2
594 4
593 5
614 2
614 3
598 0
597 1
597 3
596 4
595 4
590 4
590 4
590 3
590 2
590 0
590 0
590 5
630 2
630 3
613 3
610 1
610 4
592 4
590 2
590 3
590 1
590 4
590 4
590 2
591 3
591 1
591 3
591 5
613 1
613 3
598 2
597 4
591 4
591 4
591 0
590 2
590 3
590 4
590 4
590 5
612 1
612 3
598 5
630 1
630 2
628 3
608 1
608 2
607 3
605 0
605 2
604 5
657 3
635 4
603 1
603 0
601 4
597 2
596 2
595 3
595 2
594 4
590 1
590 1
590 4
589 2
589 4
589 4
589 3
589 5
613 4
590 4
590 2
590 5
615 4
590 5
615 5
648 3
608 2
607 0
607 3
606 4
597 3
596 0
596 4
595 3
595 4
588 4
588 1
588 2
588 5
615 4
589 1
589 1
589 5
616 3
598 3
596 1
596 2
595 2
594 4
589 0
589 3
589 2
589 4
589 3
589 5
614 4
591 5
616 2
616 3
598 2
597 4
591 0
590 0
590 0
590 3
590 4
589 2
589 5
614 4
589 0
588 4
588 2
588 0
588 3
588 4
588 0
588 3
588 4
588 2
588 2
588 4
588 3
588 3
588 4
588 3
588 3
588 5
612 5
647 2
647 4
589 5
614 0
614 4
589 1
589 1
589 3
589 3
589 3
589 3
589 0
588 0
588 2
588 1
588 1
588 0
588 5
628 3
611 2
610 4
591 2
590 1
590 3
590 5
610 3
595 3
595 4
589 0
588 5
628 5
673 1
673 0
673 3
634 0
634 3
630 3
628 3
628 5
702 4
609 0
608 4
603 5
620 1
620 0
620 3
612 0
612 4
604 5
630 3
609 2
608 1
608 5
641 0
641 4
604 1
604 4
589 3
589 1
589 5
610 4
589 0
588 2
588 2
588 3
588 2
588 2
588 3
588 1
588 2
588 0
588 0
588 1
588 1
588 2
588 2
588 1
589 4
588 2
588 0
588 0
588 4
588 4
588 4
588 0
588 3
588 4
588 5
611 5
645 0
645 5
692 4
595 0
593 4
593 4
593 3
591 1
591 2
591 2
591 0
590 0
590 3
589 1
589 4
589 3
589 4
589 1
589 1
589 0
589 1
589 1
589 5
630 0
630 5
670 4
590 4
590 3
589 4
589 5
603 1
603 1
603 0
603 1
603 2
603 4
590 0
587 0
587 2
587 2
587 1
587 0
587 5
623 4
588 3
587 2
587 2
587 0
586 5
624 4
587 4
587 5
603 3
593 3
593 1
593 2
592 2
591 0
590 4
589 0
589 5
630 1
630 4
589 3
588 3
588 2
588 0
587 5
627 2
627 4
588 0
587 0
587 3
587 1
587 2
587 0
587 1
587 1
587 1
587 4
587 2
586 2
586 3
586 4
585 4
585 3
585 5
603 5
635 0
635 4
586 1
586 0
586 4
586 3
585 4
585 1
585 2
585 1
585 4
585 4
585 5
602 3
593 0
592 3
592 0
592 0
592 0
592 3
592 4
591 0
591 3
591 2
591 3
591 4
591 5
609 1
609 1
609 3
597 3
596 3
596 2
595 0
595 5
641 3
626 1
626 3
623 3
619 4
599 5
615 1
615 3
602 4
592 0
592 4
591 4
587 1
587 3
587 0
587 4
587 3
587 5
605 4
588 1
588 4
587 1
594 3
587 4
587 5
603 0
602 4
586 4
586 4
586 3
586 0
586 3
585 5
623 3
604 0
604 4
596 4
587 2
587 3
587 4
586 5
603 4
586 1
586 3
586 3
586 5
605 4
586 1
586 0
585 5
623 1
623 2
622 2
622 1
622 0
622 2
622 5
665 2
665 3
631 0
631 4
600 4
585 2
585 2
585 3
585 3
585 4
585 0
585 5
624 0
624 2
624 0
624 4
586 0
585 5
624 1
624 5
669 5
715 5
768 4
599 4
596 4
596 5
605 4
592 3
591 2
591 4
591 3
591 4
591 0
590 4
589 2
589 3
589 4
589 3
589 4
589 3
589 3
589 2
589 2
589 4
589 4
589 2
589 4
589 0
589 4
589 4
589 1
589 1
589 3
589 4
589 4
589 1
589 0
589 3
589 3
589 2
591 5
626 1
626 3
607 2
606 1
606 0
603 3
603 4
595 4
588 1
588 0
588 4
588 4
588 0
588 2
588 4
588 3
588 0
588 0
588 4
588 3
588 0
588 2
588 4
588 4
588 3
588 0
588 4
588 1
588 0
588 1
588 5
625 1
625 0
625 2
625 5
667 3
636 0
636 3
632 4
607 0
605 4
601 3
601 0
601 2
601 4
598 1
598 1
598 4
588 0
588 3
588 3
588 4
588 5
604 4
589 4
589 0
588 4
588 0
588 3
588 5
624 4
590 2
590 0
588 2
588 0
588 3
588 0
588 2
588 0
588 3
588 0
588 1
588 5
625 3
610 0
610 1
610 3
610 1
610 4
599 1
599 1
599 5
615 4
590 0
589 4
589 3
589 4
588 0
588 0
588 4
588 3
588 4
588 2
588 3
588 1
588 2
588 1
588 4
588 4
588 4
588 1
588 5
604 3
594 0
594 5
637 4
591 3
590 5
607 0
607 3
597 1
597 2
596 4
591 0
591 4
589 3
589 4
586 1
586 3
586 3
586 3
586 4
586 4
586 2
586 1
586 1
586 0
586 3
586 4
586 0
586 4
586 2
586 0
586 0
586 2
586 0
586 0
586 4
586 3
586 3
586 4
586 1
586 5
604 4
587 4
587 0
586 3
586 4
586 0
586 0
586 3
586 4
586 3
586 0
586 5
621 4
588 4
588 0
587 3
586 4
585 0
585 5
622 4
587 4
587 0
584 0
584 4
584 3
584 3
584 3
584 3
584 2
584 5
599 0
599 0
599 4
586 3
585 3
585 5
598 2
598 4
585 1
585 3
585 5
600 4
585 4
585 1
585 1
585 4
585 5
599 4
585 4
585 3
585 3
585 0
584 3
584 2
584 1
584 4
584 1
584 3
584 0
584 1
584 4
584 4
584 1
584 3
584 3
584 1
584 0
584 2
584 4
584 4
584 4
584 0
584 3
584 0
584 3
584 2
584 1
584 5
618 4
587 0
584 5
619 0
619 4
587 0
584 2
584 0
584 4
584 4
584 4
584 5
601 4
585 0
584 5
621 0
621 5
659 3
627 4
590 4
588 4
588 3
588 2
588 4
588 1
588 5
598 4
588 0
587 5
619 0
619 2
619 4
589 0
587 3
587 1
587 2
591 0
591 3
589 4
586 4
586 5
599 5
621 0
621 2
621 3
599 2
598 0
597 4
593 5
609 4
587 3
587 4
585 0
584 5
618 1
618 3
608 0
608 3
605 4
597 0
597 3
597 0
597 2
597 3
597 4
594 3
590 3
590 4
580 2
580 0
580 5
614 4
583 0
581 4
581 1
581 3
581 1
581 0
581 4
581 2
581 0
581 1
581 0
581 0
581 5
615 4
583 0
581 0
581 1
581 0
581 3
581 3
581 4
581 0
581 1
581 2
581 4
581 5
596 3
587 3
585 3
585 0
585 3
585 4
584 5
599 2
599 2
599 1
599 4
582 1
582 1
582 4
581 4
581 3
581 2
581 4
581 3
581 3
581 4
581 0
581 5
618 5
660 4
585 3
585 5
598 4
584 0
582 3
582 0
582 5
616 4
586 5
597 5
619 5
655 0
655 3
613 3
612 5
657 4
591 5
602 5
629 2
628 3
604 0
603 0
603 3
599 0
599 0
599 2
598 4
595 2
594 0
593 4
592 4
582 3
582 0
582 0
582 0
582 2
582 3
582 4
581 5
602 0
602 3
589 3
589 0
589 4
585 5
604 5
635 3
604 3
601 0
601 4
593 3
589 2
588 2
587 5
604 3
594 0
593 1
593 3
592 2
591 0
591 5
647 0
647 3
629 5
693 1
693 3
676 2
673 1
673 0
673 5
776 4
610 5
624 4
588 0
587 2
587 3
586 4
584 1
584 5
601 3
591 2
590 4
583 2
583 3
583 3
583 4
583 4
583 5
601 1
601 1
601 3
591 4
584 4
584 5
597 0
596 3
587 0
587 4
587 1
587 4
584 0
583 1
583 0
583 4
583 1
583 3
582 0
581 3
581 0
581 2
581 3
581 4
581 2
580 5
596 4
581 3
581 0
580 3
580 2
579 5
615 4
581 4
581 3
581 4
581 1
581 5
597 5
624 2
624 3
602 4
582 2
581 5
597 4
581 1
581 0
580 2
580 4
580 2
580 3
580 2
580 5
597 5
624 4
580 3
580 1
580 0
580 0
580 0
580 4
579 0
579 4
579 0
579 2
579 3
579 5
616 -1
