5 2000
572 5
572 5
543 4
526 0
433 5
473 5
518 3
462 1
462 1
462 3
438 3
423 1
423 1
423 2
416 4
229 4
220 1
220 5
206 3
199 4
195 3
186 4
183 5
186 0
185 1
186 2
185 2
187 3
184 1
189 3
185 1
187 2
185 5
207 2
205 1
205 5
230 5
263 4
184 2
183 0
183 2
182 4
179 1
185 0
184 0
184 0
184 5
204 2
205 5
229 0
229 3
208 5
238 0
238 3
225 3
222 0
221 2
220 3
217 5
280 4
186 2
183 1
183 2
182 5
189 5
210 2
209 5
237 5
273 1
273 2
270 4
180 5
186 1
190 4
181 3
181 4
178 0
172 4
172 1
174 3
171 5
182 0
182 2
189 5
204 3
186 3
184 0
184 2
183 1
183 0
183 3
182 5
214 4
180 1
180 5
189 2
188 4
176 4
175 2
176 5
186 0
186 1
187 1
187 2
186 4
176 1
178 4
176 4
175 4
175 4
175 4
175 4
175 3
174 2
177 2
177 5
184 3
178 2
177 4
174 5
181 0
181 4
177 4
177 4
177 2
177 2
179 4
179 0
172 5
189 2
189 4
174 3
173 2
175 2
183 2
192 3
177 4
177 2
177 3
177 2
178 4
176 1
176 0
174 5
188 5
206 0
206 1
206 1
205 2
204 0
204 4
173 0
172 3
172 2
175 4
175 4
175 5
181 4
175 2
180 4
178 4
178 3
175 0
173 0
173 3
173 3
173 5
189 2
189 2
199 3
182 4
176 0
176 3
175 2
174 0
174 0
174 4
174 1
174 2
174 5
182 5
197 4
174 2
174 0
172 1
179 0
173 2
179 5
192 3
183 4
176 5
183 5
199 5
219 3
196 5
208 1
212 1
213 2
211 1
211 5
234 3
218 4
180 3
177 1
179 4
173 4
173 1
173 3
173 1
175 0
174 5
194 0
194 2
190 0
190 3
184 0
184 3
184 3
184 4
177 4
173 2
174 5
186 5
207 2
211 0
211 3
190 3
187 1
187 4
175 2
174 4
174 2
175 4
175 2
177 5
186 1
186 3
178 1
178 5
188 2
189 4
175 3
175 5
182 3
178 0
178 4
176 4
173 5
182 4
173 4
173 0
173 1
175 1
176 5
190 1
191 0
191 3
182 2
181 2
180 4
175 5
186 2
186 4
172 3
171 5
182 5
201 1
200 1
197 5
221 5
245 3
215 4
183 4
180 2
179 2
180 5
182 4
176 5
179 5
192 1
190 3
179 2
178 2
177 5
190 2
188 3
182 2
181 2
180 1
180 3
179 3
178 1
178 2
177 3
177 4
174 3
174 4
172 0
171 4
171 4
171 5
181 3
176 1
180 2
179 2
177 2
176 0
175 2
178 0
178 5
201 0
201 2
203 2
204 1
205 3
189 0
189 1
193 3
189 1
193 0
190 4
179 5
192 2
191 4
174 0
174 3
174 0
174 1
176 3
174 5
196 0
196 1
196 1
197 2
196 4
174 5
187 2
187 5
208 2
208 0
208 1
212 2
213 4
181 2
183 0
177 0
177 2
180 4
176 2
176 0
175 4
173 5
185 5
206 5
228 2
228 3
198 0
196 5
227 0
227 2
226 3
214 3
210 4
176 1
179 3
175 3
175 1
175 5
189 1
189 5
210 4
175 3
174 1
174 2
174 5
182 1
182 0
182 0
182 2
188 0
188 4
177 2
180 4
177 4
177 4
177 3
177 5
184 1
187 5
200 4
178 0
176 1
178 3
178 1
181 5
193 4
176 4
176 3
176 4
176 4
176 0
173 3
173 5
189 5
215 4
177 0
176 4
172 1
172 5
180 1
181 4
172 5
180 5
195 4
173 2
176 5
182 3
174 3
174 3
174 4
173 5
179 5
193 2
193 4
173 1
173 3
173 0
172 1
172 2
172 4
172 5
180 5
196 2
196 0
196 0
196 4
173 0
171 4
171 3
171 1
173 1
173 1
175 3
171 0
171 2
171 4
171 4
171 3
171 0
171 0
171 0
171 0
171 2
177 3
174 1
174 2
173 0
173 1
173 5
189 2
189 3
184 3
181 3
178 0
178 4
173 4
171 5
183 1
185 4
175 2
176 4
176 0
174 3
174 0
173 3
173 1
174 3
173 0
173 0
173 2
177 1
177 3
176 1
177 4
171 2
174 3
171 5
180 1
180 2
184 2
189 0
189 3
179 0
179 5
202 4
175 3
175 4
174 4
174 2
176 2
176 5
187 2
190 5
206 4
176 1
179 0
177 4
175 3
176 0
176 2
176 4
173 5
184 3
177 3
177 4
173 3
173 3
173 1
175 2
174 0
173 2
173 3
173 3
173 2
173 1
173 5
189 2
191 2
191 3
185 2
184 3
182 2
181 1
181 4
173 1
173 4
172 2
172 3
172 1
172 3
172 4
172 0
172 2
172 3
172 5
186 2
186 4
174 1
176 2
176 5
189 2
189 2
189 4
176 4
176 5
180 4
173 4
173 5
184 4
173 2
174 3
173 3
173 4
173 1
173 3
173 0
173 1
173 2
176 0
176 2
176 2
176 1
176 3
173 3
173 1
175 3
173 5
186 2
186 5
204 1
204 5
226 5
249 2
249 3
209 0
207 2
207 3
196 3
193 4
182 3
179 4
176 4
176 3
176 3
176 4
176 5
188 0
188 3
184 2
183 3
182 5
203 0
203 0
203 4
180 3
178 0
178 4
177 3
177 0
176 4
174 0
174 0
174 3
174 1
174 0
174 0
174 5
198 1
198 3
186 2
185 0
184 3
183 0
183 0
183 3
183 5
218 2
216 4
179 0
179 2
178 0
178 0
178 2
178 3
177 5
206 1
206 4
175 5
189 4
172 1
172 3
172 5
183 2
186 2
188 5
205 2
205 2
205 2
205 5
229 3
202 1
202 1
202 4
180 0
177 2
176 2
178 1
178 4
173 0
173 3
173 2
173 3
174 2
174 3
174 1
174 2
173 2
173 4
173 3
173 1
173 0
173 5
190 3
180 5
199 3
188 1
188 4
176 5
188 1
189 5
212 5
239 3
206 5
238 5
283 4
187 2
186 2
184 0
181 3
179 3
178 2
177 2
177 1
179 4
176 3
176 4
173 4
173 4
173 2
173 4
173 3
173 3
173 0
172 4
172 1
174 1
174 4
172 3
172 4
172 3
172 2
172 4
172 1
172 3
172 2
172 1
172 5
182 3
174 3
174 2
173 2
172 3
172 1
172 4
172 0
172 0
172 0
172 4
171 5
183 5
202 0
202 1
202 0
202 1
202 3
183 3
180 3
180 3
179 2
178 3
178 0
178 0
178 2
177 0
177 3
177 2
176 2
176 3
176 4
175 2
174 2
173 4
171 5
184 5
207 3
193 0
193 1
193 0
193 4
179 5
191 4
178 2
177 2
176 4
176 1
176 4
176 2
177 4
177 5
184 3
177 5
190 4
172 4
172 2
172 1
172 2
172 1
172 2
172 5
182 1
182 0
181 0
181 3
176 0
176 0
176 1
176 2
175 0
175 4
172 5
184 2
184 2
185 2
185 2
185 4
174 1
174 2
174 4
174 3
174 3
174 4
174 4
174 5
179 2
179 5
196 3
185 4
176 4
176 4
176 0
174 0
174 4
172 0
172 0
172 4
172 4
172 4
172 4
172 0
172 4
172 4
172 3
172 4
172 5
181 4
172 3
172 3
172 0
172 0
172 3
172 5
188 2
188 3
181 0
180 2
180 4
174 2
173 4
172 5
182 4
172 2
172 3
172 4
172 3
172 4
172 2
172 2
172 3
172 3
172 5
182 2
184 5
201 3
185 4
173 4
173 3
172 2
172 1
172 1
172 0
172 4
172 3
172 0
172 2
172 2
172 3
172 5
190 5
208 2
209 4
176 4
175 2
175 4
175 2
175 3
175 0
173 5
189 0
189 1
188 4
172 5
182 4
172 2
172 0
172 4
172 3
172 0
172 5
188 0
188 3
181 0
180 0
179 5
205 4
175 3
174 3
174 0
173 4
172 1
172 2
171 5
181 0
181 3
176 0
176 3
176 0
176 3
176 4
173 4
172 2
172 4
172 2
172 0
172 3
172 0
172 0
172 1
172 3
172 2
172 4
172 5
183 3
174 3
174 3
174 0
174 4
172 0
172 3
172 0
172 0
172 3
172 3
172 1
172 0
172 3
172 4
172 4
171 5
181 5
200 3
187 5
204 4
175 4
173 5
184 4
172 0
171 4
171 3
171 3
171 1
171 1
171 4
171 5
181 4
171 0
171 1
171 3
171 3
171 2
171 5
189 0
189 3
184 2
183 1
183 4
175 4
174 0
174 4
173 4
173 3
173 2
173 2
175 5
187 4
174 4
174 5
185 4
174 2
174 5
185 4
174 3
173 3
173 4
173 2
173 4
173 1
173 4
173 0
173 4
173 4
173 1
173 0
173 3
173 5
190 0
190 0
190 4
173 1
173 4
173 4
173 3
173 0
173 3
173 3
173 3
173 3
173 4
173 4
173 5
180 4
173 3
173 0
173 5
190 2
190 1
190 4
173 0
173 1
173 3
173 3
173 2
173 5
190 0
190 4
173 4
173 0
173 5
190 5
206 4
176 0
176 3
176 1
176 2
176 0
176 2
176 5
195 4
173 4
173 3
173 3
173 0
173 0
173 0
173 2
173 4
173 4
173 5
180 3
178 4
173 4
173 3
173 3
173 5
180 0
180 3
178 4
174 5
182 4
173 1
173 4
173 5
180 3
178 0
176 2
176 5
199 2
197 0
197 0
197 3
185 2
184 4
177 4
175 4
175 3
174 1
174 1
174 4
174 1
174 3
174 0
174 3
174 3
174 4
174 0
174 2
174 0
174 1
174 2
174 4
174 4
174 0
174 0
174 2
174 4
174 0
174 4
174 5
183 4
174 2
174 0
174 5
194 2
194 3
186 0
186 1
186 4
178 3
178 3
178 5
184 4
176 2
176 0
176 1
176 2
176 3
176 0
176 1
176 2
176 0
176 3
176 4
174 0
174 4
174 5
183 2
183 3
178 5
197 4
176 5
184 3
177 1
177 2
177 4
175 0
174 3
174 2
174 4
174 2
174 3
173 1
173 1
177 5
184 0
184 4
173 5
182 5
201 5
227 0
227 4
176 3
175 2
174 3
174 5
183 4
174 3
175 0
175 5
194 2
194 2
192 4
174 4
174 0
174 3
175 4
174 3
174 4
174 3
175 1
175 5
184 2
184 4
174 5
183 3
176 5
193 2
191 3
185 1
185 4
175 2
174 3
175 0
175 1
175 1
176 4
175 3
174 2
174 2
174 4
174 3
174 3
175 2
175 3
175 0
175 5
194 4
175 2
175 1
175 3
175 5
178 1
178 3
174 2
174 2
174 2
174 2
173 0
172 5
189 2
189 5
210 2
210 0
210 0
210 0
210 0
210 3
191 5
211 1
211 5
245 5
288 1
288 4
188 3
179 0
178 1
178 2
178 3
177 1
177 0
177 2
177 5
201 1
201 1
201 3
194 2
192 5
216 5
257 5
301 3
268 5
318 4
182 0
180 3
180 3
178 5
206 1
206 5
242 5
285 1
285 0
285 5
327 3
280 0
280 4
191 2
190 4
182 4
182 1
182 2
181 3
177 3
177 4
177 2
177 3
177 3
177 1
177 5
180 1
180 4
174 4
174 5
181 0
181 4
174 4
174 3
174 1
174 3
174 0
174 3
174 5
192 4
174 2
174 3
174 3
174 0
173 3
173 4
172 3
172 2
172 4
172 3
172 3
172 3
172 2
172 2
172 5
182 3
179 2
178 4
175 4
175 2
175 5
182 4
172 2
172 4
172 3
172 0
172 2
172 5
188 5
211 2
211 1
208 2
208 3
195 5
213 0
213 3
204 0
204 2
203 3
201 5
249 4
186 0
184 0
184 5
216 5
253 5
295 3
261 4
188 4
182 3
180 3
178 3
178 5
181 5
195 2
195 5
214 5
240 5
270 0
270 5
300 2
297 5
328 4
206 5
196 1
196 1
196 4
192 0
182 5
198 4
179 3
177 1
177 3
176 0
173 3
173 4
172 0
172 3
173 2
173 5
186 0
186 1
186 4
172 3
172 5
181 3
173 2
172 3
172 1
172 5
186 2
186 3
181 0
181 2
181 2
181 0
181 3
179 0
179 1
179 0
179 5
205 2
205 5
235 3
215 4
186 5
189 2
188 4
180 1
180 5
184 1
184 2
184 2
184 2
184 4
178 4
177 0
175 5
196 2
196 3
189 0
189 0
189 4
175 5
186 3
182 2
181 0
180 5
214 3
203 3
200 4
176 5
190 3
182 4
172 0
171 3
171 3
171 0
171 3
171 2
171 2
171 2
171 3
171 2
171 2
171 3
171 1
171 2
171 5
192 1
192 0
192 5
224 2
224 4
175 4
174 5
187 3
178 0
178 0
178 4
175 0
174 3
174 0
174 2
173 3
173 5
197 0
197 2
197 1
197 5
222 3
206 2
205 1
205 4
179 5
182 5
199 0
199 3
187 4
180 3
180 5
187 3
180 5
197 5
223 4
180 2
179 3
178 1
178 4
176 3
176 5
183 5
201 4
177 4
177 3
177 3
176 5
186 1
186 1
186 4
176 4
176 4
176 5
182 5
198 3
186 5
206 2
204 4
174 3
174 3
174 0
173 5
196 2
196 4
172 5
182 5
199 5
222 0
222 1
222 3
202 1
202 5
233 0
233 5
281 3
254 4
185 3
180 5
188 4
176 0
174 3
174 3
174 5
193 0
193 3
188 3
185 5
210 1
210 3
200 2
198 2
197 2
196 3
193 5
231 5
275 5
324 4
200 5
196 3
190 1
190 4
180 0
177 1
177 5
201 2
199 1
199 3
187 3
186 2
185 5
204 5
238 4
180 5
184 4
175 3
174 0
173 1
173 4
172 5
179 1
179 3
178 2
177 0
177 5
200 5
228 3
205 3
203 2
202 0
202 3
201 4
185 1
185 3
182 5
192 4
174 0
174 5
191 2
191 4
174 3
174 3
174 2
174 5
185 5
202 5
223 4
185 2
184 0
181 4
177 3
174 4
174 3
174 4
174 5
182 4
174 4
174 0
173 5
190 3
185 4
174 5
181 0
181 5
200 3
191 3
189 3
188 3
188 2
187 5
208 5
246 5
293 0
293 2
289 3
252 0
252 3
245 5
314 4
186 0
186 1
186 1
186 5
212 0
212 4
181 4
177 1
177 3
174 5
182 5
194 1
194 0
194 4
174 5
181 0
181 2
181 4
174 5
181 1
181 4
173 4
173 5
180 5
194 4
173 0
173 1
173 2
173 0
173 2
173 3
173 2
172 2
172 3
172 3
172 5
189 1
189 0
189 2
189 3
187 3
187 3
186 4
176 1
176 3
174 2
174 4
173 4
173 4
173 5
180 3
174 4
172 3
172 1
172 5
180 1
180 5
196 0
196 4
173 2
173 3
173 4
173 5
178 4
172 3
172 2
172 1
172 0
172 2
172 3
172 3
172 4
172 1
172 4
172 5
180 3
175 3
175 4
172 5
180 4
172 0
172 2
172 4
172 4
172 2
172 4
172 3
172 5
180 0
180 4
172 2
172 4
172 1
172 5
180 3
175 4
172 2
172 5
180 3
175 0
175 1
175 5
194 4
174 4
173 3
173 1
173 3
173 4
173 0
172 2
172 1
172 3
172 0
172 4
172 3
172 0
172 0
172 3
172 2
172 4
172 5
180 0
180 3
177 4
173 5
181 3
177 3
177 4
173 4
173 3
172 0
171 2
171 0
171 3
171 5
189 3
184 3
183 4
176 5
188 4
175 5
186 0
186 5
209 3
187 0
187 5
224 0
224 2
219 4
179 2
178 5
186 3
180 1
180 4
176 0
176 5
197 4
173 4
172 5
180 2
180 5
196 3
182 1
182 0
182 2
182 4
176 2
175 0
174 3
174 5
194 4
177 4
175 1
175 0
175 3
175 5
192 2
192 5
220 4
177 5
183 2
183 4
175 3
175 3
175 5
181 3
178 0
177 2
177 5
197 4
176 5
183 2
183 3
180 5
188 0
188 4
178 0
178 2
177 4
176 1
176 5
184 3
179 3
177 5
189 3
182 4
176 4
173 1
173 3
173 0
173 1
173 0
173 2
173 5
192 3
186 0
186 2
185 0
185 1
185 5
217 0
217 1
217 3
204 4
182 5
187 3
183 1
183 1
183 4
176 4
174 4
174 2
174 3
173 3
173 2
173 1
173 0
173 0
173 4
173 4
173 5
184 5
202 4
175 1
175 2
175 4
175 3
175 2
175 5
184 5
202 3
188 5
205 2
203 0
203 0
203 3
196 1
196 3
195 1
195 4
179 4
175 3
175 3
175 2
175 5
181 0
181 3
181 5
207 4
176 4
175 3
175 3
175 2
175 4
175 2
175 0
174 0
174 4
174 3
174 3
174 2
174 5
180 0
180 4
174 3
174 3
174 1
174 4
174 0
174 4
174 5
180 4
174 0
174 0
174 1
174 0
174 4
174 5
180 3
177 2
176 4
174 3
174 4
174 5
180 4
174 4
174 4
174 4
174 1
174 4
174 0
174 2
174 4
174 3
174 5
180 4
174 4
174 0
174 4
174 0
174 5
193 2
193 5
214 0
214 1
213 0
213 4
179 0
174 3
173 4
172 3
172 5
181 5
198 3
186 3
184 2
183 5
198 0
198 2
198 0
198 3
192 2
191 3
189 2
188 3
188 1
188 3
187 4
177 4
172 4
172 5
184 4
172 4
172 3
172 0
172 5
189 5
211 1
210 4
174 3
173 2
174 0
173 4
172 4
172 5
184 0
183 2
183 5
202 2
202 2
202 0
202 5
228 3
201 2
200 0
200 3
194 4
184 2
183 3
181 4
176 3
176 0
176 4
174 2
174 5
185 4
174 2
174 4
174 4
174 0
174 3
174 3
174 -1
572 4
572 3
350 3
271 2
271 2
272 3
267 5
262 1
262 3
260 2
260 1
260 4
259 0
229 3
213 1
214 5
218 0
218 1
219 5
241 3
222 4
204 0
202 1
205 5
223 1
224 3
209 0
208 4
201 1
201 1
201 0
199 0
199 2
199 2
200 1
203 3
196 2
193 0
192 2
191 3
188 0
188 4
180 0
179 3
179 4
176 0
176 0
176 5
200 1
202 5
229 1
229 0
229 3
212 5
245 1
246 5
294 5
348 2
342 1
342 4
188 5
190 5
202 0
202 5
228 1
228 3
208 1
208 1
209 1
210 4
186 3
184 4
180 3
180 0
179 3
179 2
180 1
182 2
181 2
180 0
179 1
181 5
197 1
197 3
190 1
192 1
192 1
193 4
180 0
180 5
204 5
229 3
209 1
209 3
203 5
236 2
234 1
234 1
235 4
179 3
177 5
184 4
175 2
174 3
174 3
174 2
176 1
179 0
179 4
179 0
179 5
193 1
193 1
191 1
192 3
184 2
183 5
197 2
196 3
184 5
211 2
209 3
200 5
234 3
218 2
216 3
213 4
179 4
175 0
175 1
176 2
175 3
175 0
175 1
177 1
178 4
175 5
184 0
183 1
186 5
208 0
208 0
208 1
213 5
240 2
237 1
238 0
238 1
237 3
216 1
218 3
211 0
211 1
211 3
209 3
209 2
208 5
267 1
267 4
181 3
180 3
180 2
179 3
179 2
178 4
175 5
187 0
187 4
174 0
174 0
174 5
201 3
187 2
186 4
174 1
176 1
176 0
176 5
199 4
177 0
175 3
175 2
174 4
172 3
172 5
187 1
189 5
212 1
211 3
193 2
192 2
191 4
174 2
174 4
173 0
172 4
172 4
172 3
172 2
173 0
173 5
193 5
215 4
179 2
178 0
176 0
175 1
182 3
178 5
199 3
188 2
187 3
186 4
177 4
176 2
175 2
177 5
190 2
190 2
190 4
177 0
177 1
177 3
175 0
175 5
195 1
195 5
217 2
219 3
196 0
195 2
194 3
189 4
180 3
176 4
175 1
175 3
176 4
175 5
184 5
204 4
177 3
177 4
177 3
178 1
183 1
185 2
180 5
185 2
185 5
199 3
189 4
177 5
183 4
175 2
177 3
175 2
175 0
175 4
175 1
176 3
176 4
176 0
176 4
175 5
182 4
175 0
175 1
176 3
176 1
181 1
181 3
177 2
178 0
178 1
178 0
178 0
178 5
197 3
188 2
187 4
179 2
178 5
183 3
183 3
184 3
183 3
183 0
183 2
182 3
182 3
182 3
181 4
176 2
175 3
173 0
173 2
176 2
176 1
177 2
176 2
176 5
192 5
216 2
217 3
196 5
220 4
183 0
183 2
182 3
181 3
181 2
180 0
180 5
206 3
196 0
196 1
196 5
239 5
287 2
282 4
188 3
180 0
180 3
180 0
180 1
181 5
205 1
205 0
205 3
195 4
182 0
181 4
177 5
185 2
185 5
201 5
226 2
226 3
195 4
180 0
179 2
179 1
181 3
179 2
178 3
178 4
176 0
176 1
178 4
177 0
176 0
176 1
176 5
194 3
191 5
215 2
213 1
213 4
177 1
179 4
176 4
176 3
176 4
176 2
177 1
179 2
178 2
179 1
179 4
179 4
178 3
177 1
177 2
177 4
177 3
177 5
180 5
188 4
178 3
177 5
180 0
180 5
197 4
183 2
182 4
180 0
179 1
180 5
195 2
196 2
196 4
175 3
175 2
177 4
176 3
176 4
176 1
176 0
176 5
189 1
189 4
176 3
176 5
184 0
184 3
180 3
178 3
178 2
177 0
174 3
174 2
174 0
174 4
174 3
174 0
174 3
174 5
192 4
176 5
187 2
185 1
185 0
185 2
184 1
184 1
184 2
183 2
183 1
187 4
176 4
175 5
181 4
174 1
176 2
175 2
176 1
176 1
178 0
176 0
176 4
175 2
174 2
174 1
178 2
177 4
177 0
177 5
193 5
214 0
214 0
214 1
215 0
215 4
180 0
180 2
180 4
179 2
180 2
180 2
183 3
183 4
181 0
180 4
176 2
176 5
182 4
177 0
177 3
176 3
176 3
176 1
176 4
175 4
175 4
175 3
175 4
175 4
175 2
175 0
175 0
175 0
175 1
175 1
175 5
187 5
203 3
191 5
207 1
208 5
236 3
217 5
248 3
233 0
233 4
187 1
187 0
186 2
185 1
186 0
186 3
186 5
215 3
204 0
204 3
203 3
203 0
203 0
203 1
204 1
204 5
261 4
183 4
174 4
174 3
170 5
179 5
198 4
172 2
172 4
172 3
172 0
172 3
172 3
172 4
172 3
172 1
172 4
172 2
173 3
172 3
172 2
173 5
183 0
183 2
183 1
184 0
184 3
178 4
174 3
173 3
173 1
173 2
176 5
184 5
196 5
214 3
192 5
204 2
203 3
190 4
179 4
175 2
176 2
176 3
175 2
174 1
179 3
174 1
176 3
176 3
175 5
182 4
173 4
173 5
180 5
194 0
194 2
194 4
174 1
174 5
180 1
180 3
177 2
176 5
188 4
175 0
175 4
175 1
175 2
174 1
174 4
174 4
174 0
174 1
176 5
187 1
186 4
172 4
172 0
172 3
172 1
172 1
172 3
172 2
175 1
176 0
176 2
176 4
175 1
175 4
175 0
175 2
175 3
175 4
175 3
175 1
177 1
177 4
176 4
176 4
176 1
176 1
176 3
176 2
177 4
177 1
177 2
177 0
176 2
176 3
176 1
177 3
176 4
175 1
175 0
175 3
175 5
191 3
184 2
183 5
198 0
198 0
198 3
188 3
187 4
176 1
176 3
174 3
174 4
173 4
173 3
173 4
173 3
173 2
173 1
173 3
173 1
173 5
184 3
178 3
178 2
177 1
177 4
173 4
173 3
173 0
172 4
172 3
172 0
172 3
170 3
170 0
170 2
170 2
170 1
170 0
170 4
170 5
179 1
179 0
179 5
199 3
186 4
172 1
172 2
171 5
181 1
181 4
172 0
172 1
172 1
172 1
172 1
172 0
172 3
171 0
171 5
190 2
190 5
210 4
177 3
177 2
177 3
177 1
179 5
184 5
198 2
198 4
176 2
175 1
176 0
176 2
176 1
176 2
176 4
175 5
184 2
184 4
174 3
174 1
174 3
174 2
174 4
174 0
174 5
186 4
173 4
173 3
173 5
180 0
180 3
179 4
173 0
173 5
186 0
186 2
186 0
186 2
186 4
173 4
173 0
173 2
173 2
173 5
187 4
173 3
173 3
173 2
173 2
173 3
173 3
173 0
173 0
173 4
173 5
183 2
183 4
173 0
173 3
173 4
173 5
183 3
178 1
178 2
177 1
177 5
187 4
175 2
175 1
176 5
187 1
187 0
187 4
176 3
177 5
180 3
176 5
189 5
207 0
207 1
207 4
177 1
177 0
177 3
177 0
177 4
174 4
173 4
173 1
173 5
183 1
183 4
173 4
173 5
183 3
178 5
189 1
189 5
206 5
228 2
223 3
205 3
198 3
197 4
183 4
178 5
186 4
178 0
178 3
178 0
178 3
178 4
177 3
176 4
176 3
176 2
176 3
176 4
176 3
176 1
176 4
176 0
176 5
195 4
175 3
175 0
175 2
175 5
192 5
214 5
241 2
240 0
240 2
236 5
266 3
215 0
213 0
213 2
212 5
251 3
231 1
231 1
232 4
189 4
181 4
181 1
181 4
181 1
181 0
178 4
176 3
175 0
175 1
175 1
176 4
175 4
175 3
175 1
175 3
175 4
175 4
175 4
175 3
175 5
186 4
175 3
175 3
175 3
175 0
175 4
175 2
175 3
175 0
175 2
175 3
175 5
193 2
193 5
217 0
217 4
174 4
173 0
173 4
173 0
173 4
173 4
173 0
173 3
173 3
173 3
173 3
173 5
189 1
189 3
181 4
175 5
183 0
183 3
178 4
175 5
185 4
174 3
174 0
172 4
172 1
172 0
172 1
172 3
172 4
172 1
172 0
172 2
172 1
172 1
172 0
172 5
187 3
182 1
182 4
175 0
175 2
174 2
174 4
173 3
173 0
173 5
188 1
188 3
185 0
184 3
181 0
181 4
179 3
176 3
176 0
176 4
176 0
176 4
175 3
175 4
172 3
172 2
172 3
172 0
172 4
172 2
172 5
182 5
200 1
200 3
185 1
185 4
178 5
184 0
184 0
184 2
182 2
182 4
172 4
171 3
171 5
179 1
179 4
173 1
173 3
173 4
173 3
173 0
173 1
173 4
172 0
172 3
172 3
172 2
171 4
171 2
171 4
171 0
171 2
171 0
171 0
171 3
171 3
171 3
171 1
171 0
171 0
171 3
171 5
187 3
181 4
173 0
171 4
169 0
169 1
169 3
169 5
189 5
213 3
193 1
193 5
219 3
205 4
176 5
186 4
174 4
173 5
181 1
181 5
198 1
198 3
187 3
182 0
182 2
181 2
181 5
211 3
200 3
195 3
194 4
177 4
171 2
172 0
172 4
171 4
171 5
184 5
208 0
208 3
193 5
222 0
222 3
206 1
206 3
204 4
177 3
173 3
172 4
169 4
169 2
169 5
179 3
172 1
172 2
171 3
171 2
170 5
193 4
169 4
169 4
169 4
169 3
169 2
169 0
169 2
169 1
169 0
169 5
192 3
184 4
170 4
169 1
169 2
169 1
169 0
169 1
169 1
169 2
169 2
169 2
169 2
169 4
169 0
169 5
192 4
170 3
170 5
184 2
184 3
176 3
174 4
169 1
169 4
169 0
169 2
169 1
169 4
169 1
169 4
169 4
169 3
169 3
169 0
169 5
192 2
192 2
194 3
182 0
181 2
180 2
179 5
209 4
175 5
184 3
177 0
176 5
204 0
204 4
175 5
187 2
187 3
178 5
192 3
183 4
174 1
174 5
185 3
176 0
175 0
175 0
175 2
175 3
175 4
173 1
173 1
173 4
170 3
170 3
170 3
170 5
181 0
180 4
171 3
171 4
170 0
170 5
191 1
190 3
183 0
183 3
182 2
181 3
181 0
181 2
180 0
180 0
180 1
180 5
217 4
175 2
174 5
186 0
186 0
186 4
173 2
172 2
172 5
183 5
205 0
205 5
231 0
231 2
229 3
201 4
175 5
186 3
178 3
177 4
170 4
170 2
170 3
170 5
181 0
181 3
174 4
171 3
171 3
171 3
171 3
171 0
171 5
192 3
186 5
208 2
206 4
173 1
173 4
171 3
171 2
171 3
171 3
171 1
171 1
171 2
171 5
179 1
179 3
174 1
174 0
173 3
173 2
172 1
172 4
171 1
171 5
182 5
202 3
184 4
176 5
190 5
213 4
172 4
172 4
172 0
172 0
172 1
172 4
172 3
172 1
172 2
172 3
172 3
172 5
182 3
175 4
173 4
172 3
172 4
172 3
172 5
180 4
172 4
172 3
172 0
172 3
171 3
171 0
171 3
171 4
171 4
171 0
171 4
170 5
183 4
171 3
171 4
171 0
170 3
170 5
191 3
178 4
171 3
171 0
170 5
189 3
179 2
178 2
177 4
168 3
168 5
183 0
183 5
205 1
205 2
204 4
171 3
171 2
171 4
171 0
169 2
169 3
169 2
169 0
169 4
169 0
169 0
169 3
169 3
169 4
169 2
169 3
169 0
169 3
169 0
169 5
190 0
190 1
190 3
185 0
184 5
218 5
256 5
299 1
299 1
299 1
299 0
299 4
180 1
180 4
175 1
175 0
175 2
175 4
172 5
179 2
179 3
174 4
171 3
171 4
170 3
170 3
170 3
170 2
170 3
170 1
170 3
170 3
170 1
170 5
178 4
171 2
171 4
171 1
171 3
171 2
171 3
171 5
178 3
174 5
184 2
184 4
172 1
172 4
171 3
171 1
171 4
171 4
171 5
178 3
173 3
173 0
172 1
172 3
172 4
172 3
172 2
171 1
171 3
171 1
171 4
171 3
171 2
171 4
171 0
171 4
171 5
179 5
197 4
171 2
171 3
171 2
171 0
171 3
171 1
171 0
171 4
171 4
171 3
171 0
171 0
171 5
189 5
215 2
215 1
215 2
214 0
214 5
244 4
175 3
174 0
173 3
172 5
190 4
171 4
171 3
171 2
171 4
171 3
171 0
171 5
189 4
171 4
171 3
171 3
171 5
179 2
179 1
178 3
174 4
171 3
171 0
171 2
171 3
171 4
171 5
179 0
179 3
175 1
175 0
175 4
171 0
171 0
171 3
171 0
171 1
171 3
171 3
171 4
171 3
171 1
171 5
181 0
181 3
176 2
175 1
175 4
172 3
172 3
172 0
171 4
171 3
171 4
170 4
170 0
170 3
170 1
170 5
189 3
181 4
171 3
170 3
170 0
170 1
170 4
170 3
170 4
170 4
170 4
170 1
170 1
170 3
170 3
170 0
170 4
170 5
180 4
170 2
170 3
170 0
170 2
170 3
170 2
170 5
193 5
219 5
244 2
240 2
240 0
240 1
240 2
240 3
214 1
214 2
212 5
240 4
173 3
172 3
172 2
172 4
172 4
172 5
182 2
182 3
177 4
173 3
173 4
173 3
173 4
173 5
182 1
182 4
173 1
181 1
181 5
182 5
195 4
173 4
173 2
173 4
173 5
178 3
175 2
174 3
173 0
173 3
173 4
172 3
172 3
172 3
172 0
172 5
190 5
216 3
198 5
224 5
266 2
262 4
181 0
177 5
196 0
196 0
196 3
189 5
205 5
239 3
216 5
258 5
313 3
288 5
366 0
366 4
182 1
182 3
181 1
181 0
181 4
178 3
177 0
177 5
205 3
193 5
226 3
215 3
212 3
206 5
257 3
241 4
185 2
184 4
179 4
179 4
179 4
179 4
179 5
181 3
179 4
174 4
174 1
174 2
174 0
174 2
174 3
174 0
174 1
174 3
174 4
172 1
172 3
172 0
172 3
172 5
197 1
197 4
174 5
185 3
179 3
175 4
172 5
179 3
173 3
173 5
193 5
219 1
219 4
175 4
174 0
171 2
171 3
171 4
171 2
171 3
171 1
171 2
171 3
171 5
180 2
180 3
173 4
172 1
172 2
172 0
172 3
172 4
172 1
172 2
172 3
172 3
172 4
171 4
171 5
180 2
180 1
180 0
180 5
208 0
208 3
192 0
192 3
189 2
188 0
188 5
225 2
223 5
266 0
266 4
182 5
189 2
188 3
184 4
177 4
173 1
173 2
173 5
185 3
175 2
174 0
174 5
196 3
186 4
175 3
175 4
172 1
172 3
172 0
171 5
189 4
171 0
171 1
171 4
171 3
171 5
180 4
171 3
171 4
171 2
171 4
171 3
171 2
171 4
171 5
180 3
174 0
173 4
172 1
172 4
170 3
170 1
170 4
170 0
170 1
170 4
170 5
180 1
180 0
180 4
171 5
180 4
171 1
171 2
171 3
171 3
171 2
171 0
171 2
171 0
171 1
171 0
171 2
171 3
171 3
171 0
171 4
171 5
180 5
198 4
171 3
171 3
171 5
181 4
171 0
171 2
171 3
171 3
171 3
171 0
171 2
171 4
171 2
171 3
171 2
171 3
171 1
171 3
171 0
171 5
189 0
189 4
171 4
171 2
171 3
171 3
171 0
171 2
171 0
171 4
171 0
171 1
171 0
171 3
171 3
171 4
170 4
170 4
170 3
170 5
180 0
180 2
180 2
180 2
180 4
170 0
170 0
170 1
170 4
170 3
170 0
170 0
170 3
170 3
170 5
189 3
183 4
172 3
172 5
186 5
207 3
189 3
185 3
183 4
172 2
171 1
171 1
171 3
169 5
181 4
170 5
179 3
174 5
193 5
223 3
203 3
197 3
196 4
171 3
171 3
171 4
170 2
170 4
170 5
180 4
172 1
172 3
172 0
171 3
171 4
170 3
169 5
180 3
173 3
173 3
173 5
192 0
192 2
190 3
183 3
182 0
182 3
182 3
182 0
182 1
182 4
170 4
167 2
167 5
180 4
169 4
169 4
169 1
169 0
169 1
169 3
169 0
169 4
169 5
178 1
178 5
203 3
190 0
190 1
190 0
190 3
187 0
187 3
186 3
186 3
186 5
229 5
275 5
326 3
285 4
183 4
178 1
178 3
175 4
175 1
175 5
186 5
209 4
172 0
172 2
172 3
172 5
197 4
172 2
171 5
184 4
173 4
173 0
172 4
172 4
172 2
172 3
172 0
172 3
172 3
172 4
172 4
170 3
170 4
170 4
170 2
170 0
170 5
192 3
183 3
181 3
179 4
172 4
169 4
169 4
169 1
169 4
169 4
169 0
169 5
191 1
188 5
212 3
194 5
225 0
225 4
178 4
173 3
173 0
173 2
173 0
173 4
173 2
173 5
181 5
198 1
198 3
185 3
185 0
185 4
180 1
180 3
180 2
179 3
178 1
178 4
175 4
175 0
175 4
175 3
175 3
173 1
173 3
173 1
173 1
173 2
173 3
173 3
173 5
182 3
178 4
173 2
174 3
174 2
173 0
172 2
172 3
172 2
172 4
172 1
172 5
182 4
172 4
172 3
172 2
172 4
172 4
172 5
181 5
196 4
174 4
174 5
182 0
182 0
182 5
204 4
173 4
173 2
173 3
173 0
172 3
172 4
172 5
179 5
196 5
219 2
215 0
215 3
199 1
199 4
182 5
186 3
181 3
181 3
181 5
195 2
193 2
193 5
212 5
237 4
178 4
176 3
175 3
175 0
173 1
173 3
173 3
173 3
173 4
172 3
172 0
172 0
172 1
172 4
172 0
172 2
172 5
187 3
180 5
196 2
194 5
221 5
254 4
176 4
174 1
174 1
174 3
174 4
174 0
173 3
173 4
172 2
172 5
181 5
196 1
196 2
196 3
189 5
202 3
191 3
189 0
189 4
182 0
181 5
210 -1
572 4
572 4
572 4
572 2
571 1
571 3
334 1
334 5
299 2
299 3
276 5
257 0
236 1
240 3
224 0
217 4
197 2
197 3
195 3
194 5
193 5
206 4
182 2
181 3
181 2
181 4
181 4
181 5
181 5
195 3
184 1
186 0
184 1
185 1
186 4
180 1
182 0
180 3
180 1
182 0
178 5
199 1
199 3
189 4
176 2
175 2
175 2
176 5
185 0
185 4
175 4
175 4
175 4
175 3
174 2
174 0
174 5
190 1
190 3
183 2
182 0
181 3
181 5
204 4
179 3
178 4
174 5
182 5
199 0
199 0
199 1
200 3
186 4
177 5
179 0
179 3
178 0
177 1
180 5
204 4
177 3
177 1
177 2
176 0
174 1
180 2
179 3
175 4
174 2
173 3
173 4
172 1
176 5
184 0
184 1
190 5
208 1
208 0
208 2
208 0
208 0
208 4
176 0
175 1
179 2
175 3
174 1
174 3
174 2
177 4
176 1
178 5
183 5
195 4
175 4
174 0
174 3
174 0
174 1
174 3
174 2
180 2
188 1
189 3
178 0
176 5
194 1
194 1
194 5
216 3
201 2
200 2
198 5
222 0
222 2
220 0
220 0
220 0
220 2
218 0
218 1
219 2
217 1
217 2
215 0
215 3
205 5
236 2
234 2
232 4
183 1
183 1
183 4
178 0
175 3
175 0
175 0
175 3
175 5
193 5
220 0
220 4
174 4
174 2
174 1
178 0
175 5
195 0
195 1
195 5
222 4
176 1
181 0
176 2
177 5
194 3
185 1
187 3
184 0
183 2
182 3
181 4
176 1
178 4
173 3
173 4
173 2
174 3
173 0
171 0
171 2
173 3
173 3
171 2
173 3
172 4
171 5
179 4
173 0
173 4
173 5
182 2
180 5
196 5
218 4
176 3
176 3
176 2
177 5
182 5
195 0
195 2
199 1
200 0
200 0
200 2
201 4
178 2
179 0
177 5
189 1
194 4
180 5
184 2
184 2
182 4
175 5
182 3
177 1
182 0
176 0
175 5
192 1
191 4
174 4
173 1
173 2
173 5
181 3
176 1
176 2
175 3
175 0
174 3
174 5
192 5
218 3
203 3
197 0
197 5
237 3
224 5
277 4
182 0
180 2
179 4
176 2
175 4
174 5
181 5
197 3
185 1
185 3
183 2
182 2
181 0
181 3
181 5
209 4
184 3
181 2
180 3
179 5
185 0
184 5
213 4
174 4
173 4
173 2
173 2
174 5
180 3
175 5
187 0
187 5
212 1
212 2
211 0
211 3
199 2
198 0
198 2
197 2
196 2
195 1
197 3
194 5
224 2
222 2
220 4
183 2
182 3
181 3
180 4
175 4
173 1
176 4
175 0
171 0
171 2
171 0
171 4
171 3
171 4
171 1
173 0
172 2
175 5
192 0
192 1
192 4
171 5
181 2
181 5
196 2
199 0
199 0
199 4
173 2
176 2
182 3
173 3
172 2
175 2
175 3
172 0
171 5
185 2
191 2
191 3
183 0
181 3
180 4
175 1
175 4
172 0
172 4
171 4
171 2
173 0
173 2
176 2
176 1
173 0
173 1
175 5
188 3
183 1
183 1
183 3
183 4
173 5
181 5
199 0
199 0
199 3
188 0
187 2
186 4
178 3
175 4
172 0
172 2
176 2
176 5
193 2
199 0
199 4
176 3
177 5
181 1
182 4
175 4
175 2
176 5
185 1
186 2
185 2
188 1
188 5
205 2
213 3
188 0
187 4
174 2
173 0
172 4
172 4
172 2
175 0
175 4
174 0
174 3
173 2
174 4
174 0
174 2
174 3
173 4
173 3
173 3
173 4
173 2
176 3
173 3
173 2
173 5
182 4
173 2
174 2
174 3
173 0
173 4
172 3
172 2
175 0
175 2
175 2
179 1
181 3
174 4
172 0
172 4
172 0
172 2
172 4
172 3
172 0
172 2
172 3
172 0
172 3
172 2
172 3
172 0
172 0
172 4
172 2
172 5
180 4
172 4
172 4
172 0
172 5
186 4
172 4
172 2
175 5
184 5
197 0
197 3
186 1
187 0
183 1
183 0
183 2
182 2
181 3
178 1
179 2
178 3
177 1
177 2
176 5
201 2
200 5
232 5
268 0
268 5
309 0
309 0
309 4
187 4
185 1
185 1
187 3
180 3
179 0
173 2
173 0
173 2
180 4
174 5
182 2
182 3
175 3
175 3
175 2
174 4
172 4
172 4
172 2
172 2
173 1
173 0
173 4
173 0
173 0
173 2
173 4
173 0
173 2
173 3
172 4
172 2
172 3
172 0
172 0
172 5
187 3
181 4
174 4
174 1
174 4
174 5
183 4
175 2
174 4
174 3
173 3
172 0
171 3
171 5
185 2
185 2
191 3
180 0
180 0
180 0
180 2
182 3
179 4
175 5
184 3
177 4
175 2
175 5
183 2
183 4
173 5
181 2
182 1
182 3
174 1
175 0
175 2
174 2
175 3
174 4
173 3
172 5
182 2
185 4
173 1
175 1
175 0
175 4
173 2
173 1
173 1
173 1
173 2
173 2
179 1
179 2
179 3
173 5
182 1
182 2
182 4
172 5
183 0
183 5
199 5
219 5
243 5
268 4
190 3
183 5
183 1
184 3
182 4
178 4
178 4
178 4
178 0
177 0
177 3
177 0
177 3
177 4
175 3
175 0
175 0
175 3
176 4
175 5
183 3
180 0
178 2
177 0
177 3
176 1
176 2
175 0
175 1
176 0
176 0
176 1
176 3
176 1
177 5
198 4
176 4
174 0
172 1
172 5
188 0
188 4
175 0
173 4
173 5
181 3
176 4
172 2
172 3
172 2
172 5
180 5
199 4
173 3
173 0
172 0
172 2
172 1
172 5
189 4
173 2
173 5
181 3
178 2
177 5
189 5
207 4
183 3
179 4
177 3
177 5
178 2
178 0
178 3
178 4
173 2
173 3
173 4
173 3
173 5
178 0
178 1
179 3
179 4
173 2
173 4
173 3
173 5
178 5
193 3
184 3
181 3
181 3
181 1
181 2
180 1
180 5
193 3
189 2
187 5
205 1
205 5
237 3
214 3
212 2
211 4
183 4
178 5
186 2
187 5
204 0
204 4
181 3
179 5
183 2
183 5
199 3
186 4
176 0
175 0
175 4
175 2
176 5
181 5
194 2
194 4
176 0
174 4
174 1
174 5
182 4
175 4
175 2
175 4
175 0
175 1
175 2
175 4
174 0
174 3
173 5
187 5
207 3
191 1
191 2
190 5
209 5
239 3
218 2
215 4
187 2
186 5
186 3
182 5
199 4
177 4
175 2
176 3
175 2
175 0
173 0
173 5
192 5
211 3
193 1
193 3
190 1
191 2
190 5
209 2
207 1
207 5
239 3
218 2
216 3
208 5
259 3
247 0
247 5
317 4
189 4
179 1
179 3
177 4
175 0
174 4
174 4
174 3
174 1
174 0
174 5
190 1
190 1
190 3
184 2
183 2
182 3
182 5
202 0
202 1
202 3
192 5
222 0
221 5
259 5
302 4
187 1
187 1
187 5
188 1
188 2
186 4
181 3
177 2
177 2
177 4
176 5
183 2
188 3
181 0
177 0
177 2
177 3
177 1
177 0
177 4
176 5
186 1
187 4
175 2
174 2
174 4
174 1
176 3
174 5
180 3
177 2
176 4
173 1
173 2
174 3
173 4
173 3
173 2
173 1
173 1
173 4
173 3
173 3
173 4
173 3
173 4
173 5
180 0
180 5
200 5
224 2
224 0
224 5
253 3
215 1
215 3
202 3
200 0
199 2
198 4
182 0
181 4
177 3
177 2
176 3
176 4
174 2
174 1
174 2
174 2
174 3
174 4
174 3
174 2
174 3
174 0
174 3
174 0
174 2
174 3
174 3
174 1
174 3
174 3
174 3
174 4
174 2
174 2
176 0
176 1
176 5
190 5
211 4
175 1
175 3
174 1
174 3
174 3
174 0
173 4
173 0
173 3
173 4
172 0
172 2
172 4
172 0
172 2
172 4
172 5
181 0
181 3
176 4
173 2
172 0
172 5
190 5
216 3
198 4
179 3
178 4
174 3
174 1
174 5
180 2
180 3
174 2
173 0
172 0
172 0
172 4
172 0
172 3
172 4
172 4
171 1
173 4
172 5
179 3
174 4
172 5
181 2
179 3
174 0
174 2
174 1
174 3
174 0
174 5
195 3
190 5
217 2
214 0
214 0
214 5
255 0
255 1
253 3
228 3
223 4
193 3
187 1
187 2
186 4
178 0
177 3
176 4
173 4
173 3
173 3
173 2
173 5
183 0
183 0
183 2
183 3
181 5
197 2
196 3
188 3
186 5
209 5
244 5
288 5
337 2
330 5
374 3
329 2
324 3
308 2
305 2
302 3
294 1
294 1
294 1
294 3
290 3
285 3
280 5
380 0
380 2
375 0
375 1
375 0
375 0
375 3
361 5
488 4
206 4
200 2
198 4
198 4
198 3
195 3
192 2
191 3
190 3
190 5
203 1
203 1
202 1
202 2
200 1
200 1
200 3
198 0
197 4
184 1
184 4
176 0
176 4
176 4
176 4
176 5
184 5
201 4
174 3
174 4
173 3
173 2
173 0
171 2
171 2
174 0
174 4
174 1
174 0
174 1
174 0
174 1
174 2
174 4
173 1
173 4
173 1
173 5
183 4
174 0
173 3
174 3
174 0
174 4
173 4
173 2
173 1
173 4
173 2
173 0
173 0
173 3
174 3
174 3
174 1
174 3
175 4
174 3
173 4
173 4
173 1
173 0
173 4
173 0
173 4
173 5
183 3
176 3
176 1
176 2
176 2
176 5
180 1
180 2
180 4
171 1
171 2
171 0
171 3
171 5
188 4
172 3
172 2
172 1
172 3
172 1
172 2
172 1
172 2
172 2
172 5
182 2
182 0
182 0
182 2
182 3
178 3
178 4
173 3
172 2
171 4
171 2
171 3
171 3
171 4
171 1
171 2
171 5
181 4
172 4
172 2
172 3
172 5
180 0
180 1
180 3
178 2
177 4
173 5
180 3
174 1
174 3
174 3
174 1
174 5
186 4
173 3
173 1
173 2
173 4
173 3
173 1
173 3
173 1
173 2
173 4
173 4
173 3
173 1
173 4
173 3
173 4
173 3
173 1
173 3
173 2
173 3
173 5
178 2
178 2
178 1
178 3
174 3
173 4
172 0
172 1
172 4
172 5
180 4
172 4
172 3
172 4
172 0
172 0
172 5
187 3
184 2
183 3
181 4
174 1
174 2
174 3
173 2
173 1
173 4
172 1
172 3
172 5
179 2
179 4
172 3
172 3
172 2
172 4
172 3
172 1
172 3
172 5
179 0
179 4
172 4
172 5
179 4
172 3
172 4
172 4
172 4
172 3
172 2
172 5
179 4
172 4
172 4
172 2
172 4
172 3
172 5
179 4
172 5
179 4
172 3
172 1
172 2
172 5
179 4
172 5
179 5
193 1
192 2
192 0
192 3
184 5
198 4
178 2
177 3
177 4
176 4
176 3
176 3
176 1
176 1
176 1
176 0
176 0
176 2
176 4
172 1
172 3
172 2
172 4
172 0
172 5
187 0
187 4
172 4
172 0
172 4
172 3
172 4
172 0
172 5
187 1
187 3
179 5
198 0
198 2
196 3
187 2
186 4
176 0
175 2
175 1
175 0
175 4
175 3
175 5
183 0
183 4
175 1
175 2
174 4
173 0
172 5
188 0
188 1
188 4
173 3
172 4
172 4
172 4
172 5
179 2
179 5
195 5
214 4
175 5
177 5
191 4
173 3
173 3
173 5
179 5
192 5
208 3
188 3
186 1
186 3
186 5
201 3
193 3
189 4
176 0
175 2
175 1
175 4
174 3
174 3
174 3
174 2
174 1
174 2
173 4
171 0
171 2
171 4
171 5
180 1
180 3
174 0
174 3
173 4
172 3
172 4
171 3
171 1
171 3
171 0
171 3
171 5
190 3
187 3
183 5
203 2
201 2
199 4
173 5
183 0
183 3
177 0
177 4
175 1
175 3
175 4
172 5
181 5
199 3
188 5
207 5
234 5
266 1
266 4
177 3
174 0
173 1
173 4
173 3
173 5
183 4
173 3
173 2
173 3
173 5
183 2
183 4
173 4
173 3
173 3
173 4
173 0
173 5
190 5
212 5
239 0
239 3
214 1
214 5
233 4
174 2
174 3
174 0
174 3
174 0
174 5
192 5
214 0
214 3
199 0
199 0
199 3
194 3
192 4
178 3
177 2
176 1
176 5
190 3
181 1
181 0
181 3
180 5
213 5
250 5
294 5
339 5
384 3
333 3
313 1
313 1
313 4
197 3
186 3
181 3
180 3
180 5
193 1
193 3
186 1
186 3
184 5
211 4
178 4
172 4
172 5
180 2
180 4
172 5
179 0
179 1
179 2
179 4
171 5
179 3
175 5
189 5
212 4
175 1
175 5
184 5
199 4
172 1
172 2
172 4
172 3
172 4
172 2
172 2
172 2
172 4
172 0
172 3
171 3
171 3
171 0
171 3
171 3
171 4
171 4
171 3
171 5
179 1
178 4
171 5
180 2
180 3
176 3
176 3
176 0
174 2
173 1
173 0
173 4
171 1
171 2
170 5
180 1
180 5
202 3
187 2
186 4
172 2
172 2
172 1
172 5
183 5
202 2
201 4
175 0
175 5
190 3
182 5
194 3
187 3
187 3
184 5
201 5
228 1
228 3
213 1
213 3
207 4
187 2
185 4
178 4
178 3
177 4
176 0
175 0
175 2
174 4
174 0
174 5
193 4
174 3
174 1
174 0
174 4
174 3
174 2
174 5
182 0
182 0
182 0
182 5
202 5
226 3
202 2
201 2
200 5
218 3
200 3
196 4
181 2
180 4
176 3
176 5
183 2
183 3
179 3
179 1
179 2
178 3
178 0
177 4
176 2
175 5
186 4
176 5
182 4
173 5
181 4
173 4
173 4
173 0
173 3
173 0
173 2
173 0
173 4
171 1
171 4
171 3
171 2
171 2
171 3
171 4
171 4
171 0
171 2
171 5
186 0
186 5
209 5
236 4
177 3
177 1
177 5
185 2
185 1
185 2
185 5
199 4
174 2
174 4
174 5
179 3
177 2
176 2
175 3
175 5
186 5
202 2
202 1
202 4
174 0
172 3
172 5
186 0
186 5
205 0
205 4
173 0
172 5
186 4
172 0
172 4
172 3
172 2
172 3
172 0
172 5
186 5
201 3
187 2
186 0
186 5
213 4
177 2
176 1
176 2
175 1
175 2
175 2
174 4
172 3
172 4
172 3
172 3
172 1
172 1
172 3
172 3
172 4
172 3
172 0
172 2
172 0
172 4
171 0
171 4
171 4
171 3
171 3
171 5
180 3
175 4
171 3
171 5
180 1
180 1
180 3
175 0
174 2
174 5
192 2
192 1
192 0
192 4
174 5
185 0
185 4
171 4
171 3
171 5
180 3
175 3
175 3
175 2
174 3
174 4
171 5
180 3
175 0
175 2
174 3
174 1
174 4
173 3
173 2
172 3
172 5
182 1
182 2
182 2
182 3
177 5
192 3
184 3
184 3
184 4
176 1
176 4
173 4
173 2
173 1
173 1
173 4
172 3
172 3
172 0
172 4
172 0
172 2
172 5
188 3
182 5
201 5
234 4
177 0
173 3
173 0
173 4
172 4
172 5
184 5
205 4
175 0
172 4
172 3
171 3
171 5
183 3
178 0
178 2
177 2
176 4
173 5
183 1
183 2
183 3
175 2
174 5
188 3
185 5
205 4
175 2
174 5
185 4
173 0
173 0
173 3
173 4
172 2
172 1
172 4
172 5
182 4
173 5
184 5
203 4
175 5
183 4
176 4
176 4
176 3
175 3
175 3
175 2
175 3
175 2
175 2
175 0
172 5
191 4
172 0
172 1
172 0
172 1
172 4
172 5
180 3
175 0
175 3
175 2
174 5
192 1
192 2
192 5
217 1
217 3
201 1
201 5
235 0
235 2
233 4
180 5
188 5
203 1
203 1
203 3
192 4
182 5
185 3
183 0
183 5
212 3
201 4
183 4
176 0
174 5
194 0
194 2
194 2
194 1
192 4
174 0
174 4
173 0
173 2
173 4
173 1
173 4
173 1
173 2
173 0
173 2
173 1
173 4
173 5
181 3
177 4
173 2
173 3
173 2
173 4
173 3
173 5
180 2
180 2
180 3
176 2
175 2
174 5
187 1
186 1
186 1
186 3
182 0
181 4
177 4
172 1
172 4
172 3
172 2
172 3
172 4
172 3
172 2
172 0
172 5
191 5
220 1
219 0
219 4
172 3
172 4
172 2
172 4
172 2
172 3
172 3
172 0
172 3
172 4
172 3
172 4
172 2
172 2
172 5
180 0
180 2
180 5
203 4
173 4
172 4
172 0
172 3
172 5
188 4
172 3
172 4
172 2
172 4
172 4
172 2
172 2
172 5
180 5
195 0
195 4
175 4
175 2
175 4
175 2
175 4
175 2
175 3
174 1
174 0
173 4
173 0
173 3
173 3
173 4
172 1
172 0
172 1
172 4
172 4
172 4
172 2
172 3
172 4
172 5
181 2
181 3
177 4
173 2
173 2
173 4
173 4
173 3
173 2
173 4
173 2
173 0
171 3
171 2
171 3
171 2
171 4
171 0
171 5
185 0
185 3
181 1
181 0
181 3
180 0
180 2
179 4
177 5
188 3
182 3
181 5
206 5
239 0
239 0
239 2
236 3
213 2
210 3
207 5
253 0
253 5
312 4
182 0
181 5
205 4
180 3
179 2
178 2
178 3
177 3
177 4
176 5
184 0
184 5
204 4
173 2
173 5
181 4
173 2
173 3
173 2
173 5
181 1
181 4
173 3
173 1
173 4
173 4
173 2
173 0
172 2
172 4
172 3
172 2
172 3
172 2
172 -1
572 3
346 2
339 2
329 1
329 3
274 3
270 4
270 5
266 5
271 0
259 0
259 0
259 5
294 4
224 0
216 5
235 1
235 3
210 5
220 4
191 5
191 5
199 1
199 3
188 3
188 5
200 3
190 0
189 1
190 5
223 4
181 1
181 1
181 1
181 1
183 5
193 1
193 5
212 1
212 4
179 0
177 4
171 3
171 4
171 1
171 2
173 2
176 4
176 5
181 1
187 3
179 5
187 3
182 5
194 3
186 3
184 4
175 3
174 1
176 4
174 3
172 5
183 2
183 5
199 4
173 2
177 0
177 5
192 3
181 3
180 0
180 5
205 2
205 1
206 2
205 4
178 3
178 0
177 1
182 3
180 3
178 1
180 1
180 2
178 2
177 3
177 1
178 3
178 5
195 5
224 2
221 5
257 4
177 0
176 4
175 1
175 5
183 5
201 2
203 5
227 3
201 2
200 3
192 5
217 1
218 3
211 0
211 5
264 0
264 2
261 5
322 4
186 4
181 3
174 3
174 3
174 3
174 5
182 2
185 1
194 0
191 5
211 5
233 3
211 0
210 3
202 5
240 3
228 1
229 5
284 2
280 3
266 0
266 1
266 2
264 0
264 0
264 1
264 5
349 5
438 1
438 5
531 2
523 3
496 4
212 3
204 4
189 2
188 1
190 2
189 2
189 2
190 5
190 4
185 2
186 4
186 4
186 0
184 2
184 5
196 1
196 2
195 4
182 4
182 3
180 2
180 3
180 0
180 0
180 5
193 5
211 1
210 3
195 2
194 5
207 3
196 4
185 1
185 1
190 3
181 3
180 4
175 1
175 3
173 3
172 4
172 1
174 4
173 0
173 3
173 1
178 5
184 2
184 0
184 1
184 5
210 3
196 0
196 4
178 1
178 0
178 1
179 2
178 0
178 0
178 3
178 5
206 1
206 4
179 5
187 0
187 3
182 0
182 5
209 4
180 5
186 5
204 2
204 1
208 1
208 4
182 2
182 1
183 1
185 4
183 0
181 4
179 5
189 1
192 2
189 0
185 4
179 3
178 3
178 3
178 3
178 4
177 4
177 5
185 5
200 2
198 4
181 3
179 0
178 1
179 3
178 1
178 1
180 3
177 0
177 4
175 2
175 5
188 3
178 5
191 1
191 4
175 5
188 4
174 3
174 5
187 4
174 2
175 1
177 4
176 0
175 1
179 3
176 3
175 2
176 4
176 1
176 3
175 4
175 5
185 3
178 4
173 1
179 4
179 2
173 1
173 5
184 3
179 0
179 5
200 3
190 4
176 1
178 0
177 3
177 2
178 2
177 1
178 5
197 5
218 3
195 5
223 0
223 5
267 1
266 3
234 1
235 1
235 1
236 3
226 1
226 3
225 1
230 4
188 1
188 0
184 2
183 1
186 5
214 5
251 0
251 3
234 5
281 5
341 4
185 3
183 3
183 3
182 3
182 3
181 1
181 3
181 0
177 3
177 2
180 1
180 5
200 3
192 5
215 5
254 5
297 3
263 2
261 3
248 5
315 0
315 0
315 2
311 1
311 3
298 0
298 4
195 1
195 3
188 2
187 5
193 4
178 3
177 1
179 1
179 3
177 5
184 5
203 4
177 5
182 4
177 3
177 3
177 2
178 4
177 3
176 0
176 5
193 0
193 3
186 5
203 2
203 5
231 5
263 5
301 3
256 4
205 3
188 0
186 5
215 3
202 2
201 3
198 5
235 3
223 4
183 1
183 3
182 5
192 3
189 3
188 0
188 4
181 5
189 1
190 0
190 4
179 0
179 2
178 1
179 2
178 1
180 4
176 5
183 4
174 5
182 5
197 2
197 5
220 2
220 3
193 4
176 3
176 2
176 1
178 2
178 3
178 5
183 5
199 2
197 2
200 4
175 3
175 2
177 0
176 0
176 5
191 4
173 5
184 0
184 4
175 1
176 5
182 2
182 1
181 5
194 0
194 5
215 4
174 3
174 3
174 5
181 1
187 3
182 4
176 2
179 3
176 0
176 4
175 3
175 2
175 4
175 5
179 0
179 3
178 5
192 3
190 5
214 4
176 4
175 3
175 4
175 2
175 4
175 5
182 3
179 2
178 3
177 3
177 3
177 2
176 5
186 2
186 4
175 3
175 2
174 3
174 3
174 4
174 5
180 3
177 3
177 3
177 4
173 5
180 3
178 4
174 2
174 0
174 1
174 3
174 3
174 2
174 4
174 2
174 3
174 2
174 2
174 3
174 2
177 1
179 0
179 5
193 2
193 0
193 3
183 4
176 0
176 4
176 3
176 4
174 3
174 1
174 3
174 3
174 1
174 0
174 1
174 5
188 1
188 1
187 3
181 4
175 4
174 3
174 0
174 2
174 4
174 3
174 0
174 2
174 3
174 0
174 4
174 0
174 2
174 0
174 4
174 3
174 3
174 2
177 2
177 4
177 5
181 5
192 1
192 4
177 5
182 5
195 0
195 3
185 5
202 4
178 3
177 3
177 4
177 4
177 0
175 3
175 3
175 4
174 1
176 3
176 5
181 0
181 1
182 1
185 2
184 3
180 1
180 2
179 3
179 3
179 0
179 5
199 2
197 4
178 0
175 3
175 4
175 2
174 2
173 4
173 0
173 3
173 0
173 0
173 5
189 4
174 5
183 3
179 2
178 0
176 1
176 3
176 0
176 2
176 5
198 3
190 2
189 1
190 1
192 3
188 4
176 0
176 0
176 2
176 0
176 5
198 3
193 1
195 2
193 1
193 1
193 1
193 3
192 0
192 4
176 4
172 4
172 4
172 3
172 3
172 5
183 4
173 5
181 2
181 3
176 3
175 3
175 3
175 1
175 2
174 4
173 1
175 0
175 4
174 4
173 3
173 5
182 2
184 4
177 0
175 1
176 5
190 3
183 3
182 4
177 0
177 3
177 2
177 0
177 1
177 4
177 4
175 4
175 4
175 4
175 4
175 1
175 1
175 2
175 5
186 5
205 4
176 3
176 0
175 3
175 3
175 5
191 4
178 4
177 4
177 1
177 5
182 1
184 4
175 0
174 3
174 1
174 3
174 3
174 3
174 5
186 3
182 2
181 0
180 3
180 1
180 0
180 2
180 2
180 5
211 1
212 0
212 4
176 4
174 4
174 1
177 0
174 0
174 5
194 4
171 2
173 3
172 0
172 0
172 2
172 3
172 3
172 0
172 4
172 0
172 1
173 4
172 3
172 4
171 4
171 3
171 2
172 1
172 5
182 2
182 4
171 5
182 0
182 3
177 0
176 2
177 3
176 5
199 1
199 1
199 2
199 3
188 5
213 3
204 3
202 3
202 4
180 4
174 5
186 4
175 0
175 4
175 4
173 4
173 0
173 3
173 4
173 4
173 3
173 2
173 3
173 2
175 3
175 4
174 5
188 4
177 4
177 3
178 1
178 4
178 3
178 2
177 4
177 3
177 2
180 5
186 4
180 4
180 0
178 1
178 4
174 3
174 0
174 0
174 3
174 0
174 1
176 3
174 2
174 0
174 3
174 3
174 0
174 4
172 0
172 0
172 4
172 0
172 3
173 4
173 1
173 0
173 3
173 4
172 2
172 5
185 3
181 5
198 2
196 3
183 4
178 5
185 1
185 3
182 1
182 4
174 4
173 5
186 4
172 4
172 3
172 5
185 3
181 4
172 5
188 0
188 5
206 4
178 3
176 1
176 3
176 5
178 5
195 4
173 4
173 0
171 2
171 4
171 4
171 0
171 4
171 0
171 3
171 3
171 0
171 3
171 3
171 4
171 1
171 1
171 4
171 5
180 5
199 0
199 3
185 0
185 4
178 0
177 5
195 0
195 5
219 5
251 0
251 4
182 4
178 2
178 3
175 4
175 3
175 2
176 2
176 4
176 5
179 2
179 2
179 4
174 4
174 2
174 4
174 1
174 3
173 5
178 1
178 3
176 0
176 3
176 0
176 3
176 4
174 3
174 3
174 5
185 0
185 2
185 0
185 1
185 2
185 1
184 4
175 5
184 5
201 0
201 4
177 4
175 4
175 0
174 4
173 4
173 1
173 4
173 4
173 3
173 2
173 4
173 3
173 3
173 3
173 4
173 0
173 3
173 4
173 0
173 5
191 3
183 0
183 5
211 4
177 2
176 3
176 3
176 1
176 5
182 2
182 4
175 3
174 4
173 1
173 5
178 1
178 1
178 5
193 3
183 2
182 0
182 1
182 4
177 2
176 3
176 0
176 1
177 4
176 4
173 5
180 3
177 2
176 0
176 1
176 4
175 1
175 2
174 0
174 2
174 4
174 3
174 3
174 3
174 1
174 5
186 2
186 3
181 3
180 1
180 4
175 5
180 0
180 0
180 3
178 4
174 3
173 0
173 2
173 1
173 4
173 4
173 3
173 5
179 4
173 3
173 4
173 3
173 4
173 2
173 3
173 4
173 3
173 1
173 3
173 3
173 4
173 0
173 4
173 2
173 4
173 0
173 4
173 3
173 1
173 2
173 0
173 2
173 5
191 2
191 4
173 4
173 0
173 1
173 5
190 2
190 4
173 4
173 4
173 3
173 4
173 1
173 4
173 0
173 5
190 3
182 0
181 3
181 3
181 2
180 5
207 3
198 3
195 4
180 4
175 0
174 3
174 3
174 3
174 0
174 5
191 4
174 1
174 4
174 4
174 1
174 1
174 2
174 2
174 3
174 4
174 0
174 1
174 3
174 1
174 5
189 2
189 0
189 0
189 0
189 3
185 0
185 3
185 4
179 0
179 3
178 4
175 4
174 3
174 0
173 1
173 0
173 5
191 4
173 4
173 3
173 5
181 1
181 0
181 2
181 3
179 3
179 2
178 0
178 0
178 4
177 4
175 4
175 4
175 1
175 2
175 3
175 4
175 2
175 3
175 3
175 2
175 4
175 3
175 4
174 0
174 1
174 1
174 4
174 5
180 2
180 5
195 0
195 0
195 0
195 2
195 4
175 3
175 4
175 3
175 3
175 1
175 4
175 4
175 3
175 4
175 0
175 4
174 3
174 4
174 2
174 0
174 4
174 2
174 4
174 0
174 0
174 4
174 3
174 1
174 2
174 1
174 0
174 1
174 4
174 0
174 2
174 2
174 3
174 2
174 4
174 5
180 4
174 4
174 4
174 5
179 3
179 2
178 0
178 0
178 4
176 5
184 5
202 3
189 2
188 3
184 5
210 4
176 0
176 0
176 5
196 2
196 4
177 1
177 4
176 3
176 3
176 5
182 1
182 5
194 5
212 0
212 2
217 4
175 3
174 3
174 1
174 0
173 0
173 5
187 4
173 1
173 1
173 0
173 0
173 4
173 4
173 3
173 2
173 2
173 5
178 5
193 4
173 2
173 3
173 4
173 3
173 0
173 1
173 0
173 3
173 3
173 5
187 3
181 1
181 4
176 2
175 2
174 0
174 2
174 4
174 3
174 4
174 5
181 4
174 4
174 2
174 3
174 4
174 2
174 0
174 4
174 4
174 0
174 3
174 0
174 5
188 3
181 2
181 5
197 5
226 2
223 2
223 5
253 3
211 1
211 2
210 4
180 0
178 4
177 4
174 4
174 4
174 3
174 3
174 4
174 2
174 0
172 5
190 3
184 3
183 1
183 1
183 4
172 2
172 4
172 1
172 3
172 1
172 1
172 2
172 2
172 5
182 0
182 4
172 0
172 4
172 1
172 5
182 4
172 2
172 0
172 4
172 2
172 4
172 3
172 5
182 4
172 4
172 0
172 4
172 4
172 2
172 3
172 3
172 1
172 2
172 0
172 4
172 5
182 1
182 4
172 1
172 3
172 4
172 4
172 0
172 2
172 4
172 4
172 2
172 0
172 0
172 4
172 4
172 1
172 2
172 4
172 5
182 0
182 5
207 4
173 5
183 3
177 4
174 2
173 5
181 0
181 3
178 0
178 1
178 5
205 2
203 1
203 1
203 5
230 3
209 0
209 4
184 4
176 2
175 3
175 4
174 5
181 4
172 1
172 3
172 3
172 1
172 2
172 3
172 0
171 5
186 3
178 4
173 3
173 0
173 3
173 5
190 4
177 0
177 3
176 5
192 4
176 4
174 4
174 2
174 2
174 0
174 4
174 3
174 2
174 2
174 1
174 0
173 2
173 4
173 4
173 2
173 0
172 2
172 3
172 1
172 3
172 5
187 0
187 3
180 3
179 4
172 2
172 3
172 5
182 0
182 4
173 5
182 0
182 0
182 4
173 0
173 1
173 4
173 4
172 1
172 5
181 2
181 2
181 5
199 4
172 1
172 2
172 4
172 0
172 0
172 3
172 1
172 4
172 4
172 2
172 5
180 5
196 1
196 0
196 4
173 4
173 4
173 5
178 5
194 0
194 0
194 4
174 3
174 1
174 0
173 4
172 5
179 0
179 3
176 2
175 3
175 1
175 0
175 5
195 5
222 2
220 4
174 3
174 3
174 0
174 5
193 4
175 0
175 4
173 4
172 5
179 3
174 1
174 5
184 5
201 3
188 4
180 3
179 4
174 4
174 5
179 2
179 0
179 5
194 4
176 0
174 0
174 3
174 3
174 3
174 0
174 2
174 4
171 5
179 1
179 0
179 4
171 4
171 4
171 4
171 3
171 3
171 3
171 3
171 3
171 5
179 2
179 4
172 4
172 3
172 4
172 3
172 3
172 4
172 3
172 4
172 4
172 0
172 5
187 3
179 3
179 5
193 1
192 5
218 5
256 0
256 5
294 3
260 2
257 4
185 1
185 5
190 5
205 0
203 4
178 0
176 0
176 4
175 5
184 5
209 0
209 0
209 3
193 2
192 5
207 4
177 5
183 2
183 0
183 2
183 4
177 2
176 2
175 4
175 0
175 2
175 4
175 4
175 1
175 5
184 5
204 3
190 1
190 0
190 4
179 0
179 3
178 4
176 4
175 5
183 5
202 2
202 5
225 4
179 0
177 3
177 5
198 3
190 0
190 3
189 0
189 4
179 4
176 0
176 2
176 4
175 3
175 4
175 3
175 5
178 4
173 2
172 3
172 0
172 0
172 4
172 5
181 5
198 4
173 2
173 2
173 5
180 0
180 5
201 3
188 3
184 5
205 3
199 5
232 3
221 3
218 1
218 3
218 0
218 4
184 3
181 5
193 5
216 1
215 5
250 1
248 5
287 2
285 3
233 2
231 5
272 3
256 2
254 0
254 5
326 2
323 0
323 3
307 5
408 3
399 3
396 1
396 4
202 2
200 3
194 0
191 2
190 3
188 4
182 1
182 4
178 4
178 4
178 3
178 2
178 5
184 4
178 5
184 0
184 0
184 0
184 4
177 5
185 3
180 1
180 5
190 2
190 3
187 2
186 4
176 4
176 0
176 4
176 0
176 0
176 0
176 3
176 1
176 5
198 1
198 1
197 2
196 5
223 5
254 4
186 0
184 0
184 4
179 3
179 5
185 0
185 0
185 4
174 5
181 2
181 4
174 3
174 3
174 3
174 0
174 4
174 2
174 0
174 5
192 3
185 5
202 4
179 3
177 0
176 3
175 1
175 4
175 2
174 5
182 3
176 4
175 2
174 2
174 3
174 2
174 2
174 4
174 0
174 3
173 4
173 0
173 2
173 2
173 2
173 2
173 5
190 2
190 5
217 1
217 3
195 1
195 3
192 5
222 1
222 0
222 0
222 3
209 4
183 3
181 4
176 5
182 3
180 4
175 2
175 2
175 4
175 1
175 4
175 4
175 3
175 0
173 3
173 1
173 3
173 4
173 2
173 4
173 5
184 2
184 3
178 4
174 4
174 0
173 4
173 1
173 4
173 4
173 5
183 5
198 2
198 3
189 5
208 3
200 2
199 2
198 0
197 5
239 0
239 4
182 4
176 4
176 2
176 0
174 2
174 3
174 5
192 5
216 3
199 0
199 1
199 5
237 4
181 3
180 0
178 0
178 5
200 3
189 5
219 3
205 3
201 0
201 4
185 5
198 2
196 3
191 2
190 4
177 4
174 5
181 4
173 4
173 5
181 2
181 5
198 4
174 0
174 4
174 4
174 5
181 5
199 4
177 0
177 4
176 4
176 0
174 0
174 3
173 3
173 5
191 2
191 3
185 4
173 5
181 5
196 5
220 3
194 4
176 0
175 4
173 3
173 4
172 0
172 3
172 4
172 4
172 5
181 5
197 1
197 2
196 3
185 3
182 4
176 5
182 0
182 5
204 3
193 2
192 4
172 3
172 4
172 4
172 4
172 4
172 2
172 0
172 4
172 0
172 5
187 2
187 4
174 5
185 5
203 1
200 2
199 0
199 0
199 2
199 1
199 0
199 5
222 3
197 0
197 2
196 4
180 4
175 5
181 1
179 3
177 0
177 3
177 4
174 2
173 5
182 4
172 3
172 4
172 5
182 3
177 4
172 2
172 4
172 3
172 5
181 5
202 3
183 4
173 3
173 3
173 0
173 5
190 3
184 3
184 2
183 4
174 1
174 3
174 3
174 4
173 3
173 5
183 3
177 3
177 1
177 3
177 3
176 3
176 0
176 5
201 2
201 0
201 4
177 3
176 2
176 0
176 5
196 3
188 0
188 4
181 3
180 3
178 3
178 0
178 5
202 0
202 3
192 3
192 0
192 2
191 3
190 1
190 1
190 2
189 3
188 3
188 0
188 0
188 3
188 5
229 0
229 0
229 3
215 0
215 4
190 5
199 0
199 3
195 5
235 1
235 2
233 3
212 0
212 3
211 2
209 3
208 3
207 1
207 3
207 0
207 5
272 5
338 0
338 2
335 4
189 0
186 1
186 0
186 3
185 3
185 4
177 2
176 2
175 2
174 2
173 2
172 0
172 4
172 5
185 0
185 1
185 3
182 4
174 3
174 5
186 5
207 2
207 3
191 1
191 1
191 5
216 2
214 5
252 3
223 5
274 3
258 0
258 1
258 3
257 5
350 4
189 1
189 0
188 0
188 4
181 4
176 1
176 0
173 1
173 -1
572 0
401 1
400 4
230 5
213 5
219 4
200 0
199 2
200 4
189 4
187 3
183 0
182 2
184 3
183 3
183 1
183 2
185 4
182 3
182 5
188 1
188 5
203 0
203 2
201 5
225 2
224 3
203 5
221 1
227 0
224 5
263 4
187 0
185 3
185 5
210 0
210 4
184 1
184 1
184 4
181 2
180 2
179 5
185 1
185 3
181 4
178 0
178 3
178 5
194 1
194 0
194 1
198 4
177 0
174 3
174 3
174 5
191 2
193 4
176 2
176 0
176 1
177 1
181 2
177 0
177 1
179 0
178 5
196 0
196 3
188 5
211 1
214 2
212 3
195 3
189 1
194 3
192 0
192 3
191 5
232 0
232 5
276 0
276 1
276 5
326 1
327 2
320 4
187 3
183 1
188 4
184 1
186 3
178 3
178 0
177 3
176 2
175 1
175 4
174 2
175 0
175 0
175 2
180 3
175 1
175 5
189 3
184 1
184 0
184 5
212 1
213 1
213 5
245 2
244 5
282 0
282 5
321 2
314 5
353 4
202 2
201 4
200 0
191 5
211 2
211 3
194 0
194 4
183 0
183 5
206 1
206 5
236 4
179 5
182 5
197 0
197 3
188 3
186 2
185 1
186 4
178 2
177 4
175 3
175 2
175 3
175 2
175 2
175 3
175 5
181 3
180 5
196 3
192 0
190 1
190 1
190 5
223 5
263 2
259 5
302 2
295 5
336 3
290 2
285 3
270 4
186 3
180 1
185 0
179 3
179 3
179 4
177 1
179 1
182 0
182 2
181 2
179 2
179 3
179 1
180 5
202 4
177 4
175 2
176 4
176 4
176 4
176 3
174 4
174 3
174 4
174 3
175 3
174 0
174 3
174 0
174 0
174 4
174 5
186 5
207 5
229 1
230 2
229 2
228 4
181 4
180 1
182 5
183 2
182 1
184 2
182 4
177 3
177 1
177 4
177 4
177 3
177 2
177 0
176 2
179 4
177 3
178 5
185 5
199 4
176 0
176 1
177 1
177 0
177 5
191 3
185 0
183 1
183 2
183 4
176 0
174 3
174 3
174 5
190 4
173 5
183 3
178 3
176 0
176 3
176 3
176 3
176 4
173 1
173 4
172 0
172 3
172 3
172 5
194 3
187 5
212 2
210 2
208 4
177 1
179 2
178 0
177 4
175 0
175 4
175 4
174 4
174 0
174 4
174 4
174 3
174 3
174 5
182 4
174 4
174 2
174 0
174 3
173 0
173 2
173 3
173 3
172 4
171 2
174 3
171 1
171 1
173 0
173 1
173 1
176 1
180 3
176 1
178 5
190 3
186 1
186 0
186 3
186 2
184 4
174 2
173 2
172 4
171 1
171 0
171 1
177 1
177 2
171 2
175 5
192 0
192 0
192 3
185 4
172 2
173 1
173 0
172 0
172 4
171 4
171 0
171 5
187 0
187 2
191 1
195 5
208 4
175 3
175 4
174 5
180 4
174 4
173 2
176 3
173 2
173 1
175 2
173 2
179 1
182 5
186 0
186 5
201 2
201 3
186 4
178 4
175 0
174 2
174 5
187 1
190 3
182 3
180 2
179 2
178 4
175 5
185 3
180 1
180 4
176 3
176 0
176 1
181 3
176 4
174 4
174 2
177 2
177 2
180 2
188 3
181 3
178 4
177 2
177 4
177 3
177 1
179 4
178 2
179 3
178 4
178 3
178 4
178 0
177 2
177 5
190 5
207 3
194 0
194 2
193 2
192 4
181 4
177 2
178 0
177 0
177 4
177 5
185 0
185 5
202 1
204 1
204 2
202 5
224 2
224 4
179 2
178 5
187 5
201 0
201 4
178 4
178 0
178 2
184 3
177 0
176 0
176 2
182 3
177 3
177 5
186 3
180 3
178 0
176 3
176 2
178 1
178 3
176 5
198 1
203 2
202 2
201 1
201 5
226 3
205 4
178 2
177 2
176 0
175 3
175 5
197 4
178 3
177 2
178 2
178 0
176 1
176 0
176 4
173 5
184 0
184 0
184 1
184 1
184 2
183 4
173 2
176 2
179 3
175 1
175 0
174 0
174 1
174 0
174 1
175 4
172 0
172 3
172 4
172 5
181 3
177 3
177 0
176 5
194 2
195 4
176 0
174 0
174 3
174 4
172 0
172 3
172 2
175 3
175 5
194 0
194 0
194 0
194 1
194 5
218 5
246 3
217 1
217 0
217 0
217 4
182 5
185 4
175 2
175 2
177 4
176 0
175 0
175 1
178 3
177 2
176 3
174 3
174 1
174 3
174 4
172 4
172 0
172 4
172 0
172 5
189 3
182 0
182 2
181 0
181 3
180 0
180 1
181 0
181 4
176 5
189 1
189 0
189 3
183 4
177 3
177 4
174 0
174 4
173 2
174 2
175 4
174 0
173 1
177 5
194 5
213 1
213 5
239 4
180 5
180 5
198 5
218 4
178 4
176 3
173 5
178 5
192 2
192 1
192 3
181 4
174 1
174 2
173 5
182 4
174 2
177 1
177 3
174 0
174 3
173 0
173 3
173 1
173 4
172 2
172 0
172 2
175 2
175 4
172 2
175 5
186 2
186 5
201 5
220 0
220 3
197 4
182 4
180 1
180 2
181 5
183 0
183 1
184 0
184 0
184 2
184 1
184 2
184 1
184 4
175 4
174 3
174 0
174 4
173 2
173 4
173 0
173 4
173 4
173 3
173 4
173 2
176 4
176 3
176 0
173 0
173 5
190 2
190 4
173 3
173 2
173 0
173 2
173 4
173 4
173 5
179 0
179 0
179 4
173 4
173 0
173 3
173 3
173 1
174 4
173 2
173 0
173 2
176 4
176 0
176 4
175 4
175 4
175 3
176 0
174 0
174 0
174 0
174 3
174 0
174 2
174 1
174 1
174 2
174 4
173 0
173 4
173 4
173 0
173 2
176 3
173 5
187 3
182 2
181 4
174 1
178 3
174 3
173 0
173 1
173 3
173 0
173 5
189 5
210 0
210 3
194 4
174 4
173 3
173 0
173 2
177 0
177 0
177 5
192 2
192 4
177 5
185 4
176 5
182 3
180 1
180 4
177 0
175 4
174 3
174 3
174 4
173 0
173 1
173 4
173 5
181 2
181 3
177 2
176 3
176 5
190 4
173 3
173 3
173 0
173 5
189 4
174 2
173 3
173 3
173 2
173 1
174 1
174 5
183 5
197 5
213 2
213 4
179 1
179 3
178 3
178 0
177 0
177 3
177 5
194 5
214 1
214 4
177 0
177 3
177 4
174 0
174 4
174 0
174 4
174 0
174 1
174 1
174 3
174 0
174 4
173 0
173 2
173 4
173 2
173 2
173 2
176 4
172 4
172 4
172 3
172 3
172 4
172 0
172 4
172 3
172 4
172 3
172 3
172 1
172 1
172 1
172 0
172 0
172 2
172 4
172 3
172 4
172 4
172 4
172 1
172 1
172 0
172 5
187 4
173 3
173 2
173 5
182 1
182 2
184 5
198 5
218 4
182 3
180 4
178 2
178 0
177 0
177 4
176 1
176 2
176 5
183 1
183 2
183 3
178 5
188 2
188 3
181 3
177 4
172 5
181 5
196 0
196 4
175 4
175 5
180 0
180 5
198 2
198 1
198 4
175 5
183 4
173 2
173 4
173 5
180 3
178 5
191 3
185 4
176 2
175 3
175 3
175 4
175 3
175 2
175 3
175 2
174 4
174 3
174 2
174 0
173 0
173 1
173 0
173 0
173 4
173 0
173 1
173 4
173 0
173 5
189 2
189 1
189 1
188 4
173 5
182 4
173 5
182 0
182 2
182 2
182 1
182 2
182 4
173 3
173 3
173 5
182 0
182 5
198 4
179 1
179 3
178 1
178 3
178 4
177 0
173 1
173 5
186 2
186 0
186 3
182 5
193 1
193 4
174 4
173 0
173 5
190 0
190 3
185 4
174 3
174 1
174 0
173 4
173 5
181 2
181 1
181 4
173 5
179 5
195 5
214 4
177 2
176 5
181 2
181 3
179 3
179 3
179 5
189 3
185 5
200 4
176 4
174 3
174 5
179 3
177 2
176 1
176 0
174 3
174 1
175 2
174 5
191 5
212 3
199 0
199 0
199 5
236 5
275 3
246 5
295 2
292 1
293 5
353 4
190 4
185 3
182 0
182 3
182 5
199 5
222 5
249 1
249 2
243 4
188 0
184 5
203 4
176 3
176 4
174 2
174 2
174 5
178 2
178 3
177 3
177 0
177 4
176 5
185 4
173 2
173 4
173 1
173 2
173 5
181 0
181 1
181 0
181 1
181 0
181 0
181 2
181 0
181 0
181 2
181 3
178 4
174 3
174 3
174 4
173 4
173 5
181 3
177 5
190 3
183 0
183 4
178 0
177 2
176 0
176 5
195 0
195 2
195 4
176 4
175 4
175 2
175 1
175 3
175 4
175 1
175 2
175 3
175 4
175 0
174 1
174 3
174 3
174 5
189 0
189 5
211 1
211 0
211 4
173 5
182 1
184 0
184 0
184 4
173 0
173 4
173 0
173 3
173 2
173 0
173 5
187 0
187 0
187 2
187 2
187 5
209 4
175 2
175 1
175 0
173 0
173 4
173 3
173 3
173 4
173 3
173 2
173 1
173 4
173 2
173 5
178 4
173 4
173 0
173 4
173 3
173 3
173 5
181 5
194 3
182 0
181 1
181 2
181 2
181 4
175 4
173 3
173 4
173 0
173 5
188 2
188 0
188 5
214 0
214 1
213 1
212 3
189 0
189 2
188 1
188 1
188 3
188 5
216 1
216 4
181 4
175 3
174 0
173 4
173 3
173 3
173 5
180 4
173 5
180 0
180 0
180 3
177 3
176 1
176 4
175 5
185 5
201 3
183 2
182 3
181 4
177 0
177 3
177 4
177 3
177 4
175 2
175 1
175 4
175 4
175 4
175 5
181 0
181 2
181 3
178 2
178 0
178 1
178 1
178 3
177 2
176 2
177 1
177 5
197 4
180 0
180 0
180 5
199 3
185 3
184 3
184 4
176 3
175 3
175 3
175 0
175 3
175 5
193 4
178 4
176 2
176 3
176 3
176 0
175 0
175 5
190 3
183 5
197 4
175 1
175 0
175 4
174 3
174 3
174 0
174 0
174 3
174 5
191 4
176 2
176 4
175 1
175 3
175 2
175 5
179 5
190 1
190 2
190 3
181 2
180 1
180 4
176 2
176 0
176 3
175 2
175 4
174 1
174 4
174 1
174 4
174 3
174 3
174 2
174 0
174 4
173 0
173 3
173 5
192 2
192 4
175 3
175 3
175 3
175 5
185 4
175 3
175 0
175 1
175 0
175 4
174 3
174 5
183 0
183 0
183 1
183 2
183 0
183 3
177 1
177 3
177 1
177 2
176 0
176 5
199 2
199 2
197 1
197 0
197 2
197 4
177 2
176 2
176 4
176 3
176 5
178 0
178 3
177 3
176 3
176 4
174 0
174 3
174 4
173 0
173 3
173 5
188 0
188 4
175 0
175 0
175 3
175 1
175 4
174 1
174 0
174 4
174 5
179 0
179 4
175 4
175 3
175 4
175 4
175 2
178 2
178 5
182 4
176 2
176 3
175 2
175 3
175 5
182 2
182 4
175 0
175 3
175 4
173 2
173 4
173 5
177 0
177 2
177 0
177 0
177 5
197 3
183 2
182 0
182 4
178 0
178 0
178 5
201 4
175 1
175 4
174 3
174 0
174 1
174 0
174 3
174 3
174 2
174 0
174 0
174 3
174 2
173 4
173 1
173 4
173 0
173 4
173 4
173 5
180 4
173 1
173 3
173 0
173 3
173 1
173 5
188 0
188 4
175 3
175 4
175 1
175 4
175 1
175 2
175 4
175 0
175 3
175 0
175 2
175 5
194 0
194 4
175 3
174 1
174 1
174 2
174 1
174 4
174 5
178 4
174 2
174 1
174 5
181 5
195 4
174 4
174 5
181 1
181 2
181 5
195 1
195 0
195 0
195 0
195 1
192 4
174 3
174 5
179 5
194 3
182 4
176 4
174 2
174 2
174 1
174 3
174 3
174 5
182 4
173 3
173 2
173 2
173 5
177 2
177 5
189 0
189 2
189 1
189 1
189 2
188 1
188 4
173 5
181 5
195 2
195 5
217 3
194 4
179 0
178 1
178 4
176 3
175 4
175 3
174 5
181 0
181 4
173 5
182 2
182 1
182 5
199 3
185 4
175 3
175 1
175 3
175 4
174 3
174 3
174 4
174 5
180 5
190 2
190 2
190 5
210 2
210 2
210 4
175 4
175 3
174 1
174 3
174 2
174 4
174 0
173 1
173 4
173 3
173 3
173 5
180 4
174 0
173 4
173 2
173 0
173 0
173 4
173 0
173 4
173 0
173 3
172 3
172 2
172 3
172 5
186 4
173 5
184 4
173 3
173 0
173 3
173 3
173 3
173 5
187 1
187 2
186 1
186 1
185 2
184 0
184 2
184 2
184 3
181 0
180 5
207 4
177 4
174 0
173 3
172 2
172 3
172 4
172 2
172 0
172 4
172 0
172 0
172 3
172 5
186 4
174 5
183 3
179 3
178 0
177 4
174 0
174 5
192 5
220 0
220 0
220 5
251 0
251 1
251 2
249 4
186 1
186 5
184 2
182 0
182 4
177 5
179 2
179 3
175 0
175 1
175 3
175 5
194 5
218 3
196 0
196 0
196 3
193 0
193 0
193 4
185 1
185 0
185 0
185 4
180 0
179 0
179 1
179 0
179 0
179 2
179 3
178 5
205 4
179 3
179 0
177 3
176 1
176 0
176 3
176 3
176 5
203 2
201 2
201 4
177 0
174 0
174 5
200 0
200 4
176 5
184 3
178 0
178 2
177 3
177 5
208 5
244 0
244 3
222 4
177 4
176 3
175 4
175 1
175 4
175 3
175 4
174 3
174 3
174 4
173 3
173 3
172 5
176 0
176 5
202 2
202 4
170 3
170 3
170 5
180 4
170 0
170 0
170 4
170 4
170 2
170 3
170 2
170 5
179 4
170 2
170 5
179 4
170 3
170 3
170 3
170 5
179 2
179 4
170 2
170 2
170 3
170 4
170 5
179 1
179 3
177 4
171 3
171 5
179 0
179 3
176 2
175 5
192 3
186 2
185 4
178 1
178 3
175 2
175 5
186 5
207 4
178 3
175 3
176 0
176 3
176 3
176 3
176 5
198 5
222 2
222 5
249 4
186 4
185 5
184 3
183 1
183 3
183 0
181 3
181 3
181 0
179 5
204 0
204 2
203 3
191 4
181 3
179 0
178 0
178 0
178 0
178 5
204 4
178 5
188 0
188 3
183 2
183 5
206 2
203 0
203 4
175 3
175 0
175 4
174 3
174 5
181 4
172 2
172 4
172 4
172 4
172 4
172 5
181 4
173 2
173 3
173 0
172 0
172 2
172 1
172 2
172 5
190 0
190 1
190 4
174 1
174 2
174 5
182 3
177 1
177 1
177 3
177 3
177 3
177 0
177 1
177 4
177 5
187 3
183 2
182 2
180 3
179 3
179 3
179 3
179 5
191 2
191 5
213 5
243 3
214 5
247 5
292 0
292 5
345 4
196 4
193 4
192 3
184 4
181 0
180 3
179 5
192 3
186 4
174 0
174 5
193 3
186 2
185 3
185 4
178 5
184 4
174 0
174 0
174 0
174 2
174 5
193 1
193 2
193 4
175 0
173 5
193 4
175 5
180 1
180 5
195 5
220 5
249 5
281 0
281 2
283 4
202 3
190 0
180 4
174 2
174 3
174 3
174 5
181 0
181 2
179 0
179 3
176 4
171 3
171 3
171 1
171 1
171 1
171 3
171 3
171 2
171 5
179 1
179 5
194 3
185 0
185 3
181 4
174 2
173 2
172 0
172 4
172 3
172 1
172 0
172 3
172 0
172 4
172 2
171 3
171 2
171 5
181 5
201 3
184 4
174 4
173 5
180 0
180 5
201 0
201 2
201 2
201 4
178 3
177 3
177 4
177 0
175 4
174 4
174 1
174 5
182 5
199 3
185 3
183 1
183 3
182 1
182 3
181 2
180 2
179 2
178 3
178 2
177 2
176 2
176 0
174 5
195 5
222 0
222 5
252 3
217 5
244 4
179 1
179 2
178 5
185 0
185 2
185 0
185 5
211 5
241 3
217 0
216 5
254 1
254 3
237 1
237 4
186 3
184 3
183 4
177 3
177 3
177 3
177 1
177 5
183 5
198 3
186 3
184 4
177 4
176 2
176 4
176 4
176 4
176 3
176 4
175 4
175 3
175 3
175 1
175 3
175 5
182 5
196 1
203 3
190 5
204 3
195 0
194 4
181 2
178 4
175 2
175 0
175 3
174 5
192 5
217 4
175 5
183 3
181 4
177 3
176 0
175 4
174 0
174 3
174 1
174 5
190 2
190 1
190 0
190 0
190 1
190 2
189 0
189 3
186 4
178 2
177 4
175 5
182 2
182 3
181 3
180 3
180 0
180 3
179 1
179 2
178 0
178 5
204 4
177 3
176 1
176 5
187 3
183 4
174 5
182 5
202 0
202 2
202 1
202 2
202 0
202 5
233 2
231 3
211 0
210 2
208 2
207 3
203 3
199 0
199 3
198 2
197 5
243 4
184 0
181 5
213 5
252 4
181 3
177 2
176 2
176 4
175 2
175 4
175 2
175 1
175 3
175 5
183 5
202 2
202 2
202 3
190 2
189 5
216 2
214 3
197 3
195 5
231 2
229 1
229 3
217 1
217 4
182 3
180 5
195 3
186 4
179 0
178 3
178 5
204 5
238 3
219 2
218 2
217 3
212 0
212 1
212 4
188 1
188 0
184 0
184 5
222 3
211 4
185 3
182 4
174 3
174 5
180 5
199 3
189 0
188 1
188 1
188 4
176 2
175 0
175 4
174 3
174 0
174 5
201 3
193 0
193 3
192 3
191 3
191 3
191 3
191 -1
