5 2000
795 1
795 3
673 4
673 1
673 5
648 3
577 3
565 4
548 1
548 4
548 1
550 5
550 3
525 0
503 5
605 2
603 3
538 0
532 4
484 1
487 5
535 3
507 0
505 3
502 2
501 3
495 0
493 3
493 5
678 4
485 1
485 0
473 0
473 0
473 0
473 5
625 3
559 3
535 1
538 4
474 5
539 1
540 4
472 3
469 5
525 3
498 5
632 5
860 5
1121 2
1112 5
1378 4
502 1
502 0
486 1
488 1
488 4
466 4
464 0
462 3
463 1
464 5
572 4
469 0
460 2
460 5
576 4
476 3
476 0
463 1
465 5
580 2
579 0
579 5
749 2
744 0
744 3
614 2
612 0
611 1
611 4
503 3
476 2
475 3
476 2
474 5
521 0
519 5
681 5
888 2
882 3
708 1
709 4
505 2
502 4
493 5
506 0
502 3
490 3
482 0
481 4
459 3
457 5
511 4
455 1
455 3
457 0
451 3
452 3
452 2
451 5
556 2
552 0
552 0
552 0
552 0
552 1
552 0
552 5
720 4
480 5
510 2
510 3
480 2
479 3
476 4
461 2
460 2
459 0
457 0
457 4
455 1
455 0
455 5
580 5
760 3
618 3
577 1
577 4
482 4
475 5
523 0
522 3
498 4
462 4
462 0
459 5
603 0
603 0
603 2
599 3
538 0
537 0
537 2
536 0
536 4
474 3
466 0
460 1
461 5
611 3
548 0
548 4
469 0
465 1
466 1
469 0
469 3
468 5
626 3
561 2
559 1
561 2
559 2
557 2
555 5
766 4
471 4
468 2
467 2
466 4
466 0
456 4
447 3
450 4
450 3
449 5
509 5
674 0
674 3
562 0
560 0
560 0
560 5
818 4
480 4
470 3
468 0
458 0
458 3
458 4
453 5
511 4
459 0
452 1
453 5
575 2
571 3
519 5
682 2
679 3
603 2
601 1
601 0
601 3
588 4
468 0
465 4
450 2
449 2
448 5
527 3
494 4
460 2
459 5
520 5
708 3
597 5
841 4
487 1
487 0
472 3
471 3
469 4
452 3
453 4
453 5
521 2
519 3
489 0
486 4
457 5
528 0
528 3
503 1
504 1
506 5
659 2
655 3
591 1
591 4
475 1
475 4
470 4
470 2
469 3
463 2
462 3
462 1
463 5
522 3
489 4
451 5
513 5
674 4
476 1
476 3
471 2
470 2
469 0
451 2
451 2
452 3
452 2
451 3
451 4
447 5
499 5
642 5
836 1
834 5
1040 2
1033 0
1033 3
816 2
811 4
504 4
501 0
485 0
485 1
486 2
485 4
458 0
453 4
451 0
451 1
451 4
450 1
452 3
454 0
451 3
449 1
449 3
449 0
448 2
447 4
444 5
511 5
657 3
566 3
531 5
703 2
700 3
631 4
467 2
466 1
466 0
461 2
460 2
459 2
458 4
447 0
446 3
444 4
444 0
444 2
443 2
443 0
443 4
442 5
516 3
493 5
658 4
463 4
459 0
448 1
450 2
449 0
448 2
447 5
576 3
514 3
499 2
498 0
497 1
498 3
497 2
496 2
495 2
494 2
493 0
493 5
720 2
717 3
633 3
611 2
609 5
928 0
928 4
485 5
526 2
524 3
498 5
652 0
652 2
649 3
582 3
561 4
462 2
461 0
460 4
447 5
523 1
522 1
523 0
523 0
523 3
487 0
487 1
488 0
488 1
489 4
454 4
447 0
446 3
447 4
446 5
527 3
491 1
493 0
493 5
707 4
469 1
472 0
463 0
463 0
463 2
462 4
449 0
449 4
447 3
449 2
448 2
447 2
445 1
447 2
446 2
446 5
516 3
483 4
455 5
519 4
453 2
452 1
452 4
450 5
500 2
498 3
471 4
452 0
450 5
588 2
584 2
583 1
583 3
521 1
523 5
697 2
694 2
692 1
692 0
691 5
975 4
490 5
525 2
523 0
517 2
515 1
515 3
488 0
487 5
676 4
470 5
510 3
487 5
611 4
458 2
457 5
511 4
448 5
510 1
510 0
510 4
449 3
454 2
453 4
452 1
452 2
452 3
452 3
450 5
504 4
453 2
452 3
458 0
450 5
572 2
570 4
453 4
453 0
446 4
444 4
444 5
504 4
451 5
498 3
474 1
474 5
592 1
591 4
461 1
461 5
509 4
451 1
451 1
451 1
451 2
451 1
452 4
452 5
503 5
657 4
471 5
504 2
502 3
475 3
471 4
452 0
448 2
447 1
448 4
445 0
445 5
570 1
570 2
569 0
569 4
450 2
449 2
449 2
449 5
505 4
448 4
448 5
494 0
494 3
475 5
588 1
588 0
587 4
457 4
456 3
455 5
503 5
652 3
555 1
554 1
554 4
464 2
463 1
463 0
457 1
457 4
446 5
493 0
492 0
492 4
450 4
450 2
449 5
488 5
624 1
624 5
811 4
479 5
499 2
497 3
473 5
556 2
553 1
553 4
463 1
463 3
470 1
470 5
505 3
486 5
608 2
605 2
602 0
602 2
600 0
600 4
462 4
460 4
460 2
459 2
458 3
453 0
448 1
448 4
444 4
444 5
498 4
447 0
443 4
443 3
450 0
448 2
447 0
447 5
575 1
576 0
576 0
576 4
459 1
459 3
457 4
454 5
489 3
474 4
452 2
451 2
451 0
447 4
444 3
448 1
450 3
449 2
449 0
447 2
445 0
445 0
445 1
446 1
447 2
446 3
446 5
554 3
507 4
460 1
460 0
454 2
453 0
453 5
593 3
525 3
507 2
506 3
505 3
503 5
675 0
675 1
675 4
475 2
474 2
473 5
523 4
452 1
452 2
450 4
449 2
448 1
450 5
499 5
643 4
463 3
466 3
460 1
460 0
451 4
446 4
445 4
445 4
445 1
445 1
445 0
444 0
444 2
443 4
442 4
442 3
446 2
443 1
443 2
443 2
443 2
443 2
443 1
443 5
497 5
634 4
466 0
450 2
450 4
449 1
450 2
449 3
455 2
453 1
453 1
454 2
452 2
451 2
449 1
449 2
449 3
452 3
452 2
450 3
456 4
455 5
493 0
492 4
447 2
447 4
447 4
447 5
487 3
470 5
565 5
761 5
992 0
992 1
991 2
983 0
983 0
983 4
485 4
479 3
476 5
506 3
482 4
458 2
457 3
456 5
501 3
482 4
462 3
460 1
460 3
463 2
461 0
454 4
449 4
449 3
454 2
452 0
451 1
451 2
450 0
450 4
446 3
449 4
449 4
449 0
449 3
450 0
449 1
449 3
448 5
568 3
516 4
459 3
458 3
457 4
457 1
457 5
502 4
453 4
452 1
452 5
492 1
492 5
620 0
620 0
620 0
620 5
812 0
812 4
483 0
464 2
464 0
464 1
464 3
461 3
459 1
459 5
554 5
727 0
727 0
727 2
722 5
940 2
936 4
488 0
470 5
579 1
579 3
511 4
470 3
467 0
460 4
452 4
450 0
449 0
449 4
448 4
448 0
447 0
447 1
447 2
447 3
447 3
447 0
447 3
447 4
446 0
446 1
446 4
445 4
445 4
445 3
450 0
448 2
447 4
445 0
445 1
445 1
445 2
445 0
445 0
445 4
445 4
445 5
504 0
504 3
480 3
473 5
597 4
465 2
464 0
456 0
456 4
447 5
505 3
484 0
483 0
483 4
456 3
454 3
454 4
451 0
449 4
445 4
445 0
445 5
577 3
513 4
462 1
462 0
457 4
448 4
448 3
451 0
449 5
584 0
584 0
584 3
529 1
529 0
528 4
465 3
461 3
462 0
458 0
458 4
450 1
450 5
516 3
489 0
486 0
486 2
485 4
458 3
456 2
454 1
454 2
453 4
449 5
509 2
507 0
507 3
482 3
478 0
478 2
477 2
476 0
476 5
662 4
468 4
460 4
460 5
501 1
499 5
649 0
649 4
464 1
464 4
462 4
462 5
498 2
496 0
495 4
453 3
459 1
459 4
459 4
459 1
459 0
453 4
448 2
447 3
454 3
455 4
455 2
452 2
451 3
455 0
451 5
579 4
461 5
497 3
472 3
473 0
470 1
470 3
469 0
469 5
644 1
644 0
644 4
461 5
499 5
646 2
643 4
466 1
466 1
466 5
498 0
495 5
642 3
544 3
518 0
515 0
515 4
462 0
461 3
460 0
460 3
459 2
458 3
458 4
449 2
448 2
448 2
447 2
447 5
522 5
695 0
695 5
921 4
478 2
476 1
476 2
475 0
453 0
453 2
453 4
450 4
450 4
450 3
453 0
450 2
449 0
449 3
449 2
448 0
448 0
448 0
448 0
448 4
446 3
449 2
448 0
447 1
448 0
448 1
448 3
448 5
575 4
459 4
458 1
458 4
458 4
458 4
458 4
458 4
458 5
496 3
470 2
469 5
595 4
456 0
450 5
575 4
452 1
452 4
451 3
450 5
498 1
498 4
446 3
451 0
447 4
443 5
496 0
496 3
472 2
471 2
470 3
465 3
465 4
444 3
444 0
444 4
442 3
446 1
447 3
443 5
501 0
501 4
447 1
447 0
443 5
566 1
566 2
566 4
450 4
450 2
449 3
455 3
450 2
449 3
449 5
490 0
490 3
475 2
474 3
470 4
448 1
448 4
447 5
495 0
494 2
492 4
446 4
445 0
442 3
442 0
442 2
442 3
443 4
443 0
443 1
443 0
443 2
442 1
442 4
442 2
442 5
498 0
498 3
478 4
454 5
501 0
500 1
500 3
478 1
478 4
450 1
450 4
448 4
448 2
447 2
446 4
446 2
446 3
449 0
446 4
441 4
441 5
500 2
498 2
496 4
448 0
443 3
443 0
443 2
442 3
444 4
444 2
443 5
508 3
481 3
475 0
475 2
474 0
474 5
649 2
645 4
463 1
463 4
455 0
443 2
442 3
443 4
443 0
443 4
442 1
442 2
442 2
442 5
505 4
445 0
442 2
442 0
442 4
441 3
443 4
443 2
443 5
489 3
464 4
444 1
444 3
449 4
449 4
449 0
446 4
440 2
440 0
440 3
441 3
441 1
441 0
441 4
440 1
440 5
500 2
498 2
496 0
496 5
654 4
466 1
466 3
462 2
461 0
449 0
449 5
567 2
563 4
457 3
456 0
447 0
447 5
567 5
739 1
738 4
455 2
455 4
455 5
484 4
448 4
448 5
484 3
466 0
464 2
463 0
463 1
463 2
462 0
462 5
612 2
609 0
609 3
535 4
463 3
454 2
453 4
448 1
448 1
448 4
448 3
448 5
497 3
475 2
474 4
447 2
446 3
448 4
446 0
445 0
445 4
441 2
441 3
447 3
445 4
445 3
446 0
444 2
443 1
443 4
441 5
494 4
445 2
445 0
441 0
441 4
441 4
441 2
441 2
441 5
492 4
445 4
445 2
445 2
445 2
445 4
445 3
456 3
454 5
487 5
614 3
534 0
533 5
752 2
748 4
489 5
526 2
524 3
494 4
457 1
457 4
454 4
454 4
454 4
454 3
450 5
502 0
501 4
451 3
453 5
496 2
494 2
492 5
622 5
810 0
810 0
810 4
479 4
476 0
458 0
458 5
577 5
746 3
604 1
604 3
559 4
471 2
469 2
468 0
461 4
449 0
448 0
448 4
446 2
446 2
446 3
449 1
449 4
449 2
447 3
452 3
452 2
450 3
451 3
452 3
450 4
450 0
448 5
581 3
522 4
465 5
520 3
492 5
616 2
613 0
613 4
469 4
464 3
461 4
459 2
457 0
452 0
452 1
452 5
577 1
577 3
515 3
500 4
452 1
452 3
453 4
452 4
452 3
446 0
444 0
444 2
443 2
443 5
576 2
573 5
758 5
986 3
773 5
1011 5
1321 3
1148 0
1148 5
1544 5
1976 3
1840 3
1751 1
1751 5
2397 2
2389 4
510 4
498 2
492 1
492 5
511 0
507 1
507 5
635 4
475 1
475 2
471 0
463 4
454 1
454 0
453 5
567 5
726 5
917 0
917 0
917 3
704 4
487 5
513 1
513 4
468 2
467 1
467 2
466 0
456 2
456 1
456 0
456 2
456 4
450 3
452 2
451 1
451 0
450 5
569 0
569 3
520 1
520 2
519 3
501 2
500 2
499 2
498 2
497 5
639 1
637 3
583 2
581 5
818 4
482 2
480 3
474 3
471 3
469 0
459 3
458 1
458 2
457 2
456 0
456 0
456 2
456 1
456 2
456 2
456 4
452 5
510 3
482 2
481 3
477 2
476 3
472 3
471 3
471 5
612 1
612 2
609 2
606 4
462 5
514 4
456 4
455 0
451 3
452 3
452 4
448 4
448 0
448 5
584 3
533 0
531 0
531 2
530 4
463 0
458 2
457 2
456 1
456 3
457 0
457 4
447 4
445 3
445 3
447 0
447 3
446 2
445 5
588 4
455 2
454 2
453 0
446 2
446 2
446 4
441 4
440 2
440 5
501 2
499 1
498 5
659 5
867 5
1089 5
1313 2
1304 1
1301 3
1027 2
1019 5
1255 2
1247 1
1247 2
1237 0
1237 3
1060 4
513 3
494 0
478 4
466 4
466 4
466 0
462 2
462 3
461 3
459 3
460 1
460 2
459 4
454 3
455 5
513 1
513 0
513 2
511 0
511 4
456 2
456 3
459 2
458 5
509 1
509 5
638 1
638 2
635 3
544 5
711 4
482 2
481 3
469 3
469 3
466 4
461 3
462 5
503 2
501 1
501 0
498 3
483 4
451 4
451 2
450 3
450 5
501 3
481 0
476 5
640 3
567 1
567 4
465 3
459 3
457 1
457 3
456 4
449 0
446 3
446 1
446 1
446 4
444 4
444 2
444 2
444 1
444 3
446 2
445 0
444 4
444 3
446 2
446 2
445 1
445 5
500 4
450 2
449 0
446 0
446 0
446 4
444 3
451 5
503 1
503 5
650 3
558 4
465 2
464 3
455 0
452 4
445 5
503 3
482 5
606 1
604 2
601 2
598 5
819 5
1077 3
868 3
771 2
768 1
768 2
765 2
763 2
761 4
496 2
494 4
485 3
475 5
523 5
666 0
666 5
869 2
863 1
863 0
863 0
863 3
697 2
693 1
693 5
926 5
1234 1
1234 0
1234 4
512 2
509 5
528 3
503 3
498 1
498 4
467 3
472 4
469 5
507 1
507 1
507 4
459 3
459 2
458 4
458 2
457 1
457 2
456 2
456 2
456 1
456 4
456 3
458 5
502 2
502 4
456 3
457 4
457 5
506 3
475 3
466 5
583 1
581 0
581 4
460 1
460 3
457 3
460 3
454 3
456 0
448 0
448 2
446 4
443 0
443 3
445 3
445 0
445 5
566 2
565 5
756 3
615 5
828 1
828 0
828 3
702 3
663 1
663 0
663 4
488 0
478 2
476 3
477 3
475 3
474 0
473 0
473 5
661 5
913 2
906 4
479 4
473 0
463 0
463 2
463 0
463 5
590 0
590 5
785 4
487 2
486 3
476 0
461 1
461 2
461 2
461 3
459 3
456 2
455 3
454 4
450 2
450 5
504 5
647 3
547 3
526 2
525 0
525 5
754 3
664 5
974 1
973 4
495 4
482 0
467 4
456 0
454 4
453 5
517 3
493 5
614 2
609 2
604 3
548 5
748 4
473 0
465 3
462 5
617 1
615 0
615 1
615 4
464 0
457 1
457 3
458 5
590 2
586 4
458 4
453 2
453 4
453 1
453 3
457 4
457 1
457 0
450 3
450 2
449 0
449 1
449 2
448 0
448 0
448 4
443 2
443 2
443 4
443 0
443 5
560 3
503 0
499 0
499 4
456 2
455 2
454 4
446 2
445 2
444 0
443 3
443 3
443 0
443 2
443 4
442 0
442 5
569 5
768 3
621 1
621 0
621 1
621 4
472 3
458 2
456 3
455 2
453 5
514 3
488 4
455 5
506 1
506 3
478 2
477 1
477 1
477 5
607 3
547 0
544 3
540 4
461 5
532 4
450 3
451 0
443 0
443 5
582 3
525 0
523 1
523 4
460 2
458 3
452 1
452 5
517 5
706 5
945 1
944 2
938 3
757 0
754 4
485 4
476 4
476 3
467 3
467 4
464 0
452 4
445 4
445 3
451 4
451 0
449 1
449 5
566 3
512 0
511 1
511 2
509 1
509 0
509 1
509 3
499 3
499 5
694 4
475 1
475 4
463 5
500 5
637 2
634 3
546 2
543 5
725 0
725 3
643 3
617 5
934 2
931 5
1311 3
1185 5
1666 1
1666 4
493 4
483 2
480 5
506 5
636 2
633 5
830 2
824 2
820 0
820 4
477 4
472 0
456 0
456 2
456 0
456 3
454 1
454 3
453 2
452 1
452 0
452 1
452 2
451 3
453 4
448 0
448 0
448 3
448 4
445 3
450 0
449 5
575 4
454 3
456 0
452 2
452 1
452 4
448 2
447 0
446 0
446 1
446 5
562 3
505 2
503 1
503 2
502 3
488 5
614 0
614 3
562 5
790 4
477 0
469 0
469 3
469 4
452 3
453 3
451 0
449 2
449 3
450 3
452 2
452 5
572 5
769 2
764 2
759 3
614 0
611 4
473 4
465 0
460 4
449 3
449 3
449 1
449 3
447 2
446 0
445 5
568 3
520 0
516 2
514 2
513 3
504 3
503 0
502 2
501 4
459 2
458 0
457 3
458 2
457 4
447 4
446 4
446 4
446 4
446 2
446 1
446 3
448 5
523 3
491 2
489 1
489 3
484 4
451 5
521 4
454 3
457 0
452 3
454 3
452 0
452 0
452 3
454 1
454 3
453 2
452 4
446 3
446 3
447 3
448 3
447 4
446 0
445 0
445 2
444 3
445 0
445 1
445 4
443 2
443 3
446 4
445 2
444 4
444 1
444 2
444 1
444 3
444 4
444 0
444 3
443 0
443 3
443 0
443 5
579 5
793 4
478 0
462 5
599 0
599 0
599 0
599 2
595 5
800 5
1020 1
1020 2
1014 1
1012 1
1011 0
1011 -1
795 4
795 3
651 3
622 0
551 4
516 0
511 2
511 3
508 2
507 0
492 1
492 2
491 4
484 0
482 5
579 1
579 0
579 2
577 4
486 3
489 4
488 4
488 1
488 4
488 1
491 2
489 4
489 0
478 2
477 2
477 1
478 2
477 5
579 3
521 5
621 0
620 0
620 3
560 2
558 5
753 0
753 2
748 3
671 2
668 1
669 2
666 3
642 4
484 0
480 5
644 1
643 0
643 5
881 0
881 1
878 0
878 5
1138 3
924 3
812 3
769 1
768 1
768 3
747 2
745 1
745 3
728 1
728 3
720 1
720 1
722 5
1119 3
1043 4
504 5
541 4
481 3
481 2
479 3
479 3
484 4
480 3
473 0
463 1
463 3
462 5
589 5
793 2
788 5
1030 5
1278 5
1520 2
1511 2
1501 1
1501 1
1501 3
1185 0
1184 4
536 2
534 2
532 3
503 5
527 0
518 4
466 0
465 2
465 4
459 3
461 5
514 4
462 1
466 4
465 4
465 3
464 0
456 2
455 1
456 2
455 2
455 2
455 3
455 2
455 5
556 3
506 0
503 4
461 1
461 1
461 5
524 5
687 5
906 4
482 4
481 5
506 2
506 4
464 5
505 2
507 1
507 2
506 0
505 2
505 2
506 0
506 4
460 4
459 5
507 3
474 4
462 3
462 3
464 3
463 0
457 0
457 4
450 3
454 5
499 3
478 0
474 4
455 2
454 3
451 3
456 3
453 4
451 0
451 1
451 0
451 0
451 0
451 1
454 4
451 2
451 5
507 2
505 2
505 4
451 3
452 0
449 3
450 2
449 0
449 2
449 3
449 3
448 3
448 3
448 5
568 3
511 4
456 0
455 5
588 1
587 0
587 4
461 0
453 1
455 5
581 2
579 3
523 2
521 0
518 3
510 2
509 2
508 0
507 0
507 3
505 4
465 5
541 4
454 5
512 0
512 4
451 3
459 4
456 1
456 3
453 0
448 2
447 5
573 5
770 4
480 5
504 5
629 2
626 4
462 2
462 0
452 2
452 5
567 0
567 3
512 2
511 3
500 0
496 3
489 2
488 1
489 5
680 2
677 3
603 3
581 0
581 5
908 4
473 0
465 3
465 2
463 0
463 5
627 0
627 1
627 0
627 0
627 2
623 3
554 1
554 3
537 2
536 4
471 1
471 0
467 1
467 0
467 5
639 3
563 0
562 2
560 4
474 2
473 2
472 2
471 0
466 2
465 4
450 0
449 2
448 1
452 1
452 5
598 5
820 0
820 1
820 0
820 3
681 3
633 0
632 3
612 3
598 3
595 4
475 4
459 0
457 0
457 2
457 3
458 5
617 2
614 2
612 1
612 1
611 3
545 5
781 3
698 0
697 3
675 2
673 0
673 4
463 0
462 5
640 0
640 2
638 2
636 2
634 2
632 3
552 0
552 0
552 5
831 5
1149 0
1149 1
1149 0
1149 1
1149 0
1149 4
504 5
523 0
512 4
455 2
454 1
458 4
453 2
452 4
452 2
452 3
457 2
455 3
454 2
453 3
460 3
457 3
460 3
454 5
519 2
517 3
481 3
471 3
471 3
470 2
469 3
467 5
608 3
539 3
527 5
739 0
739 0
739 0
739 0
739 2
735 5
1041 4
500 2
498 5
529 5
642 5
847 3
671 5
918 1
918 0
918 3
804 5
1173 2
1167 2
1162 3
1053 2
1048 5
1548 0
1548 3
1455 4
499 5
538 4
470 2
469 5
512 1
512 0
507 5
650 4
470 0
455 0
455 4
450 2
450 4
449 4
449 2
449 0
448 1
450 0
450 4
446 3
449 1
449 4
449 4
449 2
448 1
450 2
450 1
450 2
450 2
448 0
447 0
447 4
445 3
450 4
450 0
448 0
448 5
567 3
506 3
493 3
492 2
491 5
639 0
639 2
635 5
872 4
467 4
464 5
496 5
626 3
539 4
472 3
463 0
455 5
585 1
586 0
586 0
586 5
778 3
640 2
637 2
635 3
587 2
585 5
800 4
480 4
470 4
470 3
469 1
469 1
472 0
464 2
462 4
454 4
454 5
516 2
514 0
514 0
514 5
664 2
661 4
473 0
459 4
453 2
452 3
459 4
459 4
459 4
459 5
505 5
644 4
466 1
467 2
465 2
464 0
457 4
455 5
509 2
507 3
481 2
480 5
595 1
595 4
460 2
459 3
459 1
460 4
459 3
461 0
449 1
450 0
450 5
577 2
576 0
576 2
575 4
453 1
453 4
451 2
451 4
451 5
502 3
472 1
472 1
472 5
585 4
459 0
450 0
450 3
452 2
451 3
449 0
449 4
444 1
444 0
444 0
444 0
444 2
444 1
444 3
444 2
444 4
444 5
507 2
505 2
503 1
505 0
505 0
505 4
449 1
452 4
451 0
446 5
565 1
565 2
565 0
565 1
564 5
754 2
749 5
972 0
972 2
967 4
478 5
505 1
504 3
489 0
482 4
458 1
458 0
455 2
454 4
451 2
451 4
449 0
449 0
449 3
451 4
451 4
451 2
450 5
501 3
484 2
483 4
455 1
455 5
504 4
456 3
461 0
453 3
454 5
577 5
762 0
762 0
762 0
762 5
994 0
994 4
502 0
471 3
468 2
467 4
458 3
460 4
457 4
456 2
455 2
454 4
454 0
451 2
451 1
454 5
564 2
562 4
458 3
461 1
461 1
461 5
500 0
499 2
497 0
497 2
495 2
493 0
493 2
493 0
493 5
630 1
631 4
470 0
455 4
452 4
452 2
452 5
499 4
456 5
498 2
496 0
494 3
472 5
571 3
528 1
529 2
527 3
508 4
457 3
453 4
449 2
446 4
446 5
506 4
455 1
455 0
449 2
448 4
447 2
447 2
447 3
453 3
450 0
450 5
568 2
564 2
562 1
563 3
513 3
501 4
460 5
515 0
514 2
512 0
512 5
689 1
689 5
910 4
484 0
471 0
471 4
459 4
457 3
455 1
455 2
454 3
457 4
456 0
454 2
453 0
453 2
452 5
568 2
567 4
457 0
453 1
453 0
453 4
447 0
447 0
447 1
448 2
447 5
553 0
553 5
713 4
471 1
471 1
474 1
474 2
473 0
455 3
455 1
455 2
454 3
454 0
453 4
450 2
449 4
448 2
447 2
447 1
447 4
447 4
447 2
447 5
497 0
497 3
471 5
581 0
581 5
775 3
648 1
648 4
481 0
468 4
448 4
447 4
447 0
446 4
445 4
445 1
445 0
445 3
445 4
443 0
443 0
443 3
443 4
443 1
445 2
443 4
443 2
442 4
442 1
442 4
442 4
442 1
442 2
442 0
442 2
442 5
567 0
567 0
567 2
567 2
567 0
567 1
566 4
447 2
447 3
450 2
448 0
444 5
567 0
567 3
505 1
505 1
505 4
460 5
510 0
510 2
508 2
506 3
484 0
484 3
483 0
483 5
672 3
594 0
592 4
466 3
458 1
458 4
451 2
450 4
449 2
449 3
451 0
449 4
446 3
448 2
447 3
447 1
447 2
447 2
447 5
514 2
512 4
448 4
447 2
447 4
447 0
443 3
443 2
443 5
569 1
569 4
455 3
460 2
458 4
455 2
454 0
446 0
446 2
445 3
447 1
449 2
447 2
446 2
446 3
446 4
444 1
444 3
448 2
447 2
446 2
445 5
499 2
497 5
638 4
475 4
472 0
456 2
456 5
582 2
578 1
578 0
578 1
577 0
577 4
465 4
465 5
497 2
495 5
616 2
611 2
608 5
790 5
995 4
488 4
486 1
486 4
486 4
486 5
503 4
474 4
474 2
474 4
474 4
474 4
474 4
474 3
475 0
465 4
458 5
499 4
460 0
456 2
456 3
455 4
455 1
455 2
454 1
454 2
454 5
510 4
461 2
461 5
501 3
475 5
563 3
524 0
522 4
469 3
465 0
461 4
454 4
450 1
450 2
450 2
449 1
449 0
449 1
450 0
450 4
448 4
448 5
508 0
508 5
664 2
658 2
653 3
554 2
553 3
527 1
527 2
526 1
527 0
524 4
466 5
546 2
544 1
544 4
464 0
454 0
454 5
604 5
812 3
676 2
674 4
472 1
472 5
508 3
485 3
477 4
452 2
451 0
450 2
449 2
448 4
446 2
445 2
445 2
445 0
445 4
445 3
447 2
446 4
446 4
446 2
445 1
445 1
445 2
446 2
445 2
446 1
446 2
446 2
446 2
446 0
446 0
446 2
446 4
442 3
448 0
447 2
446 4
442 3
446 1
446 3
448 2
445 0
444 3
445 0
444 5
573 0
573 2
571 4
460 5
498 5
622 0
622 4
458 2
458 2
458 2
458 4
458 0
451 4
449 4
449 0
448 0
448 0
448 4
447 4
447 1
447 4
447 4
447 1
447 3
454 0
448 2
447 3
448 4
444 5
501 4
456 2
456 4
456 4
456 5
491 4
448 1
448 3
457 0
452 5
578 0
578 4
459 3
458 2
456 4
455 2
455 4
455 3
457 2
455 5
502 2
500 3
480 5
579 2
576 0
576 4
464 1
464 1
464 3
460 2
459 0
453 0
453 5
580 4
459 0
453 3
453 4
449 2
448 4
448 2
448 2
448 1
448 0
446 3
447 5
559 0
559 5
737 3
602 0
598 2
596 3
564 4
479 3
462 4
456 2
455 4
455 0
450 2
450 3
450 0
450 2
449 2
449 2
449 0
449 4
449 2
448 1
448 2
447 0
447 0
447 0
447 5
590 3
515 0
513 4
463 5
530 5
710 0
710 5
951 5
1194 3
981 4
498 1
498 2
496 0
481 2
480 2
479 4
460 4
459 3
463 3
464 0
460 5
598 2
594 4
465 0
455 3
456 4
449 2
448 2
448 4
448 3
453 4
453 0
450 4
447 2
447 0
447 0
447 2
447 3
447 2
447 1
447 2
447 3
447 4
447 4
447 0
446 5
570 4
454 5
507 3
477 4
455 0
453 1
453 2
452 0
452 2
451 2
450 2
449 4
446 3
454 0
452 0
452 0
452 5
576 1
576 5
764 2
759 3
624 2
622 4
478 4
475 3
468 2
466 2
465 5
496 3
479 2
478 3
476 4
459 4
459 4
459 2
457 0
454 3
455 1
455 0
455 4
450 0
450 4
449 4
449 2
449 0
449 1
449 4
449 3
453 3
452 3
451 4
451 3
455 0
453 2
451 3
452 2
451 4
448 4
448 0
448 1
448 3
448 0
448 3
449 4
449 3
450 3
450 3
452 0
451 4
448 4
448 4
448 2
448 3
451 5
508 3
483 0
481 4
456 0
451 0
451 0
451 5
586 0
586 2
584 3
524 2
522 2
521 3
504 2
503 4
452 0
452 2
451 2
450 5
587 1
586 3
524 0
523 2
521 4
462 1
462 4
452 2
451 4
451 4
451 5
515 0
514 1
514 4
455 2
454 4
454 2
453 2
452 1
452 3
456 1
456 5
504 4
452 0
445 3
447 2
446 0
446 4
441 4
440 1
440 0
440 0
440 1
440 1
440 5
557 0
557 4
451 3
457 5
503 3
477 4
450 0
449 0
449 5
572 2
570 3
514 3
496 2
494 3
483 2
482 2
481 4
447 0
447 2
446 3
446 2
445 4
441 2
441 4
439 4
439 3
445 5
519 3
488 0
487 5
692 4
463 2
461 5
512 3
479 3
473 4
447 0
447 3
447 2
446 0
446 4
442 2
442 0
442 4
442 4
442 0
442 3
444 5
587 4
456 2
455 2
454 3
455 4
454 0
444 5
574 2
572 4
453 0
445 0
445 4
442 2
442 5
516 4
447 0
442 4
441 2
441 5
515 0
515 2
513 2
513 2
513 2
513 1
512 4
448 0
443 4
442 4
442 4
442 2
442 3
448 3
446 0
444 3
445 2
444 3
444 4
442 2
441 2
441 0
441 2
441 2
441 1
441 1
441 2
441 3
441 0
441 0
441 2
441 4
441 2
441 3
445 1
445 3
447 5
516 0
516 2
514 1
514 1
511 3
485 4
453 4
450 4
450 0
447 5
576 4
450 2
448 0
444 5
565 0
565 4
454 3
456 1
456 0
447 5
567 3
516 5
667 2
664 0
663 3
590 4
463 5
524 4
454 2
453 4
452 4
452 5
507 0
506 3
483 5
628 4
465 4
464 3
458 4
458 0
448 4
443 1
443 2
443 3
445 1
445 5
510 0
510 1
510 5
669 0
669 3
561 2
559 2
558 1
558 2
557 1
557 4
469 3
461 1
461 4
458 4
458 4
458 1
458 1
458 0
449 3
449 3
449 2
448 2
447 3
448 0
448 5
587 0
587 0
587 4
455 5
505 0
505 4
447 5
507 1
507 4
448 3
450 0
445 2
444 1
444 3
445 0
445 0
445 2
445 2
445 0
445 5
560 3
507 4
462 4
459 2
458 3
452 3
451 3
455 0
452 3
451 2
450 5
570 3
520 4
460 0
452 2
451 0
451 4
445 1
445 4
444 5
508 0
508 0
508 4
454 4
449 1
449 1
449 0
445 0
445 4
441 4
441 5
505 5
661 0
661 4
463 3
464 0
455 0
455 4
449 0
447 1
447 3
447 3
447 0
447 3
447 2
446 2
445 3
445 5
566 3
511 5
661 2
657 5
912 1
911 1
911 0
911 4
497 3
485 2
484 4
479 4
479 0
457 3
455 1
455 0
453 0
453 2
452 2
452 3
453 1
453 5
576 4
465 1
465 0
449 4
447 0
446 5
566 0
566 0
566 4
456 0
448 4
447 4
446 3
452 0
449 1
449 4
445 0
445 3
445 2
445 4
445 0
445 4
444 4
444 0
444 4
444 2
444 3
448 0
446 3
448 4
445 4
445 1
445 0
445 3
445 1
445 3
445 3
445 4
443 4
443 3
448 1
448 4
448 3
445 3
449 3
444 0
444 2
444 5
565 4
458 2
457 4
454 1
454 4
454 2
454 2
454 5
489 3
468 4
454 4
454 2
453 2
452 3
457 1
457 2
456 4
456 1
456 2
455 2
453 1
453 4
453 0
449 3
449 5
563 0
563 4
458 1
458 0
448 4
446 4
446 3
453 2
451 4
451 3
449 4
449 1
449 5
498 2
496 5
635 5
833 1
831 3
647 0
644 5
905 3
782 1
782 3
730 4
491 3
473 0
463 0
463 5
622 4
472 4
468 4
468 1
468 4
468 5
507 5
653 5
867 3
691 3
626 5
857 4
490 3
474 4
464 5
509 1
509 2
507 4
456 2
456 2
456 3
461 4
460 1
460 5
493 1
493 0
491 0
491 0
491 5
650 1
650 5
850 3
670 3
614 2
612 2
610 2
608 5
835 2
831 4
477 2
476 3
473 0
465 3
465 1
465 4
455 1
455 0
452 5
587 4
457 4
454 2
453 3
457 2
456 4
456 4
456 0
449 0
449 3
447 4
439 1
439 3
444 4
444 4
444 5
501 2
499 5
656 3
559 2
557 0
554 5
795 2
790 2
786 3
690 4
477 0
463 0
463 0
463 2
462 1
462 2
461 1
461 4
447 3
447 4
446 4
446 4
446 5
514 0
514 4
449 5
506 3
479 1
479 2
477 4
450 4
449 2
448 0
445 1
445 0
445 1
445 0
445 4
442 5
512 2
510 4
449 5
508 5
666 4
471 5
508 1
508 4
465 4
465 1
465 3
469 1
469 0
457 2
457 0
457 4
448 4
447 2
447 3
452 2
450 5
505 4
455 1
455 2
454 0
446 1
446 4
444 4
444 0
442 4
442 4
442 5
504 5
645 4
455 2
455 5
496 4
450 3
454 3
456 4
456 4
456 0
449 0
449 4
444 1
444 3
447 1
447 2
446 4
446 1
446 4
446 5
498 2
496 5
625 4
467 3
471 5
505 1
505 1
505 1
505 2
503 0
500 4
448 0
445 2
445 2
445 3
445 2
445 1
445 3
446 2
446 0
446 5
560 5
731 0
731 1
731 4
469 3
465 0
454 3
455 2
454 0
453 4
447 0
447 4
447 4
447 4
447 0
447 4
447 3
450 1
450 1
450 1
450 3
453 0
451 4
447 2
447 4
447 1
447 3
450 1
450 3
451 3
450 3
449 3
448 2
447 4
447 0
445 0
445 0
445 4
445 0
444 3
445 0
445 4
444 3
448 0
447 5
563 0
563 1
563 3
515 5
652 0
652 4
469 0
461 0
461 4
450 5
514 3
483 0
482 2
481 2
480 4
454 2
453 2
452 3
456 2
455 4
452 1
452 4
452 2
451 0
449 4
446 2
446 3
448 2
447 4
447 2
447 4
446 4
446 4
446 3
451 0
450 4
445 5
504 4
450 4
450 0
448 0
448 0
448 4
447 4
447 0
447 0
447 0
447 5
570 2
566 5
752 4
472 4
470 4
470 5
489 4
459 0
452 3
451 0
451 3
451 5
564 2
560 0
560 3
511 0
510 0
510 0
510 0
510 2
508 0
508 2
507 3
498 5
695 2
692 4
483 3
468 2
466 5
516 4
454 0
448 3
449 4
446 5
504 3
478 4
455 5
501 4
452 3
458 3
455 5
492 0
490 4
446 4
446 4
446 1
446 4
446 0
445 1
445 0
445 0
445 0
445 2
445 1
445 4
445 3
451 5
502 4
449 1
449 3
454 4
454 2
453 0
449 2
448 1
448 2
447 2
447 2
447 2
447 3
448 1
448 3
448 2
447 4
446 3
449 3
448 1
448 0
446 1
446 3
447 2
446 3
446 0
446 4
444 0
444 0
444 1
444 3
446 5
569 1
567 2
563 4
457 0
445 3
445 1
445 0
445 5
570 3
521 2
520 3
503 0
500 4
464 4
451 4
451 1
451 5
513 3
488 5
642 4
477 4
467 5
496 2
494 4
455 3
463 2
461 4
461 0
451 4
446 1
446 0
446 2
446 2
446 3
447 3
445 0
445 2
445 4
445 0
445 3
445 4
443 0
443 5
561 4
455 2
455 5
491 -1
795 1
795 0
708 0
700 1
701 2
698 4
525 3
498 1
498 0
490 0
490 5
612 2
609 2
608 0
608 4
482 1
483 3
478 0
468 1
468 5
577 5
745 0
745 0
745 1
746 5
957 4
489 5
511 4
474 1
474 5
510 1
510 1
510 5
603 5
763 5
957 5
1165 2
1157 3
868 0
867 4
521 4
513 0
491 4
464 4
462 5
511 4
464 1
464 5
509 0
507 4
457 1
457 4
457 3
465 0
458 4
451 4
451 5
504 5
631 4
470 2
469 2
469 4
469 4
469 5
504 2
502 2
502 3
481 1
481 3
474 0
469 4
458 0
456 4
454 5
512 1
512 3
488 0
487 4
460 2
459 1
461 0
460 5
602 4
466 3
472 5
512 5
639 0
639 0
639 1
639 4
479 4
475 2
474 1
474 1
474 2
473 5
511 3
480 2
479 4
459 0
457 3
458 5
573 1
575 2
572 4
472 2
471 4
471 3
469 5
513 2
511 0
505 2
503 1
505 4
458 0
456 5
574 3
509 3
487 4
461 1
463 2
462 2
461 1
466 4
463 4
463 4
463 5
507 5
666 0
666 0
666 5
881 4
484 4
481 3
476 0
459 4
452 0
451 0
451 0
451 0
451 3
451 4
448 5
502 5
636 5
832 0
832 5
1044 5
1261 2
1253 5
1478 2
1464 0
1464 2
1451 1
1450 2
1438 4
534 0
509 5
603 3
515 3
498 2
497 3
496 4
475 5
527 4
469 4
469 1
469 1
470 4
470 2
469 2
468 1
471 5
506 3
487 5
591 1
591 4
471 0
462 0
462 4
457 3
459 5
517 0
517 4
460 2
460 2
460 4
459 4
459 1
462 5
510 4
458 5
507 0
507 4
459 4
459 0
456 5
582 2
581 5
764 3
626 1
626 0
620 3
587 0
586 5
870 0
870 5
1201 5
1542 0
1542 2
1536 0
1536 5
1866 0
1866 0
1866 2
1858 0
1858 5
2183 3
1976 5
2382 2
2371 1
2371 3
2247 5
2785 5
3365 0
3365 2
3351 5
3914 3
3799 3
3728 4
572 2
568 2
563 4
550 4
549 2
547 4
547 1
549 0
519 3
501 4
482 0
478 5
596 5
766 4
499 2
498 0
481 1
481 3
478 0
476 0
476 5
614 3
541 5
701 3
627 4
481 4
476 4
476 4
476 1
478 0
470 3
471 5
610 4
477 2
475 2
474 2
473 4
471 0
460 3
462 2
461 5
581 3
524 4
467 0
465 4
457 2
456 4
455 0
455 4
454 1
456 1
456 4
455 2
454 5
516 3
486 4
463 2
462 2
461 0
457 1
458 0
458 2
457 2
457 5
592 4
464 4
462 3
467 0
459 4
454 4
454 4
454 4
454 2
453 0
453 5
575 5
753 1
753 2
749 2
745 1
745 3
602 5
786 2
782 3
693 5
979 5
1343 3
1201 5
1633 1
1634 4
498 3
481 1
481 4
472 5
502 3
484 0
481 2
479 4
460 2
459 4
455 2
454 3
454 3
454 2
453 1
453 0
452 2
451 2
451 5
563 1
564 3
517 4
468 2
466 2
465 4
461 2
460 0
453 0
453 1
454 1
455 4
446 3
448 0
446 0
446 4
444 4
444 0
444 5
568 2
566 5
753 0
753 1
751 0
751 2
746 0
746 3
609 1
609 2
607 1
608 1
609 3
568 4
471 4
462 4
462 5
509 3
488 1
490 5
624 4
463 4
460 5
498 4
457 4
454 1
456 2
455 2
456 2
456 2
457 2
457 5
496 0
495 2
493 4
453 3
457 1
457 4
457 4
457 4
457 2
455 4
455 1
455 2
454 0
449 4
445 4
445 1
449 3
450 5
501 5
640 4
474 4
473 3
469 4
469 2
467 4
467 3
472 4
472 2
470 1
471 0
457 4
447 4
447 3
452 4
452 4
452 1
454 5
495 2
493 5
614 5
801 3
626 3
569 3
546 5
754 0
754 1
753 0
753 2
749 2
746 4
480 1
480 3
470 0
457 5
589 3
532 4
463 1
463 2
462 2
460 3
458 1
458 3
454 4
452 4
452 5
515 0
512 3
480 5
620 2
616 5
854 0
854 4
486 2
484 2
483 2
482 5
515 5
637 3
550 5
714 0
714 3
643 5
946 4
476 1
476 0
469 5
607 2
605 2
603 5
813 3
669 2
666 3
604 5
851 0
851 0
851 3
762 1
762 4
482 4
471 2
470 5
514 4
457 0
455 2
455 1
456 2
456 4
451 0
450 0
450 4
447 1
450 2
449 2
449 2
449 2
448 4
447 3
450 0
448 5
569 2
567 0
567 0
567 5
751 2
746 4
473 0
455 2
454 4
449 5
494 2
492 4
453 4
453 3
458 4
458 0
451 3
451 0
451 4
445 0
445 2
446 2
446 2
446 4
445 2
445 4
445 5
498 4
451 4
451 3
454 2
454 2
452 4
452 4
452 4
452 4
452 2
452 4
452 0
449 3
449 2
448 2
447 3
448 4
446 3
446 5
509 4
449 4
449 1
451 0
447 2
447 2
446 0
446 2
446 2
447 4
445 5
502 4
448 5
497 3
478 5
585 4
459 3
455 1
455 2
454 2
453 2
452 4
452 0
447 2
447 3
447 2
447 3
450 2
449 1
450 2
449 5
555 0
555 3
503 2
502 4
460 0
457 3
454 0
454 3
454 0
454 0
454 5
605 1
606 1
606 2
603 1
602 5
825 2
820 4
478 4
472 4
472 2
471 1
471 0
454 3
453 4
445 5
508 2
506 0
506 3
479 2
478 0
476 1
477 5
638 3
570 5
787 3
690 4
492 0
484 4
456 4
453 3
450 5
523 2
521 5
691 0
691 2
688 5
914 0
914 1
913 5
1151 3
890 2
884 3
785 3
717 1
717 4
484 0
473 4
453 2
452 2
451 2
450 2
450 3
451 1
451 0
448 1
449 2
448 2
448 5
563 4
451 5
500 3
482 4
452 3
448 2
447 3
453 3
450 5
505 3
478 3
471 4
444 2
444 1
444 0
443 4
439 2
439 2
439 1
439 2
439 2
439 1
439 2
440 5
512 0
512 2
512 3
474 2
473 3
466 3
463 1
465 3
463 2
462 4
444 3
445 0
443 0
443 1
443 2
442 0
442 2
442 2
442 0
442 1
442 4
440 0
440 4
440 2
441 3
445 0
444 4
440 2
440 0
440 1
440 1
440 3
441 0
440 3
441 4
440 1
440 0
440 3
441 3
441 2
441 4
440 2
439 3
442 3
441 3
440 2
439 4
439 3
441 0
441 0
441 4
439 3
444 4
444 1
444 3
442 0
441 5
568 4
451 5
498 5
639 1
639 2
636 5
835 5
1062 5
1285 2
1277 1
1276 1
1275 4
499 0
471 5
572 4
470 3
468 3
468 1
468 3
467 3
466 5
501 2
499 5
611 0
611 4
467 2
466 3
464 0
457 2
457 2
457 3
456 4
454 1
454 3
461 2
458 2
457 5
501 2
499 2
497 4
458 4
458 0
453 4
449 2
449 4
449 2
449 4
449 2
449 0
449 1
449 4
448 5
495 4
453 4
453 2
453 1
453 1
453 5
489 2
489 3
472 3
471 1
471 5
560 3
508 0
506 0
506 0
506 4
459 2
458 4
451 2
450 0
450 4
447 1
447 3
447 5
504 0
504 0
504 3
481 4
453 5
511 0
510 0
510 3
483 5
642 0
642 2
639 2
636 3
569 2
567 3
552 3
548 5
792 1
792 0
792 5
1134 3
986 5
1411 4
477 0
465 4
452 4
448 2
447 4
447 1
449 4
449 1
449 2
447 2
447 1
447 3
449 3
455 2
454 2
452 0
448 0
448 0
448 2
447 0
447 3
448 2
447 3
447 5
565 5
758 2
753 4
476 4
471 3
473 4
472 4
472 0
458 5
576 3
515 4
456 0
454 0
454 3
455 3
455 3
455 2
454 1
456 4
449 3
452 3
450 3
448 2
447 4
446 2
446 4
446 1
446 3
453 0
449 1
449 3
449 3
448 1
448 3
448 2
447 3
447 1
447 0
447 2
446 0
446 4
443 2
443 5
512 3
482 0
481 2
480 2
479 3
475 1
475 4
451 2
450 4
443 0
442 0
442 4
441 3
445 2
444 4
443 2
442 5
516 5
686 2
681 3
574 4
470 5
523 3
499 4
466 0
460 3
459 2
458 4
444 4
442 3
445 3
448 4
448 2
446 5
501 2
499 3
476 3
468 3
466 3
467 3
465 4
449 5
515 1
517 2
515 0
515 0
515 3
484 4
453 3
454 3
452 3
452 2
451 3
449 0
448 3
449 5
579 0
579 3
522 1
522 4
454 2
452 3
449 0
446 3
446 3
446 4
443 4
441 3
446 0
444 0
444 0
444 4
439 0
439 1
439 5
577 4
451 0
443 2
443 3
444 2
443 0
443 0
443 0
443 2
443 0
443 2
444 5
575 4
451 0
441 2
442 2
442 2
442 3
442 1
442 4
441 1
441 4
441 1
441 1
441 2
440 3
443 1
443 4
443 2
442 4
442 3
444 1
444 1
444 3
448 4
448 4
448 1
448 3
448 4
448 0
444 0
444 2
444 1
444 2
443 1
443 2
442 3
444 5
561 0
561 5
761 2
757 2
754 5
982 3
759 3
680 2
677 3
640 4
474 2
472 2
471 3
455 5
520 1
520 4
446 0
441 3
441 0
441 5
576 3
511 4
454 5
513 3
484 2
482 3
477 2
476 3
476 0
476 5
670 3
589 1
589 4
472 1
472 3
460 3
462 4
456 4
455 0
450 5
585 4
461 0
453 2
452 2
451 4
444 3
448 1
448 1
448 0
446 3
447 5
563 2
559 4
452 2
451 5
503 2
501 2
499 3
470 0
468 4
447 4
444 3
440 4
440 3
443 0
441 0
441 5
572 4
457 1
457 1
457 2
456 4
452 3
456 4
455 2
453 3
450 4
450 3
453 2
452 2
452 3
455 1
455 2
454 4
454 2
452 2
452 1
452 2
451 5
499 1
499 2
497 1
497 2
495 2
495 3
466 5
570 4
452 2
451 5
511 5
653 3
550 1
550 2
548 5
733 4
471 1
471 3
462 1
462 5
509 2
507 2
505 2
503 4
449 2
449 4
448 4
448 2
448 1
448 4
448 4
448 2
448 4
448 2
448 4
448 0
446 0
445 5
558 2
557 3
511 3
490 2
489 0
483 4
456 5
523 2
521 5
707 2
704 4
468 0
457 4
446 4
445 0
444 2
444 3
445 4
445 4
445 2
444 4
444 3
446 3
451 3
445 5
507 1
507 3
481 0
479 0
479 4
455 0
451 5
595 2
592 3
528 0
526 0
526 4
464 0
459 3
458 4
447 3
447 4
442 4
442 2
440 5
517 1
517 0
517 5
700 5
927 1
925 2
919 3
739 2
733 5
988 0
988 2
984 5
1315 2
1306 4
516 4
504 4
504 1
504 1
504 0
483 0
483 2
483 1
483 4
461 4
460 4
460 4
460 1
460 5
502 1
502 3
472 1
472 2
471 0
464 5
596 0
596 2
593 5
791 2
786 2
782 0
782 4
479 5
513 5
623 0
623 3
541 3
517 3
514 2
513 3
507 1
507 0
505 4
456 2
455 2
454 2
453 1
453 1
453 4
448 0
448 4
447 2
446 2
446 3
450 5
518 0
518 0
518 4
453 4
451 4
451 3
454 2
453 2
453 3
459 1
459 0
453 4
446 4
446 3
445 0
445 4
445 5
514 5
676 0
676 2
673 3
562 3
538 4
463 3
456 0
452 4
447 3
450 0
449 3
449 3
449 4
447 2
447 4
447 4
447 4
447 2
447 4
447 5
517 0
517 4
453 4
452 5
507 2
505 4
452 0
447 3
446 5
579 1
577 4
458 0
451 5
583 3
520 4
463 5
511 4
457 2
456 5
504 3
473 0
472 0
472 4
452 2
451 4
447 2
447 4
447 2
446 3
449 5
510 3
482 0
480 3
479 2
477 4
453 4
449 4
449 1
449 4
449 4
449 2
448 0
447 4
445 5
516 4
455 0
448 1
448 3
448 0
447 5
596 1
596 1
595 2
593 5
799 3
659 3
599 1
599 2
597 0
597 5
910 4
478 2
477 4
469 3
462 4
460 0
456 5
572 0
572 2
571 0
571 3
512 2
510 5
662 1
662 2
660 0
660 2
658 4
467 2
466 2
465 4
464 2
463 0
455 4
451 5
502 4
458 4
457 2
456 5
498 5
635 3
543 0
541 2
540 2
539 5
766 3
670 2
667 1
667 5
966 0
966 4
490 5
531 2
529 2
527 3
494 4
461 5
513 4
458 4
456 3
453 1
453 2
452 4
451 5
497 3
474 0
473 4
456 3
450 2
448 5
512 2
510 3
478 4
448 3
449 0
448 3
448 2
447 4
443 2
443 4
443 3
446 0
446 2
445 4
443 1
443 0
443 2
443 4
443 4
443 4
443 4
443 5
506 4
447 1
447 4
446 4
446 1
446 2
446 2
446 0
443 2
443 4
443 1
443 5
504 5
663 2
662 4
464 5
496 4
455 3
458 4
457 5
496 5
625 4
459 1
459 4
457 2
457 3
460 4
460 3
461 3
457 0
450 1
450 4
448 5
500 4
452 2
452 2
452 4
452 3
463 3
456 4
455 3
456 2
455 3
458 3
456 4
455 0
449 4
445 2
445 3
449 2
448 2
447 5
501 5
630 4
459 1
459 3
461 0
451 3
450 5
550 0
550 2
548 4
449 0
443 0
443 4
441 2
441 2
441 0
441 4
441 2
441 2
441 0
441 5
554 2
554 3
499 3
486 2
485 5
619 2
615 3
550 5
761 5
1063 0
1063 4
482 0
470 5
617 4
467 4
461 5
506 3
479 5
591 4
458 2
457 3
454 4
451 4
451 3
455 1
455 5
496 4
447 1
447 3
451 2
450 1
450 0
447 2
447 5
567 4
452 2
452 2
451 4
451 0
445 4
445 0
445 0
445 4
444 2
444 2
444 2
444 1
444 1
444 3
445 2
445 0
445 1
445 2
445 3
446 0
446 2
445 3
446 2
445 5
563 2
561 0
561 3
508 4
464 3
459 1
459 3
460 1
460 0
451 1
451 4
443 4
442 3
445 4
445 3
444 3
444 1
444 1
444 3
443 0
442 3
443 1
443 0
443 2
442 4
441 5
511 3
473 5
599 4
458 4
454 1
454 3
457 3
453 4
451 2
450 5
501 3
476 4
453 1
453 1
453 0
451 4
443 4
443 1
443 4
443 3
446 3
446 3
446 5
503 0
503 1
503 2
501 2
499 2
497 3
475 2
473 4
450 5
503 5
653 4
462 4
461 3
457 5
501 2
499 2
497 4
451 5
498 2
496 2
494 2
492 4
452 1
452 5
496 2
494 5
626 4
454 2
453 4
453 1
453 4
453 1
453 2
453 1
453 0
446 0
446 2
446 4
444 0
444 0
444 5
553 2
553 0
553 4
450 1
450 5
501 0
501 5
652 4
455 2
455 3
456 1
456 2
455 1
455 2
453 2
453 3
455 5
501 5
633 5
824 3
643 4
480 3
467 3
468 2
466 4
463 0
456 3
453 4
443 2
442 2
442 0
442 4
441 3
448 4
448 3
448 3
448 2
447 4
447 2
446 2
444 2
444 0
443 4
441 4
441 0
441 4
441 3
445 0
444 3
444 3
444 4
441 3
444 4
444 5
498 3
474 5
594 4
452 3
452 1
452 5
502 3
483 3
477 4
449 3
451 5
507 0
507 1
506 0
506 2
503 1
503 2
501 1
501 2
498 4
447 1
447 2
447 4
447 2
447 4
447 3
450 2
448 5
494 2
492 5
628 5
815 3
628 2
625 3
562 4
483 5
534 3
503 3
500 2
499 3
496 4
451 3
452 0
449 3
450 5
587 3
531 1
531 5
711 1
711 2
708 5
978 0
978 2
973 2
969 5
1265 2
1259 2
1253 1
1252 1
1252 3
1061 4
513 5
527 2
524 3
501 1
501 2
499 2
498 2
497 3
493 3
487 0
485 3
484 0
484 0
484 5
681 3
604 4
476 2
474 0
467 2
466 4
452 4
452 2
451 2
450 5
536 3
493 4
457 0
456 5
608 0
608 2
604 3
536 2
535 3
519 2
518 0
517 2
516 5
776 2
772 0
772 0
772 4
486 3
469 2
468 0
459 5
604 1
604 3
539 5
741 4
475 4
468 0
458 3
458 5
592 1
591 2
587 0
587 2
584 5
785 5
1018 0
1018 3
802 4
498 4
488 2
487 2
486 0
471 0
471 3
467 3
466 5
582 1
581 5
778 2
773 2
769 0
769 3
634 3
587 0
586 2
583 5
875 3
774 0
774 2
771 4
484 5
526 2
524 1
524 2
522 3
493 5
648 4
470 0
460 2
459 5
598 3
538 3
520 5
696 2
694 3
627 4
475 1
475 2
474 0
469 2
468 5
631 3
564 2
562 3
542 4
462 5
537 4
460 1
460 5
504 2
502 2
500 0
499 2
497 0
497 0
497 4
453 2
452 4
450 0
447 5
576 3
518 1
518 5
685 4
475 2
474 5
509 1
509 2
507 1
507 1
507 4
458 2
457 0
448 2
448 3
448 2
447 3
447 4
443 4
443 2
443 1
443 4
443 3
443 2
442 3
446 1
446 2
444 2
443 3
445 0
444 5
570 4
457 3
462 2
460 5
514 0
511 4
446 0
445 2
445 0
445 3
444 1
444 1
444 4
441 2
440 4
440 2
440 5
502 3
475 2
474 3
470 2
469 0
468 1
468 0
468 1
468 5
632 3
565 2
563 5
786 5
1093 2
1085 2
1080 2
1075 4
478 3
467 0
450 3
452 0
451 4
446 2
445 3
450 1
450 3
450 5
507 3
486 3
476 5
608 0
608 5
847 3
695 2
692 3
644 4
474 2
473 1
473 2
472 0
468 0
468 3
469 4
450 4
449 5
523 1
521 2
519 4
455 0
450 2
450 -1
795 3
668 5
651 0
570 4
509 3
507 5
528 3
509 2
508 3
504 0
497 5
619 1
619 4
488 5
521 4
474 5
521 5
637 1
636 2
633 5
805 5
1007 2
1001 4
497 4
495 1
497 4
496 5
515 0
512 3
496 3
483 3
481 1
481 2
480 2
479 0
472 0
472 5
606 3
542 5
708 5
954 2
946 4
492 0
476 1
476 0
476 1
476 3
475 4
462 5
520 3
496 1
498 5
625 2
622 0
622 0
622 0
622 5
837 3
692 5
946 5
1283 0
1283 0
1283 2
1277 2
1271 4
502 0
483 4
465 4
463 4
463 3
463 5
518 2
516 4
465 5
507 4
463 4
463 5
507 4
464 4
464 0
458 5
567 1
566 2
565 3
516 0
515 0
515 2
514 2
512 3
503 4
471 4
465 2
465 4
465 5
523 3
489 2
488 0
487 3
486 2
485 0
485 3
485 5
674 0
674 2
671 3
596 0
594 1
596 0
596 0
596 3
577 2
575 1
577 0
577 1
579 0
579 3
576 4
474 2
473 5
563 3
526 5
742 2
738 4
480 1
480 2
478 2
477 2
476 0
466 4
459 5
522 0
522 1
523 2
521 0
521 2
519 5
701 5
924 3
727 0
724 4
496 0
480 2
479 0
479 4
460 4
460 4
460 1
462 2
461 5
520 0
519 3
495 1
495 1
497 2
495 2
493 2
491 5
618 2
615 3
562 4
471 1
471 2
469 4
465 5
516 4
464 2
463 3
467 2
465 5
517 0
514 3
492 0
491 2
490 2
489 5
676 0
676 5
926 3
781 0
781 4
482 4
473 2
472 0
468 3
468 0
465 1
467 5
608 1
608 3
548 2
546 0
543 1
544 0
544 2
543 4
475 4
465 0
462 3
461 1
464 4
455 2
454 4
454 5
524 3
494 5
653 5
900 5
1173 2
1167 5
1449 3
1210 2
1204 1
1204 3
1073 5
1470 0
1470 1
1470 2
1463 1
1465 5
1911 4
549 3
514 1
518 4
511 0
487 2
486 0
486 4
471 4
470 2
469 0
467 0
467 3
467 4
465 0
464 4
462 1
462 5
521 2
519 4
466 2
465 1
468 2
467 4
466 0
463 1
464 0
464 3
465 3
463 0
462 2
461 2
460 2
460 3
461 1
461 4
458 2
457 0
457 1
458 0
458 2
457 1
458 4
457 0
457 2
457 2
457 3
458 3
458 3
459 4
458 4
458 2
457 5
520 3
495 2
493 2
492 0
489 4
463 4
460 0
456 3
457 2
457 1
459 3
458 1
461 0
460 4
455 3
455 2
454 5
525 5
687 3
578 3
560 1
563 2
560 1
560 0
555 2
552 2
551 5
813 2
809 4
495 5
531 1
532 3
508 1
509 0
507 3
505 1
506 3
502 5
689 3
616 1
617 2
615 4
477 4
469 0
464 4
459 4
457 0
456 3
457 2
456 4
454 0
454 2
453 1
455 3
454 5
594 5
804 4
480 0
463 0
463 3
461 0
461 4
458 5
521 3
492 1
493 2
492 0
490 2
489 4
463 4
458 3
463 0
459 5
599 3
538 2
537 2
536 1
537 3
523 2
522 5
690 4
483 1
483 3
471 4
465 4
465 0
454 0
454 0
454 5
588 0
588 2
587 5
786 2
783 0
783 2
778 3
625 3
580 2
578 4
471 5
527 2
525 0
525 4
459 3
461 2
460 2
459 3
461 4
460 4
460 4
460 2
458 3
459 1
459 4
459 4
459 0
450 3
452 2
451 2
450 1
451 3
450 2
450 2
449 0
449 4
446 5
507 2
505 4
455 0
449 4
449 4
449 2
449 4
449 1
451 5
504 3
476 2
474 4
456 2
455 3
454 0
451 3
451 3
451 3
451 2
450 3
450 1
452 5
574 2
572 4
459 0
449 5
571 1
569 4
455 5
503 3
477 4
454 2
453 3
454 1
456 2
454 2
453 5
511 4
449 5
499 3
475 5
599 1
598 3
543 2
541 0
540 2
538 2
536 2
535 5
783 4
479 0
468 2
467 4
449 4
449 3
452 1
452 5
506 1
506 5
666 5
887 2
883 0
883 2
879 2
875 0
875 2
871 5
1113 3
878 4
481 2
479 3
468 4
463 2
460 3
462 2
460 4
459 3
467 4
466 0
454 2
452 0
452 4
444 0
443 2
443 5
556 2
555 3
498 4
451 2
450 0
447 5
571 3
520 4
464 0
458 4
446 4
444 1
444 2
444 1
444 2
444 5
515 5
672 2
667 0
667 3
563 5
747 2
744 4
486 5
522 0
518 3
491 3
485 0
484 5
672 5
934 5
1211 2
1204 1
1202 2
1195 1
1192 2
1185 3
996 5
1311 2
1304 1
1304 5
1663 5
2037 2
2027 3
1864 4
533 3
493 0
479 5
607 3
547 5
708 0
707 0
707 0
707 4
488 3
473 4
469 2
468 5
497 3
474 5
574 1
574 3
528 3
520 2
519 0
516 4
465 3
459 5
532 2
530 4
453 4
452 4
452 4
452 5
498 4
452 2
451 5
496 0
495 2
495 5
646 4
466 2
465 3
462 5
509 0
505 0
505 1
506 2
504 1
504 2
502 0
502 0
502 3
482 4
460 0
457 4
451 0
449 2
449 4
449 5
502 5
649 1
649 2
646 4
462 4
461 2
461 3
466 2
464 5
499 1
499 2
497 5
619 0
619 2
616 4
459 2
458 5
487 2
487 2
487 5
609 2
610 0
610 0
610 4
453 5
494 3
466 2
465 2
464 4
450 0
449 1
450 0
450 4
446 2
446 3
450 2
449 0
448 2
448 0
448 0
448 1
450 5
572 5
750 0
750 4
475 3
467 0
456 4
452 3
458 1
458 5
502 1
502 1
502 1
502 5
642 3
547 0
544 2
543 4
468 2
467 0
464 2
463 4
454 3
454 5
521 0
521 3
491 4
457 2
456 4
454 2
453 5
503 4
454 4
454 4
454 3
461 3
457 3
459 2
458 1
458 4
457 5
499 1
500 4
451 3
453 2
452 1
452 5
497 2
495 5
623 2
620 0
620 2
617 0
617 2
612 0
612 3
532 2
531 0
528 3
508 4
461 2
459 3
454 0
451 2
451 3
450 4
443 5
526 1
527 2
525 2
523 0
523 2
521 3
489 2
488 1
488 1
489 2
488 3
480 2
479 5
649 4
460 4
458 1
458 0
449 0
449 0
449 5
588 2
584 1
582 5
791 5
1014 0
1014 2
1007 1
1004 2
997 5
1235 0
1235 5
1476 1
1476 1
1476 3
1161 4
533 2
530 1
530 0
495 2
494 4
461 2
460 2
459 0
455 2
455 3
455 1
455 0
455 3
456 2
455 0
455 2
455 3
456 0
455 0
455 1
455 1
455 2
454 2
453 3
453 1
454 2
453 3
452 1
452 1
453 4
450 2
449 0
449 4
448 0
448 5
577 4
459 3
465 1
465 2
463 2
462 3
460 2
458 3
463 3
464 1
464 3
462 1
463 3
458 1
458 0
452 1
453 5
569 5
737 4
479 4
477 4
477 4
477 4
477 2
477 4
477 2
476 2
476 2
476 1
476 2
476 4
475 0
461 2
461 0
461 1
461 1
461 2
462 0
462 3
457 3
453 4
449 4
449 4
449 3
454 3
452 5
506 0
506 0
506 4
456 2
455 5
497 2
495 3
480 1
480 1
480 5
576 0
576 0
576 2
574 5
778 2
773 2
769 0
769 3
643 3
597 5
835 3
759 0
758 4
485 2
483 2
481 1
481 5
524 5
696 3
595 2
592 0
588 0
588 2
586 5
878 4
493 3
482 1
482 4
478 5
509 4
465 2
464 0
459 0
459 0
459 2
458 1
458 1
458 4
454 5
502 5
646 0
646 5
847 4
480 2
480 3
477 4
476 0
456 4
448 1
448 1
448 0
448 4
448 2
448 3
451 3
452 3
453 2
451 4
451 2
450 0
449 2
448 3
449 2
448 2
447 1
447 5
554 3
505 2
503 2
502 1
502 2
501 2
500 2
498 2
497 0
496 4
452 1
454 1
454 5
517 1
517 4
454 4
452 2
451 5
505 0
505 5
657 5
867 2
863 2
857 5
1078 5
1298 3
1013 3
880 2
876 0
875 3
830 4
501 5
536 4
469 1
469 0
460 5
593 5
789 4
475 2
474 1
474 5
501 1
502 3
478 3
473 3
471 2
470 2
469 5
565 1
565 5
753 3
633 4
477 2
476 0
467 2
466 3
465 3
462 0
462 3
463 5
608 0
608 3
555 2
552 2
551 3
532 2
530 2
529 2
528 2
527 5
732 2
728 1
728 2
725 2
722 1
722 2
719 2
716 5
1023 3
870 2
867 2
864 0
864 3
808 1
807 1
807 0
807 1
807 3
776 0
776 4
492 2
489 5
554 4
470 5
521 0
520 0
520 2
518 2
516 2
514 2
512 1
511 5
691 4
470 0
460 5
596 1
594 0
594 5
800 0
800 0
800 1
800 0
800 4
464 4
461 2
458 3
465 3
462 2
460 0
450 3
451 4
448 2
447 5
499 4
449 5
493 2
491 5
627 5
819 5
1034 1
1034 4
496 1
496 0
477 4
463 5
503 2
503 3
484 2
482 0
479 3
475 2
474 3
472 5
609 4
463 4
460 2
459 1
459 2
458 0
448 0
448 2
448 4
446 2
446 2
446 0
446 3
447 1
447 0
447 0
447 1
447 5
579 3
517 4
464 0
461 0
461 4
450 4
448 2
448 0
446 0
446 1
446 0
446 4
445 2
445 5
510 3
481 0
478 4
454 1
454 0
452 5
597 2
594 2
592 2
590 4
465 3
467 4
464 2
463 0
455 2
453 5
572 3
519 4
456 5
510 3
488 4
453 2
452 2
451 4
451 5
502 4
454 2
453 0
450 5
573 3
519 1
518 2
516 3
500 0
498 4
460 5
518 1
518 2
516 2
514 0
513 4
458 5
502 0
501 1
501 2
499 1
499 2
498 2
498 0
498 5
670 4
478 2
476 4
467 5
491 4
457 4
457 2
457 4
457 0
450 5
567 1
566 3
508 4
461 4
458 0
452 2
451 4
445 4
445 2
445 5
505 5
658 5
859 3
684 2
682 2
680 2
679 2
678 0
676 3
618 4
474 2
472 4
462 0
456 3
453 2
452 3
454 5
588 0
588 4
460 4
458 4
458 1
458 5
504 2
502 5
652 2
649 0
649 0
649 5
861 2
857 0
857 2
853 0
853 1
853 1
850 0
850 3
689 5
890 2
887 3
770 1
770 0
768 0
768 2
766 0
766 4
480 0
475 4
451 2
451 1
451 0
451 3
450 3
450 0
450 3
451 3
451 4
447 3
449 2
447 3
445 2
443 2
442 0
441 2
441 5
570 0
570 2
568 2
566 1
566 1
566 3
511 2
509 1
509 3
495 2
494 4
450 5
523 2
521 5
707 2
704 3
593 4
471 3
461 3
460 2
459 1
459 4
458 3
456 2
454 4
452 0
448 2
448 0
448 2
448 0
448 5
570 2
569 2
567 4
455 3
460 4
459 0
448 0
448 2
447 2
446 5
563 4
454 4
454 5
497 2
497 2
497 5
624 1
623 0
623 0
623 2
622 3
523 3
506 0
502 1
502 2
501 4
459 5
539 1
539 2
537 3
502 4
458 0
455 4
448 2
447 2
446 3
446 3
446 1
446 0
446 0
446 2
446 2
446 4
445 4
443 5
508 4
452 5
494 4
447 3
456 1
456 3
451 2
450 1
450 1
450 2
449 3
453 1
453 2
452 0
448 1
448 3
449 0
449 2
448 2
448 4
443 3
449 2
448 2
447 1
447 5
507 2
505 4
447 2
446 5
494 3
476 1
476 2
475 0
472 2
470 0
470 1
470 1
470 3
469 3
468 4
449 5
517 2
515 5
693 0
693 1
693 2
688 4
466 0
452 3
452 2
451 0
450 3
451 3
451 5
584 4
451 2
450 4
448 2
447 4
447 2
447 1
447 5
497 2
495 0
494 3
473 2
472 5
597 2
595 2
592 0
592 3
536 0
534 5
770 5
1065 3
900 2
893 3
822 2
818 1
818 3
790 0
790 3
780 4
488 4
468 2
467 2
466 0
459 4
451 1
451 2
450 2
449 0
449 3
450 4
450 5
521 1
521 4
454 0
448 0
448 2
447 2
447 1
447 4
446 5
503 1
503 4
450 5
495 3
475 4
449 3
446 1
446 2
445 4
445 2
444 4
444 5
498 5
653 5
860 5
1079 5
1314 3
1031 4
518 2
516 4
508 4
508 3
500 0
475 2
474 5
579 4
468 4
468 3
473 2
472 2
471 4
471 1
471 2
470 2
468 0
461 0
461 2
461 2
461 2
461 5
561 0
561 0
561 3
516 2
514 5
626 3
567 3
548 2
547 4
473 2
472 0
470 4
458 0
458 2
458 4
457 3
458 1
458 1
458 0
454 3
454 5
582 0
582 5
784 4
487 0
468 1
468 3
463 2
462 0
460 1
460 4
454 2
453 2
452 1
452 4
451 2
451 4
451 1
451 5
522 1
522 2
521 5
675 0
675 4
474 3
471 0
459 3
458 3
461 2
459 3
459 0
459 2
458 3
458 4
451 2
450 3
452 0
451 5
571 3
511 4
460 5
516 5
666 5
882 4
487 0
471 0
469 2
468 3
464 5
578 5
766 0
766 0
766 4
486 5
510 3
493 4
469 2
467 3
463 0
457 0
457 2
456 5
585 0
585 2
583 3
519 0
516 0
516 0
516 0
516 2
514 1
514 4
468 4
461 4
461 1
461 2
460 3
457 0
452 1
452 4
446 3
449 2
447 4
447 2
447 5
521 1
521 2
519 3
488 2
487 4
453 2
452 2
451 4
451 4
451 0
448 5
575 1
575 1
575 5
761 2
756 0
756 3
615 4
475 0
464 4
452 1
452 2
452 5
505 5
646 3
557 2
556 5
730 2
726 0
724 2
721 1
721 3
629 5
912 3
814 2
810 4
487 4
476 2
475 3
468 1
468 2
467 3
469 4
466 3
464 0
459 5
586 4
463 0
451 0
451 2
450 5
571 0
571 1
571 5
763 0
763 3
620 2
618 2
615 2
613 0
612 3
583 2
581 2
580 0
580 5
864 1
863 4
489 2
487 3
471 2
469 5
523 2
521 3
492 3
484 5
626 0
626 4
465 0
455 0
455 4
444 1
444 2
444 5
515 3
476 2
475 1
475 0
474 5
661 3
594 5
829 4
480 1
480 4
471 5
500 3
481 2
479 4
452 3
450 3
448 4
447 2
446 0
445 1
445 2
445 0
445 4
442 4
442 4
442 4
442 2
442 5
513 3
479 5
609 2
605 3
550 0
548 4
466 5
526 2
524 2
522 2
520 1
520 2
518 1
518 0
516 0
516 3
494 2
493 4
456 5
518 4
452 1
452 3
455 4
455 5
509 4
449 4
449 3
456 0
449 2
447 5
578 0
578 5
779 5
1014 0
1014 0
1014 2
1007 0
1007 4
475 1
475 5
502 1
502 2
500 3
470 3
464 3
463 3
462 3
461 3
461 2
460 1
460 2
459 3
459 0
456 2
456 1
456 2
456 2
456 3
454 1
454 1
454 0
453 4
445 2
444 3
445 5
513 1
513 0
513 0
513 0
513 2
511 2
509 0
509 0
509 2
507 5
685 2
682 3
570 2
568 4
473 4
467 2
466 2
465 0
455 4
442 4
442 2
442 4
442 0
442 5
566 3
501 5
656 5
919 3
774 3
707 5
1046 2
1042 4
493 3
472 1
472 2
470 2
469 5
518 3
486 3
479 5
589 2
586 3
539 3
524 1
524 3
519 2
518 4
458 2
457 3
449 2
448 2
447 5
526 4
452 4
451 3
456 3
456 0
448 2
447 2
446 2
446 0
446 0
446 1
446 5
578 3
517 3
497 3
491 5
661 2
657 3
592 1
592 5
863 2
856 3
766 0
766 3
741 3
733 5
1208 5
1724 4
497 4
482 2
479 3
474 4
471 5
513 2
511 3
485 2
484 4
462 2
461 4
461 3
461 1
461 4
461 5
505 3
482 2
481 0
474 2
473 1
473 0
473 0
473 5
643 5
863 3
729 3
682 3
657 2
655 3
643 0
641 2
639 0
639 2
638 4
477 0
474 2
473 1
473 4
455 0
454 0
454 3
454 2
453 3
453 5
610 2
607 5
831 0
831 3
688 4
485 0
474 1
474 3
472 1
472 1
472 2
471 4
457 2
456 2
455 4
455 0
454 0
454 4
453 4
452 1
452 2
451 5
508 2
506 2
506 5
666 2
666 5
884 3
683 0
680 3
627 5
907 2
903 3
802 5
1202 4
498 0
476 4
459 1
459 5
511 2
509 4
459 3
464 3
459 4
458 4
458 0
454 3
455 5
580 0
580 2
578 4
462 5
504 1
504 2
502 3
475 2
474 5
583 3
531 2
529 0
525 3
520 5
743 0
743 3
667 3
644 0
644 3
641 1
641 0
641 1
641 3
639 4
473 0
470 3
470 2
469 4
457 2
456 0
455 1
455 4
454 4
452 1
452 4
452 5
531 5
734 3
618 1
618 4
485 4
475 4
475 0
464 4
454 2
454 1
454 4
454 0
453 1
453 5
580 1
579 2
577 1
577 2
576 1
576 4
463 4
461 0
455 2
455 2
455 0
455 3
454 4
451 1
451 0
451 1
451 3
451 4
449 3
454 0
452 2
451 3
452 2
451 0
451 2
451 5
585 4
454 2
453 2
453 0
450 1
450 5
582 2
581 4
464 2
463 3
464 2
463 1
463 0
452 1
452 4
449 5
508 2
506 4
453 0
449 4
449 0
449 5
580 0
580 5
768 3
616 3
564 0
561 1
561 0
561 4
474 2
473 3
468 1
468 1
468 2
467 0
461 0
461 2
460 2
460 0
460 1
460 5
618 3
550 0
550 5
826 3
724 1
724 1
724 2
721 2
718 0
718 2
715 0
715 0
715 5
1087 3
995 2
991 1
991 -1
795 3
680 4
680 0
600 0
598 2
597 4
544 5
562 3
530 4
514 2
513 1
513 5
528 2
526 3
507 2
505 1
506 2
504 5
562 5
704 5
904 5
1139 5
1370 4
538 2
535 4
530 0
499 2
499 5
595 3
524 2
522 4
485 0
476 2
475 5
608 0
608 1
609 1
609 1
608 0
608 4
473 4
472 3
476 5
521 4
470 1
470 2
470 2
470 5
523 1
523 0
522 4
466 1
466 5
521 1
521 5
653 3
564 0
561 0
561 5
777 1
776 5
1056 3
908 2
903 5
1240 3
1130 0
1130 3
1084 5
1623 3
1537 4
526 4
509 1
509 3
484 4
481 2
479 1
482 3
479 2
478 1
481 4
480 0
463 0
463 5
589 5
774 1
774 1
773 2
768 4
491 4
490 1
492 4
491 2
490 3
479 4
474 4
474 1
474 2
474 1
474 3
481 4
480 5
500 3
477 4
462 0
457 1
458 5
563 0
563 3
510 0
510 2
508 4
466 2
465 1
465 1
467 5
531 1
531 5
684 4
469 1
472 2
469 1
471 4
465 4
465 4
465 2
464 1
464 0
457 4
452 4
452 2
452 3
457 0
453 3
454 3
455 4
451 1
452 4
452 4
452 2
451 0
451 2
451 1
453 3
452 3
452 4
450 1
450 3
452 0
451 1
452 3
452 1
454 1
456 4
451 3
453 2
452 2
452 2
451 3
453 4
453 3
455 0
453 1
454 5
565 1
565 1
564 4
461 5
510 2
508 4
455 5
507 3
479 3
473 2
472 1
472 3
470 3
469 3
470 2
469 2
468 4
456 5
509 3
481 3
475 5
596 2
593 0
593 5
801 4
470 1
472 2
471 5
508 2
506 3
482 4
458 5
504 0
504 0
504 5
644 1
646 1
645 2
640 3
567 5
714 0
714 5
992 2
987 3
835 2
831 5
1151 4
501 5
535 2
533 2
531 4
474 0
469 3
469 0
468 2
468 0
468 1
468 2
467 1
468 4
459 1
461 0
461 4
457 3
462 1
462 5
524 5
680 1
680 2
677 5
892 5
1122 5
1355 5
1578 3
1273 1
1273 5
1512 5
1821 5
2150 2
2136 3
1916 2
1903 2
1886 0
1886 0
1886 5
2285 2
2271 2
2257 1
2257 4
541 2
532 4
524 1
528 5
529 5
604 0
604 2
601 2
598 3
531 2
529 1
530 2
528 3
511 0
507 2
506 0
505 5
727 0
727 5
1009 2
1004 5
1291 0
1291 4
520 4
512 2
510 4
510 5
519 5
617 5
799 2
795 0
795 4
486 4
481 0
463 4
456 0
454 2
454 3
455 2
454 2
454 4
454 2
454 5
509 2
507 3
481 1
481 4
455 4
455 2
454 3
455 5
504 1
505 0
505 3
484 0
483 2
482 1
483 3
481 2
479 2
478 0
477 3
475 3
470 1
470 5
644 5
896 1
895 0
895 3
748 3
698 4
482 5
513 4
459 0
453 4
448 5
502 0
502 5
669 2
664 5
875 0
875 3
698 0
697 1
698 3
639 5
928 3
836 2
832 4
492 2
490 2
488 3
473 0
468 0
468 0
468 2
467 0
467 0
467 2
467 3
462 3
461 5
600 3
541 5
752 2
749 5
1058 4
487 0
469 0
467 0
467 2
466 0
466 0
466 0
466 5
620 1
620 0
620 0
620 0
620 2
616 5
834 5
1073 5
1319 1
1319 1
1318 2
1311 4
529 5
524 1
525 3
495 0
486 0
486 2
485 3
480 0
479 1
482 3
479 4
460 3
459 4
455 3
453 0
450 1
450 3
451 0
451 2
450 3
451 2
450 3
451 2
450 3
450 4
448 4
448 1
448 3
452 1
454 2
452 2
450 5
517 2
515 0
515 2
513 2
511 2
509 1
509 2
507 3
482 1
483 3
475 3
473 3
473 2
472 2
471 3
471 1
471 4
453 2
452 3
450 3
452 2
451 0
451 2
450 2
448 0
448 3
449 4
447 4
447 0
447 4
445 1
447 4
446 4
446 1
449 3
452 0
448 4
444 1
447 3
447 5
516 0
516 1
516 4
454 1
457 5
511 3
484 5
620 4
461 4
458 5
504 3
478 0
477 2
476 5
656 5
902 0
902 3
740 4
482 2
481 3
472 0
465 0
465 4
456 5
505 3
480 4
455 3
453 2
452 4
451 4
451 0
449 0
449 1
451 2
450 1
450 5
582 1
582 3
520 3
504 3
497 1
498 1
498 3
496 5
664 5
931 2
926 5
1202 2
1195 2
1188 0
1188 3
1014 1
1013 4
509 4
495 3
488 4
482 3
483 4
482 3
480 0
468 2
468 3
468 3
468 3
465 3
464 1
465 0
464 3
465 1
467 5
593 2
589 2
587 5
785 4
478 1
478 4
473 4
473 2
472 0
463 1
463 2
463 2
463 2
464 3
463 2
462 3
461 3
460 0
459 0
459 2
459 4
458 0
458 2
457 0
457 2
458 4
455 5
506 5
648 4
469 2
468 0
461 1
461 2
461 3
461 2
460 0
458 3
457 3
457 4
452 4
452 3
458 2
456 4
455 2
454 2
454 0
452 2
451 4
451 1
451 2
451 4
451 1
451 1
451 4
451 5
502 3
483 1
483 4
464 4
463 0
458 3
458 2
457 0
457 1
457 3
457 5
587 4
463 0
457 2
455 0
455 3
455 3
456 4
453 4
453 1
453 0
453 3
453 4
450 0
450 4
450 4
450 4
450 4
450 0
450 2
450 5
571 2
571 1
570 2
569 3
511 0
507 3
503 0
501 4
464 0
461 4
452 3
455 2
454 2
453 5
530 3
493 1
494 5
660 3
581 4
469 4
461 0
457 2
457 4
450 3
451 5
522 5
696 2
693 5
910 5
1142 4
499 0
483 1
484 3
475 5
561 0
561 3
519 4
468 2
467 0
461 2
460 2
459 0
459 0
459 0
459 3
458 2
457 2
456 3
457 3
456 2
455 3
457 1
457 1
458 4
454 0
454 1
454 3
455 3
454 4
453 5
517 2
515 2
515 4
456 1
456 2
456 2
457 4
457 2
457 4
457 3
461 3
462 3
459 4
459 3
459 2
458 2
458 5
516 3
492 5
607 3
557 4
466 3
456 5
521 3
487 5
610 3
554 4
461 2
460 4
452 2
451 2
451 0
448 3
448 4
444 5
508 3
482 0
480 0
480 5
665 2
662 3
584 3
565 3
558 5
831 0
831 2
828 5
1187 2
1182 5
1538 0
1538 4
509 3
488 3
481 4
478 4
478 3
474 2
473 2
472 4
472 4
472 0
458 2
458 0
458 5
575 1
575 0
575 4
459 4
459 0
454 0
454 1
455 5
574 2
572 5
744 3
615 3
566 4
478 2
476 3
470 2
468 2
467 4
462 2
461 0
455 3
454 5
582 1
582 5
769 5
993 1
992 3
789 3
695 3
647 5
936 4
501 1
501 3
482 2
481 2
480 3
476 5
527 1
527 2
524 0
522 3
496 5
648 4
476 3
471 5
531 2
528 2
526 4
469 0
460 2
460 3
458 0
456 0
456 3
457 0
457 0
457 2
456 0
456 3
457 0
457 2
457 0
457 0
457 5
588 2
584 0
584 0
584 1
584 2
582 2
580 0
580 3
525 4
468 5
520 3
496 0
494 3
489 4
456 2
455 2
454 4
451 1
451 0
451 5
603 2
599 4
465 2
464 1
464 2
462 0
456 2
455 5
589 4
468 5
507 0
506 3
490 4
467 3
458 4
456 3
462 1
462 3
457 2
456 0
453 3
453 4
451 4
449 4
449 2
449 1
451 2
449 0
448 0
448 1
448 4
447 0
447 5
572 0
572 4
456 1
456 5
497 3
475 2
474 4
454 4
451 3
449 4
449 5
507 3
485 5
616 4
467 4
463 1
463 3
463 4
461 2
460 3
464 2
462 2
461 2
459 0
453 2
452 3
456 3
453 3
455 0
455 2
454 2
453 4
448 4
447 5
504 5
652 2
649 3
540 1
540 4
470 2
469 4
465 3
461 0
456 2
455 3
456 3
454 1
454 3
454 2
453 4
449 3
449 4
448 2
448 2
448 5
506 2
506 2
506 4
453 5
504 2
502 5
645 4
470 0
459 1
459 3
457 3
456 3
458 4
454 5
510 3
481 2
480 0
474 3
473 2
472 5
629 3
559 1
559 3
544 1
544 3
540 2
538 3
536 2
535 2
534 2
533 2
532 4
461 4
450 0
448 5
589 3
521 3
511 2
510 4
465 4
455 4
455 5
513 4
460 2
458 2
457 2
456 5
497 3
475 3
474 1
474 3
470 2
469 2
468 2
467 5
591 2
589 3
533 1
533 1
533 2
531 3
520 0
519 4
461 3
456 4
451 3
448 1
448 2
447 0
447 3
447 0
446 2
445 4
442 5
521 1
521 2
519 3
485 5
647 3
578 4
466 5
524 2
522 4
453 4
453 0
449 2
448 3
448 3
447 2
446 2
445 5
575 2
573 2
572 4
452 2
451 1
451 3
456 0
449 2
448 3
448 0
448 5
587 0
587 2
583 2
581 5
772 4
471 0
453 4
446 0
445 3
445 1
445 0
445 0
445 1
445 5
574 4
453 2
453 5
504 2
502 1
502 4
450 3
459 3
459 3
457 3
457 2
456 3
456 0
453 4
446 2
445 3
449 5
505 5
639 2
636 5
818 3
648 4
473 4
466 2
465 2
464 0
459 1
459 4
450 2
449 2
448 0
448 0
448 2
448 5
582 3
520 4
457 3
451 2
450 3
452 5
513 4
453 4
450 1
450 4
450 2
450 5
493 4
447 3
452 2
450 0
444 5
570 2
568 4
448 5
492 2
493 3
471 3
468 3
465 5
574 2
572 3
524 3
516 3
507 4
458 2
457 1
457 2
456 4
449 3
449 2
448 5
502 2
500 3
481 4
458 5
502 5
645 3
558 5
739 3
655 3
632 3
620 2
619 2
618 5
941 4
478 3
461 3
461 1
461 0
456 2
455 3
456 4
449 3
450 5
510 4
452 4
452 5
505 2
503 1
503 4
451 3
454 3
460 4
459 0
455 4
446 2
446 1
446 2
446 4
446 4
446 2
446 3
450 2
448 0
448 4
444 4
444 4
444 1
444 2
443 4
443 5
505 3
480 5
600 2
597 4
454 0
449 3
450 2
449 3
449 4
444 2
443 2
443 5
502 4
451 3
450 3
452 0
449 3
449 3
448 4
443 4
443 5
501 2
499 4
447 4
447 2
447 5
495 3
469 0
468 2
467 0
467 3
464 5
621 5
853 3
700 3
633 3
617 3
607 3
602 5
928 0
928 0
928 4
480 5
524 4
456 4
455 1
455 3
458 0
451 2
450 1
450 4
445 4
445 4
445 3
451 2
450 3
454 1
454 4
453 0
450 3
451 2
450 3
450 1
450 0
450 2
449 0
449 4
445 0
445 2
445 4
445 4
445 2
445 3
449 4
447 3
446 3
447 3
446 0
444 1
444 4
443 3
447 1
447 4
446 2
445 3
445 4
445 3
445 5
499 3
478 5
600 0
599 5
834 2
829 2
825 4
479 2
477 2
476 1
476 2
474 0
461 3
460 0
460 0
460 5
600 4
457 3
453 4
450 1
450 5
495 3
475 0
469 0
468 3
468 1
468 4
447 2
446 2
445 4
442 0
442 0
442 2
442 2
442 3
443 3
443 3
443 3
443 3
442 3
442 1
442 3
442 0
442 4
440 3
442 4
442 2
441 2
441 3
442 2
441 4
441 4
441 4
441 5
502 2
500 4
448 5
484 0
484 4
442 3
450 3
446 4
446 3
444 4
444 2
444 2
443 1
443 4
443 3
451 0
447 4
441 3
450 0
448 5
578 3
515 5
667 1
667 0
666 3
599 2
596 0
594 2
592 4
472 3
455 4
454 0
450 5
591 0
591 1
591 3
529 2
527 5
722 2
719 4
472 3
464 4
461 3
458 2
457 4
457 2
456 5
504 2
502 4
459 3
460 4
459 4
459 0
453 5
564 3
513 5
656 3
585 2
583 3
558 5
811 2
808 2
805 1
805 4
476 4
468 0
458 4
448 3
451 4
450 3
448 4
448 3
451 4
450 2
448 2
447 0
447 3
447 4
445 2
445 4
445 0
445 0
445 2
445 0
445 3
446 1
446 5
568 3
511 3
499 4
455 4
453 0
451 2
450 4
444 4
444 3
449 0
447 0
447 2
447 4
444 0
444 5
577 3
520 4
459 4
457 5
510 3
483 4
446 4
446 3
451 2
449 4
449 2
447 3
448 4
448 4
448 4
448 2
446 3
446 5
497 5
656 2
653 3
550 5
723 2
719 0
719 0
719 2
715 2
712 1
711 3
635 4
465 0
460 3
460 3
460 4
449 1
449 3
450 2
448 3
450 0
449 1
449 2
449 0
449 3
449 2
448 3
448 2
447 3
447 4
446 3
449 4
447 0
446 5
582 4
456 5
502 2
500 0
500 4
447 4
446 3
452 2
450 0
447 4
444 3
447 4
447 1
447 3
446 0
445 2
444 0
444 4
444 2
444 4
444 3
451 4
451 3
445 3
451 3
448 2
447 4
447 4
447 0
445 3
446 5
572 1
570 4
456 3
463 4
461 2
459 1
459 0
448 2
447 4
443 3
450 4
450 4
450 3
446 4
446 2
446 2
446 2
446 5
504 5
651 1
650 2
647 1
647 5
858 3
652 4
488 5
516 2
514 5
653 2
649 3
556 0
555 2
553 2
551 4
469 1
469 3
458 2
457 1
457 5
529 4
460 4
455 1
455 3
458 4
458 4
458 2
457 1
457 1
457 2
455 2
454 1
454 4
454 1
454 1
454 4
454 5
503 4
453 4
453 5
505 4
451 5
504 2
502 4
451 2
451 2
451 0
447 4
445 2
445 5
503 1
502 2
500 4
449 3
454 3
453 2
452 0
448 1
448 2
446 2
446 5
572 2
572 3
505 4
455 4
454 3
451 5
510 4
453 3
458 3
456 3
453 5
499 3
478 3
475 4
449 3
448 4
447 1
447 2
445 3
446 4
446 0
443 4
441 0
441 2
440 2
440 0
440 3
441 1
441 4
441 3
441 0
441 2
440 2
440 2
440 2
440 3
441 2
441 2
441 1
441 4
441 5
502 0
502 0
502 0
502 3
478 4
443 4
443 4
443 2
442 0
442 1
442 0
442 4
440 4
440 5
505 2
503 4
447 3
450 0
444 0
444 2
443 1
443 1
443 4
440 5
498 2
496 3
471 3
467 4
447 2
446 3
449 4
449 3
448 5
502 4
449 0
444 0
444 3
445 2
444 3
445 3
444 1
444 3
445 2
444 1
444 3
446 3
445 5
573 3
510 5
677 4
461 0
454 5
594 0
594 0
594 4
458 3
463 2
462 5
505 1
505 0
505 3
479 5
620 1
620 4
468 0
457 3
455 3
455 0
454 4
447 5
505 1
505 4
449 2
448 1
448 2
448 5
503 4
449 3
456 3
454 2
452 3
457 3
454 2
452 2
450 3
453 0
446 4
441 1
441 0
441 1
441 4
441 3
444 3
445 4
445 3
445 3
450 4
450 2
449 5
502 5
655 2
651 2
648 3
551 4
459 2
457 4
451 3
448 1
448 3
450 3
449 2
447 2
445 3
450 3
447 4
447 3
450 2
449 4
448 3
449 5
502 2
500 0
499 0
499 2
497 2
495 2
493 5
649 1
649 4
457 3
455 5
498 3
473 2
472 0
470 2
469 3
467 2
466 3
466 2
465 2
464 2
463 3
463 1
463 0
463 2
462 5
632 3
564 2
563 5
795 5
1098 0
1098 4
495 2
493 1
493 3
478 2
476 4
469 5
502 0
499 2
497 2
495 0
495 3
480 2
479 3
475 4
449 5
506 0
505 2
503 2
503 2
503 3
478 2
476 3
472 3
470 0
469 2
468 3
467 0
467 5
646 0
646 1
645 3
581 2
578 1
578 3
557 0
557 1
557 5
868 3
779 3
749 2
747 0
746 3
740 2
738 5
1208 2
1204 2
1200 5
1708 2
1702 1
1701 0
1701 0
1701 3
1588 1
1588 3
1532 0
1532 1
1531 0
1531 3
1496 0
1496 4
505 0
486 4
459 1
459 5
519 2
517 3
486 2
485 1
485 1
485 4
454 2
453 3
454 5
526 3
486 4
453 1
453 2
452 0
450 2
449 3
448 5
582 3
526 3
512 2
511 2
509 3
502 4
452 5
528 4
455 2
454 3
457 2
457 1
457 0
447 3
449 3
448 4
446 4
445 5
514 1
514 5
681 0
681 5
907 2
901 3
708 5
967 3
840 2
836 4
503 4
489 3
478 0
467 0
467 2
467 3
463 3
463 3
462 1
462 1
462 0
462 3
464 4
459 5
518 2
516 3
493 1
493 3
490 5
620 4
470 4
464 4
464 0
459 3
460 3
460 3
460 4
453 3
454 2
453 0
453 5
577 4
462 4
461 2
460 2
459 2
459 3
461 5
514 3
491 4
459 2
458 0
455 0
455 3
455 2
454 1
454 2
453 2
452 4
449 2
449 3
455 4
454 2
452 1
452 2
451 3
448 5
509 2
507 0
507 4
453 2
453 2
452 2
452 3
456 5
496 3
479 1
479 4
455 2
454 3
456 4
456 4
456 2
455 3
456 4
456 1
456 4
456 2
455 2
454 4
454 2
454 2
453 2
453 3
458 4
458 1
458 4
458 2
457 2
454 3
455 0
452 3
452 0
451 4
447 2
447 4
446 3
448 4
448 4
448 2
446 2
446 2
446 0
446 3
447 2
446 1
446 2
446 3
447 5
560 2
558 2
556 5
730 5
946 5
1174 2
1167 4
501 3
485 2
483 3
478 3
476 0
465 4
458 5
496 2
494 5
611 4
481 0
465 4
456 2
456 1
456 5
501 1
499 2
498 2
498 4
460 0
455 3
455 1
455 5
547 3
500 4
462 1
462 3
459 3
458 0
454 0
454 3
455 5
581 3
514 3
499 2
498 -1
