5 2000
428 5
428 5
634 0
633 5
1046 5
1470 3
1315 1
1315 1
1315 3
1177 3
1075 1
1077 4
288 4
286 1
288 2
287 0
279 1
280 4
255 5
362 0
362 2
360 4
260 1
260 5
351 5
629 0
629 4
277 0
270 1
272 4
262 5
356 0
356 1
357 5
627 0
627 4
271 2
270 2
269 5
362 4
265 4
265 5
352 0
352 3
313 3
307 5
537 3
451 4
274 4
274 2
273 1
275 2
273 4
273 0
272 5
527 1
527 2
523 1
523 1
522 0
522 0
522 2
519 5
878 1
877 3
633 5
1106 2
1101 1
1099 0
1099 1
1099 3
909 0
909 2
904 2
900 1
900 5
1606 1
1606 4
292 5
372 5
662 1
662 3
502 5
928 5
1446 4
272 5
353 3
319 0
318 3
320 1
323 3
323 1
324 1
325 1
326 0
326 1
327 3
324 4
269 4
269 4
269 2
268 1
268 5
376 3
336 5
623 5
1031 3
829 4
295 0
288 4
265 5
364 1
364 5
655 2
651 0
651 2
648 4
269 1
269 0
264 3
283 3
276 0
276 2
275 2
274 0
274 0
274 0
274 4
261 1
261 1
261 1
263 0
262 1
263 1
264 4
261 4
261 3
266 5
367 5
644 2
640 0
640 5
995 1
993 1
992 1
989 5
1348 5
1697 4
288 2
286 1
288 2
286 3
290 0
282 5
496 3
401 0
398 5
830 4
281 0
276 4
260 5
354 3
324 2
323 2
321 5
581 4
274 4
274 5
354 1
355 3
327 2
325 3
316 1
317 5
586 3
479 4
280 2
279 5
381 4
265 3
279 4
277 1
277 3
283 2
282 5
351 2
349 4
261 5
353 4
261 5
348 2
346 3
311 1
312 3
306 2
305 4
271 5
368 5
654 1
654 3
494 3
449 2
448 2
447 3
437 2
435 1
436 1
437 2
436 0
436 2
435 1
435 4
269 3
267 0
266 4
258 4
258 5
369 0
369 4
262 5
366 3
326 3
320 2
319 0
317 1
318 3
322 0
322 3
324 2
323 0
322 2
321 4
266 3
266 1
266 4
265 5
374 0
374 4
262 1
262 1
262 5
363 2
361 1
362 4
261 3
271 5
363 0
363 2
361 1
361 0
361 5
659 3
491 1
491 4
280 5
363 1
363 2
361 4
266 5
365 3
320 3
316 3
312 2
311 1
311 5
549 4
277 3
275 3
275 3
278 2
276 1
278 1
278 4
276 3
276 4
276 4
276 4
276 1
276 3
274 0
270 0
270 1
271 2
270 4
257 0
257 3
275 1
275 5
473 4
260 3
272 5
365 2
363 4
261 4
260 3
274 5
364 3
332 2
331 3
333 4
272 4
272 0
270 1
270 4
261 5
358 5
643 0
643 1
642 3
460 5
830 4
289 3
280 4
276 0
275 5
506 4
273 1
273 3
279 4
278 0
270 4
256 5
350 2
348 4
258 1
258 1
261 2
258 2
258 1
258 3
274 1
274 4
274 2
273 0
270 1
271 3
273 2
272 4
259 4
259 3
268 0
268 2
266 5
496 0
496 5
838 5
1196 5
1540 2
1531 4
294 5
373 4
274 3
283 2
281 4
280 5
364 5
619 0
619 4
269 2
267 2
266 5
356 5
633 4
265 4
265 2
264 1
264 1
265 2
264 1
264 4
264 3
286 3
275 3
285 2
283 3
282 3
295 4
295 5
357 3
330 4
270 1
270 3
275 5
367 5
640 2
637 3
467 2
465 4
279 5
374 5
657 4
272 3
272 3
277 4
276 1
278 0
270 2
268 3
276 2
274 0
274 4
259 4
259 2
259 2
258 2
257 3
275 3
274 3
280 4
280 1
280 5
358 2
356 2
353 1
353 2
351 4
265 2
265 5
353 0
353 2
351 3
315 3
312 3
314 4
275 3
269 3
266 2
265 5
369 3
332 4
271 2
269 4
269 3
278 1
278 0
273 3
281 4
264 2
262 3
275 5
368 4
264 2
263 4
263 4
263 1
263 2
262 3
278 4
277 4
277 0
275 4
260 0
260 5
478 0
478 4
263 2
262 4
262 0
260 1
260 4
258 4
258 3
276 1
276 5
368 1
369 2
366 5
644 3
487 1
487 2
485 0
484 4
272 2
271 5
368 0
368 1
368 4
268 1
270 5
358 1
359 5
656 2
652 0
652 4
272 2
271 3
280 4
279 5
355 5
608 2
605 2
602 5
963 3
679 1
679 4
288 0
278 2
277 5
510 5
868 2
862 2
857 2
853 2
848 3
606 1
606 0
605 4
282 0
280 0
280 2
279 2
278 1
278 5
528 4
275 3
281 0
276 2
275 5
514 0
514 3
414 0
412 0
412 3
406 2
405 1
405 1
405 4
278 5
391 3
345 5
664 3
546 2
544 5
1045 0
1045 0
1045 5
1617 3
1441 1
1441 3
1339 1
1339 2
1335 1
1335 4
279 3
275 0
272 4
259 2
258 1
258 4
258 3
271 4
271 3
276 2
274 2
273 5
370 2
368 4
259 0
258 3
274 1
276 5
482 4
262 5
361 1
362 2
360 3
320 0
319 4
271 2
270 2
269 5
372 1
372 2
370 3
327 2
326 3
326 2
325 2
324 0
323 4
268 0
268 3
279 2
278 2
277 2
276 2
275 5
516 3
415 1
416 5
791 4
283 4
281 5
363 2
361 5
653 2
650 4
270 4
269 2
268 0
266 4
260 0
260 5
468 5
796 2
792 2
787 4
276 0
271 3
277 3
274 2
273 2
272 0
270 3
277 0
276 2
274 5
531 0
531 4
268 2
267 1
267 2
266 2
265 5
352 4
260 5
357 1
357 0
357 0
357 4
259 2
259 5
358 4
258 4
258 3
278 5
365 2
362 1
362 0
362 3
331 4
267 0
263 3
272 2
271 2
270 0
270 5
507 3
413 3
392 0
392 2
390 2
389 2
388 3
385 2
384 3
384 4
274 0
274 4
259 5
375 5
694 2
691 0
691 4
267 2
266 0
266 4
261 4
261 3
283 2
280 5
366 2
364 3
334 0
330 3
332 5
670 2
667 2
664 2
661 3
539 4
279 2
278 0
276 0
276 5
540 4
274 4
269 2
268 1
268 1
268 0
267 3
280 0
277 4
262 2
261 2
261 0
261 2
261 5
486 4
265 5
365 4
260 3
271 1
271 0
270 4
258 3
273 4
273 1
273 5
360 2
357 0
357 3
327 2
326 5
583 3
483 0
482 0
482 0
482 5
1009 2
1005 2
1001 2
997 4
280 5
361 0
360 3
332 4
270 2
269 1
269 3
270 0
269 3
277 4
262 0
261 4
256 5
366 2
364 3
331 4
277 2
276 4
276 5
359 0
358 1
356 4
261 1
261 4
261 3
273 5
359 3
325 4
270 2
269 5
357 2
355 2
353 5
648 2
645 2
642 1
642 2
639 1
639 1
639 2
636 2
631 0
631 2
628 2
625 4
273 2
272 1
272 1
272 4
271 1
272 4
272 5
358 2
356 3
317 0
314 3
315 5
628 3
514 4
277 4
273 0
272 4
255 0
255 5
473 4
264 3
275 1
275 5
363 2
361 0
361 0
361 3
333 2
332 3
324 2
323 4
267 2
266 0
264 2
263 0
263 3
271 1
271 4
267 1
267 3
268 0
267 0
267 3
277 1
277 1
277 0
276 3
281 2
279 0
279 2
277 3
280 0
280 4
258 2
257 2
256 2
256 3
273 0
271 0
271 3
275 3
276 2
274 2
273 0
273 0
273 3
274 2
272 3
274 0
274 4
255 5
366 2
364 2
362 4
263 4
263 5
361 2
359 2
357 2
355 2
353 4
260 5
361 5
649 2
646 1
644 4
265 0
262 2
262 2
262 1
262 3
275 0
272 5
513 5
863 2
858 2
852 0
852 3
612 5
1065 2
1060 2
1054 3
850 5
1526 2
1521 1
1521 5
2229 0
2229 4
280 4
277 1
277 3
281 1
281 0
275 4
259 0
258 3
271 0
271 3
277 1
277 4
265 2
264 1
264 4
264 3
272 3
273 4
273 3
273 2
272 2
271 0
270 5
500 0
500 3
416 2
414 3
387 4
274 4
274 0
274 3
277 3
279 2
278 2
277 1
277 2
276 2
275 2
273 4
264 2
263 5
372 2
370 2
368 1
368 0
368 5
681 5
1055 0
1055 0
1055 3
737 2
732 2
727 1
727 0
727 4
277 1
277 2
276 3
277 5
386 2
384 2
382 5
668 5
1031 4
272 3
276 5
372 5
650 2
647 4
271 4
270 0
263 2
262 4
257 2
257 2
257 2
257 1
257 4
257 3
276 2
274 3
279 4
279 0
274 3
281 2
279 4
260 3
274 0
273 3
281 2
279 3
277 4
263 3
271 0
270 3
279 4
263 2
262 0
262 5
489 3
402 2
400 3
377 0
377 3
376 2
375 0
375 0
375 3
375 1
375 2
374 5
798 2
794 0
794 3
671 0
671 3
640 0
640 2
638 2
636 0
636 5
1336 3
1201 4
293 5
380 5
695 3
535 2
532 4
291 0
284 2
283 2
282 4
266 3
270 2
268 0
267 3
275 1
275 1
275 0
273 5
539 2
536 2
533 0
533 3
429 2
426 3
409 4
272 2
271 5
377 2
375 3
337 3
328 0
327 5
671 5
1078 3
872 2
868 3
765 0
765 2
762 0
762 2
759 5
1477 2
1472 4
288 4
283 3
277 0
273 2
272 2
270 2
269 0
269 3
279 2
278 3
280 2
278 3
277 2
276 3
278 3
272 0
272 2
271 5
506 5
863 3
633 2
629 4
279 3
282 4
282 3
275 4
275 1
275 5
358 2
356 2
354 2
352 3
322 5
562 3
463 2
461 4
279 5
373 0
373 2
371 1
371 3
335 0
333 4
266 2
265 3
267 4
267 0
266 4
255 4
255 0
255 0
255 0
255 0
255 2
255 0
255 4
255 4
255 0
255 2
255 0
255 2
255 0
255 2
255 2
255 3
269 3
264 2
263 4
263 3
271 5
374 3
333 2
331 1
331 2
329 3
326 4
266 4
265 0
265 3
272 0
272 5
528 2
525 4
268 2
267 4
266 3
278 4
278 2
276 2
275 3
278 2
276 3
277 1
277 0
273 4
260 5
357 2
355 0
355 3
314 5
564 0
564 2
561 5
957 2
952 3
724 2
720 2
716 1
716 3
622 0
621 3
599 3
596 3
593 4
273 1
273 0
273 3
280 5
537 3
444 0
444 4
278 0
278 2
277 0
277 4
266 1
266 4
265 0
265 0
265 2
265 4
265 2
264 0
264 5
505 1
505 0
505 4
267 5
373 1
373 3
335 4
277 2
276 0
274 0
274 1
274 4
261 4
261 2
260 3
273 2
272 2
270 2
269 2
268 1
268 3
275 4
275 0
275 4
260 5
369 4
260 2
260 4
260 3
276 2
275 0
273 4
258 2
258 3
269 2
267 2
266 3
269 3
270 5
364 0
363 5
655 0
655 2
652 3
485 3
434 2
432 0
432 3
429 2
427 3
427 4
274 4
273 5
386 5
702 2
697 4
275 4
274 2
273 2
272 3
283 5
369 4
264 3
279 4
279 3
280 1
280 3
284 0
279 0
279 4
261 5
354 2
352 1
350 1
348 2
346 3
315 2
313 2
312 2
311 4
275 0
274 3
281 0
280 3
283 0
283 4
261 3
276 0
275 3
281 0
281 2
279 3
282 2
281 1
281 4
259 2
258 2
258 4
258 1
258 2
257 4
257 2
257 0
257 4
256 0
256 2
256 3
268 3
265 3
271 2
269 1
269 0
267 0
267 3
273 3
275 2
274 2
273 3
269 2
268 2
267 4
261 3
266 2
264 2
263 4
263 0
263 3
272 2
271 2
270 3
270 0
270 4
258 1
258 2
257 4
257 0
257 3
265 3
267 5
493 3
402 2
400 1
400 2
398 0
396 1
396 1
396 5
831 0
831 3
698 1
698 5
1297 2
1292 0
1292 0
1292 0
1292 5
1935 2
1929 0
1929 3
1724 3
1636 0
1636 2
1630 2
1625 3
1560 2
1556 0
1556 2
1552 2
1548 0
1548 0
1548 2
1544 3
1498 0
1498 2
1494 3
1466 2
1462 3
1442 3
1431 3
1427 2
1424 4
290 2
289 0
286 2
285 0
285 3
289 3
288 3
288 4
261 1
261 5
372 5
685 2
680 5
1048 3
726 2
722 3
604 4
283 4
283 1
283 3
280 0
276 4
263 4
263 0
263 2
262 2
261 0
261 2
260 0
260 3
276 2
274 4
267 3
277 4
276 3
273 4
273 2
271 4
271 3
285 3
274 4
274 2
272 2
271 3
272 0
268 2
267 5
494 1
494 0
494 2
489 4
265 3
280 5
359 2
356 4
260 0
258 3
278 2
276 2
275 0
273 5
516 3
410 4
279 1
279 2
278 0
275 2
274 3
281 2
280 3
284 3
281 4
264 4
264 2
263 2
262 3
269 1
269 4
268 0
266 3
274 2
273 0
273 3
278 2
276 3
277 3
274 2
273 4
262 1
262 2
261 3
265 3
270 4
270 0
270 5
500 5
850 3
610 3
530 0
530 2
528 3
515 3
510 1
510 4
272 2
271 2
270 4
270 4
270 2
269 2
268 2
267 3
271 3
269 2
267 2
266 2
265 0
263 0
263 2
262 3
268 0
268 1
268 2
267 1
267 3
275 2
274 5
525 1
523 2
520 2
517 1
515 2
512 3
412 0
412 2
409 4
268 4
268 2
267 3
266 5
378 3
327 1
327 3
325 0
323 2
322 1
322 3
323 4
272 5
383 2
381 3
336 2
334 2
332 5
632 3
517 2
515 4
282 0
280 0
280 1
280 4
260 2
259 5
358 4
265 0
262 0
262 1
262 4
260 1
260 0
260 3
278 1
278 0
276 0
276 0
276 2
275 3
280 2
278 3
281 3
280 0
278 1
278 2
277 4
262 3
273 4
273 4
273 5
373 3
330 5
628 0
628 3
513 3
492 4
273 0
273 2
272 3
282 1
282 1
282 0
281 0
281 5
535 5
901 4
277 5
365 3
323 3
319 2
317 3
317 4
275 2
274 3
269 2
268 1
268 2
267 0
266 4
256 4
256 2
255 0
255 3
266 1
266 3
269 0
269 3
274 1
274 4
261 4
261 2
260 2
259 3
273 0
271 3
279 2
277 2
276 3
278 0
278 4
255 0
255 3
272 4
270 2
269 2
268 1
268 4
268 3
263 2
262 5
367 0
367 2
364 0
364 2
362 2
360 4
266 4
266 2
265 4
265 5
354 5
623 2
620 3
448 0
444 3
425 2
424 3
419 4
271 2
270 4
270 2
269 4
269 3
266 2
264 3
269 5
385 3
343 4
273 0
270 3
283 0
281 2
280 1
280 4
263 4
263 2
262 3
271 3
269 5
377 2
374 3
335 4
274 0
274 2
273 1
273 2
271 2
270 4
258 2
257 1
257 3
274 5
375 2
372 3
336 3
335 5
608 4
278 4
278 0
275 2
273 2
272 1
272 3
281 1
281 1
281 1
281 2
280 0
279 4
261 0
261 4
260 0
260 3
276 2
274 2
273 0
273 3
281 2
279 3
281 2
279 5
517 3
423 5
797 0
797 4
279 0
276 2
275 3
288 0
287 3
292 3
292 4
261 2
259 0
258 3
271 0
271 1
271 3
273 2
272 3
275 4
261 2
260 5
375 1
373 0
373 4
260 0
257 0
257 5
487 1
487 5
820 4
271 2
270 3
290 3
283 2
281 4
280 5
364 5
633 5
1004 5
1371 5
1735 1
1735 4
288 2
286 1
286 3
283 2
280 2
278 4
278 4
278 2
277 3
300 3
291 2
288 2
286 2
284 1
284 1
284 3
290 2
288 2
286 0
274 4
262 3
276 2
274 2
273 1
273 4
273 5
356 2
354 4
265 0
265 5
477 2
472 2
469 2
466 3
378 3
359 3
357 0
354 3
357 2
356 4
270 0
270 1
270 0
270 5
532 2
529 4
278 1
278 3
286 1
286 0
283 2
281 4
260 2
259 2
258 5
359 0
359 2
357 0
357 0
357 2
355 5
635 2
632 0
632 2
629 2
626 1
625 2
622 5
966 0
966 4
278 1
278 1
278 3
292 0
284 0
284 1
284 4
262 4
262 2
262 2
261 0
260 3
276 4
273 5
367 4
265 0
261 5
455 2
452 1
452 3
374 1
374 4
285 1
285 2
284 2
283 0
280 1
280 2
279 3
288 1
288 1
288 5
514 3
425 0
425 2
423 1
423 5
889 4
280 0
276 3
287 5
524 2
521 3
430 5
804 4
284 3
286 3
281 5
361 0
361 2
359 0
359 2
357 4
258 4
258 2
257 3
275 0
270 3
279 1
279 3
275 5
500 2
497 3
407 2
405 4
279 3
273 5
375 5
663 5
1018 3
734 3
616 2
612 3
573 1
573 4
279 4
278 2
277 2
276 5
371 4
261 2
261 0
258 2
257 5
479 0
479 0
479 5
815 5
1173 4
278 2
276 2
275 1
275 2
274 2
273 3
280 2
278 5
367 1
367 4
265 2
265 1
265 3
286 4
285 3
278 1
278 4
278 2
276 0
274 3
289 4
276 5
363 2
360 4
262 1
262 2
262 4
262 2
262 3
279 2
278 3
284 4
284 1
284 2
282 4
282 4
282 4
282 4
282 2
280 2
278 4
278 5
368 2
365 0
365 1
365 3
335 2
334 0
332 5
654 4
273 2
272 3
282 5
361 0
360 4
262 4
262 4
262 0
261 0
261 4
260 5
354 0
354 4
263 3
284 3
279 1
279 2
277 0
274 4
260 2
260 2
260 2
260 5
351 0
351 0
351 1
351 0
351 5
630 2
627 1
627 4
274 5
360 2
358 2
356 0
355 2
353 0
353 0
353 4
265 1
265 4
264 3
285 4
285 0
279 3
286 2
284 3
286 4
266 4
266 2
265 3
284 3
281 3
279 0
276 5
497 0
497 1
497 5
845 3
613 2
610 3
528 0
528 -1
428 3
331 1
331 0
301 0
301 5
541 1
541 5
898 3
652 3
568 0
567 0
567 3
550 4
279 0
278 1
278 5
553 3
441 3
419 2
418 1
420 1
421 1
422 2
420 5
839 2
835 4
277 3
276 0
272 4
260 3
270 0
270 3
279 5
494 1
495 4
264 5
367 4
261 5
359 4
261 5
362 4
260 0
259 0
259 5
476 0
476 5
802 1
800 4
272 0
268 3
280 5
459 5
783 3
578 4
295 2
294 2
292 5
364 5
636 3
460 1
461 5
872 2
868 1
868 3
703 2
700 1
700 1
701 0
701 1
701 1
702 5
1369 2
1365 2
1360 3
1227 1
1227 5
2092 0
2092 0
2092 1
2092 5
2972 1
2972 0
2972 2
2966 4
289 1
291 5
367 1
367 1
368 1
368 4
271 1
271 2
269 5
350 1
351 4
261 4
261 2
260 2
259 5
360 3
319 4
278 4
277 3
271 4
271 5
361 4
262 5
354 5
628 0
628 4
267 2
267 1
269 5
358 5
625 3
444 1
446 0
446 5
888 5
1366 3
1163 2
1158 0
1158 3
1056 5
1853 3
1699 1
1700 5
2708 2
2701 4
298 2
296 3
282 3
278 4
276 2
275 3
275 5
356 3
323 5
575 0
575 1
574 4
272 2
271 1
271 0
269 5
486 3
391 4
282 0
280 3
288 2
287 5
522 0
522 3
429 2
427 2
425 5
810 3
667 5
1287 1
1287 1
1287 2
1283 3
1144 0
1144 5
1977 5
2811 5
3646 4
282 0
274 5
512 3
422 5
772 2
768 0
768 5
1246 2
1241 1
1241 2
1236 4
285 0
277 1
278 2
277 0
277 2
276 0
276 2
275 0
275 1
276 4
261 3
268 3
267 5
366 0
366 0
366 0
366 3
325 2
323 3
319 3
322 1
322 5
601 1
601 3
482 0
481 5
1010 2
1006 2
1002 5
1532 3
1343 2
1338 1
1338 3
1243 2
1239 3
1174 5
2174 3
2035 3
1978 1
1978 5
3367 0
3367 4
285 5
382 4
264 5
359 2
357 0
357 5
642 4
271 5
365 5
635 5
990 3
656 4
287 5
371 0
370 1
371 2
369 0
369 3
335 3
328 2
327 0
327 3
329 0
329 5
682 0
682 2
678 5
1088 2
1082 4
275 1
275 3
276 0
270 1
271 4
257 2
256 2
256 2
255 5
354 0
354 4
258 4
258 1
258 1
258 1
259 3
272 3
269 4
269 0
268 2
267 0
267 1
268 0
268 0
268 1
269 3
286 2
284 1
285 5
482 1
482 0
482 5
831 0
831 0
831 1
831 2
826 4
267 1
267 2
266 2
266 2
266 0
263 4
259 5
361 1
361 4
262 3
277 2
275 5
363 4
263 3
277 2
275 5
362 3
327 5
592 4
268 2
267 3
283 5
367 3
334 3
332 2
330 4
265 4
265 2
264 2
263 3
274 0
270 1
271 3
274 4
262 0
262 4
257 1
257 5
359 2
357 0
357 5
657 3
467 3
428 3
415 3
415 5
828 2
825 5
1337 5
1854 1
1854 0
1854 3
1613 1
1613 3
1472 4
296 2
294 5
364 2
362 2
360 3
331 2
330 3
327 2
326 1
327 3
326 4
273 0
273 5
518 1
516 5
874 2
869 0
869 1
869 2
864 3
631 3
545 4
278 4
278 2
277 2
276 3
282 1
282 5
374 5
676 1
676 5
1054 5
1428 5
1790 4
284 4
282 1
284 4
284 2
283 1
283 0
279 3
288 5
465 3
409 2
407 1
409 5
715 3
598 2
595 4
282 2
281 3
285 1
286 1
286 5
363 5
639 2
635 2
632 0
632 4
270 2
269 1
270 2
269 2
268 1
268 2
267 5
369 2
367 5
640 3
449 5
802 1
802 4
288 0
278 4
259 1
259 2
259 1
259 3
273 2
271 0
271 3
281 4
263 4
263 5
370 4
260 2
259 0
259 5
479 3
386 2
384 4
276 3
279 4
279 5
358 3
324 5
592 4
274 3
277 4
277 5
353 5
627 4
273 0
269 5
483 1
483 0
483 5
820 2
814 5
1156 2
1150 3
816 3
659 4
286 5
364 1
364 3
329 2
327 2
326 3
322 1
324 2
323 3
324 4
268 2
267 3
275 2
274 0
273 5
518 4
270 2
269 4
267 0
265 5
495 4
263 2
262 5
355 2
353 2
351 2
349 2
347 1
346 0
346 5
630 1
628 0
628 4
273 0
269 4
259 5
356 1
355 2
353 0
353 2
351 4
262 0
261 1
262 3
280 4
277 5
360 4
262 4
262 0
261 5
467 0
467 0
467 4
261 2
261 4
261 0
260 0
260 1
261 0
261 4
258 4
258 2
258 3
286 5
359 2
357 1
357 4
268 2
267 5
350 2
348 3
317 2
316 1
316 4
281 0
281 3
285 2
284 4
263 1
263 1
263 1
263 5
358 4
265 1
265 2
264 4
264 2
264 5
360 4
263 3
282 3
271 0
270 4
263 2
263 2
263 5
357 0
357 3
321 5
559 5
951 4
275 2
274 5
359 2
357 5
624 3
450 4
276 4
275 2
274 2
273 3
278 3
277 2
275 2
274 3
273 4
273 2
271 0
269 3
275 5
501 0
501 3
409 3
392 2
390 2
389 4
276 0
276 3
281 3
281 3
280 2
279 0
279 2
278 5
537 2
534 1
534 3
432 5
829 3
684 3
650 0
650 2
648 3
644 3
644 0
644 3
644 3
644 2
642 1
644 3
643 4
277 0
276 3
282 3
282 2
281 4
264 0
264 5
514 4
269 0
267 2
266 0
266 3
282 3
277 1
277 3
279 0
277 5
537 2
534 4
270 2
269 4
268 4
268 2
267 1
267 1
267 2
266 2
265 2
264 0
264 3
278 1
278 2
276 4
268 2
267 2
266 4
266 0
266 2
265 5
493 4
265 4
265 5
357 3
320 4
269 2
267 4
266 1
266 5
361 5
644 4
262 3
278 3
276 5
364 3
330 0
327 5
666 2
661 0
661 4
276 3
284 4
282 5
360 2
358 1
359 2
357 1
356 4
265 3
285 4
285 2
282 2
281 5
357 2
354 2
352 5
612 2
609 3
461 2
458 2
456 1
456 3
423 4
274 4
273 4
273 4
273 0
271 0
271 2
270 2
269 5
513 3
413 5
765 5
1242 3
1045 1
1044 4
285 2
284 2
282 5
371 3
334 3
330 2
329 4
272 3
276 0
274 1
274 1
274 5
513 2
510 3
423 2
421 5
769 5
1243 2
1237 2
1232 4
278 4
276 4
276 0
275 3
287 5
486 4
269 3
285 0
276 4
259 5
359 2
357 5
642 3
450 5
804 4
277 5
362 4
260 2
259 3
268 3
274 3
273 2
272 2
270 2
268 0
267 2
266 0
266 0
266 5
497 0
497 2
494 0
494 2
491 2
488 3
394 5
697 0
697 3
580 3
557 2
555 2
553 5
1145 4
280 1
280 5
370 4
261 0
260 3
276 4
271 3
273 4
270 3
271 4
271 4
271 0
270 1
270 2
269 3
277 1
277 4
263 3
273 5
365 1
366 4
262 4
262 4
262 2
261 1
261 3
276 4
275 2
273 1
273 4
273 5
366 2
364 4
263 0
260 3
279 2
278 0
278 2
276 4
260 4
260 4
260 4
260 3
266 4
266 4
266 2
265 4
265 3
273 4
273 3
266 5
363 4
259 2
258 4
258 2
258 2
258 2
258 3
274 4
274 5
362 2
360 4
258 5
358 0
358 4
257 4
257 5
359 4
257 3
277 5
368 4
259 4
259 3
271 3
272 4
272 0
270 2
268 4
256 2
256 2
256 2
256 2
256 5
360 0
360 2
358 5
641 2
636 2
633 4
270 1
270 2
269 4
268 0
265 2
265 2
265 5
457 2
454 2
451 5
765 2
761 3
506 2
503 1
503 2
500 3
439 5
829 1
829 3
699 3
668 5
1355 4
283 2
282 4
279 5
361 2
359 5
650 1
648 4
273 4
272 3
283 1
283 2
281 3
282 0
276 5
498 3
409 5
747 4
280 2
279 1
279 1
279 4
277 0
277 0
277 3
286 1
287 0
287 5
558 3
451 4
289 4
287 4
287 2
286 3
277 4
277 5
364 2
362 4
270 5
360 2
358 4
267 0
263 2
263 3
276 2
275 4
270 4
270 1
270 1
270 5
367 3
325 4
267 5
365 2
363 2
361 2
359 4
265 2
264 4
264 1
264 4
264 5
360 2
358 5
636 2
633 3
459 3
410 2
408 3
403 4
274 4
274 2
273 4
273 2
272 4
272 2
271 2
270 0
270 1
270 1
270 4
258 0
258 3
266 2
265 2
264 5
501 4
265 3
280 3
276 0
272 2
270 0
270 3
282 2
280 2
279 4
265 1
265 5
370 3
335 1
335 0
333 4
267 2
266 3
266 0
266 2
265 4
260 4
260 5
369 2
367 0
367 3
334 2
332 5
600 2
597 2
594 4
276 3
273 2
272 2
271 5
363 2
361 5
640 5
1003 5
1362 3
1003 2
997 4
292 2
290 5
363 1
363 3
332 3
324 5
580 5
979 1
979 5
1379 3
1124 2
1118 3
962 2
956 0
955 2
950 2
945 3
864 4
291 2
289 2
287 2
286 1
286 0
284 0
284 3
290 4
264 0
263 2
261 5
495 2
492 2
489 3
393 1
393 0
390 5
835 5
1296 1
1296 2
1290 2
1284 5
1750 3
1545 2
1539 2
1533 0
1532 4
296 4
294 4
294 2
293 3
286 4
284 5
353 4
263 3
287 2
285 4
285 4
285 3
275 4
275 5
356 0
356 2
354 0
354 4
261 2
261 2
261 2
260 3
276 4
276 2
275 5
359 3
331 1
331 5
579 2
576 1
575 2
571 0
570 3
478 4
277 2
276 3
272 2
271 1
271 0
267 2
266 4
255 2
255 2
254 2
254 5
366 2
364 5
669 3
481 3
440 2
438 3
418 3
413 1
413 4
270 2
269 1
269 4
269 2
268 0
267 0
267 0
267 2
266 0
266 4
258 2
257 5
375 4
262 4
262 5
358 5
656 5
1017 2
1011 1
1009 3
706 3
598 3
566 3
558 3
557 0
557 2
555 3
555 1
555 1
555 0
555 4
274 5
380 2
378 1
378 3
343 2
342 3
340 2
339 2
338 1
338 4
272 0
272 2
270 0
270 5
526 2
523 0
523 2
520 0
520 4
273 5
367 4
262 0
261 3
276 3
283 4
272 1
272 4
272 3
280 0
278 0
278 5
521 3
420 4
283 4
281 4
281 4
281 4
281 3
277 2
276 0
271 1
271 0
271 1
271 4
256 2
256 4
256 4
256 5
357 2
355 2
353 0
353 4
261 5
354 3
316 1
316 5
555 1
555 1
555 3
452 2
450 3
434 2
432 0
432 0
432 5
931 2
927 3
785 5
1455 3
1309 0
1309 2
1304 4
284 2
282 4
279 2
278 1
278 1
278 3
276 2
275 3
280 2
278 2
276 3
277 0
275 5
521 1
520 1
520 4
268 0
265 3
280 4
267 1
267 4
267 2
266 3
277 5
372 3
334 1
334 3
330 3
331 5
607 1
607 1
607 3
496 2
494 2
492 2
489 2
485 3
465 5
968 4
283 5
373 3
342 3
335 5
623 3
510 2
508 0
508 2
506 2
504 5
1039 2
1035 1
1035 2
1030 0
1030 3
891 3
836 5
1652 2
1648 1
1648 0
1648 0
1648 4
279 2
278 0
277 2
276 4
261 4
261 3
270 2
269 2
267 0
267 4
257 0
257 3
273 5
487 4
267 3
281 4
281 2
279 5
362 1
362 4
262 2
262 4
262 0
261 3
272 3
274 2
273 5
486 1
485 4
267 3
268 1
268 5
361 4
262 4
262 3
280 5
355 1
355 3
325 1
325 4
273 3
275 3
278 4
277 4
277 3
279 5
366 0
365 5
647 5
1007 4
277 3
288 5
365 3
336 0
331 4
266 0
264 0
264 2
263 3
278 0
277 4
260 0
260 4
258 3
275 0
273 4
257 2
257 4
257 4
257 2
257 3
268 2
266 3
273 4
273 0
270 4
256 4
256 4
256 4
256 2
255 2
255 0
255 2
255 3
270 5
472 1
472 2
469 0
469 3
392 0
390 1
390 4
275 2
274 3
266 0
264 2
263 2
262 0
262 5
506 2
503 3
410 3
390 4
278 5
381 5
699 5
1081 2
1075 4
274 5
365 5
650 2
647 4
265 5
356 4
256 2
256 4
256 2
256 1
256 2
256 5
356 4
257 4
257 1
257 3
280 4
280 2
278 0
276 5
494 0
494 2
491 4
271 0
269 4
260 3
276 3
278 3
274 2
273 5
354 4
259 5
355 1
355 5
622 2
619 4
268 3
290 5
363 1
363 3
327 0
325 0
325 3
326 4
270 1
270 4
270 3
265 2
263 3
274 2
273 3
269 1
269 0
269 3
274 2
273 5
511 1
511 1
511 2
508 3
412 2
410 5
768 3
631 0
630 2
627 4
281 1
281 5
375 3
340 5
642 0
642 4
281 4
278 5
359 3
330 3
325 2
324 2
323 3
326 2
324 0
322 2
321 3
322 0
322 2
321 5
673 0
673 2
670 1
669 3
542 3
504 1
504 1
504 5
1030 3
896 3
855 5
1683 4
282 2
280 4
276 2
275 2
274 3
276 4
276 3
268 2
267 2
265 4
265 0
265 0
265 2
264 2
263 5
493 3
401 2
399 1
399 2
397 5
735 5
1198 1
1198 2
1193 4
274 4
272 0
266 2
265 5
488 4
265 2
264 3
278 1
278 4
277 0
272 2
270 1
270 2
268 0
268 0
268 1
268 2
267 4
258 4
258 4
258 1
258 2
258 3
276 5
358 2
356 5
629 2
626 4
268 4
267 2
266 5
354 2
352 1
352 2
350 2
348 2
346 3
318 2
316 2
314 4
276 1
276 4
276 1
276 5
364 5
644 4
272 2
270 5
355 2
353 2
351 1
351 4
266 2
265 2
265 2
264 2
264 0
263 4
262 2
262 2
262 2
262 3
285 2
283 5
365 0
365 2
363 4
263 1
263 2
262 3
284 2
282 0
280 4
264 4
264 2
263 2
262 1
262 0
261 1
261 3
280 5
461 1
461 4
267 1
267 3
282 5
353 5
622 4
271 3
277 2
276 4
276 2
275 2
274 4
274 2
272 1
272 3
277 4
277 2
276 2
275 3
280 5
361 5
625 2
621 0
621 4
266 2
265 1
265 2
264 5
357 2
355 2
353 4
261 0
260 2
260 0
260 4
259 4
259 2
259 3
277 0
275 5
490 4
271 0
270 3
281 4
270 3
282 5
355 0
355 4
264 4
263 4
263 4
263 5
353 2
351 2
349 4
264 4
264 3
277 2
275 3
278 4
278 0
276 3
279 3
279 1
279 2
278 5
496 4
268 2
267 4
267 0
266 0
266 2
265 4
262 1
262 0
262 4
262 2
261 2
261 3
281 4
280 2
279 2
278 2
277 2
276 4
276 0
272 0
272 0
272 1
272 2
271 5
486 0
486 1
486 2
483 4
270 1
270 4
270 4
270 4
270 3
278 3
277 4
277 4
277 4
277 2
275 5
353 4
264 4
264 0
262 1
262 4
260 2
260 3
279 4
279 0
275 1
275 3
284 0
284 2
283 5
509 0
509 2
506 4
269 2
268 2
267 3
286 3
275 4
274 3
278 2
276 0
274 1
274 2
272 5
491 4
270 2
268 4
268 4
268 1
268 5
357 0
357 2
355 3
321 5
555 2
552 5
926 2
920 0
920 2
915 1
915 0
915 1
915 1
915 3
699 3
613 3
589 2
587 4
278 5
373 2
371 4
269 2
268 4
267 0
265 0
265 3
274 4
269 4
269 2
268 2
266 4
266 2
265 4
265 5
367 0
367 0
367 0
367 0
367 2
365 2
363 2
361 1
361 4
264 5
362 3
319 5
577 2
574 3
466 4
280 2
279 2
277 3
274 4
272 1
272 0
271 2
270 4
257 2
257 4
257 5
359 0
359 2
357 3
310 0
310 2
309 0
309 4
265 3
272 0
271 1
271 4
257 1
257 1
257 2
256 2
255 2
255 5
366 4
257 3
272 4
272 0
270 0
270 2
268 3
277 3
271 2
270 2
269 3
273 3
276 4
265 4
265 4
265 3
275 0
273 2
271 4
256 2
255 4
255 4
255 3
267 1
267 1
267 5
359 1
359 0
359 4
259 3
271 2
269 0
267 1
267 2
265 2
264 2
263 4
256 2
256 1
256 1
256 3
274 5
365 4
261 1
261 2
260 0
259 3
276 2
274 3
272 1
272 3
279 2
277 4
271 3
268 1
268 1
268 2
266 2
265 2
264 2
263 5
362 0
362 2
359 4
260 2
259 0
256 3
271 1
271 0
270 0
270 4
261 4
261 4
261 3
276 2
274 2
273 4
273 0
270 2
269 5
504 2
501 3
404 1
404 3
387 0
386 4
266 4
265 2
264 4
264 2
263 2
262 3
263 2
262 5
371 4
261 2
261 0
259 2
259 0
259 3
273 0
272 2
270 4
260 0
260 4
259 2
258 0
257 3
276 4
273 0
272 4
258 4
258 2
257 2
256 3
272 1
272 3
268 0
267 0
267 2
265 4
257 0
257 2
256 5
485 4
261 2
261 5
356 2
354 3
311 3
310 5
561 1
561 4
265 2
263 3
271 1
271 4
271 1
271 0
269 4
256 1
256 5
375 2
373 2
371 4
258 5
372 3
325 4
278 2
276 4
276 3
278 3
268 0
264 2
263 1
263 4
259 4
259 2
258 3
271 2
269 1
269 1
269 5
354 0
354 1
354 2
352 3
325 5
586 2
583 5
984 2
980 2
976 4
272 5
371 0
370 2
368 1
368 2
366 5
645 2
642 5
1000 5
1343 2
1335 3
928 5
1368 5
1873 3
1635 2
1628 0
1628 2
1619 2
1612 2
1605 0
1605 2
1598 3
1409 2
1403 1
1403 1
1403 5
2283 3
2130 1
2130 3
2042 2
2036 5
3320 1
3320 4
286 -1
428 0
407 4
280 3
290 4
289 5
369 4
263 3
290 5
365 5
614 2
610 0
610 0
610 2
606 1
603 1
602 5
973 5
1342 4
280 5
364 1
365 5
616 4
275 4
275 4
275 2
274 1
277 3
285 5
367 5
621 0
621 4
266 1
268 1
269 0
265 1
266 3
280 4
273 1
274 4
274 3
270 4
269 5
364 0
364 1
365 3
326 3
325 4
269 2
268 4
268 5
364 3
329 1
332 4
280 5
363 5
650 5
1021 0
1021 5
1381 3
1050 3
854 4
294 0
289 2
288 2
287 2
286 2
285 5
551 1
550 5
902 2
896 1
896 4
273 2
272 2
271 4
268 1
270 0
267 1
268 4
260 4
260 1
261 2
261 5
365 4
262 5
368 0
368 1
369 0
369 0
369 4
260 5
363 3
316 4
276 1
277 5
357 0
356 4
260 3
282 3
276 0
273 4
257 0
257 1
260 4
260 3
276 2
274 0
271 1
272 5
501 0
501 5
850 1
847 5
1213 5
1567 2
1559 3
1198 4
285 1
285 2
283 2
282 4
282 5
359 0
358 1
358 5
651 3
471 1
471 4
286 2
285 4
283 1
284 3
277 1
277 4
274 3
270 1
270 1
270 4
270 3
273 1
273 3
271 1
271 3
275 5
359 2
356 5
636 1
636 2
632 2
629 4
271 1
271 2
270 0
267 4
262 5
361 0
361 4
260 4
260 3
274 2
272 4
271 5
357 5
632 4
272 5
360 4
261 1
265 2
264 5
363 4
260 1
260 1
260 1
260 0
259 4
259 4
259 5
362 3
331 2
329 0
325 3
323 4
267 4
267 0
267 5
505 5
855 3
624 3
541 3
527 2
525 4
277 2
276 1
276 2
275 5
384 5
700 1
699 4
269 5
369 5
663 1
662 3
468 2
466 2
463 5
856 1
856 5
1350 4
286 5
356 4
270 1
271 1
271 1
273 1
273 4
273 4
273 1
273 4
273 2
272 2
271 1
271 1
271 4
271 5
357 4
270 4
270 4
270 5
352 5
616 2
613 0
613 0
613 4
268 0
266 4
260 3
278 3
278 4
278 0
273 4
259 4
259 4
259 1
259 5
359 4
259 4
259 4
259 4
259 4
259 3
271 3
278 4
278 5
370 1
370 5
638 4
269 3
286 4
285 4
285 1
285 4
285 3
283 1
283 4
283 4
283 5
357 2
354 4
264 3
287 4
287 2
285 4
285 1
285 0
277 5
505 0
505 4
268 0
264 0
264 1
265 5
484 0
484 3
395 4
281 0
277 4
264 2
263 3
272 2
271 2
270 2
268 0
264 3
271 0
270 4
256 4
256 3
272 5
366 1
366 0
366 2
364 0
364 3
327 3
327 5
604 1
604 1
604 1
604 4
274 1
274 1
274 1
275 5
364 4
265 2
264 5
360 2
358 0
358 3
322 3
309 4
268 2
267 0
265 4
256 1
256 3
271 5
377 3
332 4
267 2
266 1
267 5
359 0
359 0
359 5
652 2
649 5
1011 3
710 4
294 0
286 3
289 2
288 2
287 3
290 2
289 4
266 1
266 4
266 5
375 2
372 4
257 5
367 4
258 4
258 0
257 4
257 0
257 5
474 1
474 4
261 2
261 0
260 5
477 2
474 0
474 1
475 1
475 5
810 1
808 5
1158 4
280 4
279 2
278 2
276 1
276 3
289 4
289 4
289 4
289 2
287 2
285 3
288 2
286 3
289 1
289 2
286 2
284 0
274 2
273 2
272 2
271 1
272 3
284 4
271 2
269 1
270 5
363 0
363 4
266 3
281 2
279 4
279 2
277 3
283 2
281 1
283 2
281 4
280 5
360 3
324 2
322 5
558 3
458 4
282 3
275 1
275 3
274 3
270 4
269 4
269 0
269 3
275 5
494 2
491 5
838 3
601 3
526 3
506 0
505 4
278 0
277 2
276 5
542 0
542 0
542 3
439 0
438 2
436 2
434 2
432 5
910 2
906 4
281 5
362 0
359 4
260 1
260 2
259 5
358 0
358 3
327 2
326 3
317 0
315 5
643 4
276 0
273 2
272 4
265 0
265 3
279 0
279 4
260 1
260 3
269 4
269 3
274 2
272 5
363 4
259 3
278 0
277 4
260 4
260 4
260 1
260 5
354 1
354 4
260 3
269 2
267 5
356 2
354 3
326 3
319 4
266 0
265 2
264 2
263 0
263 0
263 1
264 4
259 2
259 3
269 1
269 1
269 3
268 4
268 1
268 3
276 0
276 2
274 1
275 4
259 2
258 1
260 3
270 5
369 5
664 2
659 4
264 5
357 5
627 1
627 4
264 5
361 3
325 0
318 2
317 0
317 3
319 2
318 0
317 1
317 3
321 5
655 4
271 2
270 3
278 5
368 2
365 0
364 3
334 5
602 0
602 0
602 4
276 2
275 4
275 0
273 4
263 4
263 4
263 4
263 2
262 2
261 4
261 4
261 2
261 0
260 4
260 3
277 4
277 1
277 0
273 5
509 4
272 2
271 5
367 5
640 4
265 2
264 2
263 1
264 0
261 4
258 4
258 5
359 4
261 2
261 3
274 3
276 0
271 4
258 4
258 5
352 1
352 1
352 5
624 1
621 1
619 2
614 1
614 1
613 3
452 1
452 0
451 1
452 4
271 2
270 0
268 3
276 0
274 1
274 2
273 3
279 5
531 4
271 0
266 2
265 1
266 2
265 2
265 0
265 2
265 2
265 2
265 1
265 2
265 4
258 4
258 2
257 4
257 3
275 1
275 0
270 0
270 4
259 3
270 0
267 2
266 4
256 4
256 5
363 2
361 4
259 3
271 1
271 2
269 5
360 2
358 2
356 1
356 0
355 2
353 4
259 3
271 2
268 3
278 0
270 2
268 3
275 2
274 3
277 3
279 1
279 0
278 4
258 4
258 1
260 0
259 0
259 0
259 3
269 4
266 0
266 2
265 2
264 2
263 2
262 1
263 1
263 3
271 4
265 4
265 1
267 4
266 4
266 1
266 4
266 3
272 4
272 4
272 4
272 4
272 0
270 5
517 0
517 4
268 3
278 0
272 2
270 5
509 1
507 3
406 2
404 2
402 2
400 0
399 2
397 3
390 0
390 5
847 0
847 0
847 5
1328 5
1817 4
284 3
284 0
277 4
260 2
259 0
258 4
257 0
257 4
257 2
257 1
257 2
257 3
278 0
274 0
274 2
273 0
273 4
258 4
258 4
258 5
358 4
259 2
258 0
258 2
258 5
464 2
461 1
461 0
461 2
458 1
458 5
775 1
774 2
768 0
768 2
763 5
1116 5
1441 0
1441 5
1781 4
303 1
303 5
380 5
595 2
592 1
592 1
591 1
591 2
587 3
409 1
409 2
407 5
712 4
287 3
280 2
278 5
377 2
375 3
335 0
331 5
674 0
674 2
670 2
667 3
551 4
281 1
281 1
281 1
281 2
280 2
279 0
277 1
277 5
537 4
272 2
271 3
281 1
281 1
283 1
283 5
369 4
262 0
258 4
257 1
258 2
258 4
258 3
275 4
275 5
357 0
357 0
357 4
258 2
257 5
358 5
636 2
633 2
630 1
630 1
630 1
630 0
630 4
268 4
267 3
283 0
276 5
490 2
487 0
487 1
486 3
406 0
404 0
404 0
404 3
396 5
835 5
1306 5
1793 3
1582 0
1581 5
2253 3
2110 1
2110 0
2110 2
2104 0
2104 2
2097 2
2090 1
2090 1
2090 3
1975 4
288 2
287 2
286 1
286 4
286 2
284 5
362 3
327 3
322 2
321 4
276 1
276 2
275 2
274 3
268 3
274 5
362 4
265 2
265 0
261 3
273 4
271 0
271 4
261 2
261 2
261 5
355 3
314 5
560 2
557 0
557 3
454 0
454 4
274 5
386 5
698 2
693 0
693 3
507 3
465 0
465 3
463 2
461 2
460 3
461 2
460 2
459 0
459 0
459 5
989 5
1540 5
2090 3
1906 1
1906 2
1900 3
1757 5
2693 2
2686 1
2686 0
2686 0
2686 5
3661 4
287 3
282 4
280 4
280 0
274 5
505 1
502 2
499 1
498 0
498 3
403 2
401 4
279 2
277 3
273 3
272 2
271 4
270 4
270 5
368 4
261 3
274 5
363 1
363 0
362 2
360 5
654 5
1022 0
1022 4
275 1
275 0
271 5
481 0
481 1
481 5
814 0
814 5
1155 3
804 0
802 2
797 2
792 3
652 0
652 4
283 0
281 1
281 5
527 5
886 5
1260 0
1260 5
1627 4
282 0
272 4
263 2
262 2
261 5
364 3
323 3
314 1
316 5
547 1
547 0
547 3
454 3
436 3
433 4
274 5
374 2
372 4
265 1
265 3
276 3
275 2
274 0
272 4
256 5
370 0
370 0
370 2
368 1
368 1
368 2
366 2
364 5
658 2
655 1
654 0
654 2
651 3
458 2
456 2
453 1
453 0
450 3
421 3
422 5
874 2
870 4
280 4
277 3
276 0
272 3
282 0
281 1
281 5
526 3
416 2
414 3
398 2
396 5
787 1
786 0
786 3
649 4
284 3
280 3
277 5
372 5
675 4
273 5
369 4
257 4
257 5
362 1
362 0
362 3
315 0
311 2
310 5
630 2
627 0
627 2
624 4
278 0
272 5
508 2
505 4
271 3
274 0
270 2
269 3
280 4
269 0
269 4
261 3
273 5
366 5
641 4
265 5
365 0
365 4
261 3
280 3
279 0
276 0
276 0
276 1
276 1
276 2
275 5
498 4
268 1
268 5
373 0
372 3
330 0
327 2
325 0
325 4
265 1
265 5
373 4
258 4
257 2
257 3
277 3
270 0
268 2
266 4
256 4
256 1
256 4
256 2
256 1
256 3
269 2
267 2
266 1
266 1
266 0
265 2
264 0
264 5
496 4
263 2
262 3
271 2
269 2
267 5
362 2
360 5
639 1
638 0
638 2
635 4
270 3
292 4
292 3
280 2
278 1
278 4
278 5
352 4
262 4
262 5
345 4
260 2
260 3
282 3
276 4
276 1
276 2
275 5
351 4
261 0
258 5
464 3
385 4
280 0
277 2
276 5
508 4
272 1
272 3
286 2
283 1
283 2
281 4
281 2
279 3
281 1
281 3
278 3
280 2
278 4
278 3
279 4
279 3
280 0
275 5
493 2
488 2
485 5
821 5
1177 4
294 3
296 0
287 2
286 4
268 3
285 4
285 4
285 1
285 2
283 2
281 2
280 4
280 2
278 0
274 0
274 2
273 1
273 1
273 4
259 4
259 3
280 4
280 1
280 0
277 0
277 0
277 2
275 1
275 3
287 3
286 0
285 3
288 0
288 2
286 2
285 4
262 2
261 0
261 0
261 4
260 2
260 3
280 3
278 5
358 1
358 2
356 5
629 4
268 1
268 1
268 1
268 3
290 1
290 2
288 0
283 2
282 0
282 4
264 0
264 4
262 2
261 5
353 3
322 1
322 1
322 3
313 5
541 5
926 2
921 2
916 2
911 1
909 4
273 2
272 0
269 4
263 2
262 2
261 0
261 2
261 1
261 0
261 0
261 1
261 0
261 5
461 1
461 2
458 5
781 3
542 0
542 3
490 5
997 2
992 5
1553 1
1553 2
1548 5
2103 4
291 5
364 2
361 2
359 2
357 4
265 5
363 4
265 2
264 2
264 0
260 2
260 2
260 5
459 2
456 3
364 4
279 3
275 3
274 2
272 0
269 4
255 1
255 3
275 0
274 5
505 0
505 2
500 2
497 3
401 4
272 3
274 2
272 5
366 3
333 5
607 0
607 1
607 1
607 0
607 2
604 1
604 5
1020 2
1015 2
1010 0
1010 2
1005 0
1005 2
1000 5
1428 4
281 4
279 0
273 5
489 3
394 1
394 4
275 2
274 5
369 2
367 2
365 5
647 5
1018 2
1012 5
1370 0
1370 5
1723 3
1332 2
1326 1
1326 2
1320 2
1314 5
1792 2
1783 1
1783 4
291 2
288 4
287 0
280 1
280 0
280 3
293 5
515 4
273 4
273 2
272 1
272 4
272 2
271 4
271 3
276 2
275 4
275 0
273 4
259 2
259 3
274 5
362 4
266 1
266 2
265 4
265 5
354 0
354 2
352 1
351 5
629 2
626 5
978 5
1325 2
1318 3
917 1
917 2
911 2
906 1
906 4
307 5
364 2
362 2
360 5
609 0
609 4
272 2
270 4
270 3
277 4
277 5
356 4
264 4
264 2
263 3
279 2
278 3
279 4
279 3
281 4
280 2
278 3
280 4
279 0
275 3
283 4
265 3
268 0
266 0
266 0
266 4
258 3
277 3
276 2
274 4
273 0
270 0
270 3
278 2
277 0
276 5
509 2
506 0
506 2
503 2
500 5
846 4
270 0
265 1
265 1
265 4
260 5
356 5
627 4
267 3
283 0
277 2
275 3
285 4
268 2
267 4
267 4
267 3
278 4
278 5
354 0
354 3
328 0
326 3
326 2
324 4
270 1
270 4
270 0
269 0
269 5
511 3
411 4
283 5
369 1
370 4
267 5
351 4
264 2
263 2
263 0
262 0
262 3
274 0
273 3
278 1
278 3
282 2
280 0
280 0
280 2
278 2
277 3
281 2
280 3
282 1
282 4
265 5
361 2
359 3
324 5
589 0
589 0
589 0
589 2
585 4
273 2
272 2
271 3
275 2
273 4
272 0
271 2
270 4
257 5
356 2
354 3
320 5
552 4
270 2
269 4
267 1
267 4
267 4
267 3
273 0
270 5
505 4
262 2
261 4
261 3
276 2
275 1
275 0
274 0
274 2
273 2
272 5
505 2
502 0
502 0
502 3
401 5
753 2
749 4
280 0
274 5
514 0
514 2
511 4
275 5
362 4
262 1
262 4
262 2
261 2
261 2
261 2
261 0
260 0
260 1
260 2
259 4
257 2
257 3
271 2
269 5
355 2
352 1
350 5
624 3
463 1
463 1
463 5
838 1
838 5
1322 2
1316 0
1316 2
1311 4
280 4
277 0
273 0
273 3
286 0
285 1
285 4
261 5
366 0
366 3
324 3
319 3
320 4
270 0
269 4
256 2
255 2
255 5
374 3
327 3
325 3
315 0
313 2
312 2
311 4
263 0
263 3
272 4
266 2
265 4
265 2
264 4
264 4
264 1
264 4
264 4
264 3
267 0
266 4
255 4
255 3
262 5
378 4
261 2
260 1
260 0
258 3
273 2
272 4
267 1
267 0
266 2
265 4
255 4
255 1
255 0
255 2
255 3
268 3
270 2
269 0
268 3
279 3
279 3
278 2
276 5
501 4
271 1
271 3
277 1
277 2
275 4
275 1
275 2
273 3
277 3
286 5
358 0
357 1
357 3
330 5
604 2
601 3
497 4
283 4
283 0
281 3
286 3
288 1
288 2
286 3
285 0
285 2
283 0
283 5
549 0
549 5
910 5
1298 4
290 3
287 3
284 3
289 3
289 2
286 5
361 3
334 2
332 4
269 5
366 5
652 3
476 3
420 0
419 0
419 4
273 3
270 3
269 2
268 2
267 0
267 3
278 4
267 4
267 0
267 4
257 2
257 2
257 0
257 3
271 3
269 1
269 4
264 1
264 5
387 2
385 0
385 1
385 3
334 0
331 2
329 2
327 2
326 0
326 2
325 2
324 0
324 1
324 2
323 1
323 2
322 0
322 4
265 0
263 1
263 1
263 2
262 2
261 3
273 2
272 4
265 3
266 0
266 3
272 2
270 5
513 4
270 3
279 2
277 1
277 4
275 3
278 4
278 0
275 5
506 4
273 3
279 0
273 4
260 4
260 0
260 3
277 3
274 1
274 5
485 2
482 4
267 3
274 4
274 0
271 2
270 3
276 0
275 2
273 1
273 3
281 3
280 3
281 4
267 3
271 2
269 2
268 4
268 4
268 4
268 4
268 0
268 5
503 4
268 0
262 3
275 1
275 3
275 2
273 2
271 3
273 2
271 0
271 1
271 3
275 4
260 3
270 0
270 3
275 0
275 0
275 0
275 2
274 4
258 4
258 5
366 1
366 1
366 2
364 3
324 0
324 0
324 1
324 4
267 4
264 2
263 4
263 5
365 4
264 4
264 3
273 2
272 1
272 2
271 0
267 3
273 0
273 1
273 2
272 4
259 4
259 2
258 5
361 2
359 0
359 1
359 2
357 2
355 4
266 2
265 3
280 0
276 3
282 1
282 0
281 3
282 5
527 1
527 0
527 2
524 2
521 2
518 2
515 3
414 5
786 2
782 2
778 5
1254 0
1254 3
1055 0
1055 3
944 3
901 0
901 4
286 3
278 0
274 0
274 5
532 4
271 3
282 5
377 5
668 5
1047 3
755 5
1229 3
1011 2
1006 0
1006 3
924 1
924 3
893 4
283 3
276 4
275 4
275 3
275 0
271 2
270 0
270 4
256 1
256 2
256 5
377 4
260 2
260 4
259 2
259 2
259 4
259 2
259 5
362 4
257 4
257 0
257 3
277 2
275 2
273 4
271 4
271 2
270 3
270 5
371 3
326 4
269 2
268 0
266 0
266 5
514 0
514 0
514 2
511 4
268 2
267 4
267 3
281 4
280 3
277 3
276 2
275 4
275 3
276 2
275 0
270 4
258 3
267 3
270 4
270 1
270 4
270 4
270 3
274 3
267 3
272 3
275 2
274 2
273 2
272 4
272 5
361 5
642 0
642 4
269 2
268 2
267 4
266 2
265 5
361 0
361 2
359 2
357 3
320 1
320 3
320 4
276 0
275 2
274 3
276 0
276 4
256 3
268 4
268 0
266 1
266 2
265 1
265 3
276 2
275 4
265 1
265 3
269 5
371 0
371 4
262 3
276 4
275 0
271 3
277 3
278 2
276 3
273 2
272 3
271 2
270 2
269 2
268 2
267 3
276 2
274 4
265 2
264 4
264 3
274 4
274 2
272 1
272 0
270 4
256 1
256 2
256 3
275 4
275 1
275 0
273 0
273 1
273 5
508 2
505 4
272 2
271 0
266 2
265 4
257 2
257 0
257 4
257 3
276 3
280 -1
428 4
428 2
427 1
427 0
406 1
407 2
405 4
280 5
359 1
359 5
628 1
627 4
274 1
276 3
287 5
376 0
375 4
265 3
281 3
281 3
278 1
278 3
277 5
366 2
363 2
361 5
618 4
266 2
264 0
259 0
259 1
260 1
261 2
260 2
259 2
258 0
258 5
457 5
778 3
537 1
537 1
537 1
538 0
538 3
484 1
485 1
487 1
487 5
981 2
977 1
977 0
977 4
288 0
283 2
282 2
281 5
542 1
542 0
542 2
539 3
431 3
405 2
403 1
403 5
817 4
280 3
276 3
282 1
282 2
281 5
376 0
376 0
376 3
330 1
332 5
618 3
498 5
996 0
996 3
847 5
1531 0
1531 5
2241 5
2948 4
282 5
355 2
353 3
322 4
275 5
364 5
648 1
648 0
648 5
1014 0
1014 4
278 5
367 5
621 0
621 5
958 0
958 2
953 2
947 3
621 4
279 0
275 0
275 3
281 1
283 5
511 2
508 3
411 0
410 3
404 2
402 0
402 2
401 5
868 2
864 5
1345 0
1345 2
1339 4
276 5
366 4
267 3
279 2
277 0
271 4
260 3
281 4
280 5
365 4
261 5
352 2
350 0
350 3
317 3
315 3
314 5
559 3
458 4
276 0
274 2
273 4
259 1
259 3
269 2
267 2
266 1
268 0
267 1
268 3
273 3
271 0
271 5
520 3
413 5
798 3
654 1
654 5
1258 0
1258 5
1899 5
2553 0
2553 5
3203 2
3195 3
2980 3
2874 2
2867 1
2868 3
2766 4
285 3
275 3
280 5
375 2
373 2
370 0
369 2
367 5
671 3
499 5
894 5
1397 3
1159 0
1159 4
282 4
280 4
280 5
350 0
348 0
348 2
346 4
258 5
352 5
636 1
636 5
998 0
998 5
1355 3
943 2
938 0
938 4
288 2
287 5
360 5
619 4
272 3
283 1
285 5
369 5
636 2
632 2
628 2
625 4
270 3
293 4
293 4
293 4
293 3
284 2
283 2
281 3
291 2
288 2
286 4
286 5
349 2
347 2
345 4
264 5
347 3
305 2
303 2
302 0
301 3
302 2
301 3
300 1
301 5
581 3
469 4
284 4
284 2
282 3
277 2
276 2
275 3
269 4
269 0
265 3
273 4
261 2
260 4
260 3
273 1
273 3
269 5
367 1
367 4
263 4
263 5
357 1
354 3
320 0
317 3
317 4
267 3
269 0
267 4
255 3
269 3
270 3
270 1
272 2
270 4
270 5
382 3
333 5
626 4
280 5
380 4
259 0
257 4
257 4
257 2
257 3
272 0
269 0
269 4
256 0
256 3
269 2
268 0
268 2
266 3
271 4
262 5
373 4
257 3
267 2
266 3
270 3
272 3
269 5
371 5
661 0
661 2
657 4
267 0
265 0
265 2
264 3
276 2
275 3
276 3
278 3
275 2
274 4
267 0
266 5
499 0
499 0
499 3
397 4
280 5
367 1
367 3
327 5
611 4
275 0
274 0
274 4
263 0
263 0
263 0
263 2
263 2
263 1
264 5
494 4
266 4
266 2
265 2
265 3
277 2
275 4
275 3
276 1
276 0
273 4
260 2
259 4
259 4
259 5
355 3
315 1
317 3
306 0
305 5
618 2
615 5
1013 2
1008 3
780 0
779 2
775 1
776 2
772 4
281 0
276 0
276 1
277 5
520 4
277 3
279 5
366 3
330 5
591 2
588 2
585 0
585 5
975 3
766 1
767 1
767 2
763 2
759 3
661 2
658 1
658 4
279 5
369 0
367 3
329 4
270 3
272 4
270 0
267 0
267 1
269 0
269 1
270 3
279 3
279 5
520 4
263 1
266 0
262 4
257 1
259 4
259 0
259 2
257 3
271 3
271 1
272 5
475 4
261 0
259 0
259 2
258 4
257 2
256 3
274 2
272 2
270 2
268 4
268 3
278 3
266 1
266 4
266 5
353 1
353 1
353 2
351 3
318 3
315 2
313 2
312 1
312 2
311 2
310 3
313 4
274 0
273 2
272 3
278 3
276 2
275 0
275 0
275 4
256 2
255 4
255 4
255 2
254 4
254 3
267 0
264 4
255 1
255 4
255 3
264 4
264 5
370 4
258 0
258 1
259 2
259 3
275 3
274 2
272 2
271 2
269 4
264 3
275 3
278 4
278 0
277 4
259 2
258 4
258 3
270 4
270 1
270 3
280 3
276 2
274 3
270 3
275 5
367 3
336 1
337 2
335 4
273 5
362 3
333 3
326 5
592 2
589 5
999 2
993 2
988 1
988 3
761 4
283 4
281 0
276 5
518 1
517 3
422 0
421 4
279 4
276 3
272 4
271 0
269 3
276 2
274 3
279 2
277 2
276 4
261 2
260 4
260 1
260 0
260 3
270 2
268 2
266 2
265 5
484 1
484 2
481 5
814 3
589 2
586 5
1021 2
1016 4
293 3
281 0
274 3
282 1
285 5
506 1
505 3
419 0
414 3
408 0
408 0
408 1
409 3
407 3
407 3
407 3
407 4
280 4
276 3
266 2
265 5
383 2
381 2
379 0
379 2
377 2
375 0
375 4
265 3
272 4
272 4
272 2
271 5
361 5
648 2
644 0
644 3
477 4
283 1
283 0
278 3
283 0
283 0
283 5
568 5
925 4
275 5
356 1
356 5
636 3
453 1
453 3
418 0
418 4
268 2
267 2
266 0
265 4
258 0
258 3
272 0
272 4
258 4
258 4
258 1
258 3
265 2
264 4
263 5
372 3
335 2
333 4
276 3
274 2
272 0
266 3
276 3
268 3
275 1
275 4
264 4
264 3
271 0
270 5
521 2
518 3
410 2
408 5
774 4
280 1
280 3
279 4
277 4
277 5
368 3
332 0
330 5
666 0
666 2
663 5
1070 2
1065 3
868 3
752 3
703 4
280 4
279 2
278 1
278 2
277 0
276 5
537 5
899 0
899 3
674 2
670 1
670 2
667 2
664 0
662 2
659 3
565 4
279 2
278 4
278 2
277 3
276 2
275 1
275 2
273 2
272 4
272 3
271 0
267 5
506 2
503 1
502 5
849 1
848 2
843 2
839 1
839 1
839 4
274 5
357 4
265 4
264 5
360 4
264 3
280 1
280 5
355 3
328 3
323 3
325 2
323 2
321 1
321 4
266 1
267 0
266 0
266 1
266 0
266 3
275 0
274 4
260 1
260 5
354 3
321 5
565 4
272 0
269 0
269 4
260 2
259 2
259 2
259 1
261 0
261 2
259 1
259 4
258 4
258 3
269 4
269 4
269 3
274 0
270 1
270 3
277 2
275 2
274 2
273 3
275 4
263 0
263 1
263 4
257 2
256 1
256 4
256 2
256 0
256 5
470 1
470 0
470 3
378 0
377 5
786 2
782 1
782 5
1230 0
1230 4
284 5
352 2
350 0
346 1
345 3
323 0
322 4
266 4
265 0
264 0
264 5
508 4
272 2
271 1
271 0
269 5
495 2
492 0
492 4
269 4
269 3
275 5
367 3
333 3
330 1
330 3
326 2
324 3
324 2
322 2
321 2
320 5
580 1
579 2
576 2
573 4
271 2
270 0
266 5
503 4
268 3
270 0
265 1
265 3
281 3
277 0
277 2
276 2
274 5
507 5
843 5
1204 3
901 1
901 3
737 2
733 1
733 4
284 4
283 0
280 5
536 2
533 2
530 0
530 4
275 2
274 5
371 2
369 3
330 2
329 4
273 0
272 2
270 2
269 5
500 2
497 5
842 1
842 0
842 3
605 0
603 3
537 5
1076 2
1072 4
285 2
284 4
279 2
278 1
278 2
277 0
275 0
275 3
283 2
282 2
281 0
280 2
279 3
282 3
286 4
266 5
365 4
265 4
265 2
264 3
280 1
280 2
278 5
369 3
329 0
327 2
325 4
264 2
263 0
262 4
258 0
258 5
491 3
401 2
399 5
727 2
723 0
723 1
723 3
608 2
605 4
287 2
285 1
285 3
276 4
275 1
275 4
275 5
374 3
337 5
634 3
520 5
984 4
276 2
275 2
274 3
276 5
371 2
369 4
263 3
273 4
273 5
354 1
354 2
352 1
352 2
350 4
264 5
354 2
352 0
352 4
260 1
260 4
260 3
278 4
278 0
275 0
275 0
275 1
275 0
275 2
273 3
281 3
285 4
266 2
265 5
361 2
358 3
331 5
564 5
957 3
752 0
751 4
271 3
278 3
278 4
278 5
363 3
333 5
577 1
575 0
575 2
571 1
571 2
568 2
565 3
470 1
470 3
454 5
926 2
922 1
921 2
917 3
782 1
782 4
285 4
282 2
281 4
281 2
280 1
280 5
374 4
260 4
260 3
280 3
274 1
275 1
275 4
274 3
279 3
278 3
278 4
278 1
278 3
276 1
276 0
271 3
275 2
273 2
272 2
271 2
270 2
269 2
268 1
268 2
267 3
275 2
273 5
486 2
483 3
398 4
276 3
277 4
277 4
277 3
276 4
275 2
273 2
272 4
272 2
270 3
279 4
279 4
279 1
279 0
278 4
257 1
257 4
257 5
365 3
323 1
323 3
324 1
324 2
322 2
320 4
277 5
370 5
660 3
494 2
492 3
444 3
437 0
437 0
437 2
435 2
434 4
277 2
276 5
384 2
382 4
263 0
263 2
262 5
496 5
836 4
272 5
356 4
262 3
280 3
279 2
278 2
277 2
276 0
272 2
271 2
270 3
280 3
282 4
268 5
362 2
360 5
633 4
270 5
361 2
359 5
628 3
449 3
406 3
394 3
393 2
392 3
392 3
389 1
389 5
771 1
771 2
768 3
640 0
640 3
620 1
620 0
620 1
620 3
618 4
279 3
271 2
270 3
273 4
273 1
273 1
273 2
272 2
271 4
271 2
269 4
269 3
269 4
269 0
267 1
267 0
267 0
267 0
267 4
257 5
374 4
263 2
262 1
262 2
261 2
261 4
261 1
261 4
261 3
277 5
375 5
659 2
655 3
479 3
446 4
275 3
271 4
268 2
266 2
264 3
269 2
267 2
266 5
373 0
373 2
371 3
332 2
330 4
266 5
361 4
262 2
261 2
261 5
359 3
322 3
312 3
316 2
315 3
312 2
311 3
314 0
312 3
313 2
312 4
267 0
267 5
514 3
417 2
415 4
285 0
284 2
282 4
259 2
259 4
259 3
276 2
274 2
272 4
271 2
269 5
368 3
331 3
323 2
322 5
599 2
596 2
593 1
593 2
590 1
590 3
494 0
494 2
491 3
476 2
474 2
472 3
470 0
470 5
1018 0
1018 4
282 2
281 4
277 3
270 3
273 3
270 2
269 1
269 0
268 0
268 2
267 0
267 3
274 5
500 3
406 5
769 4
275 2
274 2
273 4
271 5
364 5
648 3
462 0
460 1
460 0
460 2
457 4
276 2
275 3
274 1
274 0
271 4
257 2
257 3
269 2
268 4
268 2
266 2
264 3
274 3
266 1
266 5
371 5
684 4
267 3
276 2
275 2
274 3
285 0
279 0
279 5
523 3
422 4
283 2
281 3
283 4
282 5
369 4
267 3
288 5
363 0
361 2
359 2
357 3
334 2
332 4
270 4
270 0
269 4
260 2
259 2
258 4
258 0
257 3
269 0
268 4
260 3
273 4
272 3
267 1
267 2
266 3
269 1
269 4
269 3
274 4
274 0
273 3
278 2
276 4
260 5
356 2
354 5
642 2
639 0
639 3
458 0
456 2
453 0
453 1
453 3
429 4
273 4
273 4
273 5
367 4
263 0
261 2
261 3
273 4
267 2
266 4
266 4
266 5
369 3
325 5
608 3
502 2
500 1
500 2
498 5
971 4
278 4
274 3
272 2
270 2
269 1
269 3
276 0
272 2
271 2
270 2
269 4
255 2
255 5
369 1
368 0
368 4
258 2
257 2
257 4
257 1
257 3
275 2
273 1
273 3
266 3
266 2
265 3
271 1
271 3
274 2
272 4
272 3
277 4
277 5
365 4
261 2
261 2
261 2
261 2
261 4
261 0
260 2
260 3
271 5
472 0
472 3
392 3
377 2
375 2
373 2
371 5
726 3
598 4
286 5
361 4
270 2
269 4
268 1
268 2
267 5
358 5
640 5
1007 2
1001 4
275 5
363 0
362 4
262 2
262 5
364 5
635 2
631 3
439 1
439 4
281 4
281 3
272 0
268 5
510 1
510 3
406 3
390 4
272 0
271 4
259 4
259 4
259 4
259 0
259 1
259 5
499 2
495 4
265 4
264 0
260 3
276 4
270 2
268 4
268 4
268 4
268 1
268 0
265 3
273 4
263 3
274 0
269 4
255 3
271 5
371 3
332 2
331 4
273 2
272 1
272 2
271 2
270 3
271 3
270 0
267 2
266 5
496 4
271 3
280 1
280 2
277 5
359 2
357 3
321 0
321 5
657 0
657 4
275 0
273 4
257 2
256 4
256 3
271 4
271 5
365 2
363 4
262 1
262 3
275 5
359 5
643 2
639 0
639 1
639 4
267 3
275 2
274 5
363 2
361 3
332 5
576 5
985 4
279 4
275 1
275 2
274 3
282 4
281 5
352 5
610 4
273 3
283 0
274 2
273 5
495 4
269 2
268 0
264 4
258 4
258 0
257 3
268 3
277 5
467 3
394 2
393 4
277 4
276 1
276 5
371 5
658 1
657 5
1011 1
1011 2
1005 2
999 2
993 3
709 4
288 1
288 0
285 3
295 2
293 4
272 2
271 4
271 0
269 0
269 4
256 1
256 0
256 0
256 3
271 0
271 2
270 2
269 0
269 3
276 1
276 2
275 3
277 5
504 3
403 1
403 1
403 0
403 2
401 2
399 4
278 2
277 4
274 3
272 2
270 5
376 1
376 4
258 4
258 0
256 3
265 1
265 2
264 4
264 3
269 3
269 1
269 3
272 4
271 5
360 0
360 0
360 2
358 3
328 2
326 4
278 3
278 4
276 3
281 4
281 0
278 3
285 0
285 5
534 4
271 0
269 3
283 2
281 1
281 2
280 5
483 3
406 2
404 1
404 2
402 3
385 2
384 5
737 2
734 2
731 4
278 0
273 5
507 3
411 4
278 3
275 2
274 3
278 4
277 4
277 3
274 2
272 4
270 4
270 3
275 5
376 5
674 3
504 2
501 5
915 4
277 0
273 2
272 3
281 2
279 5
510 0
510 2
507 4
268 4
267 0
265 4
258 3
273 2
271 4
271 2
270 3
272 2
270 3
278 3
277 4
277 5
371 1
371 3
332 2
330 2
329 1
329 5
588 1
588 4
279 4
277 0
274 3
280 2
279 3
282 3
285 2
283 4
269 5
369 5
657 5
1017 1
1017 2
1011 1
1010 4
273 2
272 5
361 3
323 4
274 5
362 2
359 1
359 3
325 5
588 1
588 3
478 5
932 5
1453 3
1277 3
1150 3
1100 0
1100 4
280 0
276 4
260 2
259 3
277 3
267 4
266 2
264 4
264 2
263 2
262 0
262 0
262 5
497 4
268 5
364 4
261 4
260 2
259 2
258 0
257 5
461 0
461 3
375 4
278 4
278 0
277 3
282 2
280 5
509 3
407 4
277 0
276 4
255 3
275 1
275 3
273 2
272 2
270 2
269 5
371 2
369 2
367 3
334 2
332 5
588 3
491 0
491 3
475 4
279 2
278 5
384 3
341 2
339 3
338 1
338 2
337 3
334 2
333 0
333 2
332 1
332 2
331 2
330 2
329 5
691 5
1097 3
908 4
283 2
282 2
281 2
280 0
277 0
277 2
276 4
268 4
266 2
265 3
278 3
276 4
276 1
276 2
274 1
274 0
271 3
282 3
284 4
270 5
362 4
263 1
263 5
356 2
354 2
352 3
320 5
559 5
947 1
947 0
947 4
273 2
272 2
271 2
270 2
269 5
375 3
331 3
318 4
270 0
270 5
509 4
269 2
268 2
267 5
360 3
320 4
266 2
265 2
264 5
365 2
363 5
659 0
659 2
654 2
651 5
1009 0
1009 4
272 3
284 4
283 4
283 2
281 4
281 1
281 3
276 2
274 5
355 2
353 2
351 2
349 2
347 3
321 5
559 5
950 3
722 5
1244 2
1239 3
1070 4
294 4
293 3
282 4
280 3
286 4
286 3
279 4
278 2
277 3
279 4
279 4
279 2
277 2
274 2
273 2
272 4
272 3
277 1
277 0
273 1
273 5
496 1
496 2
493 3
397 2
395 2
393 3
379 0
378 3
379 2
378 3
377 2
376 3
378 4
274 2
273 2
272 5
378 4
264 0
262 4
259 5
358 2
356 2
354 1
354 0
354 0
354 5
662 4
270 4
269 2
268 4
268 4
268 5
355 2
353 4
267 5
354 3
314 4
274 3
275 1
275 0
273 0
273 4
258 4
258 4
258 4
258 1
258 2
258 3
270 0
268 0
268 3
278 5
501 2
498 3
416 0
413 2
411 4
280 2
279 4
278 5
371 3
328 2
327 2
326 4
267 2
266 2
265 5
360 5
672 3
499 2
496 5
874 2
869 5
1372 3
1151 4
293 4
290 2
288 1
288 1
288 4
288 2
287 2
286 0
280 3
291 2
289 2
288 2
287 2
286 2
285 2
284 3
289 2
287 4
269 2
268 4
268 5
363 1
363 0
362 4
264 0
260 2
260 0
260 4
259 4
259 5
354 3
319 2
318 2
316 3
314 4
273 2
271 4
271 0
271 2
270 2
269 2
268 4
260 0
260 2
259 1
259 1
259 2
258 3
268 4
265 2
264 2
263 5
374 3
333 1
333 3
331 2
329 4
269 2
268 0
267 1
267 1
267 3
275 1
275 2
274 2
273 3
271 4
264 0
264 5
499 2
496 3
413 3
384 3
380 3
379 3
375 1
375 4
271 3
268 5
390 5
709 0
709 2
704 4
265 2
264 3
272 2
270 5
369 0
369 3
331 0
331 5
678 4
273 0
268 3
284 4
272 1
272 2
271 2
270 5
365 5
659 3
479 3
444 5
860 0
860 2
857 5
1382 -1
428 5
428 2
426 3
385 3
367 5
667 5
1108 4
283 1
285 1
287 0
277 3
288 4
268 3
276 3
272 0
269 5
506 3
406 4
281 4
280 3
273 0
268 1
269 3
278 4
266 5
370 2
367 2
365 3
328 5
587 1
587 0
587 2
584 1
585 1
585 4
274 4
272 3
274 1
274 5
371 5
641 0
641 1
639 5
1001 3
699 2
695 0
693 2
689 5
1178 5
1702 4
288 5
365 2
363 0
359 4
261 5
364 5
637 3
452 5
809 3
652 3
613 5
1266 2
1262 1
1262 1
1262 3
1119 3
1070 4
287 0
283 2
282 1
283 2
282 1
283 1
284 0
284 4
264 2
263 5
364 4
264 0
262 5
495 5
830 1
829 2
824 0
824 0
824 2
818 0
818 2
814 3
588 1
588 0
587 2
583 0
583 2
579 3
511 3
500 5
1040 0
1040 3
891 2
888 5
1627 4
289 0
284 2
283 1
283 3
294 5
551 2
548 4
275 0
272 4
262 4
262 3
276 2
274 4
273 5
362 0
362 5
646 1
644 4
274 4
271 5
361 4
260 3
280 2
279 3
282 5
362 3
325 5
580 5
978 2
972 2
967 4
270 2
269 3
276 2
275 1
276 5
367 0
366 1
366 4
262 4
262 5
352 0
351 4
258 3
274 0
269 2
268 3
272 1
273 1
274 4
264 3
276 0
274 3
282 3
282 2
280 2
279 4
263 3
274 1
274 3
274 0
273 2
271 0
271 2
270 1
271 3
279 2
277 2
276 3
281 4
265 3
274 1
274 2
273 2
272 5
361 5
638 4
265 2
264 1
266 4
266 5
362 3
319 2
317 4
275 5
361 5
633 5
1006 5
1350 5
1705 3
1353 1
1353 5
1866 3
1602 2
1595 4
303 2
301 5
356 4
274 3
280 0
274 1
275 2
274 0
274 5
497 0
497 3
404 5
738 0
738 2
734 4
275 4
273 5
362 5
641 3
471 2
469 5
876 0
876 1
877 0
877 5
1367 3
1127 4
285 2
284 2
283 4
280 5
354 4
268 4
268 3
284 5
363 0
362 3
331 2
329 0
328 3
327 0
327 1
327 5
656 4
274 1
274 1
274 5
362 3
330 5
599 3
491 5
960 3
810 5
1501 4
283 3
285 1
285 5
362 0
361 3
331 2
330 2
328 2
327 4
275 4
273 5
363 3
330 4
277 0
276 0
276 4
263 4
263 5
356 4
268 2
267 3
285 1
285 0
281 4
263 0
262 4
262 4
262 0
262 0
262 2
262 2
262 5
479 0
479 4
267 1
267 5
352 3
314 4
274 0
272 4
258 4
258 3
269 2
267 0
265 5
486 5
830 0
830 4
272 5
368 0
367 4
264 0
264 4
263 3
278 2
277 3
278 4
278 5
361 2
359 5
625 5
982 3
680 1
679 5
1132 0
1131 4
292 3
281 0
278 2
276 0
276 0
276 3
283 0
282 2
281 4
258 4
258 5
356 0
356 0
356 0
356 2
354 5
655 0
655 3
468 2
465 1
465 2
463 2
461 3
417 4
275 3
268 1
268 4
267 4
267 4
267 1
268 4
268 2
267 5
381 4
263 0
261 4
259 1
259 0
259 5
485 1
485 5
818 3
594 1
594 2
590 2
586 0
584 0
584 4
276 4
275 4
275 4
275 3
276 3
275 1
275 3
273 2
271 3
273 2
270 4
268 4
268 2
266 1
266 4
266 2
265 0
264 4
255 1
255 3
274 3
278 0
277 2
276 2
274 5
505 2
502 0
502 2
499 5
850 2
846 0
846 0
846 3
615 4
282 5
366 3
328 0
326 2
324 4
268 4
268 3
269 0
266 4
255 1
255 3
264 2
262 3
277 4
277 5
378 4
260 1
260 0
259 4
258 3
273 3
273 5
361 4
261 2
261 0
259 2
259 3
274 4
271 4
271 4
271 5
367 3
331 4
269 3
271 2
269 3
276 2
275 4
274 2
272 4
272 2
271 4
271 3
274 1
275 2
273 3
271 0
266 4
255 4
255 3
267 4
267 0
266 3
275 3
274 5
497 3
398 3
382 1
382 4
272 0
272 2
271 0
271 3
275 3
274 4
262 5
374 3
326 2
325 3
321 0
320 4
266 3
266 0
265 5
521 0
521 2
518 0
518 5
871 4
272 3
278 0
272 4
263 1
263 2
262 3
278 2
276 5
358 2
356 2
354 2
352 0
352 2
350 2
348 4
264 2
264 3
282 4
282 3
277 5
353 2
351 5
632 5
997 2
992 1
991 4
275 2
274 4
273 2
272 3
286 5
361 1
361 4
265 3
286 0
279 4
261 3
278 0
274 0
274 0
274 5
505 2
502 3
405 3
387 4
281 2
279 3
278 5
383 4
264 1
264 4
264 2
263 3
270 5
354 4
264 4
264 5
353 2
351 4
263 5
353 3
310 3
308 4
270 3
268 3
268 1
268 0
267 5
504 2
501 4
263 3
271 0
271 0
271 4
261 0
261 4
260 1
260 0
260 5
473 4
261 4
261 3
269 4
269 4
269 4
269 4
269 3
278 3
274 1
275 3
272 4
272 3
272 0
271 0
271 0
271 0
271 3
278 2
277 3
276 3
282 4
269 0
268 2
267 5
492 3
390 1
390 0
390 3
387 4
280 0
279 2
278 4
263 5
362 1
363 2
361 4
265 0
262 5
490 1
490 1
490 2
487 4
267 2
266 3
271 2
270 2
268 3
275 0
272 2
270 4
260 4
260 5
351 2
349 5
636 0
636 5
1004 0
1004 3
684 4
295 4
293 5
366 3
319 4
272 1
272 0
271 3
278 4
264 2
263 0
262 0
262 2
261 3
272 3
273 5
480 0
480 0
480 3
393 2
391 0
391 4
277 4
276 4
276 3
272 3
274 3
273 3
271 2
270 3
269 0
267 0
267 4
258 5
369 5
658 1
658 1
658 0
658 3
471 2
469 5
841 5
1334 2
1327 2
1321 4
283 3
282 2
280 2
279 5
379 0
378 0
378 1
378 4
262 5
358 1
358 4
261 3
279 0
275 4
260 1
260 0
260 1
261 2
260 3
278 4
271 3
272 3
270 0
269 3
283 3
279 3
279 3
280 4
265 5
361 4
256 3
274 1
274 3
273 4
272 0
271 2
269 0
269 2
268 2
267 3
280 3
277 3
275 0
274 3
284 2
283 2
282 2
280 0
279 3
284 0
284 0
284 3
287 3
287 3
288 4
264 5
362 4
261 2
261 4
261 5
352 4
260 5
355 2
353 2
351 0
351 2
349 5
622 3
442 5
807 3
646 0
646 5
1268 4
284 3
277 1
277 0
273 3
283 5
523 0
523 2
520 5
866 3
664 4
277 2
276 3
282 5
371 3
330 2
328 3
323 4
273 4
271 0
268 4
257 0
257 4
257 4
257 2
257 2
256 3
274 5
378 4
261 5
355 3
311 3
306 3
311 4
275 0
275 3
279 0
279 3
281 2
279 5
550 3
437 4
275 3
274 5
378 5
681 2
678 4
272 4
269 4
269 5
358 4
264 0
261 3
269 3
276 3
276 1
276 3
274 2
272 0
271 5
514 4
269 4
268 1
268 3
282 0
276 1
276 5
508 3
410 1
410 4
276 1
276 5
369 4
263 1
263 0
262 0
262 2
262 3
273 4
270 3
278 1
278 3
275 4
274 3
281 3
276 0
273 0
273 4
259 0
259 4
259 5
357 0
357 2
355 5
638 2
635 1
635 5
977 0
977 5
1319 0
1319 4
278 4
277 2
275 4
275 3
286 4
286 4
286 3
282 1
282 4
282 3
288 4
288 0
283 5
503 2
498 0
498 0
498 0
498 1
497 5
834 2
830 4
276 0
271 3
285 3
271 2
270 4
264 0
264 3
281 0
281 4
264 4
264 0
264 4
261 4
261 2
261 4
261 5
347 0
347 3
320 5
567 0
567 5
956 5
1363 5
1754 5
2142 3
1829 4
302 2
300 3
287 4
284 2
282 4
282 1
282 3
282 4
282 3
282 1
282 3
280 4
280 1
280 1
280 5
357 4
264 2
264 3
284 5
345 2
343 5
605 0
605 0
605 3
453 4
290 4
287 3
279 4
278 3
281 0
278 4
262 1
262 5
353 3
315 4
277 3
277 5
373 4
263 2
262 2
262 4
262 2
262 3
279 0
273 1
274 3
281 0
281 1
281 4
259 2
259 0
259 2
259 1
259 1
260 3
275 5
472 3
396 4
281 1
281 5
356 5
641 0
641 3
486 1
487 0
486 3
454 2
452 4
276 3
271 4
271 3
269 2
268 5
375 4
262 4
260 3
272 5
374 0
373 4
259 5
360 1
360 4
257 1
257 5
358 5
648 3
463 5
835 2
831 3
685 4
283 3
281 5
381 3
335 4
270 3
274 4
273 3
281 4
280 2
279 3
281 3
274 5
361 2
359 4
259 3
277 2
276 1
276 5
365 0
365 1
364 0
364 5
663 1
660 5
1028 2
1022 3
726 5
1177 3
986 0
986 5
1712 4
284 1
284 5
364 2
362 4
264 5
348 3
317 4
277 3
269 3
273 4
273 3
278 3
272 4
272 5
365 2
363 0
361 2
359 4
261 3
274 1
274 5
356 4
262 1
262 4
262 5
355 0
355 2
353 0
353 3
323 4
276 4
274 3
275 5
366 3
332 3
326 0
326 3
330 2
329 5
659 3
542 0
541 1
541 4
286 2
284 4
280 5
376 5
672 3
507 3
455 3
448 3
445 4
274 5
379 4
264 0
261 1
261 0
261 2
261 0
261 5
501 4
260 3
271 1
271 0
269 4
260 4
260 0
260 2
260 4
259 4
259 4
259 5
360 4
261 0
258 3
276 1
276 2
274 1
274 0
273 3
279 4
261 4
261 4
261 4
261 4
261 4
261 5
364 0
364 3
325 4
275 0
273 3
284 5
526 4
272 4
271 1
271 3
272 0
271 1
271 5
506 4
271 3
282 3
274 5
365 4
260 4
260 2
260 4
260 2
259 3
272 4
272 2
271 2
270 3
276 5
361 3
326 3
321 4
264 5
356 1
356 5
656 3
478 0
477 4
280 2
279 5
372 3
334 1
334 1
334 0
329 5
677 4
278 5
369 1
369 4
262 5
356 3
312 5
562 3
459 5
891 2
887 3
756 0
756 2
753 1
753 3
726 4
289 4
287 2
286 0
282 3
287 5
545 2
541 1
541 5
900 2
895 0
895 3
676 4
285 0
280 3
291 1
291 0
290 3
290 3
291 5
576 5
949 0
949 3
713 2
708 1
708 4
278 4
277 4
277 5
371 5
658 5
1026 2
1020 4
282 2
281 3
297 4
294 3
291 2
289 3
291 0
283 2
281 2
280 5
495 4
279 0
272 0
272 5
482 0
482 3
388 2
386 5
699 0
699 3
572 5
1133 3
999 2
996 1
996 5
1765 4
282 4
279 5
361 4
267 3
271 4
271 5
357 4
258 3
274 4
274 2
272 3
278 1
278 4
278 0
274 4
257 4
257 1
257 0
257 2
257 0
257 0
257 0
257 0
257 3
266 3
266 0
266 0
266 4
256 1
256 2
256 0
256 0
256 3
270 4
268 0
267 0
267 3
272 2
271 4
262 5
369 5
672 0
672 3
488 5
890 1
890 5
1402 5
1903 0
1903 4
287 4
283 0
280 1
280 3
287 2
286 2
284 5
491 2
488 3
404 2
402 3
390 4
279 3
272 1
272 2
271 5
381 0
381 2
379 1
379 4
264 3
277 4
277 2
275 3
282 4
282 2
280 5
360 4
264 5
354 0
353 0
353 2
351 2
349 3
317 1
317 3
315 4
273 3
275 4
275 3
276 3
274 0
273 3
279 2
277 4
263 5
367 2
365 5
658 2
654 4
274 3
280 3
280 5
373 3
339 1
339 1
339 1
339 2
337 3
331 4
263 0
263 4
259 1
259 5
358 2
356 3
323 5
577 0
577 3
470 4
282 3
276 5
379 4
262 3
283 2
281 4
279 3
274 5
369 4
265 1
265 4
265 3
279 5
365 3
330 2
328 0
327 2
326 3
326 0
326 3
328 4
271 3
273 3
272 3
271 3
277 4
274 4
274 5
370 4
264 3
280 5
366 2
364 1
364 0
364 4
263 3
272 2
271 1
271 1
271 4
270 2
269 0
267 0
267 5
498 4
269 3
272 2
271 5
357 4
262 3
274 1
274 3
284 2
282 5
361 1
361 5
633 0
633 3
477 4
286 0
282 1
282 3
290 1
290 3
293 4
267 0
265 4
258 5
363 2
361 1
361 3
327 3
318 1
318 3
320 5
585 2
582 3
473 3
456 1
456 5
940 0
940 2
936 2
933 1
933 3
804 5
1495 4
286 1
286 5
366 5
660 1
660 3
501 2
498 2
495 4
282 3
281 4
279 4
279 1
279 0
272 0
272 4
256 4
256 2
255 2
254 0
254 2
254 5
473 3
380 3
366 5
693 4
284 3
276 3
277 4
275 4
275 4
275 4
275 0
270 2
269 4
258 0
258 2
257 4
256 1
256 5
353 0
353 5
646 3
467 1
467 3
424 5
810 0
810 3
678 2
675 4
280 3
276 1
276 4
275 0
271 4
258 4
258 0
258 2
257 4
257 4
257 0
257 2
257 3
271 4
269 2
267 3
269 0
268 5
509 2
506 3
414 5
761 5
1237 3
1028 4
282 0
279 0
279 3
289 3
287 5
547 3
450 3
426 2
424 4
269 5
371 0
371 4
262 4
262 0
261 4
259 5
358 5
649 0
649 3
464 1
464 3
425 3
413 3
413 4
268 0
268 0
268 1
268 3
276 0
276 4
260 3
271 0
271 0
271 4
258 0
258 4
257 0
257 3
270 3
260 5
500 1
499 4
263 0
262 1
262 2
262 2
262 0
262 4
257 1
257 2
257 3
273 3
271 1
271 1
271 0
269 4
258 3
270 0
270 0
270 3
280 3
280 2
278 2
277 5
511 2
508 5
850 0
850 3
627 0
626 5
1144 0
1144 2
1140 2
1135 4
296 3
281 4
277 3
278 5
365 4
267 3
279 2
277 1
277 4
277 2
275 2
274 2
273 0
271 5
493 4
271 2
270 3
278 2
277 0
273 2
271 5
501 4
270 4
269 3
276 0
272 0
272 1
272 3
278 4
262 4
262 3
271 4
271 4
271 3
275 5
362 0
362 3
334 4
272 5
361 4
264 1
264 1
264 0
261 3
275 3
274 3
276 3
272 2
271 2
270 3
272 0
272 3
280 5
516 2
513 2
510 0
510 0
510 5
856 3
631 3
542 2
540 4
279 5
364 4
268 3
277 0
273 3
280 4
264 3
275 2
273 4
271 4
271 2
269 4
269 4
269 5
361 2
359 2
356 4
258 5
355 4
256 3
272 4
272 3
266 5
357 5
638 4
267 4
267 4
267 4
267 2
266 2
266 5
356 5
620 0
620 2
617 5
962 3
638 4
287 4
284 0
276 4
262 5
362 5
641 4
270 4
270 5
354 2
352 5
610 0
610 5
967 2
962 3
649 3
546 0
545 4
275 3
270 5
380 3
331 4
276 2
274 0
270 2
269 5
518 2
515 2
511 0
511 1
511 3
410 3
391 2
390 4
273 3
269 1
269 2
268 4
267 1
267 0
265 1
265 3
273 3
271 4
261 4
261 4
261 4
261 4
261 3
267 2
266 5
377 5
697 0
697 1
695 2
692 4
271 3
280 2
279 4
279 3
277 3
276 4
276 2
273 1
273 0
267 1
267 4
258 2
258 2
258 4
258 3
272 3
271 1
271 2
270 5
371 0
371 1
371 4
259 0
258 0
258 4
256 1
256 3
274 3
273 3
278 3
271 2
270 2
268 4
267 5
363 4
260 0
258 2
258 3
275 2
274 4
272 5
363 1
363 3
332 3
324 4
268 0
268 4
260 5
364 3
330 3
322 3
324 2
323 4
271 2
270 3
270 4
270 2
269 3
270 3
272 4
272 5
371 5
673 1
672 3
499 2
495 2
492 3
447 2
445 5
857 2
853 2
849 2
846 4
286 0
284 3
292 4
270 0
269 1
269 5
507 3
409 5
776 2
772 5
1250 5
1719 3
1478 1
1478 0
1478 5
2130 4
291 5
366 4
267 1
267 5
351 3
319 3
310 3
312 2
311 0
309 3
313 4
266 0
266 2
265 2
264 1
264 3
278 3
276 2
274 5
499 3
410 4
280 3
270 4
270 4
270 4
270 2
269 5
366 4
260 2
260 4
260 2
260 4
260 3
274 0
271 4
259 5
360 2
358 5
641 2
638 5
1000 2
994 3
681 4
298 3
286 5
369 4
266 4
266 0
265 2
265 0
265 2
265 4
261 3
280 2
278 5
357 4
262 4
262 4
262 1
262 2
262 3
281 4
280 2
278 5
357 1
357 0
357 4
265 5
348 1
348 0
348 1
348 0
348 2
346 4
264 3
276 1
276 0
271 2
270 4
261 1
261 0
261 3
273 3
276 2
274 1
274 5
459 2
456 3
383 0
381 1
381 2
379 2
377 3
373 3
372 5
772 4
275 2
274 0
273 1
273 3
287 3
282 3
282 4
264 1
264 1
264 0
263 3
276 0
276 2
274 1
274 2
272 5
512 2
509 5
857 4
273 2
272 0
265 2
264 1
264 0
264 2
264 4
256 2
256 0
256 5
469 0
469 2
466 4
263 2
262 4
262 0
258 3
271 5
456 4
265 2
264 4
263 3
280 3
272 1
272 0
269 2
268 4
259 3
275 2
273 3
274 1
274 5
361 5
640 3
479 5
866 3
699 2
696 4
291 4
287 5
369 5
657 0
657 3
498 5
942 3
762 1
762 2
759 4
288 5
372 2
370 0
369 4
270 5
354 5
631 4
270 3
292 4
291 2
289 4
289 4
289 2
286 1
286 2
284 3
288 3
289 3
297 2
293 2
291 3
288 3
289 2
286 4
286 3
286 0
279 3
290 2
288 4
270 3
280 3
281 3
278 0
277 3
286 -1
