5 2000
501 0
455 3
419 0
413 5
615 3
529 5
815 4
322 3
310 4
302 3
295 5
328 2
326 4
292 0
288 5
390 5
538 4
305 5
327 1
328 0
326 2
324 5
436 1
436 3
362 1
362 5
481 5
687 3
579 0
579 0
579 5
854 5
1149 2
1142 2
1131 0
1131 3
1026 0
1026 4
339 4
327 2
323 0
314 2
308 2
307 5
430 0
430 4
298 2
297 2
296 1
298 3
296 1
298 5
341 4
289 2
288 2
288 5
322 4
286 2
286 5
329 4
286 3
288 5
329 4
286 4
286 3
289 5
325 1
325 1
326 4
286 4
286 5
323 5
422 1
422 1
422 5
562 3
433 5
583 2
578 2
574 4
321 0
308 3
309 0
308 5
439 3
388 1
388 1
388 5
568 3
503 2
500 1
500 4
305 0
303 3
303 5
425 0
425 0
425 4
299 3
293 2
292 4
289 2
289 4
289 0
286 2
286 2
285 0
285 4
283 3
284 4
284 4
284 4
284 4
284 5
336 3
308 3
305 5
415 3
364 3
357 3
350 0
350 2
348 0
348 0
348 2
347 5
549 3
497 1
497 2
495 3
469 1
471 3
465 3
458 5
773 0
773 2
769 4
306 0
302 5
447 5
637 2
632 3
517 5
732 0
732 5
997 0
997 2
991 3
879 0
879 3
825 5
1238 0
1238 5
1671 0
1671 4
325 2
323 0
309 3
308 5
416 0
416 2
413 1
413 3
368 0
368 2
366 2
364 1
366 2
364 4
307 2
306 4
299 2
298 3
293 1
295 2
294 2
292 5
348 2
346 4
292 0
288 5
392 5
536 0
536 1
535 5
704 5
873 5
1044 1
1044 3
849 3
745 5
978 1
978 0
978 0
978 2
969 0
969 5
1264 0
1264 2
1255 5
1558 1
1558 1
1557 2
1544 2
1530 3
1406 2
1397 2
1389 4
336 4
330 2
327 1
330 2
328 2
325 3
312 2
309 3
301 1
303 2
302 3
305 0
293 0
293 4
286 0
286 1
287 5
373 0
373 3
330 1
331 5
436 5
611 4
302 0
296 1
296 3
297 3
300 5
394 2
391 5
541 5
714 2
709 2
701 0
701 4
304 4
300 3
304 2
302 0
293 1
293 2
291 1
293 1
294 4
287 3
293 3
292 0
289 3
290 0
289 2
288 4
283 0
283 2
283 4
283 0
283 2
283 4
283 0
283 2
283 4
283 1
286 2
285 3
292 4
292 3
292 0
287 5
380 3
337 5
455 4
301 3
292 4
287 1
289 4
289 0
285 5
385 4
290 3
289 5
322 4
284 3
286 3
285 3
286 1
286 4
286 1
286 5
318 2
316 0
315 1
316 0
316 3
302 3
300 5
397 2
394 4
289 3
289 5
323 2
321 2
318 3
303 0
301 3
299 0
299 2
298 5
437 5
614 3
511 2
506 2
502 4
311 3
304 3
300 5
341 1
341 4
295 5
328 2
326 0
324 3
310 5
423 4
294 2
292 0
290 3
292 2
291 1
291 1
293 5
390 1
390 5
544 5
726 0
726 2
721 0
721 2
715 5
898 1
896 5
1065 2
1055 1
1055 3
861 2
854 3
731 5
980 4
323 0
309 0
309 0
309 3
309 3
307 0
307 4
292 2
291 5
340 4
289 2
288 1
290 2
290 2
289 0
285 2
285 1
287 5
393 4
287 3
291 3
287 5
325 1
326 5
444 4
296 2
294 4
293 2
293 4
293 3
293 2
292 5
325 2
323 4
286 4
286 2
286 4
286 2
287 5
315 5
423 1
423 3
359 0
358 2
356 4
298 2
297 5
342 5
482 3
396 4
302 5
343 0
343 4
289 2
288 1
290 3
288 4
285 0
284 0
284 3
287 1
288 0
287 3
288 2
287 4
283 3
288 2
286 5
337 5
466 3
387 0
385 2
383 3
370 3
364 4
293 0
293 2
292 5
432 0
432 4
297 3
293 3
291 5
332 0
330 3
313 2
312 5
439 0
439 4
288 1
288 2
287 5
315 1
316 0
315 1
316 1
315 4
282 3
283 4
282 2
281 4
281 2
281 4
281 4
281 0
279 3
279 3
279 2
278 3
279 4
278 3
278 5
326 2
324 5
455 4
289 2
288 3
293 5
323 1
324 4
287 3
290 0
285 2
284 3
287 3
287 3
287 3
286 5
385 5
539 5
716 4
308 3
302 0
296 2
295 0
295 5
404 2
401 3
352 4
300 2
299 5
341 2
339 4
292 3
296 5
327 4
291 0
288 4
284 4
284 0
284 1
284 2
284 5
386 2
385 1
386 2
383 5
522 1
521 0
521 0
521 4
302 0
291 3
292 2
291 2
290 4
286 0
284 3
284 2
283 4
279 5
323 2
321 5
435 2
432 2
429 2
427 1
429 5
573 4
296 4
296 2
296 3
301 2
300 0
293 4
286 2
286 5
317 1
317 3
302 1
303 2
302 5
378 0
378 2
376 2
374 5
521 4
305 3
305 1
305 2
303 4
299 0
292 5
394 2
391 3
342 4
300 4
294 5
328 4
292 2
292 0
286 3
289 1
289 2
287 3
289 0
289 3
290 4
284 2
284 5
320 5
425 4
294 3
289 4
289 1
289 3
290 4
290 1
292 3
293 4
293 4
293 3
291 2
291 5
312 0
312 5
416 3
348 0
346 3
342 2
341 3
337 3
336 4
293 1
295 4
288 3
285 3
286 4
285 4
284 1
284 0
283 3
283 0
283 0
283 3
284 3
284 0
284 1
284 0
284 5
406 4
288 5
325 3
311 4
290 4
289 1
291 4
290 3
292 4
292 3
290 5
322 2
320 0
320 4
285 3
286 4
286 0
285 5
395 0
395 2
392 4
287 3
289 3
292 5
321 2
318 1
318 1
318 2
316 1
317 4
284 3
288 2
286 1
286 4
286 3
286 2
286 0
283 2
283 2
282 0
282 2
282 2
282 0
282 0
282 4
281 3
282 3
285 4
285 2
283 0
282 2
282 3
286 4
281 2
280 5
326 0
326 0
326 0
326 2
324 3
300 5
399 2
396 2
394 0
394 3
350 2
348 4
301 1
301 4
295 3
291 1
293 2
291 1
293 3
291 1
291 2
290 5
343 2
341 5
477 3
389 3
364 2
363 5
542 1
542 1
542 2
539 5
787 3
673 3
633 0
633 5
1002 3
946 4
323 2
322 3
308 2
306 2
305 0
299 4
288 2
287 3
287 0
287 1
288 4
286 3
286 4
284 4
284 2
284 1
284 3
284 4
284 5
334 3
316 0
314 4
287 5
336 4
288 2
288 3
290 2
288 4
287 5
327 4
284 3
286 3
284 2
284 2
284 3
286 4
286 0
286 5
404 5
568 3
456 2
453 0
452 2
450 0
450 1
450 4
313 3
303 2
302 3
298 0
293 2
292 5
416 2
413 0
413 5
578 5
759 4
311 5
337 3
313 3
308 1
308 4
296 0
292 2
291 1
291 3
294 3
290 1
290 0
289 5
396 4
295 5
322 1
323 1
323 4
289 3
293 2
291 4
291 2
289 2
288 2
288 0
285 1
286 2
285 0
285 2
284 2
284 3
289 3
286 1
286 2
284 2
283 0
282 1
282 0
282 1
283 4
281 4
280 5
321 0
321 4
286 3
288 3
286 5
314 2
314 0
314 4
283 4
283 4
283 2
283 5
322 4
287 3
291 3
289 3
288 4
286 2
285 0
284 2
283 5
378 3
331 3
322 3
320 4
289 0
286 2
285 3
285 3
285 4
281 2
280 0
280 3
280 1
280 4
280 4
278 3
279 5
335 0
335 1
335 2
333 5
475 2
472 2
469 4
303 1
303 4
302 3
302 4
301 4
301 4
301 3
303 2
302 5
323 0
322 2
320 0
320 5
442 3
372 4
300 4
297 0
290 4
284 1
284 0
284 2
284 5
389 1
389 2
386 1
386 3
333 0
333 0
333 2
332 2
330 3
324 0
324 4
290 0
290 1
290 4
282 3
282 3
282 0
282 1
282 2
281 2
281 5
409 3
355 3
342 3
334 5
514 2
511 2
508 3
441 3
421 1
421 4
295 3
291 5
360 0
359 4
294 1
294 1
294 2
293 0
288 3
289 3
289 4
282 3
282 1
282 1
282 3
283 5
340 0
340 3
319 3
311 2
310 1
310 0
310 3
310 5
469 5
678 1
678 0
678 2
673 1
673 1
673 3
572 1
572 4
328 2
325 5
357 0
356 3
338 0
336 3
333 2
332 0
332 5
523 2
519 4
306 3
292 0
287 4
285 5
331 2
329 2
328 4
286 1
286 0
282 0
282 3
283 4
280 2
280 2
280 5
332 4
282 2
282 4
282 4
282 2
282 1
282 0
281 0
281 4
280 0
280 3
280 0
280 4
280 0
280 5
390 0
390 2
387 4
289 2
288 0
281 0
281 5
395 1
395 3
343 4
298 4
294 5
323 5
450 4
294 1
294 4
294 5
318 2
318 5
425 5
575 2
571 2
566 1
565 3
438 0
435 4
320 5
347 0
344 0
344 3
323 3
318 3
316 5
461 5
658 2
653 0
653 3
549 4
302 4
298 2
297 5
335 3
318 5
432 3
381 0
381 1
381 3
372 2
371 1
371 5
603 2
600 4
311 1
311 4
296 3
290 4
290 2
289 1
289 2
288 2
287 0
285 4
283 2
283 0
283 1
283 2
283 0
283 4
281 1
281 2
281 0
281 0
281 0
281 3
283 4
282 4
282 4
282 2
281 0
280 5
389 3
335 1
335 2
334 1
334 2
333 2
332 1
332 1
332 2
331 5
462 4
291 2
290 4
283 5
327 4
285 3
282 2
282 2
282 3
282 2
282 4
282 2
282 4
282 2
282 5
317 2
317 4
283 1
283 5
314 3
301 3
292 4
283 2
282 3
282 2
281 2
281 2
281 5
329 5
463 3
377 2
375 2
373 0
372 0
372 2
369 0
369 0
369 4
303 2
300 0
296 0
296 1
296 3
296 4
290 2
287 2
286 2
285 0
285 3
284 4
284 5
330 4
290 0
288 3
287 4
282 3
283 2
282 1
282 2
281 3
282 5
328 4
284 4
281 5
319 0
319 1
318 4
281 4
281 3
282 0
281 4
280 2
280 0
280 5
390 5
542 0
542 2
538 3
427 4
308 5
333 4
295 0
290 4
282 4
282 4
282 4
282 0
282 3
284 5
375 0
375 3
329 2
327 5
448 4
299 1
299 3
293 3
292 4
289 1
289 0
284 1
284 5
380 2
377 4
290 0
284 0
284 3
285 3
285 1
285 4
284 2
283 0
283 2
282 4
282 4
282 2
282 4
282 4
282 1
282 3
284 3
282 3
285 0
282 0
282 4
280 2
280 2
280 3
283 1
285 2
284 2
283 3
285 0
283 3
284 3
283 2
282 3
284 4
282 0
281 4
279 5
323 4
285 1
285 3
290 0
285 0
285 4
278 2
278 3
281 4
281 0
280 2
279 5
381 4
281 4
281 4
281 2
281 0
279 4
279 0
279 0
279 4
279 3
284 1
284 0
282 4
278 4
278 4
278 0
278 2
278 2
278 0
278 1
278 2
278 4
278 3
280 1
280 2
280 1
280 5
328 4
282 4
282 5
311 2
311 4
282 1
282 1
282 1
282 4
282 4
282 4
282 0
281 4
280 2
281 3
285 5
320 3
305 2
303 3
301 3
299 2
298 5
394 3
354 4
297 3
288 0
282 5
400 4
291 4
289 2
288 1
288 2
287 2
287 5
319 5
437 4
292 5
325 2
323 0
322 2
320 2
320 5
437 4
294 5
318 5
426 5
575 5
735 4
312 5
327 1
327 5
398 5
523 1
521 2
518 2
514 3
399 2
396 4
317 3
304 5
327 5
436 4
302 3
303 0
294 4
287 5
320 3
306 5
405 0
405 0
405 5
557 4
302 0
292 3
293 0
292 5
404 4
296 3
288 5
324 4
288 2
287 2
287 5
311 2
309 0
309 0
309 3
300 2
299 0
298 4
287 4
283 1
283 0
283 2
283 2
283 0
283 1
283 1
283 2
283 3
284 4
284 0
284 2
283 5
379 2
376 3
344 5
459 3
404 2
402 3
390 5
594 2
591 3
532 3
512 1
512 3
506 4
298 2
297 4
290 2
289 1
289 0
289 2
288 3
287 3
289 0
288 4
284 0
284 4
283 3
285 0
283 2
283 3
283 1
283 1
283 4
280 2
280 0
280 4
280 5
343 1
343 3
314 3
309 3
307 1
307 0
307 4
288 4
281 2
281 4
281 0
281 2
280 4
280 4
280 4
280 3
281 1
281 3
280 4
280 5
342 3
316 4
287 1
287 2
286 0
282 3
283 2
282 4
281 0
281 3
282 0
282 0
282 3
282 3
282 5
415 2
412 3
359 5
535 5
766 3
669 3
616 2
613 2
610 1
610 5
935 1
935 2
931 2
926 0
926 2
922 4
317 4
308 3
298 5
332 1
332 4
290 5
326 2
324 0
324 5
444 0
444 3
375 4
297 0
292 3
290 2
289 0
289 1
289 4
283 3
283 5
343 1
343 2
341 1
341 5
476 5
642 0
642 1
642 5
817 3
660 2
655 3
566 3
533 4
329 2
325 0
318 4
301 5
341 4
301 1
301 5
323 4
295 3
298 3
294 3
296 4
292 0
288 3
289 3
288 5
390 0
390 2
387 3
345 2
343 3
332 2
330 1
330 4
289 3
288 3
289 5
344 3
318 4
293 4
290 0
288 2
288 4
287 3
288 4
286 4
286 5
327 4
287 4
287 4
287 1
287 4
287 0
285 2
285 3
286 3
288 2
287 4
287 3
287 3
285 1
285 4
285 4
285 3
286 0
282 5
395 2
392 3
346 3
336 3
330 2
329 4
289 4
287 3
287 4
286 3
286 4
285 5
332 0
331 5
475 0
475 2
472 0
472 2
469 5
636 1
635 1
635 3
496 5
693 4
315 5
341 0
338 3
324 4
295 2
294 2
292 2
291 3
292 5
318 5
430 5
581 2
576 4
297 1
297 3
304 3
302 3
301 5
322 5
413 0
413 5
552 2
548 3
436 0
433 4
301 3
296 3
295 4
293 0
289 2
288 0
288 2
287 2
287 0
287 5
401 3
352 0
350 2
349 0
349 4
293 1
293 0
292 3
293 1
293 3
294 1
294 5
417 2
414 5
586 4
306 3
297 3
298 5
326 3
308 1
308 2
306 2
305 3
307 3
301 3
301 5
403 3
358 4
295 5
334 0
333 4
291 3
289 0
285 0
285 3
286 0
286 3
287 2
286 2
286 3
286 2
286 2
286 2
286 3
287 5
394 3
348 4
294 2
293 2
292 0
291 5
409 3
361 0
361 5
559 0
559 3
494 1
495 0
495 0
495 0
495 4
315 3
300 2
299 5
345 5
481 3
399 3
375 3
361 5
553 4
307 2
306 4
298 4
298 0
291 2
290 3
292 2
291 3
290 2
290 1
290 2
289 0
289 4
286 2
285 5
338 3
323 0
322 4
293 2
292 1
292 0
290 1
290 2
289 4
284 4
282 2
282 2
282 3
283 0
281 3
282 5
402 1
402 5
564 3
472 3
425 0
425 3
415 1
415 0
415 0
415 4
296 1
296 4
286 1
286 5
352 0
352 2
350 3
319 0
319 3
314 3
313 5
492 4
296 4
289 4
289 2
288 2
287 2
287 5
324 3
306 3
301 0
299 3
299 3
298 5
443 5
637 3
526 3
477 4
312 5
351 2
349 1
349 0
348 3
326 3
320 2
319 3
315 4
288 1
288 1
288 0
288 1
288 4
285 5
338 2
336 2
336 4
287 4
285 5
324 5
464 4
288 2
288 0
283 4
283 5
327 3
302 0
302 1
302 0
302 2
301 2
301 4
288 4
282 2
282 0
282 3
282 0
282 2
282 4
281 5
343 1
343 2
341 4
284 1
284 0
282 2
282 2
282 4
280 0
280 4
280 5
338 3
310 3
305 2
304 2
303 2
302 3
300 2
299 4
286 5
344 0
344 1
343 3
320 2
319 0
317 3
315 3
315 2
313 0
313 4
292 2
291 0
291 4
285 4
281 5
345 0
345 2
343 3
314 1
314 5
462 1
462 3
405 5
619 4
310 5
341 2
339 0
335 4
287 3
288 3
290 3
290 4
287 5
325 1
325 0
325 5
462 4
293 0
285 4
282 3
285 3
285 2
284 3
284 1
284 0
283 4
281 4
281 0
281 5
382 2
379 3
335 3
322 4
291 4
286 2
285 4
285 2
285 2
285 2
285 2
284 2
284 2
284 2
284 0
284 0
284 2
284 4
282 4
282 3
285 4
285 2
285 1
285 3
284 0
282 2
282 3
282 4
282 2
281 3
283 2
282 4
282 3
282 3
284 0
282 1
282 2
282 2
281 4
281 0
281 4
281 2
281 3
283 4
283 0
283 3
285 3
284 5
388 2
385 4
287 0
282 0
282 2
282 4
280 4
280 2
280 5
332 5
457 3
380 1
380 0
378 0
378 0
378 5
577 3
507 2
503 5
764 2
760 3
679 2
675 0
675 4
311 2
310 2
309 4
305 3
295 2
294 3
294 3
291 0
289 1
291 4
289 2
288 0
287 3
286 0
286 4
282 3
281 4
281 2
281 5
334 1
334 3
308 5
431 3
380 4
288 3
284 3
285 4
284 3
283 3
284 1
284 4
284 1
284 4
284 4
284 0
284 5
400 2
397 1
396 0
396 4
291 4
291 2
290 3
292 4
292 1
292 2
291 5
325 0
324 5
446 1
446 5
602 4
314 1
314 4
311 0
300 5
393 0
393 2
392 4
293 1
293 2
292 2
292 3
299 0
294 5
391 1
391 2
388 5
528 4
298 4
296 0
290 5
383 4
287 4
287 5
327 1
327 5
432 2
429 3
356 3
333 2
332 2
331 2
330 2
329 2
328 5
449 3
394 4
297 4
291 4
291 2
290 0
289 -1
501 0
455 2
450 5
576 5
747 4
329 4
317 4
317 4
317 1
319 5
320 4
301 5
323 5
407 2
404 5
533 3
413 0
412 3
390 2
388 2
386 5
587 3
518 3
493 2
490 4
312 0
308 4
298 5
350 4
297 1
299 2
297 1
299 4
297 4
297 1
297 2
296 0
291 0
291 3
291 2
290 5
392 4
299 4
298 3
296 3
292 3
292 0
289 0
289 5
395 4
293 5
330 2
328 3
308 3
303 0
300 5
435 1
435 3
386 0
386 4
308 5
358 5
502 1
500 1
500 4
305 0
294 4
288 0
287 4
286 2
286 2
286 2
286 0
286 4
286 3
288 0
285 2
284 4
283 1
283 2
283 0
283 0
283 0
283 1
284 5
392 4
291 1
291 1
291 4
291 5
326 1
327 4
290 3
292 4
292 1
292 3
289 5
319 5
436 4
290 3
297 1
301 3
297 3
296 5
324 2
321 5
436 4
285 4
284 3
287 2
287 1
289 5
325 5
434 0
434 0
434 5
582 1
580 3
461 4
314 4
312 5
329 1
329 1
329 5
422 2
419 4
296 4
294 4
294 5
312 0
312 0
312 2
310 4
286 0
285 2
285 5
382 4
286 4
286 5
323 3
304 4
290 0
288 2
286 5
380 2
380 2
377 2
378 4
292 2
292 5
332 5
426 4
299 2
298 4
298 2
298 5
326 4
293 0
289 4
286 3
289 0
288 3
288 3
290 5
378 0
378 2
375 3
334 2
332 2
330 5
452 2
449 4
290 4
287 1
289 3
291 1
293 0
291 1
292 4
285 0
285 0
285 5
397 0
397 4
288 2
288 0
285 3
286 5
387 3
341 4
294 1
294 0
291 3
291 2
290 0
289 2
288 3
289 2
288 3
290 0
290 3
290 4
283 4
282 2
282 4
282 2
282 5
330 0
330 4
290 2
289 3
290 3
289 0
286 0
286 5
400 4
289 4
288 2
288 1
293 0
286 5
392 3
338 1
339 5
476 0
476 0
476 2
473 0
473 4
298 2
297 3
292 5
334 2
332 4
286 0
285 5
394 0
394 0
394 4
289 4
289 0
286 3
287 4
285 0
285 4
283 1
283 1
283 1
285 1
288 4
286 0
283 1
285 5
391 1
390 2
387 2
384 0
384 5
529 4
292 0
286 5
379 2
377 3
328 2
326 0
325 1
326 0
326 2
325 0
325 0
325 1
326 5
485 3
412 5
617 0
617 1
617 0
617 0
617 1
617 4
314 1
314 0
305 2
303 0
302 3
299 5
438 4
294 4
288 4
288 1
294 2
288 2
287 2
287 4
287 2
286 2
286 0
285 1
286 0
286 2
286 0
286 3
287 0
287 5
402 2
399 2
396 0
396 0
396 4
288 3
288 4
288 3
290 4
290 1
292 4
291 3
287 1
290 4
290 4
290 0
287 2
286 5
401 5
562 0
562 1
561 0
561 4
298 1
298 4
298 2
298 0
291 1
291 1
295 1
297 0
296 1
297 4
289 3
286 4
286 4
286 0
284 4
280 3
282 2
283 4
283 5
317 2
317 5
431 4
297 5
332 2
330 5
429 2
429 2
426 0
426 0
426 5
571 1
569 4
310 4
308 2
308 4
308 5
325 5
409 4
299 5
330 2
330 1
330 3
304 5
379 1
379 0
379 3
346 1
347 5
481 0
481 0
481 2
478 2
475 2
471 2
468 4
297 2
296 5
327 2
325 5
433 3
363 5
504 2
501 0
501 2
497 5
699 5
912 0
912 5
1133 0
1133 5
1345 0
1345 3
1203 2
1192 1
1192 3
1095 3
1015 3
956 0
956 3
931 5
1447 0
1447 1
1447 2
1440 2
1433 4
324 1
324 4
320 5
335 5
435 4
308 1
308 1
308 3
309 0
303 1
305 3
304 5
392 2
390 1
390 0
390 0
390 2
387 0
387 0
387 3
349 2
347 5
483 1
483 4
310 1
310 3
303 4
297 0
293 1
294 4
289 2
289 3
292 4
291 2
290 2
290 2
288 0
288 2
288 3
290 2
289 2
288 3
290 2
290 2
289 2
289 0
288 1
289 0
289 2
289 2
289 5
395 0
395 2
392 1
391 3
343 0
342 1
343 1
344 4
295 1
295 2
294 0
294 3
295 2
294 4
288 1
289 5
334 3
316 3
309 0
309 0
309 2
308 3
307 0
305 0
305 4
291 0
291 3
291 4
286 2
285 5
347 2
345 2
343 5
501 2
496 0
496 0
496 5
675 0
675 3
550 2
545 1
545 0
543 0
543 3
489 3
466 3
458 2
456 0
456 3
453 1
451 0
451 3
447 0
447 4
306 2
303 3
295 0
294 2
294 4
288 3
287 4
282 0
282 5
399 1
398 4
289 2
289 5
327 2
325 3
307 1
307 0
306 4
293 3
293 3
293 4
287 5
330 3
306 3
303 4
286 1
288 4
285 0
285 1
285 3
286 2
286 2
285 0
285 4
285 5
338 3
315 1
315 5
434 1
434 0
434 0
434 0
434 3
376 5
554 1
554 4
315 5
342 1
343 4
293 5
321 2
321 1
322 4
291 1
291 0
287 2
287 0
287 4
285 5
329 1
330 0
330 4
289 4
289 4
289 2
289 5
320 0
319 0
319 3
304 1
305 1
306 3
301 2
300 1
300 2
299 5
393 2
390 2
387 3
343 4
296 3
292 4
289 2
289 4
288 4
288 0
283 4
281 2
281 1
281 3
284 3
285 4
285 1
285 4
285 1
285 1
285 2
284 4
284 2
284 1
286 2
285 3
286 3
285 0
283 4
279 5
327 1
327 4
285 5
320 1
320 0
320 0
320 0
320 4
285 5
320 3
305 0
305 1
305 2
304 1
304 3
302 4
291 4
283 5
328 4
289 2
288 4
288 1
288 5
314 3
302 3
296 0
296 3
295 0
295 5
425 3
377 3
362 4
290 2
288 1
288 2
287 3
285 4
283 0
283 1
283 4
281 4
281 1
281 5
333 5
479 3
398 3
379 2
377 3
373 3
365 2
363 4
292 4
286 1
286 1
286 0
284 2
284 1
284 4
282 3
282 2
281 1
281 2
281 0
281 5
405 2
402 5
570 4
301 4
296 0
289 3
285 5
385 0
385 3
341 2
340 2
339 2
338 1
338 3
325 5
465 0
465 0
465 4
300 0
292 4
286 0
286 1
286 4
286 2
285 1
287 5
324 0
324 3
303 2
302 3
299 3
297 4
287 5
346 1
345 4
288 5
322 3
306 2
305 5
414 1
413 5
587 4
309 5
326 3
311 0
309 4
293 2
292 1
292 2
291 2
290 5
330 5
455 2
452 4
302 2
299 2
298 1
298 3
299 1
299 1
299 5
324 1
323 2
321 1
321 4
293 1
293 3
298 2
296 2
294 1
294 5
322 1
322 2
320 3
307 4
294 5
321 4
287 0
286 1
286 0
286 3
291 1
291 4
289 0
289 0
289 0
289 5
397 0
397 2
394 0
394 5
545 4
300 2
299 3
293 2
291 2
290 1
290 0
284 4
281 1
281 1
281 2
281 3
284 3
287 3
284 1
284 0
283 2
282 3
283 3
282 0
282 1
282 4
281 4
281 4
281 5
319 4
284 0
281 4
281 2
281 2
281 4
281 2
281 0
281 3
283 4
283 0
283 4
281 2
281 2
281 4
281 3
286 0
286 4
281 4
281 4
281 2
281 0
281 0
281 4
281 5
319 0
319 4
284 3
287 4
287 2
285 4
285 3
288 5
315 0
315 4
285 2
284 4
284 3
284 4
284 3
287 0
284 2
284 2
284 3
285 4
282 3
283 4
283 2
283 4
283 4
283 0
282 1
282 3
282 4
280 4
280 3
281 0
281 2
281 1
281 5
379 4
284 3
287 3
285 3
287 2
286 4
286 0
283 2
283 3
283 5
388 3
339 3
328 2
327 0
326 3
325 2
324 3
324 2
323 3
322 5
476 0
476 4
302 2
300 4
292 4
292 4
292 5
332 2
330 4
288 4
288 3
290 1
290 3
290 2
288 5
327 0
326 0
326 4
286 2
285 4
285 1
285 5
317 2
315 0
315 4
285 3
285 3
284 5
313 4
282 2
282 4
282 2
282 1
282 5
315 2
313 2
313 0
313 4
285 3
289 0
284 5
378 5
517 0
517 2
513 5
675 4
300 2
299 0
291 3
289 4
283 4
283 4
283 3
286 4
286 5
319 0
317 4
283 2
283 5
314 1
314 3
302 4
282 2
282 5
317 4
282 4
282 2
282 4
282 3
285 2
284 2
284 2
284 2
284 4
284 0
281 4
280 4
280 3
282 3
280 2
279 5
321 5
440 1
439 2
436 1
436 5
592 4
301 3
299 2
298 1
298 4
298 4
298 3
298 3
297 2
296 5
314 3
302 2
301 4
291 4
290 4
290 3
289 5
322 3
304 3
301 4
288 0
285 0
285 2
285 1
285 3
285 2
285 5
387 1
387 4
289 5
319 0
318 4
289 2
289 5
318 3
305 2
304 3
297 5
397 2
394 5
557 4
299 2
298 2
297 0
288 4
286 0
286 4
286 5
327 4
287 4
287 3
290 2
290 1
290 3
294 3
293 0
288 5
401 5
553 4
296 4
295 5
317 0
314 5
438 4
290 2
290 0
283 3
286 5
379 2
376 2
373 3
329 5
461 4
289 3
290 4
290 2
288 4
288 2
287 3
289 2
287 1
287 1
287 1
287 4
287 2
287 2
287 3
285 3
290 3
287 1
287 0
283 1
283 0
283 5
397 3
353 5
490 0
490 3
429 1
429 0
428 1
428 2
426 3
417 3
413 4
295 3
289 2
288 2
287 4
283 2
282 4
282 0
282 5
414 2
411 0
411 3
365 4
290 0
287 2
286 4
282 2
281 2
281 3
284 0
280 0
280 4
277 4
277 4
277 2
277 3
277 2
277 4
277 0
277 0
277 1
277 4
277 2
277 0
277 1
277 4
277 5
336 5
478 0
478 0
478 1
478 4
300 3
300 0
292 0
292 0
292 0
292 3
292 3
291 2
289 3
286 4
282 5
325 2
325 0
325 2
325 3
310 2
309 5
418 0
418 3
370 4
292 5
345 0
345 3
318 0
317 1
317 3
316 5
487 0
487 4
305 4
295 5
326 0
324 0
324 5
456 3
391 4
305 4
301 5
326 3
309 3
305 3
305 3
304 4
287 1
287 2
287 4
287 4
287 3
287 4
286 2
286 5
328 4
288 0
286 2
286 3
288 5
399 2
396 2
393 5
547 1
547 4
300 2
299 3
298 0
293 3
294 2
293 4
286 3
287 1
287 3
288 2
286 5
326 2
324 3
304 0
303 0
303 0
303 5
440 0
440 2
437 4
303 3
300 2
299 1
299 5
333 5
456 3
377 0
375 5
590 0
590 3
518 5
787 2
782 3
724 5
1090 3
1041 3
1004 5
1560 2
1555 1
1555 0
1555 2
1550 0
1550 2
1545 3
1497 2
1492 2
1488 0
1488 2
1484 3
1466 5
2233 5
3023 2
3015 3
2951 1
2951 1
2951 3
2935 1
2935 2
2929 2
2923 3
2912 4
337 4
329 5
351 3
332 3
324 1
324 5
436 5
624 4
309 5
334 2
332 4
296 4
296 0
290 4
288 3
290 4
290 0
289 5
397 2
394 4
292 2
291 4
290 3
294 3
290 1
290 0
286 0
286 4
286 3
289 2
288 0
287 2
286 2
286 4
285 3
287 5
326 1
326 2
324 5
440 5
586 4
310 5
326 0
322 4
290 1
290 2
290 5
317 4
288 4
288 3
295 3
290 2
290 5
323 4
288 4
288 1
288 5
319 3
306 4
293 0
289 4
283 2
283 2
283 3
285 1
285 3
287 0
286 0
286 0
286 3
286 0
286 2
286 1
286 2
286 1
286 2
285 0
285 4
283 4
283 5
324 4
287 4
287 4
287 3
293 5
320 2
318 4
286 2
286 3
289 0
286 5
380 4
288 4
287 5
323 2
321 4
289 3
296 3
291 4
291 2
289 4
289 3
291 1
291 3
292 4
292 3
294 4
294 3
294 1
294 0
289 4
285 3
289 3
289 4
289 4
289 3
289 3
287 5
323 2
321 3
307 0
301 3
298 2
297 3
297 4
286 0
285 3
285 2
285 2
284 2
284 5
399 1
398 3
347 3
336 3
332 3
325 1
325 5
469 4
300 3
298 3
294 0
289 2
289 3
290 1
290 5
405 3
353 0
351 3
347 2
346 2
345 2
344 5
530 3
474 2
472 2
470 1
470 2
467 2
465 4
300 2
298 5
352 0
350 3
328 1
328 3
325 1
325 3
322 3
323 0
322 4
290 4
282 0
282 2
282 1
282 1
282 3
282 1
282 4
281 1
281 3
282 3
281 2
281 3
282 1
282 4
282 5
348 0
348 5
503 2
500 0
500 4
297 2
296 1
296 2
295 0
292 1
292 2
292 3
296 3
294 3
297 5
376 4
293 5
330 3
312 2
310 4
294 5
332 1
332 1
332 3
311 4
292 3
293 1
293 2
291 0
288 2
288 0
288 5
401 0
401 3
344 4
290 5
342 2
340 4
288 4
287 0
283 4
282 1
282 3
288 5
337 0
337 5
457 3
367 3
347 2
345 3
338 4
290 4
284 1
284 2
284 2
284 3
285 4
285 3
284 2
284 0
283 4
283 4
283 5
332 2
330 1
330 3
313 5
432 0
432 1
432 5
621 2
617 2
613 2
609 0
609 4
302 2
301 4
298 1
298 5
329 3
306 4
289 3
288 2
287 5
327 0
327 2
327 3
303 4
290 2
289 3
287 3
285 1
285 2
284 0
284 4
281 3
281 0
281 4
281 3
282 3
282 5
326 4
282 0
281 5
383 5
528 2
524 0
524 3
418 4
302 2
301 3
295 3
296 2
294 2
292 3
293 0
289 0
289 4
284 3
285 3
289 5
327 4
287 3
289 3
291 4
291 3
289 2
287 0
282 3
284 0
283 1
283 0
283 4
281 2
281 2
281 2
281 5
324 4
284 3
287 5
325 3
309 2
307 4
287 2
286 3
286 0
283 3
285 5
377 4
283 2
283 4
283 3
288 1
288 0
284 5
384 0
384 2
381 4
284 4
284 5
325 2
323 3
300 2
299 3
299 2
298 1
298 3
295 1
295 2
294 2
293 3
293 3
293 2
292 2
291 0
288 2
287 2
286 2
286 5
419 3
355 2
353 4
295 4
289 1
289 3
286 3
287 5
346 1
346 4
286 5
328 2
326 4
285 1
285 0
283 2
282 2
282 4
281 3
284 1
284 0
284 4
280 3
282 5
328 3
310 4
283 5
333 2
331 4
284 4
284 3
285 2
283 5
322 3
308 3
303 4
286 3
287 3
285 2
284 0
281 0
281 3
281 1
281 1
281 5
389 1
389 0
389 0
389 2
386 2
383 3
340 1
340 4
295 5
329 2
327 0
327 3
310 1
310 3
308 2
307 2
306 3
304 3
301 5
444 3
388 4
297 3
290 3
290 1
290 1
290 3
293 2
291 5
345 1
345 5
488 0
488 3
406 1
406 2
404 2
402 2
400 0
400 2
399 5
609 3
528 3
496 1
496 1
496 4
316 2
314 4
303 0
299 3
297 4
286 2
285 4
285 4
285 1
285 4
285 0
283 3
283 2
282 5
396 3
347 2
346 3
334 5
486 1
486 2
483 5
703 2
698 0
698 2
693 3
597 2
593 1
593 0
592 1
592 3
553 4
311 2
309 0
301 0
301 0
301 3
301 3
301 4
293 2
292 4
282 0
282 3
283 3
282 0
282 3
283 3
282 5
406 0
406 4
289 5
331 2
329 5
459 2
456 5
624 4
301 3
301 5
327 1
327 2
323 2
321 0
320 2
318 1
318 3
304 5
412 3
367 3
355 5
521 3
463 2
460 5
727 4
314 2
312 2
310 5
341 4
292 2
291 2
291 0
286 0
286 4
283 1
283 2
283 4
283 3
289 4
289 5
327 3
301 2
300 5
401 5
565 5
750 2
745 0
745 3
594 1
594 5
814 4
319 3
305 4
302 2
301 4
300 1
300 3
302 0
295 0
295 1
295 3
295 4
286 4
286 3
289 4
289 5
321 3
303 5
399 2
396 2
393 4
293 3
291 3
289 0
287 5
382 2
379 2
377 2
374 5
501 1
500 1
500 4
298 0
290 4
289 3
296 4
296 4
296 2
294 0
290 3
291 3
293 5
368 5
505 1
505 4
300 5
328 2
326 0
325 2
323 5
422 3
343 0
339 0
339 2
337 3
331 1
331 3
327 2
325 3
325 0
324 3
324 5
502 4
307 3
297 4
291 3
292 3
290 1
290 1
290 2
289 4
289 3
292 2
291 1
291 4
291 3
293 4
292 3
295 3
289 3
293 3
297 5
329 2
327 5
442 1
441 1
441 3
369 5
528 3
463 3
446 2
443 2
441 2
438 3
433 3
429 2
428 1
428 0
426 5
715 0
715 1
715 0
715 3
650 1
650 1
650 5
1027 3
973 0
973 4
318 4
310 3
298 2
296 2
295 4
292 3
292 3
293 0
289 4
284 5
319 2
317 2
317 1
317 2
317 2
317 5
434 4
295 3
296 2
294 0
287 2
286 4
284 3
289 3
286 4
285 3
284 1
284 5
323 5
424 4
299 2
299 0
292 3
290 3
289 1
289 0
288 3
287 4
284 0
284 3
285 0
285 3
286 4
282 2
282 4
282 1
282 5
326 5
449 0
449 2
446 3
361 4
298 4
293 5
328 3
310 1
310 4
287 5
323 2
321 2
319 2
317 5
433 0
433 2
430 0
430 1
430 5
583 5
747 4
309 1
309 2
307 3
307 2
305 4
303 0
293 2
291 3
293 4
286 5
322 1
322 3
306 1
306 3
303 2
302 3
302 0
300 4
289 3
285 5
333 4
287 3
287 1
287 4
286 2
285 0
283 3
284 2
284 3
284 2
283 3
284 5
373 3
330 -1
501 1
501 3
400 4
400 4
400 1
400 3
377 2
375 5
363 3
337 4
333 0
318 1
318 2
316 2
315 4
305 2
304 1
306 1
306 3
310 4
310 4
310 4
310 3
307 4
307 4
307 4
307 3
305 2
305 2
306 4
306 1
308 5
334 2
334 5
412 0
412 4
309 2
309 1
311 1
311 2
309 2
309 1
309 1
309 3
314 1
314 4
312 4
312 4
312 3
309 2
308 5
329 0
329 4
304 1
304 0
303 4
303 5
328 2
326 4
304 0
302 4
302 5
326 1
325 3
311 0
308 0
308 1
309 3
307 4
295 1
295 3
294 2
294 1
295 0
293 3
295 0
295 4
291 1
293 0
291 2
290 2
290 5
380 5
516 3
406 4
307 1
307 3
305 0
299 5
412 5
569 2
564 5
734 3
585 3
507 4
314 0
306 0
306 1
307 2
306 2
305 1
306 1
308 3
304 5
423 3
373 2
372 5
554 2
551 0
551 3
482 4
301 0
298 0
298 3
299 2
298 4
291 4
288 4
288 3
287 1
288 3
286 0
286 4
285 2
285 1
287 2
286 2
286 3
287 2
286 2
285 5
336 2
335 5
476 2
473 4
303 4
301 3
301 4
297 3
298 4
298 2
296 0
291 3
294 4
289 3
291 1
293 5
326 0
326 2
323 4
290 4
289 5
320 3
305 1
306 5
391 3
352 4
295 2
293 2
292 4
289 4
289 3
289 0
286 5
392 5
547 4
300 0
291 1
291 5
388 1
389 4
292 1
294 3
294 2
292 2
292 5
326 3
310 4
292 3
292 0
291 3
291 0
291 1
291 2
289 0
289 4
286 2
286 2
286 3
285 3
285 2
285 4
284 0
284 0
284 2
284 0
284 2
284 1
285 5
381 5
519 3
414 2
412 2
410 1
411 2
409 4
315 4
311 0
303 2
302 0
302 3
299 1
301 3
300 5
398 3
362 2
360 3
341 0
340 1
343 4
294 0
293 4
286 0
286 1
286 2
286 5
412 2
409 1
408 1
407 3
353 2
351 0
350 1
350 4
296 5
358 4
287 0
284 0
284 2
284 3
284 2
283 4
281 0
281 4
280 1
282 4
281 3
280 1
282 0
280 3
281 3
280 3
281 4
280 2
280 2
279 2
279 2
279 1
279 4
279 2
279 2
279 5
339 3
310 3
306 0
305 5
461 4
300 0
293 2
292 0
292 2
292 5
421 3
369 4
309 0
303 5
441 2
438 2
436 2
434 3
357 2
355 4
299 5
348 3
323 0
321 0
321 5
491 4
302 2
301 4
294 3
289 2
287 5
337 0
336 4
287 1
287 2
287 0
285 5
387 0
387 4
290 4
290 1
290 0
283 4
282 2
282 2
282 0
282 1
283 0
283 2
283 3
283 3
282 0
281 5
388 3
346 5
476 2
473 0
473 3
415 3
401 3
396 0
396 3
395 4
303 1
303 3
297 3
295 3
296 2
295 3
293 5
365 1
366 2
364 2
362 2
360 2
358 3
332 0
332 2
331 3
328 1
330 3
325 4
297 3
293 0
293 2
293 5
435 5
625 2
620 4
300 1
300 1
300 1
300 3
298 0
291 0
291 3
291 5
400 4
290 4
289 0
285 1
286 2
285 2
285 4
284 2
284 5
332 4
287 5
322 0
322 2
320 4
288 0
283 4
283 0
283 0
283 5
383 4
289 2
289 5
330 5
439 1
441 5
596 2
591 4
303 4
301 2
301 4
301 3
301 0
288 2
287 2
287 1
289 2
287 0
287 3
289 0
288 4
285 4
285 2
285 1
285 2
284 3
286 3
287 4
286 5
328 0
327 4
284 3
286 3
285 4
285 3
288 2
287 0
285 2
284 2
283 1
284 1
284 4
283 1
283 3
286 3
285 3
283 0
283 0
283 0
283 4
282 1
282 4
282 3
285 2
285 3
282 2
282 0
282 2
282 1
283 4
282 5
326 2
324 5
430 5
583 4
295 3
295 3
295 2
294 0
288 5
377 5
505 0
505 2
501 2
498 3
401 5
542 3
461 4
305 4
297 0
292 2
291 4
286 1
286 5
333 1
334 0
334 2
332 5
464 4
300 1
301 0
297 2
296 0
296 3
296 2
295 2
294 5
388 2
385 4
292 5
321 4
290 3
291 1
291 2
290 1
290 4
290 2
289 0
289 5
380 4
291 2
291 5
317 0
317 5
426 4
296 2
296 5
320 5
413 1
412 0
412 0
412 4
299 3
297 2
296 2
296 3
294 2
294 0
287 4
285 1
285 1
285 5
317 3
304 5
385 4
293 5
316 2
315 2
313 3
300 2
299 5
383 5
534 4
296 3
290 3
289 1
289 4
288 1
288 1
288 1
288 1
288 1
290 5
317 2
315 2
315 5
421 0
421 1
419 2
416 2
413 0
413 2
410 4
291 1
291 0
288 0
288 0
288 4
285 3
288 2
287 2
285 5
326 3
304 0
302 5
437 4
298 5
338 2
336 4
291 3
287 3
294 0
291 5
401 2
398 4
291 2
291 4
291 4
291 3
291 2
290 5
320 3
303 3
303 3
300 0
297 3
296 0
296 2
295 0
295 2
294 2
293 0
293 3
293 3
293 4
283 5
335 1
334 2
333 5
475 3
404 2
402 3
383 4
297 3
293 1
294 1
294 2
293 3
293 2
292 0
290 4
283 2
282 4
280 5
321 2
319 1
319 3
303 2
302 4
289 5
326 2
324 4
285 1
285 4
284 5
315 4
286 1
286 1
289 2
286 3
284 5
318 4
283 2
284 2
284 1
284 2
285 5
320 1
320 4
287 3
286 2
285 2
284 3
285 3
285 2
284 1
284 2
284 5
313 1
314 0
314 4
282 2
283 0
282 5
382 2
379 3
326 3
314 0
314 5
483 5
684 4
304 1
304 3
301 0
292 1
292 5
412 3
364 4
296 2
295 2
292 3
293 3
287 0
283 2
283 4
282 2
281 4
281 3
282 1
285 2
284 4
284 4
284 3
281 0
281 0
281 2
281 3
281 4
281 4
281 1
281 0
281 3
282 5
393 2
390 2
387 0
387 0
387 5
531 3
424 2
421 2
417 5
583 2
579 5
811 0
811 3
708 5
1017 0
1017 2
1010 3
917 5
1317 3
1250 2
1244 2
1237 4
340 3
321 3
310 4
303 3
306 4
306 0
291 1
293 2
291 0
291 3
292 4
285 2
284 4
284 5
335 2
333 5
447 0
447 4
294 4
293 0
286 2
286 4
286 0
286 2
286 5
368 4
293 0
290 2
290 4
288 5
335 2
333 1
333 2
332 5
425 1
421 1
419 2
419 5
554 0
554 2
551 1
551 1
551 2
548 4
316 2
314 3
309 4
306 3
304 4
304 4
304 1
305 2
303 3
306 5
315 3
309 5
373 3
333 3
324 5
441 1
441 0
441 1
441 2
438 2
435 5
634 2
629 2
624 2
619 1
619 2
614 4
311 5
343 5
444 4
296 3
296 2
294 1
294 2
292 0
287 0
287 2
286 5
386 4
291 3
293 2
291 5
332 1
332 0
332 2
330 4
288 4
288 2
288 4
288 3
293 4
293 4
293 3
295 0
292 1
292 3
292 1
292 2
291 1
291 2
290 5
382 0
382 4
293 4
292 2
292 0
286 2
286 5
383 0
383 3
333 4
295 1
295 5
336 4
289 2
288 3
288 5
324 5
429 3
355 1
356 1
356 2
355 2
354 3
334 2
333 4
293 2
292 3
288 1
289 1
291 3
287 4
286 0
286 1
287 0
287 4
283 2
283 2
283 0
283 1
283 2
283 5
392 4
288 1
288 1
288 2
287 2
287 3
286 0
284 4
284 2
284 5
321 4
287 3
290 0
286 0
286 5
401 3
350 3
338 2
337 3
330 4
289 4
286 4
286 4
286 4
286 0
285 3
285 4
283 2
283 2
282 5
339 5
476 3
399 3
377 4
302 1
302 4
293 4
293 3
289 4
287 2
287 2
286 2
286 2
285 2
285 4
285 0
282 5
395 2
392 2
389 3
344 1
344 3
330 4
284 0
284 4
280 4
280 2
280 2
280 2
280 0
280 2
280 3
280 1
280 3
280 5
393 5
553 3
435 3
396 3
386 3
378 4
291 5
347 3
324 4
287 4
286 2
285 0
282 3
283 2
282 1
282 0
282 5
407 4
299 2
298 1
298 5
338 4
290 4
290 4
290 0
284 4
282 0
282 5
387 4
288 4
288 1
288 1
288 4
288 2
287 3
291 4
290 1
290 5
323 4
280 1
280 2
280 4
280 2
280 3
287 3
284 1
284 2
282 5
324 2
322 5
437 1
435 3
362 1
362 4
290 2
288 3
286 0
284 5
385 3
343 2
341 0
339 3
334 1
334 5
512 4
305 5
339 0
336 3
320 0
320 2
319 4
287 3
286 4
284 0
284 2
284 2
283 5
397 5
554 2
549 2
545 4
302 3
304 4
303 4
303 1
303 1
303 1
303 4
303 4
303 2
302 3
303 2
301 1
301 2
299 5
319 3
309 1
309 2
307 1
307 3
306 4
295 3
294 3
296 5
327 2
325 4
293 5
316 3
306 4
291 4
291 4
291 4
291 0
289 3
290 5
392 2
389 5
533 4
303 2
301 2
300 3
301 3
298 3
298 5
330 1
330 5
434 4
300 4
299 3
302 4
301 3
303 2
301 0
293 3
294 0
293 0
293 0
293 0
293 4
287 0
286 0
286 0
286 4
285 4
285 2
285 0
285 2
285 3
285 4
285 3
285 2
285 4
285 0
285 0
285 2
285 0
285 5
374 1
374 4
293 3
296 5
331 4
290 2
290 3
295 3
293 2
291 3
295 2
294 3
295 3
290 0
290 0
290 1
290 4
288 0
286 3
290 1
290 2
288 0
288 2
287 2
286 2
286 0
286 1
286 2
286 5
372 3
325 1
325 4
295 5
329 2
327 4
291 3
290 1
290 1
290 0
289 2
289 1
289 2
288 0
288 0
288 3
288 1
288 3
288 0
287 0
287 2
286 2
286 2
285 2
285 3
287 4
284 5
331 3
315 3
306 2
305 4
282 2
281 0
281 5
391 5
542 2
538 1
538 1
536 3
441 3
394 3
382 2
381 5
594 4
304 4
299 2
298 0
293 2
291 3
292 0
292 4
287 3
288 2
288 0
287 2
286 4
285 2
285 1
285 1
285 1
285 2
285 5
343 3
319 5
449 2
446 2
443 3
378 3
362 2
360 4
292 0
290 4
284 0
283 2
283 4
283 4
280 3
282 2
281 3
279 3
280 3
282 3
282 3
282 3
281 0
280 0
280 4
279 2
279 3
282 3
279 4
279 4
279 4
279 0
279 5
404 4
290 4
290 2
289 0
284 5
395 5
550 0
550 3
445 1
445 5
642 4
298 3
292 2
290 4
287 4
287 2
287 2
286 4
286 0
285 2
284 2
284 3
287 1
287 1
287 3
285 0
285 0
285 4
281 2
281 1
283 5
327 3
307 4
288 3
283 3
285 0
285 1
285 4
280 0
280 5
396 4
286 3
285 2
285 3
288 4
287 2
287 1
287 3
284 0
281 3
283 3
285 4
282 4
282 4
282 3
282 0
281 2
281 2
280 3
282 0
281 5
395 2
392 0
392 3
349 4
287 0
285 4
282 4
279 2
279 5
339 0
339 0
339 2
337 0
337 3
310 5
425 3
375 2
373 5
550 0
550 3
479 0
479 3
466 2
464 5
768 3
715 3
697 4
310 1
310 3
299 3
300 3
297 2
295 2
294 4
286 5
338 2
336 3
311 2
310 3
307 3
303 1
303 4
285 0
284 3
285 4
281 3
281 0
281 0
281 4
280 0
280 3
280 2
280 5
406 0
406 4
293 2
292 3
288 1
288 1
288 4
286 1
286 4
286 4
286 4
286 0
285 1
285 4
283 4
283 2
283 0
283 3
284 4
283 3
284 1
284 1
284 4
284 4
284 2
283 0
283 3
284 2
283 0
283 2
283 5
400 0
400 3
351 2
349 4
294 4
291 3
289 4
289 5
321 0
321 5
455 2
452 2
449 4
298 4
296 2
296 4
296 2
295 1
295 1
295 4
295 3
292 3
295 3
296 2
295 3
297 5
318 0
315 0
315 1
315 4
286 2
286 3
286 3
290 1
290 4
290 1
290 0
288 0
288 4
285 4
285 0
285 3
286 4
285 4
285 5
321 4
286 3
288 0
285 3
286 5
388 2
385 4
287 5
328 0
327 0
327 1
327 1
327 3
307 3
302 4
286 0
285 1
285 4
280 4
280 4
280 0
280 4
280 4
280 3
281 4
281 4
281 5
325 4
282 4
282 3
283 0
282 0
282 1
282 4
281 2
281 0
281 1
281 3
281 5
389 2
386 4
285 0
282 4
281 3
281 0
280 3
281 2
280 0
280 5
388 2
385 1
385 3
339 3
330 2
329 5
468 3
409 3
399 2
397 0
397 3
393 3
393 2
392 1
392 2
391 3
390 5
647 3
591 4
308 2
307 2
306 0
304 3
305 0
304 4
292 1
292 5
348 3
325 3
319 5
456 2
453 2
450 4
296 4
292 1
292 4
292 0
290 3
289 1
289 4
285 3
282 4
281 4
281 2
281 2
281 4
281 1
281 3
282 3
283 2
282 1
282 4
282 2
282 4
282 0
281 4
279 3
279 2
279 1
279 3
279 4
279 5
330 4
286 0
281 0
281 2
281 3
282 2
281 3
281 0
281 0
281 1
281 0
281 2
281 0
281 5
400 1
399 5
553 0
553 4
296 2
295 3
294 2
292 3
294 2
293 1
293 0
287 3
287 2
286 0
286 4
283 3
286 3
284 4
282 2
281 4
281 2
281 0
281 5
376 5
511 0
511 5
673 0
673 0
673 4
307 4
306 1
306 5
325 2
323 3
305 3
300 3
300 3
297 2
295 4
288 4
287 4
287 2
287 3
288 4
287 0
285 1
285 0
285 2
285 2
285 1
285 2
283 4
281 1
281 4
281 3
283 0
282 5
382 1
381 0
381 2
378 2
375 4
290 5
320 1
320 0
319 4
284 1
284 2
284 1
284 3
288 1
288 2
287 1
287 2
285 2
285 5
319 4
285 5
312 4
284 2
284 1
284 0
282 1
282 2
282 5
381 3
336 0
335 4
292 0
291 0
291 2
290 3
291 0
291 2
290 4
284 3
285 2
284 3
283 3
284 0
283 5
401 3
352 4
289 4
288 1
288 1
288 0
287 4
280 4
280 2
280 2
280 5
323 4
283 2
282 3
284 1
284 2
283 3
282 0
281 5
387 0
387 4
284 2
284 2
284 3
285 4
285 2
285 4
285 5
319 0
317 2
317 2
315 0
315 0
315 1
315 3
302 3
297 3
297 2
296 3
297 3
297 1
297 0
296 0
296 3
297 4
287 2
286 0
286 0
286 2
285 1
285 5
407 2
404 5
570 4
301 5
327 2
325 2
325 2
323 2
323 0
321 4
287 0
286 2
285 1
285 5
386 0
386 5
533 4
296 5
324 4
293 2
293 2
293 4
293 3
292 0
287 3
287 5
385 2
382 0
382 3
330 3
322 2
321 4
287 4
285 5
336 2
334 4
287 5
323 4
287 1
287 4
287 4
287 0
284 3
285 1
285 3
284 2
284 2
284 1
284 5
394 2
391 4
287 3
286 1
286 5
335 2
333 1
333 3
309 4
289 2
288 2
287 3
289 4
287 3
286 3
287 2
285 0
284 2
283 2
283 4
283 4
283 4
283 3
285 4
285 2
285 4
285 0
284 4
283 2
283 3
287 1
287 2
285 1
285 2
283 4
283 5
322 1
322 4
286 4
286 2
286 0
283 5
382 1
382 2
379 0
379 1
379 2
376 3
328 1
328 4
294 4
292 0
289 5
413 2
410 2
408 4
292 1
292 4
291 0
286 1
286 3
290 0
289 5
408 3
350 4
290 1
290 0
288 3
289 0
288 0
288 4
283 3
283 2
283 0
282 0
282 0
282 4
282 2
282 3
282 0
282 5
402 4
288 3
287 3
290 0
284 2
283 0
283 5
401 2
398 3
352 4
299 4
294 1
294 3
289 2
289 0
285 3
284 3
284 3
285 0
285 4
282 0
282 2
282 3
282 5
400 0
400 3
354 0
354 5
546 3
471 2
468 5
731 3
663 5
1024 5
1406 3
1317 4
341 2
336 2
334 1
334 3
315 3
306 2
305 5
350 3
322 1
322 2
320 2
318 4
292 2
291 5
336 2
334 1
334 3
314 4
293 5
328 2
326 1
326 3
307 0
304 1
304 2
303 2
302 5
444 5
629 2
625 3
514 2
510 3
460 5
698 0
698 0
698 5
988 1
988 0
988 4
310 2
308 0
300 2
299 5
417 5
583 4
304 2
303 2
302 3
301 5
323 0
322 0
322 3
307 1
307 5
412 1
411 3
366 5
523 2
520 0
520 2
516 0
516 2
513 5
732 1
732 2
727 2
722 3
620 5
886 1
886 2
880 2
875 3
806 3
768 4
318 2
315 5
342 1
342 2
340 3
323 3
318 1
318 4
290 0
287 2
287 5
419 3
357 1
357 0
357 3
348 4
299 1
299 2
298 2
297 1
297 2
296 4
290 1
290 2
289 4
289 1
289 5
342 2
340 3
318 3
309 4
285 5
346 4
288 0
287 3
288 3
287 1
287 2
286 5
400 3
347 1
347 0
345 0
345 3
340 4
295 2
294 2
293 2
292 3
287 5
347 4
292 2
291 3
289 2
288 1
288 0
284 5
413 5
582 3
482 2
480 4
306 4
301 3
298 4
297 4
297 2
295 3
298 2
296 4
296 2
294 0
287 4
282 1
282 5
329 0
329 0
329 2
329 2
327 3
313 3
306 1
306 3
301 2
300 4
287 4
285 3
284 2
284 2
284 4
284 4
284 4
284 3
286 0
286 3
290 2
289 4
285 3
288 3
283 -1
501 5
500 2
498 1
498 2
496 2
493 0
441 0
434 0
434 3
394 3
381 5
574 2
571 1
570 0
570 5
821 2
816 3
724 0
724 0
724 5
1054 0
1054 0
1054 3
976 4
321 4
312 1
314 5
339 5
437 4
297 1
297 4
297 5
331 1
332 0
331 2
329 2
328 4
290 4
290 0
287 1
287 1
288 1
292 5
389 5
529 3
424 4
315 0
305 5
430 2
426 4
294 2
293 0
288 5
399 0
399 0
399 1
399 1
401 3
350 2
348 3
327 2
326 5
464 3
404 5
635 4
314 0
309 4
291 1
291 4
287 0
286 4
285 2
285 5
329 2
329 3
312 2
311 0
309 4
287 0
287 4
285 0
285 2
285 3
284 5
396 0
396 3
355 0
354 5
558 1
558 0
558 0
558 1
559 5
784 5
1019 1
1018 1
1018 0
1018 5
1260 3
1129 2
1122 0
1122 5
1421 5
1741 0
1741 4
340 2
333 5
338 0
332 1
333 0
333 0
333 4
296 0
291 0
291 1
292 4
289 3
291 5
326 4
288 5
318 4
287 4
287 0
284 1
284 5
383 2
380 1
379 5
530 0
530 3
423 5
574 4
320 4
313 3
307 4
306 3
305 4
303 5
321 2
321 0
318 5
436 4
297 5
323 3
306 1
308 1
308 2
307 5
380 2
377 4
300 0
296 4
292 0
291 3
293 4
289 0
289 3
290 0
290 3
290 0
290 5
386 2
383 3
334 0
333 5
499 4
306 4
304 0
299 1
299 0
299 0
299 3
298 4
288 2
287 3
288 5
334 2
332 2
330 3
309 5
417 0
417 4
296 0
291 4
284 5
322 3
305 4
284 1
284 2
284 1
284 3
285 2
285 2
284 3
286 0
284 2
283 3
284 0
284 0
284 1
285 4
281 2
281 4
281 5
321 3
298 2
297 5
399 5
549 4
302 3
299 4
297 2
295 1
295 5
312 0
311 3
301 4
284 1
284 4
283 3
284 3
286 0
285 0
285 1
286 4
281 5
322 1
323 0
323 2
323 3
305 4
285 2
284 5
320 5
443 2
440 0
440 3
375 0
373 3
353 5
542 4
301 0
296 0
296 1
296 3
297 2
296 4
285 2
285 5
332 3
316 5
438 5
630 2
625 3
520 3
470 1
471 2
468 0
468 3
459 5
742 2
738 3
682 0
682 5
1066 5
1472 2
1466 0
1466 5
1863 1
1863 4
337 0
319 5
433 0
433 4
303 3
294 5
336 1
335 2
333 3
311 5
401 5
568 2
564 1
564 1
564 3
466 5
668 3
599 0
599 5
921 4
316 4
307 0
298 4
290 2
290 3
290 2
290 0
290 4
289 2
288 1
290 5
336 1
336 2
334 0
334 4
294 2
292 2
291 4
288 5
327 0
327 2
325 1
324 5
440 5
588 0
588 2
584 5
745 3
561 3
491 5
677 0
677 0
677 5
934 5
1194 1
1194 0
1194 5
1459 0
1459 0
1459 3
1329 3
1256 0
1256 4
351 3
325 3
317 4
313 5
336 2
334 3
315 1
315 5
401 3
360 1
360 3
346 3
338 4
295 4
292 4
292 3
291 2
290 3
291 3
289 4
287 5
336 4
291 1
291 4
290 3
289 2
289 4
289 1
292 4
292 0
287 4
286 4
285 1
285 2
285 5
321 3
305 0
304 3
305 1
305 3
305 0
305 5
457 5
656 2
651 2
646 5
857 3
711 5
953 0
953 3
844 0
844 2
838 3
786 1
786 4
309 1
311 1
311 5
349 2
347 0
345 4
293 3
293 0
289 2
289 0
289 2
287 3
287 3
286 5
401 1
401 5
554 1
554 1
553 4
298 0
289 5
404 0
404 2
401 4
289 3
289 5
330 4
284 5
322 0
322 3
303 3
304 3
305 0
305 5
448 0
448 0
448 0
448 2
444 4
296 5
338 3
310 3
306 2
305 3
305 3
305 2
304 4
285 2
284 5
336 5
472 1
473 2
470 5
644 5
823 4
317 5
330 1
331 0
331 1
333 3
320 1
322 5
424 2
421 2
418 1
419 1
418 4
300 0
296 4
293 5
331 4
294 2
294 5
322 5
431 3
360 5
492 5
698 1
697 0
697 5
920 3
773 1
773 4
339 0
323 3
321 1
321 1
322 5
442 0
442 2
438 2
435 3
388 3
370 2
368 3
363 2
362 4
293 3
287 4
283 3
284 4
283 2
283 0
283 3
284 1
285 4
283 0
283 0
283 3
284 2
283 2
283 4
282 1
282 3
282 2
282 2
282 2
281 2
281 0
281 1
281 2
281 3
282 0
282 3
282 4
281 2
281 1
281 2
281 4
281 3
281 1
283 1
283 3
282 2
282 1
282 4
282 3
283 1
283 2
282 2
282 0
282 5
398 5
561 2
557 3
446 4
306 3
299 1
299 0
295 5
410 3
362 4
291 4
288 4
288 5
333 0
333 2
331 4
288 2
287 4
287 2
287 2
287 2
286 0
283 0
283 0
283 4
283 1
283 4
283 4
283 1
283 3
287 2
285 0
284 3
284 5
389 4
289 2
288 4
288 0
284 1
284 4
283 3
284 1
284 0
284 5
391 0
391 4
289 1
289 0
285 1
285 3
285 3
285 4
284 3
286 3
289 5
326 0
326 1
326 0
326 5
455 3
375 4
295 0
291 5
398 2
397 0
397 2
395 2
392 0
392 4
296 4
294 2
293 4
293 0
289 5
391 1
391 4
292 2
289 0
287 4
285 2
285 3
288 1
288 0
287 5
388 5
528 3
412 5
593 2
589 2
586 3
497 2
495 5
757 1
757 0
757 3
683 3
653 2
650 1
650 4
320 2
319 4
310 5
348 2
346 1
346 4
300 2
299 2
299 4
299 2
299 5
337 3
312 2
311 4
296 5
329 1
329 2
327 2
325 3
305 4
289 2
289 2
289 5
343 5
481 0
481 4
297 4
295 2
294 0
288 5
388 4
293 2
292 0
287 4
285 3
289 2
287 0
285 2
284 1
284 5
390 0
390 3
342 1
342 0
340 4
301 5
360 3
332 4
293 5
337 2
335 2
333 1
334 3
313 4
291 2
290 3
285 3
288 2
286 0
286 1
286 2
286 3
286 2
286 2
285 3
286 2
285 3
286 0
286 3
286 2
285 5
400 0
400 2
397 0
397 1
397 5
555 4
300 4
297 2
296 4
296 4
296 3
296 3
298 4
297 2
295 5
323 1
323 5
412 2
409 5
545 3
429 2
426 3
381 0
378 4
296 4
288 1
288 3
288 0
285 4
283 0
283 1
284 2
283 1
286 3
285 5
409 2
406 5
575 4
301 1
301 4
301 0
289 2
287 3
288 4
285 0
285 2
284 4
282 2
282 2
282 4
282 4
282 2
283 2
283 3
286 2
285 4
285 1
285 0
282 1
282 1
284 2
284 4
282 5
331 4
287 2
286 2
286 2
286 3
287 4
285 4
285 2
284 3
287 3
285 3
284 3
284 2
284 0
280 3
281 0
281 1
281 0
281 5
391 4
284 4
283 4
283 5
326 0
324 5
456 1
456 3
387 2
385 4
304 0
296 2
295 3
296 4
288 2
287 5
343 4
289 4
289 2
288 0
282 2
282 1
284 4
282 2
282 1
282 3
283 4
283 0
282 2
282 3
283 1
283 2
282 2
282 3
283 3
282 3
283 4
283 1
283 3
282 0
281 0
281 2
281 3
281 4
279 4
279 1
279 3
279 4
279 3
280 2
280 3
280 5
339 5
474 4
291 1
291 4
290 1
290 3
292 0
284 5
383 0
383 5
530 1
528 0
528 4
300 4
297 3
297 0
288 2
287 2
287 2
287 3
289 3
288 0
287 3
287 3
286 5
391 4
290 5
322 5
428 0
428 2
425 3
358 2
356 4
298 3
291 4
290 3
291 4
290 0
284 0
284 4
280 3
283 4
283 0
282 3
282 1
282 1
282 5
380 5
521 2
517 1
516 0
516 2
512 5
673 0
673 2
667 4
308 2
307 4
305 4
305 5
320 0
318 4
291 1
291 2
291 3
292 0
287 5
376 0
376 0
376 1
376 4
289 0
283 3
282 2
281 3
281 4
281 0
281 4
280 3
282 0
282 2
282 0
282 0
282 2
281 2
280 3
282 3
281 3
282 5
375 0
375 0
375 4
288 0
281 1
281 3
284 4
282 2
281 3
283 1
283 2
281 4
281 2
280 0
280 1
280 0
280 4
280 2
280 4
280 2
280 1
280 2
280 0
280 0
280 0
280 5
371 0
371 0
371 3
329 2
327 4
290 5
342 1
342 2
340 4
287 3
290 5
335 4
290 3
293 4
293 4
293 4
293 4
293 3
292 0
290 4
284 2
284 2
284 5
324 3
308 5
386 2
383 0
383 2
381 2
379 1
378 0
378 3
339 3
325 4
288 4
285 4
285 0
285 2
285 4
283 2
283 4
283 4
283 1
283 0
283 2
283 2
283 3
283 1
283 1
283 1
283 4
283 2
283 2
283 4
283 5
336 1
336 5
470 2
467 0
467 1
466 4
300 2
299 2
298 4
296 5
325 4
293 4
293 0
286 4
283 5
326 0
326 4
287 2
287 3
293 2
292 3
292 4
291 1
291 3
290 5
327 2
324 3
311 0
306 2
305 5
433 2
430 2
427 2
424 0
424 3
366 1
366 4
290 4
287 0
287 1
287 1
287 4
282 3
283 3
283 3
283 2
283 1
283 3
282 5
329 2
328 3
306 0
305 4
287 0
287 4
283 4
280 2
280 1
280 2
280 1
280 1
280 0
280 0
280 0
280 5
385 2
382 0
382 0
382 5
537 2
533 2
529 1
528 3
422 2
419 2
416 3
382 2
380 0
379 2
377 4
296 0
293 3
292 0
292 4
286 0
286 2
286 0
286 5
420 5
596 2
591 3
484 2
481 3
447 3
429 1
429 4
310 4
302 3
297 4
293 3
294 5
341 4
294 2
293 3
293 2
291 0
286 0
286 0
286 1
286 0
286 1
286 1
286 3
286 2
286 2
285 2
285 3
283 0
283 0
283 4
281 3
281 4
280 5
338 1
338 5
477 3
394 3
370 0
370 3
362 4
302 4
293 4
293 3
288 0
286 3
287 0
287 0
287 2
287 5
415 2
412 4
289 5
339 2
337 3
314 4
289 4
286 2
285 4
285 2
285 5
331 1
331 3
309 5
411 4
291 0
288 0
288 2
287 3
292 3
289 1
289 4
284 2
283 3
284 4
284 3
284 2
284 1
284 5
319 0
319 1
319 2
317 0
317 3
305 1
305 4
293 5
326 0
325 4
287 2
286 4
285 2
285 3
289 2
288 5
315 1
315 5
430 2
427 0
427 3
360 1
360 4
293 0
288 1
288 4
285 1
285 3
288 4
288 3
286 0
285 3
286 1
286 4
282 1
282 5
325 4
286 0
283 5
383 2
380 2
377 4
288 2
288 4
288 3
288 1
288 1
288 4
288 4
288 3
289 2
287 2
286 2
286 0
284 4
282 4
282 1
282 2
282 2
282 3
284 4
284 3
282 3
282 1
282 4
282 5
314 5
425 3
358 5
484 5
683 4
303 1
303 5
320 3
307 1
307 4
287 5
325 5
444 2
441 5
595 3
466 5
634 4
316 0
308 3
307 3
303 2
302 4
283 4
283 2
283 2
283 4
283 4
283 5
332 0
332 4
287 2
286 0
284 0
284 0
284 3
284 5
391 2
388 4
292 5
329 0
326 0
326 4
283 3
284 2
282 2
281 4
281 3
282 3
282 5
324 4
283 5
316 3
299 1
299 4
284 3
283 0
282 2
281 1
281 2
281 3
281 4
280 4
280 1
280 2
280 4
280 2
280 5
324 1
324 1
324 5
458 4
292 2
291 3
291 0
286 4
279 0
278 4
278 4
278 2
278 3
279 3
281 2
281 2
279 0
279 3
279 0
279 2
279 2
278 2
278 2
278 4
278 3
280 5
326 4
281 2
281 5
315 1
315 2
315 0
315 5
447 0
447 5
602 0
602 5
772 4
305 0
295 0
295 2
295 4
286 2
286 2
286 3
287 2
287 0
286 4
283 3
287 2
286 0
284 3
285 4
284 3
287 3
285 4
285 1
285 5
320 3
301 5
397 0
397 2
394 2
391 4
296 5
333 3
311 1
311 1
311 3
303 2
302 4
285 5
323 4
288 4
286 4
286 0
285 4
284 1
284 0
284 5
385 3
338 2
337 4
291 5
334 4
288 2
287 4
287 5
318 2
318 1
318 1
318 3
302 0
301 0
301 5
435 1
435 4
296 4
291 5
317 4
289 4
287 3
288 3
288 4
288 2
286 5
320 2
318 3
299 3
295 5
391 0
391 4
287 4
285 3
286 2
284 4
284 4
284 4
284 5
322 0
321 5
450 4
289 2
289 2
289 3
293 0
290 5
399 3
345 0
344 1
344 1
344 4
294 4
283 0
283 0
283 0
283 4
283 4
283 5
333 3
312 0
311 4
290 1
290 2
289 1
289 5
339 0
339 4
289 3
288 4
286 3
285 5
330 4
286 1
286 0
284 3
284 5
394 0
394 5
545 2
541 0
541 4
295 3
290 5
325 3
306 4
287 4
286 0
284 0
284 2
283 3
284 1
284 4
284 5
333 4
288 2
288 2
288 1
288 0
284 2
284 1
284 3
286 2
285 3
285 2
284 2
284 4
284 2
284 2
284 0
284 4
283 4
283 2
283 4
283 0
283 5
393 0
393 3
335 0
334 2
333 4
294 3
289 0
286 2
286 2
285 3
286 3
285 5
403 2
400 0
400 3
360 0
359 1
359 4
294 0
290 5
424 0
424 5
602 0
602 0
602 3
482 0
481 2
477 4
302 2
301 0
294 2
292 0
292 3
290 3
291 4
287 5
338 0
338 0
338 4
291 4
286 5
319 4
285 2
285 5
323 4
286 0
281 5
399 0
399 1
398 4
285 2
285 5
331 2
329 0
329 2
329 3
304 0
304 3
303 4
289 3
288 3
288 0
287 0
287 3
287 5
418 4
289 3
287 2
286 4
285 0
283 2
283 4
281 4
281 5
331 4
289 2
288 3
288 3
288 2
287 2
287 0
286 0
286 3
284 0
284 1
284 2
284 5
400 2
397 2
394 2
391 1
390 3
343 1
343 0
342 2
341 5
523 2
519 1
519 1
519 1
519 5
740 5
954 4
325 2
323 0
312 5
418 2
415 3
369 5
506 4
310 3
306 1
306 3
302 4
297 4
297 3
298 4
298 1
298 1
298 2
296 5
322 0
319 3
303 4
287 3
285 0
285 4
284 5
328 3
304 0
302 0
302 0
302 5
445 1
445 2
441 1
441 4
293 2
292 2
291 2
290 5
326 5
445 2
442 1
440 2
437 3
373 5
520 2
517 1
517 0
517 0
517 0
517 4
303 3
294 4
289 2
289 3
291 4
290 3
292 4
292 3
290 3
290 1
290 0
288 0
288 4
283 1
283 1
283 5
320 2
318 4
285 0
283 0
283 2
283 1
283 3
285 1
285 0
284 1
284 4
283 3
285 3
287 2
286 3
286 5
320 4
284 4
284 3
286 2
286 1
286 3
283 2
283 3
283 5
316 2
316 3
306 5
396 2
393 4
289 5
319 5
436 4
294 2
294 3
297 1
297 4
297 5
325 3
310 1
310 0
306 3
305 3
305 4
290 5
333 3
312 4
289 2
288 5
325 2
323 1
323 3
305 5
408 2
405 5
575 3
475 4
305 3
295 4
292 5
325 2
323 0
320 0
320 2
318 2
316 4
285 4
285 2
285 3
286 0
284 4
283 2
283 4
283 3
285 4
285 3
289 3
286 3
284 3
286 4
286 3
284 4
284 4
284 0
283 4
283 0
283 3
286 3
285 5
385 5
532 4
295 5
321 2
319 4
293 3
298 4
297 3
293 2
292 2
291 2
290 2
290 0
287 1
287 2
287 1
287 0
287 4
287 5
323 4
291 3
295 2
293 4
293 4
293 3
294 4
294 5
328 4
290 2
290 5
327 5
429 4
295 5
325 3
309 3
306 3
302 4
290 3
287 2
286 2
286 2
286 2
286 4
286 3
288 2
287 2
287 1
287 4
287 3
288 1
288 1
288 4
288 4
288 2
286 3
286 2
286 0
285 1
285 0
285 1
285 1
285 5
380 4
289 4
288 2
288 3
290 4
290 4
290 3
292 0
287 4
284 2
284 2
284 3
285 4
285 0
284 4
284 0
284 3
286 3
285 3
286 4
284 2
284 3
285 0
285 5
383 0
383 1
383 3
345 2
344 4
297 4
295 3
292 4
289 4
289 1
289 2
289 2
289 1
289 1
289 5
323 5
430 3
367 0
366 3
350 0
350 4
297 4
288 4
288 5
334 5
471 3
398 1
398 4
308 3
305 3
298 3
294 3
296 4
293 2
291 1
291 4
291 3
292 4
292 3
292 4
292 1
292 0
286 1
286 1
286 5
394 2
391 5
538 4
299 4
298 2
297 0
290 2
290 4
283 0
283 1
283 3
284 4
283 3
281 5
323 3
307 1
307 4
287 4
287 4
287 3
285 3
288 5
326 3
307 3
306 4
286 4
285 3
283 4
283 4
283 5
328 0
328 0
328 2
326 1
326 5
459 1
457 0
457 0
457 0
457 0
457 4
292 3
290 2
289 2
289 4
286 3
292 0
288 2
286 4
282 2
282 0
282 3
288 3
287 4
287 4
287 2
285 2
283 0
282 0
282 1
282 4
282 0
282 2
282 4
282 0
282 2
282 0
282 0
282 2
282 4
282 3
288 4
288 0
285 3
286 4
281 4
281 2
281 0
281 4
281 1
281 3
281 5
324 3
306 2
304 5
403 5
575 2
571 4
306 0
296 4
286 3
286 3
285 2
285 5
323 0
323 4
284 4
284 2
284 3
284 0
283 2
283 0
283 4
283 2
283 2
283 2
283 4
283 2
283 3
285 4
285 -1
501 1
501 5
500 4
462 2
460 2
458 1
458 2
456 3
399 0
333 3
322 0
311 0
311 2
310 0
310 2
309 5
412 5
552 2
548 4
308 3
304 2
303 1
303 1
305 4
303 5
325 1
326 2
324 3
311 5
378 2
376 3
335 3
331 5
455 2
452 3
401 5
607 0
607 4
306 4
301 4
301 4
301 2
300 2
299 3
296 1
296 2
296 2
296 3
293 2
292 1
292 0
287 2
287 5
394 2
391 4
292 5
326 2
324 2
324 5
436 5
588 5
752 0
752 4
315 1
317 3
305 0
297 2
296 2
294 3
295 1
296 2
295 5
381 1
381 5
523 0
523 4
305 3
304 0
296 0
296 1
296 1
299 3
298 1
299 3
292 0
292 1
293 0
293 4
287 0
286 2
285 3
286 4
285 5
321 1
323 3
304 1
304 2
303 2
302 2
301 2
300 1
302 4
288 4
287 4
287 1
289 4
288 1
288 2
287 1
287 4
287 1
289 4
288 2
288 3
288 5
319 5
419 3
350 5
479 2
476 2
474 5
680 1
680 2
676 4
305 3
301 5
337 4
292 2
292 3
294 5
316 2
314 1
314 0
314 5
425 2
422 2
419 4
296 5
321 5
415 5
563 0
563 2
559 0
559 0
559 2
554 1
550 1
550 5
710 0
710 2
703 2
698 5
858 2
849 0
849 2
843 1
840 1
838 2
831 4
323 3
317 5
327 2
325 2
323 2
321 4
300 1
302 4
301 5
324 3
311 3
309 0
305 3
303 2
302 3
300 2
300 0
300 2
299 1
301 0
301 0
301 5
426 2
423 1
423 4
302 5
330 1
329 4
294 5
322 0
321 2
319 4
290 5
319 2
317 3
302 0
301 3
300 5
415 3
364 4
301 4
297 3
293 5
337 0
335 4
294 4
293 1
295 2
293 2
291 2
291 4
291 4
291 3
293 4
293 3
293 4
293 2
292 0
288 5
394 1
393 3
348 3
333 5
471 2
468 1
468 5
680 4
303 0
294 2
292 4
287 0
287 1
289 2
288 4
288 4
286 1
286 2
286 1
286 3
288 2
287 1
287 3
290 1
290 0
286 5
401 0
401 4
291 4
289 4
289 2
288 3
290 2
288 4
287 0
285 0
285 2
285 3
287 3
285 1
286 2
285 3
287 2
286 3
285 5
389 2
387 1
387 2
384 2
382 2
379 3
330 5
454 4
298 0
295 1
296 2
295 3
292 3
292 3
291 5
402 5
573 1
573 0
573 5
756 1
756 5
940 5
1121 5
1298 3
1087 2
1077 0
1076 2
1067 2
1059 5
1291 0
1291 2
1281 2
1270 2
1259 1
1260 4
345 1
348 3
321 2
319 5
335 4
309 4
309 2
308 3
313 4
312 5
324 4
305 3
305 3
305 5
321 4
296 0
293 1
293 3
295 5
370 2
367 1
366 5
485 3
388 0
386 2
384 4
308 3
299 1
301 2
300 3
299 3
299 4
294 0
288 5
385 3
344 2
343 2
342 2
341 1
342 2
341 3
325 4
296 0
296 5
409 1
409 1
408 2
405 4
299 3
295 3
293 3
294 4
294 1
294 0
292 2
291 0
291 3
290 4
289 2
289 1
289 3
291 1
291 3
290 3
289 0
288 1
289 5
389 1
388 4
289 0
286 2
286 3
285 1
286 4
285 1
285 2
285 2
285 4
285 2
285 2
286 3
287 3
286 1
288 2
286 2
287 5
340 2
338 2
338 3
308 2
307 5
398 1
398 3
357 3
344 4
295 2
293 0
291 5
416 1
414 3
358 2
356 5
517 5
747 4
305 3
299 3
303 3
299 3
302 4
299 2
297 2
295 3
296 2
295 5
317 4
292 0
290 4
288 3
291 3
288 1
288 1
288 2
288 0
288 0
288 2
288 2
288 5
391 2
388 4
293 4
292 2
292 3
296 2
294 4
293 1
293 3
293 2
291 4
291 2
291 0
287 3
286 3
285 4
284 4
284 1
286 2
287 1
289 2
288 5
329 2
329 2
329 4
289 5
326 2
324 0
323 3
304 2
303 2
302 1
303 3
295 2
294 4
284 3
287 4
286 1
286 2
285 5
336 3
315 5
427 2
425 4
296 3
294 3
293 5
327 2
325 2
325 3
305 3
302 2
301 4
289 4
287 3
286 1
286 3
286 2
287 5
325 4
289 4
289 4
289 2
289 3
293 5
324 4
288 4
288 0
287 4
286 2
286 0
286 3
286 3
286 2
286 0
286 0
286 1
287 0
287 3
286 4
283 2
283 0
282 1
282 4
281 3
282 5
328 4
286 2
285 4
285 3
288 3
288 3
287 2
285 4
285 0
284 4
283 3
284 3
285 4
285 3
284 4
284 2
283 4
283 3
283 5
323 2
323 3
309 4
286 2
286 1
286 3
285 3
286 0
283 3
282 4
280 3
281 4
280 2
279 2
280 3
279 4
279 1
279 0
279 1
279 2
279 1
279 4
279 1
279 0
279 4
279 3
280 5
329 0
329 1
329 0
329 3
307 0
304 4
286 3
282 3
283 3
283 5
333 4
286 2
286 1
286 2
286 2
287 2
288 4
288 3
288 4
288 2
286 4
286 2
286 0
284 1
285 4
282 1
282 5
325 4
285 4
285 4
285 2
286 1
288 4
287 2
287 1
287 2
288 4
288 2
288 2
289 1
289 1
290 5
321 1
321 5
428 3
363 3
347 1
347 2
345 1
345 3
338 5
478 3
423 2
421 4
305 4
296 4
296 3
289 5
331 0
331 5
463 4
300 3
298 3
298 5
338 3
313 4
287 2
286 1
286 1
286 4
285 4
285 3
285 2
285 1
285 5
331 3
303 2
302 3
301 1
301 5
401 1
401 1
401 4
292 1
292 2
291 1
292 5
332 3
310 3
306 2
305 4
285 0
284 5
391 2
388 3
342 0
339 2
338 5
518 2
514 3
454 0
454 2
452 2
450 3
433 0
433 4
302 0
299 0
299 1
300 0
300 1
301 3
298 3
297 4
280 0
280 0
280 2
280 3
280 3
281 3
281 3
280 3
280 3
280 2
279 4
279 3
279 2
278 5
344 0
344 3
318 4
286 1
286 3
286 3
283 0
281 4
278 0
277 4
277 0
277 0
277 3
277 4
277 0
277 3
277 0
277 0
277 2
277 4
277 2
277 1
277 0
277 0
277 5
393 0
393 1
393 0
393 4
283 2
283 2
283 4
283 4
283 2
283 5
324 3
305 4
284 2
283 1
285 1
285 5
326 1
327 4
284 2
283 2
283 3
287 3
284 5
323 0
323 5
446 3
369 4
294 3
285 0
283 0
283 2
282 4
280 2
280 3
281 0
280 2
279 4
279 5
322 4
282 4
282 2
282 3
288 3
287 3
288 1
288 3
283 4
283 2
283 4
283 2
284 1
284 2
284 0
280 1
280 4
280 0
280 2
280 2
280 0
280 1
280 0
280 4
280 2
280 2
280 3
282 1
282 1
282 2
282 3
283 2
281 3
280 0
280 4
279 5
320 3
303 5
399 1
398 3
351 2
349 5
518 5
742 4
309 3
305 1
305 0
294 2
293 5
403 1
403 3
356 0
355 0
355 0
355 1
355 1
355 5
546 2
541 2
537 2
534 3
467 4
307 3
298 5
360 2
358 2
356 3
334 1
334 2
333 1
333 4
294 2
293 4
291 2
291 2
291 3
289 2
288 5
337 3
309 5
429 4
294 3
291 3
292 5
334 3
313 2
311 2
310 4
293 3
291 1
291 5
335 1
335 3
312 4
289 2
288 2
288 1
288 1
288 4
288 0
286 5
399 1
399 3
350 2
348 2
347 0
346 3
341 3
339 3
337 4
293 0
291 0
291 3
291 5
435 2
432 2
429 2
426 2
423 0
423 4
299 2
295 1
295 2
294 4
290 2
289 2
288 5
347 2
345 3
310 5
425 2
421 2
418 1
417 4
294 0
289 2
288 4
282 2
281 2
280 4
279 2
279 2
279 4
279 4
279 2
279 4
279 2
279 1
279 5
335 4
283 3
284 0
282 2
282 3
282 3
283 0
283 2
282 2
281 5
389 1
389 0
389 3
347 2
345 3
332 2
331 5
480 1
480 1
479 2
476 2
473 5
686 3
571 3
536 3
512 1
512 0
512 5
855 0
855 3
792 2
789 4
327 2
325 2
323 5
370 3
342 2
341 4
300 1
300 4
295 0
293 5
422 3
375 2
373 4
306 4
300 4
300 2
299 3
297 2
295 3
297 5
344 3
322 3
317 5
441 0
440 0
440 1
440 3
391 3
377 2
375 2
373 2
371 1
371 1
371 4
293 4
287 5
334 0
334 5
492 1
492 2
488 1
488 2
483 3
402 4
300 3
291 4
287 0
284 3
287 2
286 5
388 0
388 0
388 3
348 2
346 2
344 2
343 2
342 5
472 3
419 3
403 5
635 3
571 2
568 3
548 0
548 4
314 2
311 2
309 3
295 2
294 3
293 4
286 0
284 1
284 2
283 2
283 3
283 0
283 4
280 1
280 3
281 2
280 5
338 3
315 2
314 2
313 5
441 1
441 4
292 3
291 0
289 0
289 2
288 3
288 2
287 0
287 3
288 0
288 2
288 2
287 2
287 2
286 0
286 2
286 1
286 4
282 2
282 3
283 5
334 4
283 2
282 3
285 3
285 5
323 0
323 2
321 2
321 5
450 5
611 4
302 5
331 0
329 0
329 0
329 1
329 0
329 3
314 3
308 3
306 2
305 4
293 0
290 2
288 3
288 2
287 2
286 1
286 1
286 4
283 2
282 2
282 4
281 3
282 3
281 3
281 5
330 3
309 0
308 2
307 2
306 5
443 5
611 3
511 2
508 2
505 3
456 2
454 3
436 4
294 0
293 1
293 4
291 3
290 3
290 0
289 4
288 4
287 2
287 3
290 2
289 5
341 1
341 1
339 4
285 2
284 3
287 4
287 4
287 0
284 0
284 5
391 4
289 3
291 4
291 4
291 2
289 4
289 4
289 5
333 0
332 0
332 0
332 0
332 2
330 1
330 1
330 2
329 2
328 3
307 2
306 0
305 2
304 4
286 3
284 4
282 0
282 4
280 2
280 3
282 3
282 0
281 2
280 3
280 2
280 3
281 2
281 5
392 4
284 4
284 2
284 3
289 3
289 2
286 3
284 1
284 1
284 2
284 3
287 4
287 2
287 3
288 5
333 2
333 2
331 1
331 3
311 3
305 3
302 4
285 2
285 3
285 4
284 0
284 0
284 4
282 0
282 2
282 3
282 2
282 3
283 2
283 3
282 4
282 2
282 3
282 1
282 5
341 4
287 2
287 2
287 3
289 2
287 0
285 3
286 3
286 2
285 1
285 5
386 2
383 5
530 3
417 1
417 2
414 0
414 0
414 4
308 2
306 1
306 4
298 4
298 5
335 2
333 4
294 5
328 5
441 3
369 5
524 5
743 4
306 3
301 2
299 3
296 4
295 1
295 2
295 0
289 2
289 1
289 2
289 1
289 5
385 2
382 0
382 1
382 4
293 3
294 3
291 5
333 2
331 2
329 4
286 4
286 3
287 3
287 3
286 2
286 3
286 3
286 2
286 2
286 3
286 4
285 5
322 3
306 0
304 1
304 2
303 4
286 5
325 5
447 3
380 2
378 2
377 1
377 2
376 2
375 2
374 3
352 0
351 0
351 0
351 3
350 1
350 2
349 3
347 2
346 0
345 0
345 5
547 0
547 2
543 3
485 1
485 2
482 3
468 2
466 3
459 4
302 4
293 2
291 3
289 1
289 3
289 5
340 0
340 2
338 4
285 2
284 4
283 4
283 0
282 2
281 2
281 0
281 4
279 0
279 3
280 1
280 3
279 5
396 4
284 3
283 3
281 0
280 1
280 4
280 1
280 5
324 2
322 2
322 4
284 2
283 4
283 1
283 5
322 5
444 0
444 3
370 1
370 4
293 2
292 4
288 3
288 2
288 2
287 5
331 4
288 2
287 3
289 0
286 3
289 5
383 5
535 0
535 3
443 0
442 0
442 3
414 3
404 4
312 2
311 3
305 1
305 0
298 0
298 0
298 5
436 5
627 2
623 4
316 0
304 4
291 4
290 0
288 4
286 2
285 2
284 2
284 4
283 4
283 5
326 0
326 5
454 3
376 1
376 4
306 4
304 3
295 4
293 2
292 2
292 3
295 2
294 5
323 2
320 4
288 0
283 4
281 0
281 0
281 3
284 5
390 0
390 4
288 1
288 3
289 2
288 3
287 4
286 4
286 2
285 2
285 3
290 0
286 5
395 5
541 5
708 5
882 3
690 3
607 1
606 0
605 1
605 2
601 2
597 3
548 5
842 3
763 4
327 4
314 4
314 3
303 4
302 1
302 2
300 2
300 4
300 2
300 1
300 2
299 2
299 2
299 1
299 4
299 5
314 4
296 3
302 0
293 5
407 4
291 0
287 5
391 5
535 1
532 5
703 0
703 2
695 2
686 2
678 0
678 2
673 3
517 4
319 3
305 1
305 0
297 1
297 0
297 2
297 4
292 4
292 5
332 2
330 1
329 5
452 2
449 3
374 4
303 4
303 0
299 2
299 2
298 2
296 5
403 2
400 4
299 4
299 5
338 4
295 5
332 5
432 3
357 3
338 5
476 0
476 5
683 0
683 5
909 2
902 3
751 4
332 0
323 3
321 4
301 2
299 0
296 1
296 2
296 2
296 4
292 2
291 0
291 2
291 3
296 4
293 5
335 2
332 2
330 0
330 4
293 5
323 0
322 1
322 4
289 2
289 4
289 0
287 2
287 0
287 4
286 5
336 1
336 3
317 3
311 0
309 0
309 3
306 3
306 3
306 4
289 5
348 4
289 3
288 5
336 0
335 0
335 5
487 4
301 1
301 5
331 4
295 3
297 4
296 3
294 4
294 1
294 5
317 0
316 4
288 4
288 2
287 4
287 4
287 5
316 3
299 2
298 2
297 5
396 2
393 2
390 4
291 0
284 1
284 4
282 5
331 3
311 4
290 3
287 4
286 5
317 3
298 2
297 4
284 4
282 4
282 5
325 3
305 5
404 1
404 3
359 0
358 5
561 5
787 4
312 4
302 3
297 2
295 4
295 3
294 3
297 1
297 4
297 2
296 2
295 2
293 0
287 3
288 2
287 4
284 3
289 5
330 4
286 0
285 3
288 5
383 3
341 1
341 3
326 0
325 0
325 4
289 5
351 3
326 4
290 3
289 0
285 2
285 3
286 2
285 3
285 3
286 0
286 5
412 0
412 0
412 5
585 5
769 4
310 5
331 2
329 0
327 0
327 3
312 0
307 3
306 5
444 1
444 4
305 1
305 3
295 0
291 4
288 4
286 3
287 2
286 1
286 4
286 1
286 2
286 4
286 0
285 0
285 2
285 2
285 3
286 1
286 2
285 5
382 3
340 4
289 4
285 4
285 3
288 5
333 5
456 1
456 3
384 4
298 5
335 5
460 3
391 3
362 3
355 3
353 4
295 5
352 0
352 2
350 0
350 1
349 2
347 5
512 5
698 1
697 2
692 5
872 4
318 2
317 2
316 0
310 0
310 5
411 3
354 2
352 3
336 2
334 3
329 2
328 4
292 4
286 1
286 2
285 4
285 5
330 4
288 2
287 3
287 0
282 0
282 4
279 3
280 1
280 1
280 0
278 0
278 3
278 1
278 0
278 4
278 1
278 4
278 0
278 2
278 2
278 2
278 2
278 2
278 4
278 2
278 4
278 4
278 0
278 3
280 3
278 0
278 3
279 4
279 4
279 3
278 5
325 1
325 4
283 3
283 2
283 3
284 1
284 4
284 3
287 3
285 2
283 1
283 4
283 4
283 0
279 2
278 1
278 0
278 3
282 2
281 3
281 3
279 4
278 2
278 2
278 3
283 0
282 0
282 3
282 3
282 3
282 3
282 4
278 3
280 2
280 2
280 4
280 2
280 4
280 0
280 4
278 4
278 0
278 5
386 0
386 2
383 4
283 4
283 3
289 2
288 3
289 2
288 5
329 3
309 3
302 3
300 0
300 4
282 4
280 3
281 1
281 2
279 5
330 2
330 2
328 4
286 4
283 3
284 1
284 1
284 3
286 0
285 0
285 2
283 2
282 4
280 0
280 3
282 0
282 2
281 2
281 3
282 2
282 5
389 4
283 0
279 5
385 3
342 4
298 4
295 5
341 0
339 3
316 3
313 0
312 0
312 4
289 3
285 3
286 2
285 0
284 3
284 4
281 5
335 4
281 3
284 5
327 4
280 0
279 3
280 4
279 3
279 3
280 0
280 5
392 4
288 2
288 2
288 2
287 2
287 5
326 2
324 1
324 0
324 0
324 4
282 2
282 3
282 5
323 0
323 5
458 3
382 3
360 4
293 2
291 1
291 1
291 2
290 2
289 0
288 4
283 1
283 0
282 4
281 3
284 1
284 3
283 1
283 0
282 5
391 4
288 2
288 5
329 4
285 2
285 1
285 4
285 1
285 2
285 0
282 4
281 3
283 0
283 0
283 4
281 2
281 3
282 0
282 3
286 3
285 5
379 0
379 4
284 3
288 2
287 5
327 2
325 2
324 3
308 4
286 3
284 4
283 5
322 2
322 0
321 1
321 0
321 5
453 3
381 5
526 5
742 0
742 4
306 3
298 4
297 1
297 5
327 5
423 0
423 0
423 2
420 0
420 4
292 3
293 1
293 4
293 3
294 4
294 1
294 3
293 5
325 1
325 3
305 3
298 0
296 3
296 3
296 4
283 1
283 3
281 0
281 1
281 3
280 4
279 3
279 4
278 2
278 3
279 3
279 3
278 3
279 0
279 0
279 4
278 4
278 2
278 1
278 0
278 5
389 2
386 3
338 3
326 1
326 3
321 4
289 4
283 4
283 3
280 0
280 3
280 1
280 4
280 2
280 1
280 4
280 1
280 4
280 5
339 2
337 4
285 4
284 2
283 -1
