5 2000
787 0
648 0
642 1
642 4
464 5
445 5
498 5
603 5
732 0
732 0
732 1
731 3
609 4
423 2
421 3
404 2
403 5
427 4
396 3
389 2
389 4
389 0
384 2
384 5
440 3
414 2
413 4
393 3
389 2
388 5
415 2
415 0
414 0
414 2
412 0
412 0
412 2
412 2
413 2
415 0
415 4
387 4
387 2
386 1
389 2
386 3
384 4
384 5
410 1
410 2
410 0
410 4
386 0
385 1
386 1
387 5
450 1
449 2
448 4
385 0
382 1
384 3
383 0
383 0
383 0
383 5
442 2
439 2
440 1
442 2
440 5
521 0
521 2
517 2
517 1
518 4
402 2
401 3
396 2
395 5
411 1
410 4
390 4
390 5
422 5
482 5
565 5
671 4
417 4
414 2
414 5
423 5
462 3
417 4
401 2
400 2
399 2
398 0
395 3
394 5
445 4
391 4
391 2
390 0
387 2
387 0
387 2
387 3
385 5
441 2
442 4
389 5
414 5
473 3
425 2
424 5
480 0
479 2
477 4
398 4
390 1
393 0
387 5
453 2
451 5
545 2
541 3
464 5
549 3
501 2
499 0
499 4
408 1
411 3
399 4
387 0
384 0
384 4
381 3
381 5
415 5
480 0
480 1
480 2
479 5
581 2
579 3
487 0
486 4
412 3
401 1
402 2
401 5
433 4
390 4
388 1
391 1
394 3
385 5
410 2
408 1
410 2
408 4
382 3
384 5
411 2
409 3
396 4
382 1
385 2
384 4
382 2
382 2
383 2
383 3
383 2
382 2
381 5
412 1
412 3
403 4
387 4
386 4
386 3
385 2
385 2
385 0
381 1
385 2
384 2
385 5
440 0
440 3
413 5
474 2
472 1
472 0
471 2
469 2
467 5
588 5
730 3
623 5
773 0
773 3
703 3
665 5
932 3
886 2
880 0
880 1
880 2
874 1
875 0
875 3
853 2
849 0
849 3
836 0
836 2
833 0
833 0
833 1
833 0
833 4
426 3
402 5
449 4
387 2
387 3
386 5
423 2
421 2
419 5
497 2
492 2
492 2
489 4
391 2
389 0
384 1
386 5
456 1
458 4
385 4
385 0
383 3
384 2
383 0
383 1
383 2
383 4
380 3
380 0
380 4
379 4
379 4
379 2
379 3
380 2
380 3
381 3
380 2
380 0
380 3
380 0
380 5
457 1
457 2
454 1
454 5
553 2
549 2
545 2
542 3
478 2
475 2
474 1
476 4
400 4
398 3
392 0
388 4
381 2
380 2
379 2
378 4
377 3
377 1
377 2
377 2
376 1
376 3
377 5
405 4
379 5
405 1
413 2
410 4
384 3
378 4
378 5
405 3
393 3
391 5
450 3
419 5
497 0
496 2
493 3
452 2
450 2
448 2
446 3
444 0
443 4
390 0
388 4
381 3
379 5
422 3
405 3
397 1
397 0
397 1
398 3
395 2
394 4
378 0
378 5
468 5
586 3
517 4
397 5
430 2
428 2
426 4
380 4
378 2
377 5
416 4
377 5
423 4
378 0
376 2
376 2
376 0
376 4
375 2
375 4
374 2
375 5
421 5
496 2
498 0
498 5
601 2
602 2
603 4
398 5
418 4
391 0
384 3
382 2
381 4
379 4
378 5
410 3
397 1
397 5
451 5
543 0
543 0
543 2
540 1
540 4
397 0
386 4
379 5
409 3
394 1
396 2
394 4
380 2
379 2
378 0
376 3
376 4
375 1
375 2
376 2
377 4
377 4
377 3
376 0
376 3
377 2
376 5
437 3
404 4
382 5
413 4
379 3
379 2
379 5
411 5
484 0
484 3
431 4
390 5
414 4
376 2
376 0
375 0
375 4
374 2
374 2
375 4
375 4
375 5
411 3
394 4
378 0
376 4
374 5
412 3
392 5
447 0
447 5
553 0
553 1
553 2
550 2
547 2
545 2
542 4
398 1
398 5
420 3
399 2
398 2
397 4
385 2
384 1
384 4
383 5
413 4
385 1
388 4
385 4
385 4
385 4
385 0
380 2
380 2
380 1
381 1
381 3
381 4
379 5
411 3
395 3
390 5
439 3
421 2
419 5
504 0
504 0
504 3
473 2
470 2
468 2
466 4
398 4
389 2
388 1
388 5
415 4
387 2
386 0
383 0
383 3
384 5
457 1
458 5
567 2
564 2
560 5
689 0
689 4
399 4
394 2
393 3
393 2
391 3
392 2
391 4
391 5
407 5
455 4
389 2
389 5
412 0
412 2
410 5
472 4
392 2
392 2
393 4
392 4
392 3
391 2
391 4
391 3
391 4
391 1
391 2
389 3
391 2
391 2
390 0
387 3
387 5
432 2
430 0
430 2
431 0
431 2
429 3
414 3
408 4
377 5
405 1
404 3
390 3
390 4
379 3
379 3
377 4
377 5
412 0
412 5
488 4
386 5
412 3
401 3
396 4
384 5
410 4
382 0
380 2
380 3
381 2
381 2
381 4
379 3
382 2
381 0
380 2
379 3
381 2
381 4
379 4
379 3
380 5
406 2
404 3
393 4
380 5
409 2
409 0
409 1
410 4
383 0
380 2
380 5
440 5
528 3
458 3
434 4
392 2
391 4
387 2
386 3
385 1
387 2
385 0
383 4
382 2
382 4
382 1
382 5
405 2
403 1
403 0
403 4
382 2
382 4
382 2
382 4
382 4
382 5
409 0
409 3
395 3
396 0
396 4
385 4
380 2
379 4
379 2
379 2
378 0
378 4
378 3
380 1
380 1
382 3
378 3
381 2
380 0
379 0
379 4
378 4
378 4
378 3
380 2
380 5
413 2
411 4
383 4
382 3
381 3
382 2
380 2
380 1
380 4
380 3
383 0
381 2
380 2
380 4
379 3
380 0
379 1
379 5
447 2
446 0
446 4
381 2
381 3
382 2
382 5
413 0
412 0
412 3
401 0
399 4
388 1
388 2
387 1
387 1
388 3
382 4
378 2
378 3
379 1
379 4
378 2
377 1
377 2
377 4
377 2
377 2
377 4
377 3
377 3
377 0
375 3
376 4
375 4
375 4
375 3
376 4
376 1
376 3
376 0
376 3
376 3
377 3
377 2
376 5
445 5
543 4
388 3
386 2
385 0
379 0
379 2
379 0
379 2
379 2
380 2
381 4
378 2
378 2
379 4
379 2
380 5
415 0
415 0
415 2
415 3
397 5
450 3
429 2
428 3
422 1
422 5
502 4
389 2
387 0
382 3
383 2
382 3
383 4
378 3
378 1
378 2
377 4
376 2
376 4
375 1
375 4
375 3
375 2
375 0
375 4
374 2
374 3
374 4
373 3
373 5
413 5
493 3
435 4
391 3
388 2
387 0
383 2
383 3
384 5
455 4
382 3
381 2
380 2
379 2
378 3
376 4
375 0
373 3
374 2
373 4
372 0
372 3
373 4
372 2
373 2
373 0
373 2
373 3
373 2
373 1
373 1
373 2
373 5
438 4
379 2
379 2
379 0
373 2
373 2
373 3
374 1
377 4
375 4
374 0
373 4
372 2
372 4
372 3
376 0
374 1
375 0
375 2
375 1
375 0
375 2
375 5
443 4
383 4
383 4
383 4
383 0
377 1
377 0
377 5
443 0
443 3
410 4
389 0
383 3
383 4
374 2
373 4
373 4
373 2
373 4
373 4
373 4
373 2
373 4
373 3
373 2
373 5
421 1
421 3
397 3
396 4
382 2
381 2
380 2
379 1
379 0
378 5
449 1
449 0
449 2
447 3
410 4
385 0
384 1
384 2
383 3
384 2
383 3
382 4
376 3
377 3
376 2
375 0
375 0
375 4
375 2
374 4
374 5
413 2
411 5
495 4
389 3
388 2
387 0
383 0
383 3
383 4
378 3
380 3
380 2
379 2
379 4
378 0
376 2
375 0
375 2
375 5
441 4
380 5
406 1
406 0
405 1
405 5
482 4
385 0
379 3
380 3
379 4
377 3
378 4
378 3
380 3
378 3
379 5
406 4
379 0
378 0
378 1
378 2
378 1
378 3
378 4
377 1
377 0
377 2
377 4
377 4
377 2
377 4
377 2
376 2
376 5
412 3
396 2
395 0
394 4
384 3
382 1
382 4
380 4
380 2
380 0
378 3
378 2
377 4
377 3
379 0
378 5
443 5
529 3
460 1
460 0
459 1
460 3
444 2
443 0
443 0
443 5
593 2
590 5
762 4
415 0
405 4
388 1
388 3
387 0
386 4
383 1
383 5
411 4
385 1
385 4
384 3
385 0
384 4
382 4
382 2
382 4
382 2
382 4
382 5
409 2
407 3
397 2
396 4
390 0
389 0
389 4
384 3
389 4
389 5
410 2
408 3
397 4
387 3
384 3
385 5
415 4
390 3
391 3
388 2
387 2
387 4
387 4
387 0
384 2
384 1
384 1
384 3
384 1
384 2
383 2
382 3
383 5
434 4
390 2
390 0
385 0
385 2
385 2
385 0
385 5
450 0
450 0
450 5
537 4
395 3
393 2
393 4
393 4
392 1
392 5
407 3
397 3
397 4
386 4
386 1
386 4
386 3
387 5
407 2
405 3
398 1
398 4
388 2
387 0
384 2
384 0
384 4
383 4
383 4
383 3
384 5
412 1
412 4
390 2
390 4
390 0
387 5
446 0
446 5
536 4
389 1
389 5
409 3
398 2
397 5
436 3
415 5
501 0
501 0
501 4
394 3
388 3
388 3
388 2
387 4
384 0
383 2
383 0
383 4
382 2
382 4
382 0
382 4
382 4
382 3
383 2
383 3
383 2
383 2
383 2
383 3
383 0
382 2
381 3
382 4
381 3
381 2
381 3
382 0
382 0
382 2
382 4
381 3
382 0
382 0
382 3
383 2
382 3
382 4
381 0
381 2
381 1
381 3
382 4
381 3
381 3
382 3
382 0
382 4
381 2
381 3
381 4
381 1
381 4
381 2
381 0
381 5
437 2
437 4
384 5
411 2
411 1
411 4
383 4
383 2
383 1
383 3
383 3
383 4
383 3
382 3
384 4
384 1
384 3
383 4
383 0
383 0
383 4
382 4
382 2
382 0
382 3
383 2
383 0
382 5
443 2
443 3
417 0
416 4
392 0
390 4
383 1
383 2
383 2
382 3
383 1
383 0
383 3
384 3
384 1
384 5
452 4
389 1
389 0
384 5
447 5
549 3
467 4
391 5
409 5
476 4
395 2
393 4
390 2
389 3
393 4
393 1
393 5
411 2
409 4
386 4
386 2
386 4
386 4
386 2
386 3
388 3
386 2
385 5
407 1
407 4
382 2
382 3
384 2
384 2
384 4
384 4
384 3
384 0
381 5
436 0
436 4
387 1
387 0
385 0
385 3
384 4
378 2
378 0
378 0
378 3
380 4
379 2
379 5
407 5
467 2
464 5
551 2
549 0
549 4
390 4
389 2
389 1
389 1
389 5
414 3
396 3
388 0
386 3
386 4
381 5
408 2
406 4
379 0
379 3
379 0
379 2
379 3
380 2
379 5
445 1
445 5
543 2
541 5
655 1
655 4
395 5
411 1
411 3
399 4
389 3
387 4
387 4
387 2
386 0
384 0
384 4
382 4
382 4
382 2
382 0
380 3
382 2
381 4
380 2
380 0
380 4
379 4
379 2
379 5
411 4
382 5
412 5
468 1
468 4
383 4
383 4
383 4
383 4
383 5
405 2
403 2
403 3
392 1
392 4
382 4
382 0
382 3
383 4
379 0
379 0
379 4
379 0
379 2
379 3
381 1
381 5
432 4
383 4
383 2
383 1
383 2
382 3
382 2
382 0
381 0
381 4
380 0
380 4
380 0
380 3
381 2
381 0
381 2
381 3
381 2
380 3
380 5
442 5
528 4
387 1
387 2
386 2
386 2
386 0
385 4
384 4
384 5
413 0
413 2
413 2
411 4
386 1
386 5
411 5
466 3
412 4
389 1
389 5
416 1
416 2
414 2
412 1
412 0
411 4
384 0
382 3
383 0
383 3
383 2
382 2
381 4
379 4
377 4
377 3
378 2
378 5
413 5
478 0
478 1
478 0
478 3
437 1
437 2
436 3
423 5
512 4
397 1
397 1
397 2
395 3
389 4
385 5
411 3
395 4
384 4
383 3
382 4
381 4
381 2
381 1
381 4
381 5
407 4
380 3
380 3
381 3
381 2
381 0
380 3
380 4
378 4
378 4
378 4
378 3
377 1
377 4
377 0
377 4
377 1
377 2
377 4
377 0
377 4
377 0
377 3
377 3
379 1
379 0
379 2
379 2
378 2
378 4
378 0
378 4
377 1
377 4
377 4
377 4
377 3
377 4
377 3
379 4
379 0
379 1
379 2
378 5
446 0
446 4
386 4
386 2
386 3
385 4
385 0
380 0
380 4
378 2
378 2
378 0
378 5
441 1
441 0
441 3
413 2
412 2
411 4
384 3
382 4
377 3
378 0
378 2
378 2
377 5
441 4
379 4
379 2
379 1
379 3
380 4
380 3
380 0
379 0
379 2
378 0
378 0
378 0
378 3
380 2
379 5
440 4
380 2
380 2
380 3
379 1
379 5
411 4
377 5
410 4
377 3
377 0
377 4
377 0
377 3
378 3
378 4
377 2
377 2
377 5
412 2
412 2
410 3
395 3
392 0
390 0
390 5
482 0
482 2
481 5
599 3
516 4
402 3
392 0
387 0
387 3
387 1
387 0
387 0
387 2
386 0
386 0
386 4
381 2
380 4
379 2
378 5
419 5
492 4
389 0
383 5
453 0
453 3
428 0
426 5
538 3
500 3
473 4
402 0
399 0
399 0
399 2
399 2
398 4
385 3
383 4
382 4
382 4
382 5
425 2
423 2
421 2
421 4
388 3
385 4
381 5
417 3
402 2
401 4
383 4
381 4
381 5
411 3
399 4
384 0
383 3
383 0
383 0
383 4
378 4
378 4
378 2
378 1
378 0
378 5
448 0
448 5
550 2
546 5
669 5
798 4
401 3
402 2
401 3
400 3
401 2
399 2
398 3
399 0
391 1
391 5
451 2
449 4
394 2
393 4
391 2
391 4
391 2
391 2
391 2
391 2
391 4
391 2
391 5
411 2
411 4
390 3
392 0
389 2
388 1
388 0
388 2
388 2
388 3
388 4
386 0
384 4
382 4
382 5
413 0
413 3
400 2
399 2
398 3
397 5
446 0
446 0
446 4
392 2
390 1
390 5
420 2
418 0
417 4
387 1
387 4
387 2
386 2
385 5
422 4
386 5
422 5
482 0
482 3
428 5
492 2
490 5
619 5
770 5
924 4
431 0
413 4
397 0
391 1
391 1
391 5
452 2
451 0
451 4
392 4
392 5
408 3
399 0
397 2
396 2
396 3
395 2
395 1
395 5
469 5
575 2
572 3
472 2
469 4
406 0
402 0
402 2
401 0
401 2
400 3
395 3
395 2
394 0
394 5
491 2
489 1
489 0
489 0
489 4
389 2
388 4
387 2
387 1
387 0
385 4
384 0
384 0
384 2
384 4
384 2
384 2
384 1
384 4
384 1
384 4
384 2
384 0
384 2
384 2
384 2
384 0
384 3
383 0
383 2
383 1
383 4
383 3
384 5
412 3
401 5
467 0
467 4
387 5
413 4
383 4
382 2
382 0
380 4
380 2
380 5
406 1
406 1
406 4
381 5
407 1
407 3
397 4
387 3
383 2
383 5
416 5
488 0
488 0
488 5
595 4
391 3
387 0
385 5
453 5
547 0
547 3
473 1
473 0
472 1
472 1
472 2
471 2
470 2
469 4
401 2
400 2
399 0
392 4
385 0
385 1
385 4
385 5
414 2
414 4
386 3
385 0
384 5
455 5
559 5
689 5
820 5
956 2
945 2
938 1
937 5
1073 0
1073 2
1064 2
1056 4
441 4
435 5
417 3
404 5
438 4
393 2
392 0
388 0
388 3
389 4
384 5
413 4
386 4
385 1
385 5
415 4
384 4
384 5
412 3
396 3
394 0
391 4
384 1
384 0
384 2
383 4
379 0
379 0
379 2
379 3
379 2
379 1
379 1
379 1
379 3
380 5
436 2
436 0
436 4
379 0
379 0
379 0
379 5
449 3
412 2
411 5
477 5
593 2
590 5
732 0
732 0
732 1
732 3
636 4
419 0
409 4
392 0
389 5
470 2
468 2
467 1
467 5
569 4
401 3
393 5
415 1
415 2
413 0
411 5
496 4
389 1
389 4
387 1
387 3
386 1
386 4
385 5
407 4
384 0
383 1
383 2
383 4
380 2
380 0
380 2
380 3
380 4
379 3
379 2
379 1
379 4
379 0
379 0
379 5
436 3
412 1
412 2
411 4
389 3
386 0
383 2
383 1
383 3
382 5
446 4
386 2
385 2
384 4
384 4
384 2
383 0
381 2
381 5
440 0
440 3
412 1
412 0
411 0
411 1
411 5
516 0
516 5
649 1
649 0
649 4
406 2
404 4
396 5
412 4
389 4
389 3
390 1
390 5
411 5
471 5
555 5
670 0
670 0
670 4
407 4
405 2
405 5
414 2
412 5
455 2
454 5
533 3
441 0
440 5
553 4
405 4
396 0
390 0
390 2
390 3
389 5
456 5
550 4
400 5
416 3
400 5
450 0
450 5
565 3
491 5
621 4
405 2
404 3
395 2
394 5
418 0
417 1
417 3
406 0
405 1
405 0
405 0
405 0
405 5
517 2
514 5
656 0
656 3
582 3
545 4
405 2
404 4
397 5
414 2
414 5
491 3
439 0
438 0
438 5
573 0
573 3
520 5
699 4
406 3
394 3
392 5
424 1
424 3
408 2
406 0
404 4
395 2
394 2
393 1
393 4
389 2
388 1
388 5
416 1
416 2
414 1
414 2
412 4
387 0
385 5
459 4
389 1
389 0
386 0
386 3
387 4
384 3
383 4
383 2
383 0
381 2
380 4
379 3
382 3
382 0
381 0
381 1
381 3
382 -1
787 3
611 5
575 2
574 3
537 1
537 0
464 3
438 2
437 1
440 0
429 2
428 0
428 4
409 1
409 0
403 1
405 2
404 5
451 4
405 5
430 0
429 3
414 2
413 1
415 3
410 5
461 0
460 5
555 5
670 3
562 0
561 1
562 3
521 5
679 2
676 2
673 4
428 2
425 0
417 4
401 1
403 4
394 2
394 5
420 1
420 2
418 5
484 4
400 4
398 0
396 3
396 2
395 5
441 0
441 3
420 1
420 5
496 2
494 5
625 2
622 5
779 0
779 3
674 4
425 1
427 3
405 5
430 4
396 5
420 0
419 2
417 3
409 1
410 5
477 3
441 4
400 1
402 2
400 4
393 2
392 4
392 4
392 1
394 2
392 0
389 3
390 3
390 5
461 5
561 3
488 3
463 3
450 5
565 0
565 0
565 5
757 3
675 5
908 4
416 5
432 0
432 1
432 5
541 2
538 0
538 1
538 5
685 3
590 5
751 1
752 2
747 0
747 4
411 3
402 0
396 5
477 5
594 2
590 4
403 1
402 5
419 3
402 3
399 1
399 5
455 2
453 5
565 4
393 2
392 2
391 2
390 5
416 0
416 1
416 0
416 5
512 0
512 3
461 5
556 5
714 4
399 5
415 4
386 4
386 3
389 4
389 2
388 3
389 4
389 5
410 2
408 1
409 3
394 1
394 0
393 3
392 4
383 0
383 5
466 5
575 0
575 2
571 5
693 3
589 0
587 2
584 2
580 5
749 5
938 5
1139 3
1030 0
1030 1
1031 5
1281 5
1548 4
435 5
432 0
424 1
424 3
414 2
412 4
385 4
385 4
385 3
387 1
390 2
387 4
387 4
387 2
387 2
386 2
385 1
388 1
388 4
387 2
387 4
387 1
389 5
411 5
478 0
478 0
478 2
475 4
392 2
392 3
393 3
391 2
390 5
413 1
414 0
413 5
493 5
597 3
512 4
397 0
393 3
391 2
390 4
385 2
384 4
383 2
383 3
381 1
384 2
383 0
382 3
381 5
445 3
426 5
510 4
395 2
394 5
413 0
409 5
500 0
500 2
497 5
615 2
611 5
740 5
877 0
877 5
1016 5
1154 0
1154 0
1154 4
435 0
414 3
405 2
404 4
385 3
385 2
384 5
404 1
403 3
389 3
389 0
387 5
462 4
388 4
385 2
384 1
387 5
409 1
409 1
410 0
410 2
410 1
410 2
409 4
382 5
406 0
406 2
404 5
476 3
437 2
436 2
435 0
431 2
430 2
430 4
394 0
392 3
392 0
392 4
386 0
386 2
386 3
387 2
387 3
388 2
387 4
385 4
382 3
380 2
380 4
380 3
380 3
380 3
380 0
380 4
380 3
380 3
380 0
380 3
381 3
382 1
383 4
381 2
380 4
380 2
380 1
380 0
380 2
380 4
380 5
406 3
398 0
395 3
394 2
393 2
393 4
385 3
382 2
382 2
381 3
382 2
381 0
379 3
380 5
445 2
446 5
542 1
541 4
401 3
397 2
396 3
397 1
397 2
396 2
395 4
393 1
394 5
415 2
415 1
416 3
400 4
389 4
389 4
389 5
413 5
475 5
571 4
400 3
395 1
395 2
395 2
395 2
395 0
392 3
391 4
386 3
386 4
386 2
385 4
385 4
385 3
384 2
384 2
384 5
408 5
466 3
422 1
422 5
484 2
482 5
598 4
404 2
403 0
396 2
394 5
467 3
433 4
391 0
390 2
389 1
393 5
451 4
386 4
383 4
383 2
383 3
382 2
382 2
382 5
411 3
396 3
392 5
441 5
533 2
528 4
393 5
411 2
410 4
382 4
382 0
381 5
441 0
441 0
441 5
531 2
529 5
639 2
634 2
625 4
397 5
412 3
400 3
396 4
385 4
384 3
383 0
380 1
381 0
381 3
382 5
434 4
385 0
383 2
382 2
382 3
382 1
383 4
379 2
378 3
378 3
378 0
378 5
436 2
436 3
405 5
477 4
386 0
384 5
456 0
456 4
384 5
414 5
477 4
385 4
385 2
384 3
384 2
382 4
382 4
382 4
382 2
383 4
382 2
382 3
386 3
384 2
383 2
383 2
383 0
379 0
379 2
379 3
379 2
379 2
379 1
379 3
378 2
378 3
379 2
378 2
378 3
379 4
379 3
381 2
380 0
379 3
378 4
377 4
377 5
405 0
405 2
403 0
403 3
395 1
395 4
384 2
384 3
381 5
406 5
476 2
473 3
427 0
427 2
426 4
396 4
386 2
385 2
384 5
410 4
384 5
409 5
470 3
434 0
434 4
404 0
399 2
398 4
389 5
420 2
418 3
405 3
404 2
403 2
402 3
401 5
462 4
393 1
393 4
385 2
383 1
383 3
381 3
382 5
416 4
382 5
410 5
477 4
383 2
382 3
380 1
380 2
379 2
380 0
377 5
439 4
383 2
383 2
383 4
383 4
383 2
384 1
384 1
384 5
405 3
395 2
394 5
448 5
542 2
538 1
538 2
535 4
392 0
383 3
382 4
380 3
379 2
378 3
380 0
380 3
380 2
379 2
378 0
378 0
378 0
378 0
378 1
378 2
378 2
378 1
379 4
376 1
376 0
376 0
376 0
376 4
376 4
376 2
377 0
377 2
377 5
437 3
416 0
416 0
416 1
416 1
417 4
391 4
380 2
379 3
380 5
411 2
409 5
486 4
388 4
385 5
402 1
402 3
393 3
390 0
390 0
390 1
392 5
469 4
387 0
384 4
380 3
381 4
380 4
380 4
380 4
380 2
378 3
380 2
381 4
381 4
381 0
378 5
438 0
438 0
438 0
438 1
441 4
383 0
379 0
379 5
445 3
417 3
409 5
479 4
390 3
384 2
383 5
412 4
382 3
381 4
381 0
378 3
379 4
376 3
375 3
375 0
375 4
375 0
375 0
375 3
377 1
377 0
377 2
376 0
376 0
376 0
376 0
376 4
375 0
375 3
376 4
376 5
410 4
380 2
380 3
380 5
411 0
411 4
383 1
385 2
384 3
383 0
379 2
379 5
444 1
444 0
444 4
382 4
381 1
381 1
385 0
381 4
379 1
379 4
379 2
380 4
379 4
379 0
379 4
379 0
379 0
379 5
445 1
444 0
444 5
530 5
646 4
391 5
417 3
402 5
447 4
391 4
387 0
382 1
383 1
383 3
382 0
382 2
381 5
452 3
424 5
508 5
636 3
558 5
721 5
931 5
1141 3
1061 2
1054 1
1054 1
1054 5
1329 3
1264 3
1219 4
441 3
415 3
406 4
399 4
397 5
403 3
392 0
391 3
390 1
390 1
390 2
389 4
383 3
383 2
382 5
416 4
382 5
412 1
412 1
412 3
397 1
397 2
396 3
392 3
391 3
390 3
389 1
389 2
388 4
381 2
380 0
379 2
379 3
379 0
379 4
377 4
377 0
377 3
378 5
450 4
383 3
383 3
383 4
383 4
383 2
383 2
382 4
382 5
407 0
407 2
407 1
407 1
408 3
399 1
399 0
398 3
398 5
497 3
454 2
452 1
452 2
450 2
449 2
448 5
574 4
397 3
388 4
381 2
381 5
412 5
495 1
495 3
433 4
391 1
391 0
386 2
385 3
385 2
384 2
384 4
381 3
380 5
416 1
416 0
416 4
385 2
384 2
383 3
383 3
383 5
408 0
408 2
408 2
406 1
406 5
487 1
487 2
484 2
482 2
481 2
481 3
433 3
419 5
492 4
394 0
389 3
388 4
379 0
378 5
452 3
420 5
511 4
394 3
387 1
387 0
381 2
381 1
381 3
383 4
380 2
379 5
414 3
397 1
397 5
464 2
462 3
437 3
429 4
381 1
381 0
380 0
380 4
376 4
376 5
409 3
394 2
393 3
392 5
464 2
462 5
587 3
512 2
509 2
507 2
504 1
504 4
392 4
388 3
384 5
420 4
384 0
380 3
380 3
382 0
382 0
382 2
381 4
379 0
379 5
453 2
453 3
430 0
429 5
547 4
400 2
399 0
396 1
396 0
396 2
395 3
395 4
384 0
384 2
384 5
456 1
456 2
455 1
455 0
455 4
385 3
382 3
381 2
380 3
380 2
379 0
377 2
377 5
451 5
555 4
395 5
419 0
417 1
418 0
418 2
418 4
388 2
387 4
386 2
386 5
415 2
413 2
413 4
385 5
413 0
412 1
412 3
399 3
398 5
464 3
438 3
427 1
427 1
427 4
388 5
423 0
423 3
408 2
407 4
387 3
384 2
383 3
381 4
378 2
378 2
378 1
378 0
378 3
378 1
378 2
378 0
378 0
378 3
380 0
380 5
462 2
460 2
461 4
388 4
386 3
383 3
382 5
411 4
383 1
383 0
379 0
379 0
379 4
378 3
379 0
379 3
378 4
376 3
376 2
376 4
376 4
376 3
376 2
376 3
376 4
376 3
376 4
376 0
376 1
376 3
376 4
375 2
375 0
375 4
375 3
377 0
377 4
375 2
375 2
375 3
376 1
376 3
376 4
376 2
375 1
375 0
375 3
376 3
376 3
377 2
376 3
375 5
437 3
415 0
412 4
386 4
382 5
416 1
416 3
398 1
398 3
397 0
397 3
397 2
396 5
494 2
491 2
488 3
445 0
445 5
606 1
606 2
602 5
786 0
786 3
707 3
656 3
629 4
418 0
406 3
405 1
405 2
404 3
403 0
402 4
385 0
385 4
382 3
380 1
380 5
424 2
422 2
420 2
418 4
387 5
417 4
385 4
384 0
380 5
455 4
386 1
386 3
383 3
383 0
381 3
383 5
452 3
421 3
413 0
412 4
391 0
390 3
389 5
485 4
390 4
384 4
384 4
384 4
384 3
383 1
383 3
383 3
382 4
380 2
379 0
375 2
375 4
375 5
415 3
398 4
380 0
379 4
375 2
375 3
376 2
375 4
374 4
373 5
406 4
378 1
378 4
377 3
376 5
411 4
377 2
376 0
375 1
375 3
375 1
375 3
376 3
376 2
375 3
376 0
376 2
375 1
375 5
454 4
383 4
381 0
378 3
379 0
379 3
379 3
379 5
455 3
416 3
412 4
385 1
385 1
385 4
381 4
381 4
381 4
381 2
381 5
419 1
419 3
400 3
398 2
397 3
396 4
381 3
379 4
376 4
376 2
376 5
411 4
376 4
375 5
407 0
407 3
393 2
392 3
391 4
377 1
377 1
377 3
375 4
375 3
375 3
374 5
410 4
376 4
376 5
407 4
374 0
374 2
374 2
374 3
375 4
375 1
375 4
375 2
374 1
374 0
374 0
374 2
374 1
374 3
376 5
443 3
420 2
419 5
512 0
512 2
510 2
508 0
508 5
652 4
404 3
397 1
397 4
389 0
386 3
384 2
383 3
383 3
383 3
383 3
380 0
380 4
378 3
378 4
377 3
375 5
408 3
397 3
393 4
381 5
414 3
398 3
396 5
456 3
430 4
388 2
387 3
384 4
381 5
413 3
402 2
400 0
400 2
399 0
399 3
398 3
398 3
398 1
398 2
397 0
397 2
396 2
396 0
396 4
387 1
387 4
382 5
416 0
416 2
414 4
387 0
384 3
382 2
381 0
381 5
456 2
455 4
392 4
389 5
414 4
385 0
384 4
382 4
382 0
382 1
382 4
381 2
381 0
381 3
381 3
381 3
381 1
381 0
381 2
381 5
452 3
424 5
507 5
648 4
399 3
393 3
391 3
392 3
393 5
414 4
387 5
415 0
414 1
414 1
414 2
412 5
500 5
620 4
391 4
389 2
388 3
388 2
387 4
387 5
409 3
400 4
386 0
384 4
382 1
382 4
382 0
381 3
382 1
382 5
443 5
541 3
463 5
563 3
511 4
400 4
390 4
390 4
390 5
416 3
400 4
384 5
414 4
381 2
381 2
381 0
378 4
377 0
376 2
376 0
376 3
376 1
376 0
376 4
375 2
375 4
375 4
375 2
375 5
409 5
490 2
489 1
489 4
383 3
382 4
382 3
382 2
382 0
380 3
381 4
378 5
414 5
484 2
481 5
581 2
577 5
692 3
560 4
405 5
420 4
388 0
384 0
384 3
384 3
385 4
383 2
382 0
382 1
382 4
382 2
381 4
381 0
381 4
381 1
381 3
383 4
383 4
383 4
383 0
380 3
381 2
380 4
377 3
381 0
380 3
380 3
380 0
380 2
379 4
377 4
377 0
377 0
377 4
377 5
410 0
410 0
410 2
408 4
379 2
379 0
379 3
379 4
378 4
378 4
378 3
377 0
377 5
433 3
417 2
416 4
390 3
383 0
382 5
436 2
435 1
435 3
414 3
411 4
391 3
383 5
410 3
396 0
392 1
392 2
392 5
477 4
387 3
385 0
380 2
379 4
378 3
379 3
379 2
378 4
378 2
378 4
378 3
381 0
380 3
380 3
381 3
380 3
381 2
380 5
447 1
447 2
446 0
446 0
446 3
421 0
421 3
413 5
525 5
681 4
406 4
399 5
411 4
390 3
389 3
390 3
390 1
390 5
413 4
388 3
388 5
410 0
407 5
485 3
429 2
428 1
428 3
417 0
416 1
416 0
416 2
415 1
415 4
398 4
382 2
381 1
381 3
381 0
380 3
381 4
377 4
377 0
376 4
375 0
375 3
376 3
376 0
376 2
376 2
376 1
376 0
376 2
376 0
376 3
376 1
376 5
446 0
446 1
446 2
443 5
544 2
544 3
476 3
454 3
447 3
445 3
442 2
441 2
439 4
387 1
387 4
383 3
378 3
377 3
378 0
378 5
454 4
385 0
382 3
383 5
455 3
413 5
519 0
519 2
517 1
517 2
514 1
513 3
469 0
469 2
467 3
459 0
459 2
457 3
456 3
453 1
453 2
452 5
636 1
636 2
633 1
632 3
585 3
567 4
406 3
396 1
396 5
437 3
416 5
507 3
471 2
469 4
402 3
392 4
382 5
414 3
398 4
383 1
383 2
382 4
382 5
411 4
382 0
381 0
381 1
381 3
382 4
378 2
377 5
406 3
392 0
391 1
391 3
389 2
388 3
388 5
485 4
387 0
385 1
385 3
383 1
383 4
378 3
377 1
377 4
376 0
375 1
375 0
375 3
376 0
376 3
376 4
374 0
374 1
374 2
374 2
374 4
374 4
374 5
408 5
484 2
484 3
428 0
427 2
426 5
559 3
501 0
501 5
695 2
691 2
687 4
415 3
400 1
400 2
399 3
397 2
396 2
395 0
392 3
394 1
394 3
394 4
385 2
384 0
384 1
384 3
385 5
468 3
438 5
540 3
502 2
500 3
488 4
395 4
387 3
383 2
382 0
381 0
381 0
381 2
381 2
381 3
381 0
381 5
465 3
437 0
435 3
430 2
429 2
428 0
428 1
428 0
428 1
428 0
428 3
423 5
575 2
572 2
569 2
566 1
566 0
566 4
398 2
397 1
397 1
397 4
388 3
385 4
382 4
382 4
382 0
380 4
377 3
378 3
379 3
377 3
378 2
377 4
377 0
377 2
377 2
376 2
376 0
376 5
451 0
451 5
557 1
557 0
557 2
551 3
480 2
479 4
402 2
400 1
400 2
399 2
397 2
395 0
393 2
392 3
393 3
390 3
388 4
380 2
378 2
377 2
376 0
376 0
376 1
376 1
376 2
376 5
450 0
450 3
417 5
512 3
466 4
391 0
388 0
388 4
379 1
379 5
413 4
383 2
382 2
382 4
382 2
382 1
382 2
382 0
378 5
455 4
380 0
379 4
379 0
377 4
377 3
378 3
377 5
410 0
410 4
380 4
380 5
406 0
406 3
397 4
379 5
410 0
410 0
410 0
410 2
408 0
408 0
408 1
408 0
408 3
396 1
396 2
395 2
394 2
393 2
392 1
392 4
381 3
378 3
378 2
377 2
376 2
376 4
376 2
376 5
412 2
410 4
378 5
413 5
487 0
487 5
602 0
602 4
387 1
387 4
384 1
384 3
385 0
381 4
379 3
379 4
379 0
378 3
380 5
439 2
439 2
437 5
533 4
389 2
388 2
387 1
387 3
387 3
387 0
386 2
386 2
385 5
442 5
529 4
383 3
382 5
407 3
399 4
383 4
383 2
383 4
383 1
383 3
382 0
381 0
381 3
382 5
439 0
439 0
439 5
522 1
521 2
518 5
619 0
619 1
619 2
614 0
614 3
516 2
514 0
511 0
511 2
510 5
644 2
641 5
803 0
803 3
709 5
907 5
1135 3
1035 1
1035 1
1035 0
1033 1
1033 5
1322 1
1322 3
1255 1
1255 3
1207 4
450 0
426 4
393 4
383 3
383 4
382 2
382 3
382 3
383 2
382 0
381 3
382 3
382 2
382 3
382 2
381 5
436 4
380 2
380 2
380 5
415 3
396 0
395 1
395 5
493 2
492 4
390 5
413 2
411 3
396 1
396 4
381 0
381 0
381 3
381 0
381 2
380 1
380 2
380 4
377 1
377 5
412 2
410 3
398 3
395 3
392 4
382 0
380 4
377 2
377 1
377 2
377 4
377 2
376 5
410 2
410 3
394 2
393 2
392 4
381 0
379 3
379 2
379 1
379 3
379 0
379 4
376 0
376 2
376 3
377 0
377 0
377 4
375 1
375 2
374 3
374 4
374 3
374 3
373 3
374 1
374 5
409 4
377 2
376 3
375 2
375 4
375 4
375 0
373 0
373 4
372 2
372 4
372 4
372 3
373 1
373 2
372 2
372 0
372 1
372 5
439 2
439 4
376 0
375 0
375 2
375 0
375 0
375 3
376 3
375 2
374 3
375 2
375 1
375 3
375 4
373 2
373 2
373 3
374 3
375 4
375 0
375 3
375 4
372 3
373 2
373 0
373 1
373 0
373 5
443 5
543 3
465 0
465 3
451 2
449 5
579 0
579 5
771 3
687 5
930 4
423 2
421 4
409 0
399 1
399 3
398 3
396 1
396 4
381 4
379 2
378 2
378 4
378 5
410 4
380 2
380 1
380 -1
787 5
787 1
788 4
761 4
761 1
761 5
752 5
728 5
711 3
561 3
495 3
480 0
470 0
470 5
617 5
800 1
800 0
800 3
701 0
701 0
701 2
697 5
941 0
941 4
432 0
415 0
414 4
394 3
390 0
387 5
461 2
460 3
435 0
434 0
434 3
423 4
396 5
430 0
430 3
419 5
526 5
683 4
414 5
426 4
396 0
392 2
393 0
393 5
470 2
467 1
467 1
466 2
465 3
424 3
413 3
409 3
407 0
407 2
406 0
406 2
406 1
406 5
520 5
661 2
656 0
656 5
801 3
688 5
877 1
877 0
877 4
432 4
421 5
421 3
408 3
405 2
404 2
403 1
404 4
392 2
391 5
406 0
405 5
480 5
586 4
393 2
393 2
393 0
388 0
388 3
386 4
383 5
414 3
402 0
402 1
403 4
388 1
390 0
389 3
388 3
388 5
466 0
466 5
586 4
394 3
389 5
417 4
384 4
383 4
383 2
383 0
380 5
448 2
447 3
416 4
391 5
415 5
482 5
581 1
581 4
405 1
405 2
404 4
401 0
390 1
391 2
390 5
445 5
535 4
391 3
388 3
387 5
407 3
400 1
401 3
399 0
396 4
387 3
385 0
383 0
383 2
383 0
383 1
385 5
446 4
386 5
408 4
381 3
382 4
382 0
382 3
383 3
383 4
380 4
380 0
379 5
442 5
531 2
529 4
390 3
390 3
387 5
404 2
404 3
394 5
446 0
446 3
425 4
391 3
386 5
415 3
400 4
383 4
382 0
382 0
382 5
452 2
449 5
541 5
665 0
665 3
560 5
682 0
682 2
677 5
845 5
1027 0
1027 5
1208 2
1193 2
1183 3
1057 0
1057 5
1291 3
1209 2
1200 2
1192 0
1192 3
1111 3
1067 1
1067 4
442 5
444 4
408 4
405 3
405 5
416 5
482 0
482 2
479 3
432 4
394 0
391 4
382 4
380 3
380 5
422 5
499 2
498 4
386 5
414 3
400 1
401 0
399 5
490 2
488 3
445 2
443 0
442 5
587 3
531 0
531 5
741 4
409 4
395 3
388 1
388 1
389 4
384 0
381 4
378 0
378 4
378 3
378 5
409 5
482 0
482 4
389 0
386 3
383 5
440 3
411 4
387 3
384 4
381 5
408 0
407 0
407 1
407 1
407 3
397 0
397 4
387 3
383 5
422 4
383 4
382 3
382 2
381 3
383 2
382 3
382 5
408 2
406 1
404 3
394 4
381 5
414 3
399 2
398 4
380 2
380 3
380 5
412 5
482 0
482 2
479 5
585 1
586 3
499 2
493 3
464 4
403 1
405 3
396 2
395 3
394 3
393 0
388 2
388 5
466 5
580 2
577 0
577 0
577 3
496 5
605 2
602 0
602 5
778 4
411 4
405 2
404 3
399 0
391 5
465 5
562 3
483 3
445 2
443 3
437 4
397 1
397 1
397 4
389 4
389 4
389 3
387 2
386 3
384 3
383 3
384 2
383 3
382 4
381 3
381 5
420 0
420 0
420 3
401 3
396 0
396 1
396 5
502 0
502 4
387 2
386 2
385 0
384 2
384 3
383 4
377 4
376 0
376 1
376 5
452 4
380 3
377 1
377 3
378 5
416 4
378 0
376 2
376 5
444 2
444 5
544 4
392 2
391 1
393 5
412 1
414 4
386 4
385 5
406 2
406 1
404 5
471 2
469 0
469 0
469 2
470 4
385 2
384 0
381 2
382 0
382 0
382 2
382 0
382 5
446 0
446 2
448 2
448 5
535 1
534 5
648 0
648 3
530 3
491 2
488 4
403 2
401 2
400 5
419 3
406 2
405 4
386 5
420 4
384 1
384 3
385 3
385 4
385 5
413 5
482 3
433 1
433 3
422 0
421 5
547 0
547 2
545 4
404 0
397 1
397 5
491 2
488 5
618 0
618 2
615 2
611 5
754 4
408 0
396 0
396 0
396 4
388 0
387 1
387 0
387 3
388 3
389 5
448 4
391 2
390 0
386 5
461 2
460 0
460 3
433 5
516 0
516 3
480 4
395 1
395 0
392 0
392 2
391 3
391 3
390 0
390 3
389 0
389 2
388 3
389 1
389 3
389 4
382 5
420 4
383 2
382 5
411 3
396 0
394 4
383 0
382 4
379 3
380 1
380 0
378 4
377 2
376 2
376 3
377 2
376 4
376 2
376 2
376 4
376 5
424 5
514 3
454 3
439 0
439 5
592 4
402 4
389 4
389 0
381 2
381 2
381 3
379 0
379 1
379 2
378 1
379 3
378 4
374 4
374 2
374 2
374 4
374 3
374 5
414 5
499 1
499 2
496 5
605 5
740 2
732 5
870 2
861 3
709 5
841 5
1022 4
422 3
405 3
401 1
401 3
400 4
397 4
397 0
385 4
384 1
384 1
384 4
384 4
384 2
384 1
384 5
410 3
395 2
394 5
426 5
504 2
501 0
501 2
501 3
451 0
447 3
436 4
391 5
420 3
404 1
404 5
471 5
608 4
399 1
399 3
393 4
386 2
384 0
383 4
381 3
383 4
383 5
411 4
383 0
382 0
381 4
379 0
379 0
379 2
379 4
379 2
379 0
379 2
380 2
380 0
380 1
382 3
380 2
380 4
379 0
379 1
379 3
379 0
379 3
381 4
380 3
382 4
382 3
382 5
414 4
383 3
385 4
385 3
384 4
382 5
407 2
405 5
471 5
565 3
470 2
468 1
468 0
466 3
453 0
453 4
404 4
391 3
385 1
385 2
385 5
423 2
421 1
424 4
390 5
415 3
401 0
398 5
495 3
448 5
582 4
402 3
392 2
391 3
390 4
387 5
419 0
419 1
419 0
419 0
419 2
417 4
388 2
387 3
386 0
383 4
379 0
379 3
380 4
379 4
379 2
379 0
379 2
380 3
380 1
380 1
380 2
380 3
380 4
380 2
380 4
380 2
381 1
381 2
382 1
382 5
415 5
480 4
392 5
420 4
392 4
391 0
387 2
387 4
385 5
413 4
387 4
387 3
385 0
384 4
383 2
383 2
383 1
383 2
383 1
383 5
408 2
408 0
408 5
482 2
479 2
478 2
478 1
478 4
393 3
394 2
392 3
393 3
393 1
393 4
393 5
403 3
396 0
396 3
395 0
395 4
386 3
386 2
385 0
384 4
382 4
380 4
380 4
380 0
380 2
380 2
381 4
381 0
381 5
437 5
514 1
513 0
513 3
439 5
519 0
519 1
519 2
516 1
516 0
516 4
402 5
424 4
386 3
387 1
387 3
384 0
382 5
452 5
555 4
398 3
393 4
392 3
393 5
413 1
413 4
386 4
386 4
386 4
386 4
386 3
387 2
386 1
386 3
388 5
416 3
401 3
400 0
399 2
398 2
397 0
397 1
398 0
398 0
398 4
386 3
383 0
383 3
383 2
382 4
380 3
380 3
381 0
381 3
382 4
380 3
380 2
380 4
380 2
380 1
380 5
418 5
486 3
434 4
394 3
392 1
393 3
393 1
393 0
388 3
388 5
463 0
463 5
572 3
482 1
482 2
480 1
480 3
450 2
448 4
399 4
389 4
389 4
389 4
389 4
389 5
415 4
390 3
390 4
390 2
389 3
386 4
386 3
385 3
384 2
384 1
384 4
384 3
382 4
382 3
383 4
383 4
383 3
384 0
381 2
380 4
378 4
378 5
412 1
412 4
381 3
384 4
384 2
383 0
379 5
444 0
444 1
444 0
444 3
413 4
387 5
418 3
403 5
473 3
441 1
441 2
440 3
427 2
425 3
424 1
424 4
390 4
384 4
384 1
384 3
383 2
383 0
383 0
383 3
384 5
464 4
391 3
387 0
382 3
384 0
384 2
383 0
383 2
382 3
383 5
463 4
389 4
385 4
385 0
383 0
383 3
385 3
382 4
380 1
380 3
379 4
379 3
380 3
379 0
379 4
379 2
379 3
379 0
379 4
379 2
379 4
379 5
417 4
383 3
382 0
381 4
380 3
380 2
380 5
421 5
498 4
391 2
391 2
391 1
391 3
389 1
389 4
388 3
387 0
382 0
382 3
383 4
380 2
380 2
379 4
379 4
379 1
379 3
380 4
380 3
380 1
380 0
380 2
380 3
380 5
450 4
385 4
384 3
386 1
386 5
416 3
396 5
456 2
454 0
454 4
387 1
387 5
419 2
417 2
416 4
381 4
381 3
382 2
382 1
382 5
415 3
395 3
394 0
392 2
390 0
390 0
390 4
381 3
381 0
379 1
379 2
378 1
378 2
377 1
377 2
376 3
378 3
376 0
376 0
376 2
376 0
376 2
376 4
375 4
374 3
378 3
376 2
376 2
375 5
420 5
505 3
447 2
446 1
446 3
429 4
392 4
387 5
417 3
397 3
393 0
392 4
383 0
381 4
377 1
377 1
377 3
379 0
378 2
378 4
377 2
376 0
376 5
457 3
421 0
421 5
562 4
401 4
389 2
388 5
419 0
416 3
402 2
401 3
399 3
398 5
467 0
466 5
588 4
408 0
395 4
387 0
387 1
387 3
388 2
387 2
386 0
386 0
386 0
386 1
386 2
385 4
382 3
381 3
382 3
383 2
382 4
382 0
381 4
380 1
380 2
380 0
380 0
380 0
380 3
380 5
451 1
451 2
449 3
419 0
416 0
416 3
411 3
410 3
405 3
403 2
402 0
402 1
402 0
402 4
390 2
389 2
388 4
381 3
380 3
380 4
379 5
425 4
383 4
381 0
381 1
381 2
381 3
383 2
382 3
383 2
382 4
380 2
379 2
379 1
379 3
380 2
379 3
380 5
422 5
510 2
507 0
507 4
391 3
388 0
383 4
382 5
414 0
413 2
411 3
400 3
395 5
467 4
385 4
384 3
387 3
388 1
388 4
388 4
388 1
388 2
387 4
387 1
387 2
386 5
412 5
485 0
485 3
435 5
514 2
511 3
474 2
472 2
470 1
470 2
469 5
600 3
562 4
411 4
401 3
395 5
424 3
405 2
404 4
385 5
411 3
395 2
394 1
394 0
393 1
393 4
384 3
383 0
383 4
379 4
377 4
377 1
377 2
377 5
415 0
415 0
415 4
383 4
383 5
409 1
409 5
487 0
487 0
487 4
385 2
384 2
383 4
383 5
408 2
408 4
382 0
382 2
382 3
381 3
383 0
382 3
383 0
383 5
464 2
462 3
424 2
423 4
391 4
384 0
383 0
383 1
383 4
379 0
379 4
378 1
378 4
376 2
376 1
376 1
376 3
376 3
376 2
376 4
376 5
407 4
378 3
379 1
379 3
379 4
379 4
379 3
379 0
378 3
379 0
379 2
378 3
379 2
378 3
378 2
378 3
378 3
378 4
376 1
376 0
376 3
376 3
377 0
377 3
378 0
378 2
377 1
377 3
378 3
379 3
378 1
379 2
378 3
378 5
443 2
442 3
422 3
414 5
489 1
489 1
488 4
386 3
383 0
379 0
379 2
379 2
379 4
378 2
378 5
413 2
411 2
409 5
482 1
482 2
481 2
481 3
430 2
429 3
417 3
415 2
413 5
484 3
459 2
457 0
456 3
452 3
451 5
610 3
569 5
804 2
800 2
796 3
734 3
716 3
707 0
707 2
704 0
704 5
1095 2
1091 2
1087 5
1514 2
1508 1
1508 1
1508 0
1508 1
1508 3
1457 0
1457 5
1953 2
1946 4
432 3
409 4
402 0
395 3
393 2
392 4
386 3
384 4
382 2
382 2
382 4
382 5
410 4
384 5
412 3
397 4
384 0
382 0
382 2
382 1
382 3
381 3
381 3
381 5
455 2
455 1
455 5
568 4
396 4
394 0
388 2
388 2
388 3
386 4
383 0
383 5
453 3
427 5
498 2
496 2
493 3
459 3
447 4
393 1
393 2
392 1
392 3
391 4
381 2
380 0
380 1
380 4
377 4
377 4
377 2
377 3
377 2
377 1
377 3
376 1
376 2
375 0
375 0
375 3
377 2
376 4
375 4
375 2
375 3
375 0
375 3
377 4
375 3
375 5
413 0
413 4
379 1
379 2
379 5
415 2
413 4
379 5
413 5
485 0
485 0
485 3
424 5
503 0
503 3
467 2
465 3
450 4
400 1
400 1
400 5
436 3
413 0
413 3
412 4
387 2
386 5
428 2
426 1
426 4
384 5
417 5
501 3
453 5
553 2
550 4
409 2
407 3
395 5
415 3
396 3
397 3
395 1
395 3
394 3
394 0
393 4
384 4
380 4
380 3
379 3
381 3
380 3
380 3
381 1
381 5
420 1
420 4
379 5
411 0
411 3
396 4
381 0
379 3
380 3
379 3
379 3
380 2
380 3
380 5
463 1
462 4
383 4
382 2
381 4
381 4
381 4
381 5
409 4
378 2
378 2
378 2
378 4
378 1
378 3
381 4
381 0
379 4
376 1
376 3
377 5
410 5
488 5
601 1
600 3
511 0
510 3
479 2
477 5
636 2
633 5
841 3
755 5
1012 2
1007 3
936 3
891 4
420 2
419 3
407 4
394 2
393 3
390 2
389 2
388 5
414 3
401 3
395 4
380 5
412 5
484 3
434 4
387 0
386 3
386 2
385 5
458 1
458 4
389 1
389 2
388 4
386 4
386 5
412 5
486 1
486 0
486 3
431 5
524 2
521 5
662 4
401 2
400 5
412 0
409 3
402 4
386 3
382 3
381 4
380 2
380 3
381 5
412 5
488 3
438 4
389 2
388 4
384 2
383 0
379 4
376 0
376 3
377 2
377 3
376 1
376 2
376 4
376 2
376 1
376 2
376 1
376 2
376 4
376 4
376 3
377 3
377 2
377 4
377 2
375 4
375 2
375 2
375 5
416 2
416 2
414 1
413 3
401 0
400 0
399 2
399 2
399 3
396 5
491 3
459 4
394 2
393 5
429 0
429 2
427 3
408 3
405 0
404 2
403 2
402 0
402 3
400 0
400 2
399 1
399 2
398 1
398 1
398 3
399 2
399 5
513 3
476 4
402 2
401 5
437 4
397 0
391 4
386 1
386 4
385 0
382 0
382 4
382 0
382 3
383 4
382 2
381 4
380 4
380 1
380 0
380 0
380 5
463 5
580 4
393 4
389 2
388 0
384 2
384 5
448 2
448 3
413 3
404 0
402 3
400 1
400 4
389 2
388 4
383 3
382 2
380 3
379 2
379 1
379 0
379 5
455 0
455 2
454 4
385 5
410 2
410 4
383 5
411 2
411 1
411 2
411 3
396 3
393 4
381 5
417 3
400 3
399 3
398 0
396 0
396 0
396 2
395 5
507 5
646 4
398 1
398 1
398 0
392 5
474 0
474 3
435 3
428 0
425 3
424 3
424 5
559 2
556 2
553 2
551 2
549 1
549 1
549 4
407 0
399 4
382 5
410 5
494 4
388 4
386 3
385 5
408 0
408 2
408 4
383 4
382 3
382 5
408 2
406 3
398 4
383 4
382 0
380 0
380 0
380 5
451 4
382 1
382 3
382 0
378 5
441 0
441 0
441 0
441 2
441 2
440 3
411 4
385 4
384 1
384 2
383 4
383 3
385 2
384 1
384 3
383 2
382 4
382 2
382 2
382 1
382 1
382 3
383 3
383 1
383 5
403 5
467 2
464 3
426 0
422 0
422 0
422 3
415 3
412 4
389 0
387 2
386 4
382 2
381 5
418 3
406 3
403 2
402 5
479 1
479 4
391 5
416 5
490 5
608 3
513 5
656 3
582 0
581 5
808 2
803 2
798 4
410 4
396 3
392 4
391 5
412 5
473 4
385 4
385 4
385 5
411 3
400 2
399 0
396 0
396 2
396 3
395 2
394 4
387 5
416 2
414 2
412 3
404 1
404 0
404 5
509 5
637 1
637 5
794 2
789 2
783 4
414 4
408 0
395 4
387 4
387 1
387 5
415 4
387 4
386 4
386 0
385 4
382 4
382 3
383 4
382 0
381 3
381 2
380 2
379 5
439 3
410 4
385 2
384 3
382 5
408 0
408 4
379 0
376 1
376 2
376 2
376 5
440 1
440 4
381 4
380 2
380 4
380 4
380 2
380 2
380 2
380 4
380 1
380 4
380 0
378 2
378 0
378 5
440 3
413 4
381 5
414 2
412 1
412 0
412 4
382 4
381 4
381 5
412 3
398 1
398 3
394 2
393 4
379 2
378 2
378 3
377 4
376 0
376 1
376 3
377 2
377 0
377 5
443 4
377 0
376 3
376 1
376 5
435 2
434 3
412 2
411 5
488 0
487 0
487 5
621 0
621 2
617 3
542 4
400 2
398 4
386 0
384 2
384 3
384 4
378 4
378 2
378 2
377 3
380 3
379 3
380 1
380 4
380 1
380 1
380 0
379 2
379 4
377 4
377 0
377 2
377 5
441 3
409 0
408 4
388 4
380 0
377 4
375 4
375 5
410 2
408 5
487 4
385 5
411 3
397 4
385 3
381 4
379 0
378 3
379 5
442 5
538 4
395 1
395 0
385 0
385 2
385 3
383 4
380 3
378 0
378 0
378 2
378 3
378 4
375 4
375 1
375 5
410 2
408 4
378 2
377 1
377 1
377 1
377 0
377 1
377 3
378 4
376 2
376 3
377 1
377 3
377 2
377 0
377 4
375 4
375 4
375 4
375 1
375 4
375 3
376 5
409 4
378 3
378 2
377 4
377 2
376 4
376 3
377 4
377 1
377 2
376 5
407 4
379 4
379 2
379 0
377 3
378 0
378 2
378 4
377 3
376 0
374 1
374 2
374 3
375 5
429 2
429 5
515 0
515 0
515 5
623 1
623 4
396 4
394 4
394 0
383 3
380 4
376 2
375 3
375 1
375 4
375 0
375 5
431 4
377 5
409 5
468 4
389 4
388 0
385 4
381 4
381 4
381 4
381 0
381 5
431 2
431 3
414 0
411 3
405 0
405 2
404 4
391 3
387 2
386 0
384 4
381 2
380 2
379 2
378 0
378 4
378 4
378 5
419 -1
787 0
648 3
576 4
453 5
452 1
453 3
432 3
427 3
426 3
421 3
418 2
417 2
416 1
417 0
413 1
414 0
414 0
414 0
414 1
414 0
414 4
397 2
396 1
399 2
398 5
414 1
414 3
406 0
405 0
405 4
394 5
419 4
385 1
385 5
413 4
387 3
388 4
388 5
412 2
410 0
410 1
408 0
408 5
480 0
480 2
478 1
477 0
477 2
479 0
479 5
577 3
489 1
490 0
488 5
622 1
621 0
621 2
618 4
413 5
432 1
432 5
504 3
457 5
564 4
401 3
391 0
388 1
389 2
389 3
388 4
383 1
385 3
382 0
382 5
463 3
433 3
425 4
389 5
424 0
422 2
420 4
381 4
379 1
381 2
380 3
381 4
381 1
383 5
413 2
411 2
409 1
410 4
382 3
382 0
381 5
452 4
382 1
384 5
416 3
403 4
383 2
382 3
382 0
381 2
381 2
381 2
381 1
382 4
381 4
381 3
382 0
381 3
381 1
381 3
381 3
381 2
380 3
379 5
450 2
448 5
543 2
539 1
539 5
658 2
651 3
557 2
555 3
519 1
520 5
646 2
640 0
640 1
640 1
640 5
839 1
839 5
1057 0
1057 3
955 0
955 0
955 4
436 2
432 3
414 0
409 0
409 1
410 4
395 2
394 5
427 1
428 2
427 5
506 1
506 5
623 1
622 2
618 5
751 5
896 3
727 0
727 3
656 1
655 5
836 3
773 5
1043 4
432 2
429 3
411 3
407 1
407 3
405 4
398 1
400 2
398 4
398 3
396 2
394 5
422 0
422 3
403 1
405 0
404 2
403 1
404 4
393 5
418 1
419 5
487 3
441 4
397 0
394 2
393 0
393 3
392 3
394 1
395 4
384 0
384 1
384 0
384 1
385 0
385 5
467 4
387 4
386 5
406 1
406 4
377 2
377 0
376 4
376 5
406 0
406 2
406 2
406 1
410 2
406 1
406 0
406 2
408 5
495 1
494 2
494 3
433 0
430 3
422 5
525 2
523 2
521 4
405 4
391 1
391 2
391 5
406 4
387 3
387 1
389 0
382 4
382 5
408 3
398 0
398 0
398 1
398 1
401 3
398 1
398 4
383 2
382 4
380 1
380 5
414 0
414 2
414 0
414 4
385 0
381 4
379 1
379 0
378 4
378 4
377 1
377 4
377 5
416 2
414 3
398 3
395 0
394 1
395 5
494 2
491 2
488 2
486 3
447 1
447 3
436 2
434 2
433 3
429 0
429 5
589 2
586 3
539 3
522 4
401 5
448 4
392 2
390 3
389 3
386 4
380 0
377 2
377 0
377 0
377 3
379 0
379 3
379 5
456 1
459 0
457 3
421 0
420 1
421 3
415 2
413 1
415 3
411 3
411 0
411 4
388 5
428 2
426 3
415 3
408 1
410 5
508 4
390 5
422 5
510 3
464 3
447 5
562 3
520 0
520 4
401 0
398 3
397 3
396 4
383 4
380 3
380 5
423 4
383 2
382 4
379 2
378 5
415 1
415 2
413 0
413 3
401 0
401 4
389 2
388 0
387 1
389 5
478 4
393 3
392 0
384 2
383 2
382 2
382 0
382 1
384 0
383 4
377 0
377 5
454 5
570 3
492 0
490 4
393 2
392 5
424 0
423 3
410 2
409 4
380 1
380 1
380 2
379 2
378 4
376 4
376 0
376 4
375 2
375 2
375 0
375 2
375 1
376 3
376 0
376 0
376 0
376 0
376 3
377 5
459 3
426 1
427 0
426 5
566 4
400 0
394 1
398 5
489 3
449 4
399 4
391 2
390 0
386 1
386 2
386 4
384 0
383 0
383 3
383 2
383 0
383 4
382 1
382 3
378 3
377 0
377 3
379 4
378 3
379 4
379 5
414 2
412 0
412 0
412 5
504 0
504 3
445 4
391 3
380 4
379 5
411 5
483 4
385 0
381 3
383 4
380 0
379 0
379 2
379 5
445 4
383 0
381 2
380 3
381 1
382 1
382 2
381 1
381 4
379 5
405 3
394 1
395 4
378 3
379 2
378 5
400 3
389 0
388 0
388 0
388 1
388 2
388 2
388 4
381 0
380 4
377 4
376 3
376 0
376 5
449 0
449 3
421 4
382 4
380 3
382 0
378 0
378 0
378 0
378 5
453 5
555 2
550 0
550 5
672 5
808 2
802 3
672 5
806 4
427 0
411 2
409 3
407 5
474 5
590 5
726 2
720 3
612 2
609 2
606 3
551 4
422 0
409 0
409 1
409 0
409 5
509 0
509 5
644 3
551 0
551 5
740 0
740 4
418 0
406 5
502 3
464 3
445 2
443 3
434 2
432 5
559 1
559 2
556 1
557 4
396 2
395 2
393 2
392 5
422 4
382 2
381 5
410 4
380 2
380 0
380 0
380 3
379 2
378 3
379 3
378 4
378 2
378 4
378 3
378 3
382 0
381 2
380 0
380 2
379 5
452 1
453 0
453 2
450 1
450 5
552 2
547 0
547 5
678 0
678 0
678 4
401 3
391 4
389 2
389 0
384 4
382 1
382 5
399 3
394 1
394 2
393 4
382 3
380 0
380 5
436 1
436 5
526 5
639 5
767 5
895 1
893 0
893 5
1015 1
1013 4
416 0
398 4
393 4
393 3
393 3
389 2
389 4
389 3
391 4
391 5
412 3
402 2
401 4
389 2
388 1
388 1
388 0
386 3
388 0
387 5
450 4
388 0
386 0
386 1
387 5
447 3
418 3
415 0
414 5
509 0
509 2
506 0
506 5
641 3
558 5
707 5
913 0
913 0
913 1
912 5
1125 2
1116 2
1109 0
1109 1
1109 3
1005 2
999 4
426 1
426 3
408 3
406 2
404 0
394 2
393 3
393 5
458 1
458 5
559 1
559 3
496 4
405 4
397 4
397 5
414 4
389 3
389 5
416 4
383 0
380 0
379 5
445 5
543 3
464 5
560 3
510 5
675 5
883 0
883 2
875 4
409 3
401 5
423 4
389 0
384 2
384 5
445 4
384 2
383 3
381 2
382 5
419 5
485 2
482 3
436 0
431 0
431 3
421 3
414 4
394 5
433 3
414 5
502 1
502 4
396 5
424 3
407 3
406 4
384 5
417 4
386 2
385 3
384 2
383 2
382 5
409 0
409 5
489 3
447 5
525 5
675 5
842 3
735 1
735 0
734 0
734 3
681 1
681 2
676 0
676 0
676 5
934 0
934 4
421 2
418 3
397 4
391 2
390 2
389 1
391 2
389 1
389 0
385 2
385 3
387 5
452 4
390 1
390 3
389 4
388 5
416 5
472 5
563 1
563 3
474 4
402 3
393 3
395 4
391 5
411 2
411 3
397 3
396 4
387 4
387 1
389 5
411 5
480 0
480 3
435 5
512 1
512 3
471 1
471 2
469 4
400 1
400 5
428 1
428 4
385 3
385 2
385 5
414 5
489 0
489 0
489 1
489 2
488 4
383 3
381 5
414 5
489 4
384 2
383 3
380 3
380 2
380 1
380 0
378 5
440 5
536 3
462 0
462 1
462 2
461 0
461 0
461 4
402 5
423 4
385 5
414 5
488 1
488 3
429 4
390 0
385 2
384 2
384 2
383 5
455 4
381 3
382 3
381 3
381 3
381 4
379 4
379 0
377 5
438 0
438 5
527 4
394 4
391 5
407 5
458 5
542 5
654 0
654 2
654 5
782 4
413 2
412 3
404 0
391 5
444 3
418 0
418 1
418 3
413 5
505 2
502 4
397 2
396 4
389 4
389 3
389 3
389 0
385 5
450 2
448 3
415 0
411 4
394 5
421 3
408 5
490 3
452 0
452 0
452 2
450 3
445 5
605 3
555 2
553 2
551 0
551 1
551 4
406 2
404 3
395 5
439 2
439 0
438 3
421 2
420 1
420 0
420 2
419 0
419 4
394 2
393 3
390 4
377 2
377 3
376 4
374 3
373 4
373 2
373 2
373 3
374 0
374 5
448 5
551 5
671 1
671 4
399 5
420 1
420 4
391 4
391 0
387 5
445 5
536 5
642 5
757 5
883 5
1009 5
1132 4
426 3
411 2
410 4
409 3
410 5
421 4
400 4
400 4
400 1
400 3
404 2
402 3
399 4
399 1
399 2
399 1
399 4
399 3
404 2
402 1
402 4
402 0
393 4
389 5
411 4
389 5
415 0
413 4
385 5
416 3
400 3
399 5
444 5
520 3
459 2
457 4
390 3
386 2
385 4
383 0
382 2
381 2
381 5
442 2
442 2
441 1
441 2
441 2
441 1
441 1
441 2
441 4
384 0
381 4
379 4
379 3
379 2
379 3
379 3
379 3
380 3
379 0
378 0
378 0
378 1
378 2
378 3
379 3
379 4
378 2
379 3
378 5
412 5
475 0
475 3
429 5
496 2
494 1
494 3
451 0
448 3
441 4
392 3
388 5
428 5
522 0
522 3
462 4
393 2
392 3
389 5
418 2
418 5
500 4
389 1
389 5
415 2
415 5
487 5
595 5
726 1
726 5
872 0
872 5
1015 4
427 1
427 2
422 5
425 1
425 3
413 1
413 4
402 4
399 4
399 5
420 2
418 5
481 4
398 3
395 2
394 3
394 5
416 0
416 5
491 5
582 4
399 5
415 3
401 2
400 5
436 3
414 5
481 4
397 0
394 2
394 5
465 1
465 3
426 2
424 4
393 3
390 1
390 5
423 1
423 2
421 3
407 2
406 2
405 4
386 5
419 3
408 1
408 5
468 4
394 0
388 2
387 5
465 2
465 3
424 3
416 4
387 2
386 5
418 4
390 1
390 0
384 4
380 3
383 4
383 3
379 5
412 2
410 4
381 5
410 2
408 3
399 1
399 4
382 4
381 0
381 4
378 0
378 5
449 5
543 2
541 4
392 3
390 4
390 2
388 3
389 4
389 4
389 4
389 3
388 3
389 4
389 2
389 5
410 2
410 2
408 4
384 3
387 1
387 5
410 3
396 3
394 2
393 2
392 4
381 4
381 5
410 3
399 0
398 3
396 2
395 5
490 2
487 3
450 3
437 4
387 4
381 2
380 3
380 5
415 0
415 2
413 1
413 2
411 2
411 2
411 2
409 5
502 4
391 4
389 4
389 1
389 3
389 3
384 3
383 0
382 2
381 5
451 5
547 3
463 2
461 0
458 4
406 3
398 2
397 5
430 1
430 2
428 2
426 0
426 2
426 2
426 5
518 3
455 3
438 0
437 5
581 4
414 1
414 0
411 5
506 4
401 2
399 2
398 3
395 2
392 1
392 2
390 0
386 0
386 3
388 3
386 3
385 2
384 2
383 2
383 3
382 4
380 4
380 5
417 5
500 2
497 3
444 4
391 2
390 5
418 1
418 3
402 2
401 1
401 0
401 0
401 5
506 5
645 0
645 4
394 3
390 0
387 1
387 5
472 3
434 0
434 0
434 2
433 5
569 2
565 4
394 1
394 1
394 4
388 3
386 1
386 4
385 4
385 3
386 3
384 3
384 2
384 0
381 0
381 0
381 3
381 4
378 3
378 3
378 1
378 2
377 2
376 4
376 1
376 2
376 2
376 2
376 5
415 3
404 2
403 0
402 5
495 3
454 2
452 2
451 3
442 4
393 0
391 0
391 0
391 3
389 2
388 4
382 4
379 0
379 2
379 2
379 5
453 0
453 4
384 5
416 4
381 5
413 3
400 1
400 3
400 1
400 0
399 4
384 5
421 4
384 3
383 5
418 0
417 0
417 2
417 2
415 1
414 2
412 3
399 4
382 5
417 5
500 0
500 2
500 3
441 0
441 2
440 1
440 0
440 3
431 0
431 4
397 3
389 2
388 0
385 4
380 5
419 5
507 4
399 2
398 1
398 5
424 3
404 0
403 3
403 3
402 2
401 5
498 3
458 4
395 0
392 4
384 2
383 3
383 3
383 3
382 3
382 2
381 4
379 3
380 3
380 3
380 3
379 4
379 0
378 1
380 0
380 2
379 4
378 3
379 4
379 3
378 0
378 2
378 2
378 3
380 4
379 4
379 5
413 0
413 2
411 4
382 0
379 2
379 2
379 5
453 0
453 5
555 4
405 3
395 5
414 1
414 5
469 0
469 3
427 5
506 4
395 0
388 0
388 0
388 1
388 2
388 2
388 5
464 5
573 4
389 2
388 1
388 4
387 2
385 4
385 3
386 0
384 4
383 3
384 5
411 4
382 3
382 3
382 2
382 5
411 1
411 4
382 0
380 3
382 2
381 5
440 3
420 2
419 5
492 0
492 0
492 0
492 3
454 5
575 3
529 4
399 4
389 4
389 2
388 4
388 1
388 3
388 3
386 1
386 0
384 0
384 3
386 4
382 0
382 1
382 3
381 2
381 2
381 0
381 4
379 5
411 3
396 0
394 5
483 4
389 4
384 2
384 2
384 3
381 2
381 1
381 4
381 2
381 3
382 3
381 5
405 5
478 5
576 0
576 3
492 4
399 5
416 3
402 5
465 0
465 0
465 4
389 3
387 0
384 0
384 5
451 4
385 5
411 3
400 1
400 5
452 2
450 5
551 2
547 5
672 4
395 4
392 3
388 2
388 4
388 5
407 1
407 4
388 0
383 0
383 2
383 2
383 2
383 2
383 2
383 2
383 3
382 4
380 5
411 1
410 2
408 3
399 1
399 2
398 5
459 4
384 0
381 2
381 3
380 3
380 2
379 2
378 1
378 2
378 1
378 1
378 2
378 1
378 0
378 4
378 3
378 2
377 5
409 1
409 2
407 4
382 0
377 5
443 2
443 5
537 1
536 0
536 1
536 5
653 4
400 2
399 4
399 0
381 1
381 2
381 1
381 3
379 3
380 4
378 4
378 4
378 0
378 5
445 3
419 1
419 4
383 2
382 4
380 4
380 0
377 2
376 3
377 4
375 3
375 4
375 3
375 3
377 1
377 2
376 5
409 2
407 5
478 3
433 0
432 0
432 2
431 1
430 1
430 0
430 0
430 4
400 0
398 3
397 0
397 3
396 3
396 2
395 2
394 0
394 4
383 0
383 4
380 5
417 5
494 4
391 3
389 2
388 2
387 2
386 4
385 4
385 4
385 4
385 4
385 3
385 2
384 0
382 2
381 0
381 5
447 5
532 3
470 5
553 2
551 1
551 2
548 2
546 4
395 4
389 4
389 5
414 3
398 3
398 0
395 3
393 4
379 0
378 3
378 4
375 3
376 4
374 4
374 0
374 4
372 4
372 3
373 2
373 1
373 4
373 3
373 4
373 3
373 2
373 3
373 3
373 4
373 0
373 5
442 4
376 3
375 5
412 2
412 3
398 3
397 0
396 3
396 0
396 4
383 2
382 0
382 3
382 2
381 0
380 3
380 0
380 5
468 5
598 1
596 1
596 4
402 4
400 0
387 4
379 2
378 0
377 2
377 5
439 2
438 3
411 2
410 2
409 2
408 5
491 1
491 2
488 5
620 3
536 4
406 2
403 3
395 5
416 2
414 1
414 4
388 1
388 2
387 4
385 4
385 2
384 2
384 5
406 2
406 4
384 5
414 4
381 4
381 2
381 3
381 0
379 3
379 4
376 3
375 0
375 1
375 1
375 3
376 3
378 3
374 2
374 5
432 2
432 2
429 1
429 3
405 2
403 1
403 2
402 0
401 3
400 2
399 2
398 4
387 2
386 1
386 4
379 2
378 0
377 5
444 4
385 3
382 0
379 2
379 2
379 4
379 0
379 0
379 4
379 2
378 4
378 4
378 0
378 1
378 2
378 0
378 0
378 2
378 0
378 1
378 2
378 4
378 2
377 3
376 1
376 2
376 0
376 0
376 2
376 4
376 5
405 0
405 3
393 4
380 2
379 0
378 4
375 2
375 3
375 5
402 2
400 1
400 5
464 0
464 2
462 0
462 4
384 1
384 0
380 1
380 0
380 2
380 3
380 4
377 4
377 4
377 4
377 0
377 3
379 5
438 4
382 4
382 4
382 3
384 2
383 4
383 3
382 0
379 1
379 1
379 2
378 3
378 2
378 1
378 3
378 0
378 5
438 3
415 2
414 4
386 1
386 1
386 4
384 4
384 3
381 4
381 4
381 5
407 0
407 5
493 5
597 4
395 4
394 2
394 0
389 2
389 2
389 3
387 1
387 0
387 3
387 1
387 3
389 1
389 2
389 0
389 0
389 0
389 0
389 4
387 3
386 2
385 4
384 0
382 4
379 0
379 3
381 0
381 0
381 1
381 4
380 2
380 2
380 3
380 3
379 4
379 3
379 5
406 5
467 2
464 0
464 5
554 3
479 3
441 0
437 3
429 2
428 5
563 1
562 4
403 4
388 0
380 4
375 4
375 0
375 4
375 1
375 3
376 5
413 0
413 3
400 2
399 1
399 5
480 0
480 5
609 0
609 5
762 0
762 5
921 5
1074 2
1065 1
1064 3
912 0
912 5
1111 4
440 1
440 4
426 0
400 1
400 2
399 2
398 5
458 4
394 2
393 5
418 5
471 1
471 0
471 3
424 5
494 2
490 0
490 4
402 2
401 4
394 3
391 1
391 1
391 3
389 4
388 0
386 4
385 3
386 4
386 5
415 3
402 2
401 5
453 4
397 0
391 3
390 0
389 1
389 0
389 3
389 5
468 3
433 3
420 3
418 2
417 4
389 3
387 0
385 5
468 5
580 5
708 4
410 2
409 4
406 5
414 3
404 3
401 1
401 0
397 4
389 3
383 0
381 1
381 3
382 2
381 3
381 2
380 0
380 5
454 1
454 3
420 0
418 5
536 1
535 2
532 1
531 4
394 1
394 0
388 0
388 0
388 4
381 3
382 2
381 0
381 4
379 2
378 2
377 0
377 3
377 0
377 0
377 5
450 0
450 3
421 0
420 4
393 2
392 0
389 5
476 2
474 5
594 4
392 2
391 4
385 4
385 4
385 4
385 5
411 3
399 2
397 4
386 2
385 1
385 1
385 1
385 1
385 3
383 2
382 -1
787 5
787 4
761 3
561 0
448 0
448 1
449 3
425 0
414 3
407 0
405 4
396 1
400 1
402 5
416 1
420 0
420 5
494 5
597 4
410 2
409 1
414 3
405 2
404 2
403 1
403 4
403 2
402 5
415 4
399 0
392 5
448 1
448 4
397 1
399 5
424 0
422 0
422 2
420 2
419 5
486 5
576 5
678 0
678 0
678 3
547 1
548 0
545 2
544 0
544 0
544 4
421 3
409 1
411 2
409 3
409 4
402 2
401 0
399 4
395 3
395 5
419 5
484 4
399 5
417 3
408 1
408 0
407 1
408 4
400 0
400 5
473 1
473 2
471 5
564 3
492 4
412 3
405 4
398 5
418 4
393 2
392 2
391 4
391 0
385 5
438 2
440 4
387 2
387 1
387 3
387 4
385 5
405 4
382 5
406 4
382 4
382 5
406 0
405 2
403 5
468 4
386 0
383 0
383 2
383 2
384 2
385 5
443 3
410 2
409 1
409 0
408 2
407 0
407 4
396 5
419 4
384 5
412 1
412 0
412 0
412 1
413 5
489 5
594 5
714 1
715 3
571 2
570 1
570 3
525 0
522 3
497 0
497 2
495 3
488 4
418 0
416 3
414 2
413 2
412 2
411 3
411 2
410 1
411 0
411 4
394 5
433 1
434 4
386 0
382 5
466 0
466 1
465 2
462 5
581 4
403 5
416 0
416 0
416 4
384 5
413 3
398 0
397 0
397 4
384 2
383 2
382 4
378 0
377 2
377 3
376 2
376 4
376 5
417 1
417 5
507 3
448 1
449 5
550 2
546 1
546 4
398 1
398 5
424 2
422 2
420 0
419 5
509 0
509 4
397 1
399 4
395 2
394 2
393 5
418 3
402 0
402 0
402 3
401 4
391 2
390 4
383 2
382 4
382 1
385 1
387 3
379 4
377 4
377 4
377 4
377 2
378 1
378 1
381 4
380 5
409 0
408 4
377 5
413 2
411 3
398 0
395 1
396 0
396 2
395 3
395 4
385 2
384 2
383 4
382 3
384 4
384 2
382 4
382 2
381 4
381 3
381 0
381 0
381 2
381 2
382 0
382 3
382 2
381 1
381 2
381 0
381 2
381 3
382 4
379 3
379 0
379 2
378 3
379 5
445 4
387 2
386 3
385 3
385 4
385 4
385 3
389 1
389 4
387 5
402 1
400 0
399 4
379 0
377 2
377 2
377 0
377 2
378 2
379 4
378 3
380 0
378 3
379 5
440 4
382 0
377 3
378 0
378 4
376 2
376 4
375 2
375 2
374 1
374 4
374 1
376 2
375 4
375 4
375 0
374 1
375 4
373 3
375 2
373 4
373 3
375 5
409 5
479 0
479 0
479 4
385 5
408 0
407 2
405 0
405 1
408 5
479 0
479 4
391 3
388 4
387 3
386 2
386 3
388 5
407 2
405 0
404 2
402 0
402 4
381 1
381 0
381 5
443 2
444 4
383 4
383 0
381 4
381 1
381 2
382 2
383 2
384 5
413 0
413 4
385 5
415 1
415 0
415 5
483 4
390 1
392 5
413 3
394 2
393 3
391 0
388 0
388 2
388 4
384 3
384 4
381 0
380 0
380 0
380 4
376 0
376 2
376 4
375 5
406 0
406 1
407 5
472 4
383 0
381 2
381 2
381 1
381 1
382 2
381 0
381 4
379 0
379 3
380 4
380 4
380 4
380 4
380 2
381 2
380 5
407 0
407 2
405 4
382 3
383 5
406 5
461 0
461 2
458 5
541 5
645 5
760 3
619 2
616 5
718 1
719 2
713 5
862 4
436 3
409 2
407 0
396 5
463 3
430 2
429 5
500 1
499 2
497 0
497 2
495 2
493 5
621 1
620 2
616 0
616 5
764 5
915 0
915 3
783 0
783 0
783 0
783 2
779 5
969 0
969 3
884 0
884 2
879 4
442 4
426 3
411 4
407 4
405 2
402 4
402 3
401 4
400 0
395 5
458 2
457 2
455 0
455 5
534 4
405 0
394 0
394 5
456 1
456 0
456 3
412 0
409 2
408 5
502 4
401 1
401 0
394 3
394 0
393 4
387 4
387 2
387 1
390 5
412 5
482 5
595 2
593 0
593 2
589 2
586 4
396 3
393 5
417 2
415 5
467 4
389 2
388 4
388 4
388 4
388 1
388 4
388 3
391 4
391 2
389 4
389 2
388 3
392 0
388 1
388 0
388 5
452 2
450 1
452 3
416 3
410 2
409 2
408 0
406 0
406 3
404 2
403 2
402 0
402 2
401 3
401 1
401 4
385 4
380 2
380 2
380 5
421 2
420 4
385 0
383 3
383 4
381 2
381 5
409 0
409 5
499 0
499 4
391 4
390 2
390 4
390 4
390 2
390 1
392 4
392 0
385 2
385 3
383 4
380 2
381 2
382 2
383 1
383 2
383 3
380 1
380 5
410 2
408 5
476 5
574 4
407 4
403 5
412 0
408 4
389 2
390 4
389 4
389 5
413 5
473 2
475 4
393 2
393 1
393 4
393 2
393 3
393 0
387 0
387 0
387 3
387 0
387 2
386 0
386 4
384 1
384 3
386 3
387 0
386 5
448 4
388 1
388 4
388 1
388 2
387 2
388 5
408 3
397 2
396 3
393 3
394 4
387 5
415 2
413 1
413 3
398 1
401 3
399 1
399 5
449 3
421 0
421 5
551 2
547 5
703 5
880 4
408 2
406 0
401 0
401 4
387 0
386 0
386 4
385 1
385 3
384 0
379 1
379 4
376 2
376 5
416 0
416 4
380 1
380 0
378 2
378 4
378 0
378 0
378 0
378 4
378 1
378 2
378 3
380 1
380 4
380 2
379 4
379 5
407 4
380 2
380 4
380 1
380 5
409 2
409 4
383 4
383 3
385 0
381 2
380 5
444 2
443 2
444 1
444 3
416 3
406 4
386 0
386 3
387 2
386 5
457 5
570 2
567 4
394 0
389 5
466 2
463 3
426 3
413 2
412 5
502 3
468 1
469 2
467 0
466 0
466 3
458 0
458 0
458 3
454 3
453 3
453 4
397 0
397 5
520 5
669 0
669 5
839 5
1008 4
421 2
418 5
424 0
422 2
420 2
420 3
409 3
400 0
400 3
400 4
390 1
390 2
389 5
423 0
423 2
422 5
518 4
393 2
392 4
388 3
383 4
383 4
383 0
380 4
379 4
379 3
382 5
414 4
381 2
381 4
381 5
413 3
398 1
398 5
454 5
556 0
556 2
550 2
547 3
478 0
477 2
476 4
403 3
391 0
389 4
385 0
384 4
384 0
384 4
384 0
384 3
386 3
387 2
386 5
463 2
463 5
582 5
725 0
725 3
620 0
618 2
613 4
416 1
416 2
413 3
402 4
389 3
384 3
383 3
385 2
384 4
384 3
384 0
380 2
379 0
379 4
377 0
377 4
376 3
377 1
377 3
376 2
376 2
376 2
377 3
377 2
376 2
377 2
377 4
377 3
377 2
377 3
377 3
376 2
376 0
376 4
375 5
412 1
412 3
395 3
391 5
449 5
548 5
679 1
679 3
575 1
574 4
407 2
406 2
405 1
405 1
405 4
398 0
390 5
466 3
423 2
422 3
415 1
415 1
415 1
415 5
501 2
498 4
392 4
385 1
385 0
382 0
382 2
381 2
381 2
381 3
381 4
376 3
377 0
377 2
376 2
376 2
376 2
377 2
377 4
376 1
376 5
405 0
405 5
486 0
486 3
434 4
385 2
384 5
406 4
381 4
381 3
381 4
381 5
409 5
473 4
385 5
411 2
409 2
409 2
407 3
394 0
393 2
393 4
386 5
416 4
383 2
381 3
381 0
379 5
445 4
381 4
381 5
411 1
410 0
410 4
378 2
378 4
378 4
378 2
378 4
378 0
376 3
377 4
376 3
377 5
412 1
411 5
486 4
383 2
383 1
383 1
383 0
379 3
379 3
377 4
376 3
376 3
375 4
375 2
375 0
374 2
375 0
375 5
439 1
439 2
438 4
377 0
376 5
441 5
535 1
536 0
536 0
536 0
536 3
472 2
468 2
467 5
553 1
553 0
553 1
553 1
553 4
404 2
403 0
393 5
485 0
485 3
443 4
395 0
390 1
390 5
480 3
439 5
547 5
707 5
889 3
783 3
728 5
984 0
984 1
984 0
984 0
984 2
978 3
913 0
913 5
1275 3
1233 5
1683 1
1683 0
1683 0
1683 4
431 2
429 0
418 2
416 4
389 1
389 4
386 4
386 2
386 1
386 1
386 0
385 2
385 5
461 4
392 0
388 2
387 1
387 3
385 1
385 3
385 2
384 0
384 5
471 3
434 2
433 0
433 3
424 0
424 3
421 4
396 3
389 3
387 3
387 3
386 2
385 2
384 4
381 5
426 4
383 2
382 5
423 4
383 3
381 0
379 4
377 4
376 2
376 4
376 4
376 3
376 2
376 0
376 5
448 4
378 0
376 0
376 1
376 3
377 2
377 4
376 4
376 1
376 4
376 0
376 4
376 5
422 3
402 1
402 1
401 0
400 0
400 3
397 2
396 2
395 0
395 0
395 5
500 5
636 3
568 5
746 1
745 3
671 3
639 5
911 3
861 3
840 3
831 2
827 3
822 5
1300 1
1300 4
425 1
425 2
423 1
423 3
405 2
404 4
391 3
393 0
385 5
460 2
459 4
389 3
388 3
387 0
384 1
384 0
384 0
384 4
382 2
381 3
385 4
385 1
385 2
385 5
417 3
403 3
400 4
381 4
380 3
382 2
381 4
381 1
381 0
379 0
379 5
446 1
446 1
445 5
536 1
535 3
466 1
466 1
466 3
448 2
446 3
439 3
431 2
430 5
545 3
505 0
505 0
505 3
502 5
721 5
974 2
969 5
1229 4
432 0
410 1
410 2
409 5
490 1
490 5
605 3
522 4
402 0
396 0
396 3
396 1
397 5
479 5
597 0
597 4
402 3
396 4
390 3
393 5
413 3
403 4
387 1
387 1
387 4
387 0
383 1
383 4
382 0
382 4
381 0
381 3
382 4
380 2
379 3
379 0
379 3
380 1
380 3
380 0
380 5
447 2
445 0
445 4
381 2
380 0
378 0
378 4
378 3
378 4
377 2
377 3
378 3
378 2
378 3
378 2
378 5
411 5
483 3
434 2
433 0
432 5
555 3
493 4
397 4
389 4
389 4
389 1
389 2
389 0
386 3
384 3
382 4
380 2
379 3
377 4
377 0
377 3
379 4
378 3
378 4
378 5
414 3
401 3
396 2
395 5
458 2
456 4
379 3
380 1
380 0
380 1
380 0
380 4
378 5
411 3
395 3
393 2
392 3
394 0
393 2
392 3
391 3
391 3
389 2
389 4
381 3
380 0
380 2
379 1
379 2
379 3
378 2
377 4
375 1
375 0
375 3
376 3
376 4
376 3
375 3
375 4
375 2
375 1
375 1
375 4
375 3
376 5
417 2
415 1
415 0
414 0
414 4
384 2
383 2
382 3
384 5
417 0
416 4
379 1
379 4
379 3
379 1
379 2
379 2
379 5
411 3
399 2
398 3
396 4
379 2
378 4
378 3
380 0
378 5
450 0
450 3
422 0
419 1
419 4
386 4
381 4
381 0
379 3
379 0
378 3
378 4
375 2
374 2
374 1
374 5
420 0
420 2
420 5
524 4
387 2
386 0
381 2
381 1
381 5
459 3
424 4
385 1
385 1
385 1
385 4
385 4
385 2
385 2
384 5
412 3
396 4
381 4
380 1
380 2
379 2
379 3
377 1
377 4
377 2
377 2
377 3
377 4
377 4
377 3
378 3
378 5
407 4
376 4
376 0
375 1
375 0
375 0
375 3
375 0
375 0
375 5
449 0
449 1
449 1
449 0
449 3
421 2
420 3
409 0
407 2
406 5
532 5
684 2
679 3
601 0
601 4
419 4
404 3
400 5
418 2
417 4
384 4
383 2
383 0
382 3
382 5
442 2
442 4
389 2
387 4
386 3
387 1
387 1
387 3
385 5
407 1
407 3
397 0
394 4
382 4
380 0
380 3
380 5
446 5
544 4
396 0
389 1
389 3
388 4
383 4
383 0
383 4
381 4
381 3
382 0
380 4
379 0
379 0
379 4
379 4
378 2
378 4
378 2
378 2
378 2
378 2
378 3
378 0
378 3
379 2
379 5
436 3
410 0
407 3
405 5
506 0
506 2
504 3
467 3
458 3
454 5
604 0
604 4
406 3
396 4
388 4
387 4
387 1
387 3
386 0
383 4
381 4
381 0
381 5
454 0
454 2
453 3
420 2
419 2
418 5
498 4
394 2
393 3
386 3
387 3
387 5
418 3
399 5
458 3
433 2
431 1
431 0
431 5
568 0
568 0
568 1
568 1
568 2
565 0
565 1
565 1
565 3
521 4
407 3
398 2
395 2
394 2
393 4
384 2
383 4
382 3
379 5
413 4
381 0
379 0
379 3
380 0
380 4
379 3
381 0
381 3
381 3
381 3
381 3
381 1
381 1
381 0
381 0
381 3
381 5
449 5
545 0
545 2
542 0
542 0
542 3
464 3
452 3
446 1
446 4
399 3
393 2
392 3
390 2
389 2
388 1
388 0
386 3
385 1
385 5
454 3
430 1
430 4
393 4
389 5
416 3
405 1
405 2
404 4
386 2
385 3
384 0
382 4
378 5
413 2
411 3
398 2
397 4
385 4
383 2
382 2
382 2
382 2
382 2
382 1
382 0
380 1
380 3
381 4
377 5
409 4
380 3
381 0
380 5
441 5
539 1
537 3
459 4
396 0
392 0
392 4
381 4
379 2
379 0
379 4
379 4
379 3
380 5
415 4
385 2
384 1
384 1
384 1
384 2
383 0
382 2
382 5
446 2
446 3
421 1
421 0
420 4
394 4
384 3
382 3
379 5
411 3
400 2
399 1
399 1
399 5
462 1
461 4
392 0
385 2
384 1
384 3
384 0
384 2
384 5
461 2
459 3
426 0
425 2
424 0
424 3
421 0
421 1
421 3
419 2
418 2
417 5
548 4
406 3
393 3
392 5
414 5
491 5
603 3
518 2
517 2
513 4
401 2
400 2
398 1
398 4
390 2
389 5
412 1
411 3
400 5
449 3
425 0
424 4
393 0
392 2
391 0
391 4
385 1
385 1
385 0
385 0
385 2
385 3
386 0
386 0
386 3
387 4
384 1
384 4
377 1
377 0
377 3
379 0
379 4
378 2
378 4
378 0
378 3
379 3
379 3
378 4
375 0
375 1
375 1
375 2
375 1
375 3
376 2
376 3
376 3
376 2
375 0
375 0
375 2
375 0
375 1
375 0
375 5
449 3
424 4
385 3
380 1
380 3
381 5
420 4
378 3
376 4
374 4
374 5
409 0
409 4
380 2
380 0
378 1
378 1
378 3
379 5
444 0
444 2
442 5
546 1
546 5
677 0
677 4
401 1
401 4
399 2
398 4
398 4
398 2
398 3
396 0
388 4
382 3
383 3
382 5
405 3
396 4
383 3
380 0
376 0
376 4
376 5
409 3
398 5
452 3
425 0
421 0
421 0
421 0
421 5
541 4
398 3
386 4
383 4
383 4
383 2
382 3
382 2
381 3
381 2
380 4
380 0
374 2
374 3
374 3
375 5
432 2
432 4
377 4
377 5
401 5
465 5
556 0
556 4
389 2
389 3
387 4
386 0
383 5
438 1
438 0
437 1
437 0
437 0
437 3
410 3
407 0
406 0
406 1
406 5
518 4
397 5
419 4
385 0
383 4
381 5
414 4
382 5
407 2
405 2
405 1
405 1
405 0
405 2
405 3
399 2
398 4
385 0
381 0
381 5
445 1
445 0
445 4
387 3
385 5
410 5
478 4
389 1
389 5
404 2
404 3
392 5
443 1
443 0
443 5
549 4
395 2
394 0
389 2
388 0
388 1
388 0
388 2
387 4
385 1
385 0
383 0
383 4
381 2
380 3
381 2
380 3
380 3
380 4
378 4
378 3
378 2
378 2
378 2
377 0
377 2
377 4
377 1
377 2
377 1
377 3
377 5
408 2
408 2
408 0
408 0
408 3
398 3
397 5
459 4
388 5
414 3
403 1
403 3
401 0
400 3
399 0
399 2
398 1
400 3
400 5
487 2
484 4
391 2
390 4
384 4
384 2
383 4
383 0
382 5
451 5
549 4
399 0
391 0
391 1
391 2
391 3
385 4
379 1
379 5
412 4
381 3
381 1
381 2
381 5
411 2
409 3
395 4
384 5
406 2
404 1
404 5
476 0
476 4
388 2
387 3
387 0
381 4
379 3
380 3
380 0
380 5
447 4
383 3
382 5
404 5
470 3
435 3
420 3
415 0
409 1
409 0
409 5
536 4
401 2
400 2
399 4
389 5
420 0
420 3
408 3
404 5
489 3
456 0
456 0
456 3
449 3
448 5
609 4
404 0
398 2
397 5
494 0
494 0
494 2
491 0
491 4
389 3
384 1
384 3
384 4
383 2
383 2
383 5
410 0
410 0
410 5
503 4
391 5
409 5
473 3
432 3
420 4
388 0
385 1
385 2
384 4
380 3
382 4
381 0
381 0
381 1
381 3
381 2
381 0
380 3
380 4
377 1
377 2
377 0
377 1
377 3
378 1
378 3
379 4
377 5
418 3
401 2
400 1
400 2
399 2
398 3
396 3
394 1
394 4
380 4
379 2
379 3
381 1
381 0
380 4
376 2
376 3
379 4
379 3
379 2
378 1
378 2
376 0
376 3
377 2
376 3
375 2
375 4
374 4
374 2
374 2
374 5
417 4
381 4
380 4
380 3
383 5
411 5
475 5
581 3
491 0
491 3
462 0
462 4
400 0
398 2
398 1
398 1
398 0
398 5
497 3
456 0
456 2
454 3
448 0
448 1
448 2
447 4
400 5
439 3
422 3
417 0
417 3
415 2
414 5
544 0
544 4
401 0
398 0
398 5
510 4
395 3
390 -1
