5 2000
79 5
79 5
79 4
62 0
56 5
72 5
91 3
79 1
81 1
82 4
36 2
36 4
34 4
34 1
34 1
34 1
36 3
34 5
36 4
33 4
32 5
35 0
35 3
34 3
34 5
46 3
39 4
33 4
32 2
33 5
37 2
42 2
42 4
37 0
37 5
44 1
44 3
37 4
35 3
35 0
34 2
35 5
46 0
46 0
46 4
34 1
38 4
38 5
39 1
40 4
34 4
34 3
34 1
34 1
34 2
34 5
39 5
53 1
51 3
40 3
40 1
40 2
39 0
39 0
39 5
60 2
58 1
58 4
35 0
35 3
35 5
50 0
50 3
45 3
44 0
44 2
43 3
43 5
67 4
36 2
35 1
35 2
36 3
34 5
39 2
39 3
36 5
45 1
46 4
36 5
40 1
39 3
37 0
37 5
53 5
72 2
68 1
68 2
64 4
42 1
42 4
42 3
35 3
35 1
35 4
35 4
35 0
35 5
47 5
65 4
37 2
36 2
37 1
37 0
37 3
35 0
35 5
49 3
45 2
42 1
43 2
42 5
57 4
36 3
45 2
40 3
40 2
41 1
44 1
45 5
39 2
38 4
36 5
38 1
38 3
37 1
37 1
38 4
36 4
36 5
37 3
37 1
37 4
36 1
36 2
36 3
39 3
43 4
43 4
43 1
43 0
38 3
37 2
36 3
36 2
36 1
37 4
35 5
37 3
37 4
34 5
35 0
35 0
35 1
36 2
35 4
34 0
34 3
34 4
34 1
36 1
36 2
34 2
35 5
35 3
35 3
35 4
34 4
34 4
34 2
35 3
37 5
37 5
48 3
40 4
35 1
35 3
34 4
34 5
38 5
51 2
52 2
51 4
37 5
38 5
47 4
36 3
35 4
35 0
34 4
34 1
34 5
35 0
35 0
35 0
35 2
37 5
49 3
41 0
41 4
36 4
35 2
36 4
36 2
37 3
36 3
36 3
37 4
36 1
39 4
39 2
36 0
35 4
34 2
34 2
35 2
35 2
36 0
35 5
41 5
52 4
37 1
37 2
37 3
36 5
37 1
38 5
49 2
47 0
47 4
34 2
35 5
40 5
49 5
65 2
62 2
58 5
77 3
45 1
45 4
41 0
37 2
36 5
54 5
71 3
54 1
54 2
52 4
37 1
40 1
40 3
37 4
37 3
38 4
37 3
44 3
37 4
37 5
36 5
45 5
61 3
45 2
43 5
48 0
48 0
48 5
71 4
37 1
39 1
39 2
38 1
38 2
36 0
36 4
35 3
35 0
34 4
34 3
34 5
39 4
34 5
39 3
37 0
37 4
35 3
35 4
34 2
35 4
35 5
35 5
44 4
34 4
34 0
34 3
34 5
41 2
41 5
56 5
74 1
72 5
87 1
87 2
86 4
34 5
38 2
38 0
38 2
39 4
34 2
35 5
38 5
47 5
60 2
60 0
60 4
35 0
35 4
35 1
35 2
35 5
37 1
37 2
37 2
42 2
42 3
36 4
35 1
35 5
37 3
37 2
36 5
45 4
35 5
37 1
38 5
48 0
48 0
48 4
34 2
34 1
35 4
35 0
35 4
34 4
34 4
34 0
34 5
44 4
34 2
35 4
35 3
37 4
36 5
34 2
34 1
35 2
34 2
39 1
37 3
35 2
35 5
40 3
37 2
37 2
36 2
35 3
35 3
35 2
35 1
36 3
35 3
35 1
35 0
35 5
47 2
48 5
65 2
66 4
38 4
38 2
39 4
39 1
39 3
36 3
35 5
39 4
34 1
34 0
34 1
36 0
35 3
35 3
35 1
36 4
35 3
35 1
35 0
35 4
35 0
35 2
36 2
36 2
36 2
38 2
38 3
35 0
35 0
35 0
35 4
34 5
37 5
45 2
44 5
58 0
58 4
34 3
34 2
34 3
34 1
35 2
34 0
34 2
35 2
35 3
34 4
34 2
34 4
34 2
35 4
35 1
35 0
35 5
44 5
56 0
56 1
55 4
34 1
34 5
39 2
41 5
53 2
53 3
42 5
48 5
67 4
41 4
41 4
41 5
39 5
48 3
44 2
43 5
54 0
54 2
52 5
75 5
98 4
36 3
34 4
34 1
34 4
34 2
35 4
35 3
34 3
34 3
34 2
35 4
35 0
35 3
34 2
35 4
35 4
35 5
41 4
35 2
36 4
36 4
36 3
34 0
34 0
34 3
34 4
34 4
34 2
35 5
40 3
37 2
37 4
34 0
34 3
34 2
34 0
34 0
34 4
34 1
34 0
34 5
42 3
39 5
44 5
63 3
57 2
55 3
50 4
35 3
35 5
40 0
40 3
40 4
37 4
36 3
39 5
42 5
57 3
47 2
46 3
45 0
45 3
41 3
41 0
40 3
40 5
62 2
59 3
54 4
37 4
37 3
32 0
32 2
33 2
32 3
31 0
31 4
31 4
31 2
32 0
32 2
33 2
34 2
37 2
37 4
35 5
37 3
34 3
34 1
35 1
35 2
34 3
34 5
41 3
39 1
40 3
38 4
33 4
33 0
33 3
33 2
33 2
34 4
32 2
32 3
32 2
33 5
36 4
32 4
32 2
32 3
32 3
32 1
32 0
32 5
47 5
63 3
52 0
52 3
48 5
77 0
77 3
71 1
71 2
69 3
68 3
68 2
67 2
65 1
65 3
65 0
65 3
65 4
34 3
33 4
33 1
33 3
33 2
34 0
33 5
46 0
46 2
47 3
39 3
39 0
39 0
39 3
37 2
36 3
36 5
55 5
76 5
96 3
92 2
87 4
36 3
35 4
35 3
34 5
35 1
35 2
35 3
34 3
34 3
34 2
33 3
33 2
33 4
33 0
32 4
32 3
32 0
32 4
32 5
36 5
49 0
49 0
49 4
32 2
33 4
33 3
33 5
36 5
50 4
35 2
34 4
34 1
34 2
34 5
38 1
38 2
38 0
38 5
49 2
49 3
40 4
37 2
36 3
38 4
37 1
37 3
43 5
41 2
41 0
40 5
58 2
58 3
45 3
43 3
43 4
38 4
37 3
37 2
35 4
35 3
37 1
37 2
37 2
36 2
36 2
36 3
39 3
36 0
36 2
37 3
35 4
34 0
34 4
34 1
34 0
34 3
33 4
33 3
33 3
33 4
33 2
33 2
34 4
34 3
33 2
33 0
32 2
32 4
32 4
32 3
34 3
32 5
36 1
36 5
45 0
45 4
32 4
32 2
33 4
33 3
34 0
33 2
33 5
45 4
33 3
33 2
34 3
33 4
33 4
33 3
33 3
33 5
34 3
34 3
34 4
32 0
32 3
32 3
32 2
33 3
32 0
31 5
49 4
31 4
31 1
31 1
31 5
38 5
54 3
44 3
42 0
42 3
42 3
41 3
41 3
40 1
40 3
40 5
65 1
65 3
60 2
58 5
97 3
92 3
89 3
86 2
84 2
82 5
145 3
139 2
136 5
215 0
215 1
215 5
296 4
33 0
33 0
33 1
33 2
33 4
32 2
33 1
33 4
33 5
36 3
34 5
50 0
50 4
32 4
32 4
32 0
32 2
32 3
31 1
31 1
33 5
49 4
33 0
33 4
33 2
33 2
34 3
33 4
33 3
32 3
32 0
32 5
46 0
46 2
43 0
43 3
39 0
39 3
38 3
38 4
32 4
32 2
32 5
35 5
49 2
49 3
42 0
42 3
42 3
40 2
39 4
37 2
35 4
34 2
34 4
34 2
34 5
38 1
38 2
38 1
38 5
53 3
45 0
45 4
40 3
39 5
44 4
34 4
34 0
34 2
34 2
34 2
34 4
32 3
34 4
33 3
33 5
34 0
34 1
34 5
47 1
47 3
38 1
38 2
37 5
49 4
34 5
38 0
38 4
32 0
32 3
31 4
31 3
31 3
31 0
31 3
31 2
31 3
31 1
31 1
31 0
31 5
48 4
32 2
31 4
31 2
31 5
37 0
37 1
37 3
34 2
33 3
33 3
33 2
32 5
46 0
46 5
65 5
83 5
101 5
120 1
116 1
116 3
98 5
125 3
117 4
40 3
35 3
34 2
34 2
35 1
35 2
35 3
34 0
34 3
34 0
34 3
34 2
34 5
42 3
38 1
38 1
38 5
50 0
50 3
43 5
64 4
35 2
35 0
34 5
47 2
47 2
47 3
43 4
36 3
36 3
35 0
35 4
34 2
34 4
34 0
34 1
34 5
47 3
42 5
55 5
79 5
104 3
90 4
39 2
38 3
39 3
38 4
38 4
38 3
49 2
42 5
39 4
37 4
37 2
38 3
38 3
43 2
44 5
38 2
38 4
36 2
36 3
39 1
39 2
36 3
38 4
37 3
44 5
37 5
38 1
38 4
34 4
34 3
37 4
36 3
39 2
38 0
36 0
36 2
36 3
36 4
35 3
35 4
34 1
34 3
37 3
34 5
35 1
35 4
34 4
34 5
35 0
35 4
34 5
38 0
38 5
52 0
52 3
40 1
40 3
40 2
39 0
39 4
37 3
36 5
41 4
34 3
37 5
37 3
37 0
37 0
37 1
37 3
33 2
33 5
40 3
36 3
36 1
37 2
36 5
55 3
48 3
44 5
73 4
33 2
32 4
32 4
32 1
32 3
32 5
38 2
38 3
36 4
32 1
32 5
36 5
50 2
49 4
32 1
32 4
32 1
32 4
32 3
32 5
39 1
39 1
39 4
31 3
31 3
31 3
31 2
31 4
31 0
31 0
31 4
31 4
31 2
31 1
31 2
31 3
31 2
31 4
31 3
31 2
31 3
31 4
31 1
31 4
31 4
31 3
31 4
31 5
39 4
31 5
39 5
54 0
54 4
32 3
32 4
32 1
32 2
32 3
32 0
32 4
32 3
32 2
32 5
36 3
34 5
45 2
45 1
45 4
35 3
35 2
34 1
34 3
37 5
36 1
36 4
34 3
37 5
36 4
34 4
34 5
35 3
35 0
35 2
35 4
34 3
36 5
37 3
36 3
35 0
35 0
35 3
35 2
35 3
35 5
49 3
45 3
41 1
41 4
35 0
35 5
48 4
35 5
38 5
50 5
67 3
52 4
40 5
40 1
40 1
40 5
48 4
37 3
39 1
39 3
39 0
37 0
37 5
56 1
56 2
49 4
38 5
40 1
40 5
52 0
52 0
52 1
51 4
37 2
37 4
37 5
39 1
39 4
36 4
36 4
36 3
37 5
40 4
35 3
37 3
35 3
37 5
36 3
36 5
41 4
36 2
35 3
37 5
36 3
36 4
34 4
34 3
37 4
36 4
36 2
36 1
36 3
39 1
39 3
36 3
39 4
38 0
37 4
34 2
34 3
37 3
37 0
36 5
49 3
43 3
41 3
41 3
40 5
58 2
56 5
79 5
103 1
103 0
103 4
38 2
37 4
36 4
36 2
36 5
38 3
37 5
45 4
36 4
36 2
36 2
36 3
39 3
42 0
38 5
52 1
52 5
72 3
51 4
34 0
34 2
34 3
34 4
34 5
35 5
45 3
40 4
35 4
35 3
35 3
36 5
38 5
50 4
35 5
37 5
48 1
48 5
64 5
82 5
99 4
34 4
34 1
34 0
34 5
44 3
40 2
39 3
39 5
49 4
35 1
35 2
35 5
37 1
37 3
37 4
35 5
37 2
37 1
37 3
37 3
36 3
35 0
35 4
32 2
32 3
34 2
32 4
32 5
36 5
47 4
34 2
34 4
34 3
34 4
34 5
37 4
34 4
34 4
34 3
34 3
34 2
34 3
34 5
39 2
39 4
34 3
37 2
35 0
34 3
34 4
34 5
37 0
37 3
35 4
33 2
33 4
33 4
33 0
32 3
32 3
32 3
32 3
32 3
32 2
32 3
32 5
42 3
37 2
36 3
36 3
36 5
49 4
32 4
31 0
31 3
31 4
31 3
31 3
31 0
31 3
31 3
31 2
31 3
31 2
31 1
31 0
31 3
31 4
31 3
31 3
31 5
38 0
38 5
56 4
35 0
32 3
32 2
32 3
32 4
32 1
32 0
32 3
32 2
32 1
32 2
32 5
44 4
32 4
32 2
32 0
32 3
32 0
32 5
44 2
44 0
44 5
59 5
76 5
91 2
86 1
83 1
83 1
83 2
78 4
34 0
34 3
34 4
34 2
34 4
34 3
37 3
34 2
34 2
34 2
34 5
35 3
35 0
35 5
49 4
35 3
35 5
37 2
37 4
34 4
34 5
36 4
34 3
36 4
35 5
36 3
35 4
34 5
35 1
35 2
35 2
35 4
34 4
34 4
34 2
34 3
37 5
36 4
35 5
38 5
50 0
50 1
50 1
50 0
50 0
50 5
71 3
53 5
74 5
102 4
36 1
36 4
35 1
35 5
36 5
47 0
47 0
47 3
41 2
40 0
40 5
61 0
61 4
39 4
39 0
39 2
38 0
38 0
38 5
56 3
44 4
36 4
36 5
35 3
34 3
34 3
34 4
33 5
36 2
36 5
50 3
42 2
41 4
36 0
36 1
36 3
36 3
35 4
33 5
40 4
33 4
33 1
33 4
33 5
34 2
34 5
44 1
43 1
43 4
32 5
36 4
32 5
36 0
36 2
36 4
32 3
32 3
32 3
32 4
32 2
32 4
32 4
32 2
32 0
32 3
32 0
32 3
32 0
32 5
44 2
44 1
44 0
44 3
36 0
36 4
32 1
32 3
32 0
31 4
31 5
37 4
33 0
33 3
32 5
44 3
40 5
62 5
87 3
77 0
77 0
77 0
77 5
115 4
35 4
35 4
35 4
35 4
35 5
37 2
36 0
36 1
36 4
36 5
34 4
34 3
32 0
32 2
32 0
32 4
32 5
36 3
33 1
33 3
33 2
33 3
33 3
33 1
33 2
33 3
33 1
33 5
42 4
32 4
32 4
32 4
32 3
32 0
32 5
46 1
46 3
41 5
60 5
82 0
82 3
72 4
37 3
35 1
35 3
34 5
38 1
37 2
36 5
47 5
63 3
51 2
50 4
33 4
33 5
33 4
33 5
35 5
48 2
47 4
31 5
37 5
52 2
52 4
34 5
39 4
35 2
34 4
34 2
34 4
34 1
34 5
36 4
34 5
39 1
38 4
34 4
34 0
34 4
34 4
34 2
34 4
34 2
34 4
34 4
34 5
35 1
35 5
45 0
45 5
60 5
75 4
34 5
38 2
38 4
34 4
34 5
36 2
38 0
38 5
48 4
37 2
37 1
37 1
37 2
37 3
35 3
36 5
36 0
36 3
35 1
35 5
43 3
39 5
55 0
55 4
36 4
35 5
34 3
34 4
33 3
33 2
33 5
36 1
36 5
48 4
32 2
32 1
32 2
32 2
32 3
34 2
32 0
32 0
32 1
32 2
32 5
44 2
44 5
59 3
44 5
64 3
57 5
84 0
84 2
81 2
78 4
32 2
32 3
32 4
32 1
32 0
32 2
32 4
32 4
32 1
32 3
34 3
32 3
34 2
32 5
35 0
35 2
35 5
47 2
44 2
44 3
36 5
41 5
61 3
52 5
76 0
76 1
76 0
76 1
76 0
76 4
36 4
36 5
36 3
36 1
36 3
36 2
35 1
35 3
35 2
35 4
35 2
35 4
35 2
35 5
37 5
47 1
47 4
35 3
36 4
36 3
37 1
37 3
36 3
37 2
36 2
36 0
34 5
44 5
61 3
46 5
63 5
88 1
88 3
73 3
68 3
66 5
109 2
105 3
99 2
97 4
37 0
37 2
37 0
37 5
53 3
43 0
42 4
37 2
36 5
40 5
53 3
48 0
47 5
71 0
71 5
97 0
97 4
42 5
42 5
50 5
67 2
64 2
60 4
35 5
39 3
38 2
37 3
37 1
37 5
47 0
47 2
45 4
34 5
39 2
39 5
51 2
49 0
49 3
40 4
38 1
38 3
36 1
36 3
37 4
36 0
36 4
36 2
36 0
36 4
34 4
34 5
37 5
45 2
44 2
44 4
37 4
37 1
37 2
37 0
37 0
37 3
34 4
34 1
34 3
37 0
36 4
34 5
39 2
39 0
39 4
34 4
34 4
34 4
34 4
34 2
34 4
34 1
34 3
34 5
39 0
39 4
34 0
34 1
34 4
34 3
34 4
34 4
34 4
34 1
34 2
34 3
34 0
34 3
34 4
34 3
34 3
34 3
34 3
34 1
34 0
34 5
47 4
34 1
34 2
34 1
34 1
34 0
34 4
34 4
34 5
39 3
37 2
36 0
36 3
36 4
34 4
34 0
34 5
47 5
62 3
50 3
46 3
45 2
44 4
35 2
34 2
34 5
39 0
39 5
54 2
51 5
68 1
67 5
87 4
35 4
35 5
39 4
34 4
34 3
34 2
34 4
34 5
38 1
38 0
38 0
38 5
56 0
56 4
35 0
35 0
35 2
34 4
34 5
38 0
38 3
36 4
35 0
35 4
34 3
33 3
33 3
33 2
33 2
33 4
33 0
32 3
32 5
41 4
31 4
31 3
31 1
31 3
31 4
31 0
31 3
31 3
31 3
31 1
31 3
31 1
31 4
31 2
31 5
37 3
34 3
34 4
31 5
37 4
31 5
37 4
31 0
31 5
44 1
44 3
39 2
38 4
32 1
32 2
31 1
31 3
31 3
31 4
31 2
31 2
31 5
37 4
31 3
31 5
37 3
34 4
32 2
32 1
32 3
32 2
32 1
32 0
32 5
46 4
33 0
33 2
33 0
33 3
31 1
31 1
31 0
31 5
48 5
65 3
51 5
71 3
64 5
97 3
89 2
86 0
86 2
83 4
34 0
34 5
49 0
49 4
33 4
33 1
33 4
33 5
36 4
33 3
32 2
32 4
32 4
32 1
32 1
32 5
34 5
46 2
45 5
60 3
48 5
66 1
66 2
61 4
33 4
32 2
32 4
32 3
34 4
33 1
33 3
33 1
33 3
33 1
33 3
33 -1
79 3
48 0
37 0
37 2
39 1
40 0
40 1
41 4
34 1
34 4
34 3
34 5
33 1
33 3
33 4
33 5
37 2
37 2
40 0
38 3
33 4
32 1
37 5
37 2
37 4
31 3
31 0
31 0
31 2
33 1
37 1
38 5
48 5
66 1
66 3
54 2
52 2
50 2
48 0
48 0
48 2
47 5
72 5
98 0
98 5
125 5
151 0
151 5
175 5
202 2
192 1
192 3
169 1
169 5
208 1
208 3
194 4
38 3
36 0
36 0
36 1
38 4
36 1
36 1
39 0
37 4
35 1
35 0
34 4
34 0
34 4
34 5
35 0
35 3
35 1
37 4
35 4
35 3
38 0
38 0
38 4
35 5
38 5
50 5
69 4
35 0
34 5
44 3
38 1
38 1
40 2
38 1
42 4
39 0
37 5
51 1
51 1
52 3
45 5
61 1
61 0
61 3
59 3
58 1
58 3
57 5
92 4
35 4
34 3
34 4
34 0
34 3
34 1
38 1
39 1
40 4
39 5
37 1
38 3
37 0
37 2
36 5
53 1
51 3
46 1
46 0
46 4
39 4
37 1
37 4
37 5
38 4
34 5
38 0
38 4
34 4
34 0
34 3
33 0
33 0
33 0
33 1
34 3
32 4
32 1
34 1
36 0
35 1
36 5
54 4
32 5
39 4
32 5
39 5
55 4
33 3
32 0
32 2
32 4
32 4
32 1
32 5
38 2
39 2
40 2
41 3
38 1
42 5
48 4
35 2
36 3
35 4
34 0
34 5
46 3
40 4
34 0
33 2
34 4
33 4
33 1
39 1
39 5
38 0
38 5
51 5
68 0
68 0
68 1
68 3
53 1
53 4
36 2
35 0
33 0
33 2
35 2
36 1
34 1
36 1
36 2
34 3
34 3
34 1
34 2
34 3
34 1
34 3
34 4
34 4
34 1
37 1
38 1
38 1
38 4
38 5
38 2
38 2
38 1
38 3
37 4
34 3
34 3
34 1
34 0
34 4
34 1
34 3
36 0
33 5
45 0
45 2
42 2
42 3
38 4
32 4
32 3
32 3
32 3
32 5
34 3
34 5
42 0
42 1
43 2
42 3
38 2
37 5
56 2
54 0
54 5
76 0
76 5
98 3
78 2
74 1
75 2
71 5
102 4
41 4
40 3
35 3
35 4
35 3
35 2
36 5
37 1
38 1
38 4
34 2
34 4
34 0
34 0
34 1
34 2
34 5
47 0
47 2
47 1
47 4
35 3
35 3
35 4
34 1
34 2
35 4
35 3
37 5
36 4
34 5
35 5
45 3
37 0
37 2
36 1
37 0
37 0
37 2
37 3
36 1
39 4
35 0
32 5
48 0
48 2
45 4
33 5
36 4
31 1
31 1
33 5
35 3
34 1
36 2
34 1
36 3
35 1
36 4
32 0
32 2
33 5
48 4
33 2
35 3
33 3
33 3
33 3
33 1
36 5
39 4
35 1
40 0
33 4
31 3
31 3
31 1
33 4
32 0
31 4
31 4
31 2
31 1
31 3
31 3
31 2
32 2
33 1
33 5
43 5
54 3
43 5
55 1
55 0
55 5
80 4
32 3
32 4
32 0
32 4
32 4
32 0
32 3
32 0
32 3
32 1
36 1
36 2
35 3
34 3
34 4
34 0
32 1
33 1
37 2
36 2
32 3
32 5
42 2
41 2
41 0
41 0
41 3
35 0
35 4
32 3
32 0
31 4
31 3
31 0
31 1
31 2
31 5
46 4
33 2
33 4
33 2
34 4
34 4
34 2
34 3
34 4
34 4
34 1
34 4
34 4
34 3
34 3
34 2
34 4
34 2
34 0
33 4
33 3
33 1
33 5
35 1
38 5
50 0
50 5
66 4
36 2
35 4
35 1
35 5
37 0
37 1
39 0
38 1
39 0
39 3
37 0
35 3
35 4
32 0
32 4
32 4
32 2
33 1
33 2
33 1
33 2
34 2
37 1
37 5
43 5
58 0
58 1
58 3
41 5
52 2
48 0
48 2
46 4
35 2
34 0
34 4
34 3
37 4
37 4
37 4
37 2
38 4
38 0
36 1
37 4
35 0
35 0
35 0
35 3
35 1
35 1
35 4
34 4
34 4
34 0
34 3
34 5
46 0
46 3
42 5
61 0
61 5
81 5
102 4
36 5
38 2
36 3
36 4
35 5
38 5
48 1
48 0
48 5
65 0
65 4
35 5
37 5
48 0
48 5
64 1
64 2
61 5
77 5
93 0
93 2
81 3
65 0
64 3
53 3
49 4
36 0
34 2
34 0
34 2
34 4
32 0
32 2
32 4
31 5
36 4
33 3
33 3
33 2
34 4
34 3
33 4
33 4
33 5
35 4
31 5
36 2
39 3
35 3
35 4
33 5
38 3
34 4
31 0
31 2
31 1
31 0
31 5
48 3
44 5
60 3
57 1
57 5
85 0
85 5
117 5
148 0
148 5
182 2
174 3
170 3
167 2
161 1
161 5
223 5
289 3
285 0
285 4
42 4
42 4
42 4
42 3
35 0
34 0
34 2
34 4
34 5
35 5
44 1
44 5
60 0
60 5
75 4
36 2
37 4
36 2
36 4
36 5
37 4
34 3
36 1
36 1
36 1
36 5
38 5
52 3
45 2
42 5
61 4
36 4
36 3
39 4
38 4
38 4
38 3
42 4
42 2
42 3
38 1
38 2
39 4
39 0
37 3
37 1
37 2
36 2
35 3
35 2
34 5
38 4
34 3
37 2
37 5
37 3
36 4
36 4
36 5
37 5
48 0
48 3
38 5
47 0
47 0
47 3
43 3
42 3
42 3
42 2
41 3
41 4
33 3
33 3
33 3
33 1
33 4
32 0
32 5
46 3
41 5
59 4
34 0
33 0
33 4
33 0
33 0
33 0
33 2
33 2
34 4
32 4
32 5
36 4
34 5
35 5
43 5
56 2
54 1
53 2
51 3
38 1
38 0
36 2
35 1
35 3
34 3
34 2
33 0
33 0
33 1
33 3
33 3
33 0
33 5
53 0
53 0
53 3
47 1
47 1
47 1
47 1
47 4
34 5
40 4
31 2
32 2
32 3
31 2
32 3
31 1
31 0
31 4
31 1
31 4
31 3
31 5
38 5
54 4
34 0
31 2
31 1
31 3
31 2
31 2
31 1
31 3
31 3
31 4
31 4
31 0
31 5
49 1
48 4
31 0
31 5
49 4
31 4
31 0
31 3
31 0
31 3
31 3
31 3
31 1
32 3
32 3
32 4
31 5
38 1
38 3
33 3
33 5
48 0
48 2
46 5
64 0
64 3
54 1
54 4
34 4
33 4
33 5
36 2
36 3
34 0
34 5
49 1
49 2
49 4
34 1
37 3
33 1
33 2
33 1
34 1
34 2
33 2
33 3
33 0
33 5
46 2
43 1
43 5
57 4
33 4
33 3
33 4
33 4
33 3
33 2
33 0
32 5
45 5
60 4
32 2
33 3
32 3
32 1
32 4
32 1
32 4
32 2
33 5
36 4
34 4
34 2
35 4
35 0
33 1
33 4
33 3
32 3
32 4
32 0
32 3
31 4
31 2
31 5
36 4
33 5
36 3
33 1
33 3
33 2
32 1
32 3
32 0
32 4
32 4
31 0
31 5
46 2
46 0
46 0
46 4
33 2
33 4
33 3
33 4
33 3
33 2
33 0
33 3
31 2
31 5
46 3
36 0
36 5
55 1
55 0
55 2
51 3
44 3
44 2
43 3
43 0
43 3
42 5
70 2
68 5
98 5
125 2
118 1
118 4
33 0
33 2
34 3
34 0
34 2
34 3
34 3
34 1
34 0
34 4
32 4
31 2
31 3
31 1
31 2
31 2
32 2
32 2
33 4
33 0
32 5
42 3
35 2
34 5
44 2
43 0
43 1
43 5
58 1
57 5
74 4
39 5
37 2
37 5
46 4
34 2
34 0
34 4
34 3
37 0
36 2
36 3
36 2
34 5
47 1
46 1
44 3
40 1
40 4
34 5
41 0
41 4
34 1
34 4
34 4
34 3
34 3
34 3
34 1
35 1
35 2
35 3
34 2
34 5
37 3
35 1
35 4
33 0
32 4
32 4
32 3
34 2
32 2
32 2
32 3
34 4
33 1
33 3
33 3
33 4
33 5
34 1
34 2
34 5
43 1
43 3
37 3
34 3
34 2
33 3
33 3
32 0
32 5
50 3
41 1
41 0
41 1
41 2
40 2
39 2
38 4
34 1
34 4
33 4
33 3
33 0
33 4
33 3
33 0
33 5
50 5
68 2
63 3
54 3
48 4
38 3
37 4
35 2
35 0
33 3
32 3
32 2
31 3
31 0
31 5
48 0
48 1
47 4
31 5
39 4
32 2
32 1
32 3
32 4
31 0
31 1
31 2
31 0
31 0
31 4
31 3
31 1
31 3
31 4
31 2
31 4
31 4
31 5
36 5
49 3
44 0
44 1
44 3
42 2
40 0
40 0
40 0
40 5
64 3
57 4
35 1
35 3
34 5
35 5
50 4
31 3
31 1
31 5
36 5
49 3
43 2
42 5
62 4
32 0
32 0
32 4
32 3
31 4
31 4
31 3
31 1
31 1
31 4
31 1
31 2
31 4
31 1
31 3
31 2
31 1
31 3
31 3
31 3
31 2
31 4
31 1
31 0
31 3
31 3
31 2
31 2
31 5
44 3
39 5
57 4
36 4
34 2
34 1
34 2
34 5
38 5
50 5
67 3
45 5
63 5
89 0
89 4
36 3
35 2
35 5
39 3
37 3
36 3
36 0
36 5
52 4
35 3
34 0
34 5
46 1
46 5
63 3
51 2
49 3
44 4
35 0
35 4
34 3
34 0
34 5
46 3
39 2
38 5
48 0
48 1
48 3
45 0
45 3
45 3
45 5
68 4
36 3
35 4
34 1
34 2
34 4
33 4
33 2
33 2
33 3
33 0
32 5
44 0
44 5
58 4
32 3
34 4
33 3
33 3
33 4
33 5
35 3
34 0
34 4
33 1
33 0
33 4
33 4
32 0
32 3
32 1
32 5
44 4
32 2
32 4
32 1
32 5
35 5
45 1
45 5
58 1
58 2
54 4
34 3
34 3
35 5
39 4
34 1
34 0
33 3
33 4
32 3
34 2
33 2
33 4
33 1
33 5
35 1
35 0
35 3
34 5
43 3
39 0
38 3
38 4
33 1
33 0
33 3
33 0
33 5
49 4
32 1
32 1
32 3
32 1
32 1
32 2
32 4
32 5
35 0
35 0
35 2
35 2
35 3
34 4
31 3
31 4
31 4
31 0
31 3
31 4
31 0
31 5
46 4
32 0
32 3
31 4
31 2
31 2
31 2
31 5
37 1
36 4
31 3
31 2
31 4
31 0
31 2
31 2
31 5
46 0
46 3
40 3
40 5
62 0
62 4
32 4
32 3
31 3
31 4
31 4
31 3
31 4
31 3
31 1
31 5
36 5
52 4
35 0
33 0
33 5
52 3
43 4
31 1
31 2
31 5
37 5
53 4
35 0
33 1
33 1
33 3
33 1
33 2
32 2
32 3
32 0
32 4
32 0
31 4
31 2
31 1
31 4
31 2
31 2
31 0
31 0
31 0
31 5
46 4
31 5
37 4
31 4
31 3
31 0
31 2
31 5
46 0
46 3
42 4
32 4
32 0
32 3
32 5
48 4
33 5
34 4
32 5
34 4
32 3
32 4
32 1
32 3
32 4
32 0
31 4
31 3
31 3
31 4
31 2
31 4
31 5
38 2
38 2
38 2
38 1
37 0
37 3
34 2
33 2
33 2
33 4
32 2
32 0
32 3
32 2
32 2
31 5
42 4
31 1
31 5
37 2
37 5
52 5
69 5
85 1
81 5
97 0
97 4
37 3
37 0
36 5
50 3
43 3
41 4
35 1
35 3
32 3
32 4
32 5
36 3
34 2
33 5
48 5
63 3
50 3
48 5
65 5
91 4
36 5
38 2
38 3
37 4
33 4
33 3
32 4
32 3
32 2
32 4
32 2
32 4
32 5
37 2
37 2
37 4
32 1
32 1
32 2
32 2
32 5
37 3
34 2
33 2
32 1
32 0
32 0
32 5
49 4
32 4
32 3
32 3
32 4
32 5
36 5
49 2
46 5
62 3
52 4
35 4
35 4
35 0
35 0
35 4
34 0
34 0
34 4
34 4
34 4
34 4
34 0
34 4
34 4
34 3
33 4
33 5
34 4
33 3
33 3
33 0
32 0
32 3
32 5
41 3
39 3
35 1
35 2
34 4
31 3
31 3
31 5
37 5
54 2
52 2
49 4
34 3
36 2
36 3
34 5
35 3
34 3
34 5
41 3
34 2
34 5
49 3
43 4
33 4
33 3
33 2
33 1
33 4
33 3
33 2
33 0
33 4
32 4
32 2
32 0
32 1
32 0
32 1
32 3
32 3
32 0
32 3
32 1
32 1
32 3
32 3
32 3
32 3
32 4
32 2
32 1
32 4
32 5
35 3
34 4
32 5
35 0
35 3
34 3
34 5
49 5
68 2
65 3
55 4
34 3
32 5
35 4
32 2
32 3
32 3
32 5
37 2
37 3
33 2
33 0
33 3
33 4
32 4
32 3
32 3
32 3
32 0
32 4
32 3
32 3
32 4
32 4
32 3
32 0
32 2
32 3
32 3
32 4
32 4
32 5
35 2
35 3
33 4
33 3
33 5
34 2
34 0
34 3
33 2
33 3
33 5
44 5
62 2
59 4
32 4
32 3
32 3
32 1
32 2
32 4
32 5
38 5
52 3
38 4
33 3
33 3
33 3
33 5
38 3
36 5
52 5
72 3
60 3
56 3
56 4
33 0
31 2
31 0
31 3
31 2
31 0
31 0
31 2
31 0
31 4
31 3
31 4
31 4
31 0
31 3
31 0
31 5
46 5
62 2
59 5
77 4
35 3
35 4
34 4
34 4
34 3
37 3
40 3
34 1
34 2
34 3
37 3
35 1
35 4
35 4
35 3
37 3
37 4
36 4
36 5
36 5
46 5
63 1
62 3
44 5
53 0
53 4
37 4
35 5
37 0
37 4
34 3
36 0
36 3
35 5
49 4
35 2
34 5
36 3
36 2
35 3
35 0
35 0
35 3
35 4
34 3
34 2
34 3
34 4
34 4
34 1
34 1
34 2
34 5
39 2
39 4
34 4
34 2
34 2
34 5
39 5
52 2
51 2
49 2
49 2
49 3
42 5
49 3
45 5
65 3
59 0
59 5
90 2
85 0
85 0
85 3
79 4
35 5
38 3
37 0
37 2
37 4
36 3
36 5
41 4
35 1
35 3
34 0
34 2
34 0
34 5
48 4
35 4
34 1
34 0
34 4
34 3
34 3
34 3
34 5
38 4
34 3
34 2
34 1
34 1
34 0
34 3
34 4
34 2
34 3
34 0
34 4
34 3
34 0
34 4
34 3
34 2
34 2
34 3
34 1
34 4
34 3
34 1
34 4
34 5
38 4
34 2
34 0
34 4
34 3
34 0
34 5
46 0
46 3
39 0
39 0
39 5
59 4
38 3
35 3
35 0
34 4
34 1
34 2
34 0
34 3
34 2
34 3
34 5
46 1
46 4
34 2
34 3
34 3
34 3
34 4
34 4
34 3
34 5
38 2
38 1
38 2
38 1
38 4
34 3
34 1
34 5
39 3
37 2
36 5
48 1
48 0
48 4
35 3
35 5
36 1
36 4
35 4
35 5
36 2
36 4
35 5
37 4
35 3
35 4
35 3
35 3
35 1
35 4
35 4
35 4
35 3
35 3
35 4
35 4
35 4
35 5
37 5
46 1
46 3
42 0
42 0
42 0
42 0
42 3
40 4
33 3
33 4
32 3
32 4
32 3
32 4
32 1
32 5
35 3
34 3
34 5
48 0
48 5
67 0
67 3
54 4
32 4
32 5
35 3
34 4
32 1
32 4
32 4
32 3
32 2
32 2
32 0
32 0
32 1
32 2
32 4
32 5
36 1
36 0
36 3
33 3
33 3
33 3
33 0
33 4
32 3
32 3
32 0
32 4
32 3
32 3
32 0
32 4
32 1
32 0
32 1
32 2
32 3
32 4
32 4
32 3
32 4
32 3
32 0
32 3
32 1
32 3
32 3
32 4
32 5
35 4
32 3
32 0
32 1
32 3
32 3
32 3
32 3
32 4
32 0
32 2
32 0
32 3
32 2
32 3
32 4
32 5
36 4
32 1
32 3
32 2
32 4
32 5
36 3
33 3
32 3
32 0
32 4
32 0
32 3
32 1
32 0
32 4
32 0
31 4
31 3
31 3
31 1
31 2
31 3
31 3
31 3
31 0
31 0
31 4
31 0
31 4
31 5
38 0
38 2
38 2
38 1
38 1
38 0
38 4
32 5
37 4
33 4
33 3
33 3
33 4
33 5
35 0
35 3
33 5
49 0
49 5
68 5
88 5
107 5
127 3
106 5
139 2
132 5
168 3
156 4
37 1
37 4
36 3
36 5
34 3
33 4
33 2
33 2
33 2
33 0
33 1
33 5
44 0
44 4
32 5
38 1
38 4
35 1
35 5
36 5
46 3
41 5
57 2
55 3
49 4
32 3
32 5
40 3
36 4
31 3
31 5
41 3
37 0
37 4
32 2
32 0
31 3
31 5
49 2
47 4
34 3
34 4
34 2
34 1
34 0
32 4
32 3
32 1
32 5
37 1
37 3
34 3
34 0
34 3
33 0
33 2
33 2
33 1
33 3
33 3
33 3
33 3
33 3
33 4
32 5
42 4
31 0
31 1
31 5
49 4
32 3
32 4
31 3
31 5
37 4
31 4
31 2
31 3
31 4
31 3
31 3
31 4
31 2
31 4
31 3
31 5
37 3
34 3
33 3
33 4
32 5
38 1
38 4
31 3
31 0
31 4
31 2
31 5
37 3
34 1
34 2
33 1
33 4
32 -1
79 3
48 2
45 2
46 2
47 3
45 5
39 4
39 4
39 0
34 0
34 5
50 0
50 2
52 5
67 0
67 3
48 5
69 2
66 0
66 1
66 2
61 5
88 5
116 1
116 5
144 5
176 5
209 5
240 0
240 4
40 5
41 5
54 3
46 5
62 5
85 4
40 1
42 1
42 1
42 2
40 3
37 0
37 1
38 0
38 0
38 0
38 3
37 5
50 0
50 0
50 5
67 2
63 3
56 0
56 0
56 3
53 3
53 5
83 0
83 3
80 5
125 3
120 5
177 0
177 5
240 0
240 3
233 5
309 1
309 5
387 4
37 0
36 3
36 1
37 0
37 0
37 0
37 2
36 1
37 4
34 5
41 2
44 1
42 5
56 0
56 2
54 1
53 0
53 4
34 2
35 5
43 5
54 0
54 0
54 1
54 1
54 3
42 0
42 4
35 2
36 0
35 0
35 5
43 2
43 3
35 5
42 5
62 3
51 4
33 0
33 0
33 3
33 2
33 5
48 2
48 2
48 5
65 2
59 5
76 0
76 5
91 5
109 4
34 0
34 3
34 1
35 3
35 3
35 4
35 0
35 0
35 1
36 5
48 3
42 4
38 3
34 5
38 1
37 3
36 1
36 0
34 5
51 0
51 2
49 1
48 5
68 1
68 2
64 0
64 2
58 5
78 5
98 3
74 3
70 0
69 0
69 1
69 4
38 5
39 3
37 4
35 4
35 3
34 3
34 5
38 0
38 3
37 4
35 5
38 5
50 2
47 3
44 1
45 1
48 5
57 3
52 3
52 3
52 2
51 4
38 3
37 1
37 4
34 5
35 2
35 5
44 1
43 5
56 4
34 3
36 2
37 5
38 2
38 1
38 3
35 2
36 5
44 3
40 1
40 0
40 5
56 2
54 1
54 3
47 1
48 0
48 5
75 0
75 1
75 0
75 4
36 1
36 1
36 3
35 2
35 4
34 5
35 5
45 1
45 1
45 4
34 0
34 3
34 1
37 4
36 1
36 3
39 2
39 0
38 5
57 5
77 4
36 5
42 1
43 3
39 3
38 3
38 3
37 3
37 3
37 0
37 3
36 3
36 4
35 0
35 2
36 0
36 1
38 4
36 2
34 5
36 1
38 5
50 4
35 0
33 5
43 4
32 3
32 5
35 5
47 4
34 4
34 1
36 4
36 3
36 2
37 4
35 5
34 0
34 1
36 3
34 5
46 4
35 2
34 1
36 4
35 0
34 3
34 5
41 2
48 3
39 5
47 4
34 5
40 3
38 1
39 5
48 2
48 2
46 1
46 0
46 0
46 2
44 4
35 2
36 5
40 0
40 2
41 2
41 0
41 3
33 2
33 3
32 4
32 2
32 4
32 3
34 3
32 1
32 1
32 0
32 2
33 5
42 2
44 4
34 5
39 5
52 4
35 3
34 4
34 5
35 0
35 4
34 4
34 2
35 0
34 5
42 3
38 3
38 4
35 3
36 3
35 5
37 3
37 1
38 3
37 5
47 0
47 3
42 5
57 0
57 4
39 3
39 3
37 3
38 3
37 0
37 4
35 1
35 2
34 0
34 3
34 4
34 3
34 0
33 5
44 2
44 2
42 1
40 2
40 2
41 2
41 4
37 5
38 3
35 5
41 2
42 1
42 2
43 5
56 3
46 2
44 1
45 3
42 3
41 4
34 3
34 2
34 4
34 0
34 2
35 2
36 0
36 1
39 1
40 2
39 2
36 1
36 4
34 3
34 4
34 5
35 5
45 0
45 4
34 4
34 4
34 0
34 2
34 4
34 0
34 2
35 4
34 2
37 2
37 5
40 3
36 3
35 0
35 0
35 5
49 3
44 4
36 1
36 3
35 5
38 0
38 2
36 3
35 4
34 2
35 2
35 5
40 0
40 1
40 4
35 3
34 0
34 3
34 4
34 1
34 0
34 1
34 2
35 3
35 3
35 1
37 3
34 2
34 5
45 4
34 4
34 4
34 1
34 5
38 3
36 3
35 1
35 2
34 3
34 5
46 1
45 2
44 1
43 2
42 1
42 5
60 5
78 4
34 3
34 1
35 5
38 5
51 5
67 0
67 4
35 3
34 2
34 3
36 4
35 3
38 0
38 2
39 2
40 3
37 5
48 1
48 3
43 5
61 5
87 1
87 4
37 4
36 4
36 5
37 1
37 0
37 1
37 1
38 0
38 5
53 3
48 0
48 0
48 5
78 2
75 5
104 1
104 0
104 4
38 0
36 2
35 5
49 1
48 3
43 3
42 5
58 1
58 1
58 4
39 5
40 4
35 2
36 3
35 1
35 4
35 0
35 4
35 4
35 2
35 2
35 4
35 1
35 1
35 4
35 1
35 5
39 5
52 3
47 5
66 4
36 0
36 3
36 3
36 5
50 1
49 0
49 4
35 5
38 4
34 5
39 3
37 0
37 0
37 0
37 5
57 0
57 5
77 5
97 1
96 5
120 4
35 0
35 5
47 3
41 2
40 3
38 2
37 2
37 3
37 3
37 5
45 3
41 4
34 5
35 3
34 2
34 4
33 2
34 1
35 3
34 3
33 3
33 0
33 4
32 3
32 4
32 4
32 3
32 2
32 0
32 3
32 3
32 3
31 4
31 0
31 4
31 2
31 5
37 1
40 1
41 5
51 5
68 0
68 2
65 3
55 5
83 5
109 3
102 0
102 3
97 0
97 2
94 0
94 4
41 4
39 1
39 2
37 5
38 5
51 3
44 2
43 4
37 3
36 3
36 5
38 1
37 0
36 2
37 5
51 2
52 3
43 0
43 3
40 0
40 2
39 5
62 2
60 1
60 4
36 3
34 0
34 4
34 0
34 3
34 1
34 3
34 3
34 3
34 4
34 1
34 2
35 0
35 2
36 5
44 4
34 1
34 3
36 4
36 5
36 0
36 0
36 4
34 3
37 5
37 2
36 3
36 4
35 5
37 2
37 5
47 3
42 0
42 4
34 4
34 5
37 1
37 0
37 0
37 2
37 0
37 1
37 3
35 5
49 0
49 1
49 3
43 2
42 5
54 0
54 1
54 5
74 2
70 2
67 4
37 1
37 5
36 5
43 5
59 1
58 4
35 3
36 0
36 0
36 3
35 4
34 3
34 5
39 2
39 3
35 1
35 1
35 5
39 3
37 4
33 2
32 1
32 3
32 4
32 0
32 5
47 3
41 5
60 3
54 2
52 3
50 3
50 5
81 4
34 4
33 5
34 2
34 2
34 4
33 2
33 1
33 5
36 5
51 3
43 3
41 3
40 1
40 0
40 4
33 3
33 3
33 3
33 3
33 5
37 0
37 1
37 0
37 4
33 3
32 5
36 0
36 2
36 5
52 4
32 3
32 3
32 3
32 4
32 0
32 3
31 3
31 1
31 5
46 2
46 1
46 2
47 4
36 5
41 3
35 2
34 3
34 2
33 5
39 1
40 1
40 5
55 0
55 2
51 3
43 4
37 3
36 2
35 0
35 5
46 0
46 5
64 0
64 0
64 4
36 5
38 2
38 4
36 4
36 0
36 4
36 3
36 4
36 1
36 0
36 4
36 2
36 3
39 4
38 4
38 5
36 3
36 3
36 0
36 3
35 5
44 1
44 3
40 5
52 1
52 4
33 3
33 5
34 2
34 5
46 1
46 3
38 4
32 5
35 3
34 2
33 1
33 1
33 2
33 3
33 5
47 4
32 2
33 4
33 3
32 0
32 2
32 5
46 2
46 2
46 1
46 5
61 0
61 1
60 3
50 4
36 3
36 3
36 3
36 0
33 1
33 5
49 3
43 2
42 4
35 0
35 3
34 5
48 3
44 5
68 2
65 3
57 3
56 5
97 3
91 3
87 3
85 3
85 2
83 3
83 1
83 3
83 3
83 3
83 5
152 3
144 2
142 0
142 4
34 2
33 5
36 3
35 4
32 5
36 2
36 1
36 0
36 4
32 5
39 5
55 0
55 2
52 2
52 1
50 2
50 4
34 3
34 3
34 3
34 2
34 5
39 3
36 0
36 3
34 5
48 5
66 4
36 5
38 5
50 3
44 3
42 3
41 5
51 3
47 2
45 2
43 3
43 0
43 2
41 0
41 1
42 1
42 4
33 3
33 4
32 3
32 5
35 1
35 5
48 2
47 4
33 2
33 3
33 3
33 3
33 1
33 5
37 3
35 1
35 5
47 4
32 3
32 5
36 1
36 3
34 5
45 4
32 5
36 5
49 2
49 1
49 1
46 3
42 3
38 3
38 4
32 3
32 1
32 4
32 1
32 3
32 1
32 3
32 5
37 4
32 5
37 4
32 0
32 2
32 5
46 3
40 4
33 5
37 2
37 3
36 4
32 0
31 0
31 3
31 2
31 0
31 2
31 3
31 2
31 4
31 4
31 4
31 0
31 2
31 1
31 3
31 0
31 4
31 3
31 3
31 0
31 4
31 0
31 2
31 4
31 1
31 3
31 2
31 2
31 0
31 1
31 4
31 0
31 5
49 2
48 2
48 1
47 3
40 5
53 1
53 2
51 2
49 5
71 4
33 0
33 3
33 1
33 3
33 5
48 3
42 2
41 1
41 3
39 4
32 1
32 0
31 0
31 4
31 1
31 4
31 3
31 1
31 2
31 3
31 2
31 3
31 4
31 3
31 3
31 0
31 4
31 4
31 3
31 0
31 0
31 5
49 2
49 4
31 3
31 4
31 4
31 3
31 3
31 4
31 4
31 3
31 0
31 4
31 4
31 3
31 2
31 1
31 1
31 3
31 4
31 4
31 1
31 0
31 2
31 5
49 4
31 0
31 1
31 3
31 4
31 3
31 3
31 4
31 2
31 3
31 5
40 2
40 5
54 3
44 5
62 3
55 0
55 1
55 3
51 1
51 5
85 3
77 0
77 2
74 4
36 3
35 3
35 1
35 3
35 3
35 0
35 1
35 0
35 4
34 1
34 2
34 5
39 3
36 1
36 0
36 5
55 3
49 3
48 0
48 1
48 1
48 5
79 3
71 2
69 2
67 3
66 3
66 3
66 5
114 2
111 3
105 2
103 3
102 0
102 4
34 4
34 3
33 1
33 1
33 3
33 2
33 3
32 3
32 0
32 1
32 0
32 5
51 4
33 3
33 1
33 5
38 2
38 0
38 5
55 4
32 1
32 2
32 5
40 4
34 0
33 4
33 2
33 0
33 0
33 4
33 3
33 3
33 4
33 2
33 1
33 1
33 2
33 1
33 5
39 1
39 3
33 4
32 0
31 3
31 3
31 2
31 5
49 1
47 5
64 5
83 5
103 3
90 4
37 5
34 1
34 4
32 2
32 0
32 1
32 4
32 3
34 1
34 3
32 4
32 4
32 5
36 5
45 2
45 0
45 1
45 3
40 4
32 0
32 2
32 3
32 2
31 3
31 2
31 2
31 3
31 2
31 2
31 3
31 1
31 4
31 1
31 5
36 4
33 5
35 3
33 4
31 1
31 2
31 5
38 5
52 5
68 0
68 3
55 3
49 4
33 3
33 0
33 2
33 0
33 1
33 0
33 3
32 3
32 4
32 5
38 5
52 5
71 5
87 4
36 0
33 3
32 4
31 0
31 3
31 2
31 0
31 3
31 1
31 3
31 2
31 0
31 5
48 2
48 4
31 5
39 3
34 0
34 0
34 4
32 0
32 3
32 0
32 2
32 3
32 5
49 0
49 2
46 1
46 3
41 5
59 5
83 0
83 3
71 3
70 3
66 5
112 3
104 5
166 5
230 3
222 2
218 3
215 1
215 0
215 3
212 3
211 3
211 3
210 3
210 3
209 5
367 4
37 4
35 3
33 1
33 1
33 5
33 1
33 0
33 3
33 3
33 4
32 2
32 4
32 3
32 3
32 0
32 4
32 3
32 3
32 3
32 2
32 5
36 3
33 0
33 3
33 1
33 5
51 5
67 0
67 3
51 1
51 4
35 2
34 2
34 3
34 5
37 4
32 1
32 3
32 4
32 3
32 3
32 4
32 4
32 0
32 2
32 4
32 3
32 3
32 0
32 4
32 2
32 3
32 3
32 5
37 0
37 1
37 5
54 5
72 2
66 0
66 2
62 1
62 2
61 3
47 0
47 0
47 3
44 4
36 4
36 4
36 5
41 2
40 5
56 0
56 3
50 3
46 0
45 4
34 5
34 0
34 0
34 2
34 4
33 0
32 3
32 3
32 5
48 2
46 3
39 3
39 3
39 1
39 5
61 4
32 2
32 3
32 3
32 4
32 3
32 3
32 0
32 2
32 3
32 3
32 2
32 5
46 3
41 2
40 4
33 1
33 5
35 5
47 0
47 1
47 0
47 0
47 0
47 2
45 1
45 4
33 0
33 4
33 5
37 0
37 0
37 5
52 4
35 2
33 5
37 2
37 0
36 4
32 1
32 1
32 0
32 4
32 3
32 1
32 2
32 5
37 1
35 5
45 5
64 1
64 3
52 5
78 2
76 0
76 1
74 3
64 5
99 3
93 3
90 3
89 0
89 5
152 2
149 5
212 3
206 3
205 3
204 4
40 3
36 3
36 4
36 1
36 5
35 5
46 3
41 0
41 5
62 3
52 5
82 3
73 3
72 1
72 5
123 0
123 5
176 4
39 4
39 3
36 1
36 3
34 4
33 1
33 4
33 3
33 3
33 5
33 2
33 3
33 1
33 0
33 4
32 4
32 3
32 3
32 5
36 1
36 0
36 3
35 4
32 3
32 3
32 3
32 2
32 2
32 5
36 3
36 0
36 3
36 4
34 0
33 5
49 1
49 2
49 3
40 1
40 3
40 1
40 4
35 0
34 3
34 2
34 1
34 3
33 4
31 5
36 4
31 5
36 3
36 3
35 2
34 3
34 3
34 1
34 1
34 3
34 4
31 0
31 4
31 5
36 1
36 1
36 0
36 2
36 2
33 3
33 2
33 2
33 0
33 5
49 3
40 4
33 1
33 0
31 4
31 5
38 3
34 0
34 2
33 4
31 3
31 4
31 4
31 5
38 3
34 4
32 1
32 0
32 2
32 2
32 4
32 0
32 3
31 0
31 1
31 2
31 3
31 3
31 5
47 1
47 4
32 5
37 1
37 4
31 2
31 5
38 5
54 3
47 4
34 3
34 0
33 3
33 4
32 1
32 3
32 4
32 3
32 3
32 4
32 3
32 5
35 3
34 4
33 3
33 0
32 4
32 2
32 3
32 0
32 3
32 3
32 5
46 5
61 0
61 3
52 5
77 1
76 0
76 4
33 5
36 4
32 5
36 5
47 5
59 1
58 1
58 3
50 1
50 3
45 3
43 2
42 3
41 4
31 0
31 3
31 0
31 0
31 3
31 3
31 0
31 3
31 1
31 5
49 5
66 2
62 1
62 2
57 0
57 4
33 3
33 0
32 5
46 3
41 0
41 5
63 3
55 3
53 3
52 4
34 3
34 4
33 3
32 5
36 0
36 3
35 2
34 1
34 4
32 2
32 3
32 1
32 4
32 0
32 2
32 2
32 0
32 2
32 5
48 3
41 4
33 0
33 3
33 2
32 0
32 2
32 0
32 3
32 1
32 3
32 3
32 0
32 0
32 3
32 4
32 3
32 4
32 0
32 3
32 2
31 4
31 3
31 5
37 0
37 1
37 3
35 4
31 0
31 4
31 2
31 3
31 4
31 3
31 0
31 1
31 4
31 0
31 3
31 3
31 3
31 4
31 4
31 3
31 1
31 2
31 3
31 3
31 4
31 3
31 2
31 4
31 2
31 5
40 3
38 2
37 5
51 4
32 4
32 3
32 3
32 3
32 5
39 3
37 3
37 2
36 5
52 5
71 4
35 5
36 5
53 5
72 0
72 2
71 0
71 3
53 0
53 3
47 3
46 5
73 0
73 3
67 1
67 0
67 4
31 5
36 3
35 1
35 1
35 2
34 3
34 4
31 2
31 5
36 5
53 3
45 3
43 1
43 1
43 3
43 0
43 3
43 1
43 1
43 4
31 5
36 3
35 3
35 1
35 0
35 5
58 0
58 3
50 0
50 3
50 2
49 1
49 3
49 0
49 3
49 2
48 2
47 4
34 5
36 2
34 3
34 5
50 4
33 0
32 1
32 2
33 4
32 3
32 1
32 2
32 1
32 2
32 4
32 2
32 0
31 4
31 2
31 5
38 2
38 3
35 1
35 1
35 1
35 2
34 2
33 3
33 3
33 2
33 1
33 3
33 3
33 5
47 3
40 3
39 3
39 2
38 3
38 3
38 5
58 3
53 5
84 5
117 0
117 3
106 1
106 1
106 4
31 3
31 0
31 0
31 1
31 4
31 3
31 1
31 1
31 4
31 3
31 2
31 3
31 4
31 4
31 2
31 3
31 2
31 0
31 3
31 2
31 0
31 2
31 2
31 3
31 0
31 3
31 4
31 4
31 4
31 1
31 4
31 3
31 2
31 0
31 4
31 2
31 2
31 4
31 3
31 1
34 1
34 3
31 0
31 2
31 1
31 4
31 5
36 3
35 5
53 5
73 3
62 4
32 3
31 4
31 2
31 3
31 5
37 5
54 1
54 2
51 4
32 5
36 5
49 1
48 4
32 3
32 1
32 4
32 0
32 1
32 3
32 0
32 3
32 0
32 0
32 0
32 2
32 5
45 2
45 4
32 1
32 4
32 3
32 3
32 5
36 4
32 5
36 2
36 5
48 4
32 5
38 2
38 2
38 0
38 3
35 5
43 5
60 3
54 1
54 0
54 4
35 5
39 3
36 4
33 4
32 5
39 5
54 3
46 2
45 2
44 4
38 4
37 3
34 2
34 3
34 4
34 3
34 2
34 3
34 0
33 0
33 0
33 4
33 5
40 5
54 5
70 1
67 4
36 4
35 4
35 4
35 5
36 5
48 3
45 1
45 2
44 4
38 2
36 4
36 5
37 1
37 3
37 4
36 0
36 0
36 3
36 2
36 4
36 5
37 2
37 0
37 -1
79 0
73 3
69 0
68 3
67 0
67 5
109 2
105 4
36 2
35 2
34 5
36 1
36 3
34 1
36 2
35 2
33 4
33 3
33 3
33 4
32 5
35 4
32 5
36 0
36 5
51 1
51 1
51 2
50 0
50 3
42 3
41 2
40 1
40 5
61 1
65 5
86 5
109 5
134 1
134 5
161 0
161 3
148 1
148 3
143 2
136 5
188 5
244 2
235 5
291 5
346 5
399 4
48 5
43 1
44 2
41 1
42 1
42 0
42 5
60 0
60 3
56 4
35 0
34 2
35 2
37 5
51 5
66 4
35 5
40 4
36 2
37 3
35 5
36 5
49 1
48 0
48 3
39 4
32 3
32 5
36 0
36 2
36 5
47 1
47 3
41 0
41 4
32 5
35 1
38 0
37 5
54 0
54 5
71 1
71 5
91 4
36 2
34 3
34 4
34 4
34 0
34 2
35 2
37 3
36 3
36 4
35 4
34 5
35 5
45 3
38 2
37 0
37 2
36 3
36 4
35 3
35 4
34 5
35 1
36 2
35 3
35 5
43 3
38 4
35 4
35 0
35 5
48 2
48 3
40 1
41 4
36 1
38 3
35 4
34 0
34 2
34 1
36 2
34 4
34 5
39 1
37 2
36 1
36 0
36 0
36 2
38 5
52 3
43 1
45 3
41 5
56 1
56 5
78 1
79 4
35 5
38 3
37 0
37 4
34 3
34 3
34 4
34 5
37 3
36 2
35 4
35 4
34 2
35 2
42 1
42 4
42 0
41 3
34 4
34 5
37 0
37 2
38 0
38 4
34 2
35 4
35 0
35 1
35 0
35 5
44 5
55 2
62 5
76 2
70 1
64 2
63 3
40 5
49 0
49 5
68 2
62 5
84 0
84 1
79 4
35 0
35 5
44 3
41 3
37 3
37 2
37 5
46 4
36 1
40 4
39 1
39 4
39 5
40 0
40 5
55 4
38 4
37 1
39 1
39 2
37 2
35 0
35 4
35 5
39 5
51 0
51 4
35 2
36 1
38 5
41 1
42 5
55 4
36 1
36 1
36 4
36 5
38 0
38 1
39 3
36 4
35 3
35 3
35 0
35 2
36 3
35 4
34 4
34 0
34 2
35 5
47 0
47 4
34 3
34 3
34 3
34 5
38 4
34 2
35 3
36 2
35 1
35 1
36 5
40 4
34 1
36 3
37 0
37 2
36 5
51 4
35 5
39 3
37 3
37 3
37 5
45 4
34 0
34 2
35 4
34 3
37 2
36 4
36 3
39 4
38 0
37 4
34 1
34 4
34 4
34 1
34 2
34 5
37 0
37 0
37 2
39 3
35 4
34 2
34 3
34 0
34 4
34 4
34 4
34 2
34 5
38 5
50 0
50 1
50 4
35 5
39 1
39 0
39 5
52 0
52 1
51 4
34 3
35 5
39 2
37 4
34 1
34 3
37 5
37 2
38 2
37 1
38 5
50 0
50 2
49 2
59 0
59 2
56 0
56 4
46 1
46 2
46 1
48 2
51 5
52 0
52 4
46 5
50 5
54 3
38 2
37 4
35 5
37 5
48 4
34 4
34 3
37 3
37 4
37 0
37 5
53 2
50 0
50 2
48 0
48 1
46 5
63 0
63 2
59 4
38 2
38 4
38 3
35 1
36 2
35 4
34 1
34 2
35 1
35 2
35 3
37 1
37 0
36 1
36 3
35 1
36 2
35 1
37 5
45 2
44 5
62 3
46 2
45 4
36 3
35 3
35 4
34 1
34 2
34 5
38 0
38 3
36 0
36 0
36 5
51 1
50 3
43 2
42 5
50 4
38 0
37 5
52 4
36 4
35 4
35 3
36 5
37 0
37 4
35 5
38 2
38 1
38 2
38 5
50 5
67 5
85 3
57 0
57 2
56 2
54 5
78 5
107 3
91 0
91 1
91 3
85 2
82 5
133 0
133 5
185 5
238 4
37 1
37 5
39 1
42 5
52 2
50 1
49 1
49 4
36 3
39 3
36 1
36 5
37 1
38 4
36 1
36 5
37 2
37 4
36 4
36 4
36 3
39 2
38 5
39 3
39 0
39 2
37 4
35 3
35 5
37 3
37 3
37 2
36 0
36 4
34 4
34 2
35 2
35 2
35 3
37 4
36 2
37 5
34 4
34 2
34 3
34 5
36 1
36 1
36 2
36 0
36 5
47 5
63 2
63 4
35 3
34 3
34 4
34 3
37 5
36 1
37 1
38 0
38 2
37 0
37 0
37 0
37 3
36 3
34 2
34 2
34 0
34 4
34 5
40 5
54 1
54 2
51 4
38 3
37 3
37 1
37 3
37 0
37 3
37 4
37 0
37 1
38 1
38 4
36 1
36 3
39 4
38 4
38 2
37 3
43 3
42 5
39 2
39 2
37 1
37 3
37 2
37 3
37 1
37 4
37 3
41 5
38 2
38 2
37 3
36 2
37 4
36 5
38 4
36 3
36 3
36 2
36 2
37 5
40 5
48 1
48 2
48 0
48 0
48 1
46 4
37 3
37 5
38 1
39 0
39 3
39 2
38 1
39 1
39 2
38 5
53 2
53 2
54 4
36 5
39 0
39 0
39 1
39 2
38 0
38 0
38 3
35 1
35 1
37 0
36 4
33 5
36 0
36 2
37 4
35 4
34 3
37 2
37 3
35 1
36 4
36 5
36 3
36 3
36 0
36 5
48 5
66 2
63 3
52 2
50 0
50 3
49 1
49 4
36 2
36 5
38 3
37 5
45 0
45 3
42 2
41 3
41 0
41 1
42 2
41 3
40 4
36 3
35 5
39 1
39 5
53 5
71 3
47 5
68 0
68 4
36 2
36 5
40 0
40 1
42 4
36 5
35 3
35 5
47 1
47 4
34 2
34 2
35 2
36 2
36 1
36 0
36 4
36 4
36 4
36 4
36 2
36 3
37 2
36 4
36 4
36 2
36 1
36 4
36 4
36 2
36 3
38 3
37 3
38 4
37 5
36 0
36 3
35 1
36 1
36 2
35 0
35 4
35 0
35 0
35 5
51 2
51 4
35 4
34 3
34 4
34 2
35 5
39 5
46 5
60 2
61 4
35 3
34 3
34 3
34 5
38 3
35 3
35 0
35 0
35 1
35 3
35 4
34 2
35 0
35 2
36 1
36 5
44 3
40 4
35 0
35 4
34 4
34 1
34 3
37 3
34 1
34 4
34 5
37 3
35 4
34 5
37 1
38 3
35 4
34 5
37 3
35 0
35 2
35 2
35 0
35 0
35 1
35 2
35 5
50 3
43 5
58 2
56 1
56 0
56 2
53 5
71 4
38 2
38 4
38 0
35 2
35 5
49 2
49 0
49 0
49 5
63 3
47 0
46 2
44 5
59 1
59 2
55 0
55 3
47 4
34 3
33 0
33 1
33 0
33 1
33 1
33 4
32 2
32 4
32 4
32 5
34 3
34 3
34 4
32 1
32 3
32 3
32 0
32 2
32 4
32 3
32 5
34 4
33 4
33 0
32 3
32 1
32 2
32 3
31 5
46 1
46 3
39 2
38 1
38 2
37 4
31 3
31 1
31 4
31 3
31 1
31 0
31 3
31 1
31 1
31 1
31 2
31 1
32 0
32 1
32 4
31 4
31 5
41 5
56 4
33 5
38 5
52 4
32 5
37 1
35 4
32 3
32 3
32 5
37 1
37 4
32 0
32 5
47 4
32 2
32 3
32 2
33 5
39 0
39 3
34 4
33 3
33 3
33 4
33 1
33 4
33 3
33 2
33 3
33 4
33 0
32 3
32 3
32 5
47 4
32 5
37 4
32 1
32 2
32 2
32 3
32 3
32 5
37 0
37 3
33 5
48 0
48 2
48 0
48 3
40 4
32 3
32 3
32 5
38 5
52 5
70 0
70 1
69 4
34 5
36 3
33 4
31 4
31 4
31 4
31 2
31 3
31 3
31 2
32 3
31 3
31 5
36 4
33 4
33 0
31 4
31 2
31 4
31 4
31 1
31 3
31 0
31 1
31 4
31 1
31 5
36 3
34 4
33 0
33 1
33 5
47 3
45 3
42 2
41 4
32 4
32 4
32 4
32 0
32 3
32 4
32 4
32 5
38 2
38 2
38 5
51 2
51 5
68 3
53 3
47 5
71 5
99 1
99 0
99 0
99 2
95 3
85 5
122 5
166 4
40 1
40 3
39 0
36 5
50 4
37 2
37 1
37 0
37 3
35 3
35 4
33 5
36 4
33 5
36 5
46 4
33 0
33 0
33 0
33 3
33 4
33 5
34 0
34 4
33 0
33 1
33 0
33 4
33 5
37 4
34 5
34 1
34 2
34 0
34 2
34 4
33 4
33 3
33 4
33 0
33 0
33 0
33 4
33 4
33 3
33 3
33 4
33 1
33 4
33 0
33 1
33 0
33 5
47 3
41 2
40 0
40 3
40 5
61 4
34 5
37 4
33 3
33 3
33 2
33 5
36 5
46 0
46 4
33 4
33 5
35 5
48 4
34 3
34 5
37 4
34 0
34 3
34 4
34 0
34 5
46 4
34 1
34 3
34 4
34 2
34 4
34 4
34 0
34 3
34 3
34 4
34 4
34 3
34 2
34 2
34 3
34 5
35 0
35 3
35 1
35 3
32 3
32 5
40 5
55 4
35 0
32 5
48 1
47 4
32 3
32 4
32 3
32 3
32 5
35 1
35 3
35 2
34 4
33 0
33 0
33 3
32 4
32 3
31 5
37 0
37 1
36 2
35 5
53 5
71 2
67 4
34 1
34 5
36 1
36 1
36 2
36 4
34 5
36 2
36 1
36 5
47 1
47 4
34 2
34 4
34 1
34 3
33 1
33 5
38 3
33 5
48 3
39 0
39 5
64 3
61 4
40 5
44 4
35 3
35 2
35 5
37 2
37 2
37 5
49 2
49 0
49 3
43 0
43 1
43 0
43 0
43 3
43 5
69 0
69 3
61 3
58 4
38 5
38 3
38 0
38 0
38 1
38 5
60 3
52 3
50 2
49 2
48 0
48 5
79 3
72 3
72 5
120 0
120 4
43 3
38 4
38 2
38 3
38 4
38 4
38 5
37 5
42 1
42 1
42 2
42 4
35 2
35 4
35 5
36 0
36 5
51 5
67 2
62 3
51 5
67 5
88 2
84 3
73 3
65 4
32 2
32 5
38 4
31 0
31 5
47 3
40 5
61 3
54 2
52 4
32 4
32 4
32 3
31 3
31 0
31 4
31 4
31 5
38 3
35 1
35 4
31 0
31 5
47 3
39 5
61 0
61 3
54 5
88 5
122 3
114 3
110 4
33 4
33 4
33 2
33 3
32 5
35 1
35 4
33 4
33 5
36 5
49 2
48 2
48 1
48 0
48 0
48 1
48 2
46 0
46 3
36 3
36 2
35 5
49 0
49 5
67 3
59 3
55 0
54 4
35 1
35 3
33 4
31 4
31 1
31 5
37 3
34 2
33 3
33 3
33 2
32 4
31 5
39 1
39 0
39 0
39 3
34 4
33 4
33 0
32 3
31 2
31 5
47 4
34 4
34 2
33 4
33 2
33 2
33 4
33 2
33 4
33 4
33 3
33 1
33 4
33 4
33 0
32 5
46 4
32 4
32 3
32 1
32 5
36 5
48 0
48 4
32 4
32 3
32 4
32 5
36 5
48 3
41 5
57 4
33 0
33 5
49 5
67 2
61 4
36 1
36 3
35 2
35 1
35 3
35 4
34 4
34 5
35 0
35 1
35 1
35 0
35 5
49 2
49 4
35 0
35 4
35 4
34 2
34 0
34 1
34 3
34 3
34 3
34 3
34 1
34 3
34 4
34 3
34 4
34 4
34 4
34 5
37 4
34 3
34 3
34 5
37 1
36 3
35 2
35 0
35 1
35 5
50 1
47 3
40 2
39 3
37 5
55 1
55 4
32 3
32 5
37 2
37 5
52 3
48 1
48 5
69 5
94 4
35 3
35 2
35 5
34 2
34 3
34 4
33 0
33 4
33 3
33 3
33 2
33 3
33 2
33 1
33 3
33 3
33 5
36 3
36 1
36 3
35 2
34 1
34 4
32 2
32 2
32 2
32 4
32 1
32 5
36 5
47 3
42 5
55 0
55 0
55 3
49 3
49 3
48 0
48 1
48 3
47 2
46 4
34 4
33 1
33 1
33 5
36 2
36 0
36 4
32 0
31 4
31 1
31 4
31 1
31 4
31 2
31 4
31 3
31 5
38 5
54 3
45 4
33 2
33 3
32 2
32 3
32 3
32 3
32 0
32 2
32 0
32 3
32 5
43 3
37 4
33 3
33 1
33 4
33 4
33 4
33 2
33 5
36 4
32 4
32 3
32 4
32 2
32 0
32 0
32 4
31 3
31 4
31 4
31 5
38 4
32 0
31 3
31 4
31 4
31 4
31 3
31 0
31 0
31 4
31 4
31 2
31 4
31 1
31 3
31 2
31 3
31 5
40 4
31 3
31 0
31 3
31 1
31 4
31 0
31 5
49 3
42 2
41 5
60 2
56 2
53 4
32 4
32 3
32 3
32 3
32 1
32 3
32 3
32 5
36 4
32 3
32 3
32 5
36 0
36 2
36 1
36 0
36 3
33 5
44 0
44 1
43 0
43 5
63 2
59 4
35 4
34 4
34 1
34 5
36 5
45 3
40 4
35 5
34 5
43 4
32 3
34 3
32 3
34 3
32 0
32 5
42 1
42 3
37 4
32 5
36 5
49 0
49 5
65 3
49 5
69 2
65 3
58 3
55 3
55 3
55 3
55 5
95 0
95 0
95 3
87 0
87 0
87 1
87 0
87 4
35 5
35 1
35 3
35 3
35 2
34 0
34 5
54 5
75 0
75 2
72 3
60 4
38 5
39 3
37 1
37 3
37 3
35 3
35 3
35 2
34 5
46 0
46 3
41 1
41 2
40 2
39 0
39 3
39 3
39 3
39 4
31 2
31 5
40 4
33 3
32 4
31 3
31 2
31 2
31 2
31 5
37 5
50 2
49 4
31 5
38 5
52 4
31 4
31 4
31 3
31 3
31 1
31 3
31 0
31 1
31 3
31 3
31 3
31 4
31 3
31 2
31 1
31 1
31 3
31 5
37 3
36 2
35 1
35 2
35 5
50 5
66 1
65 4
34 0
32 3
32 4
32 3
34 2
33 2
33 4
33 1
33 5
35 3
34 2
33 2
33 4
32 0
32 3
32 3
32 0
32 4
32 3
32 0
32 4
32 1
32 2
32 3
32 5
37 0
37 0
37 3
33 5
46 3
39 2
38 0
38 2
37 5
58 3
51 4
33 1
33 5
34 5
46 3
40 3
39 2
38 2
37 3
37 0
37 4
33 0
33 3
33 4
32 0
32 1
32 1
32 4
32 4
32 4
32 4
32 0
32 4
32 2
32 3
32 2
32 1
32 4
32 3
32 1
32 4
32 5
36 0
36 0
36 5
51 3
43 5
62 3
54 4
37 4
35 5
35 3
35 5
48 4
36 5
38 4
35 2
35 2
35 0
34 3
33 4
32 2
32 4
32 3
32 5
35 3
34 0
34 2
33 4
32 4
32 3
32 0
32 4
32 0
32 3
32 3
32 4
32 2
32 2
32 0
32 4
32 3
32 0
32 3
32 2
32 4
32 1
32 4
32 3
32 1
32 1
32 2
32 0
32 4
32 0
32 2
32 4
32 3
32 2
33 0
32 1
32 0
32 4
32 5
37 5
51 2
51 3
37 3
37 1
37 0
37 2
36 3
36 0
36 3
36 4
33 2
33 1
33 3
33 3
33 3
33 4
33 0
32 3
32 4
32 5
35 3
34 3
34 3
34 0
34 5
51 4
33 4
32 0
32 1
32 1
32 5
46 3
42 2
41 1
41 4
34 1
34 3
32 3
32 5
35 5
50 4
32 5
36 3
34 5
45 4
32 1
32 3
32 4
32 2
32 2
32 2
32 3
32 5
36 3
34 4
33 2
33 2
33 2
33 5
34 2
34 3
33 5
42 4
32 1
32 3
32 5
36 3
33 2
33 5
43 4
32 0
32 5
46 5
61 4
32 1
32 2
32 0
32 0
32 2
32 2
32 1
32 3
32 4
32 3
32 1
32 4
32 3
32 3
32 1
32 3
32 4
32 0
32 3
32 1
32 4
32 2
32 5
35 3
33 0
33 3
33 3
33 0
33 3
33 4
32 0
32 3
32 5
46 4
32 1
32 2
32 2
32 1
32 3
32 5
36 4
32 1
32 0
32 1
32 0
32 2
32 5
46 5
61 2
57 3
49 4
33 3
33 2
32 0
32 3
32 0
32 5
45 5
60 4
32 3
32 3
32 2
32 3
32 4
32 1
32 3
32 1
32 2
32 0
32 0
32 2
32 4
32 3
32 4
32 3
34 4
33 4
33 3
33 4
33 4
33 4
33 0
33 1
33 5
45 4
34 3
36 4
35 3
35 2
35 3
35 4
34 2
34 0
34 5
44 5
61 3
43 1
43 0
43 5
63 3
56 0
56 2
54 2
52 3
47 3
46 0
46 0
46 2
45 5
74 2
71 4
33 4
33 4
33 3
32 2
32 1
32 1
32 0
31 2
31 3
31 3
31 1
31 4
31 5
38 4
32 5
35 4
32 4
32 4
32 0
31 5
46 4
31 5
37 3
34 4
32 3
32 3
32 3
32 4
32 5
36 4
31 4
31 3
31 3
31 5
38 5
53 4
32 1
32 3
32 1
32 0
31 5
46 3
41 5
62 2
60 4
32 4
32 1
32 2
32 4
32 2
32 1
32 0
32 4
32 2
32 2
32 0
32 4
32 0
32 5
48 2
47 1
47 3
39 1
39 3
39 1
39 4
33 0
32 3
32 4
32 4
32 2
32 3
31 5
40 5
58 3
47 1
47 0
47 5
72 2
69 4
33 2
33 2
33 3
33 0
33 0
33 5
50 3
44 3
42 3
42 2
41 3
41 -1
79 1
79 5
79 0
70 5
94 5
120 0
120 4
35 2
34 1
37 0
35 4
32 5
36 5
53 0
53 0
53 0
53 0
53 2
51 3
44 2
43 3
41 5
60 5
85 2
81 1
80 5
104 2
100 4
36 5
38 3
38 2
37 3
37 4
35 4
35 0
35 1
36 5
47 1
46 1
45 5
59 0
59 0
59 3
48 4
36 5
38 0
38 4
36 4
35 0
35 2
36 0
36 1
37 1
37 2
36 1
35 5
43 5
59 1
57 2
54 0
54 0
54 0
54 3
44 0
44 1
45 4
38 5
40 0
40 3
39 0
39 5
62 3
53 4
36 4
35 3
34 3
34 2
35 2
39 5
44 0
44 4
35 0
34 0
34 5
42 3
39 2
38 4
38 1
42 3
36 5
39 4
35 4
35 3
38 3
37 5
38 1
38 4
35 2
36 3
38 2
37 4
36 1
36 2
37 4
37 5
38 5
45 3
38 2
37 4
36 3
39 1
41 3
39 2
36 3
39 5
38 5
49 0
49 4
36 2
36 1
36 1
36 3
43 3
37 4
37 1
37 1
37 0
36 1
37 3
37 1
40 3
36 4
35 4
35 4
35 2
36 4
36 3
37 3
35 0
33 2
34 1
33 0
33 4
32 3
32 2
33 3
32 0
32 1
32 5
46 1
43 4
32 5
37 3
33 3
33 0
32 1
33 3
32 2
33 0
33 1
34 0
34 2
36 5
51 4
32 2
34 0
34 2
37 3
36 3
35 2
36 5
45 4
34 3
34 3
34 0
34 4
34 5
34 3
34 0
34 2
34 0
34 4
32 4
32 4
32 3
32 4
32 2
33 3
32 3
32 0
32 1
33 1
34 0
34 1
34 5
50 0
50 1
50 3
45 4
35 1
37 1
37 4
36 2
35 0
34 0
34 0
34 1
35 1
35 2
34 4
31 4
31 1
31 0
31 1
32 1
34 3
32 1
33 4
33 5
34 1
35 4
33 0
32 3
32 2
33 3
33 3
33 0
33 1
34 3
32 5
45 1
45 1
45 5
63 3
53 4
36 2
34 1
34 4
34 3
34 4
34 2
35 3
34 3
34 2
34 3
34 2
35 0
34 5
48 5
62 4
33 1
33 1
33 5
39 2
39 4
33 3
32 0
32 3
32 1
33 3
32 4
32 3
32 3
32 0
32 1
34 3
32 5
46 5
63 0
63 2
59 1
58 2
57 0
57 2
56 3
41 3
38 5
57 4
33 0
33 5
50 0
50 3
41 3
39 5
59 2
57 1
57 4
33 0
33 0
33 4
33 1
33 1
33 3
33 5
38 4
32 3
32 1
36 5
36 4
32 1
32 1
32 1
32 3
32 1
32 3
32 0
32 4
32 3
32 0
32 5
46 2
46 4
32 3
32 0
32 2
33 4
32 3
32 4
32 1
32 5
36 2
36 4
32 0
32 3
32 4
32 4
32 4
32 0
32 5
46 0
46 1
45 4
32 3
32 4
32 4
32 1
32 0
32 3
32 4
32 2
32 4
32 5
35 2
36 2
37 1
37 3
36 0
36 5
49 4
34 2
35 5
41 3
37 4
34 4
34 4
34 2
34 5
41 3
38 0
38 2
38 5
53 1
53 2
51 4
36 2
35 0
35 5
49 4
34 2
35 0
35 0
35 1
37 3
34 4
34 0
33 1
33 3
33 3
33 4
32 3
34 3
32 0
32 2
33 2
35 1
36 4
35 3
34 4
34 3
37 3
35 5
36 3
35 1
35 1
35 1
35 1
37 2
35 1
35 3
35 3
35 0
32 1
32 4
31 4
31 4
31 3
31 0
31 5
45 3
41 1
41 2
40 5
57 2
55 3
49 3
46 0
46 2
45 3
45 4
34 2
35 1
35 2
36 3
34 3
34 2
35 3
34 3
34 3
34 1
34 4
33 3
33 0
33 5
49 4
34 4
32 4
32 3
34 2
35 1
35 1
35 2
36 2
34 3
34 0
33 4
32 4
32 5
34 3
34 4
32 4
32 2
32 5
34 0
34 4
33 2
34 1
34 1
34 1
34 4
34 4
34 3
33 2
33 1
33 0
32 2
33 4
31 4
31 5
37 3
34 5
50 2
48 2
46 0
46 4
33 3
32 0
32 5
47 0
47 3
41 0
41 2
40 0
40 2
39 1
39 4
32 3
32 2
31 2
32 2
32 5
36 3
34 2
33 4
31 3
31 3
31 2
31 5
38 4
31 2
32 0
32 3
31 3
31 3
31 4
31 1
31 3
31 0
31 5
45 4
31 0
31 3
31 4
31 0
31 2
32 3
31 2
32 2
34 3
33 3
33 3
33 4
32 4
32 2
32 4
32 0
32 3
32 4
32 1
32 1
32 4
32 2
33 4
33 0
33 0
33 1
34 0
34 0
34 0
34 5
45 4
35 2
35 3
34 3
34 0
32 5
46 1
46 3
42 2
41 3
40 4
34 0
33 1
34 2
33 1
33 0
33 0
33 2
34 1
34 5
49 5
66 2
67 5
82 1
80 5
95 4
37 4
37 5
38 2
38 3
35 4
34 4
34 1
34 4
34 4
34 1
34 3
36 0
34 4
33 0
32 1
33 3
32 5
42 3
37 3
37 3
35 4
31 3
31 4
31 2
31 0
31 3
31 3
31 2
32 0
32 1
33 2
33 0
33 0
33 2
33 1
33 2
33 0
33 4
31 3
31 0
31 3
31 5
46 3
40 5
59 2
56 1
56 1
56 1
55 4
32 0
32 0
32 2
33 0
33 0
33 1
34 0
34 2
33 2
32 0
32 2
32 2
34 0
34 1
35 3
32 0
32 0
32 0
32 1
34 5
47 0
47 2
45 2
42 2
41 3
37 4
33 2
33 5
35 1
36 0
36 3
34 5
54 4
33 3
33 3
32 3
32 4
32 3
32 2
33 5
37 2
37 0
37 3
33 4
31 4
31 2
32 4
31 3
31 2
32 0
32 3
31 0
31 0
31 3
31 2
31 4
31 5
39 2
40 4
31 4
31 5
37 3
34 4
31 2
32 3
31 5
38 3
37 3
35 5
50 0
50 3
45 5
66 3
59 3
56 4
32 0
32 3
32 5
50 4
32 2
32 4
31 0
31 3
31 2
31 0
31 3
31 4
31 3
31 1
31 4
31 5
38 0
38 3
34 4
32 3
32 4
32 1
32 4
32 1
32 1
32 4
32 3
32 3
32 0
31 2
31 0
31 4
31 2
31 2
31 1
31 5
40 5
58 4
33 0
32 0
32 5
43 2
43 3
40 5
56 1
55 4
33 3
33 3
33 3
33 5
39 5
53 3
43 3
42 2
41 3
41 2
40 0
40 5
60 3
55 4
37 4
36 0
34 3
34 3
34 3
34 5
47 3
42 3
40 5
63 4
36 2
34 2
34 4
34 2
35 2
35 1
35 3
34 5
35 3
35 4
34 1
34 4
34 3
34 4
34 2
34 3
34 3
34 3
34 2
34 3
34 4
34 4
34 5
35 3
35 5
43 2
42 0
42 4
34 5
36 1
36 4
34 3
34 1
34 4
34 1
34 1
34 5
34 0
34 3
33 3
33 2
32 0
32 5
46 4
34 3
34 4
34 4
34 5
36 5
48 4
35 1
35 5
36 1
36 0
36 4
33 5
37 0
37 3
34 4
32 5
37 4
33 1
33 3
33 3
33 5
37 2
37 3
34 0
34 1
34 3
34 3
34 1
34 5
52 4
32 3
32 4
32 4
32 4
32 0
32 3
32 0
32 3
32 3
32 4
32 4
32 4
32 5
35 1
35 0
35 3
33 5
45 3
39 4
32 4
32 1
32 5
35 2
35 0
35 3
34 4
32 0
31 4
31 4
31 5
37 4
31 3
31 4
31 2
31 0
31 1
31 4
31 3
31 4
31 2
32 0
32 4
32 5
39 4
32 4
32 4
32 4
32 2
32 0
32 1
32 5
44 4
32 0
32 3
31 5
42 5
59 4
35 5
37 3
36 2
35 3
34 3
34 4
33 5
35 2
35 4
33 4
32 5
37 2
37 0
37 2
37 4
32 4
32 5
36 2
36 3
34 3
33 1
33 3
33 5
42 3
38 4
32 0
32 0
32 3
32 5
42 2
42 5
59 3
48 5
73 1
73 5
103 3
95 0
95 2
92 1
92 5
132 0
132 5
174 4
39 1
39 2
38 0
36 3
36 4
34 1
34 0
34 4
34 4
34 5
37 5
49 3
45 3
43 0
43 0
43 1
43 4
32 3
32 4
32 4
32 4
32 2
32 4
32 5
37 2
37 3
36 2
35 1
35 4
33 2
33 1
33 2
33 0
33 3
33 2
33 1
33 0
33 1
33 1
33 5
49 5
66 3
52 3
50 2
48 0
47 3
45 1
45 1
45 3
45 4
33 3
33 4
33 4
33 2
33 4
33 5
37 2
37 0
37 3
35 2
34 1
34 4
32 3
32 0
32 0
32 4
32 2
32 5
37 1
37 3
36 4
33 4
33 5
35 5
49 1
48 0
48 2
46 3
42 1
42 2
41 0
41 2
40 5
60 1
60 1
60 2
57 5
77 0
77 4
38 0
34 2
33 4
32 4
32 2
32 2
32 3
32 3
32 1
32 4
32 3
32 0
32 0
32 0
32 1
32 2
32 1
32 3
32 5
46 3
42 5
62 5
85 0
85 0
85 3
74 3
71 3
68 0
68 1
68 1
68 3
66 5
118 4
33 5
38 0
38 0
38 3
38 5
57 3
51 4
32 4
32 4
32 3
32 4
32 4
32 0
31 3
31 3
31 4
31 4
31 0
31 5
46 4
34 0
33 3
32 2
32 3
32 5
47 1
46 5
66 3
54 2
52 3
51 1
51 2
50 4
37 0
34 5
53 1
53 5
71 0
71 4
35 1
35 3
33 5
37 3
34 4
31 0
31 2
31 3
31 2
31 5
45 0
45 2
45 0
45 5
62 4
34 5
39 5
50 5
68 4
34 1
34 4
34 4
34 1
34 4
34 5
36 4
33 5
34 5
45 2
45 2
45 5
59 5
74 1
72 3
52 5
77 3
68 0
68 2
66 4
39 4
37 0
36 4
35 4
34 1
34 2
34 5
38 0
38 5
52 3
42 4
38 3
37 3
37 2
37 3
37 0
37 3
35 2
34 5
46 3
42 5
59 3
53 5
80 2
77 2
74 4
32 3
32 5
35 3
34 5
49 3
42 0
42 4
31 1
31 0
31 2
31 5
45 3
39 2
38 0
38 5
60 1
60 3
53 4
32 0
31 3
31 2
31 1
31 0
31 0
31 4
31 3
31 2
31 1
31 3
31 2
31 4
31 3
31 0
31 0
31 3
31 5
46 3
41 0
41 3
41 3
41 0
41 0
41 1
41 4
34 3
33 5
36 2
34 5
52 4
32 5
34 3
34 5
49 5
69 4
34 3
33 0
31 4
31 3
31 0
31 3
31 3
31 4
31 3
31 1
31 5
35 5
53 5
71 4
36 2
36 1
36 3
36 1
36 3
36 2
36 2
35 2
34 2
34 1
34 4
34 3
37 4
36 3
39 3
39 3
39 4
38 5
36 1
36 2
36 0
36 2
36 4
36 4
36 2
36 3
38 1
38 1
38 5
38 3
38 0
38 1
38 3
37 4
35 1
35 0
35 3
34 2
34 2
34 5
44 0
44 2
42 4
32 4
32 4
32 2
32 3
34 5
37 3
36 3
36 0
35 4
33 1
33 4
32 3
32 3
32 0
32 4
32 2
32 1
32 3
32 3
32 4
32 3
32 4
32 4
32 0
32 5
47 5
63 4
32 5
36 2
36 1
36 5
48 2
48 4
32 1
32 5
37 5
51 1
51 5
68 2
66 3
44 0
44 4
35 5
36 5
46 4
33 1
33 3
33 1
33 3
33 2
33 1
33 1
33 0
33 1
33 0
33 4
32 2
32 3
32 4
32 3
32 4
32 5
36 3
33 1
33 3
33 3
33 5
44 0
44 0
44 4
32 5
36 1
35 5
47 2
45 2
45 3
41 3
41 1
41 1
41 2
40 4
34 4
34 3
34 0
33 5
48 3
41 4
33 0
32 3
32 3
32 5
47 4
32 4
32 5
36 5
49 0
49 2
48 5
63 2
59 5
75 3
55 1
55 5
71 0
71 3
65 3
63 4
41 5
44 4
36 0
36 4
35 2
35 3
35 1
35 3
35 2
35 5
35 3
34 4
32 1
32 4
32 3
34 2
34 4
33 4
33 4
33 4
33 0
32 2
32 5
44 4
32 0
32 3
32 2
32 4
32 1
32 0
32 2
32 5
44 2
44 4
32 3
34 4
33 4
33 2
33 0
32 4
32 5
35 1
35 1
35 4
32 0
32 3
32 0
32 0
32 0
32 3
32 1
32 2
32 5
44 3
39 5
52 5
71 5
91 5
110 5
132 3
126 4
40 5
37 4
36 0
36 5
47 0
47 5
65 3
50 2
49 2
47 2
46 3
44 1
44 3
43 3
43 3
43 0
41 4
34 1
34 4
33 0
32 0
32 2
32 2
32 0
32 4
31 1
31 3
31 0
31 3
31 1
31 3
31 5
46 3
42 2
41 5
63 3
58 5
80 3
77 3
73 4
32 1
32 4
32 0
32 0
32 2
32 1
32 3
32 1
32 5
49 1
49 4
32 4
31 4
31 2
31 3
31 0
31 4
31 4
31 0
31 2
31 0
31 5
48 3
42 3
40 1
40 5
57 2
54 4
33 3
33 5
36 0
36 3
34 5
51 4
34 4
34 4
34 2
34 2
34 4
33 0
32 1
32 4
32 5
34 0
34 0
34 4
33 2
33 5
34 5
49 4
33 4
33 5
35 4
31 3
31 2
31 3
31 3
31 0
31 1
31 3
31 4
31 0
31 0
31 0
31 5
48 0
48 4
31 3
31 4
31 3
31 3
31 2
31 4
31 4
31 4
31 4
31 0
31 0
31 0
31 3
31 5
49 3
44 5
66 0
66 2
64 1
64 2
62 5
84 2
80 4
35 3
32 2
32 2
32 3
34 5
35 4
34 3
33 0
33 0
33 4
32 1
32 0
32 1
32 2
32 0
32 4
32 4
32 0
32 5
42 3
37 4
32 0
32 0
32 0
32 5
46 1
46 2
46 3
40 5
57 3
51 0
51 5
78 2
75 1
75 3
67 4
37 3
37 2
36 3
36 2
35 5
35 1
35 3
35 2
35 3
34 4
34 1
34 1
34 1
34 3
34 3
34 5
37 4
34 3
34 0
34 4
33 3
33 0
33 3
33 2
33 0
33 0
33 1
33 1
33 0
33 1
33 5
47 0
47 3
43 0
43 2
41 2
40 0
40 1
40 1
40 3
39 4
33 5
35 4
33 0
33 2
33 0
33 5
49 5
67 0
67 2
67 3
55 1
55 4
34 3
34 2
33 4
33 3
33 1
33 4
33 5
35 0
35 4
33 1
33 3
33 1
33 5
36 1
36 2
35 3
35 5
43 3
39 0
39 5
62 4
35 5
37 5
51 4
32 4
32 3
32 5
35 5
45 2
44 5
60 4
32 4
32 0
32 5
42 0
42 1
42 3
38 1
38 3
37 4
33 2
33 3
33 3
33 2
33 4
33 4
33 3
33 0
32 0
32 0
32 4
32 2
32 3
32 4
32 4
32 5
34 2
34 0
34 4
33 0
32 3
31 5
46 2
46 4
32 4
31 1
31 0
31 5
42 0
42 0
42 4
31 4
31 3
31 5
37 4
31 3
31 4
31 3
31 4
31 3
31 5
37 2
37 0
37 0
37 1
37 1
37 5
53 2
50 3
41 0
41 2
40 4
34 4
34 3
34 4
34 2
34 2
34 3
34 4
34 2
32 2
32 3
32 3
32 2
32 5
36 5
49 3
41 0
41 4
32 4
32 3
32 3
31 0
31 5
44 2
44 1
43 4
31 0
31 5
44 4
31 4
31 5
37 2
37 4
31 4
31 5
37 4
31 5
37 5
50 1
50 1
50 5
64 4
31 3
31 2
31 3
31 4
31 4
31 4
31 1
31 4
31 2
31 0
31 2
31 2
31 5
44 2
44 2
44 0
44 1
43 3
39 4
32 3
32 1
32 5
38 0
38 0
38 3
36 0
36 5
53 4
36 1
36 2
35 4
35 3
35 5
35 5
44 4
32 3
32 5
36 3
33 0
33 3
33 4
32 5
36 5
49 3
39 5
57 3
51 2
50 4
32 3
32 5
37 4
31 2
31 0
31 1
31 3
31 2
31 4
31 1
31 5
37 0
37 4
31 4
31 5
37 0
37 1
36 5
53 0
53 3
46 5
72 4
32 5
35 0
35 5
55 3
47 0
47 3
44 4
31 2
31 3
31 5
40 3
38 4
31 0
31 5
47 1
47 1
46 1
46 4
32 4
32 0
32 4
32 0
32 2
32 5
48 4
32 3
32 3
31 1
31 0
31 5
49 4
32 2
32 3
32 3
32 1
32 0
31 2
31 4
31 1
31 0
31 3
31 1
31 0
31 3
31 2
31 4
31 1
31 4
31 2
31 3
31 4
31 2
31 5
40 2
38 4
33 0
32 1
32 0
32 4
32 5
36 2
36 0
36 3
33 0
32 0
32 5
47 3
41 0
41 3
39 3
39 5
66 2
62 5
87 0
87 0
87 0
87 0
87 3
81 0
81 1
81 5
121 0
121 0
121 5
159 0
159 0
159 0
159 4
35 5
39 4
34 4
34 0
34 0
34 0
34 3
34 3
34 0
34 0
34 4
34 3
34 0
34 2
34 3
33 0
33 5
46 5
62 0
62 3
52 5
76 1
76 4
32 3
32 0
32 1
32 4
32 2
32 4
32 5
37 3
32 3
32 5
41 4
32 0
32 5
48 0
48 1
48 4
34 0
33 2
33 1
33 2
33 4
32 3
32 1
32 5
37 4
32 3
32 0
32 2
32 4
32 -1
