5 3000
1426 1
1426 1
1426 2
1420 2
1415 1
1415 0
1112 1
1112 3
1028 3
1001 5
1435 3
1357 3
1330 1
1330 1
1330 1
1331 1
1331 5
2082 5
2880 0
2880 3
2768 1
2768 5
3725 2
3716 3
3668 0
3668 2
3661 4
619 2
613 3
569 5
637 4
523 1
523 1
523 4
517 2
515 5
575 1
575 4
507 2
506 5
588 2
586 2
584 2
582 0
581 3
557 4
529 5
572 5
712 1
712 0
712 4
503 1
505 1
506 5
565 1
570 0
570 1
571 4
496 1
496 1
500 5
564 0
564 0
564 4
492 0
489 5
626 1
626 0
626 0
626 3
558 0
558 0
558 0
558 3
553 3
551 0
551 0
551 0
551 5
787 4
506 1
506 3
509 4
497 2
495 3
507 4
505 2
505 2
504 1
507 3
515 2
511 0
497 0
497 5
636 1
642 0
640 5
828 2
822 1
823 5
1032 1
1029 4
535 1
538 4
536 4
536 2
531 0
519 1
525 2
524 4
505 0
498 2
496 5
621 4
497 4
497 4
497 3
520 0
510 0
510 2
507 3
503 0
501 1
502 4
489 0
489 1
491 4
488 5
568 5
722 3
606 0
604 4
508 5
582 3
542 1
543 2
539 5
690 3
625 0
624 4
514 3
503 2
501 0
499 3
501 3
502 3
498 2
496 4
491 5
580 3
540 4
489 3
490 3
490 0
489 0
489 3
492 5
641 2
638 4
495 3
488 0
487 0
487 0
487 5
633 1
632 2
629 5
818 0
818 2
813 2
807 0
807 1
806 4
510 2
509 2
507 2
506 2
504 2
503 4
502 0
496 2
496 2
496 0
496 0
496 2
496 5
627 0
627 1
626 4
495 0
492 5
626 4
495 2
494 1
497 3
515 5
570 4
500 4
499 0
495 4
491 0
491 2
491 5
620 2
619 1
616 2
615 4
490 1
493 0
492 2
492 0
492 0
492 3
501 5
612 2
610 0
610 1
611 1
611 2
609 3
541 4
496 5
568 1
567 3
534 0
530 1
534 4
504 3
527 2
512 1
520 4
513 4
513 0
495 0
495 2
493 3
501 2
496 0
496 4
490 0
490 0
490 4
489 3
516 1
519 4
512 3
515 4
514 3
536 2
534 3
505 2
503 1
506 2
503 1
503 4
503 5
559 4
498 4
497 1
497 5
563 2
561 0
561 0
561 4
494 4
494 0
493 0
493 5
628 3
559 5
719 1
719 2
716 0
716 4
500 3
499 3
498 5
565 2
562 4
492 1
494 2
492 2
492 4
492 5
565 2
563 5
711 3
589 4
507 1
507 3
537 4
533 3
512 2
510 2
510 2
509 2
507 4
506 3
519 0
505 3
501 0
501 2
499 3
499 4
494 2
493 4
493 1
495 0
495 2
494 0
494 3
501 0
500 2
499 4
493 0
493 5
635 0
635 3
563 0
562 4
506 5
576 3
535 1
535 2
533 4
498 0
496 2
495 3
498 2
497 5
643 2
632 0
632 5
828 4
510 4
506 3
540 2
533 2
528 0
513 4
503 1
507 0
502 2
501 4
497 0
497 4
495 1
501 1
501 0
499 2
498 3
506 4
501 0
498 4
494 4
494 3
548 1
548 2
543 3
508 3
507 4
504 2
503 2
502 1
509 0
504 4
498 2
498 5
578 4
497 4
497 4
497 0
495 3
502 0
498 3
498 0
498 4
492 1
493 3
516 0
502 3
502 1
503 0
502 1
503 1
505 0
505 4
492 3
533 2
509 2
504 1
506 2
504 4
501 3
516 5
556 4
491 3
507 2
502 2
498 2
496 0
492 4
489 5
557 0
557 4
491 1
491 2
491 4
491 2
491 2
491 0
491 5
624 4
496 0
494 1
499 4
496 4
496 5
551 5
692 2
689 0
689 2
686 4
503 0
502 4
502 1
504 4
503 5
570 2
570 5
715 3
569 3
549 2
539 2
538 3
546 3
534 1
534 4
495 4
492 4
492 2
491 3
537 3
499 2
492 4
491 4
491 2
490 1
493 2
492 5
580 4
492 3
517 4
517 4
517 2
513 0
494 3
496 0
496 2
495 2
494 4
489 0
489 3
495 1
496 1
497 3
492 5
628 3
566 5
729 1
729 2
724 0
724 1
724 3
653 0
653 2
651 5
959 0
959 4
514 4
505 3
533 2
509 1
509 5
566 4
495 0
492 1
492 1
494 2
493 1
495 4
489 4
489 3
507 1
508 5
557 4
494 2
494 0
490 4
485 0
485 3
489 2
488 4
486 0
485 2
485 1
486 2
485 2
485 2
485 1
488 2
487 2
486 4
486 2
486 1
488 1
488 0
486 4
484 4
484 2
484 0
484 0
484 5
621 0
621 2
618 4
490 5
572 4
487 4
487 3
501 0
492 4
487 3
511 0
490 1
491 2
490 3
490 1
491 4
484 3
494 0
488 1
491 1
491 2
490 4
484 1
486 2
483 4
482 1
482 4
482 0
482 3
482 2
482 2
482 2
482 2
482 2
482 2
482 1
483 2
482 5
617 3
551 0
546 2
544 4
500 5
584 1
585 0
585 5
790 4
505 4
501 4
501 1
501 5
558 2
556 5
710 5
901 0
901 3
691 0
688 0
688 2
685 1
686 0
682 4
527 5
577 2
575 5
730 0
730 2
726 3
612 4
511 3
520 2
516 3
528 2
507 5
582 2
580 3
533 4
497 2
496 0
496 2
495 4
490 2
490 3
512 5
569 3
525 2
524 4
488 0
486 3
497 2
495 0
492 3
494 0
493 3
494 2
493 4
485 2
485 4
485 5
574 3
529 1
531 4
497 5
556 2
554 1
555 4
490 2
489 2
488 2
487 5
574 0
574 0
574 0
574 4
487 2
486 0
486 2
485 2
485 2
485 4
485 4
485 3
501 0
496 2
492 2
491 2
490 1
491 2
490 4
482 2
482 4
482 1
484 1
486 4
485 1
485 4
485 3
498 2
494 2
491 4
491 4
491 3
499 4
498 3
499 0
490 2
488 5
631 4
490 4
490 2
489 4
489 1
489 3
499 3
501 2
499 4
498 5
560 2
558 5
700 5
886 3
682 0
679 0
679 5
947 3
822 1
823 5
1156 2
1151 2
1146 3
1047 0
1047 1
1047 2
1043 1
1043 2
1040 4
529 2
526 0
519 0
519 0
519 4
505 4
499 0
498 2
498 4
496 4
495 2
493 4
493 4
493 1
497 1
499 3
517 5
586 0
586 4
496 5
577 3
541 2
539 2
538 5
641 0
641 0
641 1
643 4
504 0
500 2
499 1
499 5
654 3
578 2
576 4
503 3
510 3
514 3
510 5
579 5
734 1
738 0
735 0
735 2
731 4
509 0
503 1
503 5
648 4
501 3
524 1
526 0
510 4
497 4
495 0
495 4
492 2
492 4
492 4
492 1
494 4
493 4
493 2
492 3
520 1
520 2
514 3
517 5
580 0
579 0
579 1
578 2
576 5
751 3
616 4
513 1
516 3
520 2
515 2
513 0
506 4
494 4
493 4
493 0
491 5
629 5
808 0
808 4
508 5
561 0
561 2
561 0
561 2
559 0
559 1
559 0
559 5
724 5
913 0
913 4
518 3
544 0
520 1
521 1
522 4
503 4
502 2
502 5
562 2
560 2
558 1
560 4
499 3
519 0
509 5
660 5
854 4
511 0
502 2
501 0
501 4
494 2
494 5
570 2
570 5
724 4
502 0
496 1
497 5
632 3
566 4
503 0
498 1
500 0
500 0
500 3
502 1
506 3
502 1
502 3
501 0
500 0
500 4
492 2
492 0
491 4
491 5
586 4
493 5
581 3
532 4
499 2
498 2
497 4
496 1
496 2
494 3
515 3
499 3
534 2
504 4
503 3
547 2
542 1
542 2
538 2
537 0
498 3
493 0
493 4
484 4
482 5
570 4
485 3
504 4
500 1
501 0
495 4
485 3
500 4
497 1
497 5
563 2
561 2
558 5
717 0
717 2
713 1
714 0
714 4
505 3
535 1
535 2
530 5
566 2
563 3
522 5
642 1
642 1
643 0
643 5
863 5
1099 4
516 4
514 1
514 3
515 4
511 3
538 3
518 1
518 0
505 5
643 0
643 2
636 1
636 0
636 0
636 0
636 5
822 0
822 4
498 0
495 2
495 0
495 4
493 3
547 4
546 4
546 1
546 5
563 4
497 2
497 2
496 4
496 3
540 2
519 2
514 5
575 5
708 3
595 4
506 2
505 2
504 4
502 0
495 3
499 1
501 4
493 2
492 2
491 3
509 3
508 4
507 2
505 0
498 2
497 2
489 4
489 2
489 3
504 0
497 2
496 1
496 1
496 2
495 3
496 2
495 4
488 4
488 0
488 5
627 2
624 3
563 2
561 3
541 1
541 1
541 4
495 4
493 5
578 2
576 2
574 0
574 2
572 4
492 4
492 0
492 2
492 0
492 2
492 0
492 3
496 0
495 5
651 0
651 2
648 0
648 5
853 1
851 4
508 2
507 3
525 0
513 5
660 2
657 3
576 0
575 4
509 0
506 3
503 2
502 4
494 5
577 0
577 0
577 4
493 2
491 2
490 1
490 0
489 5
642 2
639 1
639 4
492 3
513 2
508 2
507 0
495 5
641 3
566 2
564 0
563 0
563 2
560 0
560 2
558 1
558 3
548 5
764 0
764 4
512 3
520 5
572 2
569 0
569 1
569 2
566 1
566 5
759 0
759 3
637 3
603 4
503 1
503 2
502 1
503 2
502 4
497 4
497 4
497 2
495 0
493 4
488 5
573 2
571 2
569 4
484 4
484 0
484 3
488 2
487 2
486 5
617 4
485 2
484 4
484 4
484 0
482 3
486 2
484 5
609 5
788 4
499 0
490 3
497 2
496 2
491 3
495 3
490 2
489 3
494 4
491 4
490 1
490 2
485 2
484 5
561 0
561 4
486 4
484 4
484 5
568 0
568 4
482 4
482 4
482 3
508 5
575 1
574 3
528 3
522 4
484 2
483 0
483 2
482 0
482 5
618 2
615 5
789 4
496 2
495 0
490 2
489 2
489 5
621 3
543 2
542 2
539 4
487 2
486 0
485 2
484 1
484 3
488 2
487 4
485 1
485 2
483 0
483 5
622 3
552 5
728 5
963 1
963 1
964 0
964 3
797 3
751 0
750 4
521 3
509 0
503 4
491 2
489 0
488 1
490 4
489 1
490 5
570 5
721 3
599 5
800 2
797 4
502 2
501 4
493 5
558 2
556 2
554 2
552 2
551 0
550 2
550 0
550 1
549 3
518 3
512 2
510 4
487 1
487 2
486 4
485 2
484 4
484 0
484 3
494 2
493 2
492 5
620 0
620 5
795 4
493 5
554 3
520 4
497 2
496 4
496 2
491 3
517 1
517 5
566 1
568 2
565 1
566 1
566 3
527 2
524 4
484 2
483 4
483 0
480 2
479 3
491 1
493 0
490 4
479 4
477 2
477 2
477 4
477 5
556 5
699 5
871 1
870 2
860 2
851 3
655 2
652 2
649 2
644 2
642 5
839 4
513 5
571 3
532 2
530 5
646 4
501 4
493 4
493 2
492 0
487 0
487 5
626 2
625 2
624 1
624 4
489 3
509 3
509 0
496 2
494 3
489 2
488 0
486 4
480 0
480 4
479 3
506 4
499 0
491 2
489 0
489 2
489 5
621 2
618 4
483 2
483 2
482 3
508 1
508 4
502 2
497 2
496 0
486 4
477 1
477 4
477 4
477 2
477 5
554 2
552 2
550 3
514 4
490 1
490 2
488 3
505 2
501 0
493 2
492 5
640 2
634 3
564 3
546 0
543 3
543 2
541 4
499 2
498 5
591 2
589 2
587 2
585 3
539 2
535 4
490 4
485 4
485 5
560 4
486 4
484 2
484 0
483 0
483 0
483 1
483 5
629 0
629 3
558 1
558 4
493 2
493 0
487 0
487 1
487 5
631 0
631 5
823 2
816 3
653 4
505 1
505 4
502 0
494 2
493 3
503 2
502 5
643 4
496 4
496 4
496 2
495 3
523 4
520 3
520 0
503 3
505 1
505 2
504 3
499 4
491 3
507 3
503 0
496 1
496 3
500 5
640 4
495 3
513 0
502 0
502 2
500 3
505 1
505 2
500 3
502 3
499 0
499 4
488 1
488 2
487 5
561 3
530 2
526 4
493 0
491 1
491 3
497 4
491 2
486 1
486 2
485 4
485 3
515 4
512 2
507 3
516 3
502 4
502 5
548 2
546 3
530 1
530 0
522 0
522 3
518 0
518 5
714 4
498 0
494 4
488 0
488 4
486 3
537 4
533 0
495 2
491 4
486 2
486 1
486 2
485 1
485 1
485 3
539 3
487 4
487 0
487 4
485 4
485 4
485 4
485 1
485 2
485 5
571 4
487 2
487 1
487 4
487 5
574 2
572 3
524 2
519 0
516 1
516 2
515 4
492 5
577 5
745 1
745 2
742 2
739 3
602 5
766 3
695 4
512 2
511 2
509 5
573 1
573 2
571 4
489 3
516 3
508 0
498 3
500 3
493 4
483 2
483 0
483 2
483 5
617 0
617 5
804 0
804 3
641 5
841 3
731 4
531 2
527 3
528 1
528 3
520 4
503 4
503 3
526 4
525 0
508 4
493 0
493 0
493 4
493 2
491 4
491 1
491 0
491 2
490 5
623 1
622 3
548 5
696 0
696 2
693 5
938 4
518 2
515 2
511 5
569 2
567 0
566 0
566 4
500 0
498 0
498 4
496 1
496 3
525 4
518 4
518 3
494 3
528 2
504 2
499 0
495 2
494 5
639 3
564 5
721 3
662 4
510 5
570 2
568 0
567 2
565 1
565 3
537 4
501 1
501 2
499 4
494 0
490 5
630 5
830 2
824 3
681 4
525 4
514 2
508 4
508 0
494 0
494 4
484 5
571 4
485 3
508 2
503 2
498 2
494 0
490 2
489 4
486 5
562 3
535 5
644 5
843 2
838 2
831 2
827 1
825 2
821 4
510 2
508 2
507 4
503 4
503 1
503 5
584 0
583 3
538 3
518 4
494 0
492 2
491 4
487 2
487 1
487 3
510 0
498 2
497 0
497 2
496 5
640 1
640 1
640 3
560 2
558 2
555 2
553 1
553 2
552 0
552 3
545 2
544 1
544 3
544 5
747 2
743 3
668 0
667 2
665 3
652 4
519 0
513 0
513 4
497 3
501 1
501 5
575 0
575 3
546 5
736 0
736 0
736 0
736 0
736 2
732 0
732 3
657 0
657 4
505 2
504 4
490 3
501 4
498 3
511 5
574 2
572 2
568 2
566 3
527 5
652 0
652 5
868 0
868 3
741 5
1046 4
518 3
522 5
566 3
521 4
491 1
491 5
568 1
568 2
566 4
490 5
566 4
489 4
489 3
518 2
501 3
510 2
508 4
507 3
507 5
562 2
560 3
524 2
523 0
521 5
706 5
930 4
509 4
507 0
499 0
499 3
501 5
636 2
625 3
566 1
566 4
501 3
502 5
570 2
568 0
568 4
494 5
581 0
581 1
580 2
578 0
578 2
576 3
536 3
523 2
522 4
495 0
492 3
497 4
489 4
486 5
570 3
530 4
493 5
552 0
552 2
550 3
526 5
673 4
501 4
498 3
516 3
541 2
540 5
562 0
562 4
492 2
490 5
569 4
489 4
489 2
489 0
488 3
495 0
492 4
488 0
488 5
626 0
626 5
818 4
502 4
500 5
563 4
497 0
495 1
495 1
495 2
495 0
495 1
495 0
495 3
503 4
495 0
490 3
489 4
483 2
483 0
483 5
617 0
617 4
493 3
517 0
507 4
495 4
494 5
561 1
561 4
489 2
488 3
511 3
528 3
528 2
521 5
562 0
562 4
487 3
548 3
518 0
498 0
498 5
640 2
633 3
553 3
539 4
488 3
506 2
501 1
501 5
572 1
572 2
570 2
568 5
720 0
720 4
497 5
585 0
585 3
534 2
529 3
524 5
632 0
632 2
629 2
627 5
844 2
840 0
840 3
687 4
518 2
516 4
508 1
508 3
528 4
523 0
497 5
636 5
823 3
666 5
865 5
1159 3
990 5
1346 2
1340 4
541 2
538 0
528 4
503 3
515 3
509 3
518 3
503 0
498 2
497 0
497 0
497 4
496 0
496 4
495 3
507 1
507 3
503 2
501 3
510 4
503 2
502 5
549 2
547 0
547 0
547 3
523 0
519 2
518 0
518 5
703 3
618 3
605 5
835 2
826 0
826 5
1139 0
1139 3
1008 3
954 2
951 0
951 5
1448 3
1359 5
2010 2
2005 5
2700 5
3398 1
3398 4
552 4
537 1
537 2
534 4
533 2
530 3
571 0
528 3
518 0
517 3
512 0
511 2
509 2
508 5
683 2
680 2
677 0
677 4
503 4
496 2
494 2
493 5
575 4
488 3
491 3
492 0
492 5
640 1
638 1
637 0
637 4
495 5
578 3
528 3
529 0
526 2
525 3
524 3
523 1
523 5
705 1
705 2
702 5
938 2
933 4
510 4
507 1
507 4
507 0
501 4
493 3
503 4
501 2
499 3
495 0
493 0
493 0
493 3
495 0
492 1
492 5
634 2
631 3
570 5
741 3
668 5
946 2
942 3
849 3
832 0
832 2
829 4
514 3
517 1
517 4
497 2
492 1
492 2
491 3
508 1
508 3
492 4
491 0
488 2
487 5
612 5
789 4
501 4
499 2
498 3
517 0
504 5
638 4
498 4
497 1
497 4
497 3
500 0
494 3
496 3
495 4
481 3
495 0
489 0
489 3
486 2
484 3
484 3
485 4
475 2
474 0
474 2
474 3
483 2
482 5
597 3
543 2
541 3
536 5
690 2
687 3
629 0
626 3
617 4
490 3
490 3
490 3
489 4
479 0
479 4
476 4
476 1
476 5
566 4
475 3
479 5
567 1
567 3
525 3
520 4
477 0
477 4
476 3
474 2
473 4
473 0
473 2
473 2
473 0
473 2
473 1
473 1
473 3
475 5
610 4
479 5
564 4
479 4
479 1
479 2
478 3
481 2
480 2
478 3
480 0
478 4
475 5
564 3
518 3
517 2
516 4
481 3
479 2
478 3
480 2
479 2
478 5
561 4
480 4
479 4
479 1
479 3
482 0
480 4
477 0
477 4
477 2
477 4
477 4
477 0
477 1
477 3
481 0
480 2
479 0
479 4
475 0
475 0
475 0
475 3
479 2
477 2
476 3
479 5
609 5
785 3
653 2
650 0
649 5
930 4
514 3
529 0
512 1
512 2
506 2
504 4
488 4
483 4
483 0
482 5
615 0
615 4
488 5
556 5
697 5
873 3
685 2
681 4
512 4
508 4
508 1
508 0
494 0
494 2
493 4
483 4
483 1
483 4
483 0
483 4
482 4
482 2
482 2
482 3
508 4
505 2
501 3
527 1
527 2
521 4
520 0
499 3
505 4
492 2
487 4
487 3
504 5
568 2
566 3
527 3
523 2
521 0
520 5
710 2
706 5
935 4
510 2
509 3
527 2
522 4
515 5
551 0
549 4
487 0
487 2
487 3
493 3
487 2
486 3
493 2
492 3
487 5
622 5
805 3
647 2
644 5
860 2
855 2
849 0
849 4
515 2
513 3
548 5
587 3
535 4
504 3
519 5
566 3
529 2
528 1
528 4
496 5
556 3
528 5
652 4
499 4
496 2
495 3
538 2
532 3
520 1
520 3
511 0
499 0
499 4
488 4
488 0
486 2
486 4
486 5
564 0
564 2
562 2
561 4
490 4
490 4
490 0
488 0
488 2
488 4
488 4
488 3
526 3
510 5
574 2
572 3
528 0
526 5
717 1
717 4
500 0
497 0
497 5
650 2
639 5
841 5
1048 5
1258 3
972 0
971 5
1272 4
554 4
546 4
546 4
546 3
542 0
525 0
525 4
504 0
502 2
502 4
501 2
501 0
500 0
500 3
507 2
505 5
616 5
802 5
1010 2
1000 2
990 0
990 3
769 1
769 1
769 0
766 2
761 3
687 3
670 2
668 3
660 2
658 0
657 4
525 0
524 3
526 2
524 0
524 4
508 2
507 5
589 3
552 5
714 3
652 3
643 3
640 3
640 3
640 3
640 0
639 2
637 0
637 2
636 2
635 4
523 2
522 4
508 3
545 1
545 3
526 4
524 2
522 0
507 3
502 0
501 0
501 3
503 3
502 2
501 3
500 3
500 3
501 2
500 5
646 0
646 2
642 3
594 0
594 4
507 2
505 5
582 1
582 3
545 4
498 3
493 0
493 2
493 2
492 5
630 2
627 4
498 4
494 4
494 5
552 0
550 2
548 4
490 0
488 3
488 0
488 2
488 5
624 5
810 3
663 5
874 0
874 5
1163 4
540 2
536 3
533 4
522 2
521 0
504 3
503 5
633 0
633 5
824 1
824 4
500 4
498 3
513 1
513 4
508 2
508 0
497 1
497 3
499 0
498 4
486 4
483 4
483 2
483 0
483 5
608 4
488 4
488 3
510 4
508 2
503 4
503 2
499 2
497 0
494 4
489 3
513 3
494 5
553 3
527 0
523 0
523 0
523 2
521 4
497 3
520 2
510 0
503 1
503 1
503 2
501 2
500 2
499 2
498 1
497 4
494 3
508 0
501 0
501 2
499 2
497 3
508 3
501 3
506 2
504 3
500 0
499 0
499 3
504 4
497 1
497 2
496 0
493 1
493 2
491 0
491 1
491 5
626 2
615 0
615 0
615 3
550 3
541 2
539 2
538 3
537 4
499 3
526 0
501 5
661 3
573 1
573 5
750 4
508 3
524 2
522 3
512 1
512 1
512 0
507 2
506 0
506 5
663 2
660 5
864 4
511 3
559 0
513 2
509 3
510 4
498 4
495 2
494 4
494 3
512 0
501 0
501 2
500 3
501 4
495 5
566 2
563 0
563 1
563 5
738 2
733 5
930 3
710 5
924 2
918 3
794 3
752 2
750 0
750 0
750 4
537 4
515 3
530 1
530 3
505 0
501 3
506 3
501 3
507 4
500 3
538 1
538 5
564 0
561 4
489 3
503 1
503 1
503 0
497 4
492 0
492 0
492 3
500 3
495 2
494 2
492 0
491 4
487 4
486 2
486 5
570 1
570 4
491 2
490 2
490 4
490 3
508 0
501 5
655 2
649 5
845 4
524 1
524 2
523 0
520 0
520 0
520 3
509 3
505 1
505 0
503 2
502 4
491 4
488 1
488 2
488 3
501 4
497 5
570 4
492 3
510 4
506 2
501 0
496 2
495 3
502 4
494 5
570 5
735 2
732 3
605 5
780 1
780 0
780 2
777 1
777 2
771 0
771 2
768 0
768 4
505 1
505 2
504 0
499 5
645 3
569 3
558 0
557 4
505 0
505 2
504 4
497 5
585 2
583 4
492 3
532 3
500 2
492 2
491 3
530 0
495 2
491 5
642 3
563 0
563 2
561 0
561 2
559 2
557 0
557 0
557 3
553 3
550 2
549 2
548 3
547 0
547 2
546 4
508 2
507 2
506 1
506 4
492 0
492 5
648 2
637 4
499 4
496 3
523 3
505 3
504 2
502 4
502 1
502 0
496 3
499 2
498 4
491 4
491 2
490 0
489 5
638 1
638 2
635 4
492 4
492 1
492 2
492 5
577 1
576 4
491 4
491 0
490 4
490 1
490 2
490 0
490 5
636 2
633 2
622 0
622 0
622 3
553 3
538 4
500 3
504 3
496 2
494 1
494 3
508 1
508 2
507 2
497 0
494 5
649 2
643 1
643 4
512 4
509 4
509 5
600 2
598 2
596 3
541 4
514 2
502 1
502 4
501 0
498 1
498 4
493 0
491 3
493 0
493 5
642 4
495 1
495 3
537 4
537 2
536 0
507 2
506 2
495 1
495 2
494 4
491 5
576 3
532 4
501 0
498 5
651 3
570 3
560 5
727 3
657 4
509 1
509 1
509 4
496 4
496 5
573 5
743 5
954 1
951 4
508 4
507 2
506 2
504 2
503 1
503 2
502 3
523 2
518 1
518 2
508 2
505 3
515 4
514 2
511 0
498 5
646 2
644 3
577 5
741 4
500 2
498 2
497 3
512 2
507 2
505 5
559 4
495 4
495 2
494 4
494 0
492 0
492 3
501 3
493 1
493 1
493 0
493 3
502 3
496 5
644 1
644 4
494 1
494 2
494 0
492 0
492 3
497 2
492 1
492 2
491 4
487 5
575 4
490 0
488 3
495 3
493 0
492 0
492 5
644 0
644 3
574 2
572 4
495 4
491 2
490 1
490 5
565 1
563 4
490 3
508 3
501 0
493 4
486 2
486 2
486 4
486 3
536 2
532 5
562 0
558 0
558 3
519 0
514 2
513 0
513 2
512 5
708 5
929 4
505 1
505 4
495 4
495 0
494 1
494 1
494 0
494 4
491 5
559 3
528 4
504 3
512 4
507 4
507 1
511 0
493 5
620 1
619 0
619 4
490 3
517 0
506 3
504 0
504 2
502 0
502 5
638 0
638 1
638 2
635 1
635 2
632 4
492 2
490 0
490 4
484 4
484 4
484 3
507 1
507 4
502 3
511 1
511 4
507 2
506 0
496 4
488 2
488 5
561 4
490 4
490 1
490 3
512 3
500 4
498 2
497 2
496 0
492 0
492 2
492 2
492 3
498 0
495 1
495 1
495 3
497 5
627 1
627 2
616 4
495 1
495 5
580 1
580 3
536 3
523 0
520 4
495 2
494 0
494 4
491 1
491 4
488 2
487 0
487 4
487 3
543 2
538 0
510 3
504 4
492 4
492 4
492 1
492 3
494 3
496 0
490 0
490 4
484 0
484 2
483 4
483 2
483 2
483 2
483 3
496 2
491 5
560 2
557 4
483 4
482 2
481 0
481 3
492 5
604 0
604 3
548 4
492 2
491 3
507 0
497 3
496 3
496 2
495 2
494 4
482 4
480 5
547 4
480 5
551 2
549 2
549 2
549 2
549 0
549 0
549 2
549 3
514 2
512 1
512 4
488 2
487 3
491 0
489 5
620 4
486 2
484 2
483 2
483 3
500 0
492 1
491 4
485 3
497 0
487 2
485 4
478 2
478 4
478 4
478 3
492 3
481 5
546 0
546 0
546 0
546 3
525 0
523 2
521 2
519 3
518 4
486 4
480 4
480 3
482 0
482 0
482 0
482 1
482 2
481 2
480 0
480 2
480 1
480 1
480 4
478 0
478 4
478 2
478 3
484 4
483 2
482 2
481 3
487 5
552 5
697 4
492 3
517 1
517 4
508 3
504 3
507 2
506 2
505 1
505 2
501 4
501 5
548 1
548 4
489 0
489 0
489 3
498 2
493 1
493 4
489 3
510 2
505 3
509 1
509 2
497 0
494 4
490 0
487 0
487 5
627 4
493 2
493 5
579 4
492 2
492 2
492 3
550 4
547 3
516 0
504 4
489 5
552 0
552 1
552 0
552 2
550 -1
1426 0
1127 2
1115 5
1384 5
1698 4
613 4
600 1
600 1
600 5
584 2
581 5
683 2
676 5
848 2
841 0
841 1
842 4
541 2
539 3
533 5
588 1
591 5
720 1
716 0
715 4
517 4
515 0
511 2
510 3
518 5
629 5
819 0
819 3
667 5
891 0
891 3
789 2
786 1
786 5
1116 4
539 4
525 1
528 5
575 5
709 3
597 1
598 5
760 0
760 1
756 1
750 2
747 1
750 2
746 2
743 0
741 1
742 0
742 1
742 5
1010 3
863 3
809 1
811 1
811 1
811 4
527 5
593 3
548 2
546 4
503 5
588 0
588 5
771 2
766 3
635 4
511 1
515 2
511 2
510 1
510 0
505 2
504 1
506 2
505 2
504 4
502 0
501 0
501 2
501 3
508 5
647 0
647 1
647 5
842 0
842 0
842 5
1061 1
1061 1
1064 5
1269 2
1256 0
1256 3
983 5
1239 2
1232 1
1231 3
1094 2
1088 3
989 2
986 1
986 1
987 4
539 5
585 5
751 2
748 5
963 1
964 2
957 1
957 0
957 1
954 0
954 3
756 0
756 0
756 4
533 4
519 4
519 3
533 5
581 1
582 4
504 0
498 2
497 2
497 4
494 5
563 3
527 1
528 1
528 1
530 1
532 3
526 4
500 5
569 0
568 5
731 4
500 5
561 2
559 3
528 2
526 2
525 5
626 3
577 0
576 4
502 5
571 5
737 4
501 5
566 5
710 5
887 2
877 1
866 1
865 0
865 5
1065 0
1065 0
1065 4
528 1
528 3
527 5
568 1
569 5
698 4
513 4
511 5
571 4
505 4
505 5
573 3
544 3
531 3
534 5
621 3
573 5
768 2
764 3
682 3
667 1
668 5
966 0
966 0
966 2
963 3
886 1
886 0
886 5
1331 2
1320 2
1315 5
1791 0
1791 2
1784 3
1669 2
1664 3
1617 4
569 1
569 2
565 3
530 5
596 0
594 5
789 3
648 0
648 3
629 2
626 0
626 5
934 2
929 4
515 5
595 2
593 3
554 3
541 4
500 1
503 1
511 5
586 2
584 4
496 5
579 0
577 2
575 4
494 1
496 2
494 3
504 2
498 2
497 4
497 2
496 1
498 2
496 4
496 3
497 2
496 5
576 1
576 3
534 4
500 1
513 3
510 2
508 3
506 5
580 1
581 2
579 5
725 5
910 4
512 4
510 3
534 0
513 2
511 3
514 2
512 0
508 1
512 2
509 0
509 2
508 0
508 3
509 3
505 2
504 4
497 1
501 3
507 0
499 2
497 2
496 4
495 5
581 2
578 0
578 5
757 4
509 3
513 5
588 2
586 4
499 4
499 4
499 5
583 0
583 3
541 2
539 4
502 2
501 4
500 0
497 3
504 2
502 4
495 4
495 1
497 5
575 1
577 1
577 0
577 2
575 0
575 4
496 5
578 5
743 0
743 1
744 3
609 3
578 4
506 4
505 1
507 4
505 1
505 4
505 5
579 2
577 5
740 0
740 5
940 2
930 3
710 5
948 1
948 0
948 2
944 4
531 3
557 4
550 5
571 4
505 4
505 5
573 2
571 4
494 4
494 1
497 3
522 0
513 2
511 2
508 2
502 3
502 2
498 5
630 4
494 1
495 2
494 3
507 5
568 1
570 3
533 5
658 2
654 4
504 0
500 2
499 3
506 0
501 0
501 5
666 2
663 0
663 0
663 1
663 4
495 3
509 2
505 5
573 5
730 5
917 4
505 3
534 3
520 4
517 1
517 0
507 4
497 4
497 0
494 2
494 4
491 4
491 3
516 5
579 3
535 0
534 5
725 2
722 3
633 2
630 2
628 5
855 4
523 0
516 2
514 1
515 2
514 4
501 4
497 2
493 3
507 2
502 4
499 2
499 1
512 1
515 4
515 5
557 4
492 2
492 4
492 1
496 4
495 0
492 2
492 4
489 1
489 4
489 3
502 4
501 3
500 3
500 1
503 1
511 5
568 2
566 5
701 3
590 5
765 1
765 2
761 3
669 3
655 2
653 0
652 4
516 5
606 4
499 0
494 3
501 3
495 3
498 5
643 4
492 2
491 0
489 5
641 0
641 2
638 3
565 1
565 2
563 4
499 3
503 0
498 3
497 4
486 3
498 0
494 3
493 3
492 2
490 0
490 0
490 3
493 5
637 0
637 0
637 2
634 3
568 4
496 3
494 4
488 5
573 4
488 4
486 5
572 2
570 4
485 0
482 0
482 4
482 3
506 1
506 4
500 4
500 0
489 2
488 3
492 3
489 3
490 3
487 4
480 3
493 3
483 0
481 4
479 4
479 4
479 3
497 5
572 0
572 3
533 1
536 4
488 2
487 5
570 3
535 4
499 3
510 4
507 3
529 2
523 0
504 4
494 4
493 4
493 4
493 5
573 3
547 1
547 4
513 5
555 2
553 4
497 0
492 3
503 1
503 4
497 2
495 3
505 1
511 0
503 2
502 4
491 4
491 0
489 2
489 2
489 3
495 5
626 4
497 4
494 3
529 0
508 0
508 2
500 1
502 4
497 2
496 2
496 4
496 0
496 5
628 2
622 4
512 3
536 5
575 0
572 0
572 2
569 4
493 0
493 4
491 1
492 1
494 5
564 0
564 2
562 4
491 5
566 3
532 2
530 2
526 5
625 5
817 2
808 3
678 1
678 2
675 4
522 3
528 4
518 4
518 2
507 0
499 1
499 4
497 4
497 4
497 4
497 4
497 4
497 3
555 2
516 1
521 3
549 3
544 5
584 3
542 2
541 4
512 3
533 4
529 0
513 0
513 3
507 4
494 0
493 0
493 2
493 5
627 0
627 3
551 3
544 4
495 2
494 5
570 0
569 3
522 0
518 1
518 0
518 2
516 3
515 4
489 2
488 5
575 2
573 4
489 5
566 1
567 3
527 3
519 2
518 4
488 4
486 5
563 2
561 4
482 2
481 4
481 2
481 4
481 4
481 3
488 2
487 0
486 4
484 2
484 1
486 2
485 1
487 2
487 2
487 2
485 0
480 5
614 2
613 4
486 3
491 0
489 2
488 3
488 0
487 0
487 2
485 4
481 1
485 0
483 1
491 0
489 3
495 0
494 3
493 4
484 3
488 4
484 2
484 0
480 1
486 4
484 4
484 4
484 2
482 2
482 2
481 4
479 3
485 0
484 3
486 1
487 0
487 5
629 0
629 0
629 1
629 5
808 5
1009 4
516 4
514 2
510 1
510 0
502 4
494 3
524 4
517 4
517 0
505 0
505 2
503 0
503 5
633 1
635 5
817 1
813 4
501 3
516 3
507 4
503 3
520 2
515 4
509 3
533 4
532 5
556 4
502 4
502 2
498 4
498 2
498 2
498 0
492 5
624 4
493 0
490 1
492 4
491 4
491 2
490 3
511 2
506 3
512 2
507 5
560 4
491 1
491 3
513 0
506 3
501 5
628 5
816 0
816 4
501 5
558 2
556 0
556 2
555 2
555 3
520 4
496 3
511 2
501 0
497 5
642 2
639 1
639 2
633 5
822 4
513 3
524 3
508 3
515 4
511 2
506 3
508 4
508 4
508 0
497 0
497 2
496 3
505 1
506 5
628 1
630 5
820 2
808 2
801 2
796 2
792 2
789 5
989 2
984 1
983 1
980 4
517 0
511 3
505 2
500 2
498 2
497 1
498 2
497 4
491 3
512 3
515 0
500 2
499 5
635 3
550 2
548 1
548 4
500 4
498 4
498 5
571 0
571 4
495 2
494 4
494 0
491 2
491 4
489 2
489 0
489 2
489 4
489 3
497 0
494 2
493 0
493 4
491 3
513 0
502 2
498 2
495 0
495 2
494 2
493 5
641 4
490 2
490 0
488 2
488 0
488 4
488 4
488 2
488 5
580 1
580 0
580 1
579 3
528 3
517 5
654 3
581 4
499 3
503 0
498 5
654 4
495 1
495 2
494 2
492 4
490 0
488 1
490 3
498 3
490 4
487 4
486 2
486 4
486 1
486 5
558 0
558 3
527 2
525 2
523 0
523 2
522 1
522 4
496 4
493 5
573 0
573 3
539 3
523 0
521 2
520 3
518 1
519 1
519 0
519 5
722 4
501 1
501 5
587 5
756 2
753 2
750 4
516 3
528 1
533 0
510 2
506 2
505 5
659 2
656 1
656 2
653 2
651 3
563 3
554 2
552 4
492 0
491 2
490 3
495 4
492 4
491 5
569 4
493 2
492 4
487 4
487 4
487 0
484 3
492 5
615 1
617 3
542 0
539 2
537 2
536 3
532 1
533 0
533 4
499 3
510 4
496 2
494 4
494 4
494 4
494 2
492 3
514 0
492 2
487 2
486 3
487 1
489 4
482 5
573 3
524 2
523 4
494 3
499 5
575 2
573 0
571 4
486 4
485 3
511 0
499 1
499 5
653 1
651 5
843 4
496 2
494 0
491 4
489 0
489 4
488 4
488 4
488 2
488 4
488 2
489 0
489 4
489 1
489 3
531 3
508 2
506 2
504 5
554 0
554 2
552 2
550 0
550 4
492 4
492 2
491 3
508 5
568 2
565 4
491 4
491 1
491 4
491 2
490 2
490 2
490 4
490 3
535 5
564 5
694 0
694 2
690 2
686 2
682 4
496 5
565 2
563 3
525 4
501 2
499 4
497 4
497 3
516 3
515 1
516 3
500 3
513 2
505 5
557 2
555 4
491 4
490 5
553 2
551 4
486 3
515 2
506 3
505 2
501 4
499 0
492 3
499 1
502 0
499 2
496 2
495 0
495 2
494 2
494 4
489 4
489 5
565 2
563 3
528 3
517 1
518 0
518 0
518 5
697 1
697 3
609 3
597 0
597 3
595 0
595 1
595 5
882 1
881 5
1207 4
522 3
560 3
514 4
506 0
499 4
495 2
494 5
566 5
730 0
730 0
730 2
722 0
722 2
717 2
714 5
909 0
909 4
510 0
506 3
510 2
505 4
497 0
495 5
630 2
627 2
624 2
613 4
500 4
500 2
499 5
583 1
583 2
581 4
498 2
498 2
498 4
498 2
498 5
582 4
499 1
499 5
580 0
580 4
498 4
498 2
499 5
581 2
581 4
500 2
501 1
501 2
501 4
501 3
543 2
537 1
537 4
536 3
512 2
509 2
507 2
505 5
582 5
722 0
722 3
596 1
596 5
723 0
723 2
720 4
508 0
503 2
502 1
502 3
502 2
498 3
503 1
505 2
503 5
629 2
627 0
627 2
624 1
624 4
498 0
497 3
503 2
502 4
493 2
488 3
499 4
497 4
497 2
492 0
489 5
627 3
550 2
549 2
547 4
489 4
488 0
486 1
486 2
485 2
484 4
480 5
557 3
512 5
633 3
581 4
491 4
491 3
500 2
494 4
491 0
486 0
486 5
625 3
549 2
548 3
536 1
537 0
536 4
491 4
480 1
480 2
480 5
559 4
486 2
485 5
559 2
557 3
516 5
645 0
645 5
849 3
688 0
688 3
662 2
660 4
512 2
511 2
510 5
585 1
587 1
587 0
586 2
584 4
496 3
495 2
494 5
573 3
522 2
521 1
522 0
522 2
521 0
521 5
720 5
942 3
791 2
787 5
1084 2
1078 4
528 2
526 1
526 4
518 3
514 1
514 2
513 2
509 3
510 2
509 4
508 2
507 2
507 4
507 2
506 3
517 1
517 2
512 2
508 3
517 1
517 1
517 2
512 4
511 2
509 4
509 2
507 2
507 2
506 2
506 1
506 2
506 4
506 4
506 3
518 2
514 2
512 0
493 0
493 3
498 3
495 2
494 4
485 5
561 2
559 2
557 3
523 5
628 1
628 3
573 3
565 1
565 2
563 0
561 4
496 4
488 2
487 2
486 3
487 4
487 1
487 1
487 2
486 0
480 1
481 2
480 4
478 4
478 2
478 2
478 2
478 2
478 5
564 2
562 1
561 2
559 4
485 5
571 1
571 4
485 2
485 4
485 2
485 3
489 1
489 2
488 1
488 3
492 1
492 4
491 3
496 0
490 2
485 3
489 2
488 3
484 3
484 5
626 3
548 5
728 3
648 4
503 0
500 1
500 5
659 4
502 4
498 2
496 5
565 5
706 5
874 2
867 2
858 2
852 0
852 3
688 5
901 2
896 4
516 4
512 2
510 2
508 2
507 3
523 3
507 0
496 2
495 0
495 1
495 4
484 5
553 2
550 2
548 5
684 4
493 1
493 4
493 2
493 1
493 5
559 1
559 1
559 0
559 5
709 4
489 4
488 1
490 3
518 0
505 2
502 5
637 5
824 3
658 1
658 4
520 0
512 2
510 4
499 2
498 4
496 4
496 0
495 5
631 3
558 0
557 2
555 5
771 3
671 5
930 1
930 0
930 4
521 5
578 3
546 3
538 4
499 5
573 3
546 2
544 2
543 1
543 3
531 5
661 5
868 0
868 5
1123 2
1113 4
526 1
526 0
507 2
506 1
506 3
505 3
506 0
505 2
504 2
503 4
497 0
497 2
497 2
496 4
495 0
495 4
495 0
495 0
495 4
495 0
495 4
495 2
494 1
494 2
493 5
570 5
734 2
730 0
730 4
502 0
497 2
497 1
497 1
497 2
497 1
498 3
502 2
497 2
496 5
614 5
812 2
805 3
632 0
631 0
631 1
631 3
611 3
603 2
602 2
600 4
511 3
526 3
510 2
508 2
504 3
516 5
577 5
734 0
734 0
734 2
730 5
951 2
942 1
942 0
942 5
1169 5
1410 1
1407 5
1634 0
1634 2
1621 4
551 2
547 2
540 4
538 0
519 2
518 2
518 3
515 3
511 0
509 5
652 0
652 2
649 0
649 0
649 4
501 3
528 0
506 1
507 2
504 0
504 4
492 3
509 2
504 1
504 5
553 0
553 1
549 4
491 2
490 1
490 5
557 1
558 5
710 1
709 4
499 0
495 0
495 5
636 2
625 2
624 2
624 3
549 4
496 3
496 2
495 3
493 2
492 2
491 4
489 0
487 2
486 2
486 4
486 3
495 4
494 0
490 2
489 0
489 5
626 0
626 5
813 2
808 2
803 3
647 4
517 1
517 0
504 3
506 2
505 1
505 2
504 2
503 2
502 5
634 4
500 0
498 2
497 5
643 0
643 3
564 2
562 5
728 5
967 4
509 3
536 3
515 5
566 1
566 3
533 0
525 2
521 3
520 4
494 3
510 5
582 4
489 3
521 1
521 2
511 5
574 2
571 5
738 2
734 4
505 4
502 3
521 5
559 3
528 0
524 0
524 4
492 0
492 4
490 2
489 4
487 2
487 2
487 3
519 4
516 4
516 2
505 0
496 3
497 2
496 1
496 2
495 2
494 2
493 2
492 2
491 5
628 3
555 3
537 3
537 4
493 2
492 5
579 5
755 0
755 2
750 4
502 2
501 2
500 1
500 1
500 5
571 3
533 2
529 3
524 1
524 5
646 4
502 0
499 2
498 1
498 5
650 2
647 4
495 4
495 2
494 3
510 5
568 2
566 2
564 3
525 5
636 0
636 3
586 2
584 5
780 4
508 3
517 1
517 4
507 2
506 4
506 0
493 3
500 0
498 5
635 0
635 4
490 4
489 0
487 4
484 2
482 3
507 0
497 2
495 2
493 4
490 2
489 2
485 3
499 2
494 2
488 2
487 4
485 0
484 5
612 1
612 3
538 5
700 1
699 0
699 5
928 1
928 5
1175 2
1167 4
523 5
571 1
571 3
537 2
533 4
507 4
506 2
505 4
505 0
500 4
490 5
560 3
528 2
526 2
521 4
499 2
497 0
493 3
501 3
494 3
500 4
493 2
491 4
489 1
489 3
505 2
502 4
497 4
497 1
497 2
496 0
494 5
639 3
566 4
503 0
500 5
651 4
499 2
498 3
515 3
513 2
512 1
512 2
510 3
551 5
569 5
703 2
698 2
694 5
876 3
688 4
523 3
517 5
569 3
529 0
524 1
524 4
500 0
497 5
646 4
494 1
494 4
490 2
489 3
494 2
490 2
490 2
488 2
488 5
560 2
559 4
491 3
511 2
501 1
501 4
499 4
499 4
499 2
497 3
515 2
501 2
497 2
496 1
496 3
501 5
556 4
489 0
488 4
487 2
487 4
487 2
487 2
487 2
487 5
566 1
565 2
563 0
563 2
561 2
561 4
492 3
512 3
496 3
543 2
539 4
538 5
555 3
522 2
521 3
518 2
517 2
516 3
516 1
516 0
515 3
516 2
514 0
513 3
513 2
512 1
512 5
681 3
613 4
516 4
508 0
501 3
501 1
501 3
498 1
498 5
628 2
625 2
623 3
566 5
738 4
496 4
492 1
492 2
490 0
487 2
486 0
486 4
482 4
482 0
482 0
482 4
482 0
482 2
482 5
609 3
549 3
529 2
527 2
525 0
523 0
523 4
490 2
489 2
488 3
491 2
489 3
485 1
485 2
484 1
484 1
484 5
575 5
738 2
735 0
735 2
731 1
731 1
729 4
494 3
514 0
502 3
501 3
502 5
639 4
491 5
578 0
577 4
488 4
486 3
499 2
494 2
492 1
492 1
492 2
491 0
488 2
487 2
487 2
486 2
486 0
486 3
491 3
484 4
482 2
481 2
481 2
481 4
481 2
480 5
561 4
483 0
483 4
482 0
482 5
614 4
486 4
484 2
484 2
484 4
484 4
484 3
494 5
563 3
524 1
524 4
489 0
487 4
480 0
480 2
480 3
486 2
481 4
480 5
560 2
558 5
707 2
702 2
699 4
490 0
487 4
487 4
487 3
514 2
509 3
509 4
507 3
501 3
516 4
516 0
502 0
502 2
500 2
497 4
493 4
493 2
493 2
493 2
493 4
493 3
538 3
497 1
497 1
497 1
497 3
513 3
504 2
494 3
511 3
511 4
511 5
567 3
535 0
525 0
525 4
499 4
494 5
568 5
728 4
500 2
499 3
514 3
498 3
516 1
516 3
516 4
515 3
525 3
497 3
524 3
496 3
523 0
507 3
506 3
505 0
504 2
502 2
501 3
505 5
638 0
638 3
574 2
572 2
571 0
569 2
568 2
566 2
565 0
565 2
564 4
506 5
566 1
564 2
561 2
559 4
495 4
493 3
508 3
503 1
503 0
497 1
497 4
492 3
508 2
503 2
501 3
499 4
498 3
502 4
502 2
497 4
497 3
514 2
509 2
507 4
507 1
507 0
498 2
497 5
647 4
493 2
493 4
493 3
521 0
502 3
503 3
500 2
499 0
499 4
491 2
489 3
543 4
540 2
535 1
535 4
535 0
505 0
505 1
505 3
501 0
497 0
497 2
496 0
496 4
485 1
485 4
485 4
485 2
485 3
496 4
491 0
487 4
481 4
481 3
494 3
485 0
485 2
485 1
485 3
493 5
612 1
612 0
612 0
612 4
490 2
488 0
485 2
484 0
484 4
482 5
554 0
554 3
527 2
526 2
525 2
521 2
520 2
519 2
518 3
520 4
494 2
492 4
491 2
490 4
490 1
490 0
486 0
486 5
616 2
612 3
541 3
535 3
535 3
534 2
532 3
529 5
680 1
680 0
680 1
680 2
677 2
675 3
612 3
605 4
502 3
497 0
494 1
494 4
488 1
488 0
488 2
488 5
636 2
633 0
633 1
633 3
560 3
546 3
543 3
543 5
732 3
659 3
644 3
640 5
937 1
937 3
863 4
520 0
516 4
505 3
504 1
504 1
504 4
489 3
503 3
498 4
496 0
488 1
488 1
488 1
488 0
488 4
485 2
485 0
485 3
490 4
486 4
486 5
567 5
722 4
497 0
490 1
490 2
489 2
489 0
489 1
489 3
497 0
493 4
487 3
516 3
500 2
499 2
497 3
514 0
504 5
648 0
648 4
501 2
500 4
496 3
508 3
504 0
502 4
492 0
489 4
489 3
508 2
504 1
504 1
504 4
502 4
502 4
502 2
497 4
497 4
497 0
495 1
495 3
501 0
498 5
649 2
638 5
835 0
835 1
835 3
660 2
656 5
872 5
1166 4
513 1
513 3
546 0
512 0
512 0
512 1
512 3
509 4
492 3
513 4
509 5
562 0
562 0
562 2
560 4
491 2
491 1
491 2
491 3
514 4
510 4
510 2
505 5
552 4
490 3
526 5
565 2
562 4
495 3
524 3
512 4
511 5
566 4
493 3
509 5
564 4
491 2
490 2
490 2
490 3
521 2
515 2
510 3
523 4
522 0
506 2
504 5
655 1
655 2
649 2
640 1
640 0
640 3
580 1
580 4
526 4
522 4
522 3
513 0
503 4
493 2
493 4
493 1
493 0
493 4
493 3
518 1
518 0
508 5
651 2
645 3
562 2
559 3
548 0
547 2
546 0
546 2
544 2
543 4
499 4
490 2
490 4
490 3
535 4
534 3
503 5
567 5
713 2
709 4
498 4
498 0
495 3
502 3
498 3
505 0
502 4
490 0
490 0
490 4
489 4
489 0
489 0
489 2
489 2
489 4
489 2
489 5
568 5
733 3
592 0
590 0
590 0
590 4
506 0
502 1
502 2
501 5
649 2
644 0
644 0
644 4
502 0
498 0
498 1
498 2
497 2
496 2
496 5
647 1
646 1
646 0
646 1
646 3
570 5
738 1
737 2
734 3
663 5
932 4
516 2
515 0
509 2
508 0
508 2
507 0
507 3
513 4
504 2
503 3
507 1
507 3
504 0
501 0
501 3
502 0
502 4
495 3
521 5
582 3
538 4
499 2
498 2
497 0
495 3
503 4
499 1
499 0
496 3
501 1
501 2
499 2
498 4
492 2
491 5
564 4
492 4
492 5
566 3
534 3
523 4
490 0
489 1
489 4
488 3
541 1
541 1
541 0
500 0
500 0
500 4
484 2
483 4
483 5
551 4
485 5
549 5
697 2
692 3
585 2
583 4
505 0
497 2
496 2
495 0
495 2
493 2
492 4
491 0
491 0
491 2
491 2
491 1
491 0
491 2
491 4
489 0
489 0
489 2
489 2
489 4
489 3
509 2
503 2
499 3
512 2
497 5
563 2
560 1
560 4
488 0
485 3
489 1
489 0
488 1
488 4
484 3
502 4
497 5
566 0
566 4
492 4
492 4
492 2
492 2
492 4
492 5
559 0
558 5
718 5
911 3
681 5
897 0
897 2
892 4
519 2
517 4
511 2
509 5
561 1
561 4
502 0
497 2
496 1
496 1
496 2
496 4
487 5
566 0
565 0
565 5
725 5
908 4
502 2
501 4
500 2
500 4
500 2
500 2
500 0
498 2
498 5
627 4
491 0
491 5
616 2
615 2
615 5
778 4
502 2
502 4
502 3
524 5
554 1
554 3
521 4
492 2
492 0
490 4
483 4
483 5
560 3
520 5
614 0
614 4
494 1
494 4
487 5
555 0
552 4
485 3
515 0
504 2
502 2
501 4
492 2
490 5
565 4
486 4
486 1
486 2
486 1
486 2
486 1
486 2
486 1
486 2
486 4
486 2
486 0
486 5
607 4
486 4
486 1
486 0
484 5
609 4
485 5
563 3
523 3
512 0
509 2
508 3
514 2
509 0
507 5
686 3
597 2
595 5
810 3
729 4
513 2
511 4
497 0
495 2
494 3
500 0
497 2
496 0
496 2
495 2
494 2
492 2
491 1
491 1
491 4
483 2
482 3
509 4
503 2
501 0
495 5
631 4
495 0
488 2
487 3
492 4
488 5
558 2
556 5
710 0
710 3
598 0
597 1
595 4
510 0
506 3
507 4
488 3
507 4
499 4
499 2
498 2
493 4
493 2
493 0
490 0
490 5
639 0
639 4
499 4
498 5
576 0
575 5
753 0
753 0
753 5
959 0
959 3
719 0
714 1
714 2
710 4
533 4
513 0
505 4
493 4
493 2
493 4
493 3
517 4
516 0
498 5
647 5
835 0
835 3
647 1
647 1
647 0
645 0
645 4
524 2
523 4
512 2
509 4
509 3
561 0
521 1
521 1
521 4
502 1
502 4
501 0
494 3
503 3
496 0
496 0
496 4
490 2
489 0
489 4
489 3
508 2
503 3
511 2
510 5
574 0
572 2
570 1
570 2
568 4
492 5
571 2
568 4
491 2
490 0
489 4
488 0
488 3
498 3
493 2
491 0
491 4
487 2
487 2
487 2
487 4
487 5
574 4
489 3
508 0
498 4
492 2
491 1
491 5
578 5
743 1
743 2
739 5
936 0
936 0
936 3
700 5
885 4
525 2
521 3
519 1
519 5
583 3
536 3
534 5
667 4
506 3
548 2
506 0
504 4
501 4
495 3
531 4
529 4
529 0
503 2
501 3
506 1
506 0
503 2
501 4
491 3
503 3
494 1
494 3
502 4
498 5
567 3
528 5
643 3
587 0
586 0
586 1
586 0
586 2
584 0
584 2
582 4
508 0
505 5
672 4
503 1
503 3
548 4
541 4
541 4
541 3
502 2
501 2
497 4
497 0
493 0
493 0
493 2
492 2
491 2
491 2
491 4
490 0
490 4
489 4
489 4
489 5
588 0
588 1
588 0
588 0
588 0
588 0
588 4
490 3
520 1
520 0
495 0
495 1
495 5
640 5
838 2
826 3
673 3
626 4
509 1
509 2
507 1
507 2
506 4
501 4
501 2
500 3
510 3
502 0
501 2
501 3
502 3
500 3
501 1
501 3
500 3
500 2
499 2
497 0
497 2
496 0
496 3
498 5
645 4
493 4
492 5
567 0
567 5
744 1
744 0
744 2
738 2
733 3
621 2
611 0
609 1
609 1
609 5
858 5
1131 5
1417 4
539 5
582 3
554 0
551 3
549 2
547 3
542 2
541 2
540 2
539 4
507 0
507 3
517 4
506 4
501 4
501 4
501 3
517 3
503 1
503 3
539 4
538 3
527 3
523 0
502 4
490 4
490 5
580 0
580 2
578 2
576 1
576 3
536 1
536 3
526 0
524 2
523 1
523 1
523 2
522 2
521 0
521 2
520 3
520 2
519 2
518 4
500 4
492 0
491 4
489 3
539 2
500 4
498 3
509 3
518 0
500 3
497 3
498 4
488 4
488 3
538 0
508 2
506 2
505 0
505 1
505 2
492 3
500 5
640 0
640 0
640 0
640 2
637 4
499 4
497 2
496 0
493 1
493 5
644 3
567 2
564 2
562 2
561 5
745 4
501 0
499 4
489 4
488 0
488 2
488 3
493 0
492 3
492 1
492 2
491 4
486 0
486 3
491 0
490 0
490 1
490 3
490 5
642 4
489 3
505 3
538 1
538 3
497 5
572 4
489 0
489 5
643 1
634 5
824 0
824 1
823 1
823 4
508 4
507 3
542 4
538 0
503 3
501 3
502 4
491 2
490 3
512 5
565 5
718 2
714 4
499 4
499 3
552 2
547 4
544 2
500 4
500 3
526 2
516 2
511 0
504 5
652 1
652 0
652 5
849 3
660 4
521 2
519 0
510 3
506 3
508 2
506 4
494 3
506 3
494 -1
1426 3
841 3
783 0
628 3
588 3
572 4
544 5
587 2
585 1
586 2
584 4
529 4
529 5
580 4
523 2
517 1
524 2
517 4
517 4
517 3
566 2
542 5
586 3
554 2
552 3
548 2
546 5
652 5
851 5
1063 1
1063 3
818 1
818 3
757 3
735 5
1062 5
1449 5
1865 1
1865 3
1647 0
1647 3
1576 3
1532 2
1527 4
549 4
538 5
593 2
590 5
763 3
641 3
615 5
833 2
829 4
519 0
516 2
515 3
512 5
659 4
500 1
501 2
499 0
495 0
495 3
501 1
504 1
505 3
500 0
500 5
650 5
847 3
679 5
911 1
912 5
1198 4
547 5
586 1
586 5
723 4
513 5
576 5
721 1
718 4
508 1
511 0
506 4
499 1
500 3
524 2
514 5
575 2
573 1
572 1
572 2
570 2
568 5
723 3
593 1
590 4
512 0
506 4
496 0
495 2
495 3
498 3
502 4
497 2
496 2
495 1
496 1
496 2
495 4
494 3
513 5
574 3
524 2
523 3
527 2
523 4
496 4
493 0
493 4
491 2
491 4
491 0
491 2
491 2
491 5
639 2
636 2
635 4
497 3
545 5
573 5
720 5
896 3
704 3
645 1
645 5
870 5
1184 2
1178 5
1489 5
1814 5
2152 3
1914 2
1905 2
1895 3
1773 0
1771 3
1697 0
1697 3
1644 0
1644 2
1638 0
1638 1
1638 0
1638 3
1589 5
2481 0
2481 2
2474 4
593 5
617 4
544 4
540 1
540 5
593 4
530 3
539 0
524 4
505 2
504 5
567 5
713 2
708 5
901 3
684 5
895 5
1167 0
1167 3
990 4
539 5
591 5
740 5
939 0
939 4
521 1
523 2
520 1
525 4
517 3
530 1
530 3
532 4
528 0
511 3
511 3
507 4
494 4
494 2
493 3
510 2
505 0
499 2
497 1
499 3
506 0
503 1
504 5
650 1
648 4
494 4
493 5
571 4
488 4
488 3
544 5
570 0
566 2
564 2
562 5
716 3
590 1
590 3
576 1
576 3
571 5
749 3
667 5
945 4
512 4
499 0
494 0
494 1
497 0
495 4
485 2
484 3
503 3
491 3
498 2
496 3
494 3
497 3
494 0
494 3
500 5
632 1
633 2
630 3
565 0
565 5
792 3
701 1
702 2
700 4
513 3
504 3
500 4
492 4
492 4
492 2
491 5
575 3
534 5
664 5
865 2
859 4
509 5
565 5
702 3
576 2
574 3
561 0
560 4
509 5
583 2
581 2
579 3
536 1
536 5
703 3
630 5
877 3
797 5
1143 3
1065 5
1555 2
1550 3
1482 4
565 4
544 3
522 1
522 0
519 4
498 4
493 3
513 3
497 4
494 3
506 2
500 4
499 1
502 4
501 4
501 5
570 0
569 1
569 5
735 5
937 3
737 4
532 2
529 0
518 5
678 0
678 0
678 5
879 2
873 0
873 3
679 2
676 4
520 1
520 1
522 3
510 3
507 4
499 0
493 5
627 1
627 5
818 4
512 4
510 3
555 2
549 0
516 0
516 3
506 3
502 4
488 4
485 2
483 3
504 0
497 5
625 1
625 3
556 0
553 3
549 2
547 0
547 3
545 2
544 4
503 1
505 3
497 1
500 0
499 1
500 1
502 4
489 4
481 5
560 4
484 2
483 1
483 2
483 2
482 0
481 3
491 3
484 2
483 1
485 2
484 2
482 4
480 0
480 4
479 1
483 2
482 5
569 2
566 0
566 0
566 0
566 3
533 5
664 2
661 0
661 1
657 4
494 3
497 5
571 2
569 3
528 4
486 1
489 4
488 2
487 3
487 3
488 1
491 4
487 3
492 3
489 0
487 3
492 4
484 4
484 4
484 0
481 4
479 2
479 4
479 4
479 3
490 0
486 3
489 4
481 0
480 5
611 2
608 2
606 4
484 3
496 5
565 0
565 3
522 3
521 1
525 4
489 4
488 4
488 4
488 2
487 0
483 5
625 1
624 0
624 4
484 2
484 3
497 4
494 3
487 4
487 0
484 1
487 5
621 1
628 2
625 3
549 3
537 1
537 3
532 3
532 2
531 4
482 3
486 3
483 2
482 0
481 0
481 4
479 5
570 1
571 4
480 5
562 4
480 3
485 3
483 5
561 4
480 2
480 0
480 5
618 1
618 3
545 2
543 0
541 0
541 3
537 0
537 3
538 3
538 0
538 4
496 2
495 3
493 4
482 2
480 2
479 4
479 2
479 3
480 0
479 2
478 0
478 5
624 1
624 2
619 1
619 5
802 1
801 3
653 5
879 4
523 3
508 3
510 4
504 4
504 5
558 5
697 4
495 3
528 1
530 2
527 1
528 4
524 5
555 2
552 3
521 2
517 1
519 1
520 5
616 1
616 1
616 0
616 0
616 2
614 3
571 3
564 0
564 3
563 0
563 3
563 3
563 1
567 0
567 3
566 1
569 4
505 2
504 2
501 5
590 1
591 0
591 3
546 3
537 5
707 2
702 0
702 3
632 5
893 3
822 5
1199 2
1195 4
522 1
524 4
506 5
562 5
716 3
600 4
503 1
503 3
522 4
517 3
529 2
509 5
581 3
538 1
539 1
542 2
537 2
532 5
648 2
645 4
494 3
513 2
508 4
503 3
519 2
514 4
514 0
500 2
492 2
491 1
492 3
499 1
501 5
623 5
822 2
815 2
810 2
804 0
804 3
636 4
509 4
506 2
504 1
504 4
504 2
502 4
502 4
502 0
498 4
492 3
549 3
513 0
505 1
505 3
504 2
503 2
502 0
502 5
652 2
643 2
640 5
840 2
833 0
833 1
830 3
667 0
667 0
667 1
668 4
533 1
538 3
520 2
518 2
516 3
524 4
511 4
511 1
511 3
511 1
514 4
512 4
512 4
512 0
500 2
498 1
498 0
498 5
638 5
827 5
1026 0
1026 1
1026 3
780 5
1006 0
1006 4
533 2
530 0
517 2
516 2
515 0
515 2
514 0
514 5
675 2
665 3
581 3
569 3
563 2
561 0
560 4
506 0
505 2
504 5
676 0
676 1
676 3
600 3
581 3
578 3
577 2
576 1
578 0
577 1
578 3
576 4
508 5
604 4
495 3
511 5
573 0
571 3
531 1
536 0
533 2
532 5
752 4
503 2
502 0
494 3
498 1
500 4
492 0
491 1
491 0
491 0
491 1
493 4
488 3
539 0
511 3
498 3
497 4
489 5
575 0
574 4
488 0
485 0
485 4
483 0
483 3
487 1
493 2
487 3
488 0
487 4
484 3
483 5
567 4
484 3
484 3
485 5
569 2
567 3
522 4
486 0
486 2
486 0
486 1
486 2
485 5
628 0
628 5
812 2
801 3
652 2
649 5
892 5
1194 2
1185 4
529 0
507 0
507 2
506 4
493 3
522 0
506 2
503 3
499 2
498 4
490 1
498 3
516 4
513 4
513 5
566 3
529 5
659 4
505 3
507 5
565 0
565 2
563 2
560 0
560 0
560 4
493 1
500 0
499 0
499 4
490 3
517 4
513 0
498 2
497 3
496 1
497 4
486 3
534 2
529 2
527 4
526 0
492 1
492 0
492 4
478 3
501 3
487 2
487 3
497 2
492 5
570 3
534 2
529 1
530 3
530 0
527 5
724 5
952 3
797 4
533 5
583 3
540 2
538 2
536 4
496 5
565 4
489 5
553 0
553 0
553 0
553 4
484 4
484 0
483 4
482 3
503 5
559 4
484 4
484 1
484 1
486 0
482 3
491 0
486 5
618 2
616 3
562 3
550 3
548 5
709 2
706 5
947 3
800 2
796 5
1112 2
1107 5
1482 3
1344 3
1287 4
570 3
536 3
528 4
504 4
501 2
499 3
499 0
490 3
490 4
485 1
485 4
485 4
485 1
485 4
485 1
487 5
563 5
713 3
601 3
570 4
495 2
494 2
493 1
501 3
492 2
490 1
490 1
490 4
487 2
486 0
486 4
482 2
482 0
482 0
482 4
481 0
481 3
485 2
484 5
608 0
608 3
556 3
544 5
702 3
645 4
504 3
506 4
497 2
496 3
492 0
487 5
624 2
620 4
486 4
486 0
485 5
626 4
487 3
513 4
508 5
552 2
549 5
682 0
682 2
679 4
489 0
485 0
485 5
626 2
625 3
554 0
553 1
554 3
542 0
540 4
500 0
500 3
500 5
667 3
604 4
499 4
492 3
483 0
481 2
481 0
481 4
478 3
483 0
482 0
482 1
484 5
627 1
626 4
488 5
553 3
515 1
516 2
515 4
481 5
556 5
710 4
492 2
491 5
558 2
556 2
554 2
552 0
550 4
487 2
486 3
512 2
507 3
511 1
513 5
564 0
563 4
487 2
487 0
485 2
485 2
485 4
484 5
556 0
556 5
710 3
583 4
506 4
503 3
512 0
501 2
498 2
497 3
500 3
495 2
494 3
497 4
488 4
486 2
486 4
485 0
483 3
493 4
489 3
503 2
499 4
496 2
495 0
492 5
627 0
627 5
817 5
1018 0
1018 2
1005 2
995 5
1204 5
1414 3
1048 1
1048 3
895 5
1231 4
550 0
535 2
534 3
534 4
513 0
510 5
661 3
577 3
560 1
560 5
751 2
747 3
675 2
673 1
673 5
965 1
965 0
965 5
1312 2
1305 1
1305 4
535 3
538 1
538 3
540 0
525 0
525 0
525 0
525 2
524 3
525 2
524 1
525 0
522 3
521 3
519 4
503 4
499 3
509 3
498 5
577 2
575 1
576 3
540 2
538 1
538 2
537 3
530 3
530 1
530 2
525 1
525 0
524 4
498 3
507 4
501 3
498 1
498 4
498 2
496 3
500 4
500 0
497 1
497 3
498 5
641 2
639 1
639 2
637 2
635 1
635 3
578 2
575 1
575 3
565 2
563 2
562 1
563 4
501 2
500 0
498 2
497 5
655 3
580 4
506 2
505 5
582 2
580 1
580 0
580 1
581 4
503 3
515 1
515 4
509 1
512 4
510 0
499 4
495 2
495 0
495 3
496 4
492 3
504 2
495 1
495 1
497 4
494 4
494 4
494 3
504 3
506 3
495 4
495 5
573 2
571 0
571 5
735 3
609 3
583 2
581 5
798 3
714 3
700 2
698 2
696 4
507 0
504 0
504 2
502 2
501 5
664 3
585 5
796 5
1072 3
912 4
532 2
529 3
535 3
524 5
593 3
547 2
546 3
538 4
502 2
501 1
501 0
496 5
654 3
574 0
574 1
575 3
567 1
567 2
565 4
507 3
511 3
508 0
506 0
506 3
505 0
505 2
504 0
504 1
504 4
493 1
493 3
493 2
492 1
492 5
590 2
588 0
588 5
780 4
506 1
506 0
497 4
494 0
494 4
494 3
507 0
501 4
496 2
495 3
505 3
498 4
493 0
493 5
637 2
635 4
498 4
498 4
498 0
495 4
492 1
492 1
494 5
580 4
493 3
519 4
517 1
517 2
515 4
515 4
515 2
514 2
509 2
508 4
508 3
527 5
587 3
548 2
545 4
506 1
506 0
499 2
498 2
497 1
498 5
639 1
638 4
500 0
498 2
497 3
500 4
489 3
496 4
495 4
495 0
491 4
487 2
486 2
486 4
486 0
486 2
485 4
485 3
512 2
507 5
564 2
560 4
491 0
490 4
486 1
486 4
486 2
486 2
486 4
486 5
562 0
562 4
488 4
488 1
488 2
488 0
487 1
487 0
487 0
487 0
487 2
487 3
494 5
603 4
489 2
488 0
486 3
496 4
490 0
486 5
618 0
618 5
793 4
497 3
516 3
508 0
500 0
500 5
638 4
498 3
506 3
500 4
499 2
498 5
574 2
572 0
572 4
495 1
495 0
492 5
631 3
567 2
566 0
563 0
563 1
564 4
502 4
495 1
495 3
490 2
489 3
489 0
488 3
489 3
487 4
481 0
480 3
485 0
484 1
484 0
484 0
484 0
484 5
636 0
636 5
822 4
502 4
502 3
507 1
507 3
492 4
492 0
486 4
480 1
480 2
480 4
480 2
480 0
480 1
480 0
480 5
607 3
546 0
542 2
541 3
531 1
531 4
493 0
492 2
491 0
491 1
492 4
486 5
569 4
483 4
483 2
482 0
481 3
486 4
479 4
479 1
479 1
479 4
479 5
555 5
711 5
897 0
897 1
897 0
897 0
897 4
512 5
557 3
523 3
514 5
631 4
491 4
488 5
560 4
486 3
509 4
505 3
504 2
498 2
496 2
496 3
511 3
505 4
502 4
502 0
498 4
488 0
487 0
487 4
486 2
486 4
486 3
502 4
500 2
496 2
495 5
560 3
530 1
530 5
647 1
647 3
590 3
579 2
577 0
575 5
848 3
752 0
751 3
737 5
1126 2
1119 0
1119 4
530 2
524 5
574 2
571 1
572 3
544 3
538 5
692 4
508 0
502 1
503 3
505 5
659 4
498 3
535 2
511 4
502 4
502 4
502 3
546 0
512 0
512 1
514 3
506 2
505 1
505 2
502 2
501 3
502 5
633 2
625 1
616 5
809 2
803 1
803 0
803 2
796 0
796 5
1010 3
808 3
734 4
528 4
521 4
521 3
530 3
563 5
574 4
505 3
529 4
526 1
526 2
515 1
515 0
505 1
506 4
496 2
496 4
496 0
496 2
496 5
633 0
633 0
633 4
502 1
502 5
569 4
498 0
497 5
636 3
560 4
507 0
504 0
504 4
497 3
531 0
511 4
496 4
494 4
494 0
494 1
494 3
496 2
495 4
493 1
493 0
493 1
493 0
493 3
494 3
498 0
497 5
632 2
621 3
563 4
503 5
582 3
547 1
547 4
505 5
565 2
562 2
560 1
560 3
539 0
531 1
531 2
530 4
497 1
497 2
496 4
492 1
492 2
491 3
509 2
504 0
496 0
496 3
498 4
489 0
489 2
489 3
492 3
493 4
490 4
490 4
490 2
488 5
563 4
491 2
491 5
563 4
490 2
490 4
490 4
490 5
570 4
490 5
569 5
720 2
717 0
717 5
910 4
511 4
511 4
511 0
506 0
506 0
506 4
503 5
572 0
572 4
502 0
502 5
636 4
503 4
502 3
528 2
518 4
515 4
515 5
573 4
502 0
501 4
501 0
500 1
500 5
642 0
642 3
558 0
558 5
773 3
685 2
682 4
512 4
500 2
499 5
564 2
562 2
560 5
716 4
507 0
498 5
650 3
570 2
568 2
566 0
566 2
565 4
509 2
508 2
507 3
524 0
507 1
511 0
511 4
496 0
493 2
493 2
493 4
493 0
493 0
493 1
493 2
493 3
497 3
494 4
492 4
489 3
510 4
509 2
508 2
498 1
498 3
514 3
497 4
495 4
495 1
495 1
495 0
487 1
487 2
486 3
490 2
489 4
484 5
565 4
485 2
485 2
485 1
485 2
485 3
530 4
529 0
499 0
499 3
490 2
489 5
615 4
483 0
483 3
488 2
486 3
484 2
483 4
479 2
479 0
479 1
479 0
479 3
483 1
483 2
481 1
481 5
608 2
605 0
605 2
600 1
600 4
486 5
562 4
484 2
483 0
483 5
616 0
616 1
614 0
614 3
548 4
491 1
491 2
490 4
488 4
488 3
501 2
499 3
501 2
498 2
492 4
492 1
492 5
576 2
574 2
572 2
570 4
501 3
508 2
504 0
494 3
495 2
494 0
494 0
494 3
495 1
495 5
640 0
640 3
570 4
495 5
564 1
562 5
728 3
613 5
790 0
790 2
786 1
785 1
784 1
784 4
511 4
500 4
500 3
534 0
515 0
515 2
511 4
493 2
492 0
490 3
495 2
490 3
498 2
496 2
491 0
491 0
491 4
486 3
518 4
514 4
514 2
503 5
558 0
558 1
558 2
556 4
489 2
489 4
489 2
488 4
488 4
488 1
488 3
518 1
518 5
560 4
491 3
512 4
509 3
508 4
507 0
495 0
495 2
494 4
486 1
486 2
486 5
561 1
561 4
489 2
489 4
489 3
511 3
517 2
497 2
493 2
492 2
492 1
492 5
577 2
575 1
575 2
573 5
735 5
922 5
1120 2
1109 0
1109 4
520 4
520 2
519 0
513 2
513 5
642 1
642 3
564 0
561 4
509 2
506 2
504 2
503 3
509 2
504 3
515 4
507 3
495 0
492 3
493 4
488 3
504 4
504 1
504 4
504 0
493 5
641 5
833 4
508 0
500 2
499 2
499 3
502 2
501 4
498 4
496 2
495 3
511 5
567 3
538 4
505 2
504 0
497 3
502 4
489 0
488 0
488 0
488 5
630 2
628 1
628 1
627 5
815 4
503 0
497 5
630 5
825 4
506 4
505 3
524 0
506 4
495 3
510 1
510 2
505 4
504 4
504 4
504 2
503 1
503 2
498 2
496 2
495 5
554 3
533 2
529 1
529 1
529 3
523 1
523 4
499 5
563 1
563 5
717 5
913 2
904 5
1120 2
1110 5
1331 4
531 0
515 4
504 0
504 4
504 3
536 3
510 0
505 4
499 0
499 3
508 2
503 2
502 2
501 0
501 1
501 4
497 5
578 2
576 4
502 1
502 5
582 2
580 2
578 4
507 0
503 0
503 3
514 5
614 2
612 4
505 4
505 0
504 2
503 0
503 1
503 4
500 0
500 5
639 5
819 2
812 3
653 0
649 5
892 2
886 4
526 3
529 4
511 3
518 2
512 4
511 0
502 3
507 5
631 2
628 0
628 0
628 0
628 0
628 2
626 0
626 4
501 0
496 2
495 5
634 1
634 0
634 2
631 4
498 5
580 1
579 0
579 3
535 1
535 1
536 5
661 4
510 4
506 2
505 0
500 2
499 2
498 4
495 4
495 2
495 3
519 0
507 0
507 0
507 0
507 4
497 5
562 1
562 2
559 2
557 5
723 0
723 4
504 1
504 0
498 5
642 0
642 0
642 1
642 0
642 2
639 4
500 4
500 1
500 1
500 4
500 3
532 4
528 2
523 4
523 4
523 0
507 4
494 0
494 2
494 4
494 4
494 0
494 2
494 1
494 2
494 2
494 0
494 0
494 4
494 2
494 0
494 0
494 3
502 4
500 1
500 5
569 0
569 4
496 2
496 3
522 2
518 5
579 4
499 2
498 2
497 4
497 4
497 0
496 4
496 5
583 4
497 2
497 0
496 2
496 0
496 2
496 0
496 3
503 3
500 3
501 2
500 0
497 2
495 4
494 2
493 4
493 2
493 2
493 2
493 4
493 0
493 2
493 0
493 1
493 2
493 3
501 2
500 3
498 2
496 3
500 0
497 2
495 0
495 1
495 4
494 2
494 1
494 4
494 3
513 2
508 3
544 2
542 3
519 2
515 2
511 1
511 3
515 5
569 2
567 0
567 4
494 0
493 2
493 0
493 0
493 1
493 0
493 3
503 4
500 0
496 1
496 2
496 4
494 3
516 1
516 3
522 2
502 2
498 1
498 4
498 0
497 4
494 4
494 2
494 4
494 2
494 1
494 1
494 1
494 0
494 5
640 4
500 0
498 4
496 3
528 5
574 4
502 0
498 2
497 2
496 2
495 3
504 3
497 0
497 0
497 4
495 5
571 4
494 4
494 4
494 3
547 2
542 2
540 4
538 0
510 2
509 3
504 5
630 3
569 2
567 2
566 2
565 0
565 0
565 0
565 3
558 4
499 2
498 2
497 5
580 2
578 2
576 4
494 3
496 4
495 2
494 5
555 4
487 3
503 2
495 4
494 2
494 2
494 4
494 5
564 2
562 4
487 0
487 0
487 4
487 2
487 3
509 1
509 1
509 4
508 5
564 0
564 2
562 2
560 4
487 2
487 3
512 0
504 2
502 2
498 2
497 0
497 1
497 3
494 4
486 4
486 2
486 4
486 4
486 3
501 5
576 4
496 1
496 1
496 3
520 2
504 4
502 4
502 3
524 4
523 3
522 0
506 3
504 4
495 2
495 2
494 2
492 2
492 3
510 0
501 2
498 1
498 2
496 4
492 0
492 1
492 4
492 1
492 4
492 2
492 4
492 1
492 0
492 5
637 4
495 5
575 4
494 0
494 4
494 5
579 4
494 2
494 4
494 4
494 0
494 5
642 2
631 3
563 3
548 2
547 2
546 4
497 2
495 1
495 1
495 4
494 2
493 3
513 2
502 5
566 5
720 0
720 2
715 5
914 2
904 2
897 2
891 0
891 3
708 1
706 0
700 0
700 2
696 1
696 0
696 1
696 1
696 3
648 3
638 0
637 2
636 4
524 2
522 4
506 0
506 4
501 0
501 0
500 4
499 5
594 2
592 3
545 5
689 2
685 5
899 2
893 5
1141 0
1141 5
1388 4
565 2
562 2
559 4
555 4
555 5
580 4
527 3
545 0
520 3
517 0
515 3
516 2
515 4
498 3
517 3
519 5
579 4
499 1
499 0
496 3
505 3
497 5
640 2
629 4
504 5
593 2
591 2
589 3
565 3
532 4
503 3
516 2
511 0
502 5
649 2
638 2
635 3
570 5
756 4
507 4
499 4
499 1
499 2
497 2
496 4
496 5
575 0
574 5
750 2
747 3
596 2
594 5
758 0
758 2
755 5
1015 3
864 4
527 0
516 4
502 4
495 4
495 1
495 2
493 5
582 4
491 5
576 3
535 0
531 4
498 0
496 5
654 2
652 3
573 0
572 4
508 4
498 2
496 0
494 2
493 2
492 4
489 5
582 4
491 2
491 1
491 2
490 5
581 0
581 2
579 4
490 2
490 3
514 0
500 0
500 1
500 3
502 0
502 0
502 4
489 0
489 3
494 3
492 4
490 2
488 2
487 5
576 3
536 1
536 5
662 4
503 2
501 4
493 2
493 2
493 2
492 4
491 3
545 2
541 1
541 3
519 2
513 2
499 4
497 2
495 0
493 2
492 0
492 0
492 5
637 4
493 1
493 4
493 5
563 3
528 5
632 5
826 4
508 0
504 5
651 0
651 3
582 3
555 4
502 3
527 3
505 2
504 5
584 2
581 5
750 2
746 1
745 0
745 0
745 2
740 2
737 3
610 5
791 1
791 2
787 0
787 0
787 3
703 0
703 1
703 4
515 2
514 3
529 3
510 5
578 4
493 4
489 2
489 4
489 0
487 0
487 4
487 0
487 1
487 4
487 2
487 2
487 2
487 2
487 4
487 4
487 2
487 2
487 0
487 4
486 0
486 2
486 3
498 2
493 3
494 3
489 0
488 3
495 2
494 4
491 1
491 3
537 5
566 0
563 2
561 3
527 4
493 0
489 5
629 3
561 3
551 2
550 3
543 5
717 2
714 3
650 3
633 3
628 0
628 3
626 5
945 5
1303 1
1303 4
515 5
572 5
724 2
721 3
602 0
601 5
859 3
758 3
729 2
727 5
1086 5
1498 2
1492 3
1359 2
1355 0
1355 1
1355 0
1355 0
1355 3
1311 2
1306 5
2000 2
1995 2
1990 4
539 2
536 2
533 4
515 4
515 2
513 4
513 5
561 1
561 2
559 4
498 0
493 4
489 2
488 4
488 4
488 4
488 0
487 5
627 4
494 2
493 4
492 0
489 2
489 2
489 4
488 1
488 5
565 3
523 3
511 2
510 4
489 2
487 0
486 5
616 2
614 0
614 4
491 4
490 5
564 1
563 3
526 0
522 1
522 3
519 3
519 4
492 1
492 3
500 1
500 3
491 0
490 4
486 0
486 0
486 3
496 0
493 2
491 4
486 3
506 4
498 4
498 3
502 0
494 3
500 4
496 3
492 4
489 4
489 4
489 3
500 2
497 2
495 0
492 2
490 1
490 2
490 1
490 0
490 4
487 4
487 3
501 4
497 4
497 0
492 2
490 0
490 4
486 3
498 1
498 5
571 3
531 4
494 4
494 2
492 5
552 2
550 0
550 2
548 2
546 4
490 5
576 2
574 4
490 3
519 0
503 3
504 2
503 4
491 4
491 3
525 2
521 0
498 2
492 5
637 0
637 2
631 5
816 2
811 1
794 4
517 2
515 2
514 2
513 2
513 2
511 5
576 3
536 3
531 3
525 4
497 4
497 1
497 0
493 0
493 2
491 0
491 1
491 2
490 3
500 0
497 3
497 4
487 0
486 3
495 4
493 4
492 4
492 2
491 3
532 4
530 2
491 4
491 3
516 2
511 3
493 4
493 0
489 4
485 2
484 1
484 0
484 2
484 4
484 3
509 1
509 5
571 3
529 4
492 2
491 2
490 2
489 4
489 5
561 1
561 4
489 2
489 4
489 2
489 3
510 0
498 4
487 5
558 4
484 2
484 3
512 2
507 2
496 1
496 2
494 4
494 5
558 2
556 3
528 1
528 4
496 2
491 0
490 4
485 0
485 1
485 2
485 3
494 4
492 0
488 3
490 0
490 2
489 5
634 2
623 3
570 0
568 3
558 0
557 1
557 2
556 2
555 5
798 2
794 0
794 2
785 2
781 2
776 2
772 2
768 2
764 1
764 1
764 0
764 5
1037 4
523 4
516 1
516 4
516 4
516 3
527 2
515 2
511 4
508 2
508 2
504 5
561 2
559 5
695 0
695 1
695 4
496 4
496 1
496 0
493 3
500 3
492 4
488 3
514 0
500 3
503 1
503 4
491 1
491 5
564 2
562 3
527 4
501 5
560 5
705 3
604 2
602 3
572 3
567 3
566 4
498 2
496 2
495 2
494 0
493 3
496 4
490 2
490 2
488 2
488 3
531 0
504 5
647 0
647 4
492 1
492 2
490 4
490 5
574 0
574 5
736 2
731 1
730 5
917 5
1126 4
522 4
521 5
579 2
577 4
511 0
507 4
499 2
498 0
496 4
494 3
525 0
510 0
510 4
498 3
507 3
507 2
505 3
505 5
567 2
565 5
699 4
503 4
502 5
559 2
557 1
557 5
680 0
680 3
560 4
506 4
502 0
498 5
627 2
624 5
792 4
507 3
524 4
519 2
514 1
514 4
514 0
504 5
639 2
628 1
628 2
626 1
625 2
624 4
501 2
501 4
501 2
501 4
501 3
558 3
523 4
523 3
526 1
526 4
523 5
559 4
502 1
502 2
502 3
529 4
526 3
508 4
508 3
512 4
512 2
507 2
506 2
504 5
559 5
684 2
680 3
579 2
577 4
508 2
507 3
535 0
517 5
660 4
504 3
525 4
524 2
523 3
528 4
527 3
532 5
565 0
559 5
721 3
622 5
815 1
814 0
813 4
517 2
515 0
511 0
511 0
511 2
510 1
510 2
509 1
509 2
508 4
498 2
497 4
496 5
574 4
498 4
497 4
497 5
569 3
533 3
523 1
523 4
503 5
579 0
579 3
544 2
539 4
495 5
554 4
496 2
496 0
494 1
494 3
503 2
502 3
496 0
494 5
634 0
634 4
497 4
496 5
563 5
715 3
586 2
584 1
584 0
582 2
579 0
579 5
800 4
507 3
547 5
576 4
496 2
495 1
495 3
513 1
513 2
507 0
501 3
499 5
627 0
627 5
820 4
501 2
500 2
499 3
517 1
517 -1
1426 4
1426 1
1426 5
1401 0
1099 5
1378 2
1361 1
1360 1
1360 5
1678 3
1527 4
601 5
627 1
626 5
767 3
655 0
654 4
536 1
539 5
593 4
511 3
508 4
502 5
570 0
570 2
568 4
497 2
496 2
495 1
497 3
510 4
509 4
508 1
511 0
497 5
635 5
806 0
806 0
806 3
652 0
651 1
652 1
652 2
648 4
520 5
579 0
578 2
576 4
499 3
517 3
499 2
495 5
572 4
492 5
562 5
702 1
701 2
695 3
592 5
745 2
740 0
740 1
740 4
498 2
497 0
494 3
504 1
506 2
504 2
503 2
501 5
631 5
825 4
509 0
502 0
502 2
501 5
643 4
498 1
500 5
574 4
499 0
498 4
496 3
518 4
514 1
522 5
559 4
492 0
489 2
489 4
486 2
486 0
486 2
486 0
486 2
486 5
619 3
539 4
491 4
489 5
569 0
569 5
736 0
736 3
620 2
618 4
505 3
515 0
501 4
493 5
573 5
724 2
718 1
716 2
712 0
712 2
706 5
895 5
1102 4
515 5
566 5
699 4
497 2
496 5
557 0
557 2
557 2
558 2
559 4
490 1
491 3
519 3
500 4
496 3
516 4
509 5
560 0
558 4
495 1
497 4
496 1
498 3
534 4
530 1
530 4
530 3
507 3
526 1
526 4
525 3
537 5
563 2
560 0
558 0
558 3
526 4
499 5
554 3
526 0
523 2
522 0
522 2
520 3
518 3
518 2
517 1
517 1
518 4
489 5
564 3
530 5
662 2
659 5
869 3
737 0
736 4
519 3
509 0
504 0
504 4
492 2
491 0
491 1
495 0
492 3
496 3
498 4
491 3
503 1
503 5
571 2
565 4
489 2
487 0
486 1
490 4
487 1
490 0
486 3
488 4
483 4
483 3
491 4
491 4
491 0
483 3
483 1
484 4
479 1
487 3
499 1
499 4
495 5
558 4
480 1
483 3
499 4
497 2
495 2
494 4
494 3
502 3
497 4
496 3
500 0
491 2
490 4
487 5
562 4
484 5
568 0
568 2
566 5
744 2
737 4
506 2
505 2
505 2
505 0
504 5
643 2
642 0
642 5
833 4
514 4
513 2
512 1
512 3
537 3
504 3
519 3
556 4
553 5
571 2
567 0
567 2
565 2
563 0
563 2
561 5
720 5
918 0
918 4
503 2
503 3
527 2
522 3
532 0
514 3
514 3
509 0
509 1
510 1
512 2
511 1
513 3
516 4
504 2
499 4
496 5
562 4
494 4
494 3
506 5
574 1
578 1
579 5
707 2
697 2
693 4
505 0
502 2
501 4
494 1
497 5
569 5
706 4
499 4
499 5
568 5
705 1
705 5
891 5
1084 0
1084 2
1073 2
1066 4
517 2
515 5
584 2
582 4
507 0
504 3
511 5
605 1
605 4
503 1
503 2
502 3
523 2
518 0
508 3
506 4
498 2
497 4
497 4
497 4
497 4
497 0
496 2
495 4
495 2
495 0
495 1
496 0
496 4
496 5
564 5
709 4
499 3
519 3
557 4
556 0
516 5
661 0
661 0
661 5
852 4
503 0
502 2
502 1
502 5
637 5
813 5
1009 3
740 4
517 2
516 0
509 4
503 4
500 0
500 2
500 4
499 2
498 5
578 1
579 4
497 5
578 2
576 2
574 1
573 3
544 1
550 1
550 5
610 0
610 1
619 4
500 2
499 2
498 5
574 3
538 1
538 0
533 4
507 3
540 3
512 1
512 4
505 3
549 3
532 2
521 4
520 1
522 2
520 2
518 3
524 4
523 5
568 3
535 4
505 0
494 4
492 4
492 4
492 3
513 1
513 0
506 5
657 1
657 0
657 1
658 4
504 2
502 4
501 2
501 3
523 4
522 2
521 2
516 4
516 4
516 5
563 1
564 1
567 4
501 4
501 4
501 5
570 5
704 4
506 0
499 3
504 3
499 2
498 4
492 5
561 5
719 3
586 4
502 4
497 4
497 0
494 5
630 3
563 3
547 2
546 4
501 4
496 3
539 4
538 4
538 4
538 5
564 5
702 1
700 5
883 4
507 4
506 3
536 5
564 3
531 5
633 3
584 4
510 0
507 3
507 4
493 3
510 0
501 4
492 4
491 4
491 3
541 3
515 2
504 2
503 0
493 5
631 1
629 4
493 3
549 5
566 4
493 5
570 4
494 5
570 2
568 2
566 2
565 4
495 5
587 3
537 2
533 5
636 0
636 4
502 1
504 1
506 3
559 5
560 4
494 1
495 4
495 4
495 3
509 2
503 1
503 1
504 2
499 4
494 3
508 2
503 5
554 4
491 3
523 4
520 4
520 2
515 3
510 3
523 4
522 4
522 2
517 4
517 0
494 0
494 4
489 2
489 0
489 2
489 5
623 0
623 1
622 1
623 4
491 5
575 2
573 2
572 2
572 1
573 5
729 0
729 0
729 4
502 0
499 4
498 4
497 3
529 4
526 5
564 2
560 0
560 1
561 4
495 2
495 1
495 2
495 1
498 2
495 3
518 1
520 3
517 0
506 1
508 1
509 5
642 3
571 1
577 4
508 0
501 1
501 5
650 4
504 0
501 4
498 2
497 0
497 4
496 4
495 2
494 2
494 4
494 2
494 3
510 3
541 0
506 5
646 2
632 2
629 5
815 2
810 1
799 4
505 4
505 4
505 0
497 2
496 0
496 0
496 2
496 4
495 1
495 2
495 3
551 2
546 2
542 4
539 0
500 0
500 3
492 4
482 2
482 4
482 0
482 3
491 2
489 4
487 0
484 0
484 5
619 4
489 1
489 4
488 0
484 0
484 1
492 0
490 2
487 4
484 5
561 0
561 0
561 4
484 1
486 4
485 5
559 5
703 0
703 5
886 0
886 4
499 5
555 1
555 2
553 4
491 2
491 3
521 5
554 5
694 2
689 2
686 2
682 4
499 2
499 5
563 2
561 3
528 4
506 2
505 2
504 5
558 4
491 1
494 4
494 2
494 1
494 4
494 4
494 0
490 2
490 4
487 4
487 2
487 5
557 3
524 3
509 2
508 2
507 3
516 3
509 4
489 5
564 4
487 5
555 0
555 1
554 4
484 5
556 4
484 3
512 0
506 4
496 4
495 4
495 2
493 1
495 4
494 3
502 5
554 5
702 1
698 3
595 5
748 4
499 3
494 4
488 4
488 0
487 3
493 1
494 4
488 3
503 3
499 5
554 2
552 4
486 5
550 2
548 0
548 2
546 3
518 3
508 4
490 4
489 4
489 0
486 5
627 2
624 2
622 0
622 4
488 0
487 1
492 2
487 2
486 5
620 1
621 2
619 2
617 0
617 5
795 3
654 2
651 3
603 1
603 0
603 2
602 3
592 0
591 5
861 0
861 2
857 5
1163 1
1163 5
1474 2
1466 1
1468 0
1468 4
515 2
513 0
501 1
502 0
502 4
488 4
484 4
484 4
484 2
484 0
483 3
493 2
488 0
486 2
485 4
482 0
482 0
482 0
482 0
482 0
482 1
483 5
614 4
483 2
483 2
483 4
483 4
483 2
483 2
483 0
482 0
482 5
613 2
610 4
484 4
484 5
558 4
484 0
484 0
484 2
484 1
484 1
484 3
493 0
489 4
485 1
486 5
554 0
554 2
552 5
716 0
716 2
712 4
492 2
491 3
514 2
508 3
508 0
497 3
502 0
499 2
498 0
498 4
492 3
503 3
492 5
563 2
561 2
559 3
526 1
527 0
523 2
522 3
521 4
493 5
574 4
491 0
489 3
499 1
500 0
496 3
498 5
648 5
845 3
675 4
512 5
559 3
532 2
531 4
495 3
537 2
535 4
535 0
502 1
503 5
658 4
491 1
491 3
502 2
497 0
491 0
491 3
492 3
492 2
491 3
493 5
642 1
641 3
570 2
568 2
566 2
564 0
564 3
557 2
555 3
554 2
553 5
767 2
764 1
763 4
507 2
505 5
584 2
582 3
543 3
534 1
535 3
532 4
494 1
494 4
492 1
492 0
490 3
491 5
645 1
644 0
644 2
641 2
630 0
630 2
628 0
628 0
628 1
629 2
627 3
567 1
570 4
502 2
501 5
562 4
493 3
492 1
492 4
492 1
494 3
493 4
493 3
491 1
493 4
492 4
492 1
492 1
492 3
493 5
558 3
517 5
649 2
646 3
591 5
800 2
797 3
714 0
714 2
711 3
700 3
697 4
514 2
513 5
614 2
612 4
503 5
591 2
589 0
588 1
588 4
501 3
516 3
513 4
510 0
498 0
498 2
497 5
656 0
656 1
655 3
580 3
559 3
555 3
554 1
555 1
555 2
554 2
553 5
750 4
508 4
502 3
508 3
545 5
588 3
539 2
535 4
498 3
509 3
511 1
511 3
504 4
502 0
494 2
493 4
491 0
491 1
491 1
491 1
491 3
496 1
497 2
495 2
494 3
496 1
497 0
496 2
495 2
494 4
488 1
490 4
488 5
574 5
742 4
501 3
521 3
515 3
518 5
559 3
529 5
644 4
503 3
528 2
522 2
517 5
573 2
571 5
702 5
881 4
516 2
515 4
515 5
582 5
729 2
726 2
723 0
723 2
719 1
721 0
721 2
717 1
717 1
718 5
911 5
1112 5
1329 5
1553 1
1553 3
1132 1
1132 1
1133 2
1126 1
1123 4
625 0
583 4
528 3
561 4
558 1
558 2
534 4
534 4
534 4
534 4
534 5
563 0
562 1
562 5
716 0
716 2
713 1
712 0
712 1
712 0
712 3
611 2
609 2
607 2
605 4
508 2
507 4
504 2
504 0
498 3
507 3
500 2
499 0
498 3
500 4
490 2
490 0
487 3
490 4
484 4
483 4
483 2
482 0
481 2
481 2
481 4
480 2
480 3
499 1
499 1
501 3
491 2
490 1
490 2
489 1
489 2
485 0
483 5
617 2
614 4
493 3
514 0
508 0
508 5
640 1
640 3
578 4
503 0
499 3
496 2
495 3
493 4
485 0
485 3
490 0
489 5
639 1
638 4
493 2
492 0
488 4
484 2
483 4
483 3
484 5
565 3
527 3
522 5
654 3
603 0
603 2
601 2
599 4
498 5
587 3
542 0
542 1
543 3
540 2
539 0
539 2
538 0
538 2
537 0
537 1
539 5
752 1
752 3
676 2
674 2
672 4
509 3
502 2
500 0
497 3
501 3
501 3
501 4
493 4
483 4
483 0
482 3
485 1
486 2
485 5
628 2
625 0
625 0
625 2
623 2
620 2
618 5
803 2
797 4
497 5
568 3
528 2
524 4
489 2
487 2
486 4
486 3
500 2
496 0
491 4
481 2
480 2
480 4
480 4
480 0
480 0
480 2
480 2
480 3
487 2
482 1
482 5
611 2
609 0
609 5
790 3
647 0
645 2
643 1
643 5
893 0
893 3
791 2
788 0
788 4
530 0
521 1
523 3
521 0
521 2
519 3
519 0
518 0
518 2
517 5
708 2
703 3
628 0
626 2
624 3
616 1
616 2
614 5
925 2
916 0
916 3
829 0
829 2
826 2
824 4
535 0
528 0
528 1
529 0
529 2
527 0
527 4
503 2
500 3
520 4
503 4
503 5
558 3
532 0
532 4
498 4
492 5
558 2
556 0
556 1
556 2
554 2
552 2
550 2
548 4
489 0
488 1
488 3
493 2
488 5
614 5
813 2
808 4
508 3
563 0
505 2
503 0
503 4
486 1
486 1
487 2
486 0
485 3
491 0
487 2
485 4
479 0
479 4
479 2
478 0
478 2
478 2
478 3
486 3
483 3
487 3
479 4
479 3
507 4
501 2
496 2
495 3
505 4
505 4
505 5
564 3
532 3
530 0
528 2
527 0
527 5
737 0
737 4
505 0
500 1
500 0
500 0
500 2
499 4
493 2
492 2
491 2
490 4
486 0
486 3
492 2
490 1
490 0
487 2
485 0
485 4
480 3
503 5
568 0
568 5
746 4
503 3
516 2
514 0
503 5
638 0
638 2
632 4
495 2
495 4
494 2
493 2
493 1
495 5
558 2
556 3
522 5
633 3
573 0
570 2
568 2
566 0
566 3
555 4
488 2
487 3
501 3
498 2
496 0
488 2
487 2
486 3
490 2
488 2
487 5
644 2
641 1
641 3
578 3
566 2
565 4
488 3
501 3
500 4
494 2
493 0
487 2
485 0
485 2
484 2
484 5
645 2
642 2
636 5
833 3
671 3
610 2
608 4
507 0
507 3
511 4
498 1
498 3
517 4
511 4
511 2
505 3
503 2
500 3
521 0
499 1
499 2
497 0
497 3
495 2
493 2
492 2
491 2
490 4
482 0
482 3
486 4
484 2
482 4
482 2
481 0
481 5
624 2
621 0
621 2
618 5
806 0
806 3
650 3
619 2
618 1
620 5
866 3
775 3
754 5
1143 2
1135 2
1131 1
1130 1
1130 0
1130 1
1131 2
1127 0
1127 2
1123 2
1119 3
1052 3
1032 2
1029 0
1029 1
1028 3
1023 2
1021 2
1019 3
1019 5
1710 4
525 2
522 2
521 5
586 0
586 0
586 2
584 4
505 5
574 5
746 2
741 3
613 5
822 3
719 1
719 1
719 3
696 3
690 3
687 3
686 0
686 4
525 0
522 0
522 2
521 0
521 0
521 2
518 5
718 3
645 2
643 4
518 4
506 4
506 5
572 3
541 0
539 3
538 2
537 4
504 2
503 2
502 4
495 2
494 4
494 3
504 5
578 2
576 2
574 5
725 0
725 0
725 4
499 4
498 4
498 3
551 0
513 4
493 5
559 2
557 2
555 4
489 5
563 1
563 3
526 5
635 2
632 4
489 3
508 4
500 5
553 0
553 2
551 3
517 2
516 4
491 4
488 5
559 2
557 0
557 4
486 5
563 2
561 3
511 3
509 2
508 2
506 3
507 3
507 5
632 0
632 4
493 5
570 0
570 0
570 2
568 2
566 4
486 5
562 3
517 5
647 2
643 2
640 5
840 2
831 4
504 2
503 2
501 0
494 5
635 5
822 2
817 2
812 4
505 2
503 0
497 2
496 3
504 2
502 2
497 3
501 4
497 2
492 3
524 2
509 1
509 0
502 2
496 1
496 0
496 3
496 5
637 2
634 3
571 3
563 4
501 5
570 2
568 4
492 3
504 1
504 2
501 2
499 3
501 3
502 4
497 3
502 4
501 5
562 0
559 4
494 5
587 4
493 2
492 3
527 5
570 5
712 4
504 2
502 0
498 0
498 0
498 3
506 4
499 2
499 4
499 2
494 3
519 5
578 3
531 2
529 3
526 4
494 3
517 4
516 3
501 1
501 3
523 4
522 2
510 2
505 1
505 5
569 1
569 2
567 4
495 1
495 4
495 4
495 2
495 4
495 2
495 4
495 4
495 1
495 4
495 4
495 3
515 2
510 2
505 4
504 2
502 0
494 4
489 3
511 2
506 0
501 5
653 3
571 4
502 4
499 2
497 5
575 3
536 5
658 2
655 2
651 2
648 3
588 0
586 1
586 3
582 4
501 5
588 1
589 0
589 2
587 2
585 2
583 5
780 0
780 3
634 4
514 1
514 3
514 2
508 5
579 3
533 5
656 3
608 0
605 3
598 2
596 3
596 4
503 2
502 5
592 2
590 3
546 2
544 4
500 5
584 1
585 2
583 1
583 0
582 5
780 4
506 4
498 2
497 2
496 4
496 2
495 5
567 2
565 0
564 2
562 5
734 1
734 3
601 4
507 3
513 1
513 2
511 2
509 3
507 3
508 5
556 0
553 5
723 1
722 5
924 2
917 2
909 3
749 5
946 5
1227 5
1533 2
1521 2
1509 1
1508 4
563 3
570 4
560 2
558 0
532 3
525 2
523 1
523 2
521 3
511 5
630 4
497 3
526 2
521 5
566 4
491 3
521 3
505 1
505 4
501 2
500 2
499 5
569 4
498 0
496 5
629 5
808 4
506 0
502 2
502 0
502 1
502 1
502 4
497 2
497 5
560 3
531 4
504 3
504 5
561 3
526 1
526 1
526 0
522 4
500 2
499 3
525 4
521 5
558 2
554 2
552 0
552 2
550 2
548 1
549 4
491 4
490 0
488 4
486 5
566 1
566 2
564 3
525 2
523 5
631 2
628 3
573 2
571 3
561 5
729 3
665 5
931 1
931 3
855 0
852 0
852 2
849 0
849 1
849 5
1271 1
1271 5
1722 1
1722 4
520 3
520 4
510 2
508 2
507 0
491 1
491 2
489 0
489 4
484 0
484 4
484 2
484 5
562 2
560 2
558 2
556 3
518 4
500 2
499 2
494 4
494 3
519 3
493 4
491 2
490 4
490 2
490 1
490 2
490 0
485 2
485 2
485 2
485 4
485 2
485 1
485 5
560 0
560 3
514 2
513 5
623 5
821 0
821 4
503 1
503 0
497 3
503 4
496 2
494 0
488 5
626 2
623 5
813 1
813 2
808 3
655 0
653 4
528 3
531 2
530 5
576 5
729 2
724 0
724 4
508 0
505 4
497 5
582 3
531 0
530 5
719 1
718 5
953 4
515 0
510 4
502 3
555 2
531 5
580 0
580 5
752 4
501 2
500 0
500 5
623 0
623 3
552 2
549 2
548 2
547 2
546 1
546 5
701 1
700 0
700 5
928 2
919 4
514 5
576 2
574 5
705 2
702 0
702 2
699 5
884 2
879 0
879 2
873 2
869 3
675 2
671 4
547 2
543 2
541 2
540 0
531 2
530 2
528 4
515 4
509 0
507 2
506 2
506 1
506 4
501 5
573 2
571 1
571 5
711 2
708 3
586 3
560 4
509 4
505 5
564 3
536 4
510 4
510 4
510 5
553 4
499 2
496 1
496 5
572 0
572 2
570 3
531 2
527 2
526 2
524 3
530 0
524 1
524 2
522 1
522 0
522 3
520 3
520 5
685 5
910 5
1156 3
920 1
920 1
920 0
920 5
1258 3
1125 2
1120 3
1047 4
551 4
540 3
524 5
588 3
551 5
681 4
503 2
502 4
498 0
495 2
494 4
494 4
493 5
554 3
530 2
528 3
522 1
522 4
495 2
493 3
517 2
507 0
500 2
499 4
494 2
493 3
516 4
515 2
503 0
496 2
495 2
494 0
494 2
494 4
490 5
558 2
556 2
554 1
554 5
701 0
701 2
689 1
688 1
688 5
870 2
865 0
865 3
663 0
660 2
656 2
652 3
619 3
609 3
606 1
606 0
606 1
606 3
605 5
887 4
517 2
516 2
515 0
510 3
517 4
507 5
572 0
572 0
572 2
569 0
569 3
541 5
690 1
690 3
637 2
635 4
514 5
577 1
577 5
747 1
746 4
506 2
505 0
499 4
490 2
489 2
488 2
488 3
545 3
511 2
491 3
542 4
540 1
540 3
509 2
507 2
497 3
537 2
532 2
532 1
532 4
532 2
531 1
531 1
531 1
531 5
552 2
550 1
550 0
543 0
543 5
701 4
490 5
555 4
486 1
486 0
482 2
481 4
481 3
507 5
565 3
525 0
521 4
487 5
571 1
571 5
714 2
708 1
708 3
594 4
500 2
498 2
496 3
499 2
495 3
498 0
487 3
489 1
489 2
488 0
488 2
487 3
488 0
488 5
634 2
631 2
625 3
560 3
552 3
550 2
548 0
548 4
505 1
505 2
504 3
500 0
499 2
498 0
498 4
492 2
491 2
490 2
489 2
488 5
569 3
530 5
665 2
661 3
598 2
596 2
594 0
594 3
591 2
589 0
589 2
588 2
587 3
586 1
586 0
586 4
507 0
506 0
506 1
506 4
494 1
494 3
497 1
497 3
495 2
494 2
492 4
482 0
482 0
482 5
638 0
638 0
638 0
638 3
565 4
486 0
483 0
483 4
481 2
480 2
479 2
479 0
479 0
479 2
479 5
626 4
485 3
492 4
488 2
487 0
479 2
479 3
482 3
480 3
483 1
483 1
483 0
482 2
481 5
627 2
624 5
811 5
1011 5
1219 3
943 1
943 2
937 1
936 3
822 2
819 3
768 0
768 5
1162 2
1157 0
1157 1
1157 1
1157 2
1153 3
1046 2
1043 1
1043 2
1040 3
1009 3
1002 5
1615 0
1615 5
2269 3
2142 4
569 0
554 4
523 0
521 4
519 2
518 2
517 2
516 4
509 2
508 4
508 5
600 3
552 3
540 2
539 2
538 0
537 0
537 2
535 3
532 4
499 2
498 3
502 3
502 1
502 4
495 3
502 2
501 3
494 5
575 3
534 3
530 5
692 2
689 0
689 2
685 1
685 0
685 3
622 4
496 4
490 2
489 2
488 3
491 1
491 3
491 2
489 5
575 2
572 0
570 4
484 2
484 0
483 3
487 3
484 4
480 1
480 2
479 2
479 4
479 3
483 0
482 3
485 5
620 0
620 3
566 2
563 5
742 3
672 5
967 2
963 4
521 2
519 3
514 2
512 5
579 0
579 3
535 2
534 4
490 5
567 5
741 3
624 4
506 2
504 5
558 2
556 3
533 3
522 2
521 5
656 3
594 2
592 3
578 2
577 3
577 2
576 4
492 3
493 3
489 0
489 0
489 2
487 2
487 5
642 4
489 1
489 2
488 5
566 4
481 0
480 2
480 2
480 1
480 3
483 0
482 2
481 0
481 2
480 3
483 0
483 2
482 3
486 2
485 0
484 4
480 3
486 2
482 3
486 2
485 0
485 3
487 5
624 4
487 5
563 5
718 4
495 3
517 0
505 0
505 3
503 2
502 4
491 1
491 0
491 0
491 0
491 4
490 0
489 2
489 5
632 3
563 5
743 3
656 0
655 2
653 1
653 5
956 2
952 3
852 1
852 4
528 5
598 5
758 5
967 4
514 1
514 1
514 2
512 3
512 4
505 5
559 2
557 4
486 3
510 4
506 3
501 1
501 0
494 4
486 0
486 3
491 2
489 0
486 3
489 4
486 2
484 0
484 3
491 5
623 5
799 2
794 5
986 3
786 2
780 3
701 5
967 4
528 2
526 5
574 2
572 0
571 0
571 3
548 4
512 2
510 4
508 2
506 3
529 0
510 1
510 0
510 2
508 1
508 0
508 2
506 3
504 0
500 1
500 0
500 3
497 4
485 4
483 2
483 4
483 3
494 2
489 0
485 2
484 1
484 4
483 5
567 3
531 4
494 4
494 2
493 3
501 0
494 0
494 3
495 3
498 4
488 2
483 1
483 2
481 4
481 2
481 5
565 4
481 0
481 3
492 0
488 5
632 3
568 2
566 5
739 4
504 4
501 1
501 0
492 4
485 1
485 2
484 3
506 2
501 5
569 5
717 3
605 1
605 4
496 2
494 5
549 2
547 2
545 5
690 1
690 1
683 4
490 2
489 0
484 3
492 2
487 4
482 4
482 0
482 2
480 1
480 3
488 0
485 4
479 2
479 3
501 5
560 1
560 2
558 0
556 2
553 2
551 1
551 5
709 3
591 2
588 3
564 5
740 0
740 4
503 4
492 4
492 5
549 4
482 5
552 3
512 3
509 2
507 4
480 0
479 3
488 4
480 2
480 2
480 2
480 4
480 0
478 2
477 3
481 3
480 1
480 2
479 3
479 3
480 3
479 5
600 3
536 2
535 4
487 2
486 5
565 4
483 2
483 2
483 0
480 3
485 2
484 2
483 2
482 3
483 0
482 3
483 2
482 3
481 5
619 5
803 0
803 4
501 1
501 0
496 5
621 0
621 1
620 2
619 2
616 3
556 0
555 2
553 2
552 2
551 2
550 4
505 5
573 2
571 3
539 0
531 3
530 3
530 2
529 2
528 2
527 2
526 5
709 5
945 1
943 2
938 4
512 3
529 0
508 3
508 0
508 5
662 0
662 2
658 2
655 3
579 2
577 2
575 0
575 1
575 1
575 2
573 3
563 4
502 3
510 0
505 4
497 2
496 0
496 2
495 4
490 1
490 4
481 2
480 5
573 4
486 2
486 4
484 2
484 3
491 3
480 4
480 2
480 5
555 0
555 2
553 5
718 2
715 5
902 4
500 1
500 0
494 3
501 2
497 4
492 2
487 1
487 4
486 2
485 4
485 3
511 4
505 3
506 4
503 3
505 5
551 2
549 2
547 1
547 4
492 3
557 0
518 3
501 0
499 0
499 2
498 4
484 4
482 1
482 2
480 2
480 3
489 0
483 0
483 0
483 0
483 2
481 2
481 4
481 0
481 2
480 4
477 1
477 4
477 2
477 3
488 2
486 2
481 2
480 2
480 0
480 2
479 2
479 2
479 3
489 5
599 4
484 5
549 0
549 0
549 2
547 0
547 2
545 1
545 1
545 0
545 4
483 4
483 5
545 2
543 2
543 4
482 4
482 4
482 2
482 2
482 0
481 1
481 2
481 0
481 4
481 4
481 1
481 2
481 4
481 3
502 0
495 2
495 1
495 1
495 2
493 2
491 3
498 1
498 5
602 5
784 2
773 2
767 2
763 2
759 4
501 0
495 2
495 2
494 2
494 3
503 3
497 0
496 1
496 5
639 2
636 4
499 1
499 4
498 2
497 0
494 0
494 0
494 2
494 3
500 2
495 5
616 2
605 4
497 4
495 0
493 4
490 4
490 3
519 3
504 1
504 1
504 0
495 2
494 2
493 4
486 3
515 3
538 1
537 4
537 4
537 4
537 2
492 0
490 1
490 2
489 4
486 1
486 4
486 5
558 5
717 2
713 5
907 3
677 4
515 3
554 1
554 2
550 5
570 2
568 0
565 0
565 2
562 3
524 2
523 2
522 1
522 2
516 3
515 2
514 0
514 0
514 5
684 4
496 0
493 3
503 3
498 5
635 3
570 3
560 3
557 2
556 4
495 4
489 2
488 0
486 4
483 1
483 0
483 2
483 4
483 5
573 4
484 3
503 2
499 0
494 0
494 5
649 2
643 5
836 0
836 2
829 2
820 2
815 4
522 2
521 2
519 1
519 4
516 1
516 5
599 2
598 1
594 2
592 1
592 0
592 4
512 0
511 0
511 2
511 0
511 4
510 5
604 1
603 3
568 3
524 4
501 0
499 1
499 4
492 4
492 4
492 0
491 2
491 1
491 0
491 4
491 3
513 4
511 4
511 5
560 4
491 3
522 2
511 4
507 2
502 2
500 3
515 2
510 4
509 4
509 0
494 2
492 2
492 2
492 4
486 0
486 0
486 3
492 2
491 2
490 3
487 2
486 2
484 0
484 1
484 4
481 5
554 2
552 2
550 4
481 0
481 4
481 0
481 5
605 5
776 2
771 2
766 0
766 2
761 4
501 2
501 3
540 3
512 4
510 2
509 1
509 1
509 5
569 1
569 1
569 5
707 2
703 4
503 4
503 0
500 0
500 4
497 3
520 2
515 1
515 2
512 4
511 2
508 2
504 0
499 4
495 5
569 5
718 2
715 0
715 2
712 4
502 2
502 2
502 0
498 2
498 0
498 3
506 4
503 3
530 0
514 2
506 4
498 5
574 2
572 0
572 0
572 0
572 4
510 2
510 -1
1426 2
1420 3
777 4
777 5
720 1
721 1
722 5
731 3
656 1
656 0
610 4
532 1
536 5
593 2
591 1
593 2
591 1
595 2
591 2
589 5
732 5
913 5
1103 4
533 0
526 3
530 3
525 2
524 2
523 5
627 4
515 0
508 0
508 2
507 2
506 5
646 2
635 2
635 3
569 5
702 5
928 2
922 3
756 3
706 4
521 1
521 0
518 3
517 5
677 5
890 5
1121 1
1120 2
1110 0
1110 0
1110 0
1110 4
521 1
523 2
521 5
584 5
736 4
508 2
507 4
505 5
577 0
577 4
499 3
529 4
527 1
530 1
532 0
512 1
513 2
512 1
517 4
500 2
499 2
499 2
499 0
499 2
499 4
496 5
570 1
569 5
724 4
503 1
503 4
502 2
502 1
502 5
573 2
571 5
714 5
888 0
888 4
518 4
518 5
590 5
731 5
909 0
909 5
1104 2
1094 5
1294 0
1294 4
524 1
524 0
511 3
516 0
512 0
512 1
513 5
666 0
666 4
504 2
502 1
505 1
507 1
507 2
505 1
508 1
512 4
507 1
513 5
578 3
535 0
528 2
526 4
500 4
496 3
551 3
521 2
501 5
561 3
534 5
647 3
592 0
591 4
508 0
506 0
506 4
495 2
494 2
493 3
504 3
516 0
502 4
495 0
494 2
494 4
493 1
495 4
492 3
503 3
503 3
503 2
500 2
498 1
500 1
502 2
500 2
498 4
497 0
494 5
645 4
498 5
578 1
581 0
578 3
533 5
665 2
662 3
598 0
595 5
847 2
842 0
842 0
842 2
837 2
828 4
519 3
542 5
580 5
729 4
512 1
512 1
516 4
509 1
509 4
509 4
509 2
508 5
570 4
499 3
524 3
517 5
575 2
573 5
726 2
723 4
508 3
542 3
508 5
574 3
539 0
532 2
530 2
529 0
529 0
529 5
718 3
627 1
628 2
626 5
861 4
508 1
509 3
521 2
517 1
518 1
518 4
512 2
511 5
564 0
564 2
562 4
497 0
495 0
495 3
504 0
500 5
640 3
574 3
565 4
501 2
499 0
497 2
496 2
495 1
497 1
500 3
497 2
496 5
634 1
634 1
635 5
829 2
817 4
508 1
508 4
506 4
506 4
506 0
503 0
503 5
654 2
652 4
502 0
501 3
508 2
507 5
617 1
618 0
618 5
821 4
507 1
509 0
503 5
644 2
633 1
633 1
633 0
633 2
630 5
824 1
824 4
517 5
594 3
549 2
545 4
522 2
517 3
559 0
525 0
525 5
676 0
676 2
668 4
510 5
575 0
574 0
574 2
572 5
743 5
950 0
950 4
519 1
522 4
518 0
512 1
515 2
514 0
511 2
509 4
503 4
503 1
506 4
505 5
585 1
581 3
535 4
517 4
515 2
510 4
510 0
505 2
504 4
493 2
493 0
493 2
493 4
493 1
493 4
493 1
494 2
493 2
493 0
493 2
493 5
621 1
617 3
542 1
545 4
501 5
563 1
564 0
564 5
744 2
738 5
943 5
1162 2
1151 2
1141 2
1133 2
1121 0
1121 3
824 4
536 5
586 2
584 2
582 1
583 5
721 0
721 2
718 5
913 2
907 3
683 1
683 5
881 4
527 1
527 1
527 0
520 2
519 0
519 0
519 0
519 2
518 4
502 1
506 4
500 2
499 2
498 3
510 1
510 1
516 2
510 2
506 0
501 1
502 4
490 0
490 3
496 2
495 0
494 3
495 0
495 2
494 5
640 1
639 4
497 1
503 4
502 5
559 4
491 5
563 3
523 3
514 0
513 4
490 0
490 5
645 2
643 1
642 0
642 4
491 5
569 4
488 4
488 0
486 0
486 5
635 3
557 1
558 5
708 1
708 2
705 2
696 4
497 3
517 4
511 4
511 2
501 3
516 0
505 2
503 4
490 2
488 3
508 2
503 0
497 5
635 2
631 5
815 1
812 1
814 4
501 2
499 5
572 2
570 2
568 0
568 1
571 2
567 2
565 5
705 2
698 3
565 2
563 0
561 5
770 3
659 4
504 3
511 1
511 2
499 5
580 4
488 0
485 5
621 3
554 5
693 4
496 4
489 4
489 3
508 1
508 1
508 1
511 3
507 4
504 4
504 4
504 4
504 5
559 2
557 4
486 0
485 2
485 3
495 5
608 2
605 0
605 4
492 2
491 4
490 5
556 1
562 2
556 0
556 3
517 5
655 1
655 1
657 5
836 2
832 4
509 5
562 3
527 5
646 4
496 1
498 2
497 0
494 1
495 3
497 3
494 0
494 0
494 2
493 0
493 4
485 3
497 2
493 5
570 2
566 1
566 5
723 0
723 0
723 3
602 4
510 0
501 5
654 2
650 0
650 0
650 0
650 2
647 3
572 2
570 2
568 3
558 1
559 3
557 2
556 5
739 2
735 5
984 5
1266 4
529 3
534 0
515 5
664 1
664 1
664 3
587 3
563 4
500 0
499 0
499 5
646 2
642 1
642 2
631 5
826 3
661 2
658 2
652 3
619 4
509 3
520 2
515 2
514 4
507 2
506 2
505 4
505 2
505 3
507 2
503 4
502 4
502 3
544 4
543 0
507 3
502 4
494 0
490 3
496 3
495 4
490 1
494 0
490 3
494 3
492 0
492 3
492 0
492 4
487 2
486 0
486 4
485 5
564 2
562 5
723 3
594 0
594 4
509 1
510 1
512 2
510 1
510 4
497 4
497 0
490 2
489 5
636 0
636 4
488 5
560 3
519 3
512 0
510 3
507 1
508 2
507 0
507 3
507 5
691 5
910 2
904 1
904 5
1129 1
1127 3
911 0
909 3
833 1
836 0
835 5
1244 1
1243 0
1243 3
1136 3
1093 0
1093 5
1715 0
1715 4
537 0
523 5
706 1
706 2
695 5
918 4
519 2
516 2
514 2
512 1
515 0
506 3
505 3
503 3
506 0
505 0
505 0
505 4
494 3
495 2
494 3
494 2
492 3
493 0
493 2
492 1
492 2
491 2
489 4
489 5
568 2
565 5
729 1
730 4
493 0
490 4
488 3
513 0
501 0
501 3
502 0
502 5
659 4
502 1
502 2
501 5
564 4
493 3
502 2
498 0
493 5
639 0
639 2
632 2
629 3
557 4
499 1
503 2
502 2
501 2
497 4
495 1
497 4
495 5
553 4
492 0
490 4
485 4
485 2
485 5
572 4
488 4
487 4
487 4
487 1
487 4
487 3
509 0
504 2
500 2
498 1
498 3
502 0
499 2
497 5
642 0
642 1
644 2
640 0
639 3
563 0
562 0
562 2
560 2
558 0
558 2
554 5
787 4
507 4
497 5
562 4
485 5
569 4
485 5
570 2
568 3
527 3
518 0
511 4
489 0
488 3
497 1
498 3
493 0
492 4
487 1
487 4
482 3
510 3
496 5
587 0
587 5
771 2
759 1
759 3
625 3
592 4
501 4
498 5
578 2
576 4
491 4
490 1
492 1
492 1
492 2
490 2
489 0
487 0
487 0
487 5
635 0
635 3
565 5
726 2
720 3
645 4
507 0
504 0
504 1
506 0
506 3
509 3
506 1
506 2
505 4
496 3
537 0
511 5
665 2
647 4
496 4
493 4
493 4
493 5
576 4
491 3
526 2
519 4
517 3
507 4
506 1
506 1
508 4
507 4
507 3
544 0
507 1
507 4
488 4
488 4
488 3
508 4
504 4
504 2
503 5
558 3
521 3
520 4
490 2
489 4
489 2
487 2
486 0
483 2
483 2
483 0
483 5
623 3
547 5
708 4
496 0
495 0
495 3
495 4
484 2
483 0
481 2
481 3
486 0
486 3
486 2
485 5
628 5
817 2
810 4
497 2
496 2
495 2
494 4
493 2
493 4
493 0
489 0
489 1
489 4
486 1
487 2
486 3
515 2
510 4
503 4
503 4
503 0
495 0
495 4
483 0
483 2
483 0
483 5
612 3
541 1
541 2
540 2
538 4
495 2
494 0
490 0
490 4
484 4
483 1
483 5
572 0
572 3
526 0
525 3
525 5
705 0
705 4
503 4
494 4
494 0
492 2
490 2
489 2
488 0
488 2
487 1
489 5
624 4
490 0
487 2
486 1
487 3
495 3
487 4
484 4
483 4
483 1
483 3
503 2
497 3
497 0
495 3
503 3
497 3
499 4
494 3
496 1
496 2
494 2
492 4
491 5
558 4
491 2
490 4
490 2
490 4
490 2
490 0
487 5
622 4
495 5
570 3
532 3
523 0
523 3
524 2
520 5
698 3
615 3
602 1
603 0
603 2
602 2
601 4
509 2
508 2
507 1
509 2
507 2
506 2
505 4
493 0
493 1
494 3
496 4
490 3
527 0
491 5
627 2
618 0
618 4
494 0
491 0
491 0
491 4
486 2
486 0
486 1
487 5
622 1
621 2
618 4
494 3
514 2
498 4
498 4
498 2
496 3
506 2
494 4
494 2
492 1
492 4
492 2
492 0
491 2
491 5
638 4
490 1
492 3
519 1
519 2
512 5
565 3
520 4
489 3
505 4
505 3
492 1
494 2
492 2
491 0
490 0
490 2
489 4
487 2
487 5
562 1
556 4
487 4
487 4
487 5
561 3
523 1
525 1
525 3
516 2
515 2
514 3
518 5
630 5
823 2
818 3
686 2
682 5
928 1
928 5
1252 2
1246 0
1246 2
1239 5
1573 4
554 3
536 2
534 5
582 2
580 2
578 3
532 0
529 4
503 5
584 2
582 2
580 3
538 4
505 5
575 3
531 1
531 4
499 3
501 2
500 0
495 5
645 2
641 2
638 0
638 4
494 0
492 4
489 2
488 4
488 3
509 5
573 1
573 1
574 0
572 4
490 4
490 3
507 5
576 3
527 4
497 0
496 1
497 0
497 0
497 0
497 3
499 4
493 0
493 4
491 0
491 2
491 1
491 2
491 2
490 3
495 0
494 2
493 3
495 2
494 4
489 4
489 2
489 2
489 4
489 2
489 2
490 2
490 1
490 3
532 2
531 2
531 5
574 0
571 2
570 4
490 4
490 1
490 2
490 5
561 0
561 0
561 3
518 5
627 4
493 2
491 4
489 2
488 5
555 2
553 4
486 0
484 2
484 2
484 2
484 1
484 1
484 5
611 4
488 0
484 5
608 3
542 3
532 3
529 2
527 0
526 2
525 2
524 2
523 0
523 1
523 3
521 1
521 0
520 5
726 3
650 4
512 1
512 0
509 5
673 3
593 0
593 0
593 2
591 4
513 5
589 3
541 3
536 3
536 4
494 2
493 4
488 2
487 0
487 2
486 3
492 5
630 3
567 2
565 0
565 0
565 3
560 3
558 4
499 1
499 4
488 1
488 4
488 2
487 0
484 3
488 3
489 0
488 3
488 5
642 2
639 0
639 4
490 3
501 2
499 4
497 4
497 4
497 2
493 0
491 1
491 3
492 3
494 0
493 2
492 3
495 0
495 1
495 2
494 4
490 1
490 5
576 0
576 4
490 3
530 0
503 5
652 2
634 5
823 1
821 2
814 1
814 0
813 2
807 4
520 4
520 3
539 2
523 3
517 4
514 3
520 4
517 2
516 0
502 0
502 2
501 1
501 2
500 2
499 4
492 2
491 4
491 3
520 3
539 3
522 2
511 1
511 2
507 2
502 1
502 1
502 1
502 4
501 1
501 3
516 0
501 2
498 1
498 3
497 2
496 0
496 2
495 5
638 0
638 1
638 3
566 4
498 5
568 4
494 4
494 3
513 2
509 2
507 2
506 5
582 3
526 2
524 4
495 4
495 3
507 2
506 5
576 2
574 3
530 4
499 3
506 4
505 5
572 5
723 2
719 4
495 1
495 5
567 5
717 4
494 4
493 1
493 1
493 3
518 3
508 4
507 2
506 0
495 3
501 1
501 4
494 0
491 1
492 2
492 4
488 2
489 2
489 1
489 2
490 3
519 5
560 3
526 2
524 2
522 4
491 4
491 2
490 3
522 5
566 4
497 0
493 0
493 2
492 2
491 5
642 5
829 0
829 4
499 2
498 4
497 4
497 1
497 0
493 0
493 2
493 1
495 4
493 2
491 5
564 2
562 1
562 1
562 3
523 2
521 4
503 3
514 1
514 4
512 4
512 2
511 1
511 4
511 1
511 3
513 3
510 5
559 5
686 0
686 2
683 5
880 4
518 0
511 1
511 1
511 4
499 2
499 1
499 2
498 2
498 1
498 4
498 4
498 3
527 3
513 0
496 0
496 4
494 1
494 4
494 3
553 5
559 4
495 4
495 4
495 2
494 0
491 4
490 1
491 4
491 2
490 2
489 1
489 5
559 3
530 4
506 4
505 2
503 1
503 3
513 2
509 0
504 2
500 5
645 5
834 2
822 5
1027 1
1027 2
1021 4
520 0
513 5
649 4
505 1
505 2
503 1
503 1
503 2
502 4
502 4
502 5
577 5
720 2
717 3
571 0
567 2
562 4
506 4
500 2
496 0
495 0
495 2
495 3
501 0
498 4
489 3
522 3
499 5
559 3
534 2
530 4
500 2
499 4
498 4
498 5
553 1
552 3
534 2
532 3
523 0
522 5
707 4
500 1
500 0
497 5
646 0
646 5
838 2
831 0
831 3
656 2
654 3
609 5
827 2
822 0
822 3
738 4
516 1
516 5
578 2
575 4
493 5
567 5
734 5
930 4
515 0
510 5
649 2
646 5
836 2
831 0
831 0
831 3
655 2
653 1
650 4
529 3
516 2
514 0
511 2
509 5
666 2
663 0
663 5
864 3
697 3
640 3
626 4
515 4
508 0
507 2
505 2
504 0
504 3
505 4
497 4
495 3
513 5
589 2
586 3
547 1
547 3
540 2
538 2
537 4
494 2
493 4
492 2
491 3
512 0
502 0
502 3
499 2
498 0
498 4
488 3
497 2
494 2
493 3
501 3
495 4
493 4
493 4
493 4
493 3
530 3
504 4
504 5
585 3
530 2
529 4
492 2
490 5
568 2
566 0
566 4
489 1
489 0
489 3
494 1
494 3
493 2
491 2
490 4
488 2
488 5
577 0
577 3
528 2
526 3
525 3
523 5
681 3
617 2
615 4
499 3
537 5
578 2
576 4
495 0
490 1
491 5
632 2
629 0
629 0
629 0
629 5
817 4
499 3
518 5
564 2
562 2
560 4
492 2
490 4
490 2
490 2
490 2
490 3
513 3
504 2
498 3
519 2
511 3
498 5
558 0
558 5
717 3
594 4
503 1
503 1
503 0
498 1
498 4
489 0
488 0
488 2
487 4
486 0
486 4
486 4
485 2
485 3
487 0
486 5
629 3
556 3
543 2
542 4
492 2
491 2
490 4
488 5
564 5
715 5
893 2
886 4
496 4
496 1
496 5
558 3
530 0
524 4
497 4
490 3
514 2
504 5
565 2
563 1
559 0
559 4
492 2
491 5
555 5
700 5
877 1
877 1
877 1
876 4
502 5
556 3
519 2
518 1
518 3
510 5
621 0
621 5
813 5
1024 2
1017 1
1017 2
1010 4
510 2
504 0
497 3
507 4
502 3
515 5
573 0
573 5
737 3
605 0
602 0
602 3
585 3
582 3
579 2
577 3
576 2
574 2
572 4
502 5
582 1
582 2
580 2
578 1
578 2
576 3
534 2
532 3
529 2
528 2
527 4
490 3
488 2
487 0
486 2
485 0
485 3
489 2
488 2
487 3
491 3
489 0
487 4
482 0
482 4
481 5
564 2
562 1
562 3
519 1
519 3
511 4
485 0
484 3
489 5
631 4
493 2
492 2
491 3
515 2
510 3
503 3
505 3
506 0
499 2
496 1
496 4
488 2
488 4
488 5
565 3
529 2
524 0
519 4
493 1
493 3
508 2
497 4
494 5
574 0
574 2
572 2
570 3
530 2
529 1
529 5
694 2
689 1
688 4
498 4
494 3
514 4
512 4
512 4
512 5
561 3
528 5
646 5
848 3
699 2
696 5
927 3
841 4
526 2
524 1
524 0
517 2
515 2
514 3
515 3
510 0
510 5
689 2
686 5
911 4
513 4
508 4
508 2
506 2
505 2
504 3
529 4
525 5
559 4
502 3
536 1
536 3
508 0
503 2
502 4
496 5
581 1
580 3
541 5
622 4
510 2
507 3
528 2
523 5
572 3
537 0
534 2
532 5
718 3
640 3
619 4
504 3
506 5
579 4
496 0
494 2
493 1
493 3
499 4
493 1
494 3
512 0
499 3
503 3
499 5
647 0
647 2
645 3
574 3
569 5
764 3
693 4
512 4
503 4
503 2
501 1
501 2
499 2
498 0
495 0
495 4
489 0
487 1
487 3
496 3
489 1
489 2
488 0
488 3
497 5
636 3
570 3
557 0
556 0
556 1
556 3
553 4
495 5
595 2
593 1
593 1
593 4
490 2
489 1
489 5
586 3
534 2
533 2
531 2
530 3
527 3
523 0
523 3
522 0
522 1
522 4
497 2
496 0
495 4
490 2
489 5
579 4
489 5
575 4
488 2
487 4
485 5
568 2
565 3
524 3
518 3
521 2
520 0
517 2
516 4
493 4
488 0
488 1
488 4
484 2
484 4
484 5
566 0
566 4
486 2
485 3
501 5
565 1
565 3
524 2
523 5
652 0
652 2
649 2
646 2
643 1
643 0
643 4
517 2
516 4
512 5
580 1
580 4
505 0
502 2
502 2
502 1
502 0
502 2
502 2
502 3
531 2
499 4
496 3
522 4
520 1
520 4
520 2
515 3
507 2
499 0
495 3
495 0
495 5
642 2
631 3
565 3
554 0
553 2
551 3
551 3
551 0
551 5
799 5
1076 5
1360 5
1647 0
1647 4
542 0
517 5
672 3
598 2
596 4
511 0
505 2
503 2
502 4
496 2
495 4
493 0
491 4
491 2
491 4
491 4
491 0
491 4
491 1
491 2
491 2
491 4
489 5
561 0
561 2
559 2
559 3
527 4
498 5
567 4
490 3
538 3
506 4
505 4
505 1
505 4
505 2
491 2
490 4
490 3
528 4
526 2
521 2
517 2
512 4
512 1
512 0
497 3
503 1
503 0
499 1
499 2
498 0
498 5
647 0
647 1
646 5
850 4
506 1
506 0
503 2
501 1
501 5
644 4
502 2
501 3
529 0
511 2
508 4
496 2
495 5
561 1
561 3
535 0
531 5
719 1
718 5
946 2
935 4
511 2
508 2
507 0
502 3
508 1
508 4
503 1
503 0
499 4
494 3
546 5
583 2
581 5
728 2
724 2
720 2
717 3
597 3
578 3
570 4
504 2
503 4
499 2
497 3
525 5
595 2
593 3
550 1
550 3
536 4
501 2
499 5
572 0
572 3
543 1
543 4
509 2
507 4
506 4
506 2
505 3
523 0
507 0
507 2
499 3
505 0
502 3
504 5
641 5
845 2
840 4
508 1
508 0
499 2
498 3
506 4
497 3
540 3
502 2
497 0
495 3
502 4
496 2
491 2
491 5
574 3
530 3
521 4
493 2
493 2
492 5
567 3
534 5
638 1
638 0
638 2
634 5
843 3
699 0
698 1
698 3
669 4
516 5
593 2
591 3
549 2
548 2
547 1
547 4
501 2
500 4
498 0
496 1
496 2
495 3
498 1
498 2
497 3
496 2
495 0
495 5
658 2
647 4
498 0
493 2
492 2
491 3
493 4
491 0
491 1
491 2
490 4
488 3
529 5
574 4
492 4
491 5
565 2
563 5
712 0
712 2
709 2
706 1
705 0
705 5
894 2
884 3
667 3
621 1
621 2
619 3
608 0
606 2
605 4
512 1
512 4
500 3
520 3
550 5
572 5
733 5
930 1
930 0
930 1
929 0
929 2
922 3
730 2
726 4
520 0
511 3
508 0
506 4
495 0
494 0
494 4
491 1
491 5
579 3
532 5
663 3
598 2
596 3
586 2
585 2
584 0
583 3
583 4
504 2
503 0
503 4
495 5
583 2
581 3
539 0
536 4
505 2
504 4
494 2
493 1
493 2
492 3
513 4
512 1
512 2
501 2
501 4
501 1
501 3
510 4
509 4
509 2
508 4
508 0
490 4
484 4
484 4
484 2
484 5
578 0
578 2
576 4
489 1
489 1
489 2
489 2
489 3
504 2
501 3
498 4
495 3
501 3
497 3
500 2
499 4
498 1
498 2
497 5
578 1
578 4
489 3
496 4
496 0
489 2
488 1
488 2
488 2
487 5
632 4
496 3
505 3
496 2
495 4
495 3
497 5
571 4
489 4
489 3
500 3
495 1
495 0
495 2
495 0
495 0
495 3
494 4
492 0
492 0
492 3
495 3
497 3
495 2
493 1
493 2
492 4
489 0
489 3
494 3
492 1
492 0
491 3
495 3
493 0
493 1
495 4
488 0
488 4
487 4
486 5
576 2
574 4
487 5
578 0
578 1
578 4
487 2
487 2
487 2
487 5
589 5
756 2
751 3
587 4
515 3
508 3
521 4
517 3
546 2
544 4
543 4
543 2
543 4
543 2
498 5
576 2
574 1
573 3
530 2
529 5
635 0
635 4
503 2
501 4
498 3
555 2
550 2
506 0
504 3
510 3
503 1
503 3
507 3
504 4
498 5
570 2
568 3
538 3
530 3
531 2
529 3
535 4
507 0
503 2
502 0
502 2
501 0
501 3
505 0
505 5
657 3
587 5
783 2
775 4
511 4
506 5
566 2
564 2
562 4
495 4
495 2
493 4
493 0
492 2
491 2
491 0
491 3
500 3
493 5
621 0
621 4
493 0
490 2
489 2
489 2
489 5
620 3
549 2
547 0
546 3
543 3
542 2
541 5
730 2
727 2
724 5
972 1
972 3
812 4
527 3
515 0
502 1
502 0
502 0
502 0
502 2
500 4
494 5
575 4
489 2
489 2
488 3
498 0
493 4
487 0
486 4
486 2
486 5
569 4
487 2
487 1
487 4
487 3
528 2
528 1
528 4
528 0
492 4
481 2
480 1
480 3
494 0
488 4
486 2
485 2
481 1
481 4
480 1
480 5
566 2
564 0
564 2
562 1
562 3
518 0
517 0
517 0
517 0
517 4
497 2
496 2
494 4
488 5
558 0
557 1
557 0
557 4
488 2
487 0
486 4
485 2
485 3
516 3
490 2
490 1
490 0
489 5
618 1
618 4
493 1
493 0
489 2
489 3
492 5
613 5
787 1
786 2
781 2
777 4
496 3
521 0
511 4
499 2
499 1
499 4
499 4
499 2
499 3
516 2
514 4
508 3
513 4
510 0
490 4
484 0
484 4
483 0
483 3
494 0
490 2
489 2
488 0
488 1
488 0
488 4
482 2
482 0
482 5
614 5
785 0
785 3
618 1
618 2
616 0
616 3
583 1
583 3
578 2
576 0
576 4
502 2
501 2
500 0
499 0
499 4
491 1
491 2
490 2
489 0
489 5
646 1
646 0
646 1
646 2
643 2
641 1
641 3
570 2
568 1
568 3
554 4
497 5
581 3
536 2
534 2
533 4
497 4
494 4
494 3
498 1
498 2
496 0
493 3
494 2
492 2
489 3
491 0
490 3
490 4
484 0
483 2
482 2
482 4
481 5
570 4
487 3
487 5
575 2
573 3
523 0
522 0
522 2
521 0
521 2
520 3
518 2
517 2
516 1
516 2
515 2
514 3
513 5
700 0
700 3
629 2
627 3
614 5
895 4
510 0
500 2
499 2
498 2
496 2
495 2
494 4
484 1
484 2
483 2
482 1
482 2
481 3
490 3
489 0
487 2
487 0
487 1
487 2
481 2
481 1
481 3
485 3
486 3
485 2
484 0
484 3
485 5
639 3
573 2
571 5
777 2
773 0
773 3
688 2
685 1
685 4
504 3
496 2
495 0
488 5
642 3
570 3
556 0
556 0
556 1
556 2
555 4
502 3
496 2
495 0
493 3
495 4
489 0
489 2
488 1
488 0
488 3
493 0
492 2
491 3
494 0
493 5
653 2
650 0
650 3
584 3
571 4
489 4
482 2
481 2
480 1
480 2
480 4
480 2
479 2
479 3
483 4
481 0
481 2
480 4
476 2
476 1
476 4
476 2
476 5
568 3
521 2
519 4
484 4
484 4
484 2
483 4
482 0
481 0
481 5
626 3
560 1
560 0
559 4
495 4
484 2
483 0
479 2
478 0
478 0
478 2
476 3
484 2
483 3
481 1
481 4
480 2
479 5
570 3
527 2
526 0
526 3
521 5
703 3
631 0
631 4
501 0
500 3
503 2
502 0
501 2
499 5
671 2
668 2
665 5
870 3
724 5
1001 0
1001 3
883 5
1272 0
1272 2
1267 0
1267 3
1184 0
1184 3
1164 2
1161 2
1158 3
1140 2
1137 3
1131 4
555 5
613 2
611 5
788 2
783 3
679 1
679 4
525 1
525 0
518 5
687 0
687 3
610 2
608 1
608 0
607 2
604 2
602 2
600 2
598 5
863 2
859 0
859 3
768 2
766 5
1125 2
1121 2
1117 1
1117 5
1520 2
1514 5
1908 2
1898 5
2299 3
2122 2
2113 3
2034 2
2027 4
604 2
596 4
585 2
580 2
576 4
576 2
572 3
558 3
537 3
531 2
528 4
520 4
519 4
519 2
518 3
523 3
523 5
584 2
581 0
579 4
505 2
504 3
535 4
534 0
518 1
518 1
518 3
516 2
515 3
513 5
654 3
593 4
509 2
508 2
507 4
506 0
502 4
499 0
499 2
499 2
499 0
499 3
504 3
505 2
504 2
502 2
501 4
497 2
497 2
497 5
584 3
543 5
650 5
835 2
830 0
830 0
830 0
830 5
1061 3
844 5
1123 2
1116 5
1464 1
1464 5
1824 2
1811 0
1811 4
538 2
535 1
535 1
535 2
534 4
528 2
525 3
553 4
550 2
539 5
563 4
510 5
573 0
571 1
567 4
504 2
504 4
504 5
572 3
540 3
529 2
528 1
529 2
528 4
511 5
575 4
504 0
501 3
511 2
509 5
638 2
627 1
627 4
503 0
500 3
509 4
505 3
548 5
571 3
539 2
537 3
532 4
506 2
504 2
503 0
501 0
501 2
500 3
510 0
506 0
506 3
505 2
504 0
504 4
497 2
496 0
496 2
495 1
495 0
495 0
495 0
495 3
499 5
634 2
632 1
632 5
819 3
652 1
652 3
607 2
604 5
822 2
813 5
1098 4
525 0
514 1
514 2
512 4
500 2
499 3
531 5
567 2
564 4
502 3
530 2
526 5
566 2
564 2
561 2
559 5
698 0
698 4
500 5
567 1
567 4
497 1
497 3
546 3
511 2
501 3
554 5
569 0
565 4
492 0
492 3
502 4
497 4
497 2
495 0
490 5
624 0
624 2
622 2
619 1
619 2
618 2
615 3
546 3
535 0
534 1
534 2
533 2
532 4
497 0
495 4
493 2
492 4
486 1
486 4
486 3
498 5
569 3
527 1
527 0
524 0
524 5
703 0
703 0
703 1
703 5
916 4
499 4
498 3
524 4
518 0
507 -1
