5 2000
849 0
700 0
692 5
822 3
694 5
888 1
888 1
888 0
888 2
883 0
883 2
864 4
482 5
476 5
540 1
540 5
664 1
664 5
815 0
815 0
815 5
973 5
1132 2
1125 5
1281 0
1281 5
1434 5
1587 3
1388 5
1575 5
1781 4
522 2
504 4
493 0
467 3
450 5
497 1
500 5
585 4
430 2
429 0
422 2
423 2
422 3
419 4
411 4
410 4
410 4
410 2
410 2
409 3
408 3
408 1
408 3
408 4
408 5
437 0
437 3
426 5
478 0
478 3
450 4
418 3
415 0
409 0
409 4
407 4
405 5
433 4
410 4
409 3
409 5
429 2
431 4
413 0
409 0
409 5
475 1
476 2
475 5
569 5
687 0
687 1
692 5
806 5
923 1
921 0
921 2
916 3
746 1
746 3
676 3
633 2
629 1
631 3
604 5
768 1
768 1
768 2
764 4
447 3
430 1
436 2
433 0
424 5
506 0
506 4
426 0
423 3
421 5
499 3
470 1
472 0
471 1
472 4
428 3
418 2
417 2
416 4
410 4
410 3
409 5
439 1
440 2
438 2
436 5
501 5
609 0
609 2
606 1
605 0
605 0
605 3
526 2
524 1
524 2
522 4
432 1
432 5
435 5
494 2
491 0
490 1
490 5
605 4
434 5
440 0
438 2
437 0
437 3
430 2
429 2
428 3
426 4
413 0
411 4
410 2
409 2
408 5
439 5
509 4
424 3
418 3
418 3
418 0
412 3
411 2
410 5
471 5
573 2
572 1
569 0
569 3
505 2
504 1
505 4
431 0
425 3
422 5
493 3
460 4
419 3
413 0
412 3
412 4
411 4
408 5
441 2
441 4
412 3
412 4
410 3
410 5
429 0
428 4
413 1
416 0
409 5
477 1
478 4
412 4
411 4
411 3
411 4
409 2
409 4
409 3
409 1
412 5
429 0
428 3
417 5
475 4
416 5
432 0
430 2
429 3
419 0
418 4
406 4
405 3
402 3
402 3
402 4
402 4
402 3
402 3
402 3
402 5
435 1
434 2
432 1
433 0
433 5
520 3
461 3
447 2
445 2
444 0
444 3
442 5
565 2
563 5
718 3
652 2
646 4
445 0
433 2
430 5
527 4
417 4
412 4
412 4
412 5
436 1
438 0
435 5
521 4
420 4
417 5
425 5
474 0
474 4
410 2
409 5
428 1
428 3
421 0
419 4
411 3
409 4
407 4
407 5
426 5
485 5
575 2
571 0
571 4
415 3
410 5
425 1
426 4
406 1
409 3
405 1
405 3
405 5
424 3
415 1
415 0
413 4
406 5
429 5
490 1
492 5
593 5
708 3
592 0
590 0
590 1
590 0
590 4
435 2
433 2
430 0
420 2
419 3
418 1
418 5
486 4
417 4
414 4
414 4
414 4
414 3
411 4
409 4
409 0
403 1
405 3
402 1
406 1
407 1
408 4
403 4
403 3
403 4
402 0
402 4
402 4
402 5
430 0
430 4
404 0
402 0
402 3
402 4
400 5
428 0
428 3
416 3
410 3
410 3
409 2
409 3
409 4
404 1
404 0
403 3
402 0
402 1
405 1
407 0
405 4
403 0
402 4
402 0
402 4
402 4
401 5
438 3
423 3
419 5
485 0
485 0
485 5
606 5
750 5
899 4
443 5
440 4
426 0
414 3
411 0
409 3
409 3
409 1
412 5
480 4
416 4
415 2
414 5
428 4
408 2
408 1
411 5
430 4
407 4
407 0
405 0
405 0
405 5
466 5
547 3
476 1
477 3
455 1
456 0
455 0
455 4
428 4
416 3
411 4
410 4
410 1
410 2
411 1
413 3
410 2
410 4
410 5
429 3
417 4
408 0
407 0
407 0
407 5
481 3
450 4
412 3
410 1
411 0
404 5
471 0
471 0
471 0
471 4
413 5
431 0
430 5
509 1
508 3
461 2
460 5
549 0
549 5
697 0
697 5
860 4
442 1
442 4
438 3
423 4
421 0
409 2
410 5
465 4
409 3
408 4
408 1
408 0
407 2
408 0
408 4
406 5
428 5
484 3
441 0
437 0
437 4
413 1
413 0
409 3
409 0
409 3
409 0
409 0
409 4
406 3
402 3
402 0
401 3
401 2
402 1
403 2
402 4
402 3
402 5
436 4
405 3
405 2
404 4
403 0
403 2
403 3
403 1
403 3
403 0
403 4
401 0
401 0
401 4
401 0
401 5
471 3
438 1
438 4
409 2
408 4
406 3
404 4
403 3
403 5
440 4
406 4
405 3
405 0
403 3
403 3
403 0
403 3
403 4
402 4
402 0
402 4
402 5
438 4
405 3
404 4
403 0
402 3
402 5
474 2
474 0
474 5
573 3
488 2
487 2
486 4
425 3
413 4
412 2
412 5
434 1
435 4
413 5
430 3
417 5
466 2
465 2
463 3
440 1
442 4
410 0
407 0
407 2
407 1
408 0
408 5
487 0
487 0
487 4
415 2
414 4
411 4
411 2
410 4
410 3
410 0
405 0
405 2
406 1
407 0
407 2
407 5
478 0
478 3
445 5
520 0
520 2
518 0
518 3
477 4
420 0
416 2
414 1
415 3
414 4
408 5
445 4
408 1
410 3
408 1
408 4
407 2
407 1
407 3
407 3
407 4
407 4
407 4
407 1
407 5
430 4
407 5
431 1
431 4
408 4
408 4
408 0
405 5
477 0
477 4
412 1
412 2
412 3
409 0
405 2
405 4
403 2
403 0
403 3
402 2
403 5
469 5
565 2
567 2
567 2
567 2
567 5
677 1
676 3
563 4
436 0
424 2
424 3
420 0
419 2
419 5
508 1
508 0
508 1
507 3
465 5
566 0
566 0
566 5
727 0
727 4
431 2
429 1
429 0
419 2
418 4
410 5
441 4
408 3
407 0
406 0
406 3
406 1
406 4
404 3
404 4
404 3
404 3
404 0
404 0
404 5
477 2
477 3
437 2
436 0
433 4
413 1
413 2
412 3
407 4
404 1
404 4
404 4
404 5
437 5
508 5
624 2
623 0
623 4
426 4
425 1
425 2
423 4
423 4
423 3
417 2
416 1
417 4
417 4
417 2
416 4
416 1
416 1
419 5
435 2
435 3
421 0
417 5
497 0
497 4
412 3
410 2
409 4
406 0
405 4
405 1
405 0
405 0
405 5
473 3
438 4
410 0
408 5
476 0
476 1
476 3
443 3
435 0
432 3
431 5
545 0
545 4
424 5
441 5
514 4
422 2
421 3
418 1
420 4
415 3
415 0
408 1
408 0
408 4
406 2
405 5
431 4
413 4
413 5
426 4
412 2
412 2
412 0
406 4
405 3
404 4
404 2
404 5
428 3
415 2
414 4
408 0
406 4
406 4
406 0
406 5
466 5
564 2
564 3
493 1
493 2
491 4
421 0
413 0
413 2
412 0
412 5
492 2
492 0
492 3
462 4
413 4
410 1
410 2
409 1
409 4
409 4
409 3
405 3
405 3
405 2
405 5
429 4
407 4
406 5
434 5
492 4
410 0
407 4
405 0
404 5
469 2
469 1
469 4
410 4
410 1
410 5
425 3
417 4
408 0
406 0
406 1
407 4
406 0
406 3
406 0
406 2
406 4
405 0
404 5
467 3
442 3
434 5
503 3
464 4
417 0
414 0
414 2
413 0
413 0
413 1
413 0
413 0
413 5
498 4
415 4
410 1
410 0
407 4
406 3
404 2
405 2
406 2
406 0
405 0
405 2
405 3
402 0
402 4
402 0
402 5
467 4
406 4
406 0
403 5
470 2
470 3
442 0
441 4
410 5
430 0
430 1
430 4
409 2
408 5
430 1
430 4
407 0
404 4
402 3
402 2
402 2
401 1
401 0
401 3
401 1
401 5
464 3
439 1
439 0
438 2
437 4
413 3
407 2
406 4
403 0
402 1
402 0
402 2
402 5
476 2
476 2
476 0
476 4
413 5
431 2
431 2
431 3
420 5
477 5
581 1
580 5
710 1
710 5
849 2
843 5
981 1
979 0
979 3
821 2
813 4
462 3
440 3
437 4
433 4
431 5
438 1
438 2
438 5
480 0
480 0
480 5
561 4
420 3
415 0
413 1
413 4
408 1
408 3
407 3
407 5
426 2
426 5
483 4
407 0
405 0
405 3
405 0
405 2
406 3
406 4
404 1
404 3
404 5
428 2
428 1
428 2
427 5
494 5
583 3
498 5
578 4
438 2
436 0
427 3
423 5
498 2
496 2
496 3
464 4
421 2
420 5
444 5
521 2
518 0
518 4
421 4
413 5
429 4
406 4
405 4
405 0
403 5
468 2
468 3
442 1
442 2
441 4
409 2
408 2
407 4
404 2
403 1
403 0
402 4
400 5
436 5
503 1
503 2
502 2
501 0
501 3
451 5
531 3
484 5
614 2
611 2
609 0
609 1
609 3
563 4
438 2
434 3
420 4
413 5
430 3
420 4
405 1
405 2
405 2
405 3
403 0
402 2
402 5
470 4
404 2
404 5
425 0
425 4
403 2
403 4
403 4
403 3
403 5
425 5
489 2
489 4
406 2
406 1
406 0
403 2
403 1
404 0
404 2
403 4
401 4
401 2
400 4
400 1
400 1
400 4
400 5
432 1
432 5
495 4
408 2
407 2
407 4
405 3
405 2
405 1
405 3
405 1
405 2
405 1
405 4
405 0
402 5
459 0
459 0
459 3
433 3
424 3
421 5
479 0
479 1
479 1
478 3
452 5
560 4
419 3
411 0
408 4
404 0
404 1
404 2
404 0
404 2
404 3
403 5
477 0
477 4
406 4
406 0
403 2
402 5
466 3
437 0
435 0
435 4
412 0
410 2
410 5
497 4
410 1
410 0
405 2
404 4
402 5
433 4
404 5
428 4
401 2
401 2
401 3
401 2
401 3
401 3
401 0
399 4
399 4
399 3
399 3
399 0
399 4
399 4
399 0
399 1
399 4
399 4
399 4
399 2
399 5
426 0
426 0
426 1
427 1
427 0
427 2
427 3
417 3
409 2
408 4
405 3
403 2
402 3
402 1
402 0
402 5
475 0
475 1
474 3
445 3
438 0
438 3
435 0
435 5
562 0
562 4
433 5
446 1
446 3
434 0
433 2
431 0
431 4
415 0
415 4
411 3
409 4
406 1
406 2
405 5
440 4
410 3
410 2
410 2
409 3
409 5
438 3
427 0
425 4
412 0
411 1
411 0
411 4
407 5
447 2
445 2
445 3
426 4
410 3
405 4
404 0
404 4
404 0
403 4
402 3
402 4
402 4
402 4
402 2
402 1
402 5
437 4
409 2
409 2
409 5
437 4
406 3
405 2
405 0
402 4
402 3
402 0
402 5
466 4
409 4
408 3
407 3
406 5
438 2
438 1
437 3
418 5
471 3
450 3
441 2
440 4
411 0
411 3
410 0
410 0
410 5
505 3
464 1
464 1
464 3
453 3
448 1
448 4
407 0
407 3
406 5
497 0
497 0
497 4
411 3
409 2
409 4
405 2
405 4
405 0
404 2
404 5
483 4
408 3
407 4
405 4
405 4
405 4
405 4
405 5
426 3
414 3
413 5
468 3
447 3
439 3
438 0
437 2
436 0
436 0
436 2
435 5
569 3
524 1
524 2
522 3
507 1
507 2
506 3
494 3
485 3
484 5
671 0
671 2
667 4
433 0
427 5
527 4
420 3
416 2
415 3
414 5
446 0
445 5
542 0
542 2
540 3
480 0
480 3
463 4
418 0
416 0
416 4
410 3
406 0
406 4
405 2
404 0
403 3
403 5
493 0
493 2
493 4
416 5
432 3
422 1
422 2
421 1
421 1
421 0
420 2
420 3
420 0
420 2
419 2
419 0
419 0
419 3
419 3
419 5
533 2
530 3
485 3
472 1
472 4
421 0
420 4
408 3
405 5
445 0
444 0
444 3
430 2
428 3
427 3
423 3
422 4
405 2
404 4
403 0
402 5
493 5
623 5
774 0
774 2
771 2
768 1
766 3
642 0
642 4
433 5
441 3
431 0
428 2
427 3
425 4
413 4
407 5
434 5
519 4
416 0
410 5
487 1
487 3
461 1
461 0
460 2
459 0
459 5
590 0
590 2
588 5
745 1
745 0
745 0
745 2
741 0
741 2
736 2
732 3
646 3
608 3
590 3
576 3
573 3
568 1
568 3
565 2
563 4
432 1
432 4
421 0
421 4
415 1
415 0
414 4
413 0
413 1
413 0
413 2
413 3
412 4
412 5
447 0
447 3
431 1
431 4
409 5
445 5
541 4
421 0
410 0
410 3
408 0
407 1
407 4
405 4
402 3
402 2
402 3
402 3
402 4
402 2
402 4
402 4
402 5
437 3
421 5
491 0
491 3
462 2
460 1
460 3
454 0
454 4
423 3
409 4
401 3
401 0
401 3
401 1
401 5
474 0
474 2
474 0
474 2
474 4
407 0
404 2
404 1
404 3
404 4
403 2
402 0
402 5
477 3
442 0
440 3
440 3
440 3
440 4
419 0
419 5
527 4
412 3
407 2
406 1
406 2
405 3
405 3
404 2
404 3
404 2
404 3
404 0
404 5
488 3
447 5
560 4
414 3
407 4
405 1
405 1
405 3
405 5
434 2
433 4
406 3
405 5
432 2
432 4
402 3
402 0
400 3
399 0
399 2
399 4
399 5
432 3
418 2
417 2
416 4
400 3
399 3
399 4
399 0
399 1
399 3
399 1
399 3
399 1
399 3
399 2
399 4
399 5
433 5
507 4
409 3
408 4
405 3
403 5
428 2
426 0
426 2
426 4
403 1
403 4
403 0
401 5
460 0
460 3
434 0
432 4
408 2
407 0
405 0
405 0
405 4
401 0
401 5
479 4
414 4
411 4
411 0
404 4
403 3
399 4
399 5
429 2
429 4
406 3
404 4
404 0
400 0
400 0
400 3
400 3
400 0
400 4
400 3
400 1
400 3
400 2
400 2
400 4
399 5
432 2
432 5
500 4
416 2
415 3
411 4
410 5
427 1
427 4
406 3
404 1
404 2
404 3
404 0
402 4
401 3
401 3
401 5
426 5
480 4
406 4
406 4
406 3
405 0
403 2
403 5
464 2
464 4
404 2
404 5
426 5
483 3
435 3
430 5
502 4
406 0
404 4
401 4
400 0
400 1
400 2
400 1
400 3
399 4
399 2
399 3
398 2
398 3
398 2
398 4
398 4
398 0
398 2
398 0
398 2
398 3
398 2
398 1
398 4
398 3
398 0
398 5
463 4
404 4
404 1
404 1
404 1
404 3
403 5
429 1
429 3
417 5
466 4
407 3
405 0
404 4
402 1
402 4
402 5
433 4
403 2
402 0
400 3
400 3
400 1
400 2
399 4
399 1
399 3
399 2
399 1
399 1
399 0
399 4
399 0
399 3
399 5
462 2
462 3
430 5
507 0
507 1
507 3
462 1
462 1
462 5
581 3
544 0
544 0
544 4
433 4
413 3
408 3
408 3
407 4
405 1
407 4
406 3
406 3
406 4
406 0
403 5
479 0
479 2
479 4
407 4
405 3
405 1
405 3
404 1
404 1
404 0
400 5
471 2
469 4
405 4
405 3
405 0
401 4
399 4
399 4
399 0
399 4
399 3
399 0
399 2
399 0
399 1
399 0
399 3
399 4
397 4
397 1
397 3
397 1
397 4
397 3
397 4
397 3
397 2
398 2
398 0
398 2
398 0
398 3
397 3
397 5
461 3
432 2
431 4
402 1
402 5
429 5
493 3
455 3
441 5
529 2
527 0
527 1
526 0
526 2
524 0
524 5
665 5
823 4
430 5
442 4
417 3
416 1
416 1
416 4
415 4
415 5
433 0
430 4
411 3
411 0
409 4
407 5
432 2
432 0
432 4
407 4
406 4
406 2
406 5
430 4
408 3
408 5
425 3
413 4
408 2
407 0
404 2
404 5
460 3
435 3
431 3
429 4
410 0
408 2
408 3
407 4
404 1
404 3
402 5
438 4
409 3
408 2
408 2
408 5
437 2
437 3
416 4
405 1
405 1
405 0
405 3
405 2
405 5
476 0
476 4
413 0
407 1
407 5
475 4
413 2
411 2
410 5
440 3
424 3
420 3
419 5
468 1
468 5
569 0
569 4
416 1
416 1
416 1
416 4
411 0
409 4
408 0
408 4
408 0
408 5
484 0
484 2
481 4
410 2
409 0
409 0
409 5
481 1
481 4
410 5
445 2
445 5
505 5
597 3
508 4
424 2
422 1
422 1
422 4
418 0
412 2
412 3
411 4
407 3
407 5
429 3
418 2
417 2
416 0
415 4
409 3
407 1
407 3
407 1
407 3
407 2
407 4
406 1
406 3
406 1
406 5
430 3
418 2
417 1
417 3
415 4
410 2
408 2
407 5
432 3
422 4
412 2
411 5
431 3
416 3
413 3
413 3
413 1
413 5
479 4
411 4
410 4
410 2
409 5
430 4
408 0
406 0
406 0
406 3
406 3
406 1
406 2
405 2
405 3
405 5
478 5
574 3
498 2
497 2
494 0
491 0
491 3
470 2
468 0
468 4
421 3
414 0
412 0
412 0
412 1
412 0
412 4
409 0
408 2
408 3
407 4
406 2
405 2
404 3
404 1
404 4
403 0
402 4
402 4
402 3
402 4
402 2
402 1
402 0
402 1
402 2
402 4
402 4
402 4
402 4
402 4
402 4
402 4
402 5
436 3
422 4
407 2
407 4
406 0
404 5
488 5
604 3
528 4
431 2
430 0
420 3
417 0
417 5
522 0
522 4
420 2
419 2
418 0
412 1
412 1
412 4
408 0
408 2
407 3
407 4
404 5
435 4
406 0
404 4
402 4
402 4
402 4
402 0
402 3
402 1
402 4
401 5
434 5
508 4
414 2
413 4
413 3
413 3
412 3
410 4
409 1
409 4
409 1
409 5
428 4
408 3
407 4
407 1
407 3
407 2
407 4
407 -1
849 1
849 1
849 0
700 5
793 2
789 5
931 1
929 2
923 3
785 5
994 1
994 1
994 2
987 4
477 1
477 0
455 1
455 5
550 4
447 3
433 4
429 0
429 4
425 3
422 4
422 5
442 3
428 0
426 3
423 4
417 3
415 1
417 4
414 2
413 4
413 1
416 3
413 4
413 0
410 5
487 1
489 1
491 1
491 5
590 5
713 5
845 4
434 3
426 4
424 0
418 4
413 5
429 3
423 5
466 0
465 1
466 4
419 0
414 3
412 4
407 0
406 5
471 4
414 3
412 5
429 5
492 3
445 2
444 5
517 2
515 0
515 0
515 3
476 1
477 4
422 5
442 4
411 3
410 2
409 0
406 0
406 2
406 1
408 4
405 3
404 4
404 1
406 5
427 5
487 1
486 5
590 0
590 1
589 5
710 5
837 3
700 2
695 0
694 3
633 1
633 3
603 3
584 0
584 5
812 1
812 2
808 4
458 4
439 3
425 4
422 4
422 4
422 5
429 0
428 5
503 0
503 1
503 1
503 1
501 0
501 2
500 0
500 1
499 1
499 4
422 1
425 3
420 0
414 5
472 3
443 4
415 1
417 3
411 1
411 0
408 0
408 0
408 0
408 5
471 2
469 5
566 5
684 4
427 3
419 3
413 5
431 4
411 1
413 3
409 2
408 1
408 5
430 5
477 4
414 4
414 1
416 0
408 4
404 0
404 3
404 3
404 5
452 5
539 4
412 0
408 2
408 3
408 5
467 4
411 2
411 5
427 4
405 0
404 4
404 4
404 1
406 2
404 1
404 2
404 5
428 5
487 0
487 3
440 3
429 0
426 1
427 4
417 3
411 4
407 0
403 0
403 4
403 2
403 4
403 1
403 4
403 5
433 0
433 2
434 4
411 0
405 3
404 0
404 5
473 1
473 0
473 2
474 0
474 3
444 4
414 5
437 5
508 3
464 4
418 0
416 3
414 1
418 5
487 4
418 3
410 4
407 4
407 3
405 0
403 4
402 1
402 2
401 1
403 1
405 4
403 1
403 3
402 3
402 4
402 0
401 3
401 3
401 2
400 3
400 5
460 0
460 3
437 4
412 3
411 4
406 1
406 5
434 3
419 0
415 0
415 0
415 3
415 0
415 1
417 2
416 0
415 3
414 0
414 2
413 4
407 5
437 1
438 3
422 1
424 2
422 1
423 1
425 2
424 3
420 1
420 2
419 0
419 4
412 4
405 5
433 0
432 2
433 1
434 3
418 5
489 4
414 5
433 2
433 0
428 4
405 3
404 1
406 4
405 3
405 4
404 4
404 2
405 3
404 0
403 1
404 3
403 2
402 2
401 1
401 1
403 3
402 4
402 4
402 0
402 1
404 4
402 4
402 0
401 4
401 2
401 3
400 3
400 4
400 0
400 3
400 2
400 5
467 1
466 3
435 0
435 4
411 3
407 4
402 2
402 5
426 1
427 5
497 3
454 4
420 3
414 3
412 0
407 4
403 3
403 3
403 5
432 5
515 5
632 5
751 4
429 0
414 4
410 1
410 0
410 4
408 5
431 1
433 5
493 4
414 0
410 3
410 3
410 0
410 4
408 4
407 2
406 3
406 3
406 4
406 1
406 5
430 1
432 4
406 1
406 4
406 2
406 4
406 2
407 2
408 3
407 0
405 4
404 4
404 3
404 3
404 3
404 5
428 3
419 2
418 2
417 0
417 3
414 2
413 5
480 2
480 2
479 0
479 4
410 4
408 4
408 4
408 5
427 1
427 5
487 2
485 0
485 4
407 3
406 0
404 4
403 2
404 4
404 3
403 3
403 4
402 5
428 4
402 2
403 0
403 0
403 3
402 2
401 0
401 4
401 2
400 4
400 0
400 4
400 0
400 4
400 3
400 0
400 2
401 2
402 3
400 3
400 0
400 2
401 1
402 4
401 0
401 0
401 0
401 1
401 4
401 4
401 3
401 4
401 1
401 5
425 2
423 2
423 5
482 1
482 1
483 3
443 4
410 4
407 4
407 0
403 3
403 3
403 4
402 1
402 4
402 2
401 3
400 3
400 0
400 4
400 2
400 3
400 1
402 0
401 2
402 0
402 1
402 4
400 3
400 4
400 1
402 3
401 4
401 0
401 4
401 4
401 4
401 1
401 3
401 2
402 4
402 3
400 0
400 0
400 0
400 2
400 4
400 2
401 4
401 3
400 3
400 4
400 1
400 3
400 5
434 2
434 4
403 4
402 0
401 5
464 3
436 2
435 3
429 0
427 3
427 4
407 3
404 2
404 4
401 4
401 1
401 3
401 0
401 1
402 0
402 0
402 1
403 4
402 0
402 2
403 3
402 3
402 0
402 4
402 5
439 4
405 3
405 5
444 0
444 4
404 3
403 4
402 3
402 3
402 4
402 2
401 1
401 1
401 4
401 4
401 4
401 3
401 4
401 4
401 1
401 0
401 2
401 5
467 1
467 3
438 3
428 4
406 2
405 0
404 1
405 4
402 3
401 4
401 1
401 2
401 1
401 5
434 5
509 2
509 0
509 5
612 4
425 4
424 1
424 5
433 1
434 5
474 0
473 1
472 3
442 2
441 2
440 4
422 4
418 4
418 2
417 5
433 4
412 5
431 3
421 4
410 5
427 3
421 0
418 3
418 1
419 1
419 2
418 0
417 4
412 0
410 3
410 3
410 3
410 0
410 3
410 4
406 2
405 3
404 4
403 4
403 0
401 1
402 1
402 5
478 4
408 2
407 5
434 3
421 4
403 3
402 2
402 3
402 1
402 2
401 5
432 1
433 4
403 0
401 4
399 5
434 0
434 3
415 1
415 3
414 5
486 1
485 4
409 0
405 3
405 1
406 5
479 0
479 0
479 3
444 3
436 3
431 1
432 3
430 3
428 5
523 5
665 0
665 5
829 0
829 5
1003 0
1003 3
865 3
804 0
804 0
804 4
459 0
440 3
430 3
428 0
426 3
426 5
535 3
501 2
499 0
499 0
499 0
499 0
499 3
489 5
663 3
619 4
438 3
423 0
418 1
418 2
416 0
416 4
408 5
439 0
438 3
422 1
423 5
511 4
418 3
415 0
409 4
407 0
405 3
405 2
405 4
403 0
403 4
403 1
404 4
402 4
402 0
402 4
402 1
402 4
402 0
402 5
473 3
452 3
441 0
441 0
441 1
441 1
443 0
442 4
413 4
407 1
407 0
405 4
404 3
402 3
402 2
402 3
402 5
433 3
421 0
421 3
420 1
420 4
408 3
406 2
405 4
403 2
403 0
402 1
402 5
481 4
406 3
406 0
404 1
404 4
403 2
403 1
403 5
435 0
435 3
418 3
415 3
414 5
495 0
495 4
411 1
411 2
410 0
405 3
404 3
404 2
403 4
403 0
403 3
403 2
403 3
403 3
403 3
403 0
403 0
403 2
403 0
403 0
403 4
402 0
402 3
402 4
402 2
401 5
442 3
425 2
424 0
422 5
530 3
486 2
483 0
482 5
659 0
659 3
613 3
591 0
591 0
591 0
591 0
591 0
591 3
586 3
581 3
581 2
580 0
580 3
580 1
580 2
578 3
577 2
575 5
868 5
1182 0
1182 0
1182 3
1124 0
1124 4
465 2
463 3
442 0
432 2
432 4
420 3
416 4
410 0
408 5
485 1
485 3
455 0
455 3
450 1
450 0
450 3
448 1
448 0
448 3
448 4
423 2
422 5
462 4
413 5
454 1
455 4
412 5
450 2
450 1
450 4
409 3
408 0
405 2
405 0
405 4
404 5
437 1
437 4
409 2
408 5
437 3
425 3
421 0
420 0
420 0
420 1
420 1
420 3
419 2
418 2
417 3
417 4
409 3
407 4
403 2
403 4
403 4
403 0
403 4
402 2
402 1
402 3
402 2
402 5
440 0
440 1
440 3
423 4
405 3
402 0
401 4
400 5
440 1
440 2
438 5
522 0
522 4
414 5
433 1
433 3
426 1
427 0
426 0
426 0
426 0
426 4
409 5
440 3
425 0
424 0
424 3
421 4
407 2
406 4
403 5
439 0
439 4
411 3
408 3
408 3
408 1
408 0
402 5
479 3
442 3
437 4
409 2
408 1
408 3
405 0
404 4
401 5
441 5
531 4
412 0
405 1
405 3
405 0
404 4
402 4
401 0
401 3
401 1
401 0
401 5
477 4
410 4
407 5
434 5
500 4
407 4
405 3
403 4
403 5
426 0
425 0
425 5
503 0
503 4
410 3
409 4
408 3
408 4
408 0
405 3
405 2
404 3
404 2
404 0
404 3
404 2
404 0
404 5
471 2
471 2
471 0
471 3
436 5
521 0
520 3
488 3
475 4
422 2
420 2
419 0
415 1
415 2
414 2
413 2
412 2
411 0
411 2
410 3
408 2
407 2
407 1
407 1
407 1
407 5
496 3
462 0
462 4
417 2
416 1
416 4
411 1
411 3
408 2
408 0
406 0
406 0
406 5
491 0
491 3
459 0
458 4
420 2
419 3
413 3
411 5
443 3
427 4
408 2
407 3
405 2
405 4
405 4
405 3
404 5
433 5
501 1
501 0
501 0
501 3
457 3
446 4
414 2
413 2
412 1
412 5
445 1
445 4
409 2
409 1
409 5
438 2
438 5
504 4
420 4
416 0
409 3
406 0
405 0
405 2
405 4
403 0
403 0
403 0
403 5
463 0
463 2
466 5
556 4
418 2
418 2
417 2
417 2
416 2
416 0
411 4
408 3
406 4
406 4
406 2
406 4
406 5
428 4
407 5
429 5
485 0
485 3
445 2
444 4
413 2
412 3
408 4
408 0
406 1
406 0
406 1
406 1
406 3
406 4
406 3
406 3
406 3
406 0
406 4
406 0
406 0
406 5
469 4
411 3
411 4
411 4
411 0
408 3
408 2
407 5
468 2
468 2
468 0
468 0
468 2
468 0
468 3
442 0
438 1
438 0
438 3
432 2
431 1
431 4
412 5
443 4
409 0
405 4
403 2
403 5
434 3
419 5
482 3
454 3
450 4
412 0
410 4
408 2
407 2
406 2
405 3
404 5
440 4
410 4
407 4
407 2
407 0
404 0
404 4
404 5
429 0
429 4
408 3
408 2
408 2
408 3
408 0
404 5
482 0
482 4
414 2
412 4
411 3
410 4
408 3
408 4
408 0
404 2
404 2
404 4
403 3
403 1
403 3
403 4
403 4
403 0
403 1
403 3
403 4
403 4
403 3
403 3
403 0
403 2
403 2
403 2
403 3
403 3
403 0
403 3
403 5
465 2
465 5
557 3
483 3
468 2
467 4
424 0
416 2
415 3
414 5
495 3
463 3
453 2
452 0
451 3
447 2
446 3
443 2
442 3
442 5
584 0
584 4
428 2
427 4
413 4
413 4
413 5
436 2
436 4
410 4
410 3
408 2
408 5
436 0
436 3
419 1
419 4
406 4
405 3
404 2
403 0
401 5
472 4
406 2
405 3
405 3
405 4
405 0
402 5
477 3
442 4
408 3
402 4
402 3
402 0
402 3
402 3
402 2
402 0
402 1
402 0
402 0
402 4
401 2
401 0
401 1
401 3
401 5
469 1
469 0
469 5
572 5
692 0
692 2
690 3
583 1
583 3
534 4
432 1
432 3
418 0
413 1
413 2
413 1
413 3
411 5
483 1
483 3
459 5
557 3
513 5
674 3
615 5
853 4
445 3
424 5
457 4
419 5
436 2
434 0
434 4
414 1
414 2
413 2
413 1
413 4
412 3
411 2
411 5
430 3
419 1
419 5
469 3
447 4
416 3
410 5
439 5
509 3
462 3
451 3
447 4
418 5
451 3
433 2
432 0
432 3
429 0
429 2
428 3
426 3
426 2
425 4
411 3
407 5
465 3
443 4
410 0
406 1
406 4
402 2
401 0
401 3
401 2
400 3
400 5
490 4
416 5
453 3
436 2
435 4
413 1
413 3
410 3
409 1
409 0
408 4
404 2
403 3
403 4
401 0
401 5
477 2
477 2
477 4
412 3
409 4
409 5
427 5
483 3
442 2
441 2
440 1
440 4
412 2
411 5
435 3
423 2
421 3
419 5
482 2
480 5
590 4
418 2
416 2
415 0
413 4
405 0
405 4
403 5
428 4
408 4
408 3
408 4
408 2
408 0
404 0
404 3
404 3
403 3
403 3
403 3
402 0
402 3
402 0
402 5
469 5
573 4
417 4
416 5
430 0
428 5
503 4
409 2
409 4
409 0
408 3
408 4
405 5
433 3
425 3
419 2
418 3
414 5
466 4
409 3
408 0
402 4
401 2
401 2
401 4
401 2
401 1
401 4
401 3
401 3
401 5
426 3
418 4
408 3
405 4
404 4
404 1
404 4
404 2
404 2
404 3
402 2
402 1
402 0
401 3
401 0
401 0
401 5
465 1
465 0
465 3
435 1
435 1
435 0
434 1
434 4
415 0
412 2
411 4
406 2
405 2
405 3
404 2
404 0
404 4
401 4
401 4
401 2
401 3
401 3
401 2
401 4
401 0
401 0
401 1
401 2
401 4
401 1
401 2
401 4
401 5
429 2
429 2
429 2
429 3
419 1
419 1
419 2
418 2
417 3
414 0
411 3
411 5
497 0
497 4
413 3
406 3
406 1
406 3
404 5
436 3
420 5
484 2
482 3
453 0
453 1
453 2
452 5
589 5
756 3
666 0
666 5
882 0
882 3
814 5
1107 2
1102 3
1042 5
1408 3
1362 3
1332 5
1870 2
1864 1
1864 3
1832 2
1825 2
1819 0
1819 2
1813 3
1796 5
2512 5
3260 2
3252 3
3214 1
3214 1
3214 1
3214 0
3214 0
3214 2
3207 0
3207 5
4041 3
4010 2
4002 4
505 4
493 2
490 2
480 3
448 4
439 4
436 5
439 3
424 3
422 1
422 2
421 3
420 3
420 4
416 1
416 2
415 3
414 4
414 4
414 1
414 0
413 4
411 2
410 2
410 4
410 2
410 2
410 4
410 3
410 3
410 2
410 0
410 0
410 0
410 3
409 0
409 2
409 3
409 2
409 3
409 4
408 2
408 4
408 4
408 5
437 4
414 4
413 4
413 3
413 2
413 0
412 2
412 2
412 3
412 0
412 0
412 5
482 4
420 4
418 5
434 2
434 3
423 4
414 3
412 4
412 1
412 4
412 3
412 3
412 4
412 2
412 4
412 4
412 0
410 0
410 5
468 2
468 5
563 3
500 5
586 2
581 1
581 4
433 5
440 4
420 1
420 3
415 4
413 3
411 5
431 4
410 0
409 5
470 0
470 2
470 4
411 5
435 2
433 3
423 2
422 3
422 2
421 1
421 2
420 2
419 1
419 2
418 2
417 0
415 2
415 3
414 1
414 3
412 2
411 2
410 3
410 3
410 4
406 5
437 1
437 2
437 4
405 2
404 5
434 2
432 4
405 1
405 5
432 1
432 3
418 2
417 3
415 0
415 2
414 2
414 4
407 4
404 0
404 1
404 3
404 4
402 5
437 3
423 3
420 4
406 3
404 2
404 3
404 0
404 0
404 3
404 1
404 1
404 0
404 2
404 2
404 2
404 3
404 3
403 3
403 1
403 5
481 3
444 1
444 4
409 4
405 0
402 3
402 2
402 3
402 3
402 2
402 3
402 5
473 0
473 2
473 4
403 2
403 4
403 2
403 3
403 2
403 5
433 1
433 4
402 2
402 0
401 0
401 3
401 3
401 4
400 2
400 0
400 3
400 2
400 3
400 1
400 5
466 1
466 3
440 2
438 4
411 0
408 1
408 3
408 5
485 2
483 2
482 3
453 1
453 2
452 3
445 4
407 4
404 5
435 2
435 2
435 5
513 5
622 5
756 0
756 4
434 0
425 4
421 2
420 2
420 2
420 2
420 3
417 3
415 1
415 4
415 3
415 0
412 0
412 2
412 3
412 1
412 4
411 3
410 5
436 2
436 0
435 3
425 2
424 3
420 0
418 3
418 5
495 4
417 3
416 4
412 3
411 2
410 1
410 1
410 4
409 4
409 2
409 3
409 2
409 3
409 3
409 1
409 2
409 4
409 4
409 3
409 4
409 2
409 0
407 2
407 3
407 2
406 4
405 3
405 1
405 2
405 4
405 5
432 1
432 4
407 1
407 0
406 3
406 2
406 4
406 5
434 2
434 0
434 4
408 5
435 5
491 0
491 2
491 4
415 4
415 5
434 3
420 1
420 0
419 1
419 4
409 0
407 2
407 4
406 5
435 4
410 1
410 1
410 2
409 4
409 3
409 3
409 4
409 3
409 3
409 4
408 3
408 1
408 4
408 2
408 2
408 0
405 2
405 3
405 0
405 4
405 2
405 2
405 4
405 0
405 2
405 3
405 5
466 5
555 3
491 4
424 1
424 3
417 3
414 3
414 4
413 0
409 0
408 2
408 2
408 1
408 0
408 4
405 2
405 1
405 3
405 0
405 2
405 3
405 5
467 4
415 2
414 2
413 2
412 3
411 2
411 5
434 0
434 4
407 2
407 2
407 2
407 2
407 5
433 0
433 2
431 5
513 3
463 4
415 4
409 4
409 3
407 4
407 3
406 5
434 2
432 0
432 3
420 0
419 4
409 3
409 4
404 1
404 0
403 4
402 2
402 0
402 4
402 5
441 0
441 3
417 0
415 0
415 0
415 4
406 1
406 1
406 3
403 5
445 4
405 0
402 2
402 3
402 2
401 4
400 0
400 2
400 4
400 1
400 4
400 0
400 3
400 2
400 2
400 4
400 0
400 1
400 4
400 4
400 5
436 2
434 4
406 3
405 3
403 1
403 3
403 4
403 0
400 5
479 2
479 2
479 4
405 3
404 3
404 0
402 4
400 5
436 3
413 0
412 0
412 5
511 4
411 3
405 0
402 4
400 3
399 3
399 3
399 5
432 0
432 4
404 1
404 5
429 0
429 4
401 2
401 5
435 0
435 4
402 4
402 1
402 2
402 0
400 4
400 2
400 2
400 3
400 0
399 0
399 2
399 -1
849 3
613 0
519 5
549 3
490 5
517 2
517 0
514 4
464 4
460 3
455 0
447 3
444 4
441 1
443 2
442 3
442 5
462 1
464 2
462 5
518 3
471 3
459 1
459 2
458 2
457 2
456 1
456 3
452 0
451 2
450 3
448 1
450 1
456 4
439 3
433 4
429 1
431 3
428 3
427 3
427 3
427 4
425 4
425 0
422 1
423 4
421 0
421 1
422 1
424 5
490 2
490 4
428 2
427 3
425 1
433 3
425 1
427 1
428 4
425 5
438 3
433 1
435 4
423 3
419 0
415 2
416 5
464 4
417 3
415 0
409 5
464 4
411 5
432 1
435 3
418 3
416 5
452 4
417 5
428 3
422 4
413 1
417 5
429 1
430 3
422 2
421 1
422 4
409 5
427 1
428 0
428 5
498 5
591 0
591 5
703 1
704 1
702 2
697 0
697 3
580 5
680 4
438 5
454 5
506 2
503 1
502 1
502 3
465 5
539 5
668 4
446 4
437 1
439 1
439 4
437 4
437 0
420 3
419 2
419 3
417 3
417 4
409 4
408 1
412 5
438 0
437 0
437 3
424 0
420 3
418 5
499 3
459 4
412 0
408 2
408 2
407 5
498 5
626 2
623 2
621 4
432 3
420 2
419 4
419 1
421 4
420 4
420 2
420 3
418 5
430 1
431 2
430 5
479 3
446 1
446 2
444 1
445 5
514 2
512 4
420 5
441 3
426 4
410 4
410 4
410 4
410 0
410 3
409 0
409 5
485 2
483 5
590 4
425 2
423 2
422 3
417 3
413 3
410 3
410 5
435 1
435 2
434 0
433 0
433 0
433 4
409 0
409 0
409 0
409 5
475 3
441 4
409 3
407 0
407 3
405 2
405 5
469 2
469 4
409 0
406 0
406 2
406 0
406 5
478 1
479 3
448 3
438 4
409 3
404 3
403 1
405 3
401 3
401 0
400 0
400 1
401 3
401 4
399 1
402 2
401 1
403 4
402 4
402 3
401 1
403 0
403 2
404 5
480 3
448 3
440 0
439 2
438 4
416 3
407 5
456 3
434 1
435 4
406 0
406 3
405 3
405 5
480 0
480 3
452 1
455 0
453 1
455 3
450 1
451 4
419 3
414 1
414 3
413 5
461 1
463 2
461 3
437 3
431 3
430 2
429 5
515 4
420 4
408 2
407 0
404 3
404 0
404 3
404 3
404 0
404 4
403 3
401 2
401 0
401 0
401 2
401 5
484 3
452 1
453 4
410 4
405 4
405 3
404 3
403 1
403 2
402 5
444 3
424 5
505 1
506 0
506 5
647 3
563 3
527 5
721 5
957 2
952 2
948 1
948 2
943 4
444 0
425 5
525 4
425 3
417 3
414 0
407 3
407 2
406 2
407 5
472 1
472 1
472 1
477 2
472 3
445 3
436 0
434 3
433 5
554 2
552 3
506 2
504 2
502 1
503 4
420 1
422 3
414 5
448 0
448 2
446 1
447 0
447 5
547 2
544 3
496 4
425 4
418 1
418 4
418 3
411 4
410 3
409 3
407 3
406 4
405 2
406 4
405 5
426 5
498 0
498 4
413 4
410 5
425 4
408 4
407 3
407 5
425 3
412 2
411 4
405 4
405 2
405 5
426 2
426 1
428 0
428 1
428 2
428 2
428 5
509 5
617 3
525 3
494 3
477 2
474 3
469 5
586 0
586 0
586 5
768 1
768 1
770 3
685 4
438 3
421 0
412 5
497 1
496 3
459 3
445 1
445 4
416 1
418 2
417 5
454 5
562 4
424 4
417 4
417 4
417 4
417 3
412 2
411 2
410 3
408 4
408 4
408 2
409 0
408 5
471 2
472 3
438 4
413 3
410 4
406 3
405 5
431 5
488 4
411 2
410 5
427 5
485 3
442 2
441 0
441 3
435 5
534 4
419 3
410 1
411 0
408 0
408 1
408 2
409 1
409 2
408 0
408 3
407 4
400 5
435 3
422 1
422 0
421 0
421 5
520 1
520 2
519 2
516 3
475 4
421 5
442 4
406 0
403 3
403 4
400 3
399 1
399 3
399 4
398 4
398 4
398 3
398 4
398 4
398 2
398 3
398 1
398 0
398 4
398 1
400 0
399 2
400 4
400 3
399 3
399 1
399 2
400 3
399 4
399 4
399 3
399 2
399 2
399 4
399 4
399 3
399 5
429 3
414 2
413 4
402 4
402 4
402 2
402 2
403 0
402 5
470 5
566 1
566 5
677 3
575 0
575 3
543 0
543 0
543 5
718 0
718 0
718 3
662 4
436 4
424 1
424 3
416 1
416 5
443 2
441 4
407 3
405 4
405 3
405 0
402 4
402 3
402 2
402 4
402 5
426 2
426 4
406 2
407 5
427 3
415 1
415 2
414 5
460 1
460 3
440 5
528 2
525 2
523 5
664 5
826 2
821 4
447 3
431 1
432 3
426 3
419 4
415 2
414 0
406 0
406 1
408 0
408 1
409 4
404 3
403 1
403 1
406 5
433 4
405 3
405 3
405 4
405 3
405 0
404 5
451 4
404 5
429 4
405 4
405 0
403 2
403 5
451 2
451 3
427 3
422 3
421 5
484 1
484 5
588 4
421 4
413 3
409 4
409 3
409 4
409 4
409 2
409 1
409 5
427 5
473 3
439 2
437 2
435 5
500 5
606 3
529 2
527 3
493 2
491 2
489 4
427 3
420 0
418 0
418 5
512 5
636 5
774 5
916 2
908 5
1040 2
1030 0
1030 4
449 1
450 3
437 0
424 5
487 2
487 0
487 5
577 4
430 3
426 0
419 1
419 2
420 3
419 3
416 5
459 0
459 4
421 0
414 4
413 5
436 3
421 4
413 2
412 2
411 2
411 3
410 5
434 5
492 4
417 3
417 0
410 0
410 2
410 2
411 2
412 3
410 2
409 5
468 5
561 1
561 0
561 3
489 0
487 5
633 4
425 3
416 1
416 3
416 5
436 3
422 3
420 5
475 0
475 0
475 5
590 5
727 2
720 4
436 4
429 3
418 3
417 2
416 1
416 5
426 5
474 4
413 0
408 3
408 5
456 3
437 2
436 5
488 1
487 2
485 5
585 5
714 2
710 5
849 5
989 3
830 1
828 1
828 2
824 0
823 4
457 3
436 0
429 2
429 2
429 3
428 2
427 3
426 2
426 3
426 4
422 3
420 2
419 2
419 0
418 3
415 0
414 2
414 3
414 3
414 3
414 1
415 2
414 4
412 0
412 5
480 4
419 4
417 2
417 0
410 2
410 0
410 0
410 3
410 2
409 0
408 2
408 1
408 4
406 3
406 0
406 5
470 3
446 5
517 5
653 4
441 1
441 4
430 2
429 5
439 5
492 4
429 2
428 0
421 2
421 5
482 0
482 3
453 4
422 2
421 5
434 5
489 3
446 3
437 4
415 5
440 3
429 0
428 4
412 2
411 3
408 2
407 3
407 1
407 3
407 4
405 2
405 1
405 1
405 5
439 2
440 0
439 4
411 2
410 5
427 3
411 2
410 4
407 5
433 1
433 2
432 4
410 0
403 4
403 5
430 0
430 0
430 5
520 4
419 2
418 0
407 5
467 1
467 0
467 5
565 1
565 1
563 2
562 5
674 2
668 5
791 0
791 5
912 0
912 0
912 4
457 2
455 0
434 1
436 4
422 2
421 3
419 1
419 3
419 3
418 4
418 3
418 4
418 2
418 2
419 2
420 5
433 0
432 4
415 5
431 2
431 5
478 2
478 5
549 4
426 3
422 1
422 0
415 1
415 0
414 2
415 3
412 3
412 3
411 3
411 1
411 2
410 0
410 5
466 1
466 5
545 3
483 5
553 4
433 1
433 5
436 5
495 4
416 0
413 3
413 2
412 0
412 3
412 4
410 1
410 2
409 3
408 2
408 4
407 0
405 5
476 0
476 5
572 1
571 1
573 5
690 0
690 5
816 3
671 4
440 2
434 0
424 3
423 2
422 1
423 3
422 0
422 0
422 2
422 2
422 2
422 0
422 3
421 4
414 2
413 1
413 2
412 4
412 0
410 4
409 4
408 4
408 3
406 0
406 0
406 3
406 2
405 2
405 3
405 2
404 5
474 0
474 0
474 1
474 3
452 0
451 0
451 2
450 0
450 0
450 2
449 2
448 3
443 5
565 3
521 5
693 0
693 0
693 0
693 4
444 0
434 1
434 2
433 3
427 3
426 1
426 0
425 4
416 2
415 0
415 1
415 0
415 4
413 0
413 3
412 3
412 4
411 4
404 4
404 0
403 2
403 2
403 4
403 1
403 4
403 0
403 3
403 4
402 2
402 1
402 3
401 5
447 0
447 3
432 5
519 2
517 4
418 3
410 0
406 3
406 5
487 2
485 3
450 0
450 2
449 5
582 2
578 2
575 2
573 0
573 3
527 1
527 2
525 2
524 3
504 3
493 1
493 3
489 3
487 3
485 0
485 1
485 4
434 2
433 4
412 2
411 5
452 1
450 3
434 1
434 1
434 0
433 4
409 0
407 4
405 5
453 3
432 3
425 0
425 0
425 1
425 0
425 2
424 3
424 0
424 2
424 5
549 2
546 0
546 2
543 0
543 5
700 0
700 5
870 0
870 5
1039 3
899 0
899 0
899 2
893 4
453 2
451 2
449 2
448 1
448 1
448 4
437 4
437 1
437 0
424 2
424 2
423 4
416 2
415 2
414 2
414 0
412 4
411 0
411 5
475 2
474 3
445 2
444 3
437 3
434 1
434 2
433 4
410 5
443 3
429 4
407 2
407 2
406 4
406 2
405 2
405 2
405 2
405 0
405 1
405 0
405 0
405 2
405 1
405 2
406 0
406 3
406 1
407 4
405 1
405 0
405 5
477 2
475 4
412 3
410 5
436 4
409 2
409 4
409 5
435 2
435 5
486 5
573 5
681 0
681 0
681 2
677 4
447 0
427 3
419 5
476 4
413 5
438 3
418 3
417 4
412 4
411 5
439 2
437 1
437 3
425 0
423 4
412 4
407 3
405 4
405 2
405 4
405 4
405 4
405 5
429 0
428 5
507 4
418 2
416 2
416 3
413 4
413 0
406 5
471 3
440 0
437 1
437 1
437 4
417 0
414 0
414 0
414 4
403 4
400 5
437 3
419 0
419 4
407 1
407 2
406 2
405 1
405 2
404 2
403 0
402 2
402 0
402 3
402 3
402 5
483 5
595 0
595 0
595 4
422 4
420 5
425 4
408 2
408 5
427 4
404 0
404 5
467 0
467 1
465 4
411 2
410 2
410 0
404 2
404 3
403 3
401 4
399 2
399 4
399 1
399 5
430 4
403 3
403 2
403 1
403 1
403 3
403 3
403 1
403 0
403 4
403 2
403 5
431 5
500 3
450 4
416 0
411 4
408 2
407 1
407 5
432 0
432 1
432 0
432 4
410 0
407 2
407 2
407 3
407 3
407 0
407 1
407 5
477 3
448 0
448 3
439 0
439 4
420 4
406 4
406 5
435 5
512 3
471 1
471 0
469 4
417 3
411 1
411 4
405 2
405 5
431 5
498 3
445 2
443 5
521 5
655 2
650 4
429 0
418 4
412 3
408 3
408 2
408 5
432 0
432 4
414 4
412 2
411 3
410 0
409 2
409 4
408 2
407 2
406 2
406 2
406 3
406 3
405 4
405 2
405 4
405 2
405 0
405 0
405 3
405 2
405 3
404 0
404 3
404 0
404 0
404 2
404 2
404 0
404 5
464 2
464 3
432 2
431 1
431 3
426 3
424 3
421 5
476 3
453 0
451 3
447 5
578 0
578 4
427 4
416 4
416 4
416 2
415 2
414 3
411 2
410 2
409 2
409 3
409 2
409 4
408 0
402 2
402 1
402 2
402 0
402 4
401 1
401 4
401 1
401 3
401 0
401 3
400 3
400 2
400 0
400 2
400 4
400 1
400 4
400 3
400 1
400 2
400 5
435 4
409 3
409 0
403 1
403 3
403 5
464 1
462 4
413 4
412 4
412 1
412 4
412 1
412 4
412 0
405 3
405 4
401 4
400 1
400 0
400 3
400 1
400 5
458 1
458 0
458 3
431 4
410 2
409 4
407 2
407 4
407 0
403 2
403 3
403 0
403 2
403 5
470 1
470 3
437 0
436 1
436 4
416 4
407 4
407 2
406 0
405 5
480 1
480 5
592 2
592 3
512 4
424 0
418 2
417 4
410 0
410 0
409 3
409 4
409 4
406 1
406 5
444 3
428 2
427 4
410 4
408 0
405 2
405 1
405 1
405 3
405 1
405 0
405 5
492 0
492 4
415 4
411 4
411 2
410 3
408 0
406 2
406 0
406 0
406 2
406 0
406 3
406 0
406 4
400 2
399 2
399 3
399 2
399 5
431 2
431 4
404 1
410 2
404 3
404 0
401 4
400 0
400 4
400 1
400 2
400 4
400 1
400 0
400 1
400 1
400 2
400 0
400 2
400 4
400 4
400 4
400 5
429 0
429 0
429 1
429 5
505 4
414 4
413 4
413 1
413 1
413 1
413 4
413 2
413 0
404 4
404 4
404 4
404 1
404 4
404 3
404 0
403 2
403 0
403 5
470 1
470 4
409 3
407 5
434 4
408 3
408 2
408 3
405 2
405 5
431 0
431 3
417 0
417 2
417 1
417 4
406 4
403 2
402 4
402 0
402 1
402 0
402 2
402 5
471 1
471 4
404 1
404 2
403 4
403 3
403 2
403 1
403 2
403 2
403 1
403 0
403 5
465 0
465 3
440 3
433 0
431 1
431 0
431 3
431 1
431 4
411 5
450 3
433 3
428 4
409 4
405 1
405 1
405 2
404 4
404 0
402 2
402 5
480 3
447 2
446 4
414 4
409 4
409 4
409 5
439 0
438 5
527 4
417 3
412 3
410 5
437 3
423 4
407 2
406 1
406 1
406 3
403 1
403 5
434 3
421 2
420 0
419 0
419 5
513 4
414 5
438 5
505 0
505 3
464 4
420 2
418 5
444 3
427 3
422 0
422 4
410 1
410 2
409 0
407 4
403 3
400 2
399 3
399 4
399 1
399 3
399 2
399 0
399 2
399 2
399 5
475 0
475 0
475 3
444 1
444 4
412 3
407 5
437 4
410 5
429 2
429 4
409 5
433 5
487 0
487 0
487 2
487 4
408 0
404 1
404 0
404 3
404 0
404 3
404 4
403 2
402 4
402 0
402 4
402 0
402 0
402 1
402 4
402 4
402 5
428 0
428 0
428 3
415 3
415 4
404 0
404 0
404 2
404 3
403 2
402 3
402 3
402 4
400 2
400 4
400 4
400 1
400 1
400 3
400 0
400 1
400 4
400 0
400 5
475 3
439 0
438 4
416 2
415 0
414 4
408 4
405 4
405 4
405 5
437 5
509 3
463 0
462 4
420 4
409 1
409 5
432 4
408 1
408 2
408 2
407 4
407 3
407 0
404 4
404 3
404 3
403 1
403 5
440 3
424 2
423 3
419 4
405 2
404 1
404 4
404 3
402 4
402 0
401 4
401 0
401 5
473 0
473 3
443 4
411 0
409 3
409 0
409 0
409 2
408 4
405 2
404 1
404 4
404 2
403 5
440 4
409 1
409 4
409 0
404 4
403 2
402 2
402 3
402 3
402 4
402 2
402 5
439 0
439 0
439 3
424 3
418 1
418 4
407 2
406 0
404 2
404 4
404 1
404 3
403 0
402 4
400 2
400 0
400 3
400 0
400 1
400 2
400 3
400 5
474 4
408 3
407 0
403 3
403 3
403 0
403 4
402 3
402 0
402 4
402 4
402 4
402 4
402 0
402 0
402 0
402 1
402 3
402 2
402 4
402 5
434 1
434 4
405 3
405 5
427 0
426 1
426 0
426 2
426 3
416 0
415 0
415 3
412 4
403 3
402 3
402 4
400 4
400 3
400 0
400 1
400 3
399 2
399 4
399 2
399 1
399 2
399 3
399 2
399 2
399 0
399 2
400 3
399 4
399 3
399 4
399 0
399 0
399 3
399 5
480 3
448 5
539 5
686 3
596 2
593 0
593 4
435 2
432 1
432 2
431 4
416 2
414 3
411 4
410 0
407 2
407 2
407 3
405 1
405 3
405 2
404 4
403 4
403 1
403 1
403 2
403 3
402 2
402 5
433 1
433 1
433 4
406 0
402 4
401 0
401 2
401 3
401 3
401 4
401 3
401 4
401 2
401 3
401 1
401 4
401 4
401 1
401 1
401 2
401 3
401 5
433 5
505 3
458 2
457 0
455 2
454 3
447 0
447 5
577 0
577 5
737 1
736 5
914 3
799 3
741 5
974 0
974 0
974 1
974 1
974 4
462 0
448 0
448 4
428 4
422 4
422 5
439 0
439 5
522 0
522 3
474 1
474 2
473 1
473 2
471 0
470 1
470 2
469 4
431 5
447 3
436 1
436 3
432 4
416 3
414 4
413 0
413 3
411 0
411 2
410 5
484 0
484 0
484 3
458 2
457 1
457 3
447 5
545 2
542 0
542 4
427 1
427 0
421 4
412 1
412 1
412 2
411 5
443 2
443 2
443 0
442 5
535 2
535 3
472 0
470 1
470 1
470 5
620 0
620 4
430 0
418 3
418 3
417 2
416 5
511 3
471 2
469 2
467 5
584 1
584 2
581 3
542 2
539 2
536 5
726 4
435 0
424 0
424 2
423 4
411 1
411 0
409 3
409 3
408 0
408 2
408 4
407 2
406 2
405 0
405 2
405 2
405 4
404 2
404 3
404 3
404 4
402 3
402 3
402 3
402 4
402 1
402 3
402 5
445 3
428 4
406 2
405 3
405 4
404 3
404 5
435 0
434 1
434 3
424 3
420 3
420 3
420 3
420 4
409 0
409 3
408 3
407 3
407 1
407 0
407 5
499 5
622 4
428 2
426 0
418 3
416 2
415 5
473 0
473 3
447 2
446 4
413 3
408 3
408 0
405 4
405 4
404 2
404 -1
849 3
685 1
685 1
687 1
687 1
687 0
537 1
538 0
531 2
531 1
532 5
582 5
656 2
653 0
653 0
653 0
653 2
651 0
651 5
741 5
844 0
844 3
661 0
657 2
654 3
577 3
534 4
458 0
446 5
535 0
535 4
444 4
433 0
428 4
425 3
423 5
454 5
521 0
521 3
475 3
466 2
464 4
431 5
454 1
455 5
535 0
535 5
647 1
647 4
439 2
436 3
427 2
426 2
426 1
427 3
424 4
421 2
420 3
417 0
411 3
411 5
456 1
456 3
432 3
425 2
424 4
415 4
413 3
412 5
441 2
442 3
425 1
425 0
423 4
413 2
412 3
411 0
410 4
408 1
411 2
408 1
410 0
409 1
413 1
417 5
480 2
478 2
480 4
414 0
410 2
410 5
472 5
564 1
563 4
425 5
431 3
421 2
420 1
420 5
465 5
558 5
689 5
819 1
818 4
436 3
426 2
425 2
424 5
431 2
432 0
430 3
422 5
466 5
557 5
674 5
798 5
927 3
757 3
677 1
679 5
845 4
455 5
448 1
449 3
437 1
438 3
435 5
491 1
493 5
599 0
599 4
434 0
422 5
503 1
503 4
418 2
417 3
416 4
413 3
411 4
411 3
411 2
411 0
408 5
475 5
565 3
487 0
486 2
485 4
428 1
428 4
420 1
423 4
422 4
422 2
422 2
421 4
420 2
419 0
413 2
413 3
409 3
409 4
405 5
446 2
444 1
444 5
529 0
529 1
529 4
414 3
410 2
409 5
431 0
431 2
431 4
405 3
403 1
406 2
405 4
404 3
404 3
404 1
408 0
404 0
404 5
470 2
468 3
442 3
439 3
434 2
433 0
431 0
431 0
431 2
430 3
428 4
412 2
411 4
406 0
406 2
407 4
404 5
444 1
444 2
442 2
442 3
427 3
424 0
423 4
410 3
406 3
406 3
406 0
404 0
404 3
403 3
403 3
403 4
402 5
441 4
402 3
402 5
435 0
434 0
434 5
532 5
653 2
651 5
777 4
439 3
428 3
425 4
423 3
419 4
418 1
421 3
419 5
432 4
415 5
434 3
425 2
424 2
423 5
456 1
456 5
528 3
468 5
540 0
540 2
538 3
498 2
497 5
628 3
569 0
568 0
568 5
788 0
788 0
788 5
1032 5
1286 4
441 5
446 1
446 4
421 3
416 5
428 1
428 5
480 1
481 4
414 2
413 0
406 0
405 5
468 3
433 2
432 3
428 2
426 3
426 2
425 4
408 4
405 0
405 3
405 1
405 4
404 5
440 4
404 1
404 5
435 4
404 2
404 4
404 4
404 1
406 4
405 3
404 4
404 4
404 4
404 3
404 4
404 0
403 1
404 0
404 2
404 0
404 5
475 0
475 2
475 1
476 2
475 1
475 4
407 3
407 3
407 4
407 2
408 1
408 3
408 5
429 1
429 5
488 3
447 3
434 0
432 0
432 5
538 3
495 5
641 1
642 4
428 1
430 2
428 5
442 4
409 2
408 2
407 2
406 2
406 3
405 5
426 2
424 1
425 2
424 0
424 4
403 3
403 4
403 0
402 1
404 5
469 4
405 2
405 5
427 3
416 0
416 2
415 3
414 4
406 3
401 4
400 5
423 2
425 1
426 2
425 3
417 3
415 3
414 3
414 3
414 2
413 0
412 4
405 4
402 2
401 1
401 0
401 4
400 3
400 4
400 4
400 3
400 4
400 3
400 2
401 5
431 5
507 2
508 3
452 1
452 0
452 3
449 4
418 4
414 4
414 3
410 0
409 3
410 5
496 5
616 5
752 3
639 1
639 3
597 3
575 2
572 4
445 2
443 1
443 3
424 5
462 2
462 1
462 4
416 4
414 2
414 0
408 5
475 4
416 4
416 2
415 0
408 3
407 1
407 3
407 5
471 4
408 1
410 3
406 4
403 4
403 1
403 3
403 0
402 2
404 5
470 0
470 2
470 3
434 3
427 0
426 0
426 3
423 3
423 0
423 3
423 1
424 4
408 2
407 1
407 2
406 1
409 5
444 1
444 4
407 4
405 2
403 5
433 4
403 4
403 2
403 4
403 4
403 4
403 1
403 1
405 2
404 4
403 4
403 0
401 3
401 3
401 2
400 3
400 2
400 2
400 5
470 4
405 2
404 5
430 3
421 2
420 2
419 0
418 4
406 5
433 2
433 4
405 0
404 1
406 0
405 2
405 1
405 5
477 4
409 5
431 2
431 2
431 4
405 3
404 4
404 4
404 5
427 5
482 5
579 0
579 3
498 3
476 3
465 2
464 4
425 1
427 3
412 0
411 3
411 0
411 5
496 3
467 2
466 1
466 4
419 2
418 1
421 0
415 4
412 2
411 4
411 0
410 0
410 2
410 4
408 1
408 1
409 3
406 4
406 3
406 3
405 5
434 2
432 2
433 3
419 4
408 1
411 5
435 3
423 5
494 2
491 3
461 3
452 5
563 3
525 2
523 0
523 4
426 1
428 3
422 4
408 4
408 3
405 0
404 2
404 0
404 4
403 5
437 2
439 3
423 3
416 3
415 3
414 1
416 2
414 2
413 4
407 5
444 4
411 1
411 4
407 2
407 2
407 4
406 3
405 5
434 2
432 3
415 4
405 4
405 4
405 1
407 1
409 3
404 5
431 1
431 3
420 5
494 3
461 1
461 2
459 1
459 5
571 1
571 5
748 1
748 3
658 2
655 3
615 4
433 0
431 2
429 3
426 3
424 3
424 4
409 2
408 4
406 4
406 2
405 4
405 0
404 1
405 1
405 3
404 3
404 4
404 0
404 2
404 1
404 3
404 3
404 3
404 0
404 3
404 5
492 4
418 0
410 1
410 4
405 4
405 3
404 5
439 3
424 4
412 2
411 4
410 1
410 5
433 0
433 4
408 3
407 0
404 3
404 0
404 3
404 2
403 5
485 5
595 3
524 5
641 5
808 0
808 3
716 0
716 3
668 3
653 4
453 4
435 5
448 5
530 0
529 3
489 5
593 3
548 3
525 4
427 3
419 0
417 1
417 0
417 4
411 4
408 4
408 3
407 3
407 1
407 0
406 2
406 0
406 3
406 2
405 0
405 3
405 5
499 0
499 5
616 5
760 3
645 3
600 1
600 0
600 1
600 4
450 5
455 0
451 5
556 0
556 2
552 0
552 4
431 3
423 1
423 2
422 3
420 2
419 2
418 1
420 1
420 4
417 5
432 0
429 0
429 2
430 0
430 3
417 1
417 3
414 0
413 3
413 4
406 0
404 3
404 5
481 2
478 3
447 4
413 2
412 1
412 3
409 3
408 3
408 3
408 3
408 1
408 4
405 3
405 4
405 5
436 4
410 5
429 0
424 5
513 3
463 2
461 3
450 3
440 5
541 2
539 1
539 4
422 4
416 0
411 3
411 3
411 5
489 3
451 3
445 0
444 3
443 2
442 2
441 0
440 1
440 1
440 1
440 1
440 5
585 4
427 2
426 4
412 2
411 3
410 0
408 1
410 5
490 1
490 2
489 0
489 1
489 4
411 1
411 0
408 4
407 3
406 2
406 2
406 1
406 2
406 1
408 1
409 1
409 5
435 3
421 2
420 1
420 0
418 5
515 4
418 5
433 5
494 3
448 5
530 2
527 3
489 0
488 3
479 2
478 2
476 1
476 5
640 2
637 3
589 4
425 2
424 2
423 0
419 1
419 3
419 4
410 3
404 4
400 3
400 4
400 2
400 2
401 0
401 1
401 1
401 2
401 3
400 0
400 3
400 4
400 3
400 2
400 2
400 1
400 3
400 2
400 2
400 3
400 5
442 2
442 5
540 4
423 5
435 3
420 0
418 2
417 4
409 0
407 2
407 1
407 3
407 2
406 1
406 3
406 3
404 2
403 2
403 0
403 1
403 2
402 4
401 2
400 1
400 3
399 1
399 3
399 1
399 3
399 4
399 4
399 5
442 1
442 3
423 2
421 2
420 4
405 0
404 4
402 0
402 4
402 4
402 3
401 3
401 5
443 3
431 4
408 2
407 2
407 0
403 5
483 1
483 2
482 2
480 3
447 5
555 2
553 4
427 1
427 4
416 2
415 2
415 3
413 3
413 2
411 3
411 4
408 5
427 2
427 3
419 2
418 4
408 0
406 3
405 5
467 0
467 3
440 3
436 3
433 5
526 5
665 0
665 5
833 0
833 2
827 3
713 2
709 4
446 4
437 3
419 2
418 2
418 2
418 1
418 0
414 5
478 0
477 0
477 3
445 5
521 5
649 2
646 4
427 2
425 0
416 4
410 3
410 3
410 2
409 0
408 0
408 2
408 5
483 5
591 2
586 4
420 4
417 4
417 5
431 4
411 3
410 4
409 3
409 4
409 1
409 0
408 5
469 2
468 4
412 5
428 3
421 3
416 2
415 2
414 3
414 3
411 4
408 4
408 5
428 3
421 3
419 3
417 3
417 3
415 2
414 3
413 0
412 3
412 2
411 3
411 3
411 2
411 2
411 0
411 3
411 2
410 0
410 1
410 4
407 3
404 2
403 0
403 3
403 4
403 3
403 4
401 3
401 4
401 1
401 2
401 0
401 3
401 5
474 1
474 2
475 3
445 3
432 1
432 3
430 4
407 1
407 4
403 2
401 1
401 0
400 3
400 5
472 4
408 1
408 1
408 5
433 2
433 0
430 5
518 2
518 4
416 3
413 4
410 0
408 3
406 2
405 0
405 2
405 4
403 4
403 3
403 3
403 0
402 2
402 4
402 2
402 2
402 5
438 2
438 3
422 3
418 0
418 4
407 1
407 2
406 2
405 0
405 5
484 3
453 4
414 4
408 5
432 1
432 0
430 4
405 0
403 5
476 2
477 0
477 3
442 5
529 0
529 5
673 1
673 5
831 4
433 2
431 1
431 5
433 4
409 2
409 5
423 4
407 4
407 4
407 0
405 3
404 5
459 1
459 5
548 2
548 3
484 2
481 0
481 2
479 3
465 3
460 3
458 2
457 0
457 2
456 3
455 3
454 4
427 1
427 3
418 2
417 2
416 2
415 0
415 2
415 4
409 2
408 4
405 4
405 2
404 4
404 4
403 4
403 1
403 3
403 4
402 2
402 5
437 4
411 4
408 4
408 4
408 3
408 4
407 2
407 2
407 1
407 4
407 5
429 1
429 2
427 2
427 4
406 1
406 3
406 3
406 1
406 2
406 3
406 1
406 4
406 4
406 3
406 3
406 0
403 2
403 3
403 5
466 5
569 3
505 4
421 1
421 2
420 0
412 2
410 3
409 0
408 0
408 5
485 3
456 0
454 4
417 4
406 4
406 1
406 3
404 4
403 3
403 5
427 3
412 1
412 2
411 4
401 0
401 0
401 3
401 0
401 5
479 3
448 5
538 4
416 4
409 5
431 1
429 2
428 3
417 0
415 2
414 4
405 2
404 4
402 2
402 3
402 3
402 2
402 4
402 1
402 4
402 3
402 0
402 0
402 3
402 2
401 3
401 4
401 3
400 1
400 3
400 3
400 5
427 4
408 1
408 4
407 3
407 3
407 3
407 3
406 3
406 2
406 2
406 2
406 1
406 2
405 4
405 2
405 2
405 3
405 4
405 2
405 3
405 2
405 3
405 1
405 4
405 2
405 0
402 1
402 1
402 4
402 3
402 5
427 4
407 3
407 0
403 4
402 0
402 5
469 4
407 3
405 4
405 0
402 3
402 4
401 2
401 3
401 3
401 4
401 1
401 3
401 4
401 1
401 4
401 4
401 5
423 5
488 4
409 2
409 0
405 2
405 2
405 0
405 5
468 5
562 1
561 3
491 1
490 4
417 3
412 3
412 4
409 3
408 4
408 0
404 3
404 1
404 2
403 2
403 0
402 0
402 3
401 2
401 2
401 4
401 3
401 5
425 2
425 0
425 1
425 2
425 5
501 0
501 5
612 5
736 4
437 2
436 3
420 4
415 4
415 0
410 4
408 3
407 3
406 3
406 2
405 4
405 1
405 0
404 5
450 2
450 3
433 4
412 0
409 0
409 3
409 4
406 3
404 2
403 1
403 3
403 0
403 4
403 1
403 5
431 2
431 4
405 0
403 3
402 4
402 2
402 0
402 3
402 4
402 1
402 4
402 1
402 0
402 0
402 3
402 2
402 1
402 2
402 3
402 0
402 2
402 5
463 5
560 1
560 3
495 3
461 3
451 2
450 0
450 3
449 4
421 4
409 5
439 3
427 2
426 5
499 2
496 5
628 2
625 5
763 1
763 0
763 4
436 2
435 0
422 0
421 1
421 3
419 1
419 0
418 5
507 0
507 0
507 4
414 4
412 5
429 3
423 2
422 3
420 5
484 3
459 0
458 5
596 3
550 4
423 3
415 0
412 4
406 2
405 2
404 4
401 2
401 5
435 5
514 4
414 1
414 5
427 1
427 2
427 3
417 3
415 1
415 5
474 2
472 2
470 4
414 4
411 4
411 0
407 3
407 2
406 3
406 3
406 4
402 4
402 5
433 3
420 3
420 2
419 3
419 5
483 2
481 1
481 3
453 2
451 0
449 0
449 5
587 4
425 3
419 0
412 2
412 5
497 0
497 3
459 3
447 3
444 2
443 1
443 3
442 0
441 0
441 2
440 4
416 3
409 4
402 0
401 0
401 0
401 3
400 1
400 3
400 0
400 3
400 0
400 5
483 2
483 0
483 4
412 3
408 4
407 3
407 5
437 1
437 2
435 3
422 0
422 2
421 4
405 3
403 3
403 4
401 3
401 4
401 4
401 0
401 2
401 2
401 2
401 5
475 1
475 4
406 0
404 3
404 2
403 2
402 1
402 1
402 4
399 1
399 3
399 3
399 0
399 2
399 0
399 5
471 3
437 3
431 2
430 4
407 3
402 3
402 3
402 0
402 2
402 3
402 2
402 3
402 2
402 4
399 4
399 3
399 0
399 4
399 3
399 0
399 2
399 1
399 2
399 3
399 4
399 3
399 1
399 3
399 5
435 5
522 3
469 4
418 0
413 2
413 3
410 5
485 2
484 0
484 4
411 4
407 1
407 5
428 5
492 4
411 1
411 4
410 3
408 2
407 5
430 4
405 3
405 4
405 2
405 0
403 0
403 0
403 3
403 4
402 2
402 2
402 1
402 4
402 0
402 4
401 2
401 5
431 2
431 0
431 3
420 3
417 2
416 3
416 2
415 0
415 0
415 2
414 4
402 3
402 2
401 2
401 4
401 3
401 1
401 1
401 5
433 5
507 1
507 4
408 2
407 0
401 2
401 4
401 3
401 1
401 4
401 3
400 2
400 2
400 5
427 3
416 2
415 1
415 3
413 0
412 4
407 2
406 2
405 3
404 2
403 3
403 3
403 3
403 0
402 2
402 3
401 4
400 2
400 2
400 1
400 1
400 4
400 0
400 3
400 0
400 5
474 5
580 0
580 1
577 4
417 4
415 4
415 1
415 3
410 3
408 0
407 2
407 4
405 4
404 1
404 0
404 3
404 4
403 3
403 3
403 1
403 1
403 4
403 3
403 0
403 0
403 5
453 4
406 3
406 1
406 5
430 4
408 2
408 0
405 3
405 3
405 2
405 1
405 4
405 4
405 4
405 0
405 4
405 3
405 1
405 1
405 3
405 4
405 2
405 1
405 0
405 4
405 4
405 3
405 3
405 0
405 5
454 3
437 4
409 2
408 3
406 2
406 3
406 2
406 3
406 0
404 1
404 1
404 3
403 0
402 3
402 5
464 2
464 3
436 1
436 5
503 3
464 0
464 4
418 2
416 0
413 2
413 5
493 4
415 3
412 2
411 2
410 2
409 5
440 4
407 4
407 0
404 3
404 5
462 4
407 2
406 3
405 5
437 2
437 5
507 2
507 4
415 3
413 0
406 2
406 3
404 1
404 3
404 0
404 0
404 4
404 3
403 0
403 0
403 3
403 1
403 3
402 0
402 3
402 5
463 0
463 0
463 0
463 1
463 0
463 1
463 5
563 0
563 2
563 2
563 4
416 1
416 0
405 4
402 0
401 5
463 4
405 4
405 1
405 3
404 4
404 4
404 3
404 2
404 0
403 0
403 3
403 1
403 4
401 2
401 3
401 5
430 2
430 0
430 5
497 2
497 3
455 0
450 3
444 4
417 3
411 2
410 3
410 3
410 1
410 2
410 3
410 1
410 0
410 4
410 2
409 5
433 1
433 2
433 3
424 3
421 2
420 4
411 4
408 5
429 5
509 3
463 2
461 4
415 0
409 3
409 3
409 4
403 0
403 4
403 3
401 5
438 0
438 4
410 0
402 4
401 0
400 2
400 4
400 2
400 2
400 4
400 1
400 0
400 5
470 0
470 3
443 0
443 4
414 4
409 0
407 3
407 4
404 5
433 0
432 3
420 3
417 4
407 2
406 4
403 0
403 4
403 2
402 0
402 0
402 3
402 1
402 0
402 3
402 0
402 1
402 1
402 2
402 3
402 3
402 0
402 2
402 3
402 2
402 1
402 5
487 1
488 4
420 4
417 4
417 1
417 2
416 4
416 0
408 1
408 5
475 2
473 4
410 3
405 2
405 2
405 4
405 4
405 0
403 1
403 1
403 1
403 2
403 3
403 4
403 0
403 0
403 3
403 4
403 0
403 3
403 2
403 2
403 2
403 2
403 5
469 5
563 2
562 1
561 3
495 3
469 0
467 3
459 0
459 5
621 4
432 1
432 0
425 0
425 3
424 5
525 4
422 4
414 3
411 3
410 4
408 4
408 0
404 1
404 3
404 2
404 4
402 0
402 5
471 3
446 0
444 4
416 3
413 4
405 0
403 5
481 2
481 2
481 0
481 3
448 0
448 1
448 0
448 5
578 1
578 2
575 1
575 0
575 3
523 3
506 4
426 5
459 5
559 4
430 3
417 5
442 0
442 4
411 3
408 4
407 4
407 2
407 0
403 4
403 4
403 4
403 3
403 0
403 1
403 4
403 -1
849 1
849 5
849 4
823 5
810 2
807 4
783 5
767 0
627 2
625 1
624 4
532 3
471 4
466 0
444 5
488 1
491 4
440 3
433 4
431 1
435 5
444 3
438 5
464 4
430 3
425 2
426 0
423 3
421 4
418 0
418 1
423 5
465 4
426 3
426 3
425 5
439 5
484 4
424 3
422 3
422 3
422 1
425 0
419 1
421 0
421 1
425 5
480 3
449 2
448 1
451 3
440 5
494 5
604 4
439 3
428 2
427 4
427 4
427 0
419 0
419 3
418 5
480 0
480 2
478 0
478 2
479 1
479 0
479 1
479 2
478 2
478 4
422 3
416 5
436 3
425 1
427 3
416 0
414 2
414 4
408 3
406 3
406 0
405 1
410 0
410 0
410 2
411 0
411 5
488 5
584 4
417 1
417 5
432 1
433 3
423 5
474 2
472 5
577 4
421 2
420 0
409 4
404 2
405 3
403 5
437 5
506 4
410 0
404 2
405 3
402 3
402 4
400 0
400 5
463 4
406 5
430 3
421 3
418 5
472 1
472 5
570 3
497 5
623 2
620 5
799 4
429 2
427 5
441 4
415 3
412 4
411 4
411 1
414 4
413 3
410 4
409 0
401 4
401 5
432 1
435 3
422 3
415 4
409 0
406 0
406 3
406 4
405 4
405 0
405 4
404 4
404 2
404 1
408 1
408 0
405 4
403 1
405 4
405 1
407 1
407 5
441 4
405 0
404 0
404 0
404 4
404 4
404 2
404 3
404 4
404 4
404 0
404 0
404 5
477 2
480 0
480 2
483 4
410 4
410 2
411 0
407 5
471 3
441 4
411 5
437 1
437 2
435 1
435 5
498 4
414 4
413 1
415 1
417 3
413 3
411 0
405 5
469 3
439 3
430 2
429 0
427 4
416 5
443 1
447 1
448 4
417 5
432 5
505 2
505 0
505 0
505 5
616 4
421 4
418 4
418 4
418 3
415 0
407 4
406 1
408 4
407 5
431 0
430 2
431 2
432 4
410 0
405 1
406 0
406 5
471 4
411 5
432 5
502 2
502 1
501 0
501 0
501 3
452 3
439 2
438 5
514 4
422 1
422 3
413 1
413 3
412 0
408 1
410 3
408 1
409 4
405 4
405 3
405 4
405 3
405 5
431 3
421 4
406 4
406 4
406 4
406 2
405 0
405 1
406 2
405 1
407 4
405 3
404 3
404 4
403 2
404 1
406 3
403 3
403 1
404 4
404 0
403 2
404 5
467 3
441 3
430 4
409 0
407 1
407 4
405 1
407 3
405 3
404 5
435 3
424 2
423 4
405 5
436 3
423 2
422 3
417 4
404 0
404 4
403 2
402 0
402 3
402 3
402 5
475 3
442 1
443 4
409 5
440 1
442 1
442 4
407 1
410 4
408 4
408 3
407 0
405 1
407 3
404 2
403 5
467 4
405 0
404 4
403 3
402 2
403 5
429 4
409 4
409 2
410 5
426 3
414 1
415 4
409 4
408 1
410 4
410 0
408 1
409 5
475 0
475 3
443 4
414 1
416 4
414 4
414 3
411 3
410 0
409 0
409 0
409 1
410 5
478 4
413 5
430 2
428 5
482 5
572 3
487 2
485 3
460 4
415 3
409 4
406 3
406 2
406 3
406 3
406 4
406 3
406 4
406 4
406 1
408 5
433 2
433 0
432 2
431 3
421 0
421 4
413 2
412 4
408 3
406 3
406 5
428 0
427 4
408 4
408 3
408 4
407 3
406 2
406 0
403 2
403 5
469 0
469 4
409 2
408 1
408 1
408 3
407 5
427 2
429 5
493 3
445 5
504 2
502 4
416 3
410 3
409 4
408 3
408 4
407 5
431 3
416 5
461 5
555 5
682 1
683 0
683 5
820 4
446 0
428 5
482 4
426 5
436 4
418 2
418 2
419 2
419 1
420 4
420 2
419 1
419 5
443 4
416 4
416 3
410 2
409 0
407 4
406 4
406 5
429 4
408 4
408 1
410 0
407 2
407 2
408 3
405 2
406 2
407 3
406 2
405 4
405 3
405 1
408 3
407 1
407 2
406 3
405 0
405 2
405 2
405 5
460 3
440 1
440 4
417 4
414 2
412 5
429 4
409 2
410 3
409 4
409 4
409 1
414 1
414 3
410 3
409 4
409 0
405 2
406 2
406 0
406 2
408 3
406 4
405 2
405 2
406 4
406 5
430 3
418 0
416 4
410 2
409 1
409 1
409 3
407 0
405 2
405 4
405 3
405 4
405 4
405 4
405 4
405 1
409 1
412 5
432 2
432 1
433 4
405 2
404 4
404 3
404 3
404 4
404 2
404 4
404 3
404 1
404 3
404 3
404 2
404 0
403 0
403 5
462 2
462 4
411 4
410 1
410 3
408 4
408 5
425 0
423 3
417 1
417 3
412 1
412 0
412 2
411 3
411 1
412 4
406 5
435 3
420 4
407 5
430 5
499 3
455 4
417 4
413 3
410 2
409 4
409 1
409 3
409 4
407 1
409 5
424 2
425 5
486 3
447 4
411 5
433 3
424 4
409 0
405 3
404 1
406 3
404 0
404 2
405 4
404 4
402 2
402 0
401 2
401 4
401 2
401 3
400 0
400 0
400 4
400 2
400 3
400 5
431 0
431 0
431 3
419 0
419 0
419 4
409 0
407 2
408 3
407 5
475 4
413 5
428 5
497 4
408 0
404 5
479 0
479 0
479 3
443 5
535 3
499 5
620 1
620 4
434 5
447 4
411 5
433 2
433 0
432 5
523 5
643 0
643 4
423 5
435 5
491 4
409 3
408 3
408 3
408 3
408 3
408 2
408 3
408 0
408 3
407 2
407 2
407 1
409 0
408 4
405 2
405 3
405 5
432 3
417 3
416 4
405 3
404 0
404 4
402 3
402 3
402 3
402 4
402 1
402 4
402 3
402 3
402 0
402 4
401 4
401 2
401 1
401 0
401 0
401 2
402 2
402 3
401 3
401 4
401 0
401 3
401 2
401 4
401 0
401 2
401 4
400 1
402 2
400 5
430 4
407 5
433 2
431 5
501 0
501 3
460 0
458 0
458 0
458 5
587 4
424 1
424 5
445 2
443 4
410 4
410 3
410 2
410 3
410 1
410 2
410 2
410 3
410 0
406 5
482 0
482 3
451 5
519 2
517 5
653 5
810 5
969 3
828 4
436 3
427 0
418 4
410 4
407 3
407 2
407 3
407 5
425 3
414 4
410 0
409 0
409 5
484 4
412 3
407 1
407 2
406 3
406 4
405 4
405 3
405 3
405 5
429 5
488 4
410 2
411 4
411 2
411 3
411 2
411 0
409 3
409 4
408 3
407 0
407 3
407 3
407 0
407 4
406 0
406 3
406 3
406 2
406 2
406 3
406 1
408 5
461 3
430 5
492 3
456 3
451 0
449 4
420 5
448 1
449 2
447 0
445 3
435 3
433 4
407 3
406 4
403 3
402 0
402 2
403 3
402 0
402 5
485 0
485 3
455 4
411 0
407 0
407 5
496 5
618 3
542 5
677 2
672 0
672 3
611 2
609 0
607 4
436 4
425 2
421 2
420 5
443 4
416 5
434 5
507 2
507 3
458 5
571 2
569 4
424 3
416 4
412 3
411 2
410 0
405 4
405 3
405 2
405 4
404 3
404 5
432 5
503 4
416 2
416 4
416 0
408 3
407 5
470 0
470 5
571 4
419 2
418 3
413 4
412 4
412 4
412 0
406 4
406 2
406 4
406 1
406 2
406 0
406 0
406 5
468 0
468 2
468 2
468 2
468 0
468 3
436 4
414 4
411 4
411 1
411 3
407 5
427 1
427 4
411 0
406 5
474 3
442 3
432 1
432 0
429 3
426 3
423 3
423 2
422 0
422 0
422 2
421 4
408 4
404 4
404 0
403 1
403 4
403 1
403 2
402 3
402 5
450 5
556 2
551 2
546 0
546 4
418 3
411 2
411 1
412 4
409 0
404 4
401 5
431 0
431 4
403 1
403 5
430 4
403 5
430 5
497 4
414 4
412 2
412 4
412 2
412 4
412 1
414 3
411 4
410 4
410 4
410 5
430 4
408 5
432 0
432 2
430 2
430 2
430 0
430 0
430 1
430 0
430 4
409 4
409 5
430 4
409 3
409 0
409 3
409 5
468 1
468 0
468 1
468 3
449 3
441 2
440 5
511 4
421 2
419 3
416 4
411 0
407 0
407 4
405 2
405 0
404 2
404 0
404 4
404 3
404 4
404 3
404 4
404 2
405 4
405 1
405 2
405 1
405 1
405 2
406 5
436 0
436 3
421 4
408 3
407 1
407 5
436 3
422 5
480 2
478 0
478 2
476 2
475 0
475 5
589 4
424 4
420 3
415 0
410 2
410 3
408 0
408 2
408 5
479 2
477 4
413 5
429 4
411 2
411 4
409 1
409 4
409 4
409 0
407 5
468 1
467 0
467 2
467 1
466 1
466 5
556 2
555 0
555 4
415 4
415 3
414 4
413 2
413 4
413 5
432 3
419 2
418 3
415 3
414 3
414 2
413 5
456 2
456 4
412 3
410 2
409 3
409 3
409 4
409 5
434 3
420 3
414 3
414 4
411 5
434 4
411 4
411 2
411 5
433 0
432 3
423 3
423 4
406 2
406 2
405 5
432 5
487 2
484 3
440 3
431 3
429 0
429 4
413 3
409 3
409 2
408 3
407 4
402 2
402 3
402 2
402 3
402 2
402 3
402 2
402 1
402 2
402 5
432 3
421 5
484 4
419 0
409 4
406 5
432 0
432 5
518 2
518 0
518 3
470 4
423 0
416 4
410 3
406 4
402 3
402 1
402 2
402 2
402 3
402 4
402 4
402 4
402 0
402 4
402 4
402 0
402 4
401 3
401 0
401 1
401 3
401 0
401 2
401 1
401 0
401 3
401 3
401 2
400 0
400 5
475 5
582 4
415 0
408 1
409 3
409 4
407 5
436 2
434 1
434 4
406 0
403 3
403 4
403 4
403 4
403 4
403 1
403 0
403 3
403 4
403 4
403 5
433 4
407 2
406 2
406 2
406 5
435 2
435 0
434 0
434 4
405 0
403 1
403 2
403 4
403 3
403 1
403 1
403 4
403 3
403 5
426 3
417 0
417 0
417 5
501 3
460 5
563 4
420 2
419 4
410 5
428 1
427 1
425 5
484 1
484 4
410 3
408 3
407 5
424 2
424 0
423 0
423 2
423 3
418 4
408 1
408 3
406 4
406 3
405 5
425 4
407 5
426 5
474 1
474 4
408 4
408 5
422 3
414 3
412 5
455 4
410 4
406 4
406 4
406 3
405 4
405 2
405 1
405 2
405 3
405 3
405 2
404 2
404 2
404 4
404 3
404 2
404 4
404 3
404 2
405 4
405 4
405 5
428 2
428 0
428 5
492 1
491 4
411 3
408 0
404 4
401 3
401 3
401 2
401 2
401 4
401 4
401 2
401 0
400 2
400 5
451 4
401 5
425 1
425 4
402 4
402 1
402 5
425 3
416 2
415 4
404 4
404 5
429 0
429 4
403 2
403 5
428 0
428 2
428 0
428 4
405 1
405 4
405 2
405 4
405 2
405 3
405 3
405 3
405 3
405 1
405 4
405 5
425 1
425 4
404 3
404 0
403 5
460 5
540 3
477 3
451 3
444 0
442 3
439 3
436 0
435 3
435 4
413 2
412 4
406 4
406 3
405 1
405 4
405 3
405 3
405 5
451 1
451 5
548 4
422 0
413 1
413 4
409 4
405 3
404 5
440 0
440 0
440 2
440 3
423 1
423 0
421 5
518 2
515 4
420 0
413 3
413 4
404 2
403 2
403 4
403 0
401 3
401 0
401 0
401 4
401 1
401 5
439 3
422 2
421 0
421 1
421 4
412 4
405 0
403 4
401 3
399 3
399 3
399 1
399 4
399 0
399 3
399 0
399 4
399 0
399 0
399 5
474 4
405 5
431 4
405 3
403 3
403 3
403 0
400 2
400 2
400 4
400 4
400 1
400 4
400 0
400 3
400 0
400 2
400 4
400 0
400 3
400 2
400 0
400 1
400 1
400 2
400 1
400 1
400 5
473 5
573 3
500 0
499 5
630 0
630 2
627 0
627 0
627 3
575 0
575 0
575 3
557 1
557 1
557 4
438 2
436 3
424 5
456 5
549 3
491 2
489 4
423 3
417 2
416 5
445 5
525 5
653 2
649 2
648 3
551 3
519 4
424 3
416 2
415 4
410 1
410 5
429 5
494 3
464 2
463 0
463 0
463 3
455 0
455 2
454 4
426 0
422 1
422 3
421 5
522 4
424 4
414 3
410 2
410 5
431 3
417 3
414 3
414 1
414 3
414 5
464 3
441 4
412 5
438 0
437 0
437 4
412 4
410 3
407 5
426 2
426 4
401 0
400 1
400 0
400 2
400 3
400 2
399 3
399 3
399 3
399 4
398 0
398 3
398 2
398 0
398 1
398 4
398 4
398 4
398 4
398 4
398 4
398 1
398 5
436 2
436 0
436 5
528 4
411 5
431 3
416 0
415 2
414 3
414 4
409 0
407 5
486 4
416 5
430 3
419 2
418 5
466 3
444 5
537 5
694 1
692 2
688 2
684 1
684 5
852 1
852 4
441 2
437 2
435 0
418 2
416 2
415 5
483 0
483 2
480 3
446 2
445 2
444 1
444 4
417 4
411 3
409 0
404 4
401 0
401 4
401 4
400 4
400 3
400 0
400 0
400 3
400 0
400 5
469 3
443 2
441 3
434 2
433 0
432 3
432 2
431 5
535 4
429 1
429 4
421 2
420 0
416 5
494 0
494 3
456 0
455 2
454 4
419 2
418 4
410 3
409 4
409 2
408 4
407 4
407 2
406 2
406 2
406 2
406 4
406 5
432 0
431 2
431 4
405 1
405 2
404 0
401 5
467 0
467 5
564 4
414 3
411 0
405 3
404 3
404 5
460 4
412 4
410 4
410 0
406 4
405 0
403 0
403 5
470 5
567 0
567 4
410 4
409 4
409 4
409 4
409 1
409 0
405 4
403 3
403 1
403 5
432 4
408 2
408 0
405 4
402 0
402 3
402 1
402 0
402 2
402 0
402 2
402 2
402 4
402 5
430 0
429 3
416 0
415 2
414 2
414 5
500 1
500 1
500 0
500 3
456 3
446 0
445 4
420 3
414 2
413 1
413 0
411 2
410 1
410 2
410 3
409 2
408 3
408 4
404 4
399 4
399 4
399 1
399 2
399 5
435 5
516 2
516 0
516 1
515 2
514 1
512 4
415 2
414 3
409 0
405 5
480 2
480 0
480 1
479 5
573 5
696 3
573 0
572 2
570 5
720 1
720 2
716 5
891 5
1072 3
958 2
951 4
480 4
462 5
451 5
471 0
470 4
424 4
422 4
422 0
419 3
417 4
414 4
414 2
414 4
414 2
414 3
412 0
411 3
411 4
408 5
433 4
412 4
412 2
411 1
411 0
409 2
409 4
406 1
406 0
406 3
405 1
405 3
404 2
403 4
403 2
403 3
403 3
403 4
402 3
402 2
402 3
402 0
402 2
402 3
402 1
402 0
402 0
402 4
402 0
402 1
402 0
402 0
402 3
402 1
402 4
402 5
432 2
432 0
432 3
422 3
419 1
419 0
417 0
417 5
509 4
416 2
415 0
409 3
409 0
409 0
409 2
409 2
409 0
409 0
409 3
409 2
408 5
484 4
415 4
412 4
412 5
430 3
418 1
418 5
465 3
439 0
438 3
436 3
434 1
434 5
531 1
531 4
425 4
415 1
415 3
410 2
410 0
405 1
405 0
405 4
403 4
403 0
402 2
402 1
402 3
402 5
462 2
460 1
459 3
442 1
442 0
441 2
440 5
543 5
688 4
445 4
431 0
418 2
418 2
418 0
418 4
410 0
409 3
409 3
409 0
409 2
409 3
408 1
408 0
408 2
408 0
408 5
475 0
475 1
475 1
475 1
475 0
474 4
415 4
413 4
413 3
412 4
412 3
410 0
409 4
408 2
408 0
408 5
461 3
439 2
438 4
419 4
417 2
416 4
416 4
416 4
416 2
415 4
415 0
411 3
410 4
410 4
409 0
409 3
409 2
409 3
409 3
409 3
409 4
407 2
406 5
435 3
423 2
422 2
421 3
416 3
414 3
413 1
413 3
412 2
411 1
411 4
403 4
403 0
403 3
403 4
402 0
402 2
402 3
402 2
402 5
463 4
404 2
404 5
438 3
419 1
419 3
417 3
416 1
416 2
415 2
414 4
405 2
404 5
435 3
417 0
416 0
416 5
495 0
495 3
459 4
416 5
434 4
411 0
408 2
408 2
407 3
407 0
406 0
406 3
406 1
406 2
406 4
402 5
434 0
433 2
433 2
433 1
433 3
420 4
407 3
405 2
404 0
404 2
404 4
402 3
402 0
402 2
402 3
402 4
402 0
402 5
468 0
468 2
468 4
410 2
409 5
429 5
485 4
413 4
410 1
410 4
410 5
423 4
408 2
408 0
407 4
406 0
406 1
406 4
406 0
406 4
406 0
406 0
406 4
406 3
406 2
406 0
406 0
406 2
406 3
406 0
406 3
406 4
403 1
403 5
434 3
419 0
416 2
414 5
494 2
493 3
453 3
440 1
440 0
438 1
438 5
560 4
424 2
422 4
413 3
409 0
406 2
406 1
406 4
405 0
405 2
405 1
405 2
405 3
405 4
401 0
401 0
401 3
401 5
471 2
471 5
568 0
568 2
568 3
491 4
432 5
444 5
512 5
634 3
548 3
508 2
506 2
503 4
432 3
417 1
417 1
417 4
413 2
412 0
411 0
411 4
408 5
430 4
406 0
405 4
403 4
403 4
403 0
402 1
402 2
402 4
402 4
402 4
402 4
402 4
402 0
402 4
402 0
402 4
402 4
402 3
402 0
402 1
402 5
473 2
473 2
473 2
473 1
473 3
448 4
410 -1
