5 2000
928 1
928 5
927 5
976 0
932 5
1221 2
1217 5
1589 0
1589 3
1289 5
1771 3
1598 1
1598 0
1598 4
659 1
659 4
638 4
638 2
635 1
638 4
637 0
616 2
615 1
615 5
820 4
601 3
594 4
588 0
576 1
576 5
737 3
659 2
657 3
634 0
634 2
633 5
929 2
925 1
926 2
923 1
923 0
923 0
923 4
592 1
594 3
583 3
581 0
573 5
765 5
1055 5
1383 5
1711 3
1367 0
1367 2
1361 0
1361 3
1176 1
1176 2
1170 2
1163 3
1068 2
1062 0
1062 5
1604 0
1604 0
1604 4
640 5
669 4
585 4
583 3
581 0
572 3
572 5
727 5
993 4
593 1
597 1
597 1
597 3
583 5
637 3
607 5
750 3
678 5
928 5
1314 2
1309 3
1107 1
1107 0
1107 5
1634 3
1466 2
1462 3
1386 2
1382 3
1340 3
1316 0
1316 1
1317 1
1317 5
2230 2
2225 1
2225 3
2119 2
2114 4
638 2
635 4
602 3
589 1
591 0
583 3
581 1
582 5
767 4
586 3
582 5
646 4
568 4
565 2
565 0
563 1
564 0
564 2
563 2
563 5
727 0
727 0
727 3
652 4
578 5
639 3
610 2
608 2
607 3
604 0
601 2
600 4
568 4
565 2
564 3
563 0
562 2
561 0
561 2
561 3
559 4
557 3
560 3
557 4
556 4
556 4
556 5
646 0
646 0
646 3
610 3
601 2
600 4
564 0
563 5
760 2
757 4
575 5
647 4
561 4
560 4
560 4
560 0
557 4
556 5
637 5
836 0
835 0
835 1
835 1
838 5
1124 5
1427 5
1742 5
2059 0
2059 1
2059 3
1615 3
1377 3
1241 4
637 1
641 2
639 4
619 5
620 5
755 3
675 5
894 4
588 4
583 1
587 2
586 2
585 0
573 4
562 5
631 2
629 1
631 2
629 0
627 4
567 0
561 0
561 3
562 2
561 4
561 1
561 4
560 2
559 0
559 5
736 3
655 0
654 2
652 4
580 4
567 4
567 1
567 5
646 5
881 4
589 5
632 5
816 1
816 2
812 5
1102 4
603 2
602 1
602 5
647 1
648 1
651 5
804 3
687 5
899 3
795 5
1173 0
1173 0
1173 0
1173 5
1671 5
2174 5
2680 3
2443 0
2443 2
2434 1
2434 2
2426 3
2257 4
647 3
616 1
616 5
647 2
645 2
643 5
818 5
1099 2
1093 2
1087 3
868 2
863 0
860 4
620 4
611 0
598 3
595 1
596 3
592 0
589 1
591 4
570 4
566 3
569 0
567 1
569 3
568 3
568 2
567 3
568 3
567 5
759 0
759 3
680 1
680 1
681 5
957 2
953 5
1350 3
1133 4
614 4
604 4
604 4
604 3
590 4
589 2
588 2
587 2
586 3
586 4
585 1
586 2
585 3
582 3
583 5
621 3
602 1
604 5
742 3
673 1
674 0
672 3
669 5
1018 3
886 5
1392 4
618 5
666 2
664 1
665 3
625 0
622 3
619 3
616 4
567 4
563 1
566 3
563 4
558 3
558 0
557 0
557 3
558 0
558 5
761 0
761 1
761 2
759 2
756 1
756 0
756 0
756 3
665 4
576 4
573 0
566 3
566 4
556 3
557 2
556 5
644 0
644 3
613 2
612 5
812 1
811 1
810 3
721 4
587 2
585 0
576 5
794 0
794 2
791 3
699 4
579 4
574 2
572 3
562 1
562 4
562 4
562 4
562 4
562 3
564 2
563 3
562 5
631 2
629 5
831 4
582 3
578 4
576 3
575 3
576 2
575 4
575 1
575 0
567 3
567 2
566 0
565 1
566 0
566 4
561 5
637 1
637 3
599 2
598 5
764 5
1059 3
875 0
875 3
809 4
605 2
603 3
590 0
580 3
579 4
565 3
567 3
567 2
566 4
564 4
563 2
562 1
562 3
563 2
562 0
562 3
562 0
562 2
561 4
558 1
559 4
557 3
560 3
557 4
557 4
557 1
557 2
557 4
557 3
559 3
557 0
557 0
557 2
556 4
556 3
559 3
557 0
557 1
557 0
557 0
557 2
556 2
556 2
556 2
556 2
557 3
558 4
557 3
559 3
560 3
560 3
559 4
559 4
559 5
643 0
643 2
641 0
641 3
609 4
566 3
562 3
562 3
562 0
559 2
558 2
557 0
557 1
557 3
560 3
560 4
558 3
557 2
556 0
556 0
556 1
557 0
557 0
557 5
752 0
752 2
749 2
747 2
745 5
1039 1
1038 2
1033 0
1033 0
1033 1
1032 2
1027 1
1026 2
1021 3
820 1
818 2
815 1
815 4
614 2
611 3
583 3
584 5
647 3
612 0
609 0
609 4
566 2
565 2
564 3
564 2
563 3
560 4
558 0
557 2
557 1
557 2
557 4
556 5
640 2
638 2
636 3
603 4
566 5
636 5
851 0
851 1
851 4
580 3
579 3
575 4
574 2
573 2
572 0
563 2
562 5
720 5
959 0
959 0
959 1
959 5
1259 4
591 3
587 1
587 2
586 2
586 0
573 4
566 2
566 2
566 0
564 2
564 3
567 5
707 2
704 0
704 0
704 3
642 4
575 3
571 0
567 4
560 1
562 0
562 5
727 2
722 3
646 3
624 2
623 3
618 4
569 5
658 3
626 2
624 4
574 1
575 3
568 2
567 2
566 3
568 2
567 1
567 2
566 5
643 0
643 2
641 2
641 4
570 3
572 3
569 3
571 4
568 3
569 0
561 4
556 4
556 0
556 3
558 3
561 1
561 5
732 1
733 5
1014 2
1011 2
1008 4
603 0
581 0
580 0
580 2
579 3
573 2
572 2
571 4
562 3
565 0
563 5
731 0
731 4
576 3
575 5
648 1
648 5
835 2
831 3
699 5
925 2
922 0
921 4
593 2
591 4
584 4
584 3
580 2
579 3
574 2
574 4
574 1
577 4
576 5
621 2
619 2
617 1
617 4
570 4
568 3
569 3
569 3
567 0
557 2
557 5
725 4
572 0
561 3
562 2
561 2
560 3
561 2
560 1
562 5
726 0
726 2
723 2
722 4
564 2
564 3
569 5
643 2
641 3
603 3
592 2
590 3
587 0
582 3
582 0
582 2
581 2
580 0
580 3
581 3
582 1
582 3
581 2
580 0
580 1
581 1
581 5
823 2
820 0
820 4
580 3
566 4
561 3
564 2
562 3
561 4
561 3
559 4
559 5
619 1
619 1
618 3
593 2
592 4
563 2
562 2
562 4
561 0
559 0
559 4
556 3
560 5
635 1
635 1
634 0
634 4
564 5
623 0
623 2
621 5
839 4
577 4
575 2
574 2
573 5
619 3
586 4
565 3
567 4
564 0
560 4
556 4
556 0
555 2
555 4
554 2
554 4
554 0
554 3
555 3
554 3
556 0
556 5
726 4
573 4
571 2
571 4
571 3
570 2
568 3
566 3
567 4
567 4
567 2
566 2
565 5
615 5
779 2
775 3
664 2
662 2
660 3
636 4
580 0
576 0
576 3
577 4
557 4
555 3
556 3
557 2
557 2
556 3
556 3
556 0
555 4
553 3
554 2
553 0
553 4
552 2
552 0
552 4
552 3
555 4
555 4
555 2
553 0
553 1
553 5
734 4
573 3
568 4
567 2
566 5
623 4
563 3
566 1
566 2
565 4
565 3
569 2
568 0
562 0
562 3
564 5
730 4
570 1
570 0
564 4
558 3
560 5
626 0
626 0
626 2
624 4
560 1
560 0
558 4
558 5
620 2
618 2
616 3
593 2
591 4
568 4
567 3
563 5
623 3
599 2
598 2
597 4
565 5
613 3
592 3
584 2
583 0
582 1
583 4
563 3
562 3
562 2
560 3
563 4
558 2
557 3
558 3
559 2
558 0
555 5
738 2
735 4
570 0
558 4
554 5
623 4
564 3
566 3
563 1
563 0
555 5
735 1
734 2
731 4
563 1
563 3
566 2
564 5
634 3
593 2
591 2
589 4
555 5
618 4
559 0
554 3
556 0
556 0
556 4
550 2
550 5
626 0
626 4
556 2
556 0
552 3
553 4
549 4
549 4
549 4
549 0
549 4
548 1
548 1
548 3
552 2
551 3
552 0
551 1
552 4
548 3
553 3
553 2
551 4
551 0
551 1
552 4
548 3
551 2
550 4
550 3
550 0
549 5
724 2
721 4
567 4
566 1
566 0
557 2
557 0
557 3
559 4
549 4
549 2
548 3
552 1
552 4
552 2
550 2
549 4
549 1
549 5
630 5
847 2
844 2
841 4
572 3
571 5
630 2
628 3
592 3
583 4
559 0
558 3
559 1
561 3
560 2
559 0
559 3
560 5
741 5
1019 2
1013 4
578 0
569 2
568 3
568 4
557 0
556 1
556 2
556 3
558 3
558 4
555 4
553 3
554 5
631 4
561 5
625 1
625 1
625 0
624 4
560 0
556 3
560 5
728 2
726 3
654 3
636 3
632 2
630 0
630 1
630 2
629 2
628 3
623 2
622 3
619 4
564 4
559 2
558 2
557 4
557 1
557 4
557 2
556 2
555 0
554 1
554 0
554 5
759 2
757 3
690 1
690 4
575 0
569 1
569 5
792 0
792 5
1119 2
1114 5
1469 4
611 0
583 4
569 5
628 1
628 1
628 2
626 3
593 2
592 2
591 1
591 3
587 2
586 2
585 4
567 4
567 4
567 0
566 4
559 1
559 5
628 4
563 2
562 0
560 0
560 3
560 4
556 4
556 0
556 1
556 3
558 0
558 2
557 5
732 4
565 2
564 4
564 2
563 1
563 4
563 5
629 2
627 1
627 1
627 4
561 5
621 3
590 3
584 3
582 1
582 2
581 0
576 2
575 5
792 4
579 4
570 2
569 3
569 2
568 4
567 5
623 3
597 3
589 2
588 2
587 4
562 0
559 2
558 3
560 2
559 1
559 4
557 0
557 3
559 0
559 2
558 2
557 0
557 3
560 3
559 3
558 1
558 3
559 3
561 5
742 2
740 2
738 5
1022 2
1018 4
592 4
583 3
585 3
581 3
581 0
574 5
731 4
579 0
575 5
734 3
654 1
654 3
629 2
627 1
627 2
626 4
574 4
568 0
563 2
562 4
557 0
556 1
556 2
556 3
558 1
558 3
559 3
560 5
738 3
663 1
663 4
576 4
573 4
573 0
571 3
573 0
573 4
559 3
561 0
559 5
760 3
672 5
926 3
811 2
809 4
601 3
579 5
647 4
571 5
635 4
565 4
563 0
560 2
560 5
735 0
735 3
670 5
907 3
789 3
756 2
754 2
752 5
1136 1
1136 4
595 4
581 4
581 0
569 3
569 3
568 0
568 4
560 5
637 1
637 3
603 1
603 0
600 1
600 1
600 2
599 0
599 4
568 2
567 1
567 5
640 2
638 4
569 0
561 3
562 4
560 3
559 5
634 2
632 5
849 1
847 2
844 0
843 5
1142 5
1473 2
1465 3
1128 5
1483 1
1483 1
1483 2
1475 4
641 0
607 2
605 3
600 4
570 2
569 3
569 2
568 1
568 1
568 3
570 5
652 2
650 3
608 2
607 3
605 3
602 2
601 1
601 2
600 5
773 4
595 5
646 4
572 4
572 1
572 4
572 2
571 4
571 0
566 2
565 5
737 1
737 3
651 3
627 2
626 2
625 5
842 2
839 3
747 5
1114 1
1113 4
609 4
589 5
642 0
642 2
640 3
612 5
810 2
808 3
711 4
594 5
660 2
658 0
655 0
655 0
655 2
653 0
653 2
651 4
581 3
576 5
648 0
646 3
611 0
609 3
608 4
577 4
567 4
567 5
654 2
652 1
652 0
652 3
620 4
566 0
564 2
564 5
769 3
673 3
652 2
650 5
932 2
929 3
830 0
830 0
830 4
594 4
585 0
577 4
565 0
564 3
565 0
565 2
564 4
560 1
560 2
559 5
654 2
652 5
899 3
755 5
1071 2
1064 1
1064 2
1060 1
1060 1
1060 4
607 0
594 5
811 2
808 3
711 4
585 0
579 0
579 3
579 2
578 2
577 1
577 3
578 0
578 5
805 0
805 5
1129 4
604 5
636 4
580 0
574 3
576 5
730 5
981 1
980 0
980 5
1281 0
1281 1
1281 5
1607 3
1250 0
1249 2
1244 4
630 3
599 0
588 0
588 0
588 0
588 3
587 2
586 4
572 4
570 4
570 5
631 4
570 5
621 0
620 4
567 2
566 4
566 4
566 2
566 4
566 4
566 2
566 0
564 1
564 4
564 4
564 2
564 2
564 1
564 5
630 1
629 2
628 2
628 0
628 0
628 4
567 5
633 4
567 4
567 2
567 0
565 3
568 3
568 3
567 2
566 4
565 4
565 2
564 2
564 5
626 4
569 5
624 3
599 1
599 4
574 2
573 4
573 2
572 0
569 3
570 4
562 3
569 4
568 1
568 0
566 2
565 3
566 0
566 0
566 2
565 4
559 1
559 2
559 3
561 3
564 0
563 3
563 0
563 2
562 5
726 2
724 5
969 5
1275 3
993 0
991 0
991 2
986 5
1378 5
1802 2
1795 0
1795 5
2235 0
2235 5
2675 5
3115 3
2798 3
2583 2
2572 2
2562 2
2553 3
2400 3
2279 0
2279 3
2184 3
2100 3
2062 3
2022 0
2022 3
2001 3
1984 2
1978 0
1978 1
1978 4
672 2
669 2
666 2
662 5
706 5
954 0
954 3
810 3
759 1
759 0
759 0
759 0
759 4
594 1
594 5
674 4
578 0
571 3
572 2
571 2
570 3
567 2
566 5
772 4
570 0
565 2
565 4
557 5
650 4
562 0
556 4
553 3
556 3
556 5
645 3
610 5
799 5
1130 3
944 3
847 5
1275 3
1143 4
630 0
618 4
579 0
578 3
578 0
578 3
578 3
579 5
814 4
587 0
580 4
563 4
560 2
559 2
558 1
558 5
630 5
842 3
706 3
672 0
671 3
664 0
664 3
664 4
585 4
571 2
570 2
569 5
670 3
632 5
895 2
892 4
598 4
581 4
581 5
647 0
644 3
618 1
618 1
618 4
569 0
565 0
565 4
557 3
563 4
561 5
640 0
640 0
640 4
568 4
566 4
566 2
565 2
565 3
566 3
566 4
564 4
564 3
561 3
562 2
562 1
562 2
562 5
631 3
591 1
591 2
590 5
749 4
581 2
579 0
567 0
567 0
567 3
567 3
568 5
748 5
1047 4
590 0
580 5
753 4
576 5
632 0
631 3
599 2
597 1
597 3
592 0
591 2
590 4
569 3
568 1
568 4
564 5
635 2
633 5
834 4
574 2
573 3
573 3
572 1
572 0
564 2
563 0
563 3
564 0
564 0
564 2
563 1
563 1
563 3
564 3
565 4
561 4
561 5
638 5
833 3
695 5
953 4
588 0
579 1
579 4
562 2
561 1
561 4
561 0
558 0
558 5
737 4
572 0
561 4
557 5
628 0
628 4
563 5
621 5
814 5
1094 4
592 4
588 0
569 3
567 4
564 5
626 0
625 3
599 3
594 0
588 2
587 1
587 2
586 3
585 4
564 1
564 3
569 2
567 4
562 0
561 5
744 4
576 2
575 4
571 4
571 2
570 5
634 3
598 2
597 3
589 5
737 2
734 4
577 5
638 0
634 4
566 2
566 3
568 5
633 1
633 3
607 2
606 2
605 2
604 0
601 1
601 4
572 3
568 4
564 1
564 4
564 4
564 1
564 3
563 3
562 4
562 4
562 0
560 4
557 4
557 3
564 3
558 0
556 5
736 0
736 5
1016 2
1011 3
813 0
810 0
810 1
810 0
810 2
807 0
807 0
807 0
807 0
807 3
756 4
593 5
661 5
910 0
910 5
1251 4
602 2
600 4
593 3
584 2
583 3
583 5
627 3
598 3
593 2
592 0
587 2
586 4
567 5
639 4
563 0
559 3
560 2
559 3
559 3
559 0
558 5
739 4
570 2
569 0
562 2
561 0
561 5
745 0
745 0
745 4
569 5
640 2
638 3
601 5
753 3
676 2
674 3
658 2
656 0
655 2
653 0
653 1
653 0
653 4
579 3
567 2
566 2
565 3
567 0
564 5
778 4
577 4
569 0
561 2
560 2
559 5
737 2
735 5
1001 3
801 4
596 5
643 5
859 2
856 0
855 3
738 4
585 2
584 3
577 5
641 5
879 2
875 5
1180 5
1519 3
1204 4
639 0
604 4
577 5
622 1
622 2
620 1
620 5
805 2
802 0
802 1
802 4
577 4
574 3
580 1
580 1
580 2
578 3
577 3
577 5
620 2
618 0
617 1
617 5
811 2
808 2
805 5
1071 3
833 2
831 4
610 0
591 4
569 2
568 3
571 2
570 3
569 2
568 1
568 2
566 3
569 2
568 3
568 3
570 2
569 4
568 4
568 3
571 0
566 5
734 4
573 5
633 0
631 0
631 0
631 3
605 5
781 2
779 0
779 3
686 0
681 0
681 4
581 0
576 2
575 3
576 3
575 0
575 2
574 1
574 4
562 2
561 3
561 4
557 4
557 3
556 5
643 4
568 4
561 3
565 3
562 0
560 4
554 3
557 2
555 4
555 5
634 2
632 2
630 5
841 4
580 5
633 0
630 4
565 5
636 3
604 0
602 4
569 5
638 0
637 5
862 3
714 3
672 2
671 4
575 2
574 3
570 4
567 2
566 4
566 2
565 3
567 5
642 5
855 5
1158 4
599 5
628 3
603 4
574 2
572 2
571 4
571 2
571 0
564 0
564 4
558 0
558 4
557 5
631 4
572 3
569 2
568 4
568 2
568 2
568 4
568 4
568 3
572 4
572 0
566 0
566 0
566 2
566 2
566 5
733 1
733 4
578 4
576 4
576 2
574 4
574 4
574 4
574 0
565 0
565 4
561 5
629 3
597 3
593 5
732 4
576 5
628 3
597 0
594 2
593 3
592 4
565 2
564 0
564 1
564 0
564 3
563 0
563 2
562 3
563 0
563 0
563 4
559 3
561 0
559 2
559 0
559 2
558 3
561 3
561 2
560 2
559 3
560 2
559 3
559 3
559 4
557 3
558 1
558 3
559 2
557 4
556 3
558 2
556 -1
928 4
928 3
766 3
734 0
656 4
629 2
630 1
632 0
626 0
625 5
750 5
931 1
930 3
734 3
678 0
673 4
598 1
600 0
592 2
591 3
590 5
794 1
792 1
792 5
1102 2
1096 4
605 3
590 4
582 3
582 0
571 4
565 4
565 3
568 3
568 3
567 5
627 4
569 1
571 2
570 4
569 5
619 3
589 5
707 5
961 2
957 4
584 3
577 4
573 5
618 5
772 4
583 3
576 0
566 0
565 5
725 2
723 4
573 3
571 1
571 2
570 0
564 5
722 0
722 1
721 0
721 0
721 4
572 5
627 4
567 0
564 3
565 5
718 4
569 5
635 1
635 3
602 5
737 3
664 5
898 3
793 0
792 3
774 2
772 2
770 2
769 5
1230 1
1230 3
1108 4
613 5
679 1
677 5
935 5
1288 4
602 0
594 3
587 1
588 5
779 4
577 5
642 0
641 0
641 2
639 4
574 0
567 3
570 2
569 0
566 3
567 0
567 2
566 3
567 2
566 5
767 3
684 4
581 4
571 4
571 3
566 4
564 3
559 0
558 5
735 4
577 1
579 5
639 0
636 2
634 1
634 4
563 5
634 2
632 4
565 1
567 0
562 4
558 1
558 3
565 5
636 5
841 4
572 2
570 5
632 3
599 1
600 2
599 4
575 4
575 2
574 3
567 0
566 1
566 1
567 1
567 0
567 0
567 3
568 5
729 0
729 4
569 1
569 4
565 2
565 5
641 3
601 4
568 1
570 2
569 4
566 2
565 0
561 2
560 3
561 4
558 1
558 0
558 5
724 1
723 0
723 3
647 2
646 3
632 2
630 0
627 4
573 1
574 0
571 1
572 5
792 3
692 2
690 0
690 0
690 1
691 3
679 2
677 0
676 0
676 1
679 5
1067 5
1530 3
1345 0
1345 4
620 0
605 4
577 0
577 0
577 0
577 5
785 2
783 5
1109 5
1451 4
612 0
591 3
587 1
587 0
585 1
586 4
571 4
568 4
568 5
627 4
575 2
574 1
574 2
573 3
571 5
625 4
564 3
565 2
564 0
558 4
558 4
558 3
559 2
558 3
561 4
561 0
559 1
561 0
561 5
730 2
728 4
568 3
569 5
637 5
821 1
823 2
820 1
820 2
817 4
576 1
578 4
578 2
577 1
579 2
577 4
576 1
576 0
562 5
724 4
572 1
572 4
572 0
566 4
563 0
563 4
563 4
563 3
567 2
566 1
566 3
565 4
565 4
565 2
565 2
563 2
562 4
562 3
566 3
563 0
562 3
562 4
558 5
628 4
565 0
559 3
561 1
561 2
560 1
563 5
702 0
702 4
568 0
562 5
719 4
566 1
566 5
628 3
598 2
597 5
727 4
580 4
575 2
574 1
574 4
574 5
616 1
617 2
615 2
613 1
615 3
586 3
581 4
566 2
565 0
562 0
562 4
558 4
558 2
558 3
563 4
563 5
622 0
622 3
599 5
760 0
760 5
1060 3
869 4
605 1
606 0
595 0
594 2
592 0
592 0
592 3
588 2
587 4
562 3
561 2
561 5
648 3
614 3
601 5
802 1
803 2
800 2
798 2
795 4
584 2
583 1
583 4
575 3
574 4
574 2
573 3
572 3
573 0
566 4
562 3
566 2
565 0
564 0
564 4
559 2
559 2
559 0
558 1
558 3
560 2
559 3
559 2
558 1
559 3
561 5
718 2
716 2
713 3
646 0
645 0
645 5
954 0
954 4
592 0
580 5
800 5
1119 4
601 3
590 3
586 0
571 1
572 1
573 2
572 1
572 2
571 5
732 5
995 2
990 3
779 1
780 4
598 5
658 4
574 3
572 4
571 5
631 5
803 5
1067 4
586 2
584 3
581 0
569 4
560 1
564 2
561 2
561 4
560 2
560 2
560 0
558 1
559 1
562 2
560 3
560 0
560 0
560 5
726 0
726 0
726 0
726 0
726 3
646 3
622 5
843 2
840 0
840 2
838 4
596 0
584 0
584 5
800 5
1099 3
886 2
883 2
880 1
880 0
879 0
879 3
807 0
807 3
787 3
770 3
763 4
601 0
600 0
600 3
602 3
600 4
574 2
573 3
571 4
571 2
570 2
569 3
571 4
570 2
568 2
568 2
567 2
567 4
566 5
674 5
947 4
601 5
642 2
640 4
572 3
573 5
631 5
804 5
1074 4
596 0
584 0
584 2
581 4
572 4
572 4
572 2
572 0
569 2
569 3
572 0
570 0
570 0
570 2
569 5
723 4
574 3
575 0
569 4
564 2
564 1
566 2
566 2
564 4
564 4
564 4
564 3
569 2
567 5
626 2
624 0
624 2
622 4
570 5
627 5
792 1
790 0
790 5
1044 4
602 2
600 2
599 3
595 4
593 3
596 4
595 4
595 2
594 5
618 5
739 5
955 2
950 0
950 4
596 0
586 2
585 4
573 3
582 0
578 3
580 2
579 5
725 2
723 4
574 4
570 5
628 3
595 4
569 5
632 1
632 0
632 5
818 3
682 0
679 4
586 4
575 5
627 5
825 4
584 0
571 4
567 4
566 0
566 0
566 3
568 5
723 2
721 3
651 2
650 4
586 2
584 0
582 5
762 3
667 4
579 0
575 3
577 4
564 0
564 3
566 4
563 4
563 1
564 1
564 3
566 2
565 4
565 3
565 2
563 5
636 0
636 4
570 5
634 2
632 4
567 2
567 4
567 4
567 4
567 2
566 0
564 4
564 0
564 5
725 2
724 2
724 5
986 5
1283 1
1280 2
1274 0
1274 3
961 2
957 2
954 5
1245 4
655 4
639 4
639 3
607 4
600 0
585 4
578 1
578 3
584 3
578 1
578 3
581 2
580 2
579 5
624 2
622 4
577 3
577 2
575 3
578 0
575 2
574 4
571 4
571 0
570 5
718 2
717 0
717 5
953 1
953 4
587 2
585 0
577 4
570 2
570 4
570 5
627 5
796 0
796 2
793 0
793 0
793 3
669 2
667 4
582 0
577 1
578 0
577 4
567 5
632 2
630 2
629 0
627 4
569 5
628 3
599 2
598 4
569 0
564 2
564 2
563 2
562 0
562 0
562 3
564 3
563 4
558 1
558 2
558 2
557 2
557 2
557 0
557 0
557 2
557 4
557 5
631 3
598 4
564 5
632 0
632 1
632 4
561 5
629 3
603 0
600 3
598 4
571 3
568 0
566 5
754 3
673 3
647 2
646 2
645 5
889 5
1273 4
605 0
587 3
589 3
587 4
566 2
565 2
564 2
563 2
562 5
654 4
563 0
559 3
561 0
560 0
560 2
559 5
747 2
745 0
745 4
563 5
645 5
860 0
860 0
860 4
569 2
567 4
565 4
565 2
565 3
566 0
561 0
561 4
557 1
557 0
557 2
557 4
556 3
560 2
559 2
558 3
559 4
559 4
559 2
558 1
558 4
558 4
558 3
560 5
632 1
632 4
561 0
559 1
559 5
719 0
719 2
718 4
566 1
568 3
574 3
569 1
569 5
636 1
636 1
635 0
635 4
562 0
558 4
557 1
557 0
557 2
557 5
727 2
726 4
563 4
563 0
558 4
557 4
557 1
557 1
557 3
562 2
561 0
559 0
559 2
558 5
725 4
568 5
644 0
644 4
562 2
562 0
559 2
559 3
565 4
564 2
563 3
561 2
561 4
560 5
632 4
562 3
566 0
560 4
555 2
555 2
555 4
555 1
555 0
555 2
555 4
555 1
555 5
631 0
631 3
592 1
592 5
764 2
761 1
759 0
758 0
758 4
572 0
564 3
565 4
555 2
554 3
556 3
555 2
554 3
555 4
555 5
630 3
600 3
593 2
592 2
590 2
589 0
586 4
564 4
560 2
560 3
562 5
651 0
651 4
568 0
559 4
556 2
555 4
555 4
555 0
555 5
738 2
735 3
660 0
656 2
654 4
574 1
574 4
564 1
564 2
563 4
563 4
563 0
560 5
753 2
751 1
751 0
751 1
750 2
749 4
571 3
566 1
566 1
566 0
562 0
562 0
562 4
556 5
642 2
640 5
857 2
854 2
851 0
851 4
578 4
574 0
564 3
565 4
562 5
629 2
627 3
602 4
568 0
564 2
563 1
563 4
557 2
556 5
627 4
561 4
560 2
560 3
562 0
559 0
559 5
721 2
720 3
646 3
625 2
624 0
621 2
620 2
619 4
573 5
652 2
650 3
619 4
572 0
567 3
567 2
566 5
769 2
766 2
763 0
763 4
577 4
571 5
634 5
846 2
843 2
840 3
714 4
588 1
588 0
575 2
574 1
574 2
573 0
573 3
575 4
559 0
559 2
558 4
557 4
557 3
559 4
559 5
630 1
629 2
627 1
627 1
627 5
838 2
835 0
835 2
832 3
715 2
713 5
955 4
596 3
575 5
645 4
570 4
569 4
569 4
569 4
569 3
569 4
567 0
560 2
559 0
559 5
731 2
728 1
728 2
727 2
724 2
723 3
635 4
570 5
636 5
841 5
1133 4
586 3
575 0
566 4
561 5
620 0
618 0
618 0
618 0
618 3
599 3
590 2
589 3
582 3
580 4
567 0
566 5
753 2
752 0
752 2
751 5
1037 2
1033 2
1028 2
1023 2
1019 2
1015 3
805 2
803 0
800 2
798 2
797 2
796 2
795 3
740 0
740 4
593 4
572 0
571 1
571 4
561 5
643 1
643 0
643 1
643 2
641 4
572 3
572 0
564 2
563 1
563 2
562 3
564 0
564 3
564 5
761 0
761 2
759 4
578 1
578 1
578 2
577 2
576 4
572 1
572 0
565 1
565 3
566 2
565 1
565 2
564 2
563 3
565 5
741 2
738 2
735 2
733 5
1014 4
585 2
584 3
580 2
578 0
572 5
757 0
757 3
671 0
669 4
580 4
570 1
570 1
570 4
570 4
570 5
633 0
633 0
633 5
873 0
873 1
873 3
727 0
726 4
590 2
589 0
583 2
582 0
582 0
582 2
581 1
581 4
565 0
565 0
565 3
568 5
765 4
580 2
579 4
573 4
573 1
573 1
573 2
572 3
570 2
569 1
569 3
573 4
572 4
572 3
568 5
630 5
821 2
816 5
1090 5
1393 3
1064 2
1060 2
1055 0
1054 2
1050 3
928 2
925 1
925 0
924 2
920 1
920 4
612 3
596 3
588 4
577 3
574 2
573 0
564 4
562 1
562 2
562 2
562 4
562 1
562 0
560 2
560 5
730 2
727 3
646 5
848 2
844 4
585 2
582 2
581 2
580 2
579 2
577 0
571 3
571 5
761 0
761 1
760 4
576 4
571 2
570 0
566 4
563 2
562 0
562 4
560 3
562 5
639 2
637 4
567 4
566 2
566 3
569 0
562 3
563 3
563 0
563 1
563 4
558 3
561 0
560 0
560 2
559 2
558 2
558 0
558 2
557 2
557 1
557 2
557 4
557 2
557 1
557 4
557 3
560 5
649 4
566 3
569 0
562 5
742 2
740 2
738 1
737 3
653 2
651 3
629 3
619 0
619 2
618 2
617 3
618 4
579 3
568 2
567 5
673 0
673 3
629 4
577 4
572 3
569 2
568 0
563 4
561 0
560 2
560 0
560 1
562 0
561 3
564 3
562 5
759 1
759 1
758 2
755 0
755 4
577 1
577 2
576 2
575 0
564 2
564 3
567 5
741 5
1021 1
1021 3
821 3
751 4
599 2
597 1
597 2
596 2
595 2
594 2
593 0
582 5
794 5
1102 4
595 4
582 4
582 3
575 2
574 2
573 4
572 4
572 2
572 5
617 5
759 0
759 1
759 5
1002 1
1001 2
997 1
996 4
585 5
631 1
631 2
629 2
627 4
574 4
574 0
570 5
704 4
574 0
569 0
569 1
569 1
569 4
566 4
566 2
566 0
566 1
566 5
705 2
704 1
704 4
571 2
571 2
571 1
571 0
567 0
567 4
565 3
570 0
567 0
567 0
567 1
567 2
566 3
569 3
569 2
568 3
569 0
569 2
568 3
568 2
567 1
567 4
561 2
560 2
560 2
560 4
560 1
560 4
560 2
560 3
561 3
563 2
562 2
561 3
564 5
621 2
619 2
617 3
592 4
566 2
565 3
566 2
565 1
565 0
565 2
564 3
565 0
565 4
559 0
559 4
559 0
559 2
559 3
562 1
562 4
562 3
561 5
621 5
795 2
792 4
586 3
584 0
575 5
724 3
647 2
645 4
577 0
577 3
577 2
576 3
576 2
575 3
573 0
571 0
571 2
570 4
561 0
561 3
563 2
562 2
561 5
732 0
732 0
732 3
656 3
636 4
571 3
566 0
563 5
756 3
675 0
675 5
1008 2
1004 5
1416 4
611 2
608 0
595 2
593 4
569 1
569 3
567 4
564 2
563 2
563 4
563 2
563 3
564 2
563 1
563 3
564 5
622 3
601 4
571 1
571 1
571 2
570 0
564 0
564 3
566 1
566 3
564 3
566 1
566 3
564 2
563 3
563 1
563 0
563 4
558 4
557 3
561 2
559 4
559 3
561 4
561 4
561 0
560 3
560 3
560 5
733 0
733 5
998 2
994 2
990 3
786 3
738 5
1044 1
1044 4
604 2
603 0
590 2
589 2
587 4
570 3
571 3
570 2
568 0
566 0
566 0
566 5
760 2
758 0
758 2
755 4
572 2
571 1
571 2
570 4
569 0
562 3
563 0
563 1
563 3
564 1
564 5
749 5
1034 2
1030 3
832 3
750 0
750 4
590 0
584 2
583 0
583 2
582 4
567 0
566 2
565 4
560 3
563 3
562 2
561 0
561 2
560 4
557 2
557 1
557 2
557 2
557 3
560 0
559 1
559 2
558 2
557 5
740 2
738 5
1015 4
597 5
635 5
804 0
804 1
803 4
581 5
639 3
601 1
601 1
601 4
574 2
572 2
571 5
628 3
601 2
599 4
566 0
563 5
738 5
1000 4
588 1
588 5
631 3
601 2
600 1
600 3
593 2
592 2
591 2
590 1
590 2
589 3
586 2
585 3
584 0
582 4
561 2
560 3
561 3
561 0
561 3
563 2
562 3
561 3
561 0
561 5
738 4
568 2
567 3
565 2
564 2
563 0
560 2
559 2
558 5
727 1
727 5
987 0
987 0
987 3
789 0
788 2
785 2
783 1
783 3
729 4
586 5
664 4
577 0
571 2
569 5
768 2
765 5
1069 3
861 1
861 4
609 1
609 4
594 2
592 3
583 3
577 1
577 0
570 3
567 4
562 2
561 5
636 5
843 4
591 0
574 3
573 1
573 0
573 5
750 3
670 2
669 4
584 5
644 3
606 5
787 1
787 2
784 4
578 3
571 2
570 2
569 4
567 2
566 0
560 2
559 5
722 1
722 3
654 4
576 3
570 2
569 1
569 5
634 5
830 3
717 5
962 2
959 4
613 0
592 4
567 1
567 0
567 5
748 1
747 0
747 3
672 2
670 2
669 5
915 0
915 2
912 5
1286 2
1281 2
1276 0
1276 2
1271 2
1266 2
1261 0
1261 4
611 3
594 3
590 3
586 2
585 4
581 2
580 3
586 3
582 3
584 4
584 2
583 1
583 3
581 1
581 3
584 1
584 0
574 0
574 1
574 1
574 2
573 2
573 2
572 4
564 0
564 4
563 1
563 5
639 0
639 3
597 2
596 1
596 3
592 0
585 2
584 2
583 1
583 3
582 3
581 2
580 2
579 4
566 4
563 2
562 2
562 3
564 5
652 5
876 3
726 3
692 0
692 4
586 3
574 4
566 2
564 2
563 2
562 0
559 3
560 2
559 5
742 0
742 2
740 4
569 4
566 2
565 5
640 2
638 5
828 0
828 3
702 2
700 2
698 2
696 2
694 3
660 2
659 0
655 1
655 3
650 3
646 5
982 2
979 3
868 2
865 3
823 2
820 1
820 2
818 4
602 1
602 3
584 4
574 3
573 4
573 1
573 3
565 1
565 2
564 4
563 2
562 0
560 5
761 5
1049 5
1378 5
1709 5
2058 1
2058 1
2055 5
2386 3
1976 0
1975 4
654 2
651 0
612 3
602 5
770 0
770 3
702 2
700 3
672 4
582 2
580 3
574 3
574 4
568 3
568 5
644 2
642 4
566 4
566 4
566 2
565 1
565 2
565 5
628 0
625 3
600 2
599 3
594 2
593 0
590 0
590 2
589 5
833 0
833 3
729 2
727 0
725 2
722 4
587 2
586 3
570 0
566 5
775 3
685 3
653 2
651 3
643 3
639 3
635 0
635 1
635 1
635 1
635 3
635 4
576 1
576 2
574 4
562 2
561 3
562 1
562 2
562 2
560 2
560 0
560 3
561 3
562 3
561 3
562 3
562 4
560 4
560 0
560 2
560 2
560 5
782 3
687 4
574 2
572 0
569 0
569 4
557 5
657 4
563 3
563 5
639 4
559 0
556 3
556 4
553 2
552 5
639 1
638 2
635 3
602 2
601 2
600 3
596 3
591 3
591 5
795 4
570 0
566 2
566 5
771 0
771 2
768 2
766 0
766 0
766 3
681 4
583 5
658 3
625 2
624 5
842 3
738 4
601 4
586 2
583 5
637 2
635 0
633 4
571 3
571 1
571 4
568 1
568 4
568 4
568 2
566 5
626 2
624 4
563 5
626 5
816 2
813 2
810 3
689 3
652 3
648 1
648 4
571 2
570 0
569 1
571 0
571 2
570 3
570 3
571 2
570 2
569 3
569 2
568 0
567 0
567 4
554 2
553 2
553 2
553 4
553 3
553 0
551 3
551 1
551 2
550 3
551 4
551 1
551 2
551 5
636 3
602 2
601 3
595 1
595 0
590 3
588 2
587 2
586 3
586 5
845 0
845 5
1199 3
995 0
993 0
993 2
988 4
604 3
578 3
573 0
566 1
566 0
566 2
565 4
559 2
558 1
558 3
561 4
560 4
560 2
558 5
643 2
641 4
558 3
560 5
641 4
559 5
632 1
632 0
632 4
556 5
634 4
557 2
557 3
562 2
560 2
559 5
631 5
832 4
583 3
574 4
573 -1
928 1
928 2
927 3
779 2
777 1
779 5
769 5
817 1
818 1
818 2
815 4
702 0
664 5
779 3
669 1
670 5
781 5
1031 0
1031 0
1031 1
1030 0
1030 0
1030 0
1030 5
1345 1
1345 4
643 1
643 0
607 0
607 1
608 4
574 5
628 5
802 4
585 3
583 0
576 0
576 0
576 3
577 3
577 4
570 3
571 0
569 0
569 1
570 3
571 4
566 3
569 1
569 1
573 2
569 4
569 3
566 5
627 1
628 5
803 5
1056 2
1052 0
1052 3
814 3
731 2
728 5
1010 4
614 2
610 4
599 0
584 5
776 3
686 1
686 3
653 4
577 1
577 3
570 5
650 3
609 2
608 2
606 3
602 5
792 0
792 2
790 2
787 4
581 5
637 2
635 2
633 5
852 3
713 2
711 4
591 3
582 3
582 5
641 1
642 0
641 0
641 3
610 3
604 1
606 3
602 4
569 2
568 4
566 4
566 5
638 4
568 1
570 4
565 2
564 3
564 2
563 1
567 2
566 3
566 1
566 0
560 0
560 4
557 3
560 5
636 0
636 2
634 3
607 4
563 2
562 3
564 5
643 0
642 3
613 5
798 3
709 0
708 1
710 1
710 3
695 2
693 3
682 0
682 5
1068 0
1068 3
952 4
594 5
675 5
945 5
1293 1
1292 4
616 1
620 5
654 0
651 1
651 4
578 4
577 5
627 3
598 4
568 2
567 5
636 1
637 4
566 2
566 1
566 0
560 1
561 0
561 3
561 2
560 0
560 2
559 5
733 3
647 3
632 1
633 0
630 4
570 4
561 1
563 1
563 5
645 1
645 0
645 1
645 0
645 4
570 3
561 3
564 2
562 5
639 4
561 0
557 0
557 4
555 4
555 0
555 4
555 5
641 5
862 2
857 0
857 2
854 5
1155 3
904 3
808 1
808 1
808 3
768 1
768 3
743 0
742 0
742 4
597 0
592 1
593 4
577 2
576 4
569 1
571 5
658 2
656 5
912 5
1237 1
1236 2
1229 3
990 5
1369 4
633 1
635 4
619 5
638 1
639 3
617 4
577 5
623 5
792 1
792 4
580 4
580 2
579 1
580 0
572 3
573 1
574 0
574 0
574 0
574 4
563 4
563 5
620 2
618 3
596 0
589 3
585 4
567 4
563 0
563 5
746 0
746 1
744 5
1030 3
821 2
819 0
817 5
1210 1
1210 2
1205 0
1205 4
624 1
624 5
663 2
661 3
631 1
632 4
585 5
634 0
633 3
602 3
599 4
570 3
564 5
644 2
642 3
599 1
599 0
597 2
596 2
595 1
595 0
595 4
570 2
569 3
570 5
649 3
607 1
607 2
605 3
603 3
601 0
600 3
600 5
867 2
864 5
1218 5
1580 4
631 0
608 5
795 2
793 5
1080 0
1080 2
1074 3
866 2
863 1
863 4
615 4
603 5
634 0
627 2
625 4
573 4
571 1
574 3
575 1
575 0
570 2
569 4
563 0
563 1
564 1
565 2
564 4
563 1
563 0
562 2
562 0
562 5
724 5
979 3
792 0
792 4
611 2
609 5
659 0
657 2
655 0
655 3
627 2
625 2
624 0
621 0
621 2
620 2
619 0
619 3
614 3
611 1
611 3
609 5
865 0
865 3
770 3
736 4
589 2
588 2
587 2
586 1
586 5
681 3
647 2
645 4
575 2
572 0
567 4
559 4
559 0
559 5
773 2
771 3
692 2
690 3
665 2
663 5
946 0
946 4
594 4
582 3
573 5
640 0
638 4
566 1
566 3
567 2
566 0
563 2
562 4
559 0
559 5
734 3
658 4
576 2
575 0
568 2
567 4
563 2
562 5
639 5
844 3
714 2
712 0
706 0
706 3
684 4
589 0
584 2
582 0
582 2
581 2
580 1
585 0
583 5
816 1
816 1
816 1
816 1
818 0
818 0
818 4
589 4
582 5
640 1
641 3
611 1
611 0
606 3
600 0
599 1
599 0
599 2
598 4
570 4
562 2
561 4
561 1
561 0
561 5
780 5
1102 3
880 4
599 3
585 1
585 3
579 2
578 0
572 3
571 2
570 1
572 2
571 4
559 0
558 2
558 4
556 0
556 5
731 1
730 1
731 0
731 4
570 2
568 1
568 5
636 5
841 3
701 3
661 0
658 2
657 1
658 4
588 2
586 1
586 0
581 1
584 4
559 3
560 4
557 0
554 4
552 0
552 3
554 2
553 4
551 4
551 2
551 3
552 4
552 1
552 2
551 1
551 2
551 3
552 4
552 1
552 3
552 2
550 2
550 1
550 2
550 2
551 3
553 5
641 4
562 1
562 0
553 3
554 5
747 0
747 0
747 0
747 2
744 5
1027 4
598 3
585 3
585 3
581 0
576 0
576 0
576 4
566 5
634 2
632 2
630 2
628 2
626 5
804 1
801 4
574 2
573 4
572 2
572 2
572 2
572 1
572 0
569 2
569 2
569 3
573 4
568 1
568 4
568 3
566 4
566 5
619 3
585 4
561 5
629 1
631 2
629 3
598 5
751 3
676 1
678 4
576 2
574 4
567 4
567 3
562 1
562 3
565 3
566 5
633 2
631 5
835 5
1118 3
872 2
869 0
869 0
869 0
869 1
870 3
792 4
596 0
586 3
585 5
814 2
810 1
810 3
706 2
704 2
702 2
700 4
575 4
565 3
563 1
563 4
563 2
562 5
649 0
649 0
649 0
649 3
615 2
613 5
817 4
581 1
581 3
569 2
568 1
568 4
565 2
564 2
564 0
555 2
555 0
555 3
557 5
710 4
564 0
559 2
559 3
562 3
561 4
557 5
633 0
633 2
631 4
563 5
614 5
803 0
803 4
569 5
630 2
630 1
630 2
628 4
562 3
560 0
557 3
560 4
557 2
556 2
555 2
555 3
558 0
557 3
559 2
558 3
559 0
559 4
555 2
554 4
554 4
554 2
554 3
557 4
557 1
557 4
557 0
557 4
554 5
632 3
595 4
572 4
570 3
564 4
563 5
624 5
822 1
822 5
1104 3
868 3
777 4
605 4
591 1
591 4
591 1
591 2
589 1
589 4
589 5
646 3
615 2
613 2
612 4
571 2
570 0
567 0
567 2
567 0
567 3
567 2
566 4
561 3
565 0
564 0
564 0
564 2
563 4
561 4
560 5
641 3
606 5
792 4
576 4
570 3
572 4
571 4
571 1
571 2
571 3
572 3
571 2
569 2
568 2
568 2
568 5
626 4
566 0
564 4
558 4
558 5
631 4
565 2
565 3
566 1
568 2
566 5
629 4
563 2
563 1
563 2
563 2
563 1
563 3
568 1
568 2
567 5
633 3
598 3
590 4
566 0
565 5
748 0
748 2
745 5
1026 3
825 4
602 2
600 0
583 2
582 2
581 3
581 1
581 2
580 0
578 3
577 1
578 5
785 2
783 3
699 2
698 5
992 4
599 4
581 4
581 0
572 4
563 0
563 2
563 3
565 5
719 2
717 5
964 5
1263 4
601 4
597 3
593 2
592 0
580 4
570 4
569 0
568 3
570 0
570 0
570 1
570 1
570 3
570 3
571 5
717 0
717 2
715 3
646 3
622 0
620 3
615 2
613 4
575 5
659 0
659 5
924 0
924 1
924 5
1261 3
1025 0
1023 4
604 5
645 1
645 0
643 4
567 4
566 2
565 4
565 2
565 4
565 4
565 3
568 4
567 0
563 5
721 3
649 0
647 1
647 4
571 4
562 4
562 4
562 3
557 4
557 0
555 2
554 4
552 2
552 4
552 1
552 5
631 0
631 3
593 5
782 5
1094 2
1089 0
1089 0
1089 5
1436 3
1148 0
1147 4
625 4
603 2
601 5
642 0
638 1
638 3
616 1
616 1
617 2
616 4
573 3
572 2
571 2
570 4
567 2
566 5
621 4
564 0
563 1
563 0
563 1
563 2
563 1
563 2
563 2
563 4
558 0
556 2
556 5
726 4
567 5
634 3
595 3
589 0
585 3
582 3
581 3
581 4
562 2
561 1
561 3
559 1
559 5
651 2
648 4
565 5
633 0
632 3
605 5
794 1
794 5
1116 2
1111 5
1468 1
1467 3
1193 4
620 5
646 5
817 2
814 5
1103 2
1099 2
1095 3
875 4
611 3
589 5
636 0
633 4
570 2
569 5
626 0
623 3
596 0
591 4
566 3
559 3
561 4
557 0
553 3
553 4
550 0
550 0
550 3
554 0
554 0
554 3
554 3
554 4
549 3
554 4
554 3
554 1
554 3
551 2
551 2
550 2
550 3
552 0
551 3
553 0
553 0
553 0
553 3
555 2
554 2
553 2
552 3
551 2
550 4
548 2
548 2
548 2
548 0
548 3
550 3
552 5
723 1
723 2
721 2
718 2
716 1
716 3
649 4
570 3
561 3
560 2
560 4
560 5
638 3
602 0
602 2
600 4
563 4
559 3
562 3
559 3
556 3
561 1
561 4
560 2
559 3
554 0
552 0
552 5
731 1
730 2
728 0
728 3
648 3
628 2
626 4
563 1
563 3
559 5
650 4
566 0
559 3
559 4
555 4
554 3
554 2
552 4
551 4
551 5
635 2
635 0
635 4
562 0
553 3
558 2
557 0
556 2
555 2
554 1
554 3
556 3
557 1
557 4
554 4
553 1
553 2
552 2
551 4
551 3
552 1
552 4
552 3
549 4
549 3
555 3
552 3
553 4
553 3
550 2
550 1
550 1
550 2
550 0
549 5
727 1
727 0
727 3
654 2
652 5
893 5
1264 4
601 4
589 2
588 4
588 1
588 4
588 3
586 4
583 4
583 4
583 2
582 2
580 2
579 5
620 0
615 2
613 2
611 2
609 3
594 1
594 2
592 2
591 4
572 5
636 0
635 1
635 2
633 5
846 3
709 2
707 3
673 3
653 1
653 3
645 1
645 2
643 3
642 1
642 2
641 0
641 1
641 2
639 3
637 3
635 3
633 0
633 2
632 2
631 0
631 4
573 3
566 5
685 0
685 0
685 5
979 3
809 2
807 4
600 2
599 3
592 2
590 3
580 1
580 3
578 5
658 3
622 3
612 4
570 1
570 0
569 5
785 3
694 4
584 0
579 2
578 1
578 3
578 3
575 0
575 4
562 2
561 0
560 2
560 2
559 3
561 4
560 1
560 0
560 4
556 4
555 2
555 1
555 2
554 5
664 4
564 2
562 3
562 4
558 3
557 5
637 5
847 0
847 3
713 2
710 1
710 4
590 3
577 2
576 2
575 4
573 2
572 0
564 3
565 2
564 2
563 2
562 4
558 4
557 5
633 3
601 5
773 3
698 0
697 3
680 3
677 1
677 2
676 3
675 3
673 1
673 1
673 5
1039 4
596 5
672 3
628 3
621 4
563 2
562 4
560 4
560 4
560 4
560 2
559 3
562 2
561 2
559 2
558 3
560 2
559 0
558 3
558 1
558 4
553 0
552 2
552 4
552 0
552 5
755 4
572 2
570 4
565 3
564 2
564 2
562 4
561 4
561 5
635 0
634 2
632 3
603 5
774 3
690 5
995 3
871 1
871 5
1342 0
1342 4
618 5
655 4
572 1
572 4
571 0
563 2
563 5
741 1
741 4
573 4
573 4
573 4
573 3
571 1
571 0
564 1
564 2
563 0
563 4
559 0
559 4
558 4
558 4
558 0
558 4
558 4
558 3
564 5
633 4
562 4
562 2
562 0
558 3
560 2
559 3
561 3
562 2
561 3
562 2
561 2
560 3
558 0
557 4
555 3
558 1
558 4
558 4
558 2
556 5
643 4
559 3
561 3
560 4
560 2
558 0
555 4
554 0
554 5
732 2
729 0
729 5
1008 5
1317 4
593 2
592 2
590 3
578 4
576 1
576 2
575 4
574 0
567 2
566 1
566 1
566 3
568 2
567 2
566 0
564 3
564 2
563 2
563 3
564 4
560 4
560 5
625 4
561 4
561 5
621 1
621 5
807 5
1080 0
1080 3
836 4
592 5
633 3
608 4
575 0
566 3
565 5
749 3
666 1
666 0
666 4
577 3
560 3
564 2
563 2
561 3
561 3
559 0
557 3
559 5
741 0
741 3
665 1
665 2
664 2
662 4
573 5
629 2
628 2
626 1
626 4
561 5
620 3
589 0
587 1
587 4
565 0
565 3
565 2
564 4
556 2
555 2
553 4
553 1
553 0
553 0
553 1
553 1
553 1
553 2
553 4
553 3
555 0
554 0
554 4
552 2
552 2
552 3
556 0
555 3
556 0
556 1
556 2
555 0
555 3
555 4
551 3
553 2
552 2
552 3
552 2
552 0
552 1
552 0
552 3
554 1
554 2
553 1
553 2
552 0
551 2
550 2
550 3
551 0
551 2
551 4
551 3
551 2
551 2
550 0
550 4
550 1
550 5
638 4
560 3
560 0
553 2
552 1
553 1
553 4
551 2
551 0
551 4
550 3
550 4
550 4
550 0
550 3
552 3
549 3
551 1
551 5
737 0
737 4
562 4
558 3
563 3
563 4
561 3
559 3
560 4
560 2
559 3
561 5
633 4
559 2
559 2
559 5
625 0
622 3
592 4
564 2
563 1
563 4
559 0
559 5
744 0
744 2
741 0
741 1
741 2
738 5
1004 0
1004 3
803 5
1106 5
1525 2
1519 2
1512 0
1512 0
1512 2
1506 3
1265 0
1265 2
1261 1
1261 4
619 0
602 3
597 1
597 3
594 0
593 3
593 3
594 0
594 3
594 1
594 3
594 4
565 3
565 3
564 3
565 2
564 0
562 4
560 4
557 4
557 3
558 2
558 4
558 2
557 4
557 5
665 3
617 5
848 2
845 1
845 3
749 2
747 2
745 3
718 1
718 3
705 5
1068 5
1543 5
2024 3
1783 1
1783 4
635 3
597 4
588 0
577 0
577 3
577 1
577 4
568 2
568 3
572 4
572 4
572 3
570 4
570 5
629 3
597 1
597 0
591 4
573 3
570 3
567 0
565 2
564 1
564 2
563 2
563 3
565 5
752 3
659 3
640 0
638 0
638 4
577 2
576 4
563 0
562 2
561 1
561 0
561 1
561 0
561 0
561 1
561 4
557 0
557 4
556 3
557 5
641 0
641 2
639 4
562 0
556 0
556 0
556 2
556 2
556 0
556 1
556 0
556 4
554 4
554 2
554 5
635 0
635 2
633 4
561 4
559 0
556 2
555 4
555 1
555 4
555 3
555 2
555 4
555 0
555 4
554 0
554 2
554 4
554 3
557 4
557 0
557 2
556 2
555 0
555 1
555 4
553 4
553 2
553 4
552 0
552 0
552 5
739 1
739 4
570 3
567 2
567 0
562 2
562 2
562 1
562 0
562 4
555 0
552 3
555 5
726 2
724 3
653 5
903 3
800 4
586 0
579 3
578 2
577 3
578 4
559 2
557 1
557 3
559 2
557 2
556 3
557 3
557 1
557 3
556 3
558 2
557 2
555 2
555 0
553 4
551 5
649 3
610 1
610 0
608 3
603 4
572 0
571 5
806 2
803 1
803 0
803 3
709 2
707 0
706 4
580 2
578 2
577 3
568 3
565 4
562 4
562 4
562 2
561 3
561 4
559 1
559 2
558 4
558 0
556 2
555 4
554 3
559 0
558 1
558 4
553 2
553 3
555 2
555 3
555 3
557 0
556 1
556 3
557 3
556 3
557 0
557 4
551 4
551 0
551 2
550 5
741 1
741 2
738 3
662 1
662 2
660 3
637 3
631 3
625 0
623 0
623 5
956 4
589 2
587 5
667 5
892 2
889 0
889 1
888 2
884 4
584 0
571 0
571 2
571 4
564 4
562 3
564 1
564 4
564 3
562 2
561 4
561 0
558 3
560 3
558 5
735 3
662 1
662 1
662 2
660 1
660 5
903 4
593 3
581 0
573 4
561 3
559 4
558 4
558 2
557 4
557 4
557 3
559 5
633 5
845 4
586 0
576 3
576 4
565 4
563 4
563 2
563 5
627 4
567 0
562 0
562 0
562 4
559 3
560 3
558 1
558 4
558 0
555 3
558 3
558 1
558 2
557 2
556 3
558 5
724 2
723 0
723 2
721 4
565 3
564 0
560 2
559 4
557 2
557 3
560 2
559 2
558 4
558 1
558 4
558 3
562 2
561 0
559 3
560 0
560 3
560 0
560 4
553 1
553 2
553 4
553 2
553 5
639 4
563 2
563 2
563 4
563 1
563 4
563 4
563 2
563 5
632 2
632 4
564 3
569 2
568 4
566 0
562 4
558 3
563 4
563 2
562 3
561 3
559 3
559 3
561 2
560 0
559 0
559 0
559 4
556 4
556 3
559 4
559 5
632 1
632 4
560 4
560 2
560 2
560 0
556 4
555 3
556 3
557 0
556 4
555 2
555 0
555 2
555 1
555 5
721 3
633 4
570 0
567 2
566 4
556 4
556 0
556 5
738 4
569 5
650 0
649 5
866 3
729 4
599 4
594 2
592 3
580 4
578 0
568 0
568 1
568 1
568 4
557 2
557 5
631 3
597 3
591 4
566 5
633 4
568 5
627 0
624 3
596 3
592 2
591 0
589 4
563 2
562 3
560 2
559 1
559 1
559 4
557 1
557 4
557 0
555 5
733 0
733 4
572 5
636 1
636 2
634 3
598 2
597 1
597 1
597 2
596 2
595 0
587 3
582 4
559 3
557 4
553 0
552 2
551 5
744 2
742 2
739 0
739 2
736 2
733 4
564 4
562 2
561 4
561 0
555 0
555 4
551 5
639 0
639 5
868 0
868 1
865 5
1160 3
897 4
614 3
589 5
643 4
578 3
579 0
570 3
569 3
567 3
566 1
566 2
565 0
565 1
565 2
564 1
564 1
564 5
743 4
581 4
575 0
567 3
568 4
564 2
564 2
564 3
567 0
565 0
565 4
560 3
564 0
562 2
561 2
560 2
560 5
720 2
717 3
645 2
643 4
579 3
574 4
567 2
565 5
632 3
602 4
568 0
565 2
564 4
560 5
639 2
636 0
636 0
636 2
634 0
634 2
632 0
632 1
632 -1
928 5
927 1
928 4
862 5
865 5
885 5
967 1
965 0
945 0
942 5
1195 5
1504 5
1831 1
1829 0
1829 4
636 4
621 4
621 3
604 3
601 2
600 0
582 1
584 1
585 2
583 4
569 0
569 3
569 5
709 5
929 0
929 4
591 3
589 0
579 1
581 4
571 0
570 4
567 1
569 1
571 1
571 1
575 5
630 3
604 2
603 4
574 4
574 5
626 3
602 4
578 0
574 4
571 5
635 4
572 4
572 5
632 3
602 2
601 4
575 1
576 5
637 5
825 3
701 3
659 0
657 5
979 5
1382 4
612 1
612 0
594 2
592 4
572 0
568 0
568 3
569 2
568 0
568 1
571 2
568 3
571 4
562 5
642 1
643 2
641 5
865 4
590 3
581 0
572 0
571 4
565 0
563 5
731 1
730 2
727 5
992 5
1296 5
1604 1
1602 5
1910 0
1910 1
1910 5
2221 4
656 5
668 3
622 4
602 0
593 3
592 1
592 4
582 0
580 3
580 3
574 1
575 4
567 5
642 1
643 1
643 3
608 0
604 1
605 0
604 1
607 4
573 1
575 4
569 5
628 4
566 0
559 2
559 1
560 4
556 2
555 5
621 5
815 4
578 2
577 4
576 0
566 2
564 5
712 4
574 3
575 3
577 4
576 0
570 5
722 1
722 3
644 2
643 1
643 0
640 4
575 1
575 3
568 5
632 0
631 5
859 3
729 2
727 0
723 5
1072 0
1072 4
602 1
602 3
586 5
647 4
569 2
568 1
568 0
564 4
563 0
562 0
562 0
562 1
563 3
565 1
567 3
566 5
745 1
746 0
746 3
658 3
639 5
894 3
782 5
1174 5
1671 5
2179 3
1936 0
1936 3
1801 0
1801 3
1712 1
1713 2
1708 4
643 4
615 2
612 2
607 5
645 2
643 3
623 5
791 1
791 3
702 2
700 1
701 5
1008 4
598 1
598 5
656 0
655 3
628 1
628 4
572 5
658 0
658 0
658 4
577 5
647 3
614 3
605 4
571 0
569 0
569 3
568 1
569 2
568 4
559 4
559 3
564 1
564 4
562 2
560 3
560 2
559 0
559 1
559 0
559 1
560 4
557 3
558 2
557 3
557 0
557 5
748 3
666 5
939 1
940 3
830 3
786 1
786 4
580 1
580 3
571 4
563 0
562 4
559 3
562 3
563 5
659 0
659 4
567 0
563 3
563 1
564 4
557 3
561 4
560 3
556 0
556 4
555 1
558 2
555 1
558 1
558 4
557 0
557 3
558 4
557 4
557 3
559 3
557 3
558 3
556 4
556 4
556 2
556 3
558 4
558 4
558 5
633 3
602 0
600 3
596 5
839 5
1190 4
609 3
593 4
583 1
583 0
571 0
571 3
573 0
573 3
574 3
573 4
564 5
641 3
607 0
606 2
605 5
860 2
857 4
595 2
593 3
584 1
584 0
574 3
572 2
571 4
562 0
562 3
563 3
562 0
562 2
561 1
562 3
565 3
566 3
564 4
558 5
643 4
571 4
569 1
569 4
569 4
569 3
568 2
567 5
630 3
610 1
611 1
612 3
605 3
603 5
767 4
577 1
577 1
577 0
570 2
569 0
569 4
557 2
556 2
556 0
556 3
555 4
554 2
554 0
554 2
554 2
554 3
555 2
554 4
553 3
558 4
558 2
557 3
556 2
554 3
558 4
558 2
556 0
556 4
553 5
631 4
569 4
567 3
571 1
571 1
571 2
571 0
566 3
565 0
565 2
564 1
565 4
559 4
558 3
561 4
561 3
559 4
559 1
562 2
561 5
627 4
562 5
622 1
622 2
620 4
561 5
626 3
597 3
591 0
587 5
810 0
810 0
810 2
807 0
807 3
712 3
690 2
689 2
688 2
687 4
578 4
575 3
571 1
571 2
569 4
566 3
571 4
571 4
571 4
571 1
573 0
567 4
560 5
648 3
617 0
616 0
616 2
615 3
614 1
615 3
610 2
609 1
611 0
610 0
610 4
572 5
663 3
629 0
627 5
935 4
589 4
576 2
575 5
642 2
640 0
640 2
638 1
639 0
639 4
571 1
571 2
570 2
570 0
565 3
564 4
560 0
557 4
556 3
559 3
557 2
556 3
559 1
559 0
557 4
554 2
553 4
553 5
640 3
604 4
567 0
564 4
555 5
634 0
634 0
634 1
637 4
569 5
627 2
625 4
562 0
561 4
560 3
563 4
561 4
561 0
560 5
731 4
568 1
568 0
563 5
744 0
744 0
744 0
744 4
572 4
572 2
572 2
571 2
571 4
571 0
563 0
563 3
564 4
558 4
558 5
633 5
839 0
839 4
577 2
576 0
568 5
737 2
736 3
662 2
660 5
883 0
883 3
773 0
773 2
770 4
593 3
578 2
577 4
571 2
570 2
569 2
568 0
566 2
565 0
565 4
560 4
560 5
643 3
608 0
607 0
607 3
601 1
602 0
602 2
601 1
601 4
567 3
565 2
563 5
659 4
570 2
569 1
569 0
562 2
562 4
556 5
644 3
602 3
594 4
560 2
559 2
558 4
557 4
557 0
556 4
554 3
558 2
557 4
557 3
557 5
646 2
644 4
562 0
555 4
553 3
555 4
554 1
556 2
554 2
553 2
551 3
555 4
555 3
556 1
556 3
553 2
553 1
553 1
553 0
553 3
555 2
554 3
552 0
552 0
552 1
552 3
553 5
754 1
753 1
753 0
753 0
753 1
753 4
561 1
561 0
553 2
553 3
556 0
556 1
556 0
556 0
556 2
555 0
555 0
555 2
555 3
556 3
555 3
555 3
556 1
556 3
555 4
552 4
552 1
552 0
551 0
551 4
550 5
641 4
559 2
558 2
558 1
558 0
553 0
553 2
553 1
553 5
746 3
658 1
658 4
573 3
567 4
564 2
563 0
559 4
555 4
555 5
637 3
605 4
568 0
562 1
562 1
562 1
562 0
562 1
562 3
561 5
757 4
572 2
570 2
569 5
633 1
633 2
631 4
562 3
565 5
641 2
639 0
638 2
636 4
559 4
559 4
559 4
559 2
559 5
625 2
624 2
623 0
623 0
623 2
623 1
623 0
623 5
836 3
702 4
593 0
581 0
581 2
580 4
560 2
559 5
625 1
625 1
623 5
821 5
1112 5
1436 2
1429 3
1111 3
953 4
631 5
662 3
625 4
572 4
571 0
566 4
559 0
557 5
736 3
658 0
656 2
654 0
654 2
652 1
652 4
572 0
567 0
567 0
567 2
566 3
566 4
554 0
553 4
553 2
552 3
555 0
554 0
554 4
551 0
551 1
551 0
551 2
551 0
551 1
553 0
552 2
551 1
551 4
551 5
654 1
654 3
600 5
824 3
724 0
724 3
709 4
581 2
579 2
578 5
676 5
952 0
952 4
589 0
579 5
804 3
699 4
573 4
572 5
654 0
654 2
651 3
614 2
613 0
612 1
612 2
611 2
610 3
607 3
606 2
605 4
569 3
560 3
561 0
559 4
555 1
555 0
555 2
555 5
769 3
680 1
680 5
980 3
865 5
1302 3
1174 2
1170 4
596 3
577 2
576 2
575 1
575 2
574 3
575 1
575 2
573 5
667 3
618 5
828 4
591 4
580 3
570 5
627 5
834 2
831 0
831 1
831 1
829 0
829 5
1123 0
1123 1
1123 1
1122 5
1449 4
611 2
610 4
603 4
603 3
595 5
627 4
581 3
583 3
581 0
572 0
572 3
572 3
569 0
568 2
567 5
718 5
949 2
944 5
1231 3
936 0
934 2
931 4
612 4
596 2
595 3
587 0
575 3
572 0
570 2
569 5
755 0
755 5
1040 2
1036 2
1031 3
830 0
827 1
827 0
827 5
1213 5
1643 4
630 3
601 2
599 5
654 0
651 1
651 3
617 3
608 3
602 3
600 4
575 4
572 5
643 5
869 4
585 2
584 0
573 1
573 2
573 4
569 0
569 3
569 2
568 2
567 2
567 0
567 2
566 4
563 4
561 3
567 3
563 3
564 1
564 5
638 3
605 4
572 3
567 2
565 3
565 3
567 5
630 4
570 1
570 4
566 2
566 5
622 5
804 3
682 3
647 1
647 2
645 2
643 3
636 3
630 3
626 1
626 3
622 3
621 3
619 2
618 2
617 3
618 1
618 4
568 1
568 0
568 2
567 1
567 4
562 1
562 3
562 2
560 5
688 3
637 4
577 3
570 1
570 1
570 1
570 0
564 3
565 2
564 2
563 2
562 4
558 5
664 5
928 0
928 4
592 3
584 3
582 2
580 4
578 0
570 3
571 1
571 3
573 5
724 4
572 5
633 3
600 2
598 4
569 2
568 2
567 2
566 1
566 3
564 0
560 2
559 3
562 4
558 0
558 0
558 4
555 2
555 3
555 4
555 5
625 2
623 2
621 4
565 2
565 4
565 4
565 3
566 4
566 1
566 2
565 5
622 2
620 4
563 3
568 2
567 4
567 3
567 2
566 3
568 4
568 4
568 0
562 0
562 1
562 3
562 5
724 0
724 2
722 5
982 4
581 2
580 0
569 1
569 4
567 2
566 5
632 2
630 1
630 0
630 3
606 2
605 4
576 3
571 2
571 5
629 0
628 4
569 3
571 0
568 5
720 3
642 0
640 1
640 3
631 1
631 5
904 0
904 0
904 1
904 3
789 2
787 3
755 0
755 5
1218 1
1218 0
1218 3
1106 0
1106 4
613 3
590 0
580 1
580 4
564 1
564 3
566 3
568 3
564 1
564 2
563 2
561 2
561 3
564 0
560 2
559 2
559 0
559 2
558 3
559 3
561 2
560 4
559 0
559 2
559 1
559 2
558 3
560 3
561 0
561 1
561 4
559 5
661 2
659 1
659 4
568 3
567 4
565 2
564 2
564 3
566 2
566 3
567 0
562 3
562 4
557 2
557 2
556 5
645 1
645 4
564 5
636 1
636 5
846 3
707 2
706 2
705 1
705 2
703 5
973 3
852 1
852 3
801 3
782 3
772 2
771 0
771 0
771 4
602 4
583 0
581 1
581 5
828 2
826 2
823 2
820 4
591 3
578 4
569 2
568 3
568 0
560 2
560 1
560 2
560 3
562 1
562 5
731 3
665 2
664 0
663 4
576 3
565 4
562 3
565 1
565 2
564 4
563 0
561 5
747 0
747 4
568 1
568 0
561 3
558 0
558 1
558 3
559 4
550 4
549 3
550 2
548 0
548 5
729 4
561 2
560 1
560 3
558 0
552 5
724 3
653 0
652 4
571 3
561 4
557 3
560 2
559 3
559 3
559 2
557 3
557 1
557 3
557 4
557 5
624 1
624 2
623 1
623 3
597 2
596 3
589 0
587 5
825 3
741 0
740 3
714 5
1107 5
1593 0
1593 3
1416 4
606 2
603 1
603 4
585 2
583 0
580 0
580 2
579 1
579 3
580 3
580 3
578 2
577 4
561 5
647 3
608 4
567 3
564 2
562 4
560 4
560 0
559 3
560 2
559 3
559 3
559 4
556 5
643 5
881 1
880 2
877 1
877 3
747 2
745 2
743 3
697 4
583 4
575 2
573 2
572 2
571 3
568 1
568 4
565 0
561 3
560 2
559 0
559 2
558 0
558 2
557 4
555 3
557 4
557 5
636 4
562 2
562 1
562 4
561 5
629 4
559 3
562 2
560 5
629 2
627 5
815 5
1094 2
1087 5
1402 4
606 2
604 3
597 3
590 0
584 2
584 3
582 3
578 4
572 5
632 4
567 1
567 4
567 2
567 4
567 0
563 2
563 2
563 2
563 4
562 2
562 2
562 2
562 5
632 4
567 0
563 0
563 3
565 4
565 1
565 1
565 2
564 2
563 3
568 1
568 5
630 0
630 2
628 1
628 4
566 3
566 4
566 2
565 0
559 0
559 1
559 3
562 2
561 2
560 2
559 4
556 3
559 4
559 1
559 4
559 1
559 1
559 3
558 3
560 1
560 4
560 2
559 2
558 5
620 4
558 4
558 4
558 4
558 1
558 2
558 3
565 0
561 3
562 3
562 3
562 0
562 4
557 4
556 4
556 1
556 3
559 2
559 0
558 0
558 3
561 0
561 2
560 2
559 4
556 5
622 2
620 0
620 3
589 2
587 3
582 0
578 4
561 4
557 2
556 2
555 0
555 4
553 3
556 5
632 0
632 0
632 0
632 3
604 2
603 4
561 1
561 2
560 0
557 0
557 5
742 2
740 3
660 2
658 5
888 4
583 2
582 2
581 4
572 2
571 2
570 0
564 0
564 0
564 4
557 0
557 2
557 4
557 3
560 2
558 5
635 3
602 1
602 5
783 5
1088 2
1082 4
595 2
592 1
592 0
578 4
566 0
566 5
729 3
661 5
862 4
585 2
584 0
575 2
574 1
574 4
563 2
562 4
561 1
561 2
561 3
563 3
559 2
559 2
559 5
632 2
632 5
828 2
825 3
686 5
931 4
585 2
583 0
571 5
760 4
576 2
575 3
571 3
570 2
568 4
566 1
566 0
556 5
736 2
733 1
732 3
644 2
643 5
871 4
582 4
574 2
572 1
572 3
565 2
564 2
562 2
561 1
561 5
630 3
597 4
560 4
560 4
560 3
559 4
559 2
558 4
558 0
554 2
553 5
726 0
726 2
723 2
721 3
643 3
627 2
626 4
569 3
562 1
562 2
561 0
559 3
559 0
559 2
558 0
558 1
558 1
558 0
558 3
558 0
558 3
560 0
560 2
559 0
559 5
764 3
684 4
578 0
573 2
572 2
571 2
570 5
789 2
787 1
787 0
787 1
787 2
783 2
780 2
778 3
690 2
688 4
584 2
582 3
571 4
563 5
631 0
628 3
603 2
602 1
602 2
601 4
565 0
563 3
563 2
562 2
561 3
561 2
560 3
561 2
560 2
559 4
556 2
556 0
556 2
556 1
556 2
556 1
556 2
556 2
556 0
556 2
556 0
556 2
556 2
556 1
556 3
558 0
558 2
558 2
557 5
760 4
568 4
565 4
565 0
558 4
557 1
557 3
562 4
562 1
562 0
558 4
554 3
558 5
637 0
637 4
555 2
555 3
559 5
634 2
632 3
597 3
589 3
584 0
581 0
581 2
580 0
580 5
817 1
816 0
816 2
813 1
813 2
809 4
571 3
566 4
563 2
562 0
556 5
745 2
742 2
741 4
567 0
562 1
562 0
562 4
558 3
562 3
564 4
564 0
561 5
739 2
737 2
735 4
564 0
559 2
558 2
558 2
558 4
555 2
555 5
635 3
597 0
593 4
567 4
561 3
561 3
558 2
558 0
557 3
559 4
556 3
555 3
554 1
554 0
554 2
554 1
554 5
726 2
723 4
564 3
564 4
564 0
562 1
562 3
561 3
561 3
561 3
561 4
556 3
559 3
558 1
558 3
558 3
560 4
560 3
559 1
559 4
559 0
558 3
559 0
558 0
558 2
557 0
557 3
559 2
558 4
557 2
556 0
556 0
556 2
555 2
555 2
555 0
555 5
740 2
739 3
656 0
654 2
653 3
646 2
644 1
644 2
643 2
642 0
642 4
578 0
574 2
573 0
573 2
572 4
559 4
554 4
554 0
554 4
554 2
553 4
553 4
553 4
553 4
553 4
553 5
643 0
643 4
561 0
557 0
556 3
556 4
554 2
553 5
630 2
628 0
628 3
596 3
592 2
590 2
589 1
589 2
588 4
559 0
558 4
554 5
642 0
642 4
564 3
561 2
560 3
561 3
561 2
560 3
559 3
560 2
559 4
559 0
554 0
554 1
554 3
556 5
742 3
659 4
574 3
565 2
564 2
562 0
558 0
558 2
557 4
554 5
638 4
560 2
559 2
558 1
558 4
556 0
554 2
553 2
553 3
552 5
724 2
723 4
563 5
635 2
633 0
633 2
631 2
629 3
597 1
597 0
595 3
590 2
589 5
842 0
842 3
746 0
746 2
744 3
722 4
580 2
579 5
677 4
575 4
568 3
565 4
564 3
563 0
556 3
558 2
557 5
737 2
734 0
734 2
731 5
1015 4
579 3
570 5
642 4
566 2
565 2
565 0
562 1
562 3
563 1
563 0
561 1
561 4
559 2
559 5
633 1
633 4
563 3
566 0
561 2
560 2
559 3
560 3
563 4
558 2
557 5
627 0
627 0
627 1
627 0
627 5
839 4
578 1
578 2
577 2
576 2
575 4
575 3
580 3
573 3
577 2
576 3
573 2
573 0
566 4
565 2
565 0
564 3
565 4
564 3
566 3
564 2
564 2
563 4
563 2
563 3
566 3
565 4
565 2
564 2
563 0
563 4
562 5
631 4
564 5
628 5
790 4
572 0
568 0
568 0
568 4
565 0
564 2
564 3
567 2
566 1
566 1
566 3
565 2
565 1
565 2
564 5
721 1
721 2
719 2
717 4
573 4
573 5
629 5
791 4
574 4
574 2
573 3
575 4
575 4
575 2
573 3
574 2
573 3
573 3
576 3
575 3
577 5
631 4
570 1
570 4
569 1
569 0
567 4
567 2
567 4
567 4
567 4
567 3
571 2
570 5
624 5
785 0
785 1
785 5
1038 1
1038 5
1324 2
1317 3
1000 5
1310 3
1089 1
1089 4
640 4
625 3
596 0
586 5
770 2
767 2
764 0
764 2
760 4
581 5
629 2
627 5
813 2
810 1
810 2
807 1
807 2
804 3
677 2
676 2
675 2
674 4
584 4
577 3
571 3
566 0
563 0
563 2
563 0
563 0
563 2
563 3
565 3
567 1
567 3
567 5
731 0
731 2
729 2
727 5
1002 2
997 0
997 1
995 3
801 0
798 4
595 2
594 3
575 5
653 5
885 3
731 4
588 3
578 0
572 3
572 4
558 3
559 4
558 3
559 2
557 0
556 0
556 2
556 3
558 4
556 2
555 4
555 0
555 3
556 0
556 0
556 1
556 5
746 2
743 4
574 2
573 1
573 5
638 2
636 4
566 3
568 5
642 2
640 4
569 1
569 4
569 5
622 4
562 4
562 0
559 0
559 -1
928 5
927 5
976 2
972 2
969 0
925 2
922 2
919 2
916 4
636 5
671 1
671 5
873 2
867 5
1162 0
1162 1
1162 0
1162 5
1487 3
1158 5
1555 4
653 1
653 3
609 5
642 2
642 4
581 2
580 0
573 5
730 3
653 4
582 4
577 1
577 3
568 0
560 1
561 3
559 0
557 5
749 2
747 2
745 4
565 0
558 5
736 3
654 0
653 4
576 5
649 5
876 0
876 5
1189 0
1189 3
944 4
616 5
645 2
643 1
641 3
618 4
575 0
567 0
567 3
570 2
569 5
745 4
570 5
636 1
636 5
835 2
832 0
832 0
832 5
1120 4
587 2
584 2
583 0
568 3
569 5
718 1
719 3
651 5
866 5
1221 2
1216 4
611 2
608 0
588 5
776 4
574 2
573 3
575 1
575 0
568 5
737 4
575 3
579 3
579 0
569 4
561 4
560 2
559 0
559 0
559 4
559 3
563 2
562 3
563 4
563 5
630 0
630 1
630 0
630 3
602 4
573 5
633 1
634 1
635 5
835 5
1131 4
602 4
595 2
593 0
574 2
574 0
574 4
566 2
566 0
565 0
565 5
719 2
719 1
718 5
955 4
587 3
587 5
642 2
640 4
572 5
620 3
591 2
590 3
586 1
587 2
586 5
707 1
708 5
951 4
581 5
641 4
569 5
632 3
597 5
729 2
727 0
726 4
577 4
573 5
636 0
635 2
633 1
634 2
632 4
571 1
574 3
576 2
575 4
571 2
569 3
569 4
568 1
568 5
626 0
625 3
604 2
602 5
766 0
766 4
574 0
568 0
568 5
764 3
677 4
581 4
573 4
573 0
570 4
559 2
559 0
559 0
559 4
557 2
557 1
557 5
640 0
640 0
640 5
859 3
703 5
961 4
607 0
592 5
788 0
788 5
1085 1
1083 3
880 0
878 1
878 1
877 5
1289 0
1289 4
615 1
615 3
586 2
585 4
579 2
578 0
567 4
565 4
565 4
565 2
565 1
568 5
627 5
800 1
801 0
801 1
801 2
798 0
798 3
684 5
899 2
897 3
783 3
751 3
738 4
590 5
667 5
933 0
933 4
595 4
584 5
622 0
621 5
820 2
817 2
814 5
1099 2
1093 1
1092 4
605 1
606 2
605 0
582 4
570 2
570 1
570 0
568 3
568 4
566 0
563 0
563 0
563 5
729 0
729 0
729 2
728 0
728 3
647 3
635 5
839 1
839 5
1181 5
1561 4
611 3
599 2
598 0
583 0
583 2
582 0
582 0
582 5
753 0
753 5
1008 2
1003 1
1002 2
997 1
996 3
793 2
791 3
723 0
721 2
719 2
717 0
717 5
1095 2
1090 3
949 0
949 2
946 2
943 0
943 2
940 0
940 0
940 4
619 4
594 0
583 2
582 3
578 5
788 3
702 2
700 5
1006 0
1006 2
1003 5
1420 2
1414 0
1414 2
1408 2
1403 1
1403 5
1824 2
1817 1
1815 5
2242 5
2657 4
667 1
667 5
669 5
797 3
692 2
690 0
684 1
685 5
1009 2
1005 0
1005 1
1004 4
608 4
590 4
589 2
588 1
588 0
576 0
576 5
772 1
769 5
1063 1
1060 4
582 2
581 5
636 4
569 2
568 0
563 3
565 5
722 2
720 1
720 4
568 4
567 5
636 5
826 1
825 4
577 0
570 2
570 2
570 5
729 4
571 2
571 3
573 3
575 2
573 2
572 0
570 1
571 4
563 2
562 1
562 3
562 4
562 3
562 5
631 1
630 4
565 0
562 4
561 1
561 2
561 2
561 3
565 4
565 4
565 0
564 2
563 2
562 4
559 2
559 3
566 2
564 0
564 5
718 4
567 1
570 2
567 4
567 0
564 2
563 4
560 4
560 2
560 1
560 2
560 1
560 4
560 0
559 2
559 1
560 2
560 2
559 2
559 5
709 1
709 3
634 0
626 5
909 3
781 1
781 4
592 4
578 4
578 1
578 4
578 4
578 2
577 4
577 0
569 2
568 3
569 0
568 5
779 3
682 0
681 4
581 3
568 2
567 4
564 1
564 0
561 5
768 2
765 2
763 3
670 4
581 4
576 1
576 4
576 5
648 4
572 2
571 2
570 0
565 3
565 2
564 2
563 4
560 2
560 1
560 4
560 5
643 2
641 5
865 3
734 2
732 2
731 2
729 1
729 0
727 4
585 0
578 1
578 0
578 2
577 4
565 2
564 5
646 0
646 1
647 4
575 2
572 5
634 0
633 5
872 1
870 4
574 1
574 5
642 4
568 3
570 3
565 5
632 2
630 5
840 0
840 0
840 5
1127 4
595 3
590 0
577 0
577 0
577 1
577 2
576 2
575 2
575 4
561 4
561 4
561 0
560 4
558 2
558 2
558 0
558 5
724 1
724 4
567 2
566 3
570 4
569 2
567 0
564 4
560 2
560 3
566 4
566 2
565 5
633 3
593 4
565 1
565 0
562 4
559 5
631 2
630 3
599 0
593 4
563 3
562 1
562 2
561 0
559 1
559 4
557 2
556 3
558 4
557 5
634 4
566 4
564 3
566 5
629 4
560 4
560 4
560 2
559 5
618 3
586 2
585 5
745 2
742 3
662 1
662 3
646 3
639 2
638 0
636 3
636 4
571 0
571 3
571 0
571 2
570 5
810 2
807 0
807 0
807 4
581 0
572 3
569 5
777 2
774 3
689 4
571 4
566 4
566 1
566 2
565 4
565 0
564 5
769 4
577 4
566 4
566 1
566 0
563 2
562 4
558 2
557 4
557 5
633 1
633 0
633 3
594 4
559 2
558 1
558 3
557 1
557 4
554 2
554 0
554 2
554 4
552 5
641 0
641 2
639 1
640 2
638 5
866 0
866 2
863 3
713 4
591 2
588 2
587 2
585 5
647 4
575 2
574 3
573 2
571 4
569 4
569 4
569 4
569 3
567 2
567 2
567 3
569 2
568 1
568 4
568 4
568 3
569 4
569 0
565 2
564 5
737 1
736 1
736 4
573 2
572 3
569 5
637 0
636 2
634 4
563 1
563 0
558 4
556 5
625 3
592 0
587 0
587 3
583 0
582 1
582 4
564 1
564 4
559 1
559 1
559 2
558 1
558 4
558 4
558 1
558 0
558 3
559 5
755 2
753 2
751 0
751 5
1039 3
844 3
759 2
756 4
595 4
583 4
583 3
573 4
570 4
570 4
570 4
570 2
569 1
569 3
573 2
572 1
572 3
569 3
570 0
568 3
568 5
753 0
753 5
1039 2
1034 4
586 3
582 0
570 3
569 2
568 0
568 0
568 3
570 1
570 0
570 5
768 3
681 0
680 1
680 1
680 1
680 2
678 5
1017 2
1013 1
1013 3
882 1
882 5
1330 1
1330 5
1868 3
1670 2
1665 2
1660 2
1654 0
1654 1
1654 4
637 4
609 3
600 0
585 3
584 0
583 0
583 0
583 3
583 0
583 4
569 1
569 2
568 3
570 2
569 4
568 1
568 2
568 4
568 2
567 5
635 0
632 0
632 4
569 0
562 1
562 4
559 5
632 3
601 2
599 0
598 2
597 5
838 4
583 2
582 4
576 3
575 1
575 4
575 4
575 3
571 1
571 0
564 0
564 3
565 4
559 2
558 1
558 5
625 4
564 2
564 2
562 3
564 3
564 5
623 4
558 3
560 2
560 3
561 2
560 3
563 2
562 3
561 0
558 1
558 4
554 4
554 1
554 0
553 3
554 3
557 1
557 4
554 1
554 3
555 4
555 0
554 4
552 2
552 1
552 0
552 4
552 0
552 3
554 4
552 4
552 0
552 3
555 1
555 4
553 5
633 4
557 0
551 1
551 3
555 2
554 0
554 2
553 3
554 0
554 4
551 0
551 1
551 4
551 0
551 3
552 0
552 2
552 0
552 0
552 0
552 0
552 0
552 5
743 4
571 1
571 4
567 0
559 0
559 5
734 4
568 0
559 3
560 3
559 0
559 5
736 5
997 5
1303 0
1303 0
1303 5
1624 4
628 0
604 0
604 4
586 3
582 0
568 5
721 4
573 3
575 2
574 0
565 0
565 5
710 1
710 3
646 4
584 3
570 2
569 2
568 4
566 4
566 1
566 3
569 5
628 2
626 0
623 1
624 1
624 2
622 1
621 2
619 2
617 0
617 0
617 4
564 3
567 4
565 2
564 5
634 2
634 0
633 2
631 0
631 4
561 4
560 3
565 3
565 4
565 4
565 4
565 4
565 5
630 4
560 2
560 4
560 0
556 1
556 0
556 0
556 3
558 3
560 0
560 3
561 0
561 0
561 0
561 4
558 3
561 4
560 3
557 3
561 2
559 0
558 3
559 0
559 4
556 4
556 4
556 0
556 5
720 0
720 0
720 2
719 1
718 4
566 4
566 5
628 4
563 4
563 2
563 4
563 3
567 0
562 4
559 5
632 3
602 1
602 0
598 4
577 3
573 4
568 4
568 0
563 0
563 3
564 1
564 0
564 0
564 3
565 4
561 2
560 4
560 5
637 4
566 3
567 5
633 0
633 0
633 2
631 2
629 2
627 4
565 4
564 1
564 3
566 0
564 4
559 5
627 2
627 0
627 3
601 3
593 2
591 4
565 4
563 4
563 3
564 3
564 0
562 4
557 2
556 3
556 4
556 3
559 5
631 0
631 4
560 3
566 2
565 0
561 4
556 3
560 4
560 4
560 4
560 3
558 4
558 2
556 0
555 2
555 3
556 0
556 0
556 4
555 4
555 1
555 1
555 3
557 0
556 4
554 3
557 4
557 2
556 5
635 1
635 4
558 3
559 0
557 3
557 3
558 0
558 5
739 2
736 3
654 4
577 4
573 1
573 1
573 3
567 3
567 0
560 4
555 3
559 0
558 3
559 4
556 4
556 4
556 3
557 4
557 5
647 2
645 5
862 2
859 0
859 2
854 1
852 0
852 2
849 0
849 5
1134 3
905 4
611 0
592 2
591 2
590 2
589 1
589 0
589 2
588 4
568 4
566 2
565 1
565 3
571 3
567 4
566 0
562 4
560 2
560 3
567 0
563 4
558 4
558 5
638 3
601 1
601 5
780 4
579 4
570 3
569 4
568 3
570 4
570 5
630 4
565 3
566 4
565 4
565 2
565 4
565 4
565 4
565 2
564 0
562 5
725 4
570 0
563 0
563 5
725 4
565 2
565 2
565 4
565 2
564 0
559 4
558 2
558 1
558 4
558 2
558 5
623 4
560 0
557 3
559 4
559 0
559 4
556 4
556 3
559 0
558 2
557 3
557 4
556 1
556 3
562 1
562 4
562 4
562 2
561 4
561 0
560 0
560 2
559 2
558 1
558 4
556 5
619 4
561 3
565 2
564 3
564 3
564 4
564 4
564 0
561 4
557 2
557 0
557 4
557 3
558 0
558 5
709 1
709 2
707 4
564 0
559 4
558 4
558 5
618 2
618 0
618 3
588 3
582 2
581 3
578 1
578 4
560 0
560 4
555 2
555 3
561 5
630 2
628 4
561 0
556 2
556 3
559 3
560 2
559 3
560 2
559 3
558 0
558 2
558 0
558 1
558 2
557 3
558 5
739 0
739 1
739 2
737 4
579 4
574 2
574 2
573 2
573 3
570 0
564 2
564 1
564 3
566 1
566 4
561 4
561 2
561 1
561 3
566 5
624 0
623 4
562 4
562 3
564 2
564 3
566 0
564 3
563 4
557 0
556 0
556 0
556 2
556 2
555 4
555 0
555 3
557 5
717 4
568 4
567 2
567 4
567 2
566 0
560 3
560 0
560 4
555 0
555 3
558 1
558 5
723 5
974 3
783 5
1066 3
933 5
1379 0
1379 5
1907 4
644 2
642 4
617 0
592 2
590 0
590 3
590 5
738 4
579 4
575 3
582 4
582 1
582 2
580 3
575 3
578 4
578 5
623 4
572 2
572 2
572 4
572 0
566 3
568 0
568 2
568 5
746 2
743 2
741 2
741 5
993 2
989 4
594 0
579 3
579 4
571 4
571 0
570 2
569 3
572 3
569 4
566 4
566 0
566 0
566 1
566 2
566 1
566 2
565 3
566 0
566 4
564 4
564 2
564 3
568 0
564 4
561 0
561 1
561 3
565 1
565 5
712 1
712 2
710 1
710 4
569 2
568 0
565 1
565 0
565 2
565 2
565 3
563 4
559 1
559 4
559 4
559 3
559 0
559 3
559 4
558 1
558 4
558 3
561 1
561 5
625 1
625 4
566 4
566 0
561 4
561 3
565 3
562 2
562 0
561 4
559 3
563 0
562 2
561 2
561 3
563 0
562 1
562 3
562 4
559 4
559 2
559 3
560 3
560 0
559 2
559 0
559 4
559 0
559 4
559 4
559 0
559 2
559 3
560 0
558 1
558 4
558 5
610 5
786 4
582 3
583 2
581 3
583 5
626 1
626 3
603 4
574 3
575 4
574 1
574 2
573 2
572 2
572 3
573 4
573 5
614 5
772 2
769 2
766 0
766 2
763 0
763 2
760 2
757 2
756 4
576 3
577 0
569 2
568 2
568 0
568 5
721 2
719 4
575 4
575 1
575 4
575 2
574 0
566 3
566 1
566 0
564 2
564 5
734 2
731 2
729 3
647 0
645 1
645 4
578 1
578 4
567 0
565 1
565 3
564 4
558 2
557 3
558 5
633 2
631 0
631 0
631 0
631 4
567 1
567 4
565 0
557 4
557 0
556 0
556 4
554 4
554 3
556 2
555 4
555 2
555 4
555 3
555 0
554 0
554 1
554 2
553 5
722 3
640 0
637 0
637 0
637 2
635 1
635 2
633 2
632 3
627 0
627 1
627 5
950 2
946 2
942 1
940 3
813 0
813 0
813 0
813 4
601 4
581 3
577 5
652 0
652 4
571 2
569 5
644 4
566 5
627 2
625 0
623 4
564 2
564 2
564 2
564 4
563 3
565 2
565 0
563 0
563 5
750 1
750 2
747 3
657 1
657 4
575 1
575 5
644 3
607 2
606 2
605 2
604 4
564 4
563 0
562 3
563 0
563 2
562 4
560 2
559 4
559 0
559 3
561 4
559 2
558 4
558 0
558 0
558 0
558 2
558 3
560 4
559 0
559 1
559 1
559 1
559 4
558 0
558 1
558 4
558 4
558 1
558 3
561 1
561 0
560 2
559 4
557 5
654 2
652 4
566 0
561 4
561 0
561 0
561 2
561 2
561 2
561 1
561 0
561 3
562 0
561 3
562 0
562 5
765 0
765 4
575 3
575 4
574 4
574 0
568 3
567 5
751 5
1026 2
1021 0
1021 4
579 4
577 4
577 2
575 4
575 1
575 2
574 3
573 4
571 3
571 0
566 2
565 2
564 0
564 0
564 2
564 2
564 2
564 2
564 4
560 5
628 2
626 5
798 4
574 0
563 3
565 2
564 5
713 2
711 0
711 5
953 2
949 4
578 1
578 3
578 3
576 3
575 2
574 4
573 1
573 2
572 4
572 5
613 0
611 2
609 1
609 3
588 3
586 3
584 1
584 3
581 3
584 2
583 5
730 2
728 4
572 0
570 1
570 3
571 1
571 5
753 3
665 0
660 1
660 4
584 4
569 1
569 4
569 0
568 4
566 2
566 0
566 0
566 2
566 2
566 0
566 2
566 4
565 2
565 0
565 3
565 3
565 4
563 4
563 3
565 5
635 5
841 3
716 1
716 1
716 2
714 2
712 5
974 5
1367 0
1367 2
1359 1
1358 4
622 4
605 2
603 5
631 0
622 1
622 0
622 1
622 4
573 5
632 2
630 4
571 2
569 3
573 4
572 3
569 0
564 3
566 1
566 2
565 0
565 2
564 5
727 0
727 3
653 1
653 5
875 5
1228 1
1228 0
1228 0
1228 0
1228 0
1228 0
1228 2
1222 2
1216 3
1012 4
622 0
601 3
602 4
570 0
569 0
569 5
775 2
773 2
770 4
581 4
577 2
576 1
576 1
576 4
575 0
569 0
569 1
569 0
569 3
571 4
562 2
561 3
563 2
562 1
562 0
560 0
560 0
560 3
562 0
562 2
561 5
737 1
736 3
661 4
579 2
577 4
571 0
570 5
756 0
756 0
756 4
575 2
574 0
569 2
568 1
568 2
567 0
567 4
558 5
637 3
600 1
600 2
598 1
598 3
592 2
591 3
588 2
587 0
585 4
563 0
563 4
553 3
553 2
553 4
553 3
555 0
554 3
554 3
555 3
556 3
556 1
556 0
556 0
556 2
555 5
756 3
667 3
642 2
640 4
562 5
655 3
612 5
836 2
832 4
580 0
568 2
567 0
567 5
781 0
781 2
778 0
778 4
574 4
569 3
570 0
562 2
561 0
561 3
561 2
560 4
555 3
557 3
554 0
553 0
553 5
733 0
733 2
730 0
730 2
730 2
729 4
567 4
565 1
565 0
559 2
558 2
558 5
724 3
642 2
641 3
620 1
620 4
569 4
567 0
564 4
557 2
557 2
557 2
557 2
557 5
644 5
878 3
729 2
726 3
687 4
574 4
566 3
562 2
562 1
562 1
562 5
635 5
857 4
576 4
572 0
564 3
565 5
728 3
651 4
575 1
575 0
573 0
573 2
572 1
572 2
570 0
570 3
570 4
559 3
561 3
560 2
559 5
635 4
566 3
568 3
566 3
567 5
631 2
629 2
628 2
627 3
597 5
770 0
770 2
768 5
1088 3
888 4
603 3
576 3
576 2
575 4
571 2
570 0
562 4
556 0
556 1
556 1
556 0
556 2
556 2
556 4
553 4
553 4
553 0
553 0
553 3
555 2
554 4
554 4
554 3
556 3
555 3
555 5
630 3
598 4
566 1
566 5
629 1
629 1
629 4
562 4
562 1
562 4
562 1
562 0
556 1
556 5
728 3
656 2
654 3
636 5
862 3
768 4
586 1
586 2
585 3
580 0
577 1
577 4
563 3
564 0
563 3
563 4
561 0
561 5
755 0
755 4
571 1
571 0
562 0
562 2
562 2
562 4
555 4
555 3
557 0
556 1
556 4
554 4
554 0
554 0
554 1
554 -1
