5 2000
423 0
366 1
365 5
477 5
620 4
274 2
272 4
267 4
267 5
277 3
266 5
310 4
254 1
254 4
253 1
255 1
255 5
270 1
271 5
348 1
346 3
300 0
300 0
300 4
256 5
282 5
386 2
383 2
380 0
380 1
380 4
250 2
249 1
250 0
245 0
245 1
246 5
322 3
291 2
290 3
284 3
278 5
384 4
255 5
282 3
267 1
269 0
267 1
269 2
268 1
270 0
269 2
267 3
264 0
264 4
243 1
243 1
245 2
244 1
246 1
246 4
244 0
244 1
245 1
246 0
246 3
245 4
241 3
245 4
244 0
242 4
240 5
280 5
391 2
388 1
388 0
388 1
387 2
384 3
320 4
250 2
249 0
245 0
245 5
333 0
333 5
460 0
460 0
460 5
592 5
731 2
724 5
866 0
866 4
276 3
270 5
286 2
284 4
256 1
256 5
275 4
252 4
252 4
252 5
277 3
266 0
261 3
256 5
337 1
337 1
337 1
336 4
246 4
246 2
246 1
248 5
280 2
278 4
248 5
267 4
246 1
246 0
243 2
243 3
243 5
307 4
246 5
268 1
268 3
255 0
253 3
250 5
339 4
246 2
245 2
244 2
244 3
244 4
244 3
243 2
243 4
243 4
243 3
243 3
246 2
244 3
245 4
245 1
248 5
264 4
241 2
241 1
243 0
242 1
243 1
245 1
248 2
245 2
243 2
242 2
240 5
316 3
281 2
280 4
247 4
244 3
245 4
245 4
245 0
242 2
241 1
242 4
241 4
241 4
241 3
244 5
268 4
242 5
263 4
241 4
241 0
240 1
244 3
242 5
314 3
284 3
275 3
273 3
271 2
270 3
266 1
269 2
266 5
370 3
325 4
251 4
247 5
290 1
290 2
288 1
289 5
405 3
332 2
329 5
476 3
422 2
420 0
419 4
253 2
252 3
247 0
245 4
242 5
277 5
379 0
379 2
374 2
371 1
370 5
502 1
502 0
502 0
502 5
640 1
639 4
269 4
266 1
266 2
265 2
265 0
257 3
250 5
306 0
306 0
306 2
305 3
279 4
248 2
247 0
245 0
245 3
245 5
320 0
319 0
319 2
319 1
318 0
318 0
318 3
287 1
288 4
250 1
250 4
246 3
247 4
246 3
244 2
244 4
244 1
244 0
243 3
243 2
242 1
244 4
243 1
243 2
243 4
243 1
245 4
245 5
271 4
246 5
268 5
341 4
252 5
268 3
254 5
315 3
287 0
286 0
286 5
430 1
431 5
599 1
601 3
500 4
283 0
273 0
273 2
272 4
253 3
252 0
249 2
249 2
250 1
251 3
245 1
249 5
323 1
322 3
288 5
398 1
398 2
395 1
396 3
350 0
350 1
350 1
350 0
350 5
560 1
559 0
559 4
266 4
261 5
284 0
280 4
251 2
250 0
246 2
247 1
248 4
245 3
248 1
250 4
249 5
270 3
259 3
258 5
335 1
335 5
464 3
386 5
548 4
269 2
267 2
265 0
260 2
259 0
259 4
247 1
250 1
250 4
247 5
273 3
263 3
259 4
246 4
245 1
247 0
242 1
243 2
241 1
244 0
243 5
335 4
245 1
246 4
245 2
244 0
240 4
237 5
269 4
240 2
240 4
240 2
240 2
241 0
237 2
238 0
238 0
238 2
239 4
239 1
241 3
244 2
242 5
271 0
271 2
269 1
268 3
258 4
241 2
240 0
240 3
242 3
241 2
240 5
309 3
280 5
385 2
382 1
382 3
329 0
329 4
258 4
245 5
276 3
266 0
262 1
263 3
261 3
260 1
260 1
261 3
260 4
239 3
241 1
241 3
239 3
240 4
237 0
236 3
237 0
237 1
238 3
238 0
238 4
235 3
237 5
284 2
284 4
238 1
240 2
240 5
275 4
237 5
274 2
274 2
272 1
273 1
273 0
273 4
240 5
273 1
273 2
274 5
374 0
374 5
500 2
496 5
628 4
266 0
252 4
242 1
242 4
242 0
240 0
240 4
238 3
242 4
242 2
241 2
240 3
240 1
240 5
273 1
274 4
238 0
235 2
234 2
234 2
235 3
234 2
235 4
235 1
235 0
234 3
234 3
233 2
234 4
233 0
233 2
234 4
234 1
236 3
240 5
275 1
275 0
275 0
275 2
273 5
373 0
373 2
370 3
307 4
251 3
245 5
271 4
238 0
235 5
312 2
310 4
240 3
241 4
241 0
239 3
239 5
306 0
306 5
412 0
412 0
412 4
246 4
244 3
248 2
246 3
244 3
243 3
245 0
239 2
238 0
237 4
235 4
235 5
267 5
349 3
294 4
250 1
250 3
245 4
243 0
237 2
238 3
238 2
238 3
237 2
237 2
237 3
238 2
237 5
307 2
306 3
268 2
267 5
354 4
244 1
245 2
244 1
245 1
245 2
244 2
243 3
242 1
242 0
240 4
237 3
240 3
239 5
273 2
271 1
270 3
255 4
242 4
241 3
242 2
241 1
241 0
237 4
236 5
273 2
271 5
360 0
360 0
360 2
359 0
359 1
359 2
357 2
354 2
354 0
354 0
354 0
354 1
353 5
472 5
599 5
731 5
858 4
293 0
276 3
263 4
251 0
250 3
248 2
247 3
248 2
247 5
305 3
274 5
376 3
335 1
336 2
334 3
316 1
317 1
317 5
479 3
433 0
432 0
432 4
258 0
256 2
255 2
254 2
253 2
252 2
252 1
252 3
251 2
250 0
250 0
250 3
250 3
251 3
251 2
251 5
358 4
255 4
251 3
249 1
249 4
249 4
249 4
249 5
272 4
246 1
246 4
245 4
245 1
245 3
250 2
248 4
248 1
248 1
248 3
249 0
244 4
240 3
240 3
241 1
243 2
242 4
242 4
242 2
241 1
241 1
241 3
245 3
244 3
245 4
245 0
241 2
240 3
241 2
240 0
240 3
240 1
240 2
239 1
239 2
239 4
238 3
242 2
240 4
239 2
239 2
239 1
239 1
239 1
239 5
275 1
276 0
276 4
243 0
241 2
241 3
241 0
241 0
241 2
241 4
237 5
272 2
272 0
272 0
272 3
258 2
257 4
241 5
276 0
276 2
276 4
241 4
241 0
238 3
238 2
238 4
236 2
235 2
235 3
239 3
239 5
282 4
243 2
243 2
243 2
243 2
243 0
239 2
240 3
239 3
240 5
305 5
415 3
334 1
334 4
257 1
257 2
255 3
245 4
241 5
264 1
264 2
263 5
329 5
439 0
439 1
440 1
439 5
555 1
553 2
548 1
545 4
263 1
263 2
262 4
259 5
274 2
272 3
255 2
254 2
253 4
249 0
247 3
246 2
246 5
302 1
305 0
302 3
280 2
279 2
277 5
355 0
355 3
320 2
319 5
460 4
263 0
256 3
256 2
255 4
243 3
243 4
242 2
240 0
239 5
305 5
411 0
411 5
535 1
535 0
535 1
535 4
262 1
262 2
260 5
273 4
248 5
270 3
254 3
250 2
249 2
248 1
248 0
245 0
245 2
245 3
244 4
239 4
239 3
242 0
240 4
237 0
237 5
309 5
417 5
540 2
535 3
411 3
368 0
367 3
354 3
344 1
344 3
335 4
255 0
253 4
249 4
245 2
244 5
283 1
284 0
284 2
283 0
283 1
285 2
283 0
283 2
283 1
283 0
283 2
283 3
266 3
256 2
255 2
254 3
255 4
245 2
244 5
298 4
248 5
272 3
260 3
256 3
255 0
254 3
254 4
241 1
241 3
243 2
243 4
243 2
243 1
243 5
289 5
405 5
541 1
540 3
431 0
431 1
431 1
432 5
612 4
271 2
268 5
284 5
372 2
369 5
502 4
259 1
259 0
252 4
243 3
247 0
247 4
242 3
245 3
243 1
243 2
242 4
242 3
246 0
245 3
244 0
244 0
244 3
244 2
243 2
242 3
242 5
315 3
281 2
280 1
279 1
279 2
278 3
272 0
271 0
271 0
271 3
268 2
267 3
267 1
267 1
267 5
403 2
399 0
399 4
248 3
247 0
244 5
333 3
291 0
289 5
449 3
388 3
366 3
360 3
358 3
356 4
250 2
248 3
246 0
244 3
244 2
243 1
243 2
242 3
242 3
242 2
243 2
244 2
244 2
244 5
355 5
498 4
259 0
251 5
348 4
254 4
249 3
250 2
249 3
248 2
247 3
248 4
247 1
247 4
247 3
250 1
250 0
246 4
241 0
241 3
241 3
241 3
241 4
240 4
240 3
241 4
241 2
240 0
239 5
314 2
314 5
428 1
428 2
425 1
425 5
553 4
258 5
271 3
258 1
258 5
316 2
314 4
244 2
243 4
242 1
242 3
246 4
246 5
272 5
345 3
291 4
248 2
247 1
247 4
247 5
275 0
275 5
372 0
372 1
372 3
312 4
247 0
244 3
244 0
244 1
244 3
244 0
244 1
244 5
340 2
338 3
303 5
424 4
259 0
251 1
252 5
350 5
477 5
618 1
618 5
758 1
758 1
758 2
749 5
886 2
874 2
866 4
283 1
283 3
271 5
283 0
278 3
262 2
261 3
261 1
261 2
259 4
243 2
243 4
243 2
243 1
243 5
269 4
246 4
245 3
248 3
249 4
249 5
267 2
265 0
263 0
263 0
263 2
261 3
254 1
255 3
250 0
247 0
247 4
243 5
270 3
260 0
259 3
257 5
368 2
365 0
365 1
365 3
317 4
255 0
252 2
251 3
250 0
250 3
250 5
354 4
253 2
251 1
251 4
248 2
247 2
246 0
243 4
243 4
242 2
242 4
242 3
244 4
243 1
243 5
266 1
266 5
343 4
246 3
246 2
244 2
244 3
248 4
247 3
247 3
246 3
249 4
249 5
264 5
331 5
432 3
349 3
318 4
258 5
276 2
274 4
248 1
248 2
248 1
248 3
253 0
248 3
246 5
325 5
448 3
355 5
509 4
268 3
253 5
289 4
247 0
243 5
310 5
418 0
418 0
418 5
546 2
541 5
666 0
666 3
522 3
446 2
442 4
280 2
276 3
263 4
258 5
276 4
252 3
256 3
256 4
256 0
250 1
250 1
250 1
250 0
250 0
250 1
250 3
249 4
243 2
243 4
243 3
245 2
243 3
245 4
245 0
244 4
242 5
277 2
277 4
247 0
242 3
241 4
241 5
275 3
258 0
256 3
255 0
255 0
255 0
255 2
254 5
368 2
364 2
361 1
361 2
358 5
503 2
498 2
494 3
407 3
365 0
365 3
353 5
569 5
810 3
730 1
728 5
1025 2
1019 2
1012 4
274 4
262 4
262 3
256 2
255 1
255 4
253 3
256 3
258 5
275 1
275 3
265 2
264 2
263 5
321 5
439 3
371 2
369 1
369 4
269 4
262 4
262 4
262 5
278 5
357 3
306 1
306 3
289 2
287 2
286 0
282 0
282 3
281 3
280 5
431 3
378 4
261 3
254 3
254 2
253 5
296 1
296 0
295 2
293 3
271 5
383 2
381 3
329 2
327 0
326 2
324 0
324 4
251 5
302 2
300 3
277 0
275 0
275 4
249 5
293 3
271 2
270 2
269 0
269 2
268 2
267 4
250 0
250 2
249 3
250 2
249 0
249 0
249 0
249 0
249 4
246 2
245 2
245 4
244 0
243 4
242 0
242 1
242 5
348 1
347 5
482 2
479 3
394 3
364 5
537 1
537 3
485 3
465 3
459 4
261 2
259 2
258 0
256 2
255 4
248 3
248 5
288 0
288 3
271 1
271 1
271 1
271 3
268 4
250 2
249 4
248 5
288 1
288 4
255 0
247 0
247 3
247 2
246 4
245 4
245 5
274 2
274 0
274 0
274 3
260 0
260 3
259 0
259 5
387 2
384 4
254 2
253 2
251 4
246 3
252 2
250 4
249 5
273 1
273 3
261 3
257 4
242 2
242 3
245 3
245 3
247 5
275 4
243 4
243 1
243 5
270 2
268 3
252 3
249 3
248 3
247 3
248 3
247 1
247 4
238 5
272 0
272 5
372 1
369 4
249 5
271 2
271 4
243 4
243 0
239 2
239 2
239 4
239 1
239 4
239 0
238 5
304 5
401 4
251 3
250 2
248 2
247 0
243 1
243 5
313 4
245 4
245 4
245 3
248 0
243 2
242 1
242 0
242 1
242 2
241 2
240 2
240 4
240 4
240 1
240 0
239 3
239 2
239 2
239 5
304 4
241 0
237 1
237 5
303 3
268 3
261 4
243 4
242 4
242 5
279 3
261 0
258 0
258 4
244 5
284 2
284 0
284 3
266 2
265 2
264 2
263 0
263 3
259 0
259 3
258 2
257 3
257 2
256 4
241 0
241 1
241 5
344 0
344 2
341 4
257 2
256 0
247 0
247 3
244 3
244 4
240 5
280 3
258 5
356 2
353 5
500 0
500 3
406 2
404 0
404 4
263 1
263 2
259 3
253 5
286 2
284 2
282 5
362 3
307 4
257 4
254 1
254 4
254 4
254 4
254 5
283 3
265 5
349 1
348 4
245 3
243 0
240 1
240 2
240 4
238 5
274 0
274 1
274 0
274 1
274 0
274 2
272 5
368 1
367 4
248 1
248 3
246 0
240 3
241 0
241 5
323 4
243 0
239 3
239 5
312 4
242 0
237 5
317 3
279 3
271 2
270 2
269 2
268 0
266 5
405 3
352 4
256 4
253 5
285 4
248 2
247 2
246 0
242 0
242 5
325 5
450 2
446 2
443 0
443 2
438 1
437 3
354 5
476 4
267 3
257 4
253 2
252 0
246 5
329 2
327 2
325 4
249 0
245 2
244 4
240 3
243 5
274 2
272 5
359 3
299 3
281 2
280 5
385 4
251 0
247 4
243 2
242 2
241 0
239 4
239 2
238 2
238 5
275 4
246 3
248 5
268 3
261 4
244 5
270 0
269 5
356 2
353 2
350 2
349 5
466 4
260 2
258 2
257 2
257 3
256 0
248 3
248 5
311 4
250 0
245 1
245 3
246 0
246 3
247 4
241 5
268 1
268 0
268 0
268 5
363 5
473 3
371 3
336 0
334 3
325 3
315 0
315 2
314 0
314 5
498 2
494 4
265 0
262 3
259 4
248 5
286 0
286 4
254 2
253 0
248 0
248 5
336 0
336 0
336 0
336 3
299 2
298 1
298 1
298 2
296 3
282 4
247 0
245 4
243 5
291 1
291 3
269 1
269 2
267 2
265 0
264 0
264 0
264 3
263 0
263 3
263 4
241 0
241 0
241 5
344 0
344 4
251 5
284 3
266 4
245 3
243 2
243 2
243 5
273 2
273 4
248 4
248 2
248 4
248 3
249 5
276 5
363 4
249 4
249 3
249 0
245 1
245 0
245 2
245 0
245 4
244 0
243 2
243 4
243 3
246 4
245 1
245 3
243 5
275 0
275 5
368 4
251 5
273 3
266 5
317 1
317 5
428 2
424 3
345 2
342 4
255 5
281 3
265 4
245 1
245 0
245 3
246 3
245 2
245 4
243 3
247 3
247 4
246 4
246 0
243 3
243 3
243 0
242 3
242 5
321 1
321 1
321 3
290 3
276 1
276 0
275 3
275 3
272 3
272 0
271 2
270 2
269 4
247 5
303 2
301 4
247 3
246 0
244 1
244 5
345 5
480 3
393 0
391 0
391 2
388 3
359 5
555 3
496 1
496 3
480 1
480 2
477 4
263 2
260 4
250 2
249 5
282 5
382 1
382 3
327 0
325 4
258 4
250 5
277 3
261 0
260 4
249 4
245 1
245 4
245 3
242 2
242 4
241 2
240 2
240 4
240 2
240 2
240 4
240 5
271 3
253 4
241 0
240 4
239 5
274 2
274 4
246 1
246 5
268 2
268 2
268 3
257 2
256 1
256 3
252 3
251 3
249 2
248 0
245 0
245 5
348 3
302 4
249 2
248 2
247 5
278 4
245 4
243 2
243 2
243 0
241 3
240 4
238 5
268 3
257 3
253 3
250 3
249 1
249 0
249 3
248 0
248 5
362 0
362 2
359 2
355 0
355 4
254 4
252 5
268 1
268 3
252 0
250 3
249 4
240 0
240 1
240 0
240 3
240 2
239 3
239 5
329 3
291 4
249 4
249 3
246 5
275 4
249 2
249 0
242 0
242 1
242 4
241 2
240 2
240 5
276 0
276 3
257 4
246 4
244 3
243 0
241 2
240 5
316 4
243 2
243 0
237 4
237 0
237 1
237 3
236 4
236 0
236 4
236 3
237 0
237 1
237 3
237 1
237 4
236 5
276 0
276 3
259 3
256 3
255 5
330 4
255 3
250 5
277 3
259 0
257 2
256 2
255 5
362 0
362 3
319 3
302 0
302 4
249 3
243 1
243 0
242 2
242 0
242 4
238 3
243 3
240 5
289 3
263 3
259 4
241 4
239 1
241 2
240 0
237 0
237 2
236 4
236 3
238 2
237 4
236 3
238 5
276 0
276 3
267 3
263 3
260 1
260 3
259 3
259 4
239 3
241 5
280 0
280 1
280 3
267 4
244 3
243 2
242 3
243 2
241 2
240 1
240 0
238 4
236 4
235 4
235 1
235 3
237 5
277 5
389 3
320 3
304 4
250 0
244 2
243 2
242 3
242 0
242 3
242 4
239 4
237 0
237 1
237 3
237 4
237 4
237 3
239 0
237 1
237 4
236 3
238 1
238 5
278 0
278 3
264 0
264 5
387 1
387 4
259 5
285 2
283 1
283 4
246 0
238 5
310 2
308 5
419 0
419 1
419 0
419 0
419 1
418 2
413 1
410 4
252 2
251 5
269 2
267 2
267 4
248 3
252 4
252 4
252 2
250 4
250 2
249 1
249 3
249 4
248 5
261 0
259 2
257 2
255 3
252 2
251 1
251 5
304 5
418 1
418 5
542 3
424 3
385 0
383 3
367 0
367 0
367 3
361 3
355 3
354 2
353 0
353 2
351 2
349 0
349 -1
423 2
422 4
422 0
364 5
475 4
272 5
282 1
283 1
284 1
285 4
259 2
259 2
258 5
269 1
271 3
263 3
254 2
253 5
299 4
246 1
248 5
272 4
247 3
248 4
248 5
267 1
267 1
270 3
261 4
241 1
241 5
263 5
336 2
337 4
250 4
250 5
264 4
244 3
249 3
246 0
241 5
312 2
310 3
279 5
354 5
507 5
675 5
846 1
844 2
838 3
703 1
702 3
621 4
278 5
287 5
359 1
359 3
316 0
313 0
313 5
484 1
484 2
480 3
419 0
419 0
419 1
419 2
417 5
656 5
899 0
899 2
893 4
272 3
266 4
262 1
264 2
262 1
262 5
275 3
268 1
269 1
269 0
264 0
264 5
371 1
370 4
254 5
277 0
276 3
262 2
261 0
261 0
261 5
374 1
372 0
372 5
512 4
259 5
283 0
279 2
280 2
278 5
371 3
308 3
297 1
299 3
287 0
286 4
252 2
251 4
247 3
249 2
247 5
283 4
247 2
246 2
245 5
282 0
280 3
262 4
241 0
241 0
241 2
241 4
239 3
238 5
274 4
243 2
242 0
239 4
238 2
238 5
275 4
247 5
276 0
274 4
243 2
241 0
239 4
238 4
238 5
276 4
245 1
247 3
250 2
248 5
275 3
261 1
262 0
261 1
262 1
264 2
263 0
262 2
261 0
261 3
257 2
256 1
258 5
362 3
314 3
302 3
294 1
295 0
295 2
294 5
466 4
256 5
289 3
271 3
267 3
267 5
374 4
247 0
242 2
242 1
244 4
240 3
238 5
279 0
278 4
245 1
247 0
240 2
240 2
241 2
241 3
240 0
240 4
237 5
274 2
273 5
378 5
507 0
507 1
505 2
501 3
390 4
265 4
259 1
261 3
257 5
270 2
268 3
259 3
257 4
246 0
243 1
243 4
239 5
271 4
243 4
243 0
238 1
238 4
238 3
241 4
241 5
272 5
363 1
361 2
358 3
302 5
399 0
399 2
395 4
256 4
252 3
244 2
244 4
243 2
243 1
245 4
244 4
244 4
244 0
241 5
321 3
279 0
278 5
409 0
409 2
405 4
255 2
254 5
287 3
270 1
270 1
271 5
357 4
256 0
248 5
337 4
254 4
249 5
271 2
269 2
269 4
242 3
246 0
240 5
308 2
306 4
243 1
246 1
246 2
245 4
244 3
247 1
247 0
243 0
243 3
243 2
242 3
243 5
311 3
277 1
277 5
370 4
250 4
245 3
245 0
239 5
314 0
314 4
239 5
271 2
271 1
271 0
269 5
355 3
302 2
300 2
299 5
386 0
386 3
337 4
254 3
246 4
241 4
241 0
238 3
239 5
313 3
280 1
281 2
280 4
249 2
248 4
246 3
245 3
241 1
243 5
271 3
261 5
337 0
337 5
466 4
261 0
254 0
254 0
254 4
245 2
245 5
277 2
275 4
248 0
244 1
244 3
242 4
239 3
244 3
239 1
239 3
243 4
242 0
239 4
237 3
237 3
238 0
237 2
236 3
236 1
239 1
241 2
238 5
309 0
309 4
239 2
238 4
238 4
238 1
240 5
268 1
268 3
258 5
321 0
321 5
446 4
256 3
250 3
247 1
247 2
246 5
268 3
258 2
257 4
246 2
244 4
244 3
246 3
245 1
248 4
247 0
239 5
314 1
314 2
312 4
240 0
237 0
237 2
235 2
236 3
238 2
237 2
236 3
237 4
236 2
235 2
235 1
238 3
238 4
237 1
239 4
238 5
269 3
256 4
238 1
240 5
268 1
267 0
265 2
266 5
351 3
299 0
298 5
445 4
265 2
262 3
254 4
252 4
252 1
252 3
248 5
272 4
245 1
247 1
247 4
247 4
247 5
266 4
249 4
248 2
248 5
264 2
265 0
262 2
262 3
249 2
248 0
247 4
243 4
240 4
240 5
265 3
252 2
251 4
242 5
265 2
265 4
243 4
243 4
243 3
246 2
246 5
270 3
252 0
250 2
249 4
241 3
243 0
242 3
243 2
242 0
242 4
239 4
239 2
238 0
238 2
238 2
238 3
239 4
239 2
239 1
239 4
239 2
239 3
242 4
242 1
242 4
242 4
242 4
242 4
242 4
242 0
240 5
321 5
435 2
430 1
429 1
428 3
343 4
258 4
256 0
247 2
246 3
245 2
244 3
244 0
244 5
333 2
330 0
330 5
455 5
587 0
587 2
582 2
574 0
574 0
574 4
263 2
262 2
261 3
262 0
252 0
252 5
330 5
439 4
259 5
272 3
261 2
260 0
256 5
354 0
354 2
352 0
352 2
350 4
255 2
254 0
245 2
245 2
245 2
245 0
245 5
332 1
333 3
282 3
270 0
270 1
270 2
269 4
248 5
291 3
271 0
268 5
404 5
571 2
566 5
731 3
612 3
550 3
515 3
494 2
491 0
491 2
488 1
488 5
816 2
812 3
755 1
757 4
266 3
258 3
253 3
255 2
253 4
247 4
247 3
244 2
243 2
243 0
242 0
242 0
242 3
243 2
243 4
241 2
240 0
240 4
240 5
273 5
371 1
373 4
249 4
246 3
249 1
249 0
242 3
244 0
243 1
243 4
239 5
274 4
242 0
240 2
239 0
239 5
318 4
242 3
246 4
245 4
245 2
243 1
243 4
243 3
243 4
243 4
243 3
242 3
243 3
242 2
242 0
238 0
238 4
238 0
238 1
238 2
238 4
238 3
242 5
272 1
273 4
241 3
242 0
239 3
239 2
238 2
237 2
237 3
237 1
238 2
237 2
238 3
238 5
309 4
241 5
272 4
240 0
237 4
237 0
237 0
237 0
237 2
238 0
238 5
310 5
425 5
544 5
672 5
804 3
595 4
278 2
276 1
276 4
272 0
259 2
258 4
251 3
255 2
254 4
254 5
274 4
251 5
274 4
250 3
253 1
253 4
253 4
253 0
250 5
318 3
280 4
251 0
248 0
248 3
248 3
248 4
246 0
246 1
247 2
246 2
246 4
245 0
245 5
327 5
439 5
568 1
567 3
432 3
382 0
382 2
380 4
259 3
255 4
252 4
252 3
253 1
253 3
251 2
250 2
250 1
250 5
274 4
247 2
247 5
275 0
273 3
260 4
242 4
241 1
243 4
242 2
242 4
242 1
242 4
242 3
245 5
273 4
245 3
247 4
247 4
247 1
247 0
243 2
242 2
242 4
242 0
242 2
243 4
243 1
243 3
246 1
246 3
246 2
246 2
245 2
245 1
245 1
245 0
244 2
243 1
244 4
243 4
243 2
243 0
243 5
313 5
414 2
412 5
533 3
399 4
270 1
270 3
261 3
257 0
249 3
248 2
247 1
248 5
326 0
326 0
326 2
324 0
324 3
289 0
287 3
282 5
428 5
602 0
602 5
775 3
678 4
270 3
262 2
260 1
261 4
254 2
253 4
253 0
245 3
244 0
244 3
244 4
244 4
243 2
242 4
242 3
247 2
245 3
247 3
245 4
245 3
247 4
247 2
247 4
247 2
245 3
246 3
246 2
246 4
246 2
246 3
248 2
247 2
247 0
244 5
320 5
430 1
430 4
253 4
251 1
251 3
254 3
248 0
244 1
244 2
243 5
312 2
312 1
312 2
310 3
280 4
248 3
242 3
244 1
244 4
243 3
242 3
244 2
243 2
242 1
242 5
267 1
267 4
244 5
272 3
262 3
259 5
322 5
445 5
582 1
580 4
262 2
261 0
251 0
251 2
250 2
250 0
250 2
250 4
245 2
244 4
244 2
244 2
245 5
275 2
275 3
252 2
251 3
251 0
250 4
240 2
240 4
239 5
277 4
244 3
244 0
240 1
240 3
239 5
322 2
320 3
278 0
275 2
274 3
271 3
268 4
244 4
242 0
242 3
242 1
243 0
243 5
350 2
347 2
345 5
486 2
481 4
258 0
248 1
248 0
248 4
240 2
240 3
241 4
241 2
240 1
240 1
240 0
238 0
238 4
238 3
239 0
238 4
238 0
238 4
238 0
238 2
238 3
240 4
240 3
240 0
240 4
239 3
241 3
241 0
241 2
240 1
240 0
240 0
240 2
239 4
238 2
238 4
238 4
238 4
238 5
274 2
274 3
260 2
259 0
257 0
257 2
256 2
255 1
255 5
370 1
369 1
369 5
516 2
511 2
506 1
506 1
505 0
505 3
408 5
594 4
272 0
259 0
259 1
259 4
243 5
276 3
264 5
370 1
370 4
252 1
252 1
252 2
251 4
247 2
246 1
246 3
246 3
248 4
248 1
248 3
247 2
247 2
247 4
247 0
242 2
241 0
241 0
241 5
315 4
249 4
248 3
248 1
248 4
247 5
270 3
263 0
256 5
361 5
501 2
497 3
402 2
399 0
398 3
369 1
369 4
257 2
254 5
287 3
270 5
367 0
367 3
326 2
324 3
310 0
310 1
310 4
250 3
248 5
309 1
307 4
247 2
246 5
281 0
281 1
281 4
244 1
244 4
241 0
239 5
332 2
332 5
456 3
377 2
375 3
336 3
320 4
250 4
246 5
273 0
273 0
273 1
273 2
271 5
388 3
322 0
322 1
322 3
307 5
485 1
485 2
481 2
477 2
474 4
262 2
260 0
256 2
254 1
254 4
245 1
245 0
245 4
242 4
240 4
240 4
240 2
239 0
239 3
239 2
238 4
237 4
237 4
237 2
236 5
276 4
241 4
241 3
244 5
276 3
260 3
259 3
258 3
257 0
255 4
239 5
288 3
266 1
266 5
366 2
363 4
250 4
244 3
247 2
246 2
245 2
243 0
239 5
318 2
317 2
314 3
277 3
268 3
262 5
361 3
323 3
312 0
311 0
311 1
311 2
309 2
307 5
498 2
494 2
491 4
270 5
284 5
378 3
324 0
324 2
322 3
311 4
258 1
258 5
289 5
404 4
260 3
253 0
248 5
333 2
331 4
248 4
247 4
247 3
247 0
245 0
245 4
242 5
273 4
244 2
244 0
240 2
240 1
240 4
240 5
282 2
282 5
373 3
309 3
287 3
280 5
387 4
256 3
255 4
252 5
278 3
267 2
266 2
265 0
263 3
261 5
371 3
328 4
257 1
257 4
252 3
254 2
253 0
247 2
246 3
246 4
239 3
244 5
274 4
247 4
245 4
245 0
240 4
240 3
242 4
242 4
242 4
242 2
241 3
240 4
240 5
269 1
269 3
256 3
256 3
256 1
256 0
255 2
254 0
254 2
253 4
243 0
242 3
242 3
242 3
242 3
242 1
242 5
318 4
248 5
275 5
351 4
246 0
241 1
241 3
241 5
308 5
417 3
338 1
338 4
258 5
280 4
243 0
237 0
237 3
239 3
237 3
239 4
236 2
236 4
236 4
236 3
238 2
237 0
236 1
236 4
235 4
235 3
238 3
239 5
272 2
270 4
237 3
241 2
240 5
269 2
268 4
238 4
238 0
237 1
237 2
237 4
236 4
236 1
236 3
237 3
236 0
236 4
235 3
242 5
273 3
262 4
241 5
268 1
268 3
259 4
241 4
241 2
240 0
239 2
239 4
237 2
237 0
237 0
237 1
237 2
237 0
237 4
237 0
237 1
237 3
238 4
238 2
237 0
237 0
237 5
311 3
280 0
278 2
277 4
244 4
240 1
240 2
239 3
242 3
239 0
238 0
238 4
236 3
242 5
279 0
279 0
279 1
279 2
277 2
275 2
273 4
241 4
240 4
240 4
240 5
266 2
266 5
352 2
352 0
352 1
350 0
350 2
347 3
298 5
407 5
571 3
482 4
266 4
258 5
272 4
250 1
250 2
250 0
245 4
244 3
246 3
248 3
246 5
272 4
247 2
247 0
244 3
244 0
243 2
243 0
243 3
243 5
319 5
432 1
431 5
558 4
263 2
262 4
261 2
260 3
261 4
259 4
259 5
269 3
264 4
251 1
251 3
253 0
249 2
248 4
246 4
246 3
253 5
269 4
247 0
246 3
246 0
246 5
315 2
314 5
416 4
253 0
244 1
244 3
245 0
245 5
321 0
321 1
320 4
255 4
255 2
254 4
254 4
254 4
254 0
246 5
325 0
325 0
325 2
325 4
254 2
253 5
279 0
277 2
277 4
247 3
248 4
248 4
248 5
271 4
247 4
247 2
247 3
249 3
245 1
245 2
245 2
245 5
271 3
262 3
257 2
256 2
255 5
310 2
308 3
281 3
272 2
271 3
267 5
364 1
364 1
363 4
258 3
255 3
253 2
251 1
251 4
247 2
246 3
248 2
248 4
248 0
246 5
317 0
317 4
251 5
268 5
346 2
345 1
345 2
344 4
249 4
248 3
251 2
250 0
246 3
248 2
247 4
243 3
247 4
247 5
270 3
258 2
257 1
257 3
255 0
251 0
251 5
351 3
309 3
301 2
300 2
299 5
436 0
436 1
436 0
436 2
433 2
430 4
259 3
249 3
248 4
247 4
247 1
247 3
249 2
247 5
278 2
276 0
275 5
368 0
368 3
311 4
252 3
248 3
248 4
245 1
245 2
244 1
244 0
242 0
242 2
241 3
242 2
241 1
241 4
241 2
240 3
242 3
244 5
275 3
264 3
259 2
258 3
256 3
255 3
255 0
255 0
255 4
244 3
242 3
241 2
241 3
243 0
241 2
240 4
240 0
240 2
240 5
327 4
249 4
248 3
248 4
248 1
248 2
247 2
245 5
271 2
271 5
353 0
353 3
298 5
397 0
397 2
394 0
394 3
348 4
257 3
254 2
253 3
253 5
277 5
372 0
372 1
372 2
369 0
369 4
257 0
249 0
248 4
243 1
243 3
249 3
241 3
244 3
244 2
242 3
244 3
244 3
244 3
245 3
247 2
246 0
244 2
242 5
315 2
313 0
313 0
313 5
424 4
252 2
251 3
247 3
245 4
244 0
239 0
239 1
239 0
239 5
304 0
304 2
304 5
403 3
325 3
290 4
251 4
247 4
247 2
246 4
246 3
245 3
242 2
240 1
240 4
240 0
237 4
236 2
236 3
240 1
240 2
238 1
238 2
236 4
236 2
236 3
240 3
237 4
237 2
237 2
237 4
237 4
237 0
235 5
315 2
315 4
239 1
239 3
243 2
241 4
241 1
241 2
241 0
237 4
235 0
235 0
235 0
235 3
236 2
236 1
236 2
236 0
236 2
235 0
235 5
311 3
277 2
276 2
275 1
275 5
371 4
254 5
285 2
283 4
242 4
242 3
245 5
277 3
259 4
242 3
244 2
243 5
274 2
272 5
356 3
299 4
252 0
248 1
248 2
247 4
241 5
273 1
273 2
273 3
256 2
255 3
253 0
251 4
241 3
245 2
244 0
242 5
348 3
299 2
297 0
296 1
296 5
460 3
397 4
260 4
250 5
279 4
249 0
244 0
244 0
244 3
245 5
335 0
335 4
247 0
244 0
244 3
246 4
239 5
280 3
263 3
260 3
258 0
258 3
257 0
257 4
242 0
242 5
351 4
250 4
246 5
274 0
271 0
271 3
257 0
256 0
256 2
255 2
254 1
254 4
243 2
242 2
241 2
240 5
279 5
384 3
318 2
316 0
314 2
313 3
301 0
300 4
252 4
244 5
291 3
269 4
242 3
241 0
238 1
238 2
237 4
236 0
236 0
236 3
237 5
322 2
321 2
321 3
284 2
283 4
244 4
244 4
244 5
277 2
275 0
274 2
273 4
243 4
242 3
245 4
244 0
240 0
240 0
240 4
236 3
240 2
238 1
238 4
238 3
239 3
241 2
240 0
237 5
308 5
425 0
425 4
252 4
250 5
264 5
326 3
278 3
266 4
244 1
244 5
280 5
384 1
382 3
316 2
314 0
313 4
252 3
250 3
243 3
246 3
248 2
247 0
244 0
244 3
243 0
243 4
236 2
235 2
235 5
285 2
285 3
262 0
261 0
261 2
260 3
257 4
245 4
238 0
238 1
238 0
238 4
236 0
236 4
236 4
236 3
240 2
238 4
238 3
240 3
238 3
240 4
240 3
239 3
238 2
236 3
237 3
238 0
237 1
237 1
237 3
239 2
239 0
239 2
238 4
236 3
240 2
238 4
238 3
238 3
240 4
240 4
240 2
238 0
237 0
237 2
236 2
236 5
329 5
460 2
458 4
255 1
255 0
242 0
242 3
243 0
243 3
242 1
242 4
238 3
243 0
242 3
243 0
243 1
243 3
243 2
243 1
243 1
243 3
243 0
243 2
242 1
242 4
238 5
273 0
273 4
240 0
236 4
236 2
235 4
235 3
242 4
241 5
279 0
278 3
261 4
241 3
238 3
238 4
237 2
236 0
235 4
234 4
234 0
234 2
234 4
234 1
234 2
234 0
234 3
235 3
234 2
234 5
309 0
309 5
425 2
424 0
424 3
336 0
335 5
504 0
504 3
440 5
653 2
648 0
648 3
587 3
558 4
271 5
295 5
403 4
259 2
258 4
251 4
251 1
251 1
251 5
271 2
271 2
271 5
340 2
340 0
340 2
340 3
290 5
383 0
383 3
338 5
494 0
494 3
434 3
412 4
257 5
293 0
291 0
291 1
291 3
278 4
246 5
282 1
281 2
280 4
245 4
244 3
245 5
271 0
269 4
241 3
242 2
241 2
239 4
238 3
238 5
266 4
239 1
239 5
267 2
267 0
265 2
265 4
240 3
241 2
240 4
239 5
270 0
270 0
270 5
365 2
361 0
361 2
358 4
253 4
252 1
252 4
252 0
245 3
245 3
245 2
243 5
304 4
242 2
241 3
249 4
248 0
242 3
242 1
242 4
237 2
237 3
241 5
270 2
268 2
266 5
341 2
338 1
337 3
297 3
280 2
279 5
365 4
249 0
245 4
238 2
238 4
238 0
238 3
238 2
237 3
237 4
237 4
237 3
241 0
239 4
237 4
237 5
269 3
253 1
253 1
253 5
329 3
294 3
288 -1
423 4
423 4
423 4
423 2
422 4
422 3
341 5
323 0
295 1
296 1
298 0
296 0
296 4
265 4
265 4
265 2
261 4
261 1
264 5
278 2
277 4
262 4
262 0
260 1
261 4
259 0
259 0
259 4
258 3
260 3
253 4
253 3
256 4
256 1
258 4
258 1
258 3
257 0
256 4
252 5
275 2
275 5
340 0
340 4
256 2
256 2
257 2
258 5
286 0
286 3
264 0
261 2
261 0
261 2
261 1
262 1
262 1
263 5
343 3
299 5
408 4
268 4
264 4
264 3
258 2
256 3
255 5
276 2
274 3
262 2
261 2
260 5
326 3
297 5
419 0
419 3
364 4
260 4
256 0
252 3
251 1
252 3
250 1
250 2
249 4
243 3
243 1
245 0
243 4
240 4
240 3
243 5
283 5
386 3
327 5
453 5
627 5
801 5
983 1
982 5
1164 5
1349 0
1349 4
287 4
279 0
266 4
257 2
256 0
253 0
253 0
253 5
311 5
394 2
396 3
322 4
269 0
259 5
346 2
344 4
259 5
272 0
270 0
270 5
361 0
361 1
361 4
249 3
248 2
247 5
277 4
243 4
243 2
243 4
243 2
243 1
243 5
275 4
243 4
243 3
245 2
245 3
245 0
242 2
241 0
241 5
309 2
310 4
247 0
242 4
239 4
239 1
242 5
271 3
257 3
257 0
253 0
253 3
250 1
251 4
240 1
243 2
240 3
241 0
241 2
240 5
338 2
336 3
297 0
297 1
299 2
297 3
288 0
288 2
287 4
251 4
246 5
288 3
272 3
268 4
243 4
243 1
245 1
247 3
246 0
244 1
247 2
244 2
243 3
243 5
332 3
298 0
298 4
247 1
247 2
246 3
246 4
243 4
242 0
237 4
235 5
277 4
239 0
237 5
327 2
327 2
327 4
245 0
239 1
239 3
239 1
241 2
239 2
238 2
238 3
238 5
315 0
315 5
432 2
430 2
425 5
556 5
696 2
689 4
272 4
269 2
265 3
259 2
259 4
258 3
258 3
257 3
253 5
264 1
264 3
254 5
306 4
247 3
248 4
247 2
245 1
245 2
244 0
241 4
241 3
243 1
246 3
243 2
243 1
243 4
243 2
242 3
241 0
241 1
242 3
243 5
300 3
273 4
246 0
244 0
244 4
242 0
242 2
243 2
243 4
242 2
242 1
242 0
242 3
244 1
247 5
312 4
247 3
250 0
245 3
245 2
244 5
308 3
280 1
280 0
278 2
276 4
246 3
242 1
244 2
242 3
243 0
243 2
242 2
243 0
243 1
243 1
243 2
244 4
242 0
242 4
242 1
245 4
244 3
245 4
244 5
275 3
263 4
244 2
243 3
244 5
274 3
258 3
255 3
253 0
253 2
252 3
252 0
252 3
252 4
241 1
241 4
240 2
239 2
239 3
241 1
241 3
242 4
242 1
245 4
244 3
239 4
238 3
240 0
238 4
236 4
236 2
236 2
236 0
236 0
236 2
237 4
236 2
237 5
279 4
244 4
243 2
244 0
240 1
241 2
240 2
241 3
239 1
240 4
238 0
237 4
236 3
237 1
239 5
277 0
277 2
275 3
260 3
256 2
255 3
255 4
241 4
239 4
239 3
240 5
277 0
277 2
276 0
276 4
246 3
244 0
241 2
241 2
241 0
241 4
240 1
240 0
238 1
238 2
238 1
238 3
238 5
306 3
273 0
269 2
268 3
262 3
261 4
243 5
294 1
294 5
425 2
422 4
257 4
252 4
252 1
252 5
264 5
339 3
300 4
255 5
280 2
278 3
266 2
265 2
264 3
262 0
261 5
380 1
379 3
334 4
257 4
253 4
253 5
278 0
276 5
375 3
325 4
251 3
243 2
242 2
241 3
242 3
242 5
277 0
277 0
277 3
260 0
259 0
259 0
259 4
243 0
242 4
242 5
281 2
279 5
385 2
382 4
263 1
263 1
263 0
258 4
249 5
282 2
282 4
248 1
250 2
250 1
252 2
250 2
250 3
248 5
281 4
244 4
244 2
244 3
248 1
248 4
248 3
246 3
246 5
275 1
275 3
260 2
259 0
258 5
361 5
497 0
497 2
493 3
398 4
259 5
287 3
273 0
270 1
271 3
267 2
266 0
266 4
245 1
245 2
244 3
242 4
240 3
242 2
241 5
278 3
269 3
263 2
262 2
261 5
360 0
360 3
318 1
318 2
316 1
316 0
316 3
313 3
309 3
307 4
250 2
249 2
248 1
250 4
242 3
243 4
241 5
289 4
242 3
243 2
243 3
244 4
244 4
244 5
286 5
392 4
251 3
253 3
250 3
251 4
249 0
243 3
241 0
241 1
241 4
237 4
236 1
238 2
236 4
236 4
236 0
235 3
236 4
235 5
273 3
260 0
259 4
246 1
246 2
245 2
244 4
241 3
245 0
243 4
241 4
241 2
241 2
240 0
239 3
239 4
239 2
239 0
239 3
240 0
240 4
238 4
238 1
238 4
238 2
237 4
237 0
237 4
237 4
237 3
241 3
240 3
242 3
240 4
240 1
240 3
239 3
242 4
241 3
240 4
240 4
240 2
237 0
236 2
235 2
235 1
236 2
235 0
235 3
235 4
235 2
235 2
235 1
235 3
240 2
238 3
238 0
237 4
235 3
238 2
237 5
267 5
346 4
246 4
244 1
244 5
263 4
244 0
239 3
240 3
239 3
241 5
295 5
393 4
247 0
239 1
239 2
240 5
300 2
300 3
275 1
275 4
249 4
246 1
246 2
245 2
244 5
265 0
264 4
240 2
241 5
269 0
269 2
269 0
269 2
269 3
251 1
253 1
253 5
315 4
244 3
242 2
242 3
243 4
242 0
238 1
239 3
239 0
239 2
239 3
239 1
239 2
238 5
325 0
325 0
325 2
323 2
323 2
323 0
323 1
323 3
286 4
242 5
274 3
258 5
340 3
304 3
288 3
286 2
285 2
284 2
283 0
283 1
283 3
281 2
280 2
279 5
427 2
423 2
419 3
368 3
354 3
351 3
348 3
347 0
347 0
347 3
346 0
346 3
346 3
346 3
346 4
246 0
246 3
245 4
240 1
240 2
240 3
242 0
240 5
353 2
351 3
305 5
454 1
454 4
257 4
250 5
284 2
282 4
248 3
246 2
246 4
246 4
246 0
243 0
243 4
240 5
272 0
272 4
244 2
244 4
244 4
244 3
249 2
248 0
242 0
242 5
321 4
245 1
245 4
245 3
248 0
243 2
242 0
242 3
241 4
238 5
273 0
273 4
240 0
238 5
308 4
242 0
239 3
241 0
241 3
240 5
321 2
321 3
285 2
283 4
244 0
241 3
243 0
243 4
238 1
241 4
238 0
238 3
240 4
240 3
243 4
243 4
243 3
239 5
269 4
242 5
270 4
241 2
242 4
241 3
245 3
244 4
244 2
242 2
242 3
246 2
244 0
240 2
239 4
237 4
237 3
239 4
239 0
238 3
240 4
238 2
237 0
237 2
237 2
237 3
237 0
237 3
239 0
239 4
237 4
237 1
237 0
237 4
237 4
237 1
237 3
240 3
238 5
274 2
274 5
359 3
300 1
300 3
283 5
385 0
385 4
259 3
252 1
252 4
249 0
243 2
243 4
241 0
240 5
330 1
329 4
248 0
245 1
245 3
245 4
240 4
240 2
239 4
239 4
239 0
238 3
238 4
236 2
236 2
237 0
237 4
237 0
237 1
237 1
237 3
238 4
238 4
238 2
237 4
237 1
237 5
271 4
242 4
241 4
241 0
236 4
235 5
271 5
358 1
357 3
299 0
299 3
286 2
285 1
285 2
284 4
251 3
251 4
250 2
250 3
247 1
247 1
247 4
247 0
246 4
244 2
243 2
243 1
243 5
277 4
248 4
245 2
244 1
244 4
244 2
244 4
244 1
244 2
244 3
246 5
272 2
270 2
270 2
271 5
350 3
297 5
403 4
251 4
250 4
250 5
269 2
267 4
246 3
250 3
247 0
242 3
243 0
243 4
239 1
239 4
238 0
237 3
238 4
237 2
236 4
236 1
236 3
242 0
240 3
241 2
240 4
235 1
235 3
240 2
239 5
279 2
277 3
259 5
335 4
247 1
247 4
245 4
245 0
242 2
242 1
242 3
241 0
240 1
240 3
240 4
237 0
237 3
237 4
236 0
236 2
237 4
236 5
271 2
271 5
361 3
299 0
298 3
288 3
284 0
283 3
283 4
249 0
247 3
247 5
371 4
256 1
256 4
251 0
243 2
243 5
339 5
471 2
469 3
374 4
269 2
267 0
258 0
258 3
258 0
258 4
245 2
244 2
244 3
245 1
245 4
242 5
273 4
243 5
272 0
271 4
238 2
237 2
236 4
236 2
236 4
236 2
237 4
237 5
273 0
273 5
372 4
247 5
271 4
240 4
240 1
240 4
240 4
240 3
240 0
238 3
238 3
238 4
236 0
236 1
236 3
236 3
237 1
237 3
237 4
235 4
235 2
235 0
235 4
234 4
234 2
234 4
234 4
234 4
234 4
234 0
234 4
234 5
271 4
236 4
236 4
236 0
234 5
307 4
238 5
276 2
276 2
276 4
238 5
276 4
239 4
239 3
242 5
275 5
364 4
253 1
253 4
251 3
247 2
247 0
242 4
242 4
242 5
264 2
264 2
264 1
263 1
263 4
245 3
249 3
248 2
247 3
248 1
248 5
265 4
243 4
243 2
243 3
249 4
249 5
267 3
257 4
240 5
265 2
265 3
256 4
239 5
262 3
251 3
248 5
307 1
306 0
306 3
280 2
279 0
279 0
279 2
277 1
277 5
408 4
259 2
257 5
277 5
361 0
361 2
358 1
358 1
358 5
481 2
477 4
268 2
267 5
278 3
260 0
257 3
253 0
253 0
253 4
242 2
241 3
244 2
243 3
241 2
240 4
238 0
238 5
319 4
242 5
272 4
240 2
240 1
240 3
243 4
242 4
242 1
242 0
237 0
237 2
236 3
238 0
238 3
238 4
234 3
239 0
236 3
237 1
237 4
235 5
268 4
239 5
265 1
265 5
336 3
282 3
266 2
265 3
261 1
261 5
348 0
348 4
247 5
274 3
258 3
257 3
258 4
242 3
242 4
240 3
240 0
239 2
239 0
239 4
236 4
235 1
235 3
239 3
239 5
280 0
279 5
379 2
376 4
251 5
266 0
265 0
265 3
257 1
257 3
253 4
241 4
239 4
239 5
272 3
255 0
255 3
251 2
250 4
240 4
238 1
238 1
238 1
238 3
240 2
240 0
238 4
238 4
238 5
280 5
389 4
251 0
245 1
245 3
244 2
243 0
241 3
240 4
236 4
236 4
236 5
271 2
269 0
269 2
269 5
375 0
375 0
375 1
374 0
374 0
374 4
249 5
269 4
242 3
243 3
244 3
244 2
243 3
244 1
244 4
244 0
240 2
238 3
238 5
309 2
307 2
307 0
307 4
241 0
238 5
312 2
312 2
312 5
420 3
329 3
298 1
298 4
259 4
252 4
252 3
248 2
246 3
246 0
243 1
243 0
243 3
243 3
243 5
320 1
320 4
248 5
269 0
268 1
268 4
241 2
240 2
239 0
237 2
237 5
315 1
314 2
313 5
423 0
423 2
419 4
253 1
253 5
277 0
277 0
277 1
277 5
363 4
250 3
253 3
249 5
270 3
255 3
253 3
251 5
315 3
281 5
394 2
391 5
556 0
556 2
551 1
550 1
548 4
263 4
258 3
258 3
256 3
252 3
255 0
249 3
249 5
320 3
284 0
284 4
256 4
245 0
243 2
242 3
242 0
242 0
242 0
242 5
336 5
464 4
255 3
257 3
255 4
255 3
256 2
254 3
257 0
247 0
246 5
321 0
321 0
321 3
279 4
254 4
252 1
252 4
252 3
247 0
244 2
244 0
244 1
244 1
244 0
244 1
244 5
322 1
322 2
320 2
319 4
250 4
247 4
247 4
247 4
247 5
272 0
270 4
245 0
241 3
241 4
241 5
271 1
271 2
271 3
256 3
252 2
251 5
315 2
312 1
312 5
432 2
428 5
559 2
555 3
445 2
442 5
575 0
575 2
571 0
571 3
490 0
490 4
272 2
271 4
262 2
258 2
257 1
257 0
251 2
250 3
246 2
245 5
329 3
286 3
279 2
278 3
272 4
240 0
238 0
238 0
238 3
239 1
239 4
235 5
281 3
263 4
244 2
243 5
277 1
277 3
262 3
256 2
255 3
255 2
254 4
242 4
241 0
241 0
240 4
238 0
238 0
238 5
328 3
288 2
286 4
249 1
249 1
249 3
245 1
245 2
244 4
243 2
242 5
276 5
369 2
369 2
368 2
367 0
367 3
301 2
300 3
287 1
287 2
286 0
285 3
282 4
250 3
249 1
249 4
245 3
242 4
242 0
239 2
239 0
239 4
238 3
243 1
243 1
243 2
242 2
241 0
239 2
239 2
239 0
239 2
239 1
239 3
240 4
239 5
290 4
248 3
246 5
284 3
265 4
243 3
244 3
240 5
277 1
277 3
259 2
258 2
256 1
256 2
255 2
254 4
240 5
273 0
273 3
259 2
258 4
238 3
241 0
238 4
235 3
239 5
277 2
275 1
275 0
275 0
275 2
273 4
241 2
241 1
241 1
241 5
268 4
238 0
237 5
324 0
324 5
445 0
445 2
443 3
353 3
320 5
444 2
441 3
395 1
395 3
381 3
374 2
372 2
370 2
369 1
369 5
606 1
606 2
602 4
266 3
254 2
253 3
250 0
246 0
246 4
240 0
240 5
321 3
294 3
280 0
280 5
425 3
372 4
249 4
248 2
247 4
247 2
246 2
245 3
243 0
241 4
238 0
238 4
238 5
276 3
257 4
240 4
239 1
239 1
239 0
238 0
238 4
237 3
239 0
238 1
238 3
237 3
237 0
237 0
237 3
237 2
237 2
236 4
236 2
236 4
236 1
236 3
240 1
240 0
238 4
236 5
285 0
285 4
244 2
243 0
238 0
238 1
238 3
237 3
237 5
330 0
330 3
293 2
292 3
280 3
277 4
247 2
246 3
245 3
244 3
245 3
244 0
243 2
243 3
243 2
242 2
242 2
242 5
348 3
301 2
300 0
300 0
300 4
250 3
245 2
244 4
240 3
242 0
240 4
239 0
239 4
239 1
239 4
239 4
239 0
239 0
239 3
238 3
238 3
238 1
238 4
238 4
238 3
240 4
239 2
238 2
238 3
239 4
238 4
238 5
281 5
393 3
327 3
309 4
248 3
248 0
247 2
247 3
247 1
247 3
245 4
237 5
283 3
263 1
263 3
257 0
256 2
255 3
255 3
254 2
253 5
375 1
374 0
374 3
330 0
330 2
328 4
255 3
252 3
245 2
245 3
248 5
297 3
272 3
270 0
269 4
241 5
280 0
280 2
278 0
278 3
264 4
242 3
244 4
241 2
239 1
239 2
238 4
238 0
236 2
236 4
236 2
236 4
236 4
236 0
236 1
236 0
236 1
236 4
235 2
235 4
235 2
235 3
237 4
237 5
275 0
275 2
273 0
273 2
273 1
273 3
259 2
258 5
355 4
251 4
248 4
248 3
251 1
251 4
250 2
249 1
249 0
242 3
241 3
241 0
241 4
236 3
241 0
239 5
313 0
313 2
313 0
313 4
243 2
243 3
244 3
245 1
245 0
237 0
237 1
237 0
237 3
238 3
238 0
238 4
236 4
236 5
269 2
269 3
253 1
253 1
253 2
252 4
243 5
266 3
253 3
251 4
239 4
238 3
239 2
239 0
236 5
310 2
310 4
243 0
237 4
237 3
240 4
240 4
240 2
240 4
240 4
240 4
240 0
239 3
239 3
239 4
237 3
241 3
240 2
240 0
238 2
238 1
238 3
239 0
239 1
239 2
238 5
324 4
246 0
241 1
241 3
241 3
240 2
240 3
239 2
239 0
239 0
239 5
325 4
248 0
242 4
239 2
239 1
239 4
239 3
244 3
243 1
243 3
242 0
240 1
240 4
238 0
238 0
238 5
330 2
329 0
329 5
447 4
249 1
249 5
267 0
267 3
256 0
256 4
247 0
245 5
340 1
340 4
245 3
243 0
238 2
238 1
238 2
238 2
238 2
238 0
238 1
238 3
238 2
238 0
238 2
238 4
237 4
237 2
237 5
275 4
240 4
240 2
240 4
240 3
245 3
246 2
245 3
246 0
241 0
241 0
241 4
237 4
237 4
237 3
243 2
241 0
240 0
240 4
237 3
240 1
240 3
239 3
238 3
240 3
239 5
274 5
361 5
487 0
487 3
379 5
499 4
269 3
258 1
258 2
256 1
256 0
253 5
337 1
336 4
251 1
251 1
251 4
248 2
247 0
244 3
245 4
243 3
245 5
274 2
272 4
246 3
249 2
249 3
252 3
246 4
246 1
246 3
249 4
249 5
270 5
338 4
248 3
251 3
247 4
247 1
247 3
252 0
249 4
244 0
244 5
311 4
246 4
246 1
246 3
247 3
249 2
249 0
245 4
244 2
244 4
244 3
247 3
245 1
245 3
247 0
247 3
247 4
243 4
243 4
243 0
243 5
314 0
314 0
314 2
314 4
246 5
271 1
271 3
257 0
251 4
246 3
243 4
241 4
241 1
241 2
241 2
241 2
241 4
241 1
241 1
241 3
242 4
242 4
242 2
242 0
241 3
240 4
239 2
239 4
239 4
239 4
239 1
239 4
239 4
239 3
241 1
241 2
241 4
241 1
241 5
275 1
275 0
274 0
274 1
274 3
258 3
256 0
256 4
249 2
248 3
243 2
242 4
239 5
271 3
256 3
255 1
255 4
242 3
242 0
239 2
239 2
238 5
324 2
324 5
435 3
346 4
253 5
277 4
245 2
244 4
244 3
245 1
245 3
243 3
243 4
241 0
237 4
235 5
270 4
238 0
236 -1
423 1
423 2
422 1
422 4
422 0
365 4
282 2
280 4
277 1
279 4
278 2
276 3
262 2
259 2
258 5
276 4
254 4
254 2
254 5
265 4
254 3
259 3
257 3
257 3
255 5
267 1
268 3
262 1
263 3
258 2
257 0
253 1
254 0
254 4
250 2
249 0
248 5
326 3
289 0
286 5
432 4
260 1
262 5
271 3
261 5
333 5
466 4
257 5
270 5
345 0
345 1
345 1
345 5
466 5
607 2
601 2
596 3
450 0
448 5
619 1
619 1
619 5
808 0
808 0
808 2
797 3
695 2
689 2
684 2
679 5
927 2
918 5
1180 5
1450 1
1450 2
1442 4
287 2
283 5
281 3
267 4
247 3
245 5
276 3
262 0
261 2
260 3
258 3
256 3
255 5
348 3
308 3
295 0
294 2
293 3
291 2
290 3
290 1
293 4
248 1
253 5
286 5
398 4
254 3
255 4
250 5
264 5
321 2
318 0
318 5
418 1
416 3
338 5
436 5
599 5
780 1
780 4
267 3
258 5
283 4
248 4
246 2
246 3
253 3
247 2
247 2
247 5
268 5
332 0
332 2
329 4
246 2
246 3
248 5
268 5
340 2
337 2
334 1
336 3
289 2
288 5
371 5
513 4
259 3
255 4
252 3
254 3
252 5
275 3
263 2
262 1
263 3
262 3
258 2
257 2
256 5
311 2
309 0
308 3
276 3
269 5
386 4
255 4
245 4
245 5
272 0
271 0
271 0
271 5
368 3
307 4
250 2
249 5
276 2
276 0
274 3
260 5
340 2
338 2
336 2
333 1
333 4
247 3
248 3
244 0
242 4
240 2
239 0
237 2
238 3
238 5
320 4
242 5
280 0
279 3
263 2
262 1
264 3
260 4
239 1
240 2
239 2
238 5
272 1
273 3
261 0
261 5
377 3
328 1
328 0
328 5
515 2
511 3
450 3
429 1
429 0
429 3
425 3
422 2
420 1
421 3
418 3
418 1
418 4
255 0
254 2
253 5
363 2
361 5
514 2
511 3
411 3
371 0
370 2
367 3
354 5
574 0
574 3
520 1
520 4
254 4
253 2
252 4
252 3
248 0
246 3
246 3
246 0
246 3
246 0
246 3
246 5
346 2
344 0
344 4
247 4
246 1
246 5
279 5
374 0
374 0
374 2
371 0
371 1
370 5
506 5
644 3
509 4
272 2
271 3
261 4
256 3
255 0
243 3
244 1
244 3
244 3
244 1
245 5
309 3
277 5
386 4
253 3
244 5
270 0
270 4
241 2
242 0
240 2
241 1
245 4
243 4
243 4
243 3
245 3
242 5
270 1
270 4
240 0
239 2
240 3
242 2
241 2
240 4
239 5
264 3
254 5
326 2
325 2
324 0
324 4
241 3
238 0
237 5
309 0
309 3
281 0
281 2
279 0
279 2
278 1
278 3
274 3
271 2
270 4
246 5
282 4
247 2
246 2
245 3
247 3
245 4
244 1
247 2
246 4
246 1
248 4
247 0
243 4
240 3
242 4
242 2
241 4
241 5
265 1
264 2
262 2
260 3
249 4
243 0
242 4
240 5
262 2
262 4
245 5
265 2
265 5
346 4
249 0
245 2
245 1
247 3
242 3
241 2
240 4
238 3
240 2
240 0
240 5
315 3
280 5
385 4
253 2
252 3
244 2
243 0
239 1
240 2
239 3
239 3
239 3
239 2
238 3
238 2
237 3
237 4
236 0
236 1
239 2
238 4
237 4
237 1
239 3
242 2
240 5
273 0
272 3
258 1
258 4
242 0
241 4
239 5
277 2
277 0
277 4
242 0
236 0
236 4
236 4
236 2
237 4
237 0
236 0
236 3
236 5
317 2
315 2
314 0
314 0
314 1
315 2
314 5
430 1
425 2
422 2
419 1
418 3
327 5
443 3
383 1
383 0
382 2
380 4
259 2
258 4
252 4
252 2
251 5
289 4
248 4
245 1
247 5
272 2
270 0
268 2
268 0
268 5
367 2
367 4
255 2
254 3
254 4
254 3
248 2
247 2
247 3
247 4
247 1
249 0
242 5
320 5
429 4
251 1
252 2
251 0
242 4
239 4
238 5
269 2
269 1
269 2
268 3
252 3
250 4
239 3
241 2
240 3
239 0
236 3
236 3
236 2
237 0
237 1
238 2
239 0
239 2
239 1
239 4
238 0
238 2
239 4
238 2
237 2
238 1
238 0
238 5
305 2
305 0
305 3
271 4
243 4
242 2
241 2
242 2
243 1
245 0
241 4
241 5
274 2
274 0
274 4
246 4
245 5
269 3
252 4
239 2
239 0
237 3
237 5
312 2
312 5
419 0
419 3
333 5
449 3
379 2
377 0
377 3
364 5
590 4
260 2
258 4
247 0
241 3
243 4
238 3
241 3
245 3
240 1
242 2
240 2
239 2
238 4
237 1
237 2
238 2
239 2
240 3
240 3
241 4
241 4
241 2
239 0
237 2
237 0
237 4
236 2
236 2
236 1
236 4
236 3
240 3
238 5
274 5
351 3
302 3
291 2
289 3
281 2
280 0
279 5
425 2
421 4
259 0
253 3
254 3
253 4
243 3
247 2
246 3
242 4
240 2
240 2
241 4
241 2
242 2
242 1
242 4
242 0
241 5
319 0
319 3
279 4
247 3
245 4
244 2
243 5
277 3
262 3
256 5
332 4
247 4
243 2
242 3
246 3
242 5
276 0
274 2
274 4
241 2
240 4
239 2
239 4
239 2
240 4
240 2
240 0
239 3
239 2
238 3
240 4
240 2
239 2
239 3
241 2
239 4
239 2
239 0
237 0
237 0
237 5
310 3
275 5
363 3
321 4
244 1
244 2
243 5
284 3
269 1
270 3
261 1
261 4
242 4
241 2
240 2
239 3
241 3
240 3
241 2
241 3
239 4
239 4
239 5
281 3
259 5
352 2
350 0
350 4
253 5
278 1
278 2
276 3
263 4
248 2
248 5
277 2
275 4
244 0
241 5
322 4
245 2
245 4
245 4
245 2
245 5
274 2
274 4
244 5
274 3
258 4
247 2
246 4
246 4
246 3
246 2
244 0
243 1
243 1
243 0
243 4
241 3
244 1
244 4
244 2
243 5
269 4
245 1
245 0
242 4
241 4
239 2
239 3
242 0
241 0
241 1
242 2
241 3
241 4
237 5
271 2
271 0
271 4
245 0
239 2
240 1
240 4
238 2
238 4
238 4
238 0
237 4
237 5
272 2
273 4
243 1
246 1
248 0
241 4
236 0
236 4
236 5
274 5
371 1
370 0
370 2
370 4
248 3
250 3
249 0
243 4
239 4
237 0
237 3
237 4
237 5
270 4
243 2
243 3
244 0
241 5
316 0
316 0
316 0
316 5
424 4
250 3
250 4
249 4
249 4
249 0
244 3
244 0
244 3
244 3
243 4
239 4
238 4
238 5
269 1
269 1
269 5
358 2
356 1
356 4
245 4
245 4
245 2
245 2
245 2
245 0
241 4
239 5
277 4
242 2
242 2
243 1
243 2
244 1
244 3
245 2
245 5
275 3
263 2
262 2
261 4
245 5
269 2
269 4
246 4
246 4
246 4
246 0
239 1
240 4
239 2
239 2
239 3
239 5
269 2
267 4
242 0
238 2
238 5
314 0
314 4
242 0
238 5
314 3
285 4
242 2
241 5
272 4
243 2
243 3
247 2
245 1
245 1
245 0
240 0
240 0
240 4
237 3
242 4
242 0
241 4
236 4
236 3
241 4
241 3
237 4
237 0
236 0
236 3
236 1
236 2
236 2
235 0
235 1
236 4
235 1
235 3
240 4
240 3
245 2
244 3
244 3
243 0
239 4
235 2
235 0
235 0
235 4
235 2
235 2
235 1
235 2
235 5
267 5
344 0
344 0
344 5
451 3
348 4
248 1
248 5
276 0
272 0
272 2
270 4
240 0
238 5
305 5
410 0
410 0
410 1
410 2
408 4
249 2
248 0
243 3
242 4
238 0
236 4
236 2
236 5
271 4
243 0
237 4
237 3
240 1
240 4
239 5
271 3
259 0
257 0
257 0
257 2
256 5
355 2
352 4
253 5
271 2
269 5
356 5
480 1
480 0
480 4
256 0
249 5
316 0
316 3
278 0
278 0
278 5
408 3
350 2
348 5
524 0
524 4
263 1
263 4
255 4
255 2
253 3
251 0
245 0
245 0
245 1
245 0
245 5
331 0
331 3
290 2
289 3
280 2
279 4
247 2
246 5
291 4
248 2
247 5
282 3
266 4
248 2
247 0
244 0
244 0
244 4
242 0
242 1
242 5
326 2
325 3
281 0
279 4
247 5
288 1
288 2
286 5
404 3
336 5
487 4
264 2
263 0
257 3
257 3
255 4
244 0
242 1
242 4
242 3
245 3
245 4
244 5
280 0
280 0
280 3
267 5
367 2
364 4
258 4
255 3
256 4
255 0
249 3
249 3
248 4
243 4
242 0
242 5
319 4
246 0
241 3
242 4
241 3
241 5
272 1
272 5
356 4
245 0
242 1
242 2
242 0
242 5
320 3
286 3
272 2
271 4
250 2
249 3
244 3
245 3
244 2
243 4
239 0
239 4
238 5
276 2
276 5
373 3
318 4
261 0
256 1
256 0
256 4
243 4
242 4
242 2
242 2
242 0
242 2
242 0
242 4
240 2
241 2
242 4
242 3
248 0
245 0
245 5
327 2
324 3
279 3
272 1
273 4
245 1
245 4
242 3
241 0
241 4
237 3
240 2
239 4
239 3
238 0
238 2
238 4
237 0
237 4
237 4
237 1
237 2
237 4
237 5
277 5
372 3
313 4
250 2
249 2
249 3
245 3
244 0
242 3
243 2
243 5
322 5
449 3
366 4
257 2
256 5
270 3
258 4
245 3
243 5
272 3
260 4
248 4
246 3
247 4
246 1
246 2
245 4
245 1
245 2
244 3
247 4
246 2
245 4
245 3
243 4
243 3
244 1
244 3
247 3
245 5
270 3
257 3
255 2
254 3
252 4
240 3
241 0
237 3
237 5
319 3
275 0
274 3
270 3
268 0
268 0
268 1
268 2
266 5
424 4
257 4
251 4
251 3
249 5
287 5
384 4
255 3
252 0
245 4
239 3
243 3
245 4
244 3
246 4
246 4
246 3
245 4
245 0
240 3
240 3
241 2
240 5
322 0
322 2
320 1
319 3
283 3
272 5
391 0
391 2
388 4
251 3
250 3
250 3
250 5
285 5
388 4
251 3
255 2
253 1
255 5
280 5
352 5
467 3
376 5
503 3
437 2
434 4
264 4
256 2
255 3
250 2
249 3
249 2
248 1
248 4
248 0
246 3
246 3
246 3
246 1
246 3
246 0
246 3
246 1
246 3
245 4
242 2
241 1
241 3
243 3
241 4
241 3
243 4
243 3
243 2
243 2
242 2
242 2
242 3
243 0
243 3
243 3
243 2
242 3
242 5
326 3
292 4
251 5
283 3
269 3
266 2
265 4
246 0
244 2
244 0
244 4
240 4
240 2
240 0
240 3
240 3
240 1
240 4
240 5
286 0
286 1
286 3
269 1
269 2
268 5
372 2
369 2
366 4
249 3
251 2
250 4
250 3
246 0
240 5
326 3
290 3
276 0
276 4
252 1
252 5
294 0
294 4
249 1
249 0
245 2
245 4
240 4
240 5
279 4
243 3
246 4
246 0
241 3
241 2
240 1
240 3
240 2
239 0
239 3
239 4
238 4
238 1
238 0
238 3
238 2
238 3
238 2
238 5
320 1
319 0
319 4
244 4
243 5
280 4
243 2
243 1
243 1
243 4
243 3
246 4
246 0
242 4
240 4
240 5
272 4
245 4
245 2
244 5
270 0
268 0
268 3
257 3
255 2
254 4
239 4
238 1
238 4
238 2
237 2
237 5
268 3
253 4
240 3
242 2
241 4
241 5
273 1
272 1
272 4
243 3
245 3
244 4
242 2
241 0
237 5
312 3
274 2
273 2
272 0
268 4
246 0
246 4
238 5
271 1
271 4
241 4
240 5
271 4
240 0
235 0
235 2
235 0
235 3
235 5
315 3
278 4
246 1
246 3
242 5
279 4
243 1
243 0
239 5
333 1
332 2
328 4
244 3
242 1
242 1
242 3
243 2
242 3
243 4
241 3
241 4
241 3
239 4
239 1
239 2
239 4
239 0
236 4
236 5
271 0
271 0
271 1
271 2
269 4
241 3
244 5
265 0
264 1
264 3
252 3
251 0
248 4
244 4
238 3
240 2
238 3
241 2
239 4
238 3
239 4
239 4
239 5
262 4
239 3
243 4
243 2
241 0
237 2
237 4
236 5
269 2
269 4
239 5
269 0
268 3
254 3
251 3
251 5
327 0
327 0
327 4
247 5
278 1
278 2
277 0
276 2
275 2
273 2
273 2
273 2
273 4
242 5
271 5
355 0
355 1
353 0
352 3
300 0
300 4
252 0
248 0
248 1
248 2
247 3
246 4
240 4
235 2
235 2
235 3
238 1
238 4
237 5
271 2
269 3
257 2
256 1
256 1
256 2
255 5
335 3
295 1
295 4
251 1
251 3
250 3
249 1
249 5
286 4
245 1
245 3
247 3
244 4
242 1
242 2
241 0
237 2
237 1
237 2
237 0
237 4
237 2
237 3
240 2
238 3
238 0
237 4
236 5
270 1
270 0
270 2
270 5
367 0
367 0
367 3
296 3
282 4
244 0
242 2
241 5
332 1
332 2
332 2
332 4
245 2
244 3
244 1
244 1
244 5
275 3
261 0
259 3
257 0
257 0
257 0
257 3
257 1
257 3
257 4
242 0
242 5
350 1
349 5
492 3
402 5
574 2
570 4
271 5
281 2
279 0
279 2
277 4
255 0
252 4
248 1
248 4
245 3
247 4
247 4
247 5
271 2
269 0
269 1
269 3
257 3
254 5
340 5
472 5
615 3
479 4
265 4
261 5
267 1
267 4
249 3
249 4
247 0
240 5
312 4
248 1
248 5
275 3
255 4
243 4
242 4
242 0
239 4
238 0
238 0
238 5
311 2
311 4
245 2
244 2
244 3
247 4
246 3
244 3
245 0
240 4
234 1
234 1
234 3
238 3
238 2
238 4
238 4
238 3
240 3
237 2
237 4
237 1
237 4
237 2
236 5
268 4
238 3
240 2
240 4
240 2
240 1
240 4
240 2
240 1
240 0
238 5
299 2
297 1
297 1
297 4
241 1
241 2
241 4
241 4
241 4
241 2
241 3
246 4
246 0
241 0
241 2
240 2
238 3
239 2
238 0
238 1
238 5
309 4
242 1
242 4
242 3
245 3
243 2
242 4
241 1
241 5
261 3
252 4
240 3
246 5
266 0
264 3
257 3
254 4
239 0
239 0
239 3
240 5
306 3
274 3
265 1
265 0
264 3
264 4
244 5
282 0
281 0
281 4
243 2
242 4
240 5
268 5
362 4
246 4
246 5
260 4
244 3
245 2
244 3
247 0
242 0
242 5
318 2
316 0
316 0
316 0
316 5
431 0
431 4
254 3
244 4
243 3
246 2
245 4
245 4
245 4
245 4
245 4
245 0
241 0
241 0
241 2
241 3
241 3
241 5
315 0
315 2
315 1
315 2
315 1
315 0
315 3
275 5
366 2
364 5
511 5
672 3
549 2
544 3
478 2
474 3
448 0
448 0
448 3
435 3
426 2
424 2
421 4
263 5
299 0
299 5
437 4
263 3
255 4
251 3
251 5
262 5
340 3
292 3
277 5
394 1
394 2
392 4
255 4
250 3
248 0
245 4
243 3
245 2
244 5
277 0
277 0
277 1
277 0
277 1
277 3
263 4
244 3
245 2
244 4
242 4
242 0
241 3
241 1
241 1
241 3
241 2
240 2
239 2
239 4
235 0
235 4
235 4
235 4
235 0
235 0
235 3
235 4
235 3
239 0
237 0
237 2
236 2
235 5
313 0
313 2
312 1
312 2
311 4
241 4
240 0
237 5
314 1
314 0
314 3
275 0
275 4
245 2
244 2
243 5
278 5
371 4
245 4
245 5
267 0
265 4
237 1
237 4
237 4
237 5
271 3
253 2
252 3
252 2
251 4
242 2
241 3
242 1
242 0
238 1
238 4
237 0
236 2
236 1
236 3
236 1
236 5
319 4
239 0
236 4
235 3
237 5
273 5
363 2
360 5
478 3
378 4
267 0
254 5
342 0
342 1
342 5
465 2
461 2
457 4
252 3
251 3
248 0
245 0
245 0
245 4
241 2
241 0
240 3
241 4
240 5
278 2
278 4
245 0
240 3
242 3
242 5
301 2
299 2
297 4
242 1
242 0
239 1
239 0
239 3
239 5
310 5
413 2
409 2
407 0
407 2
406 1
405 5
532 2
527 3
401 0
399 2
397 3
363 4
256 2
255 2
254 5
281 4
250 5
275 4
249 2
249 1
249 4
249 4
249 5
271 5
344 2
344 4
252 4
252 3
250 3
244 0
239 5
315 2
314 0
314 1
314 3
274 0
274 4
249 3
248 4
244 4
244 5
273 2
273 2
272 4
243 5
270 4
243 5
268 5
347 0
347 3
293 1
293 5
406 4
254 0
247 2
247 2
247 4
241 0
241 0
241 0
241 2
241 4
241 1
241 3
242 4
241 3
240 5
268 1
268 4
240 0
239 0
239 2
239 5
310 5
415 5
538 4
265 3
262 5
287 3
267 4
250 5
271 4
248 4
247 3
251 4
250 1
250 5
263 0
261 5
342 2
339 4
248 4
248 4
248 0
241 0
241 2
241 3
242 3
241 3
242 4
239 4
239 0
239 3
240 2
239 5
315 3
281 2
280 1
280 4
244 4
243 3
244 3
242 5
273 4
241 1
241 2
241 0
240 4
239 2
239 2
239 3
243 0
241 5
322 4
242 3
242 2
242 2
242 4
241 3
244 1
244 3
243 2
242 1
242 4
242 4
242 -1
423 2
422 5
422 4
390 3
338 5
323 0
297 1
297 4
267 4
267 0
265 5
328 3
285 4
259 3
258 3
255 5
277 2
275 5
351 0
351 1
351 4
259 2
258 3
256 0
250 3
248 3
246 4
243 1
245 4
244 1
247 0
244 1
245 5
312 3
278 3
268 5
360 3
319 0
318 2
316 5
494 5
694 3
613 5
864 3
799 2
794 4
280 3
263 5
279 4
247 2
245 5
275 1
276 2
275 5
355 5
478 2
474 5
605 5
735 1
737 0
736 3
556 0
556 4
271 4
267 5
271 4
252 5
262 4
246 0
242 2
243 0
243 0
243 2
244 3
244 3
244 5
306 4
248 5
271 5
351 1
350 2
347 3
289 3
278 1
279 5
369 5
523 1
522 4
269 4
263 1
266 1
266 5
273 5
333 0
333 2
330 4
255 1
256 4
254 0
251 3
248 1
250 3
248 5
314 2
312 5
422 0
422 0
422 0
422 0
422 2
417 1
417 0
417 5
555 0
555 0
555 0
555 4
265 5
277 4
255 4
254 0
250 0
250 0
250 3
250 2
250 0
248 4
244 3
245 2
245 3
246 0
245 5
315 5
423 0
423 3
341 5
452 1
453 2
449 4
267 0
258 3
253 2
252 4
244 3
247 1
248 1
250 5
281 4
248 0
243 4
243 3
243 5
276 4
247 3
250 2
249 1
255 5
270 3
263 4
249 5
268 5
351 3
291 1
293 0
292 3
288 5
425 4
258 1
260 2
259 5
283 3
266 5
343 4
255 4
253 2
252 5
271 1
272 1
272 0
271 2
269 3
261 2
260 4
244 0
243 4
241 3
243 4
242 4
242 2
241 1
245 5
276 0
276 0
276 5
376 4
248 3
250 0
246 5
320 1
319 1
319 5
427 5
558 2
553 4
255 5
268 5
329 0
329 4
248 3
251 3
251 4
250 1
250 2
249 5
265 5
332 0
332 4
245 4
245 2
245 0
242 4
242 5
269 0
269 4
245 3
252 0
248 0
248 1
250 3
247 2
246 0
246 3
246 3
245 2
244 1
245 1
245 1
249 5
323 5
437 1
438 3
353 4
266 4
264 0
257 1
257 2
255 3
253 2
252 0
251 3
249 4
237 4
237 0
237 3
238 4
237 0
237 3
237 5
311 3
283 2
282 5
377 4
251 0
247 0
247 0
247 4
238 3
239 4
238 5
280 0
280 2
278 5
378 1
380 4
249 5
270 2
270 1
270 4
243 1
245 2
244 3
247 2
246 2
246 0
240 5
317 4
243 2
243 0
241 5
320 5
433 3
341 0
340 2
339 1
340 4
258 1
261 3
254 0
248 5
336 0
336 4
249 4
247 3
242 5
275 0
275 0
275 4
237 4
236 3
240 2
240 5
273 4
241 0
236 5
300 4
241 0
236 0
236 0
236 3
236 3
237 4
236 0
236 3
236 0
236 1
237 4
234 5
270 4
239 5
268 0
267 3
251 0
250 5
343 3
299 5
433 3
378 2
376 5
578 0
578 0
578 3
517 3
489 4
252 1
252 2
251 4
246 4
246 3
242 5
292 2
291 2
289 4
243 0
238 2
239 2
239 2
240 0
240 3
240 0
239 5
325 2
325 1
324 4
249 4
246 3
250 0
244 1
244 4
239 4
238 0
238 5
310 0
310 4
242 2
242 2
241 5
270 3
257 4
241 4
241 4
241 1
241 0
238 3
238 5
310 0
310 1
310 5
413 0
413 1
412 4
254 3
249 2
248 1
248 2
247 5
269 4
242 3
243 0
240 3
240 0
240 0
240 2
239 1
240 1
240 3
239 4
236 0
236 0
236 4
236 3
237 5
270 5
357 5
469 3
371 3
328 2
326 1
327 5
454 5
632 2
627 3
541 4
279 2
276 3
260 5
287 0
287 3
265 3
260 4
243 3
243 3
241 4
240 5
285 4
244 4
244 4
244 3
245 4
245 3
244 0
239 3
239 3
240 2
239 2
239 0
239 4
238 1
238 4
238 0
237 4
237 5
277 1
279 0
278 4
241 4
239 4
239 0
236 0
236 0
236 4
236 5
277 2
275 1
275 4
243 0
238 2
238 3
238 0
238 3
238 5
316 2
313 4
244 4
243 4
243 2
242 4
242 1
242 1
242 2
241 3
243 5
274 5
355 5
469 3
374 3
337 2
335 5
479 0
479 3
421 4
253 3
246 0
244 3
244 2
244 3
245 4
240 1
242 5
279 4
241 4
241 3
244 4
244 0
239 5
325 2
324 1
324 0
324 4
246 3
244 1
244 5
276 5
360 2
355 4
251 3
247 3
243 4
243 3
248 0
239 5
313 2
311 3
276 3
271 0
270 4
248 4
243 5
268 5
357 3
298 2
296 4
242 5
273 3
261 2
260 4
245 3
243 0
239 2
239 2
239 0
239 2
239 4
237 5
270 4
243 2
244 4
242 4
242 3
247 3
247 3
249 3
247 4
247 1
247 0
240 5
313 4
245 1
245 0
242 3
242 0
242 4
237 5
266 3
252 1
252 3
250 0
249 2
248 2
247 5
347 3
301 2
299 0
298 3
288 4
247 3
246 4
242 0
240 4
239 3
243 1
245 4
242 3
240 3
240 4
240 4
240 0
238 5
330 2
330 2
328 4
248 0
242 0
242 0
242 3
241 4
237 5
276 4
241 3
243 2
241 0
239 2
238 4
238 0
237 0
237 0
237 0
237 4
237 4
237 2
237 4
237 4
237 4
237 3
242 3
239 4
238 4
238 3
241 2
239 1
239 5
273 2
271 3
257 3
253 5
328 0
328 5
464 4
254 0
247 4
242 4
240 3
244 4
243 5
263 4
243 2
243 1
243 1
243 1
243 2
243 2
244 3
246 2
245 1
245 3
246 5
271 0
268 2
269 0
269 3
255 2
254 4
241 0
240 3
240 0
240 4
236 5
265 5
353 3
302 4
248 3
248 3
247 5
287 4
246 2
245 1
247 0
239 5
318 0
318 3
274 0
271 2
270 4
247 5
297 2
295 2
293 5
402 3
341 5
486 0
486 0
486 4
263 5
276 3
262 2
261 0
259 3
260 1
260 3
259 1
260 1
260 4
243 4
241 2
240 3
241 2
241 0
240 1
240 1
240 5
327 3
286 1
286 4
247 0
244 4
239 5
275 5
377 4
244 4
243 4
243 0
237 4
236 0
235 5
310 1
309 0
309 1
309 1
309 0
309 3
279 3
274 1
276 3
269 5
355 2
353 3
319 5
475 5
676 4
271 1
271 5
279 0
277 1
277 5
382 3
316 5
453 1
453 1
453 4
268 0
256 5
361 0
361 3
317 0
315 5
494 3
436 4
260 2
257 3
249 4
245 0
242 0
242 5
331 5
458 1
456 2
452 3
368 4
265 0
258 0
258 5
363 1
363 2
361 1
358 0
358 0
358 2
355 0
355 3
309 0
308 1
309 3
301 2
299 3
297 4
250 0
250 4
245 3
245 1
245 3
246 3
243 0
243 1
243 4
240 0
240 4
240 3
245 0
242 4
239 3
244 1
244 5
289 3
275 3
271 1
271 4
241 4
241 4
241 2
240 0
240 2
239 0
239 4
238 4
238 4
238 4
238 4
238 4
238 2
237 2
237 3
241 4
241 0
239 0
239 1
239 5
330 0
330 3
292 0
292 1
292 0
292 3
288 5
444 1
444 2
440 4
249 0
244 3
246 3
245 4
241 0
241 0
241 5
331 3
295 5
415 5
593 1
592 4
258 5
271 0
271 0
271 3
264 4
245 3
245 2
244 4
242 4
242 1
242 2
241 0
238 5
319 3
283 3
270 4
242 0
241 4
235 3
239 3
238 1
238 4
238 4
238 5
282 0
282 0
282 0
282 4
245 0
239 2
239 5
321 4
241 0
237 1
238 4
237 0
237 4
237 1
237 4
237 2
236 5
277 0
277 4
239 4
239 1
239 4
239 0
236 0
236 2
236 3
237 0
237 2
237 0
237 5
318 5
428 4
244 3
245 5
269 5
339 4
238 4
238 3
240 5
271 0
271 4
239 4
239 3
240 2
240 0
237 4
235 4
235 1
236 2
235 3
240 2
239 2
238 5
271 1
269 1
269 4
238 3
241 2
240 4
240 0
235 3
235 5
309 1
309 1
309 5
416 1
415 3
328 5
444 0
444 0
444 1
444 3
385 0
384 2
382 4
253 3
249 4
243 1
243 2
242 4
242 5
270 4
240 5
275 0
274 1
274 2
274 5
367 0
367 5
486 1
485 0
485 1
484 4
262 2
261 3
256 3
254 5
268 3
260 0
256 0
256 2
256 1
256 1
257 2
256 3
254 5
356 4
254 2
252 5
276 5
367 1
367 3
309 5
422 3
364 5
564 4
271 3
255 5
286 0
285 5
389 2
386 2
383 2
379 0
379 1
379 3
311 0
310 0
310 4
251 1
251 1
251 3
248 1
248 2
247 3
248 0
245 1
245 0
245 1
245 0
245 0
245 5
344 4
253 0
243 0
243 3
243 1
243 4
237 5
276 2
276 2
274 3
258 2
257 4
240 4
239 1
239 0
238 4
236 0
236 1
236 0
236 3
236 0
236 5
322 0
322 4
246 3
250 1
250 3
248 4
244 1
244 2
242 4
242 2
241 4
241 5
268 0
266 0
266 0
266 5
351 3
300 5
400 1
400 3
351 4
255 3
251 4
247 4
247 2
247 0
244 4
242 0
242 3
243 2
242 4
241 5
270 2
270 0
270 2
270 0
270 5
365 4
246 3
249 3
247 0
241 5
316 2
314 5
417 5
547 0
547 0
547 0
547 0
547 1
547 5
685 3
519 0
519 5
698 2
691 0
691 5
878 4
282 3
266 2
265 3
261 0
254 0
254 1
254 3
251 1
251 4
246 2
245 0
244 0
244 2
244 3
244 3
244 0
244 2
244 3
244 5
323 5
438 2
433 4
259 3
255 0
250 4
245 4
245 0
245 4
245 3
246 2
246 5
272 0
272 5
358 4
252 4
251 3
255 3
254 0
247 3
248 0
247 5
330 0
330 2
328 0
328 0
328 2
328 1
327 2
325 1
325 5
440 2
436 1
436 2
434 4
254 0
247 4
243 1
243 2
243 0
243 5
314 3
277 5
357 4
250 5
271 0
268 5
361 5
486 0
486 5
619 2
614 2
607 0
607 3
462 0
461 0
461 1
461 4
285 3
260 4
253 0
250 1
250 2
250 4
245 0
243 2
243 2
243 0
243 0
243 2
243 4
241 3
245 3
246 5
286 4
246 2
246 3
247 4
247 5
271 1
271 3
259 5
321 2
319 4
251 1
251 0
248 4
245 1
245 2
244 2
244 0
244 3
244 0
244 3
243 0
243 3
243 0
243 5
330 3
288 0
288 0
288 2
287 3
281 3
273 1
273 0
273 0
273 4
247 0
247 0
247 3
247 2
246 1
246 4
239 4
238 4
238 5
292 2
292 0
292 1
292 2
292 2
292 4
244 3
246 4
244 2
243 4
243 4
243 0
239 0
239 4
237 4
237 3
239 3
240 1
240 3
239 2
238 4
238 0
235 4
235 4
235 3
240 0
238 4
235 2
235 0
235 2
235 5
320 0
320 1
320 0
320 1
320 2
320 4
246 0
239 4
238 3
242 2
242 4
242 5
281 1
281 4
245 3
249 2
248 4
248 3
247 0
238 0
238 0
238 5
319 4
243 0
239 0
239 5
318 4
244 0
239 2
238 2
238 2
238 0
238 4
236 4
236 4
236 0
235 0
235 2
235 2
235 2
235 4
235 1
235 2
235 1
235 5
275 3
253 5
328 2
325 4
247 0
241 3
242 4
238 3
240 1
240 2
239 2
239 3
238 3
241 2
240 3
236 2
236 5
274 4
241 4
241 0
237 2
237 1
237 5
314 2
312 1
312 0
312 4
244 3
246 3
246 0
240 2
239 2
239 4
238 5
270 3
250 3
249 2
248 4
239 3
241 4
241 3
239 2
239 2
239 5
275 0
273 5
373 4
253 0
245 0
245 4
241 0
240 0
240 4
239 2
239 4
238 1
238 4
238 5
268 2
268 4
242 4
242 5
269 5
348 1
348 3
294 1
294 3
282 4
249 4
247 5
269 4
243 4
242 2
242 3
244 4
243 0
238 2
237 2
236 3
237 5
313 0
313 4
244 0
238 1
238 2
238 3
237 1
237 5
308 0
308 1
308 0
308 0
308 3
282 2
280 5
373 2
370 2
366 3
327 1
327 3
317 4
252 4
247 0
247 1
247 0
247 2
246 4
242 1
242 1
242 4
242 3
243 2
241 0
240 0
240 0
240 3
241 4
240 0
240 4
237 3
240 5
272 5
376 3
312 0
311 3
298 0
298 1
298 1
298 4
247 3
246 0
244 0
244 1
244 1
244 3
244 2
243 0
243 3
243 3
243 5
348 2
345 4
247 4
245 3
245 1
245 0
241 5
327 2
325 2
323 1
321 3
286 0
285 2
284 2
283 4
247 1
247 0
247 1
247 0
247 1
247 3
248 1
248 1
248 4
239 4
238 0
238 2
238 4
238 4
238 3
241 0
240 3
241 5
331 2
329 2
327 5
452 3
361 4
258 2
257 3
254 0
248 4
241 4
240 3
244 3
241 1
241 4
241 4
241 3
243 5
272 4
243 4
242 1
242 3
245 2
243 0
238 4
237 4
237 3
242 4
242 2
241 0
238 2
237 4
236 0
236 3
236 5
310 0
310 4
239 4
239 5
271 0
270 3
253 0
253 3
252 2
251 0
251 2
250 3
250 4
242 0
240 4
237 2
236 3
241 4
239 3
234 4
233 3
235 4
235 0
234 1
234 3
235 3
235 5
316 4
242 0
237 1
237 3
238 3
238 2
237 4
234 3
236 1
236 5
278 1
278 0
278 3
264 3
260 1
260 0
260 5
384 4
251 0
245 4
239 3
243 0
240 2
239 0
239 2
239 2
239 5
328 3
281 2
280 4
246 1
246 2
244 0
242 0
242 2
241 0
241 4
237 4
236 5
281 3
257 5
346 1
346 3
307 5
453 1
453 0
453 2
450 5
639 5
834 1
834 4
273 1
273 3
258 2
257 2
256 0
248 4
244 1
244 4
243 3
247 2
246 1
246 0
245 4
242 4
242 0
242 3
242 4
240 4
240 1
240 1
240 5
268 0
268 2
268 4
242 4
242 0
239 0
239 2
239 0
239 3
239 5
323 4
240 4
238 3
243 0
240 0
240 1
240 3
239 3
239 3
239 1
239 1
239 3
239 0
239 1
239 3
239 0
239 1
239 4
235 0
235 5
310 0
310 4
243 1
243 2
242 5
278 1
278 2
276 2
275 4
240 4
240 3
246 0
240 2
239 2
238 3
239 3
239 4
237 3
242 3
240 4
240 4
240 3
240 5
275 4
241 3
245 2
243 4
243 2
243 3
243 3
244 2
242 4
242 2
242 4
242 1
242 4
242 3
243 0
239 4
237 1
237 0
237 5
312 5
419 4
252 2
250 2
249 3
246 1
248 0
244 5
321 2
318 0
318 2
317 4
246 3
245 5
279 1
279 0
279 0
279 4
238 2
238 0
237 3
238 3
238 3
238 4
238 3
243 5
270 3
257 0
254 2
253 1
253 3
252 1
252 1
252 5
342 3
306 0
304 0
304 3
301 1
301 2
299 2
298 2
297 4
247 3
243 4
239 0
239 2
239 3
238 5
336 1
336 4
252 3
251 0
246 3
246 1
246 5
322 1
321 2
319 4
250 0
243 4
241 0
239 4
239 0
238 2
238 3
238 0
238 0
238 5
321 3
289 5
386 2
384 0
383 4
251 4
243 3
245 0
239 4
236 1
236 1
236 5
272 2
272 2
272 5
363 4
246 2
245 2
244 0
241 5
313 4
240 4
239 3
244 3
240 2
240 5
266 0
266 4
241 1
241 4
240 0
238 5
304 3
271 1
271 0
271 3
266 5
389 4
248 4
240 2
240 0
238 3
240 1
240 3
240 1
240 4
239 4
239 0
239 5
311 4
246 4
245 1
245 4
245 4
245 3
244 1
244 3
247 0
241 2
240 5
311 0
311 2
309 0
309 4
243 3
245 1
245 4
244 4
244 0
240 3
240 4
238 2
238 0
238 1
238 4
238 5
270 4
241 3
245 2
244 4
244 2
242 4
242 3
247 5
273 4
243 2
243 1
243 1
243 3
244 2
243 1
243 1
243 2
243 4
243 5
270 4
242 1
242 4
242 0
238 3
241 0
241 3
241 2
240 1
240 4
238 5
274 0
274 1
274 0
274 2
274 2
274 4
239 0
237 0
237 3
238 1
238 1
238 0
238 3
239 2
239 0
239 2
238 0
238 2
238 4
237 0
237 0
237 0
237 0
237 2
237 4
237 4
237 3
241 2
240 3
237 3
242 5
274 4
239 3
245 0
242 2
241 0
241 2
240 1
240 4
238 5
269 2
269 3
258 0
257 4
246 4
241 2
241 0
239 4
238 5
273 5
362 4
245 0
241 0
241 4
240 2
240 0
240 3
241 2
240 4
239 4
239 3
243 0
240 4
237 0
237 0
237 4
237 4
237 2
237 4
237 2
237 2
237 0
237 0
237 3
238 2
238 0
238 5
306 2
304 5
396 3
322 2
320 1
320 4
256 2
255 3
252 4
250 0
242 1
242 1
242 2
241 3
242 4
235 0
235 2
235 0
235 3
235 2
235 2
235 5
312 2
312 2
312 5
419 3
320 2
318 0
317 4
259 0
254 0
254 0
254 5
356 4
257 3
253 1
253 2
252 4
248 1
248 0
241 0
241 5
316 0
316 0
316 0
316 4
243 4
243 0
239 4
238 5
267 3
252 2
251 2
250 2
249 5
320 4
242 0
236 4
236 0
236 5
308 1
307 2
306 2
306 4
245 4
244 3
246 4
245 4
245 2
243 3
244 4
244 4
244 2
243 0
237 2
236 -1
