1 1000
31 7
27 0
26 5
26 7
21 6
21 7
18 4
13 5
13 1
13 1
15 7
15 6
15 5
15 3
11 6
11 5
11 5
11 3
13 1
15 5
15 4
17 5
17 1
21 0
19 6
19 0
19 7
18 0
17 1
14 2
12 1
12 1
13 7
13 3
12 0
12 4
12 6
12 3
13 7
14 2
14 7
12 2
11 0
11 4
11 6
11 7
11 7
11 1
14 1
11 1
11 0
11 6
11 0
11 7
11 7
11 4
11 6
11 0
10 2
9 1
10 3
10 4
10 1
11 6
11 3
11 0
11 5
11 7
11 2
11 4
9 2
9 2
8 1
9 7
8 1
8 3
9 7
9 6
9 4
9 1
9 6
9 5
9 3
9 0
9 3
10 6
10 0
10 4
16 2
16 3
18 2
17 4
11 2
11 7
10 4
11 4
11 6
11 5
11 3
11 5
11 5
11 2
10 0
10 1
11 6
11 7
10 3
10 2
9 4
9 5
9 0
9 0
9 1
11 6
11 7
11 2
11 3
9 5
9 4
12 5
12 3
12 2
12 2
12 4
12 5
12 3
14 1
16 6
16 6
16 2
14 4
13 0
12 2
11 3
10 1
14 4
18 3
18 5
18 6
18 7
21 3
19 6
19 7
19 6
19 0
19 3
17 1
17 1
20 2
17 7
17 7
13 6
13 1
17 0
17 4
19 1
17 7
17 6
17 6
17 5
17 3
17 5
17 3
16 7
16 7
16 7
16 6
16 4
16 1
16 2
13 1
16 2
15 0
12 7
12 7
12 5
12 3
16 6
16 2
14 7
14 4
14 3
18 6
18 6
18 3
17 1
16 3
16 4
16 1
17 5
17 7
16 2
14 4
18 7
14 7
14 3
13 7
13 5
13 0
13 3
13 3
14 5
14 2
14 3
15 3
15 3
17 2
17 6
17 2
15 4
15 4
15 0
15 7
15 0
15 2
13 0
13 1
13 4
16 0
16 3
16 7
16 0
16 0
16 7
16 5
16 5
16 5
16 1
17 6
17 3
17 3
18 5
18 4
19 5
19 3
19 7
19 3
20 0
20 0
20 7
20 1
20 5
20 1
20 2
18 7
18 2
14 0
13 5
13 2
12 3
12 2
11 2
10 6
10 0
10 4
10 1
10 6
10 2
9 2
8 0
8 3
8 2
7 5
7 7
7 6
7 4
7 0
7 1
7 6
7 4
14 7
7 4
11 6
11 5
11 5
11 6
11 4
7 3
9 7
9 0
9 1
9 4
9 5
9 7
9 6
9 2
7 1
10 0
9 4
9 0
9 7
9 6
9 0
9 2
7 7
7 2
7 4
13 4
7 7
7 4
7 6
7 0
7 3
9 0
9 2
7 5
7 6
7 2
7 4
11 3
13 3
10 5
10 2
7 7
7 6
7 3
9 5
9 7
9 4
9 7
9 2
7 0
7 7
7 4
10 0
9 5
9 7
9 5
9 6
9 0
9 7
9 5
9 6
9 1
9 3
12 6
12 7
12 5
12 2
9 4
9 2
7 5
7 1
7 2
7 2
7 6
7 0
7 6
7 2
7 2
7 2
7 6
7 1
10 0
9 6
9 0
9 3
12 2
9 6
9 4
13 7
13 0
11 0
11 2
9 0
9 5
9 0
9 1
13 2
12 0
9 7
9 2
7 5
7 7
7 0
7 7
7 1
13 0
8 2
7 3
7 2
7 0
7 4
11 4
13 2
13 7
11 5
11 6
11 7
11 4
13 6
13 4
18 1
18 0
18 2
18 4
20 1
17 6
17 3
15 6
15 4
17 2
16 1
16 2
15 1
18 2
18 0
13 7
11 5
11 6
11 0
11 0
9 3
11 7
11 7
11 5
11 3
13 7
13 7
13 3
16 6
16 0
16 3
19 4
19 2
17 4
17 6
17 4
17 4
17 4
17 7
17 0
16 3
18 4
17 1
16 3
21 0
21 5
21 1
20 7
20 0
20 2
20 0
20 3
20 1
20 7
19 6
19 2
19 1
19 5
19 2
16 7
16 6
16 5
16 7
16 2
15 2
15 2
14 5
14 7
14 4
16 6
16 7
16 2
15 2
14 0
12 4
17 3
19 0
19 5
19 0
18 0
18 0
18 0
18 2
15 6
15 0
15 0
15 4
17 2
17 5
17 1
18 4
20 6
20 5
20 6
20 2
20 0
19 4
22 2
20 7
20 2
20 4
21 2
20 0
18 2
16 2
15 0
14 5
14 6
14 0
12 1
12 6
12 0
12 1
10 3
10 0
10 7
10 5
10 2
10 2
9 0
9 1
14 0
10 0
10 7
10 5
10 6
10 3
11 2
10 4
12 6
12 2
12 5
12 0
12 7
12 2
9 4
12 1
14 3
15 6
15 5
15 1
16 2
16 7
16 1
14 4
12 7
12 0
10 0
10 4
10 0
10 1
13 2
13 7
13 2
13 7
13 2
13 5
13 4
17 2
17 4
18 2
18 1
15 6
15 4
13 3
10 1
10 1
10 6
10 5
10 3
9 5
9 3
11 7
11 0
11 1
11 3
13 5
13 0
13 7
13 3
16 5
16 3
19 3
21 0
21 2
19 2
17 0
17 1
17 4
20 0
20 6
20 6
20 0
20 2
19 2
18 1
21 2
19 4
19 4
19 2
15 2
15 0
12 6
12 7
12 2
12 2
12 7
12 0
9 7
9 4
12 5
12 2
11 1
13 5
13 1
13 6
13 2
12 5
12 1
12 5
12 7
9 6
9 4
15 1
20 3
16 6
16 4
10 3
8 0
8 6
8 2
8 3
8 0
8 0
8 4
11 0
9 7
9 6
9 2
8 0
8 5
8 4
8 6
8 3
9 5
9 6
9 6
9 2
8 5
8 7
8 6
8 7
8 6
8 2
7 0
7 6
7 0
7 0
7 1
11 2
11 3
11 4
14 3
12 2
11 2
11 4
15 6
15 2
15 0
13 5
13 0
12 5
12 6
12 3
10 0
10 5
10 2
8 3
9 7
9 5
9 0
9 4
12 4
12 1
13 2
12 1
11 0
9 6
9 6
9 2
8 6
8 6
8 6
8 6
8 2
7 0
7 1
11 7
11 2
11 2
11 0
11 7
11 4
15 4
11 0
8 2
7 3
9 6
9 0
9 5
9 0
9 2
7 6
7 2
7 6
7 4
11 0
8 2
7 0
7 0
7 3
9 0
9 6
9 1
13 6
13 0
12 0
12 7
12 5
12 4
12 6
12 1
12 0
12 3
15 1
17 0
16 0
16 2
12 2
10 5
10 1
10 6
10 3
11 6
11 5
11 6
11 7
11 0
11 4
11 7
11 2
9 0
9 6
9 1
11 2
11 5
11 1
11 1
8 3
9 0
9 0
9 2
8 0
8 2
7 1
12 7
12 7
12 6
12 2
12 3
9 1
11 7
11 0
10 7
10 2
9 2
7 6
7 2
7 1
11 3
12 3
13 0
12 7
15 7
15 6
15 5
15 6
15 2
11 3
13 0
13 4
13 0
13 3
16 2
15 4
15 4
15 0
15 5
15 1
19 7
19 3
19 2
17 4
17 6
17 0
17 7
17 0
17 2
15 1
18 4
21 4
22 0
21 0
21 4
21 1
19 0
19 6
19 2
19 2
19 3
19 1
18 2
16 4
18 1
18 1
16 4
18 2
17 4
19 2
18 0
17 7
17 3
17 0
17 4
20 1
20 3
21 6
21 3
23 4
23 2
21 2
19 7
16 7
16 1
18 6
18 4
17 0
16 1
12 4
16 6
16 0
13 2
13 2
11 6
11 1
10 2
9 2
8 0
8 2
7 7
7 3
7 2
7 1
7 4
13 7
13 5
13 2
13 4
16 2
16 4
16 3
17 5
17 5
17 2
16 3
17 3
13 0
13 1
12 3
13 2
12 5
12 1
14 4
17 7
14 5
14 2
12 6
12 6
12 0
10 0
8 0
8 0
8 3
9 2
8 3
9 5
9 6
9 3
10 2
9 2
8 1
11 2
10 6
10 3
9 2
7 3
9 2
7 0
7 5
7 2
7 5
7 2
7 1
13 4
7 7
7 0
7 5
7 2
7 5
7 1
7 1
10 5
10 5
10 1
15 7
15 4
16 2
16 1
18 2
18 6
18 1
13 4
13 4
12 2
12 2
12 2
12 5
12 2
12 0
11 5
11 0
10 2
9 6
9 5
9 6
9 1
9 4
9 3
12 2
9 5
9 2
9 6
9 1
15 1
9 0
7 6
7 2
7 2
7 6
7 6
7 0
7 1
7 2
7 2
7 5
7 3
7 1
10 1
10 6
10 5
10 6
10 7
7 1
11 1
11 1
7 2
7 2
7 4
7 4
7 7
7 6
7 5
7 1
7 7
7 4
11 1
17 3
19 3
19 4
21 2
18 2
18 6
18 3
14 2
14 0
11 3
11 2
10 2
9 1
13 2
13 5
13 0
12 0
12 0
11 3
11 2
10 2
9 7
9 -1
