5 2000
1424 2
1423 1
1423 5
1424 4
1400 0
846 0
834 4
580 4
572 3
563 1
566 4
558 1
560 2
557 4
556 1
563 0
542 0
542 3
537 2
536 1
541 1
542 1
543 4
530 4
528 3
526 3
526 1
529 1
531 5
540 2
540 0
539 5
597 5
663 4
528 4
527 2
528 5
541 5
584 1
585 5
653 5
732 4
552 2
551 3
541 4
537 2
537 5
544 4
528 2
529 4
529 5
541 2
542 0
541 1
546 1
549 2
544 0
541 0
541 1
541 0
541 5
595 4
529 2
529 2
530 5
548 3
529 3
527 3
527 2
525 4
521 5
534 1
535 4
518 1
522 5
535 1
538 0
538 5
601 4
519 4
518 5
535 3
526 1
528 4
516 2
517 1
520 4
519 0
516 3
515 2
517 4
515 1
517 5
538 0
537 0
537 2
538 0
538 5
603 4
521 3
519 0
517 3
515 4
511 5
532 4
509 4
509 4
509 4
509 0
509 4
509 3
508 2
509 1
509 3
508 3
508 1
514 0
508 4
506 5
527 5
572 0
572 5
647 5
733 2
732 3
616 2
615 0
615 3
591 4
535 0
530 5
610 3
576 3
556 2
554 1
554 1
554 1
556 1
560 0
555 2
553 5
698 5
856 0
856 3
784 2
780 4
559 1
562 0
540 1
541 2
540 5
648 4
533 3
520 5
541 4
512 3
508 3
508 0
507 3
505 4
498 5
524 1
525 2
524 3
517 3
514 2
513 3
510 4
505 2
504 2
503 1
505 4
504 2
504 0
503 5
571 5
665 1
665 0
665 5
779 1
778 0
778 1
776 4
526 5
552 0
549 5
634 2
635 2
636 4
515 1
525 2
524 5
533 4
510 5
538 5
582 1
584 2
582 1
584 3
534 1
536 5
578 4
512 2
510 0
508 3
508 4
500 1
500 1
505 4
504 2
504 1
507 1
507 2
504 4
504 5
524 0
524 3
512 5
567 0
567 4
519 5
531 4
511 1
511 2
510 3
509 0
503 1
503 4
498 3
497 5
523 1
526 3
512 0
509 3
507 4
503 3
500 3
499 3
499 5
530 4
505 2
504 0
500 3
500 1
500 2
499 0
498 3
498 4
496 0
496 2
497 5
566 4
501 1
504 5
511 2
512 0
511 1
514 3
508 3
508 2
507 5
565 1
565 3
540 0
540 5
657 3
606 5
748 5
925 3
850 4
566 5
561 0
555 4
528 0
523 2
522 5
609 5
726 5
855 5
999 2
993 5
1133 3
1003 4
551 0
531 1
532 4
515 3
512 0
510 2
511 5
582 1
581 0
581 4
517 4
512 4
511 3
509 1
517 5
526 2
526 3
513 1
514 4
501 0
501 3
500 2
499 3
497 2
498 3
497 0
497 0
497 4
497 4
497 2
497 2
497 5
525 2
525 1
525 5
576 1
578 0
578 4
505 5
527 0
525 3
519 2
518 3
516 1
517 0
515 3
515 3
515 0
515 5
606 0
606 4
521 1
523 3
514 3
514 3
514 4
507 1
509 2
508 4
508 5
529 5
573 3
530 5
582 4
520 4
515 1
515 2
514 4
514 0
504 2
505 2
507 1
508 0
508 4
502 5
527 2
530 0
530 1
533 4
507 3
502 3
501 5
528 1
521 5
579 0
579 4
506 0
500 3
500 4
497 4
497 5
522 5
582 2
583 5
666 4
520 0
510 3
506 5
561 3
541 0
539 2
538 4
516 4
502 0
498 2
498 5
565 3
537 3
530 2
529 5
605 2
603 3
574 0
574 0
574 4
523 5
544 5
624 4
511 2
510 1
512 0
505 5
576 3
555 2
554 3
544 3
542 5
635 3
594 3
587 1
588 5
737 2
734 0
734 1
735 3
692 0
692 4
521 2
520 1
522 4
503 2
502 0
498 2
498 5
576 0
576 4
501 0
497 3
496 3
496 4
492 4
490 5
535 4
494 4
493 2
494 3
493 0
490 2
491 2
491 3
490 2
491 3
490 0
490 0
490 2
491 1
491 1
494 0
494 4
489 0
489 3
489 3
489 3
489 5
560 4
496 3
495 2
495 1
496 4
494 3
494 3
494 2
495 4
495 3
495 0
492 5
560 2
562 5
651 0
651 3
592 3
569 3
562 3
560 0
558 3
557 2
555 3
555 0
555 0
555 1
556 5
705 1
706 4
540 5
551 0
544 4
513 5
536 5
601 5
705 4
525 4
510 0
502 3
501 4
499 5
527 0
527 3
513 3
509 0
506 2
506 1
508 1
508 0
507 0
507 0
507 0
507 3
506 4
501 5
530 5
594 0
594 5
696 4
526 3
518 2
517 3
516 1
518 0
506 2
507 3
506 0
506 5
577 4
506 2
505 0
502 3
502 4
498 0
498 5
563 0
563 0
563 4
503 5
528 2
528 3
514 5
561 3
542 2
541 3
535 2
534 0
533 2
531 0
531 1
532 3
530 4
517 0
517 3
517 2
516 3
516 3
516 3
516 0
516 4
505 3
504 2
503 2
502 3
502 0
502 0
502 5
589 4
516 4
504 0
499 1
500 2
499 5
560 3
535 4
502 5
524 5
581 2
581 0
581 3
545 4
511 2
510 3
504 5
523 5
582 2
582 5
677 5
786 3
674 4
525 0
514 4
503 5
528 1
529 3
513 1
513 3
509 5
562 2
560 3
536 2
534 5
614 3
584 2
582 0
581 4
517 2
516 3
509 0
506 3
506 5
599 2
598 1
598 0
598 0
598 3
564 5
685 2
683 0
683 3
640 0
640 0
640 4
528 0
523 2
522 3
522 3
521 3
521 0
521 2
520 1
521 4
513 5
550 2
549 2
547 5
630 4
518 5
539 0
536 4
507 5
534 3
520 0
519 4
510 5
529 0
529 5
625 3
575 3
558 2
557 4
518 2
517 3
511 4
500 2
500 4
500 2
501 3
500 5
531 5
582 5
667 4
523 5
536 3
522 4
510 2
509 1
511 0
509 4
504 0
503 4
501 5
523 4
504 3
502 2
502 4
500 2
500 2
500 4
500 3
500 0
500 4
498 0
498 0
498 0
498 2
498 5
564 1
564 2
563 5
639 5
730 2
730 5
835 0
835 3
718 4
532 4
521 2
520 3
516 5
517 4
505 2
505 4
505 3
505 3
505 2
505 3
505 3
505 3
505 0
500 4
498 2
498 1
498 2
499 0
499 2
499 4
499 2
499 3
498 5
522 4
501 0
499 0
499 3
497 2
497 0
497 0
497 4
495 5
520 2
520 4
498 3
498 3
498 3
498 0
497 4
495 2
495 0
495 5
550 3
528 5
583 4
510 3
504 0
499 2
499 5
559 1
559 5
636 1
636 2
635 4
512 3
508 1
508 3
507 3
507 0
500 4
499 5
519 1
519 0
519 2
519 5
587 1
587 4
512 3
509 2
509 3
508 4
505 5
521 3
509 2
508 2
507 5
540 2
539 4
502 2
501 4
499 3
499 4
499 0
498 4
495 5
519 0
519 4
498 5
516 3
505 5
545 4
501 0
498 2
498 2
499 1
499 5
558 4
502 1
502 5
523 2
523 3
511 2
510 4
498 0
497 5
559 5
639 4
510 0
503 3
501 2
500 2
499 2
499 5
561 0
561 1
561 3
537 5
615 2
610 3
581 1
581 5
693 0
693 3
657 4
525 4
507 4
507 3
505 4
503 3
500 0
497 4
492 0
491 4
491 1
491 2
491 2
491 2
491 2
491 1
491 3
491 0
490 5
555 5
646 4
508 2
506 5
527 3
516 2
515 4
503 3
502 4
497 4
497 4
497 2
497 0
496 1
496 3
496 0
496 1
496 3
496 2
496 2
496 4
495 0
495 3
495 4
495 0
495 2
495 2
495 2
497 2
497 5
559 2
559 5
639 1
639 2
641 0
641 2
641 2
641 3
590 2
589 4
519 3
511 2
510 0
505 0
505 2
505 4
499 4
499 4
499 4
499 3
498 2
499 0
496 1
496 4
495 4
495 3
494 3
494 0
494 3
493 4
492 0
492 3
492 4
492 2
492 5
519 5
575 2
575 3
535 2
534 5
592 4
503 4
497 3
496 0
494 5
559 5
637 3
573 0
573 4
526 0
520 4
509 0
508 0
508 0
508 5
593 2
593 5
690 4
525 0
513 4
504 0
503 3
503 1
503 3
503 3
502 0
502 4
499 4
493 4
493 5
520 4
498 2
497 2
496 2
496 5
525 4
495 3
495 2
496 0
496 4
496 4
496 3
496 3
496 3
496 3
496 3
496 5
525 0
525 2
525 1
525 1
525 5
592 3
558 0
556 1
556 0
556 4
522 4
508 2
508 3
508 3
508 2
508 3
506 4
504 2
504 0
502 2
502 5
559 5
638 4
511 5
531 2
531 4
505 3
504 0
500 5
558 5
629 5
725 4
520 0
510 0
510 3
510 3
509 4
506 4
502 4
502 3
502 2
502 0
500 3
500 1
500 5
562 0
562 3
540 2
539 2
538 4
506 5
528 5
584 0
583 2
583 5
675 5
776 0
776 1
776 5
896 5
1015 1
1015 5
1132 3
953 0
949 0
949 4
553 5
551 3
541 5
574 4
523 4
519 2
519 2
519 2
519 1
519 0
516 2
516 4
508 2
508 0
502 4
502 2
502 5
525 2
525 4
505 0
503 4
502 5
525 3
510 2
509 5
554 2
554 2
553 2
553 0
553 0
553 3
532 5
602 4
513 1
513 2
512 3
508 5
523 0
522 2
522 0
522 0
522 2
522 5
597 3
559 4
516 5
532 0
527 1
527 4
504 5
529 3
519 0
517 3
515 4
506 3
504 0
504 5
573 3
550 3
543 3
539 2
538 4
520 5
559 5
643 4
524 0
518 3
516 4
507 4
504 4
503 2
503 4
503 2
503 2
502 5
530 4
502 0
502 3
502 1
502 3
502 0
502 4
502 3
502 0
501 1
501 4
500 2
500 5
539 4
501 4
500 3
500 5
535 5
598 2
598 3
549 0
548 4
517 0
513 3
511 2
510 1
510 4
502 4
496 4
495 4
495 2
495 4
495 4
495 3
495 5
525 4
498 3
497 4
495 4
495 0
495 0
495 2
495 2
495 4
495 5
524 5
589 3
545 0
544 3
534 0
534 2
533 5
650 4
525 1
525 4
511 1
511 4
511 2
510 3
506 4
505 5
527 4
503 2
502 4
502 0
499 5
563 5
646 4
519 1
519 2
519 4
519 1
519 1
519 1
519 1
519 4
519 2
518 1
518 4
518 0
505 5
569 0
569 1
569 4
511 2
511 5
527 0
525 0
525 0
525 5
599 4
510 0
503 2
503 2
503 4
500 2
500 3
499 2
499 3
499 5
521 5
580 3
540 2
539 0
538 5
635 1
634 2
631 3
593 1
593 1
593 5
710 5
874 1
874 4
541 2
539 2
537 2
536 1
536 3
524 2
523 5
529 0
525 4
504 4
502 3
502 5
526 0
525 5
598 3
553 4
516 5
542 4
505 0
501 3
498 3
498 4
495 0
495 5
564 3
534 4
505 2
504 0
500 3
500 2
499 2
498 5
569 5
664 4
514 3
507 5
526 0
525 3
510 4
498 0
495 2
494 0
494 2
494 3
494 1
494 1
494 4
494 4
494 4
494 2
493 4
493 4
493 4
493 5
520 4
499 5
522 3
506 5
543 3
524 5
580 1
580 3
551 1
551 0
551 5
683 2
680 3
636 0
636 4
534 0
530 4
512 1
512 3
505 5
543 0
543 4
505 3
503 5
527 2
526 2
526 5
588 0
588 5
694 1
694 0
694 1
693 5
810 5
938 4
537 2
534 5
543 3
531 3
526 0
522 4
508 0
506 0
506 1
506 5
585 4
514 1
514 2
513 5
535 2
533 5
584 3
539 2
538 3
525 4
502 3
499 1
499 5
522 5
579 3
547 5
617 1
617 3
579 2
578 1
578 2
577 4
517 0
512 2
511 4
504 0
503 5
595 1
595 3
560 0
560 1
560 3
555 5
704 3
665 3
645 0
645 2
643 1
643 4
531 3
522 2
521 0
519 0
519 1
519 4
505 3
504 1
504 5
542 3
519 4
499 5
531 5
602 2
601 1
601 2
600 2
600 2
600 3
559 1
559 2
557 3
545 3
542 4
503 1
503 5
532 4
497 3
496 5
529 4
496 4
495 5
526 2
526 4
495 5
527 2
527 0
526 3
510 2
509 2
508 1
508 3
507 3
505 5
582 1
582 0
582 3
555 3
543 5
656 4
512 3
508 3
507 4
498 0
495 1
495 0
495 0
495 3
495 0
495 3
495 3
495 5
578 3
548 0
548 3
543 4
509 1
509 4
497 4
497 1
497 4
497 1
497 5
529 2
527 5
610 5
722 3
646 3
613 2
611 0
611 0
611 2
609 2
607 5
773 3
726 5
949 2
944 1
944 2
940 4
540 3
519 1
519 3
510 4
507 3
506 2
506 2
506 4
506 4
506 0
499 1
499 4
498 4
498 2
498 5
524 5
585 5
675 5
790 1
789 0
789 4
528 3
518 3
515 3
515 3
515 2
514 5
529 3
518 3
515 5
550 3
531 5
590 5
695 3
624 0
623 2
622 0
622 3
601 2
599 4
530 4
509 0
506 2
506 4
503 2
502 4
502 5
525 0
524 2
524 5
605 5
702 0
702 4
526 5
539 2
538 1
538 4
510 2
510 5
526 0
523 5
593 4
505 2
505 4
505 1
505 4
505 2
505 3
502 0
500 4
500 3
500 4
499 3
499 5
523 4
500 2
499 4
499 3
499 0
495 3
495 4
494 2
493 3
493 2
493 3
493 2
493 2
493 3
493 4
493 1
493 2
493 2
493 4
493 4
493 0
493 4
493 5
520 4
495 4
495 4
495 3
495 4
495 5
520 5
571 1
571 4
502 1
502 3
501 2
501 5
512 0
511 3
506 1
506 2
505 0
505 2
505 2
505 4
499 1
499 4
496 4
495 0
492 3
492 3
492 0
492 0
492 1
492 2
492 0
492 0
492 0
492 3
492 2
492 3
492 2
492 2
492 5
550 5
627 2
627 5
721 5
821 4
521 4
518 2
518 1
518 4
518 4
518 5
525 0
520 5
579 0
579 1
579 3
536 2
535 0
533 0
533 0
533 4
515 2
514 0
507 3
507 4
502 3
501 5
535 4
498 0
496 4
496 5
528 1
528 4
500 5
525 3
515 3
513 0
511 3
509 3
508 4
503 4
494 2
494 2
493 1
493 5
527 2
527 3
517 1
517 0
516 2
515 2
515 1
515 4
501 1
501 0
498 0
498 2
497 3
497 3
497 2
497 1
497 2
497 0
497 4
496 3
496 4
493 3
493 2
493 3
493 4
493 5
523 5
594 2
594 5
691 3
600 5
693 4
520 4
511 4
511 3
504 5
523 0
522 4
501 2
501 0
500 0
500 3
498 0
498 4
498 3
498 3
498 5
522 0
522 4
501 4
499 0
496 0
496 3
496 3
496 0
496 0
496 3
496 3
496 4
496 4
495 2
495 1
495 0
495 3
495 2
494 4
494 4
494 4
494 2
494 0
494 0
494 4
494 5
518 0
518 5
586 1
586 5
675 1
675 1
675 3
588 4
522 4
515 5
526 3
514 4
506 0
502 4
498 5
524 4
499 4
498 5
518 3
509 3
508 4
495 4
494 1
494 2
494 5
520 0
520 4
501 5
536 1
535 0
535 4
503 5
534 1
534 0
534 2
534 0
534 0
534 3
517 0
515 2
515 0
515 1
515 2
515 3
515 3
515 0
515 2
515 4
511 0
510 3
510 4
506 3
505 0
504 4
500 5
530 1
530 3
514 3
512 4
500 5
529 3
515 0
515 0
515 4
504 0
503 5
575 1
575 4
516 5
530 2
529 1
529 3
516 3
513 3
512 2
511 2
510 2
509 2
508 4
502 0
500 4
498 1
498 2
497 3
496 0
496 3
496 1
496 4
496 5
522 4
504 0
499 3
498 4
495 2
494 0
494 3
494 5
550 5
624 5
725 0
725 4
512 2
511 5
525 5
567 4
507 2
507 4
505 0
501 3
501 3
500 5
550 4
503 3
501 3
501 3
501 4
501 4
501 0
499 5
554 1
554 1
553 3
528 3
521 1
521 4
507 0
505 2
504 2
504 4
502 5
528 0
528 0
528 4
499 5
517 3
512 3
509 4
498 0
497 0
497 3
497 2
497 5
562 0
562 0
562 0
562 4
502 4
499 4
499 3
499 3
499 2
499 4
499 3
499 2
499 0
496 4
495 1
495 1
495 4
495 5
524 4
497 0
495 1
495 1
495 3
494 1
494 0
494 0
494 3
494 4
493 1
493 0
493 0
493 4
493 0
493 4
493 1
493 4
493 1
493 3
492 3
492 2
492 1
492 3
492 4
492 2
492 3
492 1
492 3
492 5
515 4
493 4
493 3
492 3
492 2
492 0
492 1
492 0
492 4
492 5
519 0
519 0
519 1
519 4
494 4
494 0
492 5
552 4
497 1
497 0
494 4
492 0
492 0
492 2
492 0
492 3
492 3
492 0
492 3
492 4
490 4
490 2
490 0
490 5
550 4
496 2
496 4
496 4
496 4
496 4
496 5
514 1
514 5
565 0
565 3
537 4
507 3
503 2
502 5
523 4
502 2
502 1
502 2
502 2
502 4
502 0
499 3
498 0
498 4
498 5
527 3
512 3
510 4
496 2
496 4
495 4
495 4
495 0
495 4
495 3
495 3
494 2
494 3
494 5
526 2
526 0
526 4
501 4
501 0
496 4
494 1
494 3
494 3
494 4
494 3
494 3
494 1
494 2
494 5
526 4
496 5
525 1
526 1
526 4
496 4
496 4
496 0
494 0
494 3
494 4
493 0
493 3
493 2
493 3
493 5
554 0
554 0
554 0
554 1
554 3
531 4
502 4
496 1
496 0
495 2
495 4
494 0
494 1
494 3
494 -1
1424 5
1424 4
1400 1
1400 4
1400 4
1400 2
1398 0
865 0
857 5
953 5
1066 2
1052 2
1045 1
1045 5
1159 3
989 1
989 4
624 5
594 5
605 5
646 4
560 3
552 3
548 4
542 0
533 2
533 4
524 4
524 0
524 5
576 5
643 5
727 3
638 3
606 3
587 4
535 0
530 1
532 0
531 5
623 5
732 2
731 4
536 3
528 4
521 5
519 3
517 3
515 4
508 5
526 4
511 0
507 5
567 3
545 0
543 2
542 1
543 1
546 0
545 2
543 4
518 2
517 4
506 5
533 3
520 2
519 4
508 5
533 4
507 3
507 4
507 1
510 3
508 2
507 1
511 4
510 3
509 2
510 1
512 0
506 5
569 5
648 4
527 4
523 2
520 5
524 0
523 1
525 4
511 0
506 2
509 3
503 4
501 1
501 0
500 5
561 0
561 3
537 1
538 4
504 1
506 5
523 1
525 2
524 3
512 2
511 1
512 1
512 0
511 3
510 3
509 1
511 3
509 3
509 3
509 4
501 5
528 3
517 0
517 1
518 4
504 4
498 4
498 2
498 5
529 2
530 0
530 4
504 1
507 1
508 0
504 1
505 2
504 1
507 4
502 4
502 4
502 2
501 3
501 3
500 4
499 5
525 0
525 2
527 2
529 0
529 2
532 3
520 3
517 1
520 0
517 1
518 4
511 2
510 4
498 3
498 2
498 5
529 0
529 5
610 4
516 0
510 5
576 3
545 0
544 1
545 3
541 1
542 3
541 1
543 5
645 5
789 2
784 2
781 0
781 2
778 4
538 4
520 4
520 4
520 2
519 4
519 0
513 2
515 4
506 4
506 0
505 3
505 0
505 4
504 2
505 2
506 0
506 0
506 2
507 5
571 5
643 4
515 3
513 5
536 1
537 4
510 2
511 2
512 1
512 4
512 5
536 1
538 3
520 5
556 4
512 4
510 2
509 5
528 3
518 1
518 2
517 2
516 5
559 1
558 2
557 4
514 3
512 3
512 3
512 2
511 0
507 0
507 4
506 4
506 0
506 1
506 2
508 1
508 5
567 2
569 3
538 4
512 1
517 0
511 5
575 4
516 4
513 4
512 2
513 3
509 2
508 3
508 1
508 4
507 1
507 5
524 4
508 4
507 4
507 5
526 4
508 3
507 2
508 5
525 2
525 0
525 5
591 1
592 3
543 4
515 4
510 1
514 4
513 3
508 3
508 5
521 4
509 1
509 2
510 4
510 1
510 4
510 4
510 4
510 1
510 3
509 1
513 1
513 1
513 3
509 0
505 4
503 4
503 3
503 4
503 2
504 4
504 3
503 3
503 5
524 0
524 0
524 0
524 3
518 1
519 1
522 4
507 4
505 1
505 2
506 0
503 3
502 4
500 3
499 1
499 3
499 1
501 3
500 1
502 4
501 1
501 0
501 5
559 3
535 4
508 0
505 2
505 3
504 5
560 4
513 5
528 2
529 0
528 4
506 2
506 3
506 4
504 1
504 2
505 1
505 4
503 1
505 2
503 4
503 0
502 2
503 4
499 4
499 4
499 3
499 4
499 3
499 5
526 4
505 1
507 1
507 2
507 0
499 5
558 5
627 2
627 2
627 3
568 1
569 0
568 3
555 3
548 3
546 2
544 2
543 1
543 4
518 0
517 1
519 4
508 1
508 2
507 4
502 4
502 5
525 2
525 2
526 1
526 3
517 4
507 3
502 1
504 0
501 0
501 2
500 0
500 4
499 3
499 1
501 2
500 3
500 1
500 0
500 5
567 3
540 4
510 4
505 4
505 4
505 4
505 5
521 0
521 4
502 0
501 0
501 4
499 4
499 2
499 5
522 1
522 0
522 0
522 1
522 4
505 1
508 3
504 2
503 0
501 4
500 2
501 3
500 4
500 4
500 3
500 5
518 2
519 4
501 4
501 2
502 0
501 3
501 4
499 2
500 4
500 0
499 4
499 5
518 4
502 5
516 5
563 4
510 0
506 0
506 0
506 4
503 0
503 1
503 1
503 4
503 4
503 0
503 0
503 2
504 0
504 3
503 3
503 0
503 0
503 3
503 3
503 3
503 4
499 3
499 3
499 0
499 1
499 4
499 1
499 2
499 1
499 3
499 4
499 3
499 0
498 5
558 1
558 5
634 0
634 0
634 0
634 4
513 2
512 3
511 1
513 2
511 2
511 4
510 4
510 3
510 4
509 2
510 4
510 4
510 5
522 3
511 2
510 3
510 2
509 2
508 1
509 4
507 0
505 3
505 1
508 2
507 1
508 4
503 4
503 5
531 3
511 5
559 2
556 3
538 4
514 2
513 3
511 5
537 0
536 1
536 3
521 3
519 1
519 4
508 0
508 3
506 2
506 2
505 1
505 0
505 3
505 4
505 2
504 2
503 2
502 1
502 1
504 3
503 3
502 5
537 0
537 1
537 2
537 3
521 5
590 5
694 4
524 4
513 3
511 0
508 3
506 4
504 3
503 4
503 4
503 3
503 3
502 3
502 2
502 0
501 2
502 1
502 4
500 3
500 0
500 5
564 2
564 1
564 4
501 4
500 0
500 1
501 1
501 1
501 2
500 0
500 4
500 0
500 3
500 0
500 4
500 5
528 5
589 0
589 5
676 0
676 3
587 4
527 4
520 4
520 2
518 1
518 3
517 2
515 3
515 3
513 3
513 3
513 3
513 3
513 0
505 0
505 2
505 5
573 0
573 1
573 4
506 4
505 1
505 5
527 3
509 5
559 4
509 4
505 3
505 1
505 4
505 3
505 4
505 4
505 3
505 0
502 5
567 4
503 4
503 3
503 2
504 0
502 4
502 0
501 4
501 2
501 2
502 3
501 4
501 5
529 1
531 2
529 0
529 4
503 2
504 0
502 5
564 2
566 2
566 1
568 4
506 4
506 2
507 5
530 5
587 4
505 3
503 4
503 2
504 0
503 4
503 1
503 5
531 3
515 2
514 5
561 5
636 2
637 1
637 2
636 2
636 5
723 4
522 3
518 3
518 2
517 2
516 0
511 1
511 2
512 4
508 1
508 4
508 3
508 1
508 0
507 5
567 2
567 0
567 4
509 4
509 4
509 0
508 0
508 4
508 2
509 2
510 5
538 2
538 1
538 1
538 4
510 5
538 3
518 4
511 1
514 5
537 5
583 4
514 1
514 3
509 4
509 2
510 3
508 4
508 4
508 5
529 2
529 4
504 3
504 0
502 2
502 5
561 5
632 2
632 4
510 1
510 4
508 2
508 1
508 3
507 5
530 0
529 2
529 3
517 5
568 4
511 2
510 3
506 3
506 3
506 5
532 4
503 2
504 1
504 0
503 2
503 0
503 4
502 3
501 4
501 3
501 1
501 4
501 0
501 5
560 4
502 1
502 0
501 3
501 4
501 1
501 2
502 3
501 3
501 1
501 4
501 4
501 5
532 4
502 2
502 4
502 4
502 5
531 5
590 3
538 4
517 2
515 3
511 3
510 4
508 3
508 2
508 2
508 3
508 2
508 0
504 0
504 1
504 3
504 2
504 0
504 2
504 0
504 4
504 0
504 5
564 2
564 0
564 3
535 4
516 4
509 1
509 3
508 2
508 2
507 4
506 3
506 2
506 4
506 5
532 3
513 4
505 3
504 5
532 4
506 2
506 1
506 3
506 5
528 0
527 4
504 5
531 0
531 0
531 5
594 3
548 0
544 4
521 4
511 0
507 3
506 5
567 2
567 1
566 4
512 3
510 2
509 4
507 0
506 1
506 4
504 0
504 0
504 4
504 1
504 3
504 0
502 2
502 0
502 5
567 5
640 5
728 0
728 0
728 3
619 4
525 1
525 2
523 5
535 2
535 0
531 4
510 2
509 4
508 1
508 5
530 0
529 4
503 4
502 3
502 5
534 2
534 3
517 1
517 3
515 5
564 4
506 5
535 3
523 1
523 3
519 3
517 0
514 5
598 2
597 3
563 1
563 3
552 4
521 2
520 0
518 4
509 4
500 0
500 3
500 0
500 2
500 5
573 3
542 4
511 0
508 0
508 4
506 0
506 3
506 5
583 3
551 3
541 4
520 4
507 4
507 4
507 1
507 5
532 4
513 1
513 1
513 0
508 2
508 4
504 1
504 0
504 3
503 5
574 0
574 2
574 2
574 3
549 3
539 3
538 3
538 3
534 4
516 4
503 5
531 4
505 4
504 4
504 4
504 2
504 3
504 4
503 3
502 2
501 3
501 2
501 4
500 1
500 3
500 0
497 0
497 3
496 2
495 5
557 4
500 4
500 3
500 0
498 5
559 3
533 0
533 1
533 0
533 0
533 3
529 3
527 2
526 4
508 5
534 4
495 4
493 2
493 2
493 3
493 1
493 1
493 5
522 1
522 5
580 0
580 0
580 5
676 3
604 2
603 3
579 3
565 3
561 4
518 0
513 1
513 0
513 4
501 2
500 0
498 1
498 0
498 0
498 0
498 4
496 0
496 4
496 1
496 3
496 5
528 1
528 2
527 3
520 1
520 3
515 1
515 4
497 3
496 3
496 0
494 1
494 3
494 0
494 4
492 1
492 1
492 1
492 4
491 4
491 4
491 1
491 3
491 3
491 5
522 0
522 2
522 3
516 0
515 2
514 0
514 2
514 3
513 0
513 0
513 4
502 0
502 0
502 5
600 3
570 4
511 2
509 0
508 3
508 5
598 3
569 2
567 0
567 0
567 0
567 0
567 5
719 4
524 1
524 4
507 0
505 0
505 5
582 4
509 0
505 4
502 5
526 0
525 5
608 5
706 5
815 0
815 0
815 5
934 4
544 0
523 0
523 4
514 3
514 0
509 5
574 4
513 3
508 3
508 3
508 1
508 0
505 3
505 1
505 2
504 1
504 3
504 3
504 4
504 5
525 3
512 3
511 0
510 0
510 0
510 4
507 3
505 4
500 4
500 2
500 5
523 5
578 2
578 4
507 4
505 3
505 0
501 3
501 4
501 4
501 4
501 4
501 5
523 4
503 3
503 4
503 4
503 0
501 1
501 2
501 3
500 0
500 0
500 4
498 4
498 4
498 0
498 5
561 0
561 0
561 3
537 4
508 1
508 1
508 3
505 2
504 4
503 5
520 3
507 1
507 4
502 0
500 0
500 3
500 1
500 3
500 5
567 4
505 5
522 2
522 4
506 3
506 2
505 4
505 4
505 4
505 3
505 3
505 3
504 0
500 4
498 3
498 4
498 3
498 4
498 3
498 5
520 5
575 4
505 3
504 4
503 2
503 4
503 3
503 3
503 4
503 4
503 4
503 3
503 5
517 2
517 5
571 5
653 0
653 4
511 4
510 1
510 2
510 1
510 5
520 5
566 3
531 0
529 3
523 1
523 3
521 0
520 5
624 0
624 0
624 3
583 0
581 3
575 0
575 1
575 0
575 2
574 3
571 1
571 4
528 0
526 3
526 1
529 1
529 0
528 4
510 4
496 4
496 1
496 2
496 2
497 4
497 0
497 5
578 4
506 4
502 2
502 4
502 2
502 0
499 4
497 0
497 4
497 0
496 3
494 1
494 3
494 1
494 3
494 0
492 3
492 0
492 1
492 2
492 1
492 5
568 1
568 1
568 5
657 5
765 4
521 3
517 1
517 3
511 0
506 5
569 1
569 4
508 4
506 4
505 4
505 0
501 1
501 4
500 3
499 2
499 2
499 4
498 5
523 3
513 1
513 2
512 5
559 2
559 3
525 3
519 3
518 3
518 5
582 3
552 5
649 3
613 4
519 3
513 5
540 3
527 2
525 1
525 3
520 0
520 4
509 2
508 0
507 3
507 0
507 3
507 2
506 0
506 2
506 0
506 2
505 1
505 0
505 4
503 1
503 2
502 0
502 5
594 4
508 4
499 0
496 2
496 1
496 1
496 0
496 0
496 5
572 4
498 4
498 3
496 0
492 3
492 5
561 5
646 5
747 1
747 3
648 0
648 3
632 2
631 3
615 2
613 2
612 4
526 0
519 1
519 3
517 4
507 5
540 3
522 4
495 0
495 0
495 0
495 4
493 1
493 2
492 4
491 1
491 0
491 1
491 3
491 0
491 0
491 4
491 5
528 0
528 4
498 2
497 4
496 3
496 3
495 0
494 0
494 0
494 4
494 4
494 4
494 5
520 0
520 4
493 3
493 1
493 3
493 3
493 3
493 2
493 3
493 2
493 0
492 0
492 5
567 1
566 4
496 1
496 0
493 3
493 2
493 5
554 0
554 3
537 4
501 0
499 3
497 0
496 5
585 0
585 4
506 0
501 3
501 2
500 2
499 4
494 0
494 0
494 0
494 3
494 4
493 3
491 3
491 4
491 0
491 1
491 1
491 2
491 0
491 1
491 4
491 1
491 5
526 2
526 0
526 1
526 3
514 3
512 4
498 4
495 3
494 3
493 5
527 5
593 3
556 0
555 0
555 5
673 4
521 3
513 3
511 4
504 3
502 2
501 5
523 4
499 4
499 2
498 3
498 0
495 0
495 0
495 4
495 2
495 3
495 4
495 5
520 5
582 0
582 2
582 0
582 3
541 1
541 0
541 3
533 0
533 3
532 3
531 4
508 4
497 4
497 2
496 5
534 0
534 1
534 4
500 3
498 1
498 5
525 0
525 3
513 0
513 0
513 0
513 3
513 4
504 0
502 2
502 3
502 1
502 4
498 0
498 5
578 0
578 0
578 4
505 2
503 0
499 3
498 5
567 4
500 3
497 3
497 2
496 4
493 3
493 3
493 2
493 4
493 4
493 1
493 5
521 4
496 5
522 1
522 0
520 5
602 0
602 0
602 1
602 3
554 3
541 0
541 3
540 3
537 2
536 5
661 1
660 2
658 0
658 0
658 2
656 0
656 0
656 2
654 5
808 3
746 3
715 3
704 4
539 4
514 5
532 3
517 5
574 3
553 0
550 4
516 0
514 2
513 0
513 5
610 0
610 2
607 0
607 4
513 4
503 4
503 2
502 2
501 0
499 3
499 2
498 4
494 3
494 3
494 3
494 0
492 0
492 5
564 0
564 2
564 2
564 5
661 4
515 1
515 2
514 1
514 2
511 3
506 0
502 2
502 3
500 0
499 5
571 5
659 3
595 2
593 3
570 4
514 4
505 3
501 2
500 1
500 4
500 4
499 0
495 3
495 5
562 5
648 4
509 1
509 1
509 2
508 0
502 3
502 4
499 3
498 0
496 3
496 3
496 3
495 5
548 4
498 3
498 4
497 3
497 3
497 4
497 5
516 2
516 4
497 2
497 5
517 0
517 2
517 5
582 4
506 3
505 3
505 2
505 4
504 2
504 4
504 0
499 1
499 2
499 4
497 4
497 4
497 4
497 0
497 0
497 3
497 4
494 2
494 5
517 5
577 3
537 5
599 3
566 4
514 1
514 3
509 0
508 2
507 3
506 5
582 5
676 1
676 3
612 3
588 4
520 3
511 4
501 4
501 4
501 0
499 3
497 2
496 5
562 1
562 3
538 4
505 4
497 4
497 1
499 2
497 2
497 4
497 4
497 5
516 2
516 3
507 4
496 2
496 4
496 0
495 3
495 0
495 1
495 2
495 4
494 5
521 4
498 1
498 0
495 3
495 3
495 5
564 5
649 4
513 3
507 2
505 4
502 0
500 2
500 3
498 3
498 5
555 4
501 3
500 0
498 4
497 3
497 5
512 4
498 0
496 3
496 3
496 1
496 3
496 4
494 3
494 1
494 0
494 4
494 0
494 0
494 2
494 3
494 4
494 2
494 4
494 4
494 0
494 2
494 3
494 5
555 3
531 5
586 4
506 1
506 5
524 0
523 4
503 0
502 4
498 4
496 4
496 2
496 5
519 4
499 3
498 1
498 0
497 3
496 3
496 0
496 4
493 0
493 0
493 4
493 0
493 1
493 5
556 4
497 0
495 3
495 2
495 3
495 4
494 0
494 1
494 2
494 3
494 1
494 2
494 4
494 2
494 0
494 4
493 3
493 3
493 3
493 3
493 3
493 3
493 4
493 1
493 4
493 0
493 3
493 0
493 4
493 0
493 5
553 4
496 2
496 3
496 5
524 5
581 0
581 0
581 4
508 4
507 5
518 3
506 3
506 4
498 0
497 4
494 4
494 0
493 5
551 3
527 3
521 1
521 0
519 0
519 4
507 5
537 4
502 1
502 0
500 4
495 0
495 3
495 1
495 3
495 5
554 3
530 0
529 3
528 4
508 3
506 0
505 3
504 4
501 2
500 2
499 5
529 4
503 3
503 3
502 0
500 4
499 0
498 4
496 2
495 3
495 3
495 0
495 3
495 3
495 3
495 5
554 4
501 3
500 0
497 5
557 4
502 5
519 0
517 5
587 1
587 3
541 3
533 0
532 0
532 4
518 3
513 4
505 3
504 5
523 2
522 3
513 1
513 0
512 4
508 2
507 4
501 2
500 2
500 3
500 4
499 4
499 0
498 1
498 4
497 4
496 4
496 2
496 3
496 3
496 1
496 1
496 4
496 0
496 0
496 5
562 3
532 3
525 3
520 3
518 3
516 3
514 3
514 0
514 3
514 5
619 3
582 4
515 2
514 4
502 3
498 3
498 0
495 0
495 5
563 3
541 5
626 4
517 0
513 1
513 3
512 1
512 2
511 0
511 5
589 4
506 1
506 3
504 5
531 5
594 3
545 4
508 1
508 5
534 3
518 0
517 4
509 1
509 0
507 0
507 2
507 0
507 3
506 4
500 0
500 5
572 4
507 4
503 3
502 3
501 4
500 1
500 4
500 1
500 1
500 3
500 0
498 4
498 4
498 0
497 4
495 1
495 5
517 3
508 5
563 0
563 3
539 0
538 4
520 4
506 5
532 3
514 4
503 5
531 2
530 0
530 3
513 2
512 5
571 2
571 1
571 1
571 4
510 4
503 0
501 4
497 1
497 4
497 2
496 0
495 4
495 3
495 0
495 4
494 3
494 0
494 5
554 3
529 4
505 -1
1424 5
1424 2
1422 4
1398 1
1399 4
1399 3
770 4
770 1
770 4
770 3
701 1
701 5
675 4
673 5
651 5
640 3
619 4
609 3
607 3
607 4
607 2
608 5
593 5
595 3
575 2
574 1
577 0
568 0
568 1
570 0
567 5
620 5
685 5
760 3
628 0
627 5
727 2
725 4
554 5
566 2
565 1
566 2
565 1
566 4
530 5
543 5
581 2
581 1
580 1
581 1
584 2
583 4
526 3
525 3
525 0
521 2
523 0
523 5
580 1
582 0
581 0
581 1
581 5
657 2
658 0
658 0
658 5
748 3
635 4
544 2
543 5
547 0
545 1
544 5
620 1
620 1
620 2
618 1
618 5
716 3
625 3
591 5
683 4
544 3
531 4
520 1
522 2
520 4
518 4
518 4
518 2
519 4
519 3
518 0
514 0
514 0
514 3
511 4
509 2
509 2
510 2
511 5
527 5
582 1
584 1
585 4
520 4
517 0
512 5
559 4
508 5
529 4
507 5
526 3
518 5
544 0
543 4
507 2
506 0
501 5
553 2
556 1
557 3
532 4
508 1
510 0
508 3
507 1
507 2
506 5
571 3
544 1
549 4
511 1
515 1
518 0
506 4
500 2
499 4
497 4
497 0
494 0
494 5
563 5
656 4
520 0
511 4
502 0
502 1
510 0
504 4
503 2
502 5
527 5
583 3
541 3
532 4
513 0
511 4
507 2
506 5
525 1
526 3
510 2
509 0
508 5
592 1
594 5
697 4
525 1
525 1
527 0
514 5
595 4
516 1
519 4
511 0
507 1
510 2
509 2
510 2
511 0
509 2
510 4
504 3
503 4
503 3
503 3
502 1
504 1
508 0
504 4
500 5
523 3
511 3
508 5
559 3
540 0
538 1
539 2
538 0
538 5
645 3
604 2
602 4
524 3
514 3
511 2
510 4
504 0
501 2
501 1
502 1
505 4
502 1
506 4
504 4
504 4
504 3
500 0
500 0
500 2
501 3
500 0
500 3
500 0
500 0
500 1
500 2
501 1
504 2
503 4
501 3
501 3
500 4
499 1
502 3
499 1
501 3
499 3
499 5
523 3
511 5
563 0
563 3
539 2
538 4
508 3
505 2
504 0
501 3
500 4
499 4
495 4
495 3
495 5
539 3
517 0
517 2
516 3
514 0
514 4
509 1
509 3
506 3
504 3
504 3
504 0
504 4
502 1
505 0
502 2
503 5
592 4
519 2
518 2
517 4
509 2
510 3
508 4
505 3
504 3
504 2
505 0
502 1
504 3
503 2
502 3
500 5
561 4
507 3
506 0
503 0
503 3
501 5
562 0
562 0
562 1
562 1
562 3
534 1
534 2
533 5
604 3
568 0
567 5
706 1
707 3
664 4
531 5
551 5
625 0
625 2
624 3
583 3
566 2
565 3
560 4
519 0
518 2
518 3
517 5
616 2
614 4
527 5
549 4
508 4
506 3
505 3
504 0
500 0
500 5
568 3
537 2
536 3
529 4
518 2
517 3
512 1
512 3
511 3
511 2
510 0
508 5
584 3
551 5
637 5
764 1
764 2
761 0
761 3
689 4
526 2
525 5
536 0
535 0
535 5
627 3
591 4
526 4
510 0
506 1
508 4
506 4
504 1
504 0
504 4
502 2
502 4
502 4
502 2
502 2
503 1
503 3
502 5
519 1
519 2
518 3
511 5
565 1
565 4
512 5
531 5
589 1
589 4
509 5
529 0
526 1
527 2
526 0
526 3
513 0
511 5
600 4
510 3
504 5
527 3
519 2
518 2
517 5
568 4
505 0
498 4
496 2
495 0
495 0
495 0
495 4
495 0
495 3
495 0
495 2
496 3
496 3
496 3
496 5
567 4
499 5
519 4
500 3
499 0
496 3
496 2
496 2
496 3
496 0
496 4
496 1
496 3
495 0
494 5
557 0
557 3
533 1
534 2
533 1
534 1
536 5
596 2
594 5
712 2
708 3
643 1
643 1
643 5
791 3
738 4
540 4
517 0
509 4
504 3
502 5
525 2
524 1
524 1
525 2
524 3
513 3
508 0
507 2
508 2
508 2
508 5
589 3
553 1
553 4
509 4
499 5
528 3
515 0
510 2
510 0
510 3
507 5
603 2
601 5
722 1
725 2
722 0
722 1
723 3
650 3
613 4
520 4
499 2
498 4
498 2
498 3
497 3
497 0
495 4
495 4
495 5
524 4
495 5
521 4
496 4
495 5
521 3
512 3
509 5
567 4
502 0
497 0
497 2
497 1
500 3
499 2
498 4
494 0
492 4
491 0
491 2
491 3
491 4
490 4
490 3
489 1
489 2
489 5
517 3
507 3
503 1
503 5
572 1
573 0
573 2
571 4
501 1
501 2
500 0
495 0
495 0
495 5
569 4
503 1
505 3
503 4
499 4
499 2
499 5
515 3
506 2
505 2
504 4
495 2
495 2
496 0
494 4
492 0
492 3
492 3
492 5
560 2
560 0
560 1
560 3
536 5
610 4
499 4
493 2
493 3
493 2
493 0
493 5
558 5
643 5
737 3
650 3
617 2
615 2
614 3
593 1
597 2
593 3
585 4
515 5
536 3
521 3
517 5
583 2
581 2
578 3
550 3
544 5
663 1
663 0
663 0
663 4
513 0
509 0
509 5
613 2
611 2
607 3
570 3
561 2
560 2
559 1
559 1
559 4
511 3
503 1
503 3
502 4
492 4
491 3
491 2
491 2
492 0
490 0
490 0
490 2
491 0
491 2
492 3
489 4
489 3
489 1
489 0
489 0
489 5
566 5
661 4
514 2
512 3
508 3
504 5
535 3
514 3
504 3
501 2
500 0
498 2
498 5
586 1
586 0
586 5
691 5
812 0
812 0
812 5
940 0
940 1
937 4
542 5
546 2
545 4
523 1
523 0
518 3
510 0
510 1
510 1
511 3
508 4
506 5
528 2
528 4
506 3
506 2
505 3
505 0
504 1
504 2
505 2
505 2
507 4
505 5
525 0
525 0
525 4
507 2
508 2
508 0
506 4
505 3
503 3
503 4
503 1
503 2
503 1
503 3
503 3
503 2
502 4
502 3
502 0
501 3
501 3
501 2
500 2
502 1
503 4
501 3
500 4
500 0
500 5
560 3
533 4
507 4
504 4
504 4
504 0
501 2
502 3
501 0
501 3
501 3
501 5
565 5
647 5
744 0
744 5
849 4
532 2
531 3
523 3
516 1
518 4
517 0
505 0
505 5
559 2
559 4
505 4
504 2
504 2
504 3
504 0
501 4
501 5
518 0
518 2
520 4
504 5
520 2
521 0
521 3
515 4
508 5
521 0
520 0
520 0
520 2
520 1
520 1
520 1
521 1
523 2
522 3
517 2
516 1
516 3
511 4
505 1
505 3
504 3
502 4
502 3
502 5
525 2
525 1
525 3
511 5
556 0
556 2
557 1
557 3
537 4
516 2
515 0
512 4
502 4
498 3
497 4
497 5
526 2
526 4
502 4
500 3
500 0
497 3
497 1
497 2
496 3
496 0
496 3
496 2
496 3
496 0
496 3
496 1
496 3
496 0
496 4
496 0
495 3
495 4
495 2
495 0
495 3
495 3
495 5
557 3
536 4
505 1
505 2
504 4
499 0
496 5
558 3
532 0
531 1
531 3
525 0
525 1
525 3
525 1
525 3
525 3
525 0
525 2
524 1
524 3
524 4
510 5
548 0
547 2
546 5
640 2
638 3
585 2
584 0
583 1
584 0
584 3
574 1
574 3
571 3
566 2
565 4
522 4
501 3
500 0
498 0
498 0
498 4
497 1
497 5
532 0
531 0
531 1
531 3
520 1
520 2
519 1
519 4
500 2
499 5
534 4
499 5
532 3
514 1
514 3
512 2
511 4
500 1
500 2
499 1
499 2
498 0
497 3
497 4
497 3
497 3
497 1
497 3
497 0
497 1
497 2
497 5
569 2
569 4
502 3
502 2
501 3
501 4
500 1
501 2
501 4
501 2
502 3
501 1
501 3
501 3
501 4
500 4
500 0
497 2
497 2
499 3
497 0
497 1
497 2
497 3
497 0
497 4
497 1
497 2
496 3
496 0
496 3
496 0
496 1
496 1
496 0
496 0
496 1
496 1
496 3
496 2
496 3
496 4
496 0
496 4
496 0
496 1
496 0
496 2
498 5
564 3
535 2
534 2
533 3
523 4
509 0
508 4
500 2
499 5
533 1
533 0
533 0
533 4
501 2
500 1
500 3
499 0
499 1
499 0
499 3
499 4
497 3
496 3
496 1
497 3
496 1
496 4
495 0
495 4
495 3
495 0
495 1
495 0
495 4
495 4
495 4
495 5
531 2
531 4
502 5
528 5
593 3
552 5
632 0
632 3
598 3
585 5
732 3
697 2
695 0
695 0
695 4
540 0
533 3
531 0
531 0
531 2
530 4
517 4
502 3
500 4
497 5
533 3
519 2
518 5
592 5
700 5
837 5
978 0
978 4
539 0
524 2
523 4
514 5
536 4
511 0
509 2
509 2
509 1
509 0
509 4
503 4
502 0
502 3
502 1
503 3
502 5
556 3
533 2
532 3
526 5
595 5
696 0
696 5
830 4
545 4
534 2
533 2
532 5
535 5
574 1
572 3
542 0
537 4
523 3
519 1
519 0
517 1
517 4
509 4
506 3
506 4
505 4
505 2
505 4
505 3
505 4
505 5
523 3
514 3
513 5
563 3
539 5
623 0
623 3
590 0
590 3
580 2
578 2
577 2
576 3
570 0
570 4
537 0
535 4
522 3
516 5
547 3
527 3
522 1
522 4
502 4
497 0
497 5
583 5
695 3
632 4
517 5
544 2
543 2
543 4
511 4
509 2
508 5
534 4
505 5
531 4
505 0
500 3
500 0
500 2
500 4
498 2
497 4
497 2
498 5
526 5
591 2
591 0
591 5
693 2
691 0
691 2
688 3
611 4
530 5
542 4
512 0
507 3
507 2
506 4
506 4
506 5
526 3
516 0
516 4
514 0
512 0
512 0
512 4
512 3
510 4
504 4
504 3
503 1
503 2
503 3
503 3
503 3
503 4
503 4
503 1
506 3
503 1
503 2
503 2
503 5
533 0
533 3
520 4
503 0
501 4
501 3
501 4
499 2
499 2
499 3
499 0
499 5
568 0
568 3
541 2
540 3
534 5
612 3
582 0
580 4
530 4
503 4
503 0
501 4
500 1
500 4
498 2
498 2
497 1
497 0
497 4
495 2
495 3
495 0
495 2
495 4
495 0
494 3
494 0
494 2
494 2
494 5
559 4
500 3
499 2
499 5
527 5
586 0
586 3
546 4
505 5
525 4
497 2
497 0
495 4
493 1
493 0
493 2
493 3
493 2
493 0
493 3
493 1
493 2
493 2
493 5
553 3
533 4
501 1
501 1
501 4
498 1
498 5
522 2
522 5
575 1
575 4
509 4
509 5
513 5
557 3
528 5
580 5
678 2
675 4
521 3
511 5
531 0
527 4
504 4
501 1
501 2
501 3
500 4
499 0
495 4
494 4
494 0
494 2
494 4
494 0
494 5
551 3
527 2
526 4
501 4
496 1
496 3
496 0
495 3
494 5
551 0
551 1
551 5
623 2
623 3
567 0
567 4
522 0
514 4
503 1
503 3
502 2
501 0
501 2
501 2
501 3
500 5
566 5
652 4
517 3
512 2
511 3
511 3
510 3
509 0
500 2
500 2
500 4
496 3
495 4
493 5
519 1
519 3
504 2
503 0
503 4
499 4
493 1
493 4
492 2
492 4
492 3
492 3
492 3
492 5
518 4
494 2
493 5
519 5
582 0
582 4
496 3
495 2
494 3
494 4
494 4
494 0
493 4
492 0
492 3
492 1
492 1
492 4
491 4
491 5
518 5
581 4
494 3
493 4
493 4
493 2
493 1
493 4
493 3
493 3
492 1
492 4
492 2
492 0
490 2
490 0
490 5
551 3
523 1
523 4
504 4
498 3
496 3
496 0
493 0
493 5
553 3
525 4
506 0
501 3
500 5
572 1
572 3
539 2
538 0
536 1
536 5
648 2
646 0
646 0
646 4
523 5
541 2
540 0
532 3
521 0
519 2
519 4
510 2
509 0
505 4
504 4
494 2
494 1
494 2
493 4
493 1
493 5
529 4
496 5
532 0
530 3
517 2
516 0
514 5
605 4
513 4
501 4
501 4
501 5
527 3
509 4
497 2
496 3
496 3
496 2
495 2
495 3
495 3
495 3
495 0
495 1
495 4
493 4
493 3
493 5
525 4
494 2
493 3
493 4
493 4
493 4
493 5
525 0
525 3
509 3
506 4
495 4
493 4
493 0
493 3
493 5
565 5
649 5
749 1
749 0
749 3
646 4
525 3
515 4
512 0
502 2
502 2
502 5
572 5
651 4
518 1
518 4
515 3
511 3
510 2
510 3
510 5
525 3
515 3
508 4
498 4
495 0
494 1
494 2
494 3
494 4
493 0
492 3
492 5
553 5
630 3
577 4
520 1
520 3
511 0
506 0
505 3
505 2
504 2
503 4
501 0
501 4
500 4
497 0
497 3
497 3
497 3
497 3
497 4
495 4
493 2
493 0
493 0
493 1
493 4
492 2
492 2
492 1
492 3
492 5
522 2
522 4
495 0
492 4
492 1
492 4
492 3
492 3
492 0
492 2
492 5
557 1
557 3
533 4
500 3
497 5
526 3
517 4
500 2
500 5
522 2
521 0
521 3
513 0
513 3
511 0
511 3
511 4
507 2
506 5
538 5
607 2
604 3
555 4
511 2
510 4
500 4
500 0
498 4
495 3
495 2
495 4
494 4
494 4
494 4
494 2
494 3
494 5
527 1
527 4
496 5
529 4
494 4
494 2
494 2
494 0
493 1
493 4
493 3
492 4
492 1
492 4
492 5
522 4
491 3
491 1
491 5
523 0
523 0
523 4
492 2
492 3
492 4
492 4
492 3
492 5
524 0
524 4
492 4
492 3
492 3
492 5
524 0
524 2
524 1
524 2
524 5
596 0
596 4
501 4
499 3
499 4
499 3
499 4
499 0
495 0
495 4
492 3
492 0
492 2
492 0
492 5
552 1
552 2
552 0
552 4
496 4
495 3
495 0
494 1
494 0
494 2
494 3
494 2
493 3
493 2
493 5
551 5
628 3
565 4
511 1
511 5
530 0
527 2
525 2
523 4
501 2
500 2
499 4
497 2
497 5
523 4
496 4
496 4
496 3
496 0
493 2
493 3
493 0
492 0
492 2
492 0
492 4
491 4
491 0
491 3
491 3
491 4
491 5
519 0
519 3
510 2
509 5
561 2
560 5
639 2
639 4
508 0
501 3
501 4
495 2
494 0
494 5
555 1
555 4
495 4
493 0
493 2
493 1
493 3
493 4
493 4
493 5
525 3
509 4
497 1
497 4
496 3
495 0
494 3
493 4
492 2
492 3
492 2
492 3
492 4
492 3
492 3
492 1
492 3
492 5
522 0
522 0
522 5
595 3
541 5
605 4
515 5
533 0
530 1
530 3
520 1
520 5
583 4
514 5
537 1
537 3
521 2
520 4
506 4
499 4
499 3
496 4
496 1
496 2
496 0
495 4
492 5
520 5
580 2
580 4
503 4
500 2
500 0
495 2
495 0
495 0
495 3
495 0
495 5
555 2
555 3
528 1
528 3
525 2
524 4
504 4
496 1
496 4
496 5
523 0
523 3
508 5
566 4
503 1
503 0
496 0
496 2
496 4
494 2
494 3
494 0
494 3
493 2
493 1
493 0
493 4
493 2
493 2
493 3
493 5
519 1
519 4
497 5
519 3
506 5
549 4
502 2
501 5
520 0
518 5
592 0
592 2
588 5
676 2
676 4
514 5
533 0
533 5
604 5
689 0
689 0
689 4
517 0
508 3
507 2
506 4
502 4
500 2
499 5
528 1
528 5
581 4
513 4
511 3
510 5
523 1
523 0
521 2
521 0
521 5
589 4
505 3
501 2
501 2
501 4
501 3
501 5
522 5
572 3
530 3
520 3
518 4
507 3
506 4
500 2
499 4
499 2
499 0
498 4
497 0
497 4
497 1
497 4
497 4
497 3
497 0
497 2
497 5
554 1
553 3
533 4
505 1
505 2
504 4
499 3
499 1
499 2
499 4
499 0
496 5
552 2
552 2
552 0
552 5
626 0
626 3
573 4
520 3
513 2
512 4
508 4
508 4
508 5
524 5
569 5
640 4
503 3
502 1
502 0
500 4
499 3
499 0
498 5
555 3
526 3
519 2
517 5
567 2
567 4
508 2
507 0
504 5
573 0
573 5
662 3
607 2
606 2
603 0
601 3
582 4
528 3
520 4
505 2
505 4
505 3
504 2
504 2
504 4
503 5
519 3
511 1
511 3
511 2
510 5
567 4
507 3
505 4
502 0
500 3
500 4
500 5
529 3
513 4
502 0
502 2
502 1
502 1
502 0
502 0
502 1
502 3
502 2
502 5
567 5
649 4
506 5
526 0
525 5
601 2
601 2
601 1
601 5
696 5
800 3
687 2
686 5
784 3
727 1
727 4
539 0
531 5
626 0
626 0
626 5
749 2
746 5
889 2
885 3
784 4
539 4
520 5
523 4
510 3
509 4
505 4
505 3
505 0
503 1
503 0
503 4
502 0
500 1
500 4
499 3
499 5
523 4
499 0
498 5
559 0
559 4
504 5
522 5
578 4
507 4
506 2
506 3
506 3
506 0
503 4
501 4
501 4
501 2
501 4
501 2
501 0
500 3
499 3
499 3
498 2
497 2
497 0
496 0
496 2
496 4
494 2
494 2
494 0
494 3
494 3
494 3
494 5
550 5
620 3
569 2
568 0
566 2
565 0
565 4
526 4
510 4
509 2
508 2
508 1
508 1
508 5
524 0
523 2
523 3
516 0
516 4
510 5
535 0
533 2
532 4
508 1
508 1
508 4
503 2
503 3
501 -1
1424 5
1424 4
1400 5
1386 5
1338 1
1338 2
1333 5
1270 2
1261 5
1179 1
1180 1
1180 5
1093 4
984 1
987 2
966 4
964 2
942 3
680 0
645 5
746 4
564 2
562 2
560 5
559 5
593 1
592 2
591 4
529 1
532 5
546 0
544 0
544 5
627 1
627 3
575 0
575 4
534 0
530 0
530 4
519 1
523 0
521 1
523 5
611 1
612 0
612 1
612 2
611 1
612 0
612 0
612 1
615 0
613 4
528 2
526 5
551 1
552 2
550 3
529 1
530 0
526 3
525 1
530 3
527 0
526 4
514 2
513 2
512 0
512 0
512 4
511 1
511 1
514 5
539 0
539 5
628 1
628 1
627 3
583 5
692 0
692 5
847 0
847 0
847 2
842 0
842 5
1001 2
996 5
1162 5
1327 4
568 5
565 5
602 5
668 5
760 0
760 1
758 2
755 4
553 5
556 3
532 1
533 1
535 2
534 2
533 2
532 1
533 2
532 3
526 2
525 4
519 2
518 5
534 3
524 1
526 1
526 5
560 1
563 0
560 4
517 2
516 2
515 4
510 1
514 5
530 0
530 1
531 5
609 2
608 2
606 2
607 5
701 0
701 2
701 1
700 1
700 3
618 0
616 0
616 4
540 5
560 2
558 2
556 5
620 3
570 2
569 2
568 3
557 2
555 1
555 0
555 0
555 5
697 5
859 3
776 2
772 3
739 5
976 1
976 2
972 3
925 0
925 5
1247 4
548 2
546 0
538 1
540 2
538 5
649 0
649 2
645 1
644 1
645 1
646 0
646 3
605 5
739 2
736 5
919 1
918 4
543 5
554 5
619 1
619 1
620 1
620 3
579 1
579 2
577 4
528 2
527 4
520 2
519 1
521 2
520 1
524 5
548 4
516 4
512 5
540 2
540 2
540 5
606 3
553 3
548 1
550 1
550 2
549 2
547 5
633 5
757 1
756 0
756 0
756 4
524 3
521 4
516 0
512 3
510 4
508 3
507 2
507 4
506 4
506 3
506 2
507 4
507 3
506 5
539 1
540 0
540 0
540 4
512 2
511 2
510 2
510 4
509 1
512 2
509 1
511 0
509 4
506 2
507 3
506 4
505 2
505 5
536 3
518 3
514 3
513 5
569 4
506 1
506 5
537 2
538 4
503 4
503 4
503 3
503 4
503 0
502 1
503 5
571 2
570 1
571 5
658 4
520 3
518 3
516 3
516 3
516 3
516 0
512 5
580 3
543 0
539 2
538 0
538 0
538 4
515 5
537 4
508 4
507 1
507 4
507 4
507 4
507 5
531 1
531 4
507 5
528 4
506 5
529 5
581 2
581 0
581 4
510 0
507 2
507 3
505 2
504 2
503 3
502 4
501 3
501 2
501 4
500 3
500 0
500 0
500 1
501 0
500 4
499 3
499 3
499 3
499 0
499 5
562 2
562 0
562 5
646 2
648 3
571 1
572 4
517 2
516 2
514 2
513 3
511 5
533 2
533 0
532 2
534 2
535 1
536 0
536 3
517 5
590 3
566 3
550 5
652 3
609 2
607 1
608 0
608 5
782 1
782 1
782 4
536 5
551 2
550 3
524 5
596 3
564 4
522 3
514 3
512 0
509 2
509 1
511 2
510 0
509 5
601 1
605 3
567 3
557 3
555 4
516 1
516 2
515 0
512 1
513 0
513 1
514 3
513 0
513 4
507 5
549 3
533 0
533 1
535 2
533 0
533 2
532 1
532 0
532 2
532 2
532 0
532 5
653 4
521 3
513 1
518 2
517 3
509 5
539 4
507 2
506 3
504 2
503 2
502 3
502 2
501 2
501 1
501 4
500 2
501 1
501 3
500 5
526 0
526 5
605 0
605 4
513 4
510 2
511 4
510 0
503 4
501 5
525 3
512 4
503 2
502 4
502 0
502 4
501 1
502 2
501 4
500 4
500 4
500 0
500 3
500 2
499 1
499 3
498 5
555 3
534 3
525 0
523 2
523 4
516 4
501 0
501 0
501 4
499 5
523 0
523 0
523 2
523 2
525 3
512 4
501 4
500 3
497 3
497 0
496 5
559 3
535 2
534 3
526 2
525 5
600 2
598 1
599 2
597 0
597 4
518 2
517 4
506 3
504 2
504 3
504 3
504 4
504 3
503 3
502 4
502 2
502 5
522 1
522 5
581 2
585 1
586 3
539 5
601 4
520 3
514 4
506 1
506 1
506 5
529 0
528 2
527 0
527 4
504 1
504 2
504 1
504 1
506 5
522 5
583 3
542 1
542 0
539 5
645 3
600 1
601 3
585 2
584 1
584 0
584 1
585 2
583 2
582 4
526 2
525 1
525 3
516 1
519 0
514 0
514 0
514 5
609 2
607 5
725 3
665 1
666 4
528 2
527 2
526 3
515 5
532 5
595 1
596 3
556 4
516 2
514 2
513 2
512 0
505 1
505 0
505 3
505 4
499 0
498 0
498 4
496 1
498 0
497 2
498 0
498 1
498 4
496 2
495 1
495 5
528 5
598 0
598 5
701 0
701 4
516 1
516 3
510 4
505 1
505 3
505 4
504 0
502 3
501 1
501 2
500 3
500 1
501 1
505 4
501 5
526 0
526 2
526 3
518 0
516 2
515 5
596 3
564 1
566 0
565 4
524 3
514 0
509 0
509 4
507 4
499 5
528 0
528 3
520 2
519 0
518 5
609 5
734 5
867 1
867 3
781 4
554 3
527 1
529 2
527 3
518 1
518 3
518 1
518 4
510 4
510 2
510 1
510 4
510 2
510 2
511 2
512 2
512 0
506 3
503 2
502 4
498 2
499 0
497 0
497 2
498 4
498 2
498 0
498 1
498 3
497 3
497 4
496 3
496 3
496 3
496 3
496 1
499 0
498 4
495 1
495 1
495 4
495 2
495 4
495 3
495 3
495 5
521 2
521 3
510 4
497 4
496 0
495 3
495 3
495 1
495 5
557 2
557 4
497 0
495 0
495 2
497 0
497 3
496 2
496 1
496 2
496 4
496 5
522 4
496 2
497 3
497 5
522 5
584 2
584 3
547 2
546 4
509 2
507 3
504 1
504 0
500 0
500 5
573 4
501 2
500 3
500 4
500 0
499 0
499 0
499 3
499 4
497 3
497 5
525 4
498 1
500 0
499 4
495 3
495 4
495 5
522 2
522 4
497 1
497 0
495 2
496 5
563 2
563 2
563 5
644 4
519 3
513 0
507 0
507 4
499 0
498 5
557 4
500 2
499 4
499 0
496 1
496 2
496 0
496 3
496 0
496 1
496 4
496 4
496 3
496 0
496 4
496 0
496 0
496 4
496 3
496 0
496 4
496 0
496 2
496 0
496 0
496 3
496 4
496 5
522 0
522 3
515 5
573 4
509 5
527 4
503 5
524 0
524 2
524 0
524 5
594 2
594 1
592 1
592 4
506 3
505 2
505 2
505 2
505 3
504 0
498 0
498 4
497 4
496 4
496 2
497 0
497 0
497 2
497 1
498 0
498 2
498 5
560 1
560 0
560 2
560 4
501 4
501 0
497 3
495 5
548 3
524 4
504 4
499 4
499 0
496 1
497 2
496 4
494 2
494 3
494 1
494 1
494 4
494 3
494 1
494 0
494 0
494 4
494 0
494 5
554 4
495 2
495 5
519 0
519 3
513 4
496 5
519 3
513 0
511 1
511 4
506 3
504 5
529 4
498 1
498 2
498 1
498 3
498 4
497 3
497 0
496 5
562 1
562 0
562 4
498 5
519 4
501 3
501 4
501 5
526 5
578 5
661 1
661 0
661 4
505 0
498 4
497 3
497 4
497 0
497 4
496 5
524 3
510 5
556 4
503 5
523 0
521 5
597 1
597 0
597 5
696 0
696 3
604 1
604 0
604 0
604 4
534 0
517 0
517 0
517 3
517 2
516 4
501 2
500 0
500 4
499 0
499 3
499 4
499 0
499 4
499 4
493 5
525 4
498 3
497 5
527 3
512 0
511 4
502 3
501 4
495 2
495 3
495 2
495 4
495 2
495 5
518 1
518 4
498 5
522 4
496 3
496 2
495 3
495 0
495 4
494 3
494 1
494 3
494 5
521 5
589 0
589 4
501 1
501 1
501 5
535 4
500 3
500 1
500 5
525 1
525 3
515 0
513 2
512 4
502 4
498 4
498 3
497 1
497 5
523 4
499 3
498 0
497 5
563 0
563 2
563 4
500 2
499 0
497 3
497 3
497 4
496 0
496 4
496 4
495 3
495 5
522 1
522 3
511 4
500 2
499 4
499 4
499 4
499 0
496 0
496 0
496 3
496 2
497 2
497 2
497 0
497 0
497 5
565 3
531 3
525 1
525 0
521 4
509 5
534 4
501 3
499 0
494 5
564 4
500 0
495 2
495 5
564 1
563 1
563 0
563 5
655 0
655 2
654 1
653 4
516 3
509 4
507 0
502 4
498 3
497 3
497 0
497 3
497 3
497 0
497 3
497 2
497 4
497 1
497 5
521 3
511 2
510 4
495 5
522 4
497 1
497 5
522 5
577 3
540 3
529 0
527 5
640 4
518 4
503 4
503 0
498 1
499 1
499 3
498 5
563 2
561 1
561 4
500 2
500 2
500 4
500 3
500 5
518 5
575 1
575 3
538 2
537 4
509 4
504 5
519 0
518 0
518 2
518 0
518 3
509 3
505 3
505 3
505 4
496 5
524 0
524 0
524 4
498 3
498 5
520 4
496 4
495 0
494 0
494 5
567 0
567 4
499 3
499 4
499 1
499 3
499 4
499 4
499 0
496 1
496 5
564 2
563 5
642 2
641 3
574 5
654 5
768 4
530 3
520 3
515 1
515 3
509 5
526 0
526 3
516 0
516 4
509 4
494 0
493 2
493 3
493 2
493 1
493 3
493 1
493 3
493 1
493 5
551 4
501 4
499 1
499 4
499 5
519 2
519 1
519 3
511 2
510 1
510 5
553 4
500 3
499 0
498 3
497 0
497 4
496 4
496 3
496 1
496 3
496 1
496 0
496 4
496 4
496 3
496 3
496 4
496 3
496 0
496 2
496 5
559 1
559 2
558 4
498 4
498 0
496 2
496 0
496 3
496 3
496 3
496 3
496 1
496 3
496 0
496 0
496 0
496 3
495 2
495 0
495 0
495 4
493 4
493 3
493 0
493 0
493 2
493 4
493 2
493 4
493 2
493 1
493 2
493 5
522 5
584 0
584 2
584 5
671 3
597 3
567 3
556 0
554 0
554 1
554 3
545 0
544 2
543 4
523 0
521 1
521 0
521 2
520 4
512 5
544 4
505 4
501 4
500 0
496 4
494 3
494 0
494 4
494 2
494 0
494 0
494 3
494 2
493 5
564 3
535 5
620 2
618 3
580 4
511 5
536 4
495 5
525 0
523 1
523 4
496 2
496 2
496 3
496 0
493 1
493 3
493 4
493 1
493 3
493 0
492 4
491 3
491 2
491 4
491 4
491 4
491 4
491 0
491 2
491 4
491 0
491 4
491 0
491 5
560 5
642 1
642 3
591 1
591 1
591 3
569 4
515 3
505 4
496 3
496 1
496 0
495 2
495 3
495 5
552 1
552 5
640 0
640 0
640 4
509 3
506 0
500 5
567 3
532 5
607 4
520 0
510 4
506 0
502 3
500 4
495 5
529 3
510 5
583 3
559 1
559 0
559 0
559 3
550 1
550 4
513 1
516 4
496 0
494 4
492 1
492 1
492 0
492 3
492 0
492 5
566 4
500 3
498 1
498 1
498 4
496 2
496 0
495 1
495 4
495 3
495 5
521 4
497 2
497 5
519 3
503 3
503 1
503 3
502 5
564 3
539 0
536 0
536 0
536 0
536 4
510 2
509 0
508 3
508 4
502 4
493 5
528 0
528 3
514 2
513 4
497 4
494 4
494 2
494 4
494 0
491 2
491 4
491 0
491 4
491 4
490 0
490 4
490 3
490 5
526 0
526 0
526 4
494 5
520 4
494 0
492 2
492 5
564 4
500 3
500 4
499 2
499 0
496 5
563 3
534 0
533 0
533 3
531 2
530 4
504 4
493 5
526 2
526 1
526 1
526 0
526 3
511 3
509 0
509 0
509 3
509 5
603 4
512 1
512 3
502 0
498 4
496 0
495 0
495 3
494 4
492 5
529 0
529 5
618 2
617 3
575 5
675 2
673 2
671 0
671 3
631 5
798 2
793 2
789 0
789 1
789 4
530 4
516 3
509 0
502 3
497 4
492 3
492 3
492 0
491 3
491 0
491 5
566 2
566 1
566 5
654 0
654 4
513 4
508 0
500 4
496 0
496 0
496 4
496 4
496 0
495 5
560 5
646 0
646 5
741 2
741 1
740 0
740 2
736 1
736 3
654 0
653 3
625 0
625 4
527 1
527 3
517 4
506 5
523 0
523 5
596 4
511 0
507 4
506 0
504 1
504 0
504 4
503 0
503 4
502 1
502 2
502 4
500 4
499 0
499 0
499 5
572 5
656 1
656 2
655 2
655 3
599 2
598 0
598 5
725 5
867 3
779 5
962 0
962 5
1174 4
555 1
555 4
535 5
534 3
524 3
519 0
516 4
509 3
506 3
506 2
505 3
505 2
505 2
505 5
529 3
519 4
505 4
505 0
503 2
503 4
500 3
499 1
499 1
499 5
526 4
500 4
499 3
499 0
499 3
499 4
498 1
498 2
498 5
519 3
512 1
512 4
501 2
500 1
500 0
499 4
498 1
498 2
498 4
498 5
521 4
498 0
497 5
560 3
535 4
504 5
530 5
598 3
551 3
540 0
539 3
537 1
537 1
537 5
657 0
657 3
622 3
611 2
610 5
808 0
808 3
762 0
762 3
749 0
749 0
749 3
748 3
747 0
747 4
535 3
525 1
525 0
525 0
525 4
506 4
495 5
527 0
527 2
527 5
620 0
620 3
577 1
577 3
559 0
559 3
557 3
557 2
556 3
556 2
555 4
529 3
514 5
562 0
562 1
562 2
561 4
515 3
511 3
511 0
507 5
597 0
597 5
715 0
715 5
853 3
765 0
765 2
763 0
763 3
730 4
551 4
525 0
515 3
513 0
513 0
513 2
513 1
513 5
602 5
720 1
720 0
720 2
718 4
536 4
531 2
530 0
521 0
521 2
521 1
521 0
521 0
521 1
521 3
518 1
518 5
583 4
508 5
531 0
530 1
530 4
507 4
503 0
501 4
501 5
528 0
528 3
516 3
508 3
508 2
507 2
506 3
503 0
503 1
504 5
588 2
586 1
586 0
586 4
507 4
503 2
502 0
498 1
498 5
566 0
566 2
566 4
500 4
500 2
500 5
522 0
522 2
522 3
513 3
509 0
508 0
508 0
508 5
601 0
601 5
719 5
848 0
848 4
535 2
533 3
525 0
519 4
515 0
513 0
513 3
508 5
571 3
537 2
536 3
531 1
531 4
506 2
505 3
504 0
503 3
502 2
501 2
501 5
575 0
575 2
575 5
667 5
780 5
899 4
544 1
544 0
530 3
522 5
577 5
667 1
667 5
777 0
777 3
677 2
673 3
629 0
628 4
540 0
528 5
618 0
618 1
618 2
616 4
516 2
515 1
515 3
513 4
507 3
506 0
501 0
501 0
501 2
501 5
570 2
570 4
506 0
503 1
503 3
502 0
502 5
571 5
670 4
519 1
519 0
509 4
501 3
499 2
498 5
527 0
527 3
517 0
517 2
517 4
511 5
534 3
522 5
578 5
682 4
523 2
522 4
513 3
513 0
509 1
509 5
582 3
554 4
512 3
509 0
504 4
500 5
535 3
520 2
519 5
569 4
509 1
509 4
504 3
503 3
503 2
503 3
503 3
503 3
503 3
503 2
503 5
535 1
526 2
525 0
523 2
523 0
523 5
593 3
560 1
560 4
516 1
516 4
509 5
532 0
532 5
604 4
510 4
510 4
510 5
535 5
588 5
667 1
667 4
521 3
519 0
512 0
512 3
510 0
510 3
508 4
502 5
535 3
517 0
515 0
515 5
598 3
563 5
652 2
649 2
645 2
641 1
641 5
769 0
769 3
697 0
697 0
697 4
543 2
541 3
528 0
522 0
522 1
522 4
510 3
508 4
500 1
500 0
500 2
500 0
500 1
500 3
500 1
500 4
497 1
497 4
496 5
523 0
523 3
515 2
514 0
514 0
514 5
599 3
563 0
563 2
562 5
697 5
850 3
772 0
772 3
749 1
749 3
738 4
537 5
554 5
632 5
750 3
683 5
846 4
543 2
541 3
527 3
523 1
523 2
522 4
518 4
517 3
514 2
513 5
521 0
519 3
513 1
513 3
512 4
506 5
534 0
534 2
532 4
514 0
512 1
512 3
510 3
509 1
509 5
579 2
577 3
551 2
550 2
548 2
547 2
546 0
545 4
518 4
505 0
502 0
502 3
502 1
502 5
575 3
546 4
509 2
508 2
507 4
505 3
504 1
504 5
529 5
589 2
589 3
557 5
624 5
736 1
736 5
884 3
791 3
747 3
733 0
733 5
982 5
1254 5
1531 4
571 2
568 3
547 0
531 3
528 0
527 5
609 1
609 2
607 0
607 4
524 2
523 4
517 5
532 2
532 2
532 0
530 5
608 4
519 4
517 5
530 1
530 0
526 2
526 2
526 1
524 2
523 3
516 1
516 0
515 5
592 3
560 1
560 5
628 1
628 3
594 4
530 2
529 3
518 4
505 5
528 0
528 4
506 4
503 3
502 3
502 1
502 3
502 4
502 2
501 3
501 4
501 5
525 4
502 5
524 3
510 3
510 2
509 4
503 1
503 4
502 3
499 4
499 3
499 5
525 0
525 5
596 4
507 0
503 4
501 3
501 2
500 3
500 3
500 0
500 5
555 3
531 5
583 4
515 0
510 4
502 4
502 5
521 1
521 3
512 5
554 0
554 5
651 4
519 0
510 2
508 4
503 5
529 3
515 3
513 0
512 3
512 2
511 0
511 1
511 4
508 -1
1424 4
1424 2
1423 5
1422 2
1419 5
1380 4
1328 0
887 3
708 5
781 1
783 2
773 2
766 5
888 3
806 0
806 5
1007 5
1224 4
590 1
590 5
579 2
577 3
556 2
555 5
568 5
635 3
581 3
564 4
529 4
510 4
510 1
512 4
511 3
511 3
510 5
531 2
532 2
533 0
533 1
533 0
533 0
533 0
533 3
522 0
522 4
515 1
523 4
512 0
506 2
507 5
581 3
549 4
521 3
514 2
513 2
512 2
511 3
509 2
508 5
524 1
527 5
590 5
680 5
790 0
790 2
782 5
896 3
773 1
773 2
769 3
718 3
691 1
691 2
690 5
830 2
828 3
780 1
780 2
778 1
778 2
776 2
774 5
999 0
999 2
995 1
995 5
1246 4
554 2
552 5
553 4
518 3
510 4
509 5
525 1
527 1
531 5
577 5
660 4
515 3
512 1
516 2
515 2
511 5
533 5
576 5
655 1
655 5
749 0
749 5
851 5
962 4
539 5
537 5
563 2
564 5
631 5
708 4
531 0
519 2
518 5
575 1
576 2
575 0
575 4
506 5
524 1
525 0
525 2
524 2
526 3
512 3
510 2
509 5
558 1
560 0
559 3
542 0
538 1
540 0
540 5
646 2
644 3
596 3
585 4
523 2
522 5
550 4
509 1
513 5
532 2
531 3
513 3
513 4
506 4
505 2
505 3
505 5
535 0
534 2
535 5
616 5
717 1
716 5
833 2
829 5
941 2
934 4
535 2
534 3
526 5
528 0
523 2
524 3
518 2
517 2
516 2
515 5
567 4
511 4
509 4
509 1
511 3
509 2
508 0
504 4
503 3
503 2
504 1
506 0
505 1
506 3
504 4
503 1
506 3
503 3
503 2
502 2
502 0
502 2
503 4
502 5
526 2
527 5
579 4
513 1
515 2
513 2
512 3
508 2
508 1
511 5
530 4
506 4
505 5
522 5
564 2
566 4
508 2
508 2
509 3
507 2
508 2
509 4
508 5
525 4
507 2
508 2
509 2
510 0
508 3
504 4
503 0
502 2
504 4
502 2
503 5
526 2
529 0
529 5
591 5
667 0
667 4
522 3
518 0
511 1
513 0
513 0
513 2
514 2
512 4
507 4
507 1
510 3
509 2
510 1
513 3
512 2
511 0
508 0
508 0
508 3
506 4
505 3
505 3
505 1
505 2
505 1
507 5
526 0
526 4
505 5
522 4
505 5
522 4
506 1
506 3
506 1
508 2
508 4
508 5
522 3
514 4
508 0
507 2
507 0
507 5
564 0
564 3
541 3
528 5
586 4
517 5
534 5
584 2
581 5
669 2
665 4
519 3
519 1
521 2
519 4
515 3
515 3
512 5
517 2
517 3
509 3
509 2
508 5
540 2
538 3
518 4
501 5
525 0
525 5
603 4
513 0
507 3
507 5
565 3
536 4
505 2
504 5
523 4
502 1
507 3
500 5
527 4
499 0
499 0
499 0
499 1
501 2
500 1
504 4
500 1
504 2
500 1
502 5
521 4
500 0
499 4
498 3
498 2
499 0
498 1
499 5
556 1
556 1
557 3
535 0
534 5
633 5
753 2
750 3
670 4
531 0
523 2
522 0
522 0
522 2
521 3
518 3
518 2
517 1
518 4
512 0
512 0
512 0
512 5
596 5
704 0
704 0
704 5
831 5
959 0
959 1
957 3
837 3
795 4
552 5
544 5
588 1
587 4
523 1
523 4
512 2
509 5
529 2
529 0
528 4
508 0
503 0
503 2
504 0
504 3
504 2
503 1
503 5
567 4
510 0
504 1
504 2
505 3
504 3
504 0
504 3
504 0
504 4
500 2
499 0
499 3
497 2
496 1
497 5
565 5
654 1
654 3
585 3
571 5
674 2
672 1
672 5
818 1
818 0
818 3
755 1
756 4
546 3
524 3
521 3
520 2
519 5
549 4
514 0
509 1
512 1
513 0
513 2
512 5
589 0
589 1
589 1
590 0
590 5
696 5
815 4
531 5
541 5
583 4
518 3
513 2
512 4
509 0
508 1
509 2
508 4
501 3
501 2
501 4
500 0
499 2
501 4
500 0
499 1
499 2
501 2
501 2
505 0
505 0
505 2
505 4
502 5
526 2
528 1
530 3
517 4
507 1
507 2
508 0
504 0
504 2
504 5
564 0
564 3
537 4
514 2
513 0
508 4
504 2
503 3
502 5
519 2
520 5
571 4
508 1
510 1
510 2
508 2
507 2
508 5
523 4
507 5
526 3
517 1
519 4
508 4
504 4
504 4
504 0
503 3
503 0
503 5
559 4
506 4
506 4
506 3
505 0
504 2
504 3
504 0
504 1
504 3
504 4
502 0
500 0
500 3
500 0
499 5
552 1
552 5
623 3
568 0
568 4
526 3
518 1
518 1
518 1
518 4
509 3
508 4
508 4
508 5
522 0
520 5
585 5
671 4
520 4
516 2
516 0
511 2
513 3
508 1
510 3
508 1
508 3
508 1
508 0
508 4
507 5
529 4
505 3
505 4
505 1
505 5
519 3
513 3
512 0
510 0
510 4
507 0
506 2
508 1
509 4
507 5
529 4
507 0
506 3
505 3
505 0
503 0
503 1
510 5
558 4
508 2
507 5
530 4
503 0
503 4
503 2
504 3
503 1
504 4
504 3
503 2
503 4
503 2
504 4
504 2
505 3
503 2
504 3
503 0
501 5
556 1
558 1
558 2
556 3
529 0
527 5
608 3
574 4
525 3
516 2
515 1
517 0
514 1
516 5
588 4
516 3
511 2
510 3
509 4
504 3
504 0
503 2
505 5
562 5
646 0
646 3
576 4
520 2
518 3
508 4
504 2
504 1
504 1
504 2
504 5
527 2
527 3
514 0
513 3
513 2
512 0
512 3
512 2
511 3
511 5
584 5
686 5
798 4
539 4
531 4
531 2
528 3
523 5
541 2
541 0
539 2
539 5
602 4
513 3
512 1
512 0
509 5
573 4
513 5
535 2
536 3
517 1
518 5
564 0
564 3
540 5
610 4
524 2
523 0
514 0
514 0
514 0
514 2
513 4
508 5
538 4
504 3
503 5
533 2
534 0
533 0
533 5
602 2
601 2
601 5
690 2
690 2
690 2
690 5
789 3
671 3
633 0
633 0
633 2
631 0
631 5
768 0
768 3
721 4
551 3
534 5
556 3
535 4
519 4
513 2
512 0
508 3
507 4
504 0
504 0
504 0
504 3
504 0
504 1
504 3
504 0
504 5
578 2
577 3
553 3
541 4
512 3
508 0
507 2
508 3
507 2
506 4
502 1
502 4
497 0
496 4
496 4
496 1
496 4
496 2
496 4
496 4
496 3
496 1
496 4
496 3
496 2
497 4
497 0
495 4
495 5
537 3
518 4
501 5
536 2
537 1
537 5
605 4
511 1
511 2
510 3
508 1
508 4
506 5
524 3
514 2
513 4
503 5
531 4
505 4
504 5
531 0
531 4
502 3
502 5
535 4
501 4
501 5
535 5
592 2
592 4
509 3
508 5
538 1
538 4
505 5
535 2
535 1
535 0
535 0
535 4
506 0
505 2
505 2
505 4
503 0
503 1
503 5
567 3
534 4
511 5
539 3
521 0
520 5
610 4
519 4
511 0
504 2
505 1
505 4
502 3
502 2
502 4
502 2
501 4
501 0
500 0
500 0
500 3
500 0
498 3
498 4
498 5
530 4
501 5
530 4
500 0
499 5
564 3
533 5
608 0
608 1
608 5
719 0
719 3
645 2
643 3
620 3
608 3
599 0
599 1
599 2
598 2
597 0
597 0
597 1
597 3
596 2
595 4
539 5
576 2
574 0
573 4
521 2
520 0
518 4
510 1
510 5
548 4
506 2
505 1
505 2
504 4
503 2
504 1
504 5
533 0
532 3
516 2
515 3
513 3
512 4
502 3
502 3
502 4
500 0
499 1
500 4
498 4
498 4
498 5
528 2
528 2
528 4
500 4
498 5
528 4
498 2
498 4
498 0
498 1
498 4
498 3
498 1
498 1
498 3
498 4
498 4
498 3
498 4
498 0
498 0
498 0
498 5
573 0
573 5
661 3
594 2
592 1
592 3
571 4
515 4
503 5
535 4
503 4
503 0
501 2
501 3
501 4
501 5
532 1
532 3
516 4
503 2
502 3
501 3
501 0
500 5
574 0
574 1
574 4
502 3
500 3
500 4
500 3
500 3
500 1
500 3
500 2
500 0
499 0
499 1
499 2
499 3
499 1
499 5
571 2
571 5
659 2
659 3
585 4
523 4
511 4
511 4
511 4
511 5
532 3
512 2
511 0
509 5
584 4
510 5
540 2
539 0
538 0
538 3
519 5
583 2
583 3
547 1
547 0
547 4
526 5
552 2
550 4
502 4
502 5
529 4
502 3
502 4
501 5
531 2
531 3
517 1
517 4
505 0
504 5
574 5
651 0
651 5
760 5
871 4
525 3
520 3
519 5
541 0
540 3
520 4
511 3
509 3
509 3
509 3
509 0
509 3
509 4
508 1
508 0
508 2
508 3
508 4
508 2
507 4
506 3
506 4
506 4
506 0
506 4
506 4
506 4
506 4
506 5
539 4
508 2
508 4
508 5
537 3
518 1
518 3
516 4
509 2
508 2
508 0
508 2
508 2
508 0
508 2
508 3
508 0
507 4
506 0
506 4
505 0
505 5
567 3
538 1
538 3
534 0
531 3
529 0
529 2
528 4
517 1
517 4
503 0
503 4
500 5
535 2
535 3
517 2
516 3
513 4
503 3
502 3
501 4
501 0
501 3
501 0
501 4
500 4
500 0
500 2
500 4
499 0
499 4
499 3
499 1
499 2
499 4
499 3
499 2
499 4
499 5
535 0
535 5
616 4
510 5
539 4
504 1
504 0
503 5
566 3
537 0
537 3
535 4
514 5
544 4
503 2
502 3
501 5
532 5
596 5
686 1
685 4
513 4
511 4
511 4
511 5
529 1
529 4
505 1
505 2
504 2
504 0
503 1
503 5
572 5
654 2
653 3
588 0
587 3
574 5
702 3
649 3
632 2
630 5
811 5
1028 4
561 4
536 0
523 3
519 5
586 5
687 3
614 1
614 1
614 1
614 4
530 5
550 4
509 5
528 0
525 4
502 4
502 5
523 5
575 2
575 2
575 5
659 4
518 0
510 3
510 4
509 3
508 1
508 3
507 0
507 1
507 5
574 3
539 4
512 1
512 0
511 2
509 2
509 1
509 2
509 4
508 4
506 2
506 3
506 3
506 2
506 5
536 5
594 3
550 5
626 2
624 4
514 4
508 1
508 1
508 0
506 2
506 0
506 4
506 3
506 5
537 5
596 1
585 3
544 4
519 0
515 4
509 2
508 0
506 4
504 4
503 5
532 4
503 4
503 2
503 0
501 2
501 3
501 2
500 1
500 0
500 4
500 4
500 3
500 2
500 5
534 0
534 0
534 5
614 0
614 0
614 4
516 3
512 1
512 0
508 0
508 2
508 5
579 5
658 0
658 0
658 3
585 2
584 2
583 1
583 1
583 5
657 4
525 5
535 1
535 4
511 0
504 2
504 5
572 5
655 2
655 4
519 0
510 4
503 5
523 5
583 3
539 0
539 4
517 4
508 3
506 3
505 0
500 4
499 5
520 2
520 4
501 2
500 4
500 3
500 5
513 1
513 5
572 3
537 1
537 4
514 5
528 0
526 1
526 0
526 3
518 5
590 5
692 4
524 0
513 1
513 0
513 4
501 0
500 3
499 3
497 4
494 3
494 3
493 1
493 2
493 5
517 5
581 2
579 3
542 5
607 1
607 5
719 1
719 1
719 2
717 4
522 0
512 1
512 0
512 5
586 5
683 0
683 4
516 4
508 0
501 5
560 0
560 2
560 2
560 4
502 5
522 4
501 2
500 4
500 3
499 4
498 3
498 5
516 4
501 5
517 3
509 2
508 1
508 4
500 5
521 2
521 0
520 4
499 4
498 5
519 4
498 2
498 4
498 3
498 3
498 4
498 5
519 2
519 5
578 4
499 4
499 4
499 4
499 1
499 5
516 1
516 3
509 3
507 3
505 3
504 3
502 4
496 3
496 4
494 4
494 3
494 3
494 3
494 0
492 4
492 1
492 3
492 5
518 3
508 4
494 3
494 2
494 5
517 1
517 5
575 2
575 0
575 5
663 3
587 5
674 2
672 3
630 1
630 4
522 2
521 0
516 0
516 3
513 3
513 2
512 5
594 2
589 4
514 3
508 5
542 0
540 3
525 2
524 2
523 4
510 4
501 1
501 3
498 5
520 4
498 4
496 1
496 3
496 3
496 5
516 1
516 5
573 5
658 0
658 4
513 5
525 3
512 0
511 5
593 2
592 5
692 3
623 4
521 4
506 4
506 5
525 3
507 3
503 5
552 0
552 4
508 5
530 5
593 0
593 2
593 0
593 0
593 4
513 3
508 4
504 2
503 4
503 4
503 2
503 2
503 0
500 2
500 1
500 3
499 2
499 4
499 2
499 5
523 1
523 4
503 1
503 5
521 4
503 1
503 3
503 5
519 4
503 3
503 2
503 3
503 1
503 3
503 2
503 4
503 2
503 3
503 2
503 3
503 0
502 2
502 5
559 4
504 2
504 1
504 2
503 4
503 5
523 4
501 0
499 5
555 1
555 2
555 5
632 4
509 4
509 1
509 4
509 0
502 0
502 4
500 5
524 0
524 0
524 4
503 4
503 0
500 5
558 2
558 4
503 2
503 3
503 3
503 3
503 0
502 5
557 4
503 4
503 5
521 0
521 3
513 2
512 2
511 5
564 4
507 4
502 4
502 5
520 5
578 5
650 3
573 2
572 3
554 5
614 3
582 3
572 2
571 1
571 4
530 5
544 3
529 5
595 4
518 2
517 2
516 0
512 4
508 5
541 1
541 0
540 3
522 0
521 4
505 0
502 3
502 5
578 5
677 5
797 5
927 2
924 3
800 4
545 5
549 4
520 0
516 0
516 2
513 0
513 5
576 3
541 0
540 3
535 0
535 3
532 3
531 5
630 3
594 5
740 2
737 4
523 0
518 0
518 3
517 2
516 4
506 4
497 0
496 0
496 2
496 1
496 3
496 3
496 4
495 0
495 2
495 3
495 0
495 3
495 4
495 1
495 0
495 0
495 3
495 3
495 0
495 3
495 4
495 1
495 5
532 2
532 3
514 0
513 5
613 3
571 1
571 0
571 3
563 4
520 0
520 4
509 3
508 3
507 2
506 0
506 1
506 4
503 3
503 0
503 0
503 4
503 5
534 4
502 0
499 4
497 5
526 3
513 3
511 1
511 1
511 2
510 0
510 1
510 2
510 5
600 0
600 5
711 1
711 2
709 0
709 5
839 1
839 5
976 4
546 1
546 5
550 0
543 5
631 3
569 3
560 4
515 0
513 5
599 1
599 5
707 4
512 2
511 0
504 2
503 0
503 1
503 0
503 2
503 4
502 1
502 3
501 0
501 4
499 3
498 2
498 0
498 5
569 4
506 3
504 5
528 5
583 3
536 3
525 3
520 0
518 1
518 3
517 4
512 3
505 2
504 4
499 2
498 4
498 5
524 1
524 5
591 4
513 0
503 0
503 3
503 3
502 5
571 4
509 0
502 2
502 4
499 0
499 0
499 3
499 3
499 0
499 4
499 3
499 1
499 0
499 5
577 3
542 3
536 3
534 5
605 4
524 3
516 4
505 2
504 1
504 4
503 5
523 0
522 0
522 5
602 4
511 5
528 5
580 3
539 3
533 4
511 0
510 1
510 2
509 0
509 4
506 4
503 3
503 4
502 5
523 4
503 0
501 0
501 3
499 1
499 0
499 4
497 0
497 2
497 3
497 2
497 3
497 4
497 1
497 4
497 2
497 4
497 2
497 5
529 1
529 4
503 4
502 2
502 4
502 5
525 1
525 0
525 5
605 4
509 1
509 4
506 4
506 3
504 5
534 2
534 4
502 5
529 3
514 3
510 2
509 5
554 0
554 3
538 4
515 3
512 0
507 5
582 3
550 4
508 0
507 3
507 1
507 4
504 4
500 1
500 4
499 0
499 1
499 4
498 0
498 5
564 0
564 2
564 2
564 1
564 4
505 3
504 4
500 1
500 4
500 3
500 3
499 2
499 4
499 5
526 3
514 2
513 3
513 4
503 2
502 3
500 1
500 4
500 1
500 1
500 5
524 4
497 3
497 3
497 3
497 2
497 4
497 3
497 5
522 0
521 0
521 3
510 2
509 4
502 1
502 4
500 5
525 5
583 0
583 4
505 3
504 0
500 5
559 2
559 3
533 0
533 4
513 2
512 4
501 3
500 2
499 5
526 4
500 0
499 1
499 3
499 4
498 2
498 0
498 4
497 4
497 1
497 0
497 4
497 3
497 4
497 3
497 3
497 5
529 5
588 5
671 2
671 5
764 4
522 1
522 3
515 1
515 0
506 3
505 0
504 5
568 4
507 4
506 0
500 2
500 5
559 2
559 4
505 2
505 0
500 3
500 2
499 0
499 0
499 0
499 4
499 5
523 3
511 3
509 3
509 0
507 2
507 4
502 0
501 1
501 4
501 3
501 2
500 3
500 4
499 3
499 5
527 0
527 0
527 4
502 3
502 4
501 5
523 4
504 4
503 2
503 4
503 3
503 3
503 4
503 5
525 0
524 3
516 3
515 0
514 4
510 3
505 5
535 4
507 2
506 3
504 0
500 0
500 3
500 3
500 3
500 2
499 5
565 3
530 4
508 0
507 0
507 0
507 0
507 1
507 3
507 0
507 4
503 0
503 0
503 4
502 4
500 2
499 1
499 2
499 0
499 0
499 5
568 4
510 5
529 3
516 2
514 2
513 3
511 4
503 2
502 2
502 0
500 4
498 1
498 0
498 5
560 2
560 0
560 5
644 0
644 0
644 5
742 4
528 4
523 4
523 0
515 3
514 4
510 4
509 0
509 -1
