instance: ../../../heur/heur003.gr
iterations: 5
operations per iteration: 80000
best solution:
[[0: 29, 34, 60, 61, 62, 64, 65, 86, ], [1: 1, 37, 39, 40, 41, 77, 90, 109, 114, 115, ], [5: 0, 1, 2, 3, 4, 5, 6, 7, 8, 9, 10, 11, 12, 39, 40, 42, ], [13: 13, 14, 15, 16, 17, 19, 20, 21, 22, 23, 24, 25, 26, 66, 67, 68, 69, 70, 71, 72, 73, 75, 76, 77, 78, 79, 80, 81, 82, 84, 85, ], [27: 25, 27, 45, 51, 52, 55, 58, 66, 68, 72, 76, ], [44: 44, 45, 46, 47, 48, 49, 50, 51, 52, 53, 54, 55, 56, 57, 58, 59, 77, 84, 85, 89, ], [45: 16, 19, 20, 24, 26, 45, 51, 55, 57, 67, 69, 73, 79, 80, 81, 82, ], [52: 15, 16, 21, 22, 23, 31, 32, 35, 78, 79, 116, ], [53: 28, 31, 38, 44, 45, 49, 55, 56, 57, 58, 91, 99, 106, 118, ], [59: 6, 28, 32, 49, 59, 66, 106, ], [61: 0, 10, 32, 35, 36, 39, 42, 61, 62, 63, ], [63: 15, 23, 25, 98, 99, 108, 110, 111, ], [65: 63, 65, 67, 78, 114, 116, 119, ], [79: 6, 22, 27, 31, 52, 71, 74, 83, 84, ], [81: 14, 72, 73, 78, 81, 88, 92, 93, 95, 99, 103, 105, ], [90: 21, 24, 45, 55, 57, 58, 73, 74, 75, 78, 81, 83, 85, 97, ], [96: 63, 66, 70, 86, 89, 115, ], [102: 14, 16, 24, 66, 71, 72, 74, 75, 83, 93, 94, 95, 96, 97, 100, 101, 102, 103, 104, 107, ], [103: 17, 24, 31, 46, 68, 73, 81, 86, 94, 95, 99, 100, 103, 105, 106, ], [104: 57, 68, 69, 71, 74, 76, 79, 80, 82, 83, 94, 97, 98, 100, 101, 102, 104, 105, 107, 114, ], [109: 17, 18, 24, 75, 80, 87, 89, 91, 92, 93, 95, 100, 109, ], [115: 89, 101, 104, 107, 109, 110, 115, 117, 119, ], [122: 13, 18, 21, 26, 85, 86, 94, 103, 105, ], [123: 11, 26, 27, 28, 29, 30, 31, 32, 33, 34, 35, 36, 96, ], [130: 0, 5, 28, 29, 61, 63, ], [144: 11, 18, 28, 77, 117, 119, ], [151: 13, 17, 21, 65, 67, 70, 74, 77, 83, ], [156: 24, 49, 78, 79, 84, 115, 118, ], [178: 6, 47, 52, 54, 58, 69, 79, 84, 86, ], [180: 16, 25, 52, 66, 90, 91, 97, 99, 101, 104, 105, ], [206: 18, 22, 24, 32, 68, 89, 118, ], [223: 18, 28, 30, 67, 115, ], [225: 21, 27, 44, 49, 52, 57, 69, 103, ], [241: 7, 77, 114, 116, 117, ], [245: 6, 37, 90, 91, 95, 103, 114, 118, ], [250: 13, 20, 79, 81, 87, 90, 93, 94, 100, ], [251: 66, 68, 70, 79, 97, 100, 109, 119, ], [255: 67, 77, 82, 87, 98, 99, 106, 114, ], [309: 28, 29, 30, 33, 35, 36, 38, 42, 43, 60, ], [342: 34, 38, 48, 66, 68, 88, 91, ], [343: 4, 72, 73, 77, 78, 83, 97, 101, 106, ], [352: 21, 74, 82, 90, 92, 94, 95, 109, ], [361: 108, 112, 113, 114, 115, 119, ], [456: 16, 86, 87, 88, 109, 110, 113, 117, 118, ], [464: 40, 48, 56, 88, 91, 106, ], [466: 3, 6, 9, 32, 34, 36, ], [473: 16, 18, 20, 62, 86, 88, 90, 91, 92, 105, 106, ], [481: 1, 27, 29, 33, 35, 36, 60, 61, 63, 64, 65, ], [483: 0, 2, 4, 27, 34, 63, ], [488: 19, 27, 31, 48, 67, 69, 77, 82, 86, ], [489: 9, 21, 38, 93, 96, 98, 99, 102, 106, ], [499: 48, 54, 59, 75, 82, 86, 119, ], [505: 18, 21, 25, 57, 66, 79, 100, 102, ], [507: 2, 6, 11, 23, 38, 39, 43, 57, 99, ], [508: 23, 60, 90, 106, ], [510: 27, 38, 46, 47, 52, 54, 59, 75, ], [513: 20, 44, 47, 48, 53, 80, ], [514: 18, 50, 88, 89, 90, 99, 100, 104, 106, 107, 117, ], [519: 14, 17, 20, 26, 35, 62, ], [534: 50, 75, 77, 88, 91, 94, 98, 99, ], [547: 27, 58, 72, 78, 109, 114, ], [614: 8, 12, 112, 117, ], [619: 24, 47, 50, 54, 88, 91, ], [627: 14, 18, 37, 88, 101, ], [628: 6, 7, 40, 41, 109, 118, 119, ], [647: 24, 76, 84, 89, 93, 102, 105, 114, ], [649: 1, 12, 27, 32, 38, 63, 108, 118, ], [651: 33, 108, 111, 115, 116, ], [664: 46, 49, 79, 83, 95, 97, 98, 99, 103, ], [665: 5, 7, 10, 37, 38, 40, 43, ], [668: 1, 60, 109, 112, 116, 118, ], [670: 3, 7, 8, 10, 96, 106, ], ]
cost of best solution: 844
average cost of solutions: 848.2
average last operation finding best solution: 59965.2
average runtime: 134.92
------------------
average time of add_all_nodes_to_neighbours: 0.00360355
average time of random_choice_split: 0
average time of weighted_random_merge: 0
average time of label_propagation_round 0.00170881
------------------
average improvement of add_all_nodes_to_neighbours -0.141043
per second: -39.1399
average improvement of random_choice_split -0.0314162
per second: -inf
average improvement of weighted_random_merge -0.266246
per second: -inf
average improvement of label_propagation_round -0.0658498
per second: -38.5356
all solutions:
------------------
iteration 0: [[0: 29, 34, 60, 61, 62, 64, 65, 86, ], [1: 1, 37, 39, 40, 41, 77, 90, 109, 114, 115, ], [5: 0, 1, 2, 3, 4, 5, 6, 7, 8, 9, 10, 11, 12, 39, 40, 42, ], [13: 13, 14, 15, 16, 17, 19, 20, 21, 22, 23, 24, 25, 26, 66, 67, 68, 69, 70, 71, 72, 73, 75, 76, 77, 78, 79, 80, 81, 82, 84, 85, ], [27: 25, 27, 45, 51, 52, 55, 58, 66, 68, 72, 76, ], [44: 44, 45, 46, 47, 48, 49, 50, 51, 52, 53, 54, 55, 56, 57, 58, 59, 77, 84, 85, 89, ], [45: 16, 19, 20, 24, 26, 45, 51, 55, 57, 67, 69, 73, 79, 80, 81, 82, ], [52: 15, 16, 21, 22, 23, 31, 32, 35, 78, 79, 116, ], [53: 28, 31, 38, 44, 45, 49, 55, 56, 57, 58, 91, 99, 106, 118, ], [59: 6, 28, 32, 49, 59, 66, 106, ], [61: 0, 10, 32, 35, 36, 39, 42, 61, 62, 63, ], [63: 15, 23, 25, 98, 99, 108, 110, 111, ], [65: 63, 65, 67, 78, 114, 116, 119, ], [79: 6, 22, 27, 31, 52, 71, 74, 83, 84, ], [81: 14, 72, 73, 78, 81, 88, 92, 93, 95, 99, 103, 105, ], [90: 21, 24, 45, 55, 57, 58, 73, 74, 75, 78, 81, 83, 85, 97, ], [96: 63, 66, 70, 86, 89, 115, ], [102: 14, 16, 24, 66, 71, 72, 74, 75, 83, 93, 94, 95, 96, 97, 100, 101, 102, 103, 104, 107, ], [103: 17, 24, 31, 46, 68, 73, 81, 86, 94, 95, 99, 100, 103, 105, 106, ], [104: 57, 68, 69, 71, 74, 76, 79, 80, 82, 83, 94, 97, 98, 100, 101, 102, 104, 105, 107, 114, ], [109: 17, 18, 24, 75, 80, 87, 89, 91, 92, 93, 95, 100, 109, ], [115: 89, 101, 104, 107, 109, 110, 115, 117, 119, ], [122: 13, 18, 21, 26, 85, 86, 94, 103, 105, ], [123: 11, 26, 27, 28, 29, 30, 31, 32, 33, 34, 35, 36, 96, ], [130: 0, 5, 28, 29, 61, 63, ], [144: 11, 18, 28, 77, 117, 119, ], [151: 13, 17, 21, 65, 67, 70, 74, 77, 83, ], [156: 24, 49, 78, 79, 84, 115, 118, ], [178: 6, 47, 52, 54, 58, 69, 79, 84, 86, ], [180: 16, 25, 52, 66, 90, 91, 97, 99, 101, 104, 105, ], [206: 18, 22, 24, 32, 68, 89, 118, ], [223: 18, 28, 30, 67, 115, ], [225: 21, 27, 44, 49, 52, 57, 69, 103, ], [241: 7, 77, 114, 116, 117, ], [245: 6, 37, 90, 91, 95, 103, 114, 118, ], [250: 13, 20, 79, 81, 87, 90, 93, 94, 100, ], [251: 66, 68, 70, 79, 97, 100, 109, 119, ], [255: 67, 77, 82, 87, 98, 99, 106, 114, ], [309: 28, 29, 30, 33, 35, 36, 38, 42, 43, 60, ], [342: 34, 38, 48, 66, 68, 88, 91, ], [343: 4, 72, 73, 77, 78, 83, 97, 101, 106, ], [352: 21, 74, 82, 90, 92, 94, 95, 109, ], [361: 108, 112, 113, 114, 115, 119, ], [456: 16, 86, 87, 88, 109, 110, 113, 117, 118, ], [464: 40, 48, 56, 88, 91, 106, ], [466: 3, 6, 9, 32, 34, 36, ], [473: 16, 18, 20, 62, 86, 88, 90, 91, 92, 105, 106, ], [481: 1, 27, 29, 33, 35, 36, 60, 61, 63, 64, 65, ], [483: 0, 2, 4, 27, 34, 63, ], [488: 19, 27, 31, 48, 67, 69, 77, 82, 86, ], [489: 9, 21, 38, 93, 96, 98, 99, 102, 106, ], [499: 48, 54, 59, 75, 82, 86, 119, ], [505: 18, 21, 25, 57, 66, 79, 100, 102, ], [507: 2, 6, 11, 23, 38, 39, 43, 57, 99, ], [508: 23, 60, 90, 106, ], [510: 27, 38, 46, 47, 52, 54, 59, 75, ], [513: 20, 44, 47, 48, 53, 80, ], [514: 18, 50, 88, 89, 90, 99, 100, 104, 106, 107, 117, ], [519: 14, 17, 20, 26, 35, 62, ], [534: 50, 75, 77, 88, 91, 94, 98, 99, ], [547: 27, 58, 72, 78, 109, 114, ], [614: 8, 12, 112, 117, ], [619: 24, 47, 50, 54, 88, 91, ], [627: 14, 18, 37, 88, 101, ], [628: 6, 7, 40, 41, 109, 118, 119, ], [647: 24, 76, 84, 89, 93, 102, 105, 114, ], [649: 1, 12, 27, 32, 38, 63, 108, 118, ], [651: 33, 108, 111, 115, 116, ], [664: 46, 49, 79, 83, 95, 97, 98, 99, 103, ], [665: 5, 7, 10, 37, 38, 40, 43, ], [668: 1, 60, 109, 112, 116, 118, ], [670: 3, 7, 8, 10, 96, 106, ], ]
edge deletions: 192
edge additions: 106
vertex splittings: 546
cost of solution: 844
time used on iteration: 125.469
best solution found at iteration 65797
------------------
iteration 1: [[2: 0, 1, 2, 3, 4, 5, 6, 7, 8, 9, 10, 11, 12, 39, 40, 42, ], [5: 13, 18, 26, 85, 86, 103, 105, ], [17: 16, 20, 24, 26, 45, 51, 55, 57, 73, 79, 80, 81, 82, 84, 85, ], [32: 15, 16, 22, 23, 31, 32, 35, 78, 79, 116, ], [37: 18, 24, 75, 80, 87, 88, 89, 91, 92, 93, 94, 95, 100, 109, ], [40: 15, 23, 25, 98, 99, 108, 110, 111, ], [44: 38, 44, 45, 46, 47, 48, 49, 50, 51, 52, 53, 54, 55, 56, 57, 58, 59, 91, ], [49: 20, 44, 47, 48, 53, 80, 84, 85, ], [50: 6, 28, 32, 38, 49, 55, 59, 66, 106, ], [66: 7, 41, 70, 119, ], [73: 19, 25, 27, 45, 48, 51, 55, 57, 58, 66, 67, 68, 69, 75, 76, ], [92: 16, 20, 62, 88, 90, 91, 105, 106, ], [95: 1, 12, 27, 38, 63, 108, ], [98: 67, 68, 77, 81, 82, 87, 98, 99, 106, ], [99: 17, 21, 24, 46, 73, 81, 82, 86, 92, 94, 95, 99, 100, 103, 105, 106, ], [103: 16, 66, 71, 74, 79, 80, 83, 90, 93, 94, 95, 96, 97, 98, 100, 101, 102, 103, 104, 105, 107, 114, ], [105: 11, 26, 27, 28, 29, 30, 31, 32, 33, 34, 35, 36, 38, 96, ], [110: 24, 31, 57, 58, 73, 78, ], [111: 63, 65, 67, 78, 114, 119, ], [116: 13, 14, 15, 16, 17, 19, 20, 21, 22, 23, 24, 25, 26, 66, 67, 68, 69, 70, 71, 72, 73, 74, 75, 76, 77, 78, 79, 80, 81, 82, 83, 84, 85, ], [119: 88, 91, 101, 104, 107, 110, 117, ], [128: 21, 46, 49, 52, 55, 57, 58, 77, 79, 83, 97, 99, ], [129: 0, 10, 32, 35, 36, 39, 42, 61, 62, 63, ], [136: 28, 44, 45, 57, 77, 91, 99, 118, ], [137: 1, 37, 39, 41, 77, 90, 109, 114, 115, 118, ], [146: 4, 73, 77, 78, 83, 101, 106, ], [150: 6, 31, 37, 68, 91, 95, 103, 118, ], [157: 13, 14, 17, 20, 76, 87, 93, 94, 100, ], [166: 6, 27, 31, 52, 57, 71, 74, 90, 103, ], [173: 24, 49, 78, 84, 97, 105, 115, 118, ], [252: 40, 48, 56, 77, 88, 89, 106, 118, ], [293: 108, 109, 110, 112, 113, 114, 115, 116, 117, 118, 119, ], [306: 66, 68, 75, 82, 97, 100, 101, 104, 107, 109, 119, ], [313: 47, 52, 54, 58, 59, 75, 77, 84, 85, 86, 89, ], [321: 14, 18, 37, 97, 101, 104, ], [345: 16, 18, 79, 86, 87, 90, 109, 113, 115, 117, 118, ], [353: 5, 7, 10, 37, 38, 40, 42, 43, ], [394: 6, 47, 54, 69, 79, 86, 119, ], [397: 50, 69, 76, 85, 94, 97, 98, ], [413: 9, 24, 72, 93, 94, 96, 99, 101, 102, 104, 106, 107, 114, ], [452: 21, 38, 46, 75, 91, 93, 98, ], [462: 18, 50, 57, 66, 89, 90, 99, 100, 104, 107, ], [464: 14, 16, 72, 73, 75, 78, 81, 88, 92, 93, 99, 103, ], [483: 25, 52, 69, 72, 76, 100, 104, 105, ], [517: 31, 44, 49, 69, 89, 103, ], [536: 27, 29, 34, 60, 61, 62, 64, 65, 86, ], [537: 6, 7, 27, 58, 109, 114, 118, ], [596: 38, 42, 60, 118, ], [599: 34, 66, 68, 86, 88, 91, ], [610: 28, 30, 43, 60, ], [612: 25, 81, 90, 91, 97, 101, ], [627: 15, 17, 18, 19, 31, 67, 86, ], [633: 18, 21, 25, 32, 68, 102, ], [640: 21, 65, 70, 77, 109, 116, ], [660: 0, 2, 4, 27, 34, 63, ], [667: 1, 33, 35, 36, 60, 61, 63, 64, 65, 116, ], [668: 11, 12, 18, 77, 117, 119, ], [693: 63, 70, 89, 115, ], [698: 14, 17, 21, 35, 96, ], [700: 57, 68, 69, 76, 84, 89, 101, 102, 105, 114, ], [706: 24, 47, 54, 88, ], [710: 27, 31, 46, 48, 59, 77, 82, 84, ], [718: 21, 27, 31, 45, 55, 72, 74, 78, 83, ], [719: 40, 87, 114, 119, ], [720: 28, 67, 83, 119, ], [726: 28, 30, 115, 117, ], [727: 45, 58, 72, 97, 102, 106, ], [731: 0, 5, 28, 29, 42, 61, 63, ], [735: 23, 60, 90, 106, ], [743: 3, 6, 9, 32, 34, 36, ], [746: 32, 56, 89, 99, 117, ], [750: 6, 8, 10, 27, 33, ], [752: 2, 6, 11, 23, 38, 39, 43, 57, 99, ], [755: 18, 20, 30, 67, 92, ], [759: 3, 7, 8, 96, 106, 117, ], [761: 33, 43, 108, 111, ], ]
edge deletions: 202
edge additions: 111
vertex splittings: 534
cost of solution: 847
time used on iteration: 123.958
best solution found at iteration 67646
------------------
iteration 2: [[1: 0, 1, 2, 3, 4, 5, 6, 7, 8, 9, 10, 11, 12, 39, 40, 42, ], [2: 9, 93, 94, 95, 96, 98, 99, 101, 102, 104, 105, 106, 107, 114, ], [17: 21, 24, 45, 55, 57, 58, 73, 74, 75, 78, 81, 83, 85, 97, ], [18: 16, 25, 52, 90, 91, 97, 99, 101, 103, 104, 105, ], [19: 13, 14, 15, 16, 17, 19, 20, 21, 22, 23, 24, 25, 26, 66, 67, 68, 69, 70, 71, 72, 73, 75, 76, 77, 78, 79, 80, 81, 82, 84, 85, ], [27: 16, 20, 24, 25, 26, 45, 51, 55, 57, 72, 79, 80, 81, ], [28: 31, 38, 44, 45, 56, 58, 91, 99, 106, 118, ], [38: 11, 26, 27, 28, 29, 30, 31, 32, 33, 34, 35, 36, 38, 96, ], [40: 1, 37, 39, 41, 77, 90, 109, 114, 115, ], [44: 21, 22, 27, 31, 52, 71, 72, 74, 83, 84, ], [48: 44, 45, 46, 47, 48, 49, 50, 51, 52, 53, 54, 55, 56, 57, 58, 59, 77, 84, 85, 89, ], [50: 18, 24, 50, 57, 75, 91, 94, 97, 100, 104, 107, ], [52: 13, 18, 26, 66, 85, 86, 94, 103, 105, ], [63: 1, 33, 35, 36, 60, 61, 63, 64, 65, 116, ], [65: 63, 65, 67, 78, 114, 119, ], [72: 13, 14, 16, 18, 20, 79, 87, 90, 93, 94, 100, ], [90: 14, 88, 89, 92, 99, 100, 105, ], [96: 17, 21, 24, 31, 46, 73, 81, 86, 94, 95, 96, 100, 103, 105, 106, ], [113: 17, 24, 67, 82, 86, 87, 92, 99, 106, ], [114: 57, 68, 69, 71, 72, 74, 76, 79, 80, 82, 83, 94, 97, 98, 100, 101, 102, 103, 104, 105, 107, 114, ], [115: 15, 23, 25, 98, 99, 108, 110, 111, ], [118: 6, 31, 37, 90, 95, 103, 118, ], [129: 19, 27, 31, 45, 48, 51, 55, 57, 66, 67, 68, 69, 76, 82, ], [132: 40, 48, 56, 88, 106, 118, ], [136: 0, 10, 32, 35, 36, 39, 42, 61, 62, 63, ], [138: 34, 48, 68, 88, 91, ], [140: 1, 12, 27, 38, 63, 108, 118, ], [143: 6, 28, 31, 32, 38, 49, 55, 59, 66, 91, 99, 106, ], [158: 16, 97, 115, 118, ], [161: 16, 18, 21, 80, 90, 91, 92, 93, 94, 95, 109, ], [166: 6, 47, 52, 54, 58, 69, 79, 84, 86, ], [176: 27, 29, 34, 60, 61, 62, 64, 65, 86, ], [190: 46, 53, 68, 89, 103, 106, ], [196: 4, 72, 77, 78, 83, 97, 101, 106, ], [237: 89, 101, 104, 107, 110, 115, 117, 119, ], [245: 54, 59, 82, 119, ], [248: 108, 109, 112, 114, 115, 116, 117, 118, 119, ], [251: 24, 84, 89, 93, 101, 102, 114, ], [257: 20, 44, 47, 48, 53, 80, ], [263: 11, 12, 18, 28, 77, 117, 119, ], [361: 2, 6, 11, 23, 39, 43, 57, ], [378: 86, 87, 88, 90, 113, 117, ], [409: 66, 70, 97, 100, 104, 109, 119, ], [417: 5, 7, 10, 37, 38, 40, 42, 43, ], [419: 77, 81, 87, 88, 90, 91, 94, 98, ], [462: 23, 60, 90, 106, ], [470: 72, 73, 75, 78, 81, 88, 92, 93, 99, 101, 103, ], [537: 63, 70, 89, 115, ], [540: 24, 66, 78, 88, 95, 101, 107, 109, ], [542: 6, 7, 40, 41, 114, 118, 119, ], [566: 14, 16, 66, 74, 83, 90, 93, 96, 97, 107, ], [579: 28, 38, 42, 43, 60, 118, ], [588: 0, 2, 4, 27, 34, 63, ], [592: 0, 5, 28, 29, 61, 63, ], [620: 3, 6, 9, 32, 34, 36, ], [682: 14, 18, 37, 88, 101, 104, ], [691: 25, 27, 44, 49, 69, 103, ], [693: 79, 86, 109, 110, 113, 115, 118, 119, ], [695: 8, 10, 27, 33, ], [700: 18, 68, 75, 86, 87, 89, 95, 109, 118, 119, ], [701: 15, 18, 19, 31, 77, 86, ], [705: 27, 38, 46, 47, 48, 52, 54, 75, ], [713: 24, 49, 78, 84, 105, 115, 118, ], [714: 3, 7, 8, 10, 96, 106, 117, ], [718: 2, 11, 51, 77, 99, ], [727: 6, 27, 58, 68, 72, 74, 109, 114, ], [732: 18, 24, 32, 68, 99, 102, ], [738: 21, 46, 49, 79, 83, 95, 97, 98, 99, ], [741: 20, 30, 74, 92, ], [742: 32, 56, 89, 91, 117, ], [748: 16, 20, 61, 62, 86, 88, 91, 106, ], [749: 17, 76, 80, 87, 89, 93, ], [761: 15, 16, 21, 22, 23, 31, 32, 35, 78, 79, 116, ], [768: 13, 17, 21, 65, 67, 70, 74, 77, 81, 83, ], [775: 43, 57, 99, 108, 111, 118, ], [780: 24, 47, 54, 88, 91, ], [783: 14, 17, 18, 20, 26, 35, 62, 105, ], [791: 33, 40, 111, 115, ], [793: 28, 45, 83, 93, ], [794: 37, 40, 87, 91, 114, ], [799: 18, 28, 30, 67, 115, ], [800: 7, 70, 77, 109, 116, ], [807: 21, 25, 45, 58, 66, 102, ], ]
edge deletions: 161
edge additions: 104
vertex splittings: 585
cost of solution: 850
time used on iteration: 144.004
best solution found at iteration 60359
------------------
iteration 3: [[2: 14, 16, 24, 66, 72, 74, 79, 93, 94, 96, 97, 100, 101, 102, 103, 104, 105, 107, ], [9: 6, 28, 32, 38, 49, 55, 59, 66, 91, 99, 106, ], [14: 68, 69, 71, 75, 76, 80, 82, 83, 94, 95, 97, 98, 100, 101, 102, 104, 105, 107, ], [16: 16, 18, 80, 87, 89, 90, 91, 92, 93, 95, 109, 118, ], [20: 11, 26, 27, 28, 29, 30, 31, 32, 33, 34, 35, 36, 38, 43, 96, ], [26: 6, 27, 31, 52, 68, 69, 71, 84, 86, 103, ], [40: 0, 1, 2, 3, 4, 5, 6, 7, 8, 9, 10, 11, 12, 39, 40, 42, ], [49: 38, 44, 45, 58, 68, 91, 99, 106, 118, ], [54: 44, 45, 46, 47, 48, 49, 50, 51, 52, 53, 54, 55, 56, 57, 58, 59, 77, 84, 85, 89, ], [57: 13, 14, 15, 16, 17, 19, 20, 21, 22, 23, 24, 25, 26, 66, 67, 68, 69, 70, 71, 72, 73, 74, 75, 76, 77, 78, 79, 80, 81, 82, 83, 84, 85, ], [63: 27, 29, 33, 34, 60, 61, 64, 65, 86, ], [65: 16, 25, 52, 90, 91, 97, 99, 101, 104, 105, ], [84: 24, 25, 45, 51, 55, 57, 58, 69, 73, 79, 81, 97, ], [111: 17, 24, 67, 81, 82, 86, 87, 92, 99, 106, ], [114: 21, 65, 74, 109, ], [116: 15, 16, 21, 22, 23, 24, 31, 32, 35, 78, 79, 116, ], [117: 89, 101, 104, 107, 109, 110, 115, 117, 119, ], [119: 1, 37, 39, 41, 77, 90, 109, 114, 115, ], [120: 16, 19, 20, 26, 45, 48, 51, 55, 57, 66, 67, 68, 76, 80, 82, ], [122: 13, 18, 21, 26, 85, 86, 94, 103, 105, ], [149: 0, 1, 5, 10, 29, 32, 35, 36, 39, 42, 61, 62, 63, ], [159: 6, 31, 37, 86, 90, 91, 95, 103, 118, ], [171: 14, 72, 73, 75, 78, 88, 92, 93, 99, 103, ], [172: 68, 83, 97, 114, 119, ], [185: 70, 75, 86, 89, 100, 119, ], [218: 5, 7, 10, 37, 38, 39, 40, 42, 43, ], [256: 21, 46, 49, 79, 81, 83, 95, 96, 97, 98, 99, 103, ], [268: 4, 72, 73, 77, 78, 83, 97, 101, 106, ], [284: 16, 24, 70, 72, 97, 109, 115, ], [296: 9, 94, 99, 101, 102, 104, 105, 106, 107, 114, ], [317: 40, 48, 56, 77, 88, 91, 106, ], [342: 14, 17, 18, 20, 35, 62, ], [344: 16, 20, 47, 61, 86, 88, 91, ], [356: 9, 38, 93, 96, 98, ], [407: 15, 23, 25, 98, 99, 108, 110, 111, ], [410: 6, 47, 54, 79, 119, ], [411: 33, 63, 108, 111, 115, 116, ], [428: 17, 31, 46, 73, 86, 94, 95, 100, 103, 105, ], [431: 13, 14, 17, 76, 87, 93, 100, ], [434: 68, 75, 77, 87, 88, 94, 98, 109, ], [444: 19, 21, 27, 31, 45, 52, 55, 57, 58, 72, 74, 75, 76, 78, 83, ], [457: 18, 24, 50, 57, 75, 88, 89, 91, 99, 100, 104, 107, ], [490: 3, 6, 9, 32, 34, 36, ], [492: 15, 18, 19, 31, 77, 79, 86, ], [493: 27, 59, 66, 82, 86, 109, 119, ], [505: 10, 12, 27, 77, ], [530: 24, 47, 69, 76, 80, 89, 114, ], [544: 34, 62, 66, 88, 90, 91, ], [545: 1, 35, 36, 60, 62, 64, 65, ], [549: 32, 56, 99, 117, ], [552: 27, 38, 46, 47, 48, 52, 54, 75, ], [569: 23, 60, 90, 106, ], [578: 20, 21, 81, 90, 91, 92, 93, 94, 100, 105, 106, ], [580: 57, 71, 84, 93, 101, 102, 103, 114, ], [584: 6, 7, 40, 41, 118, 119, ], [585: 1, 108, 109, 112, 114, 116, 118, 119, ], [596: 2, 11, 51, 77, 99, ], [601: 6, 7, 58, 74, 109, 114, ], [614: 79, 87, 90, 100, 109, 113, 114, 117, 119, ], [623: 28, 42, 60, 63, 118, ], [632: 18, 28, 30, 67, 115, ], [638: 24, 49, 78, 79, 84, 105, 115, 118, ], [641: 3, 7, 8, 96, 106, 117, ], [661: 2, 6, 11, 23, 39, 43, 57, ], [666: 16, 62, 88, 95, 105, 106, ], [668: 0, 2, 4, 27, 34, 63, ], [669: 11, 18, 28, 77, 117, 119, ], [670: 14, 18, 37, 97, 101, ], [672: 86, 88, 110, 112, 113, 115, 117, 118, ], [682: 28, 45, 83, 93, ], [687: 27, 31, 44, 48, 49, 69, 118, ], [688: 27, 63, 65, 67, 78, 114, 119, ], [695: 1, 12, 27, 38, 63, 108, ], [698: 56, 57, 97, 111, 118, ], [701: 18, 32, 66, 68, 89, 102, ], [704: 46, 53, 68, 89, 103, 106, ], [707: 50, 90, 94, 97, 98, 106, ], [709: 20, 44, 53, 80, ], [712: 7, 65, 70, 77, 116, ], ]
edge deletions: 172
edge additions: 118
vertex splittings: 558
cost of solution: 848
time used on iteration: 159.745
best solution found at iteration 58464
------------------
iteration 4: [[0: 11, 26, 27, 28, 29, 30, 31, 32, 33, 34, 35, 36, 38, 43, 96, ], [4: 44, 45, 46, 47, 48, 49, 50, 51, 52, 53, 54, 55, 56, 57, 58, 59, 69, 77, 84, 85, 89, ], [6: 15, 23, 25, 98, 99, 108, 110, 111, ], [7: 0, 1, 2, 3, 4, 5, 6, 7, 8, 9, 10, 11, 12, 39, 40, 42, ], [9: 66, 71, 76, 79, 80, 82, 83, 93, 94, 95, 97, 98, 100, 101, 102, 104, 105, 107, 114, ], [10: 6, 28, 32, 38, 49, 59, 66, 99, 106, ], [11: 16, 20, 47, 61, 86, 88, 91, ], [14: 67, 75, 82, 87, 98, 99, 106, 114, ], [37: 70, 75, 97, 100, 109, 119, ], [42: 0, 5, 10, 29, 32, 35, 36, 39, 42, 61, 62, 63, ], [77: 13, 14, 15, 16, 17, 19, 20, 21, 22, 23, 24, 25, 26, 66, 67, 68, 69, 70, 71, 72, 73, 74, 75, 76, 77, 78, 79, 80, 81, 82, 83, 84, 85, ], [78: 15, 16, 21, 22, 23, 31, 32, 35, 78, 79, 116, ], [87: 37, 88, 101, 104, ], [93: 24, 49, 58, 78, 79, 97, 115, 118, ], [94: 13, 16, 18, 21, 26, 79, 85, 86, 94, 103, 105, ], [105: 17, 24, 46, 73, 75, 81, 86, 88, 89, 92, 93, 94, 95, 99, 100, 103, 105, 106, ], [107: 18, 89, 101, 104, 107, 109, 110, 115, 117, 119, ], [116: 14, 16, 18, 25, 52, 79, 90, 91, 97, 99, 100, 101, 104, 105, ], [118: 21, 45, 55, 58, 68, 72, 75, 78, 83, 97, 99, 102, 106, ], [122: 6, 18, 31, 37, 90, 95, 103, 118, ], [124: 6, 27, 31, 52, 68, 69, 71, 74, 84, 86, ], [130: 14, 18, 80, 87, 89, 90, 91, 92, 93, 94, ], [136: 27, 38, 47, 48, 52, 54, 58, 75, 76, ], [138: 27, 28, 31, 38, 44, 45, 49, 55, 59, 91, 118, ], [139: 16, 19, 20, 24, 25, 26, 45, 51, 55, 57, 66, 67, 73, 76, 79, 80, 81, 82, ], [152: 9, 16, 93, 96, 99, 101, 102, 104, 105, 106, 107, ], [159: 6, 47, 54, 79, 119, ], [184: 21, 27, 31, 46, 49, 52, 57, 83, 103, ], [207: 21, 66, 81, 90, 91, 95, 96, 97, 98, 100, 103, ], [243: 40, 48, 56, 77, 88, 91, 106, 118, ], [246: 6, 27, 58, 66, 91, 109, 114, ], [296: 18, 20, 30, 67, 92, ], [305: 1, 27, 29, 33, 34, 35, 36, 60, 61, 63, 64, 65, ], [360: 4, 73, 77, 83, 101, ], [365: 14, 17, 18, 20, 26, 62, 88, 105, ], [442: 5, 7, 10, 37, 38, 39, 40, 42, 43, ], [447: 16, 24, 68, 79, 87, 95, 109, 118, ], [452: 17, 24, 31, 72, 74, 94, 96, ], [454: 2, 6, 23, 39, 43, 57, ], [460: 19, 27, 31, 48, 67, 77, 82, ], [482: 18, 32, 66, 68, 89, 102, ], [487: 63, 65, 70, 78, 116, 119, ], [490: 24, 57, 68, 69, 71, 72, 74, 75, 78, 97, 100, 101, 102, 103, 104, 105, 107, 114, ], [500: 34, 48, 66, 68, 88, 91, ], [521: 28, 42, 60, 118, ], [532: 17, 65, 67, 77, 81, 86, 87, ], [574: 28, 61, 63, 67, 115, 119, ], [577: 108, 109, 112, 113, 114, 115, 119, ], [613: 20, 44, 48, 53, 80, 106, ], [620: 7, 77, 109, 114, 116, 117, 118, 119, ], [628: 59, 66, 82, 86, 119, ], [638: 63, 89, 92, 118, ], [658: 33, 108, 111, 112, 115, 116, ], [660: 50, 69, 77, 85, 94, 97, 98, ], [663: 1, 37, 39, 41, 77, 90, 109, 114, 115, 118, ], [664: 8, 11, 12, 112, 117, ], [665: 86, 87, 88, 90, 109, 110, 113, 117, 118, ], [674: 38, 46, 68, 98, ], [687: 70, 86, 115, ], [693: 72, 84, 105, 115, ], [710: 43, 57, 99, 108, 111, 118, ], [713: 23, 60, 62, 90, 106, ], [723: 3, 4, 7, 8, 10, 96, 106, ], [725: 18, 24, 50, 75, 91, ], [730: 3, 6, 9, 32, 34, 36, ], [734: 19, 31, 58, 73, 86, ], [744: 32, 56, 99, 117, ], [746: 11, 18, 28, 57, 77, ], [748: 1, 2, 12, 27, 38, 63, 108, ], [749: 4, 27, 72, 78, ], [750: 54, 88, 112, ], [752: 2, 11, 51, 77, 99, ], [757: 21, 72, 74, 78, 82, 92, 93, 109, ], [761: 13, 20, 87, 90, 93, 100, ], [769: 50, 90, 107, ], ]
edge deletions: 214
edge additions: 121
vertex splittings: 517
cost of solution: 852
time used on iteration: 121.426
best solution found at iteration 47560
------------------
