instance: ../../../heur/heur005.gr
iterations: 5
operations per iteration: 80000
best solution:
[[0: 2, 56, 61, 69, 71, 73, 105, 121, 152, 154, 155, 156, 159, ], [1: 15, 16, 17, 18, 19, 20, 21, 22, 23, 24, 25, 26, 27, 40, 41, 47, ], [2: 0, 2, 3, 4, 6, 7, 8, 10, 11, 12, 13, 14, 19, 20, 21, 23, ], [3: 53, 54, 55, 56, 57, 58, 59, 60, 61, 62, 63, 64, 65, 66, 67, 68, 69, 70, 71, 72, 73, 74, 75, ], [4: 4, 28, 52, 77, 78, 79, 81, 82, 83, 84, 85, 86, 87, 88, 92, 108, 110, 118, 153, ], [5: 69, 97, 100, 106, 107, 108, 110, 111, 113, 114, 115, 118, 149, ], [6: 1, 2, 4, 7, 14, 68, 116, 153, 158, ], [7: 30, 134, 135, 136, 137, 138, 139, 140, 141, 143, 144, 145, 146, 148, 149, ], [8: 61, 75, 86, 134, 136, 145, 147, 154, ], [9: 53, 56, 57, 71, 96, 105, 119, 123, 152, 158, ], [10: 9, 59, 62, 67, 70, 80, 83, 90, ], [11: 1, 7, 9, 11, 14, 59, 81, 97, 131, ], [12: 15, 17, 19, 20, 21, 22, 23, 24, 53, 64, 65, 66, 68, 72, ], [13: 1, 7, 10, 11, 14, 56, 58, 59, 60, 66, 67, 70, 72, 94, 123, 150, 152, 154, 155, 156, 157, 158, 159, ], [14: 28, 29, 30, 31, 32, 33, 34, 35, 36, 37, 38, 39, 40, 41, 42, 43, 44, 45, 46, 47, 48, 49, 50, 51, 52, 98, 99, ], [15: 25, 38, 53, 54, 55, 57, 58, 62, 66, 71, 73, 103, 121, 126, 150, 154, 158, 159, ], [16: 76, 77, 78, 80, 82, 84, 86, 87, 88, 106, 107, 110, 112, 114, 116, 117, 118, ], [17: 2, 8, 9, 60, 66, 94, 95, 96, 97, 101, 102, 103, 104, 119, 120, 121, 122, 123, 124, 125, 126, 128, 129, 130, 131, 132, 133, 155, 157, 158, ], [18: 2, 81, 99, 101, 129, 133, 154, 155, 158, ], [19: 0, 4, 20, 29, 40, 49, 80, 90, ], [20: 17, 56, 83, 92, ], [21: 25, 26, 56, 61, 94, 95, 101, 104, ], [22: 35, 37, 49, 82, 102, 128, 134, ], [23: 5, 6, 15, 22, 25, 75, 76, 92, 98, 121, 127, 129, 130, 132, ], [24: 61, 84, 87, 88, 129, 154, 158, ], [25: 82, 84, 86, 115, 136, 137, 140, 146, 147, 148, ], [26: 24, 27, 58, 59, 62, 74, 93, 122, 123, 130, 133, ], [27: 77, 78, 79, 80, 84, 85, 87, 89, 91, 93, 108, 134, 136, 137, 139, 140, 142, 143, 146, 147, 148, 149, ], [28: 0, 3, 9, 10, 16, 20, 25, 56, 63, 66, 90, 91, ], [29: 85, 87, 93, 107, 108, 110, 111, 114, 115, 117, 118, 136, 138, 139, 142, 143, 144, 145, 147, ], [30: 11, 13, 17, 150, 152, 153, ], [31: 4, 5, 32, 42, 76, 112, 134, ], [32: 5, 6, 8, 40, 112, 121, 123, 151, ], [33: 76, 80, 81, 90, 91, 92, 93, 107, 108, 112, 116, 140, 142, ], [34: 15, 28, 47, 91, 92, 123, 130, ], [35: 29, 30, 31, 33, 34, 36, 37, 39, 43, 44, 49, 51, 77, 83, 84, 86, 88, ], [36: 61, 75, 80, 93, 106, 113, 142, 143, 147, ], [37: 15, 23, 29, 49, 51, 96, 112, 151, ], [38: 56, 57, 68, 82, 86, 155, ], [39: 4, 31, 33, 35, 36, 44, 46, 52, 80, 88, 138, 146, ], [40: 5, 6, 54, 73, 127, 133, 155, ], [41: 4, 5, 19, 23, 39, 45, 47, 50, 51, ], [42: 4, 12, 19, 20, 21, 25, 27, 60, 64, 153, 155, ], [43: 20, 24, 65, 68, 83, 92, 93, ], [44: 25, 37, 92, 96, 125, 133, 150, ], [45: 40, 41, 49, 51, 78, 82, 83, 86, 88, 91, 112, 127, 129, ], [46: 11, 101, 105, 125, 132, 157, ], [47: 3, 6, 7, 15, 16, 17, 27, 66, ], [48: 5, 6, 15, 98, 151, 153, 157, ], [49: 2, 41, 47, 82, 90, 130, ], [50: 0, 3, 9, 24, 28, 51, 90, ], [51: 28, 48, 83, 88, 89, 127, 134, ], [52: 82, 86, 87, 88, 93, 111, 113, 117, 142, 153, 159, ], [53: 3, 5, 13, 22, 28, 36, 41, 45, 48, 49, ], [54: 14, 20, 62, 74, 90, 152, ], [55: 5, 15, 22, 26, 99, 122, 125, 126, 151, ], [56: 3, 73, 76, 79, 89, ], [57: 24, 69, 91, 145, 147, 153, ], [58: 15, 22, 34, 37, ], [59: 24, 27, 60, 66, 93, 121, 126, 127, 129, 132, ], [60: 10, 12, 63, 79, 80, 82, 83, 142, 154, ], [61: 26, 32, 96, 105, 130, ], [62: 0, 1, 3, 10, 23, 61, 72, 74, ], [63: 0, 17, 22, 23, 52, 91, 141, ], [64: 3, 69, 73, 135, ], [65: 5, 90, 94, 106, 109, 111, 150, ], [66: 40, 49, 76, 79, 83, 123, ], [67: 1, 3, 4, 12, 13, 16, 19, 43, 68, ], [68: 31, 38, 45, 76, 85, 91, 134, 159, ], [69: 3, 29, 34, 80, 87, 90, 153, ], [70: 5, 13, 52, 109, 135, ], [71: 48, 91, 101, 105, ], [72: 0, 3, 41, 94, 98, 100, 101, 102, 103, 105, 108, ], [73: 5, 75, 79, 112, 122, 127, 131, 132, ], [74: 61, 108, 112, 114, 118, 140, 148, ], [75: 0, 9, 135, 140, 141, 142, 147, ], [76: 10, 17, 21, 62, 63, 151, ], [77: 76, 79, 98, 120, 123, 124, 125, 127, 128, 133, ], [78: 18, 26, 75, 127, 129, 133, ], [79: 39, 45, 47, 52, 77, 78, 80, 83, 84, 90, 159, ], [80: 40, 43, 52, 90, 96, 100, ], [81: 17, 68, 79, 90, ], [82: 9, 73, 104, 123, 125, 134, 159, ], [83: 59, 81, 88, 92, 119, 121, 123, 124, 158, ], [84: 38, 56, 67, 70, 74, 81, 126, 150, 154, 156, 159, ], [85: 41, 95, 102, 109, 159, ], [86: 2, 7, 14, 25, 54, 57, ], [87: 7, 97, 99, 131, 133, 152, ], [88: 41, 92, 106, 142, 151, ], [89: 11, 24, 61, 63, 135, 144, 145, ], [90: 10, 68, 69, 83, 106, 111, 116, 153, 156, ], [91: 25, 102, 105, 124, 152, 156, ], [92: 5, 44, 51, 98, 134, 153, ], [93: 31, 41, 45, 52, 87, 134, 145, ], [94: 4, 18, 64, 151, ], [95: 6, 71, 125, 154, ], [96: 43, 68, 77, 80, 82, 84, 85, 111, 127, ], [97: 1, 8, 81, 122, 130, 152, 154, ], [98: 76, 122, 130, 133, 134, 151, ], [99: 3, 75, 109, 144, ], [100: 9, 58, 67, 70, 72, 103, 105, 122, ], [101: 2, 8, 58, 119, 150, ], [102: 97, 98, 105, 109, 111, 113, 116, ], [103: 37, 41, 77, 80, 129, ], [104: 48, 76, 85, 90, 137, ], [105: 23, 30, 90, 98, ], [106: 1, 66, 96, 109, ], [107: 45, 76, 82, 89, 146, ], [108: 102, 106, 152, 154, ], [109: 60, 94, 95, 96, 99, 100, 102, 104, 105, ], [110: 81, 88, 89, 92, 125, 137, ], ]
cost of best solution: 1370
average cost of solutions: 1379.2
average last operation finding best solution: 69518
average runtime: 157.605
------------------
average time of add_all_nodes_to_neighbours: 0.00228328
average time of random_choice_split: 0
average time of weighted_random_merge: 0
average time of label_propagation_round 0.00166985
------------------
average improvement of add_all_nodes_to_neighbours -0.107407
per second: -47.0406
average improvement of random_choice_split 0.14558
per second: inf
average improvement of weighted_random_merge -0.181598
per second: -inf
average improvement of label_propagation_round -0.0440925
per second: -26.4051
all solutions:
------------------
iteration 0: [[0: 2, 56, 61, 69, 71, 73, 105, 121, 152, 154, 155, 156, 159, ], [1: 15, 16, 17, 18, 19, 20, 21, 22, 23, 24, 25, 26, 27, 40, 41, 47, ], [2: 0, 2, 3, 4, 6, 7, 8, 10, 11, 12, 13, 14, 19, 20, 21, 23, ], [3: 53, 54, 55, 56, 57, 58, 59, 60, 61, 62, 63, 64, 65, 66, 67, 68, 69, 70, 71, 72, 73, 74, 75, ], [4: 4, 28, 52, 77, 78, 79, 81, 82, 83, 84, 85, 86, 87, 88, 92, 108, 110, 118, 153, ], [5: 69, 97, 100, 106, 107, 108, 110, 111, 113, 114, 115, 118, 149, ], [6: 1, 2, 4, 7, 14, 68, 116, 153, 158, ], [7: 30, 134, 135, 136, 137, 138, 139, 140, 141, 143, 144, 145, 146, 148, 149, ], [8: 61, 75, 86, 134, 136, 145, 147, 154, ], [9: 53, 56, 57, 71, 96, 105, 119, 123, 152, 158, ], [10: 9, 59, 62, 67, 70, 80, 83, 90, ], [11: 1, 7, 9, 11, 14, 59, 81, 97, 131, ], [12: 15, 17, 19, 20, 21, 22, 23, 24, 53, 64, 65, 66, 68, 72, ], [13: 1, 7, 10, 11, 14, 56, 58, 59, 60, 66, 67, 70, 72, 94, 123, 150, 152, 154, 155, 156, 157, 158, 159, ], [14: 28, 29, 30, 31, 32, 33, 34, 35, 36, 37, 38, 39, 40, 41, 42, 43, 44, 45, 46, 47, 48, 49, 50, 51, 52, 98, 99, ], [15: 25, 38, 53, 54, 55, 57, 58, 62, 66, 71, 73, 103, 121, 126, 150, 154, 158, 159, ], [16: 76, 77, 78, 80, 82, 84, 86, 87, 88, 106, 107, 110, 112, 114, 116, 117, 118, ], [17: 2, 8, 9, 60, 66, 94, 95, 96, 97, 101, 102, 103, 104, 119, 120, 121, 122, 123, 124, 125, 126, 128, 129, 130, 131, 132, 133, 155, 157, 158, ], [18: 2, 81, 99, 101, 129, 133, 154, 155, 158, ], [19: 0, 4, 20, 29, 40, 49, 80, 90, ], [20: 17, 56, 83, 92, ], [21: 25, 26, 56, 61, 94, 95, 101, 104, ], [22: 35, 37, 49, 82, 102, 128, 134, ], [23: 5, 6, 15, 22, 25, 75, 76, 92, 98, 121, 127, 129, 130, 132, ], [24: 61, 84, 87, 88, 129, 154, 158, ], [25: 82, 84, 86, 115, 136, 137, 140, 146, 147, 148, ], [26: 24, 27, 58, 59, 62, 74, 93, 122, 123, 130, 133, ], [27: 77, 78, 79, 80, 84, 85, 87, 89, 91, 93, 108, 134, 136, 137, 139, 140, 142, 143, 146, 147, 148, 149, ], [28: 0, 3, 9, 10, 16, 20, 25, 56, 63, 66, 90, 91, ], [29: 85, 87, 93, 107, 108, 110, 111, 114, 115, 117, 118, 136, 138, 139, 142, 143, 144, 145, 147, ], [30: 11, 13, 17, 150, 152, 153, ], [31: 4, 5, 32, 42, 76, 112, 134, ], [32: 5, 6, 8, 40, 112, 121, 123, 151, ], [33: 76, 80, 81, 90, 91, 92, 93, 107, 108, 112, 116, 140, 142, ], [34: 15, 28, 47, 91, 92, 123, 130, ], [35: 29, 30, 31, 33, 34, 36, 37, 39, 43, 44, 49, 51, 77, 83, 84, 86, 88, ], [36: 61, 75, 80, 93, 106, 113, 142, 143, 147, ], [37: 15, 23, 29, 49, 51, 96, 112, 151, ], [38: 56, 57, 68, 82, 86, 155, ], [39: 4, 31, 33, 35, 36, 44, 46, 52, 80, 88, 138, 146, ], [40: 5, 6, 54, 73, 127, 133, 155, ], [41: 4, 5, 19, 23, 39, 45, 47, 50, 51, ], [42: 4, 12, 19, 20, 21, 25, 27, 60, 64, 153, 155, ], [43: 20, 24, 65, 68, 83, 92, 93, ], [44: 25, 37, 92, 96, 125, 133, 150, ], [45: 40, 41, 49, 51, 78, 82, 83, 86, 88, 91, 112, 127, 129, ], [46: 11, 101, 105, 125, 132, 157, ], [47: 3, 6, 7, 15, 16, 17, 27, 66, ], [48: 5, 6, 15, 98, 151, 153, 157, ], [49: 2, 41, 47, 82, 90, 130, ], [50: 0, 3, 9, 24, 28, 51, 90, ], [51: 28, 48, 83, 88, 89, 127, 134, ], [52: 82, 86, 87, 88, 93, 111, 113, 117, 142, 153, 159, ], [53: 3, 5, 13, 22, 28, 36, 41, 45, 48, 49, ], [54: 14, 20, 62, 74, 90, 152, ], [55: 5, 15, 22, 26, 99, 122, 125, 126, 151, ], [56: 3, 73, 76, 79, 89, ], [57: 24, 69, 91, 145, 147, 153, ], [58: 15, 22, 34, 37, ], [59: 24, 27, 60, 66, 93, 121, 126, 127, 129, 132, ], [60: 10, 12, 63, 79, 80, 82, 83, 142, 154, ], [61: 26, 32, 96, 105, 130, ], [62: 0, 1, 3, 10, 23, 61, 72, 74, ], [63: 0, 17, 22, 23, 52, 91, 141, ], [64: 3, 69, 73, 135, ], [65: 5, 90, 94, 106, 109, 111, 150, ], [66: 40, 49, 76, 79, 83, 123, ], [67: 1, 3, 4, 12, 13, 16, 19, 43, 68, ], [68: 31, 38, 45, 76, 85, 91, 134, 159, ], [69: 3, 29, 34, 80, 87, 90, 153, ], [70: 5, 13, 52, 109, 135, ], [71: 48, 91, 101, 105, ], [72: 0, 3, 41, 94, 98, 100, 101, 102, 103, 105, 108, ], [73: 5, 75, 79, 112, 122, 127, 131, 132, ], [74: 61, 108, 112, 114, 118, 140, 148, ], [75: 0, 9, 135, 140, 141, 142, 147, ], [76: 10, 17, 21, 62, 63, 151, ], [77: 76, 79, 98, 120, 123, 124, 125, 127, 128, 133, ], [78: 18, 26, 75, 127, 129, 133, ], [79: 39, 45, 47, 52, 77, 78, 80, 83, 84, 90, 159, ], [80: 40, 43, 52, 90, 96, 100, ], [81: 17, 68, 79, 90, ], [82: 9, 73, 104, 123, 125, 134, 159, ], [83: 59, 81, 88, 92, 119, 121, 123, 124, 158, ], [84: 38, 56, 67, 70, 74, 81, 126, 150, 154, 156, 159, ], [85: 41, 95, 102, 109, 159, ], [86: 2, 7, 14, 25, 54, 57, ], [87: 7, 97, 99, 131, 133, 152, ], [88: 41, 92, 106, 142, 151, ], [89: 11, 24, 61, 63, 135, 144, 145, ], [90: 10, 68, 69, 83, 106, 111, 116, 153, 156, ], [91: 25, 102, 105, 124, 152, 156, ], [92: 5, 44, 51, 98, 134, 153, ], [93: 31, 41, 45, 52, 87, 134, 145, ], [94: 4, 18, 64, 151, ], [95: 6, 71, 125, 154, ], [96: 43, 68, 77, 80, 82, 84, 85, 111, 127, ], [97: 1, 8, 81, 122, 130, 152, 154, ], [98: 76, 122, 130, 133, 134, 151, ], [99: 3, 75, 109, 144, ], [100: 9, 58, 67, 70, 72, 103, 105, 122, ], [101: 2, 8, 58, 119, 150, ], [102: 97, 98, 105, 109, 111, 113, 116, ], [103: 37, 41, 77, 80, 129, ], [104: 48, 76, 85, 90, 137, ], [105: 23, 30, 90, 98, ], [106: 1, 66, 96, 109, ], [107: 45, 76, 82, 89, 146, ], [108: 102, 106, 152, 154, ], [109: 60, 94, 95, 96, 99, 100, 102, 104, 105, ], [110: 81, 88, 89, 92, 125, 137, ], ]
edge deletions: 294
edge additions: 233
vertex splittings: 843
cost of solution: 1370
time used on iteration: 161.277
best solution found at iteration 52419
------------------
iteration 1: [[0: 76, 77, 78, 79, 80, 81, 82, 84, 85, 86, 87, 88, 89, 91, 92, 93, 108, 118, 137, 140, 142, 146, ], [1: 40, 49, 76, 78, 80, 83, 86, 91, 112, 127, 129, 134, ], [2: 4, 28, 29, 30, 31, 32, 33, 34, 35, 36, 37, 38, 39, 40, 41, 42, 43, 44, 45, 46, 47, 48, 49, 50, 51, 52, 83, 88, 98, 134, ], [3: 15, 16, 17, 18, 19, 20, 21, 22, 23, 24, 25, 26, 27, 40, 41, 47, ], [4: 2, 7, 11, 81, 97, 99, 101, 125, 131, ], [5: 77, 78, 79, 84, 89, 91, 110, 139, 143, 149, ], [6: 5, 32, 37, 42, 49, 51, 96, 99, ], [7: 15, 22, 28, 29, 34, 48, 98, 99, ], [8: 53, 54, 55, 56, 57, 58, 59, 60, 61, 62, 63, 64, 65, 67, 68, 69, 70, 71, 72, 73, 74, 75, ], [9: 77, 78, 82, 86, 87, 88, 93, 111, 113, 117, 142, 153, 159, ], [10: 25, 38, 53, 54, 55, 56, 57, 58, 62, 66, 67, 69, 70, 71, 73, 103, 121, 126, 150, 154, 159, ], [11: 0, 1, 4, 6, 7, 8, 10, 11, 12, 13, 14, 16, 19, 21, 23, ], [12: 5, 6, 25, 26, 75, 121, 122, 127, 129, 130, ], [13: 1, 7, 10, 11, 14, 56, 58, 59, 60, 66, 67, 70, 72, 74, 94, 123, 150, 152, 154, 155, 156, 157, 158, 159, ], [14: 69, 97, 100, 106, 107, 108, 110, 111, 113, 114, 115, 116, 118, ], [15: 5, 15, 22, 25, 37, 75, 76, 92, 98, 125, 129, 130, 132, 133, ], [16: 24, 69, 91, 145, 147, 153, ], [17: 30, 134, 135, 136, 137, 138, 139, 140, 141, 142, 143, 144, 145, 146, 147, 148, 149, ], [18: 2, 8, 9, 60, 94, 95, 96, 97, 101, 102, 103, 104, 119, 120, 121, 122, 123, 124, 125, 126, 128, 129, 130, 131, 132, 133, 155, 157, 158, ], [19: 0, 3, 41, 94, 98, 100, 101, 102, 103, 105, 108, ], [20: 31, 38, 45, 52, 76, 85, 91, 159, ], [21: 15, 22, 24, 27, 53, 121, 122, 123, 126, 127, 132, ], [22: 7, 9, 10, 14, 25, 59, 62, 67, 70, 80, 81, 83, 90, 159, ], [23: 85, 87, 93, 107, 108, 110, 111, 114, 115, 117, 118, 136, 138, 139, 142, 143, 144, 145, 147, 148, 149, ], [24: 5, 13, 52, 109, 135, ], [25: 10, 12, 63, 82, 83, 142, 154, ], [26: 9, 75, 79, 80, 134, 136, 147, 154, ], [27: 59, 79, 81, 92, 98, 119, 120, 121, 124, 127, 128, 131, 133, ], [28: 4, 12, 19, 21, 25, 27, 60, 64, 153, 155, ], [29: 35, 37, 82, 102, 128, 130, 134, ], [30: 28, 41, 45, 47, 51, 52, 77, 78, 82, 90, 91, 140, ], [31: 53, 56, 57, 66, 71, 73, 96, 105, 119, 123, 152, 158, ], [32: 1, 59, 62, 81, 97, 122, 123, 130, 131, 152, ], [33: 20, 24, 59, 60, 68, 93, 127, ], [34: 27, 58, 62, 66, 74, 93, 122, 129, 130, 133, ], [35: 4, 76, 83, 87, 90, 92, 93, 106, 107, 108, 112, 116, 118, ], [36: 2, 5, 6, 54, 73, 133, 155, ], [37: 0, 2, 3, 23, 24, 74, 90, ], [38: 61, 75, 80, 93, 106, 113, 143, 147, ], [39: 30, 40, 43, 52, 90, 96, 99, 100, ], [40: 61, 84, 87, 88, 129, 154, 158, ], [41: 15, 17, 19, 20, 21, 23, 24, 53, 62, 64, 65, 66, 68, 72, ], [42: 2, 25, 61, 66, 94, 95, 102, 105, 121, 124, 152, 156, 159, ], [43: 17, 20, 56, 63, 68, 79, 83, 90, 91, 92, ], [44: 4, 68, 77, 78, 80, 82, 83, 84, 85, 90, 106, 111, 153, ], [45: 4, 29, 34, 36, 37, 39, 43, 44, 49, 77, 80, 84, 86, 134, ], [46: 14, 29, 49, 83, 90, 97, ], [47: 77, 81, 82, 84, 88, 93, 112, 121, 127, 129, ], [48: 30, 77, 78, 82, 84, 86, 107, 114, 115, 136, 140, 147, 148, ], [49: 28, 29, 33, 34, 51, 84, 86, 87, 134, 153, ], [50: 8, 23, 40, 96, 112, 151, ], [51: 2, 56, 57, 68, 71, 82, 86, 155, ], [52: 5, 15, 49, 98, 151, 153, 157, ], [53: 122, 125, 130, 133, 134, 151, 154, ], [54: 3, 6, 7, 11, 12, 17, 20, 27, 153, ], [55: 5, 90, 94, 98, 106, 109, 111, 116, 150, ], [56: 19, 23, 24, 39, 45, 51, ], [57: 6, 66, 75, 86, 109, 154, ], [58: 1, 2, 3, 7, 10, 12, 13, 14, 68, 116, 150, 153, ], [59: 0, 1, 3, 9, 16, 56, 66, 72, ], [60: 26, 61, 140, 148, ], [61: 26, 60, 94, 95, 96, 99, 104, 105, 125, 133, ], [62: 0, 17, 23, 52, 91, 141, ], [63: 67, 69, 70, 105, 122, ], [64: 6, 76, 79, 112, 122, 125, 127, 128, 132, ], [65: 5, 28, 40, 47, 49, 79, 123, ], [66: 31, 41, 52, 86, 87, 88, 145, ], [67: 10, 17, 18, 151, ], [68: 2, 41, 47, 130, 159, ], [69: 0, 3, 20, 22, 23, 28, 29, 49, ], [70: 18, 64, 73, 75, 127, ], [71: 52, 81, 82, 84, 91, 92, 108, 110, 116, 153, ], [72: 8, 38, 81, 150, 154, 156, 158, ], [73: 9, 11, 12, 24, 63, 135, ], [74: 73, 104, 125, 134, 159, ], [75: 6, 40, 76, 92, 98, 121, 123, 151, ], [76: 13, 17, 45, 48, ], [77: 10, 69, 106, 111, 152, 153, ], [78: 3, 4, 15, 21, 51, 151, ], [79: 2, 58, 73, 153, 154, 156, ], [80: 76, 80, 86, 88, 106, 107, 110, 112, 114, 116, 117, 142, ], [81: 3, 11, 61, 63, 75, 142, 144, 145, ], [82: 96, 99, 102, 103, 105, 109, 154, 155, ], [83: 24, 28, 83, 89, 92, 110, 127, ], [84: 3, 45, 73, 76, 79, 89, 91, ], [85: 25, 70, 92, 96, 150, 158, ], [86: 43, 48, 85, 127, ], [87: 9, 25, 58, 91, 105, 130, ], [88: 45, 46, 80, 84, 87, 146, ], [89: 39, 63, 78, ], [90: 13, 41, 106, 112, ], [91: 29, 41, 47, 80, 92, 112, ], [92: 3, 5, 41, 48, 95, 109, ], [93: 0, 10, 61, 86, 155, ], [94: 4, 33, 35, 36, 44, 52, 80, 88, 138, 146, ], [95: 1, 13, 35, 43, ], [96: 48, 89, 91, 101, ], [97: 41, 142, 151, ], [98: 32, 42, 76, 112, ], [99: 15, 51, 91, 103, 130, ], [100: 25, 56, 61, 101, 104, ], [101: 61, 88, 108, 112, 123, 134, ], [102: 2, 4, 8, 13, 20, 152, ], [103: 0, 3, 12, 43, 80, ], [104: 10, 91, 144, ], [105: 11, 97, 105, 132, 157, ], [106: 0, 3, 19, 25, 63, ], ]
edge deletions: 309
edge additions: 256
vertex splittings: 817
cost of solution: 1382
time used on iteration: 162.838
best solution found at iteration 70265
------------------
iteration 2: [[0: 4, 7, 10, 14, 25, 62, 152, 153, 154, 158, ], [1: 4, 28, 29, 30, 31, 32, 33, 34, 35, 36, 37, 38, 39, 40, 41, 42, 43, 44, 45, 46, 47, 48, 49, 50, 51, 52, 98, ], [2: 0, 1, 2, 3, 4, 6, 7, 8, 10, 11, 12, 13, 14, 19, 21, 23, 27, 153, 155, ], [3: 5, 15, 49, 98, 151, 153, 157, ], [4: 11, 24, 135, 145, ], [5: 2, 8, 9, 60, 66, 81, 94, 95, 96, 97, 101, 102, 103, 104, 119, 120, 121, 122, 123, 124, 125, 126, 128, 129, 130, 131, 132, 133, 155, 157, 158, ], [6: 85, 87, 93, 107, 108, 110, 111, 114, 115, 117, 118, 136, 138, 139, 140, 142, 143, 144, 145, 147, 149, ], [7: 15, 16, 17, 18, 19, 20, 21, 22, 23, 24, 25, 26, 27, 41, 47, 64, ], [8: 1, 7, 10, 11, 14, 56, 58, 59, 60, 66, 67, 70, 72, 81, 94, 150, 152, 154, 156, 157, 158, 159, ], [9: 53, 54, 55, 56, 57, 58, 59, 60, 61, 62, 63, 64, 65, 66, 67, 68, 69, 70, 71, 72, 73, 74, 75, ], [10: 5, 6, 26, 75, 79, 121, 122, 125, ], [11: 0, 3, 41, 94, 98, 100, 101, 102, 103, 105, 108, ], [12: 1, 27, 58, 60, 62, 66, 74, 93, 122, 123, 130, ], [13: 6, 49, 76, 79, 98, 112, 123, 127, 128, 129, 132, ], [14: 92, 98, 119, 121, 124, 127, 131, ], [15: 2, 25, 56, 57, 71, 73, 96, 105, 121, 123, 150, 152, 154, 155, 156, 158, ], [16: 4, 76, 77, 78, 79, 80, 81, 82, 83, 84, 86, 87, 88, 90, 91, 92, 93, 107, 108, 110, 112, 116, 118, 140, 142, ], [17: 94, 97, 98, 105, 109, 111, 116, ], [18: 77, 78, 80, 82, 84, 85, 86, 87, 88, 93, 106, 111, 113, 117, 142, 153, 159, ], [19: 38, 53, 54, 55, 56, 57, 58, 62, 66, 67, 69, 70, 71, 73, 74, 103, 121, 126, 150, 154, 159, ], [20: 20, 24, 59, 65, 83, 92, 93, ], [21: 69, 97, 100, 106, 107, 108, 110, 111, 113, 114, 115, 116, 118, ], [22: 30, 134, 135, 136, 137, 138, 139, 140, 141, 143, 144, 145, 146, 148, 149, ], [23: 15, 22, 23, 29, 40, 41, 91, 92, 112, 151, ], [24: 15, 22, 24, 27, 53, 66, 121, 122, 123, 126, 127, 132, ], [25: 5, 15, 22, 25, 37, 75, 76, 92, 98, 125, 129, 130, 132, 133, ], [26: 19, 20, 21, 23, 24, 53, 60, 62, 63, 65, 66, 68, 72, 74, ], [27: 9, 24, 59, 62, 67, 80, 83, 90, ], [28: 40, 43, 52, 90, 96, 100, ], [29: 10, 12, 63, 79, 80, 82, 83, 154, ], [30: 68, 77, 78, 80, 82, 83, 84, 85, 86, 91, 93, 127, 129, ], [31: 40, 76, 77, 79, 120, 121, 127, ], [32: 59, 79, 82, 93, 121, 124, 133, ], [33: 61, 84, 87, 88, 121, 129, 154, 158, ], [34: 25, 56, 61, 94, 95, 101, 104, 123, 155, 159, ], [35: 0, 9, 12, 135, 141, 142, 147, ], [36: 52, 108, 110, 134, 145, 153, ], [37: 77, 78, 79, 80, 84, 89, 91, 93, 134, 136, 137, 139, 142, 143, 146, 147, 149, ], [38: 0, 3, 20, 23, 24, 28, 29, 45, 49, 51, 80, 90, 91, 153, ], [39: 10, 68, 83, 106, 111, 116, 153, 156, ], [40: 2, 41, 47, 82, 90, 91, 130, 159, ], [41: 76, 112, 122, 123, 125, 133, 134, 151, ], [42: 26, 37, 40, 96, 99, 129, ], [43: 61, 69, 75, 106, 113, 143, 147, 149, ], [44: 3, 73, 76, 89, ], [45: 15, 22, 28, 34, 48, 99, ], [46: 2, 7, 99, 101, 125, 133, 154, 158, ], [47: 30, 41, 52, 77, 78, 82, 84, 86, 88, 114, ], [48: 5, 6, 25, 54, 73, 127, 133, ], [49: 61, 75, 86, 134, 136, 142, 145, 147, 154, ], [50: 0, 2, 3, 13, 43, 52, 116, ], [51: 4, 33, 35, 36, 44, 52, 88, 134, 138, 146, ], [52: 9, 28, 51, 127, 130, 134, ], [53: 0, 3, 9, 10, 16, 17, 25, 56, 63, 66, 90, 91, ], [54: 31, 32, 38, 42, 45, 48, 49, 76, 98, 99, 134, ], [55: 17, 23, 52, 141, ], [56: 4, 38, 52, 81, 85, 91, ], [57: 28, 45, 78, 79, 82, 83, 85, 87, 89, 134, 140, ], [58: 25, 60, 61, 102, 105, 124, 152, 156, ], [59: 9, 11, 101, 105, 125, 132, 157, 159, ], [60: 5, 28, 40, 47, 92, 123, ], [61: 35, 37, 82, 102, 128, 130, 134, ], [62: 28, 29, 33, 34, 36, 37, 39, 40, 43, 44, 47, 49, 51, 77, 80, 83, 84, 86, 88, ], [63: 26, 94, 95, 99, 100, 104, 105, ], [64: 2, 24, 54, 58, 61, 68, 69, 155, ], [65: 61, 80, 93, 112, 114, 118, 148, ], [66: 5, 13, 22, 35, 36, 41, 45, 49, ], [67: 6, 66, 71, 86, 109, 155, ], [68: 77, 82, 84, 85, 86, 87, 108, 115, 136, 137, 142, 146, 147, 148, ], [69: 4, 12, 16, 20, 60, 64, 68, ], [70: 17, 48, 83, 127, ], [71: 29, 43, 49, 97, 99, 102, ], [72: 25, 55, 58, 59, 94, 122, 130, 155, ], [73: 53, 67, 69, 70, 105, 122, 152, 154, ], [74: 7, 13, 15, 16, 17, 20, 68, 72, ], [75: 6, 12, 17, 92, 150, 153, ], [76: 1, 7, 9, 11, 14, 97, 123, 131, ], [77: 5, 13, 90, 94, 106, 109, 111, 150, 152, ], [78: 96, 109, 151, ], [79: 31, 48, 76, 85, 88, 90, 137, ], [80: 14, 56, 68, 70, 83, 86, 90, 92, ], [81: 4, 10, 18, 151, ], [82: 64, 151, 153, 155, ], [83: 3, 10, 11, 61, 63, 142, 144, ], [84: 8, 58, 105, 119, 133, 150, 152, ], [85: 0, 6, 8, 16, 20, 40, ], [86: 31, 34, 41, 45, 46, 52, 80, 83, 84, 87, 159, ], [87: 48, 91, 101, 105, ], [88: 18, 26, 27, 75, 127, 129, 133, ], [89: 32, 42, 96, 112, ], [90: 19, 23, 40, 49, 50, 51, 96, ], [91: 26, 32, 105, 130, ], [92: 7, 14, 54, 57, 74, ], [93: 6, 8, 130, 151, 154, 157, ], [94: 3, 5, 13, 48, 52, 109, 135, ], [95: 0, 26, 61, 140, 148, ], [96: 5, 95, 99, 126, 131, 152, 155, ], [97: 23, 30, 39, 90, 98, ], [98: 88, 89, 125, 127, ], [99: 15, 51, 103, 119, ], [100: 59, 90, 97, 130, 131, 152, ], [101: 3, 15, 17, 65, 68, 79, ], [102: 25, 38, 53, 158, ], [103: 5, 8, 42, 52, ], [104: 41, 95, 102, 106, 109, 159, ], [105: 98, 113, 120, ], [106: 75, 109, 144, 147, ], [107: 73, 104, 125, 134, ], [108: 0, 3, 22, 72, ], [109: 11, 17, 20, 56, 152, ], [110: 63, 69, 135, 139, 145, ], ]
edge deletions: 268
edge additions: 277
vertex splittings: 838
cost of solution: 1383
time used on iteration: 160.401
best solution found at iteration 68354
------------------
iteration 3: [[0: 15, 16, 17, 18, 19, 20, 21, 22, 23, 24, 25, 26, 27, 40, 41, 47, ], [1: 4, 28, 29, 30, 31, 32, 33, 34, 35, 36, 37, 38, 39, 40, 41, 42, 43, 44, 45, 46, 47, 48, 49, 50, 51, 52, 83, 98, ], [2: 9, 59, 62, 67, 70, 80, 83, 90, ], [3: 15, 17, 19, 20, 21, 22, 23, 24, 53, 64, 65, 66, 68, 72, ], [4: 69, 97, 100, 106, 107, 108, 110, 111, 113, 114, 115, 116, 118, ], [5: 69, 91, 135, 137, 138, 139, 141, 143, 144, 145, 146, 147, 149, ], [6: 0, 3, 41, 94, 98, 100, 101, 102, 103, 105, 108, ], [7: 25, 53, 57, 71, 73, 96, 105, 123, 152, 158, ], [8: 5, 13, 52, 109, 135, ], [9: 53, 54, 55, 56, 57, 58, 59, 60, 61, 62, 63, 64, 65, 67, 68, 69, 70, 71, 72, 73, 74, 75, ], [10: 0, 2, 3, 4, 6, 7, 8, 10, 12, 13, 14, 16, 19, 20, 21, 23, 68, ], [11: 9, 10, 12, 63, 79, 80, 82, 83, 142, 154, ], [12: 61, 84, 87, 88, 129, 154, 158, ], [13: 2, 25, 56, 61, 73, 94, 95, 102, 104, 105, 121, 123, 152, 155, 156, 159, ], [14: 1, 2, 7, 11, 14, 81, 97, 99, 131, 152, 155, ], [15: 3, 48, 89, 91, 101, 105, ], [16: 1, 7, 8, 10, 11, 14, 56, 58, 59, 60, 66, 67, 70, 72, 94, 123, 150, 152, 154, 156, 157, 158, 159, ], [17: 77, 78, 79, 80, 84, 85, 87, 89, 93, 108, 134, 136, 137, 139, 140, 142, 143, 146, 148, 149, ], [18: 61, 93, 112, 114, 118, 140, 144, 145, 148, ], [19: 3, 9, 15, 24, 28, 51, 91, 153, ], [20: 5, 15, 22, 26, 75, 121, 122, 126, 127, 151, ], [21: 5, 90, 94, 106, 109, 111, 150, ], [22: 5, 28, 32, 37, 42, 45, 48, 49, 51, 98, 99, 134, ], [23: 25, 59, 81, 119, 121, 122, 124, 130, 133, 152, 154, ], [24: 77, 78, 80, 82, 84, 86, 87, 88, 93, 106, 111, 113, 114, 117, 142, 147, 153, 159, ], [25: 4, 76, 77, 78, 79, 80, 81, 82, 83, 84, 86, 87, 88, 90, 91, 92, 93, 107, 108, 110, 112, 116, 118, 140, 142, ], [26: 60, 96, 99, 101, 102, 104, 105, 125, 154, 158, ], [27: 38, 53, 55, 58, 62, 66, 67, 70, 73, 74, 103, 121, 126, 150, 154, 159, ], [28: 2, 8, 9, 60, 66, 94, 95, 96, 97, 101, 102, 103, 119, 120, 121, 122, 124, 125, 126, 128, 129, 130, 131, 132, 133, 155, 157, 158, ], [29: 4, 15, 23, 29, 41, 49, 98, 112, 151, ], [30: 31, 38, 45, 76, 77, 83, 85, 91, 134, 159, ], [31: 20, 59, 65, 68, 79, 83, 92, 93, ], [32: 28, 51, 68, 77, 78, 82, 84, 85, 86, 91, 127, ], [33: 24, 27, 58, 60, 62, 74, 93, 121, 122, 123, 126, 130, ], [34: 0, 3, 10, 17, 20, 25, 56, 63, 90, 91, ], [35: 5, 6, 8, 40, 151, ], [36: 35, 37, 82, 102, 128, 130, 134, ], [37: 5, 6, 151, 153, 154, 155, 157, ], [38: 61, 68, 75, 80, 106, 113, 143, ], [39: 29, 31, 34, 36, 37, 39, 43, 44, 47, 49, 52, 77, 80, 84, 86, 88, ], [40: 30, 40, 43, 52, 90, 96, 99, 100, ], [41: 6, 79, 92, 98, 112, 121, 123, 125, 127, 128, 131, 132, ], [42: 1, 2, 4, 14, 116, 153, 158, ], [43: 56, 71, 92, 96, 119, 125, 150, 158, ], [44: 7, 11, 12, 13, 17, 150, 152, 153, ], [45: 2, 54, 56, 57, 58, 66, 69, 71, 121, 126, 150, 154, 155, 159, ], [46: 85, 87, 107, 108, 110, 111, 114, 115, 117, 118, 136, 138, 139, 142, 143, 144, 147, 149, ], [47: 49, 76, 79, 112, 122, 123, 127, 128, 134, ], [48: 10, 68, 83, 111, 116, 153, 156, ], [49: 0, 9, 134, 135, 136, 140, 141, 142, 147, 148, ], [50: 4, 11, 12, 19, 20, 21, 25, 27, 60, 64, 153, 155, ], [51: 14, 29, 49, 83, 90, 97, ], [52: 3, 5, 6, 73, 75, 76, 79, ], [53: 15, 26, 94, 95, 99, 103, 104, 125, 129, 133, ], [54: 2, 41, 47, 52, 82, 90, 130, 159, ], [55: 17, 24, 83, 89, 92, 127, ], [56: 40, 41, 47, 49, 78, 80, 86, 91, 92, 112, 129, ], [57: 0, 3, 13, 20, 22, 23, 28, 29, 41, 45, 49, ], [58: 0, 1, 3, 10, 11, 23, 61, 66, 72, 74, ], [59: 4, 35, 36, 44, 52, 88, 134, 138, 146, ], [60: 26, 32, 37, 96, 105, 130, ], [61: 18, 73, 125, 127, 133, 134, 151, ], [62: 53, 58, 67, 69, 70, 105, 122, 152, ], [63: 30, 77, 82, 84, 86, 115, 136, 137, 140, 146, 148, ], [64: 20, 62, 66, 74, 90, 152, ], [65: 61, 75, 86, 134, 136, 142, 145, 147, 154, ], [66: 11, 24, 63, 135, 144, 145, ], [67: 19, 23, 24, 39, 45, 51, 90, ], [68: 7, 9, 14, 25, 54, 58, 62, 133, ], [69: 52, 85, 108, 110, 114, 145, 153, ], [70: 28, 29, 34, 52, 87, 90, 92, 153, ], [71: 13, 22, 35, 36, 48, ], [72: 9, 11, 25, 56, 81, 101, 105, 123, 125, 159, ], [73: 40, 76, 79, 88, 120, 121, 123, 124, 127, ], [74: 0, 1, 3, 12, 13, 19, 43, ], [75: 33, 45, 46, 80, 84, 87, 146, ], [76: 17, 22, 23, 52, 91, 141, ], [77: 48, 76, 81, 85, 88, 89, 90, 137, ], [78: 6, 25, 27, 66, 75, 93, 127, 129, 130, 132, 133, ], [79: 0, 3, 7, 52, 80, 116, ], [80: 54, 119, 127, ], [81: 1, 9, 13, 16, 72, ], [82: 24, 59, 67, 68, 69, 155, ], [83: 10, 56, 57, 82, 86, 155, ], [84: 94, 98, 105, 109, 111, 116, ], [85: 20, 80, 127, ], [86: 5, 15, 22, 25, 37, 76, 92, 98, 123, 125, 129, 130, 132, 133, ], [87: 28, 45, 78, 79, 82, 89, 140, ], [88: 3, 5, 41, 95, 109, ], [89: 3, 75, 109, 144, ], [90: 97, 98, 104, 105, 119, 123, 124, 132, 133, 157, ], [91: 19, 23, 49, 50, 51, 96, 151, ], [92: 10, 69, 83, 106, 154, ], [93: 58, 73, 91, 153, ], [94: 6, 54, 71, 86, 93, ], [95: 1, 66, 96, 97, 109, ], [96: 77, 81, 82, 120, 121, 129, ], [97: 25, 38, 56, 81, 150, 156, 158, ], [98: 8, 42, 96, 112, ], [99: 26, 138, 140, 141, 148, ], [100: 30, 31, 41, 87, 88, 145, ], [101: 8, 52, 81, ], [102: 7, 14, 57, 74, ], [103: 10, 17, 19, 21, 62, 63, 151, ], [104: 51, 88, 119, ], ]
edge deletions: 287
edge additions: 264
vertex splittings: 829
cost of solution: 1380
time used on iteration: 147.806
best solution found at iteration 79511
------------------
iteration 4: [[0: 4, 15, 29, 41, 92, 112, 151, ], [1: 4, 33, 44, 138, 146, ], [2: 0, 4, 6, 7, 8, 10, 11, 12, 13, 14, 16, 19, 20, 21, 23, 60, ], [3: 30, 40, 43, 90, 96, 99, 100, ], [4: 3, 5, 28, 29, 45, 48, 49, 51, 90, 99, ], [5: 30, 134, 135, 136, 137, 138, 139, 140, 141, 143, 144, 145, 146, 147, 148, 149, ], [6: 25, 59, 81, 122, 124, 130, 152, ], [7: 4, 68, 76, 77, 78, 84, 85, 90, 92, 93, 106, 107, ], [8: 5, 15, 22, 25, 37, 76, 92, 98, 125, 129, 130, 132, 133, ], [9: 61, 84, 87, 88, 129, 154, 158, ], [10: 2, 25, 56, 61, 71, 73, 105, 121, 152, 155, 156, 159, ], [11: 5, 13, 41, 94, 106, 109, ], [12: 1, 7, 10, 11, 14, 56, 58, 59, 60, 66, 67, 70, 72, 74, 94, 123, 150, 152, 154, 156, 157, 158, 159, ], [13: 79, 88, 92, 98, 119, 121, 123, 124, 125, 127, 131, ], [14: 49, 76, 79, 112, 122, 123, 127, 128, 134, ], [15: 15, 16, 17, 18, 19, 20, 21, 22, 23, 24, 25, 26, 27, 41, 47, ], [16: 6, 25, 26, 27, 75, 121, 122, 127, 129, 130, 132, 133, ], [17: 9, 14, 59, 62, 67, 80, 81, 83, 90, 159, ], [18: 53, 54, 55, 56, 57, 58, 59, 60, 61, 62, 63, 64, 65, 66, 67, 68, 69, 70, 71, 72, 73, 74, 75, ], [19: 66, 95, 102, 103, 109, 159, ], [20: 7, 81, 97, 99, 125, 131, 133, 152, ], [21: 2, 41, 47, 82, 90, 130, 159, ], [22: 1, 9, 11, 14, 59, 97, 131, ], [23: 52, 81, 84, 87, 90, 91, 92, 108, 110, 112, 116, 153, ], [24: 76, 77, 78, 79, 80, 81, 82, 84, 85, 86, 87, 88, 89, 91, 92, 93, 108, 118, 137, 140, 142, 146, ], [25: 9, 28, 45, 79, 90, 140, ], [26: 0, 3, 9, 10, 16, 17, 20, 25, 56, 63, 66, 90, 91, ], [27: 4, 28, 45, 51, 52, 77, 78, 82, 83, 84, 85, 86, 87, 134, 153, ], [28: 77, 78, 82, 84, 86, 87, 88, 93, 106, 111, 113, 117, 142, 147, 153, 159, ], [29: 4, 12, 19, 21, 25, 27, 64, 153, 155, ], [30: 2, 25, 60, 61, 99, 101, 102, 154, 158, ], [31: 17, 20, 59, 65, 68, 79, 83, 92, 93, 127, ], [32: 4, 28, 29, 30, 31, 32, 33, 34, 35, 36, 37, 38, 39, 40, 41, 42, 43, 44, 45, 46, 47, 48, 49, 50, 51, 52, 83, 88, 98, ], [33: 2, 8, 9, 60, 94, 95, 96, 97, 101, 102, 103, 104, 105, 119, 120, 121, 122, 123, 124, 125, 126, 128, 129, 130, 131, 132, 133, 155, 157, 158, ], [34: 25, 38, 53, 54, 55, 57, 58, 62, 66, 67, 73, 103, 121, 150, 154, 159, ], [35: 85, 87, 93, 107, 108, 110, 111, 114, 115, 117, 118, 136, 138, 139, 142, 143, 144, 145, 147, 148, 149, ], [36: 90, 94, 97, 98, 105, 109, 111, 116, ], [37: 10, 12, 63, 79, 82, 83, 142, 154, ], [38: 61, 75, 80, 86, 93, 134, 136, 142, 145, 147, 154, ], [39: 24, 27, 58, 60, 62, 66, 74, 93, 122, 123, 126, 130, ], [40: 10, 56, 57, 68, 82, 86, 155, ], [41: 125, 130, 133, 134, 151, 154, ], [42: 3, 15, 17, 19, 20, 21, 22, 23, 24, 53, 64, 65, 66, 68, 72, ], [43: 25, 26, 61, 94, 95, 99, 104, 105, ], [44: 5, 25, 26, 32, 37, 40, 96, 99, ], [45: 69, 83, 97, 100, 106, 107, 108, 110, 111, 113, 114, 115, 116, 118, ], [46: 0, 3, 41, 94, 98, 100, 101, 102, 103, 105, 108, ], [47: 24, 59, 67, 69, 121, 155, ], [48: 43, 48, 51, 85, 127, ], [49: 19, 23, 40, 49, 50, 51, 96, 151, ], [50: 10, 69, 106, 111, 150, 152, 159, ], [51: 5, 15, 22, 121, 122, 123, 126, 127, 151, ], [52: 2, 6, 7, 14, 25, 54, 57, 155, ], [53: 1, 2, 8, 11, 58, 81, 150, 152, 153, 154, 155, 156, 158, ], [54: 0, 61, 80, 108, 140, 148, ], [55: 3, 5, 6, 73, 75, 76, 79, ], [56: 18, 54, 73, 75, 127, 133, ], [57: 35, 37, 43, 82, 102, 128, ], [58: 53, 55, 58, 67, 69, 70, 105, 122, 126, 154, ], [59: 1, 4, 7, 62, 152, 158, ], [60: 30, 77, 82, 84, 86, 107, 114, 115, 136, 140, 148, ], [61: 53, 56, 57, 66, 71, 73, 96, 119, 123, 126, 150, 152, 158, ], [62: 31, 38, 45, 76, 85, 91, 134, 159, ], [63: 6, 40, 47, 92, 112, 123, ], [64: 3, 10, 11, 61, 63, 142, 144, ], [65: 2, 3, 4, 7, 10, 12, 14, 20, 68, 80, 116, 153, ], [66: 38, 56, 70, 81, 83, 123, 156, ], [67: 66, 82, 93, 121, 124, 127, 129, 133, ], [68: 0, 15, 20, 22, 23, 28, 29, 40, 49, 91, ], [69: 69, 91, 107, 139, 143, 145, 147, 149, ], [70: 61, 80, 84, 106, 113, 118, 143, 149, ], [71: 40, 41, 49, 77, 78, 80, 83, 86, 91, 112, 127, 129, ], [72: 77, 78, 79, 89, 110, 136, 139, 143, 149, ], [73: 5, 8, 40, 42, 52, 96, 112, ], [74: 5, 6, 98, 151, 153, 157, ], [75: 29, 36, 37, 39, 43, 44, 47, 49, 77, 80, 84, 86, ], [76: 29, 31, 33, 34, 80, 84, 86, 87, 153, ], [77: 0, 7, 9, 12, 17, 52, 135, 141, ], [78: 13, 35, 36, 45, 46, 52, 80, 146, ], [79: 0, 1, 2, 3, 12, 13, 43, 116, ], [80: 10, 17, 19, 21, 62, 63, 151, ], [81: 56, 70, 90, 92, 96, 150, ], [82: 11, 24, 63, 135, 145, ], [83: 3, 48, 89, 91, 101, 105, ], [84: 15, 51, 91, 103, 119, 130, ], [85: 23, 24, 39, 45, 90, ], [86: 1, 23, 61, 112, ], [87: 40, 76, 77, 79, 120, 121, 127, ], [88: 2, 23, 52, 66, ], [89: 75, 98, 106, 109, 113, ], [90: 0, 3, 11, 23, 27, 74, ], [91: 32, 42, 48, 76, 134, ], [92: 0, 9, 24, 51, 147, ], [93: 6, 71, 86, 125, 154, ], [94: 14, 29, 49, 97, 102, ], [95: 31, 36, 41, 52, 88, 134, 138, 145, ], [96: 24, 28, 83, 89, 91, 92, 110, 127, ], [97: 73, 104, 125, 134, 159, ], [98: 20, 74, 90, 152, ], [99: 15, 22, 34, 48, 98, 99, 104, ], [100: 90, 115, 137, ], [101: 13, 49, 157, ], [102: 68, 111, 156, ], [103: 9, 58, 59, 81, 119, 128, 133, ], [104: 39, 63, 78, ], [105: 76, 80, 82, 86, 88, 93, 107, 110, 112, 114, 116, 117, 118, 142, ], [106: 11, 13, 17, 150, 152, 153, ], [107: 3, 5, 13, 109, 135, 150, ], ]
edge deletions: 288
edge additions: 256
vertex splittings: 837
cost of solution: 1381
time used on iteration: 155.704
best solution found at iteration 77041
------------------
