instance: ../../../heur/heur007.gr
iterations: 2
operations per iteration: 500
best solution:
[[0: 5, 8, 9, 10, 19, 21, 22, 95, 97, 98, 99, 102, 108, 109, 111, 112, 194, 196, ], [1: 23, 47, 67, 70, 86, 90, 122, 123, 124, 125, 126, 127, 128, 129, 130, 131, 132, 133, 134, 135, 136, 137, ], [2: 51, 113, 115, 116, 119, 182, 185, 188, 190, 192, 194, 196, 197, ], [3: 115, 127, 138, 139, 140, 141, 142, 143, 144, 145, 146, 147, 148, 149, 150, 151, 152, 153, 154, 155, 156, 157, 158, 159, 160, 161, 162, 189, ], [4: 1, 3, 6, 8, 12, 22, 23, 52, 55, 72, 84, 86, 93, 175, 185, 186, 187, 190, 191, ], [5: 23, 56, 114, 163, 164, 165, 166, 167, 168, 169, 170, 171, 172, 173, 174, 175, 176, 177, 178, 179, 180, 199, ], [6: 2, 5, 8, 9, 10, 11, 21, 24, 62, 63, 64, 65, 66, 67, 68, 69, 70, 71, 72, 73, 74, 75, 76, 77, 78, 79, 80, 81, 82, 83, 84, 85, 86, 87, 88, 89, 90, 91, 92, 93, 100, 131, 170, 172, 177, 178, 179, 186, ], [7: 107, 110, 113, 116, 119, 138, 144, 146, 148, 150, 151, 153, 158, 160, ], [8: 25, 63, 64, 65, 69, 82, 83, 85, 87, 88, 90, 94, 95, 96, 97, 98, 99, 100, 101, 102, 103, 104, 105, 106, 107, 108, 109, 110, 111, 190, ], [9: 1, 12, 15, 17, 18, 19, 20, 71, 84, 87, 88, 90, 99, 100, 108, 131, 176, 186, 194, 196, ], [10: 28, 29, 32, 33, 35, 36, 37, 38, 40, 42, 43, 44, 45, 46, 98, 117, 165, 181, 182, 184, 186, 187, 188, 192, 195, 197, 198, 199, ], [11: 2, 21, 25, 28, 30, 32, 36, 39, 43, 44, 71, 121, ], [12: 0, 3, 4, 7, 14, 20, 26, 105, 116, 129, 151, 166, 167, 180, ], [13: 0, 1, 2, 3, 4, 5, 6, 7, 8, 9, 10, 11, 12, 13, 14, 15, 16, 17, 18, 19, 20, 21, 22, 23, 24, 25, 26, 27, 48, 50, 56, 57, 59, 61, 67, 93, 124, 165, 173, 174, 176, 178, 179, ], [14: 10, 62, 64, 68, 75, 85, 87, 88, 92, 98, 104, 107, 108, 109, 112, 126, 129, 133, 134, 135, ], [15: 28, 29, 31, 32, 33, 35, 38, 41, 42, 43, 94, 95, 96, 98, 100, 101, 102, 103, 104, 106, 107, 108, 109, 111, 112, 128, 159, 184, 188, 189, 192, 197, 198, ], [16: 55, 66, 69, 73, 76, 81, 83, 91, 105, 118, 129, 191, 193, ], [17: 4, 6, 27, 71, 72, 79, 85, 89, 93, 165, 167, 169, 173, 174, 175, ], [18: 2, 3, 5, 8, 9, 10, 11, 18, 19, 21, 47, 48, 49, 50, 51, 52, 53, 54, 55, 56, 57, 58, 59, 60, 61, 75, 170, 172, 179, ], [19: 16, 56, 76, 98, 107, 145, 155, 174, 176, 179, 195, ], [20: 48, 52, 57, 58, 61, 114, 140, 146, 155, 167, ], [21: 7, 14, 19, 20, 26, 30, 31, 34, 39, 40, 41, 45, 94, 97, ], [22: 18, 38, 46, 51, 76, 77, 86, 88, 183, ], [23: 8, 10, 19, 22, 31, 59, 121, 183, 187, 193, 194, ], [24: 1, 3, 12, 24, 25, 47, 53, 126, 129, 130, 131, ], [25: 6, 22, 25, 47, 49, 52, 54, 55, 58, 59, 63, 71, 75, 76, 77, 79, 84, 130, 199, ], [26: 10, 65, 66, 70, 84, 166, 168, 175, 185, 191, 195, 198, ], [27: 23, 31, 58, 63, 102, 108, 112, 124, 131, 145, 176, 186, 190, ], [28: 0, 4, 14, 26, 76, 87, 94, 103, 108, 128, 151, ], [29: 18, 30, 33, 35, 37, 140, 162, 196, ], [30: 4, 27, 36, 39, 149, 157, ], [31: 11, 51, 62, 66, 68, 75, 76, 78, 79, 80, 82, 85, 86, 92, 93, 99, 101, 102, 108, 164, 172, 186, 196, 198, ], [32: 21, 34, 35, 37, 39, 183, 197, ], [33: 3, 76, 88, 94, 97, 106, 160, 191, 196, ], [34: 113, 114, 115, 116, 117, 118, 119, 120, 121, ], [35: 5, 8, 11, 18, 24, 25, 29, 30, 72, 114, 147, ], [36: 66, 67, 77, 78, 79, 80, 98, 106, 107, 109, 176, ], [37: 1, 6, 7, 21, 23, 25, 58, 59, 184, 185, 190, 193, 194, 195, ], [38: 6, 16, 23, 49, 54, 72, 77, 91, 93, 107, 131, 172, ], [39: 62, 68, 70, 74, 77, 81, 84, 89, 92, 163, 164, 169, 173, 174, ], [40: 12, 39, 118, 166, 192, 193, ], [41: 36, 37, 41, 44, 96, 100, 109, 143, 159, ], [42: 8, 30, 113, 147, 198, ], [43: 2, 5, 9, 11, 15, 17, 21, 31, 63, 68, 96, 106, 129, 165, 180, ], [44: 13, 15, 26, 27, 54, 58, 59, 75, 88, 108, 109, 131, 172, 186, ], [45: 37, 45, 96, 100, 112, 141, 182, 196, ], [46: 9, 10, 16, 17, 21, 25, 73, 91, 114, 169, 170, ], [47: 3, 51, 114, 116, 166, 168, 175, 177, 182, 187, 191, 193, 196, ], [48: 31, 37, 45, 46, 98, 102, 138, 153, 154, 156, 160, ], [49: 42, 93, 109, 181, 184, 190, 194, 196, 199, ], [50: 10, 23, 25, 90, 95, 110, 112, 124, 130, 145, 172, ], [51: 4, 49, 52, 64, 65, 66, 169, ], [52: 13, 16, 20, 27, 120, 156, 174, 175, ], [53: 17, 29, 93, 104, 111, 112, ], [54: 33, 74, 79, 95, 102, 155, ], [55: 1, 5, 6, 9, 12, 15, 20, 23, 24, 52, 58, 120, 121, ], [56: 42, 63, 98, 124, 131, 144, 146, 151, ], [57: 131, 144, 149, 150, 153, 184, 186, 190, ], [58: 52, 58, 157, 166, 168, 174, ], [59: 18, 24, 63, 79, 80, 90, 163, 164, 180, ], [60: 14, 16, 24, 25, 30, 31, 100, 196, ], [61: 30, 49, 82, 183, ], [62: 63, 138, 181, 183, ], [63: 62, 80, 82, 94, 96, 105, 112, 126, 196, ], [64: 62, 64, 78, 87, 130, 199, ], [65: 56, 57, 58, 71, 82, 198, ], [66: 69, 73, 91, 99, 112, 151, ], [67: 6, 63, 82, 110, 133, 134, 135, 174, ], [68: 46, 127, 139, 152, 153, 184, 187, 188, 198, ], [69: 25, 49, 78, 89, 92, 176, ], [70: 11, 33, 34, 39, 43, 44, 147, ], [71: 51, 52, 69, 75, 84, 125, 172, 178, 195, ], [72: 13, 60, 76, 79, 90, ], [73: 23, 60, 66, 174, ], [74: 88, 124, 147, 185, ], [75: 22, 91, 110, 195, ], [76: 38, 110, 143, 146, 190, ], [77: 0, 4, 14, 55, 60, 69, ], [78: 15, 19, 20, 27, 63, 130, 135, ], [79: 38, 63, 74, 92, 126, 145, 199, ], [80: 41, 52, 98, 116, ], [81: 102, 112, 113, 187, ], [82: 0, 26, 57, 61, 175, 177, ], [83: 18, 25, 74, 98, 159, ], [84: 3, 34, 105, 194, ], [85: 29, 37, 71, 111, 121, ], [86: 63, 110, 124, 155, 159, 162, ], [87: 6, 78, 163, 190, ], [88: 6, 30, 87, 108, ], [89: 53, 70, 103, 134, ], [90: 8, 22, 58, 94, 126, ], [91: 1, 34, 180, ], [92: 59, 126, 146, 172, ], ]
cost of best solution: 2377
average cost of solutions: 2510
average last operation finding best solution: 494
------------------
average time of random_choice_add_node: 0.000975178
average time of random_choice_split: 0.00307358
average time of weighted_random_merge: 0.12369
average time of label_propagation_round 0.0988605
average time of remove_nodes_ 0.00470138
average time of add_node_to_all 0.233504
------------------
average improvement of random_choice_add_node -1.13613
per second: -1165.04
average improvement of random_choice_split 1.53237
per second: 498.563
average improvement of weighted_random_merge -0.245283
per second: -1.98304
average improvement of label_propagation_round -38.3596
per second: -388.017
average improvement of remove_nodes_ -19.2927
per second: -4103.62
average improvement of add_node_to_all 9.86391
per second: 422.43
all solutions:
------------------
iteration 0: [[0: 5, 8, 9, 10, 19, 21, 22, 95, 97, 98, 99, 102, 108, 109, 111, 112, 194, 196, ], [1: 23, 47, 67, 70, 86, 90, 122, 123, 124, 125, 126, 127, 128, 129, 130, 131, 132, 133, 134, 135, 136, 137, ], [2: 51, 113, 115, 116, 119, 182, 185, 188, 190, 192, 194, 196, 197, ], [3: 115, 127, 138, 139, 140, 141, 142, 143, 144, 145, 146, 147, 148, 149, 150, 151, 152, 153, 154, 155, 156, 157, 158, 159, 160, 161, 162, 189, ], [4: 1, 3, 6, 8, 12, 22, 23, 52, 55, 72, 84, 86, 93, 175, 185, 186, 187, 190, 191, ], [5: 23, 56, 114, 163, 164, 165, 166, 167, 168, 169, 170, 171, 172, 173, 174, 175, 176, 177, 178, 179, 180, 199, ], [6: 2, 5, 8, 9, 10, 11, 21, 24, 62, 63, 64, 65, 66, 67, 68, 69, 70, 71, 72, 73, 74, 75, 76, 77, 78, 79, 80, 81, 82, 83, 84, 85, 86, 87, 88, 89, 90, 91, 92, 93, 100, 131, 170, 172, 177, 178, 179, 186, ], [7: 107, 110, 113, 116, 119, 138, 144, 146, 148, 150, 151, 153, 158, 160, ], [8: 25, 63, 64, 65, 69, 82, 83, 85, 87, 88, 90, 94, 95, 96, 97, 98, 99, 100, 101, 102, 103, 104, 105, 106, 107, 108, 109, 110, 111, 190, ], [9: 1, 12, 15, 17, 18, 19, 20, 71, 84, 87, 88, 90, 99, 100, 108, 131, 176, 186, 194, 196, ], [10: 28, 29, 32, 33, 35, 36, 37, 38, 40, 42, 43, 44, 45, 46, 98, 117, 165, 181, 182, 184, 186, 187, 188, 192, 195, 197, 198, 199, ], [11: 2, 21, 25, 28, 30, 32, 36, 39, 43, 44, 71, 121, ], [12: 0, 3, 4, 7, 14, 20, 26, 105, 116, 129, 151, 166, 167, 180, ], [13: 0, 1, 2, 3, 4, 5, 6, 7, 8, 9, 10, 11, 12, 13, 14, 15, 16, 17, 18, 19, 20, 21, 22, 23, 24, 25, 26, 27, 48, 50, 56, 57, 59, 61, 67, 93, 124, 165, 173, 174, 176, 178, 179, ], [14: 10, 62, 64, 68, 75, 85, 87, 88, 92, 98, 104, 107, 108, 109, 112, 126, 129, 133, 134, 135, ], [15: 28, 29, 31, 32, 33, 35, 38, 41, 42, 43, 94, 95, 96, 98, 100, 101, 102, 103, 104, 106, 107, 108, 109, 111, 112, 128, 159, 184, 188, 189, 192, 197, 198, ], [16: 55, 66, 69, 73, 76, 81, 83, 91, 105, 118, 129, 191, 193, ], [17: 4, 6, 27, 71, 72, 79, 85, 89, 93, 165, 167, 169, 173, 174, 175, ], [18: 2, 3, 5, 8, 9, 10, 11, 18, 19, 21, 47, 48, 49, 50, 51, 52, 53, 54, 55, 56, 57, 58, 59, 60, 61, 75, 170, 172, 179, ], [19: 16, 56, 76, 98, 107, 145, 155, 174, 176, 179, 195, ], [20: 48, 52, 57, 58, 61, 114, 140, 146, 155, 167, ], [21: 7, 14, 19, 20, 26, 30, 31, 34, 39, 40, 41, 45, 94, 97, ], [22: 18, 38, 46, 51, 76, 77, 86, 88, 183, ], [23: 8, 10, 19, 22, 31, 59, 121, 183, 187, 193, 194, ], [24: 1, 3, 12, 24, 25, 47, 53, 126, 129, 130, 131, ], [25: 6, 22, 25, 47, 49, 52, 54, 55, 58, 59, 63, 71, 75, 76, 77, 79, 84, 130, 199, ], [26: 10, 65, 66, 70, 84, 166, 168, 175, 185, 191, 195, 198, ], [27: 23, 31, 58, 63, 102, 108, 112, 124, 131, 145, 176, 186, 190, ], [28: 0, 4, 14, 26, 76, 87, 94, 103, 108, 128, 151, ], [29: 18, 30, 33, 35, 37, 140, 162, 196, ], [30: 4, 27, 36, 39, 149, 157, ], [31: 11, 51, 62, 66, 68, 75, 76, 78, 79, 80, 82, 85, 86, 92, 93, 99, 101, 102, 108, 164, 172, 186, 196, 198, ], [32: 21, 34, 35, 37, 39, 183, 197, ], [33: 3, 76, 88, 94, 97, 106, 160, 191, 196, ], [34: 113, 114, 115, 116, 117, 118, 119, 120, 121, ], [35: 5, 8, 11, 18, 24, 25, 29, 30, 72, 114, 147, ], [36: 66, 67, 77, 78, 79, 80, 98, 106, 107, 109, 176, ], [37: 1, 6, 7, 21, 23, 25, 58, 59, 184, 185, 190, 193, 194, 195, ], [38: 6, 16, 23, 49, 54, 72, 77, 91, 93, 107, 131, 172, ], [39: 62, 68, 70, 74, 77, 81, 84, 89, 92, 163, 164, 169, 173, 174, ], [40: 12, 39, 118, 166, 192, 193, ], [41: 36, 37, 41, 44, 96, 100, 109, 143, 159, ], [42: 8, 30, 113, 147, 198, ], [43: 2, 5, 9, 11, 15, 17, 21, 31, 63, 68, 96, 106, 129, 165, 180, ], [44: 13, 15, 26, 27, 54, 58, 59, 75, 88, 108, 109, 131, 172, 186, ], [45: 37, 45, 96, 100, 112, 141, 182, 196, ], [46: 9, 10, 16, 17, 21, 25, 73, 91, 114, 169, 170, ], [47: 3, 51, 114, 116, 166, 168, 175, 177, 182, 187, 191, 193, 196, ], [48: 31, 37, 45, 46, 98, 102, 138, 153, 154, 156, 160, ], [49: 42, 93, 109, 181, 184, 190, 194, 196, 199, ], [50: 10, 23, 25, 90, 95, 110, 112, 124, 130, 145, 172, ], [51: 4, 49, 52, 64, 65, 66, 169, ], [52: 13, 16, 20, 27, 120, 156, 174, 175, ], [53: 17, 29, 93, 104, 111, 112, ], [54: 33, 74, 79, 95, 102, 155, ], [55: 1, 5, 6, 9, 12, 15, 20, 23, 24, 52, 58, 120, 121, ], [56: 42, 63, 98, 124, 131, 144, 146, 151, ], [57: 131, 144, 149, 150, 153, 184, 186, 190, ], [58: 52, 58, 157, 166, 168, 174, ], [59: 18, 24, 63, 79, 80, 90, 163, 164, 180, ], [60: 14, 16, 24, 25, 30, 31, 100, 196, ], [61: 30, 49, 82, 183, ], [62: 63, 138, 181, 183, ], [63: 62, 80, 82, 94, 96, 105, 112, 126, 196, ], [64: 62, 64, 78, 87, 130, 199, ], [65: 56, 57, 58, 71, 82, 198, ], [66: 69, 73, 91, 99, 112, 151, ], [67: 6, 63, 82, 110, 133, 134, 135, 174, ], [68: 46, 127, 139, 152, 153, 184, 187, 188, 198, ], [69: 25, 49, 78, 89, 92, 176, ], [70: 11, 33, 34, 39, 43, 44, 147, ], [71: 51, 52, 69, 75, 84, 125, 172, 178, 195, ], [72: 13, 60, 76, 79, 90, ], [73: 23, 60, 66, 174, ], [74: 88, 124, 147, 185, ], [75: 22, 91, 110, 195, ], [76: 38, 110, 143, 146, 190, ], [77: 0, 4, 14, 55, 60, 69, ], [78: 15, 19, 20, 27, 63, 130, 135, ], [79: 38, 63, 74, 92, 126, 145, 199, ], [80: 41, 52, 98, 116, ], [81: 102, 112, 113, 187, ], [82: 0, 26, 57, 61, 175, 177, ], [83: 18, 25, 74, 98, 159, ], [84: 3, 34, 105, 194, ], [85: 29, 37, 71, 111, 121, ], [86: 63, 110, 124, 155, 159, 162, ], [87: 6, 78, 163, 190, ], [88: 6, 30, 87, 108, ], [89: 53, 70, 103, 134, ], [90: 8, 22, 58, 94, 126, ], [91: 1, 34, 180, ], [92: 59, 126, 146, 172, ], ]
edge deletions: 887
edge additions: 638
vertex splittings: 852
cost of solution: 2377
time used on iteration: 25.6997
------------------
iteration 1: [[0: 2, 21, 25, 28, 30, 32, 36, 37, 39, 43, 44, 71, 121, ], [1: 0, 1, 2, 3, 4, 5, 6, 7, 8, 9, 10, 11, 12, 13, 15, 16, 17, 18, 19, 20, 21, 22, 23, 24, 25, 26, 27, 47, 48, 49, 50, 52, 53, 54, 55, 56, 57, 58, 59, 61, 67, 71, 84, 93, 124, 131, 172, 173, 174, 176, 178, 179, ], [2: 47, 67, 70, 86, 90, 122, 123, 124, 125, 126, 127, 128, 129, 130, 131, 132, 133, 134, 135, 136, 137, ], [3: 68, 70, 71, 79, 85, 89, 92, 163, 164, 165, 166, 167, 168, 169, 170, 171, 172, 173, 174, 175, 176, 177, 178, 179, 180, 199, ], [4: 0, 3, 20, 116, 118, 151, 166, 167, 180, ], [5: 28, 29, 31, 32, 33, 35, 36, 37, 38, 40, 41, 42, 43, 44, 45, 46, 96, 98, 100, 101, 102, 106, 107, 108, 109, 112, 117, 159, 165, 181, 182, 184, 186, 187, 188, 189, 192, 195, 197, 198, 199, ], [6: 1, 3, 6, 10, 12, 22, 23, 66, 72, 84, 86, 166, 168, 175, 185, 186, 187, 190, 191, 193, 195, 196, ], [7: 2, 5, 9, 10, 11, 21, 25, 62, 63, 64, 65, 66, 67, 68, 69, 71, 72, 73, 74, 75, 76, 77, 78, 79, 80, 81, 82, 83, 84, 85, 86, 87, 88, 89, 90, 91, 92, 93, 99, 100, 102, 106, 107, 108, 131, 172, 179, 186, ], [8: 110, 115, 127, 138, 139, 140, 141, 142, 143, 144, 145, 146, 147, 148, 149, 150, 151, 152, 153, 154, 155, 156, 157, 158, 159, 160, 161, 162, 189, ], [9: 3, 8, 11, 16, 18, 23, 24, 26, 47, 56, 76, 77, 114, 164, 170, 175, 176, 177, 186, 196, ], [10: 10, 22, 23, 63, 95, 98, 104, 107, 108, 110, 112, 124, 126, 130, 133, 135, 145, ], [11: 4, 7, 14, 26, 94, 103, 105, 106, 108, 116, 129, 151, 180, ], [12: 24, 51, 62, 65, 66, 70, 74, 75, 76, 78, 80, 82, 84, 85, 86, 90, 92, 93, 101, 163, 164, 170, 172, 178, 196, 198, ], [13: 64, 70, 82, 87, 88, 100, 103, 135, ], [14: 93, 115, 116, 182, 185, 188, 190, 191, 192, 194, 196, 197, ], [15: 0, 1, 2, 5, 8, 9, 10, 11, 12, 13, 14, 15, 17, 19, 20, 21, 24, 88, 100, 108, 129, 165, 180, ], [16: 16, 21, 23, 31, 58, 59, 63, 98, 124, 155, 165, 174, 176, 179, 195, ], [17: 11, 18, 30, 31, 33, 34, 35, 39, 43, 44, 147, 183, ], [18: 4, 7, 14, 20, 26, 30, 34, 39, 40, 41, 45, 97, ], [19: 5, 8, 9, 10, 12, 15, 19, 21, 25, 87, 90, 95, 96, 97, 98, 99, 100, 102, 108, 109, 111, 112, 176, 194, 196, ], [20: 4, 13, 27, 149, 156, 175, 186, ], [21: 10, 18, 49, 50, 51, 52, 54, 57, 58, 60, 75, 79, 140, 172, ], [22: 62, 63, 64, 68, 75, 80, 82, 85, 87, 88, 92, 94, 96, 98, 105, 109, 112, 126, 129, 134, ], [23: 6, 9, 10, 16, 17, 21, 25, 52, 72, 77, 114, 165, 169, 170, 173, 174, 178, ], [24: 55, 66, 69, 73, 76, 81, 83, 91, 105, 118, 129, 151, 191, ], [25: 3, 14, 22, 75, 76, 88, 94, 97, 105, 106, 160, 191, 196, ], [26: 4, 6, 8, 14, 15, 18, 27, 30, 63, 67, 72, 75, 87, 93, 108, ], [27: 18, 38, 46, 51, 74, 76, 77, 86, 88, 183, ], [28: 6, 26, 57, 61, 74, 82, 89, 93, 167, 170, 174, 175, 177, ], [29: 25, 65, 69, 83, 88, 90, 94, 95, 96, 97, 98, 99, 100, 101, 102, 103, 104, 105, 106, 107, 109, 110, 111, 190, ], [30: 8, 19, 22, 59, 121, 183, 187, 193, 194, ], [31: 2, 4, 49, 54, 64, 65, 76, 81, 89, 169, 170, 173, 178, ], [32: 51, 52, 56, 65, 75, 76, 84, 125, 145, 172, 177, 178, 179, 186, 195, 199, ], [33: 113, 114, 115, 116, 117, 118, 119, 120, 121, 148, 192, ], [34: 8, 51, 102, 108, 113, 168, 187, 188, 190, 198, ], [35: 5, 10, 17, 24, 25, 29, 31, 111, 121, ], [36: 3, 8, 19, 20, 31, 94, 161, 194, 196, ], [37: 45, 56, 107, 153, 166, 198, ], [38: 42, 87, 107, 124, 131, 144, 146, 150, 151, 190, ], [39: 23, 56, 114, 163, 169, 171, ], [40: 17, 22, 54, 58, 59, 63, 77, 88, 91, 108, 112, 186, ], [41: 8, 51, 55, 58, 73, 114, 166, 182, 185, 191, 193, 198, ], [42: 0, 1, 6, 15, 20, 23, 52, 58, 120, 121, 130, 175, ], [43: 17, 99, 104, 106, 113, 197, ], [44: 37, 46, 98, 138, 139, 145, 154, 156, 181, ], [45: 18, 29, 38, 92, 100, 145, 187, ], [46: 119, 171, 194, 196, ], [47: 6, 107, 133, 134, 174, ], [48: 3, 23, 53, 85, 122, 127, 129, 132, 134, ], [49: 14, 23, 55, 60, 179, ], [50: 32, 33, 35, 38, 41, 42, 43, 94, 95, 103, 104, 111, 128, 159, 184, 188, 192, 195, ], [51: 110, 113, 116, 119, 138, 144, 146, 149, 151, 153, 158, ], [52: 31, 131, 153, ], [53: 52, 66, 98, 116, 174, ], [54: 24, 73, 120, 183, ], [55: 3, 4, 60, 66, 69, 191, ], [56: 2, 7, 21, 52, 59, 185, 190, ], [57: 6, 58, 78, 93, 131, 181, 184, 190, 194, 196, 199, ], [58: 19, 21, 34, 39, 40, 197, ], [59: 13, 19, 26, 27, 59, 60, 75, 79, 109, ], ]
edge deletions: 1118
edge additions: 875
vertex splittings: 650
cost of solution: 2643
time used on iteration: 17.0785
------------------
