instance: ../../../heur/heur009.gr
iterations: 5
operations per iteration: 80000
best solution:
[[0: 0, 14, 125, 127, 128, 130, 134, 136, 137, 139, 140, 143, 146, 147, 149, ], [1: 175, 176, 177, 178, 182, 186, 187, 189, 190, 197, 198, ], [2: 0, 4, 7, 8, 11, 13, 14, 15, 16, 125, 130, 133, 136, 139, 140, ], [3: 11, 125, 133, 139, 147, 236, 238, ], [4: 130, 136, 225, 226, 227, 228, 229, 232, 233, 236, 237, 238, 242, 244, 247, 249, ], [5: 6, 11, 15, 17, 23, 24, 131, 149, ], [6: 149, 244, 246, 248, ], [7: 100, 101, 106, 108, 110, 111, 114, 115, 116, 119, 120, 122, 124, ], [8: 225, 234, 236, 237, 240, 241, 248, ], [9: 150, 158, 160, 162, 164, 171, ], [10: 179, 180, 184, 185, 186, 188, 189, 191, 196, 197, ], [11: 14, 24, 125, 130, 131, 136, 139, 142, 144, 145, 148, ], [12: 11, 207, 209, 210, 212, 213, ], [13: 151, 152, 154, 157, 159, 160, 163, 164, 169, 171, ], [14: 52, 56, 59, 61, 63, 64, 67, 71, ], [15: 175, 176, 177, 179, 180, 187, 196, 198, ], [16: 32, 33, 35, 36, 37, 40, 41, 42, 48, ], [17: 27, 28, 30, 44, 45, 46, ], [18: 152, 157, 159, 162, 163, 165, 166, 168, 170, ], [19: 0, 3, 9, 14, 15, 17, 22, 23, 149, ], [20: 7, 133, 137, 140, 146, 226, 233, 244, ], [21: 0, 128, 131, 133, 135, 139, 141, 142, 145, 149, ], [22: 230, 234, 238, 245, ], [23: 104, 106, 107, 108, 110, 111, 112, 113, 115, 116, 117, 118, 122, 123, 124, ], [24: 79, 81, 83, 84, 87, 88, 90, 91, 92, ], [25: 201, 202, 209, 222, ], [26: 32, 34, 36, 43, 49, ], [27: 51, 53, 56, 57, 58, 59, 62, 65, 67, 68, 69, 70, 71, 72, 73, 74, ], [28: 8, 14, 15, 139, 209, 210, 213, 214, 220, ], [29: 17, 136, 141, 143, 148, ], [30: 128, 132, 141, 144, ], [31: 6, 129, 142, 144, 148, 149, ], [32: 50, 51, 52, 54, 61, 64, 65, 69, ], [33: 150, 155, 156, 167, 172, ], [34: 75, 78, 79, 81, 83, 98, ], [35: 0, 136, 208, 209, 213, ], [36: 3, 6, 10, ], [37: 156, 161, 173, ], [38: 75, 79, 83, 87, 89, 94, 98, ], [39: 175, 176, 177, 186, 192, 193, 195, ], [40: 150, 153, 154, ], [41: 230, 231, 236, 246, 249, ], [42: 0, 213, 214, 215, ], [43: 138, 149, ], [44: 213, 219, 224, ], [45: 1, 2, 22, ], [46: 200, 203, ], [47: 201, 208, 211, ], [48: 80, 95, 96, ], [49: 26, 32, 36, 38, 41, 42, 48, ], [50: 50, 54, 55, 71, ], [51: 140, 236, 238, 239, 242, 247, ], [52: 126, 128, 140, ], [53: 97, ], [54: 77, 86, ], [55: 47, ], [56: 183, 199, ], [57: 5, 12, ], [58: 57, 58, 59, 60, 62, 66, 70, 72, 73, 74, ], [59: 30, 34, 43, 48, ], [60: 204, 212, 214, ], [61: 206, 216, ], [62: 217, 218, 221, ], [63: 25, 31, 43, ], [64: 177, 194, ], [65: 0, 20, 131, 143, 148, ], [66: 177, 181, ], [67: 103, 118, ], [68: 235, 236, 245, ], [69: 85, ], [70: 99, ], [71: 18, ], [72: 19, ], [73: 21, ], [74: 29, ], [75: 39, ], [76: 76, ], [77: 82, ], [78: 93, ], [79: 102, ], [80: 105, ], [81: 109, ], [82: 121, ], [83: 174, ], [84: 205, ], [85: 223, ], [86: 243, ], ]
cost of best solution: 474
average cost of solutions: 475
average last operation finding best solution: 52083.2
average runtime: 10.4082
------------------
average time of add_all_nodes_to_neighbours: 0.000258656
average time of random_choice_split: 0
average time of weighted_random_merge: 0
average time of label_propagation_round 7.5521e-05
------------------
average improvement of add_all_nodes_to_neighbours -0.132626
per second: -512.749
average improvement of random_choice_split 0.0830816
per second: inf
average improvement of weighted_random_merge -0.295788
per second: -inf
average improvement of label_propagation_round -0.111608
per second: -1477.84
all solutions:
------------------
iteration 0: [[0: 0, 4, 7, 8, 11, 13, 14, 15, 16, 125, 130, 133, 136, 139, 140, ], [1: 175, 176, 177, 179, 180, 187, 196, 198, ], [2: 130, 136, 140, 225, 226, 227, 228, 229, 232, 233, 236, 237, 238, 242, 244, 247, 249, ], [3: 14, 125, 128, 130, 131, 133, 136, 139, 142, 144, 145, 148, 149, ], [4: 179, 180, 184, 185, 186, 188, 189, 191, 196, 197, ], [5: 0, 14, 125, 127, 128, 130, 134, 136, 137, 139, 140, 143, 146, 147, 149, ], [6: 11, 207, 209, 210, 212, 213, ], [7: 7, 133, 137, 146, 226, 233, 244, ], [8: 104, 106, 107, 108, 110, 111, 112, 113, 115, 116, 117, 118, 122, 123, 124, ], [9: 150, 158, 160, 162, 164, 171, ], [10: 6, 11, 15, 17, 23, 24, 131, 149, ], [11: 175, 176, 177, 178, 182, 186, 187, 189, 190, 197, 198, ], [12: 11, 125, 133, 139, 147, 236, 238, ], [13: 79, 81, 83, 84, 87, 88, 90, 91, 92, ], [14: 100, 101, 106, 108, 111, 114, 115, 116, 119, 120, 122, 124, ], [15: 6, 24, 130, 141, 148, ], [16: 149, 244, 246, 248, ], [17: 152, 157, 159, 162, 163, 165, 166, 168, 170, ], [18: 0, 17, 24, 131, 135, 136, 139, 141, 142, ], [19: 51, 53, 56, 57, 58, 59, 60, 62, 65, 66, 67, 68, 69, 70, 71, 72, 73, 74, ], [20: 0, 8, 14, 15, 139, 209, 213, 214, ], [21: 150, 155, 156, 167, 172, ], [22: 156, 161, 173, ], [23: 151, 152, 154, 157, 159, 160, 163, 164, 169, 171, ], [24: 27, 28, 30, 44, 45, 46, ], [25: 32, 33, 35, 36, 37, 40, 41, 42, 48, ], [26: 200, 203, ], [27: 128, 132, 135, 141, 144, 149, ], [28: 0, 3, 9, 14, 15, 17, 22, 23, 149, ], [29: 50, 51, 52, 54, 56, 59, 61, 63, 64, 65, 67, 69, 71, ], [30: 225, 234, 236, 237, 238, 240, 241, 248, ], [31: 80, 95, 96, ], [32: 201, 208, 211, ], [33: 204, 212, 214, ], [34: 3, 6, 10, ], [35: 0, 20, 131, 143, 148, ], [36: 208, 209, 213, 220, ], [37: 175, 176, 177, 192, 193, 195, 198, ], [38: 5, 12, ], [39: 183, 199, ], [40: 150, 153, 154, ], [41: 75, 79, 83, 87, 89, 94, 98, ], [42: 213, 219, 224, ], [43: 230, 231, 236, 246, 249, ], [44: 6, 129, 142, 144, ], [45: 1, 2, 22, ], [46: 15, 210, 220, ], [47: 75, 78, 81, 98, ], [48: 26, 32, 36, 38, 41, 42, 48, ], [49: 217, ], [50: 55, ], [51: 101, 107, 114, 117, 120, ], [52: 32, 34, 36, 43, 49, ], [53: 97, ], [54: 235, 236, 245, ], [55: 194, ], [56: 77, 86, ], [57: 201, 202, 209, 222, ], [58: 206, 216, ], [59: 31, ], [60: 25, 43, ], [61: 18, ], [62: 218, 221, ], [63: 85, ], [64: 103, 118, ], [65: 138, ], [66: 99, ], [67: 215, ], [68: 126, ], [69: 47, ], [70: 239, ], [71: 181, ], [72: 19, ], [73: 21, ], [74: 29, ], [75: 39, ], [76: 76, ], [77: 82, ], [78: 93, ], [79: 102, ], [80: 105, ], [81: 109, ], [82: 121, ], [83: 174, ], [84: 205, ], [85: 223, ], [86: 243, ], ]
edge deletions: 211
edge additions: 106
vertex splittings: 160
cost of solution: 477
time used on iteration: 10.4592
best solution found at iteration 76321
------------------
iteration 1: [[0: 0, 14, 125, 127, 128, 130, 134, 136, 137, 139, 140, 143, 146, 147, 149, ], [1: 175, 176, 177, 178, 182, 186, 187, 189, 190, 197, 198, ], [2: 0, 4, 7, 8, 11, 13, 14, 15, 16, 125, 130, 133, 136, 139, 140, ], [3: 11, 125, 133, 139, 147, 236, 238, ], [4: 130, 136, 225, 226, 227, 228, 229, 232, 233, 236, 237, 238, 242, 244, 247, 249, ], [5: 6, 11, 15, 17, 23, 24, 131, 149, ], [6: 149, 244, 246, 248, ], [7: 100, 101, 106, 108, 110, 111, 114, 115, 116, 119, 120, 122, 124, ], [8: 225, 234, 236, 237, 240, 241, 248, ], [9: 150, 158, 160, 162, 164, 171, ], [10: 179, 180, 184, 185, 186, 188, 189, 191, 196, 197, ], [11: 14, 24, 125, 130, 131, 136, 139, 142, 144, 145, 148, ], [12: 11, 207, 209, 210, 212, 213, ], [13: 151, 152, 154, 157, 159, 160, 163, 164, 169, 171, ], [14: 52, 56, 59, 61, 63, 64, 67, 71, ], [15: 175, 176, 177, 179, 180, 187, 196, 198, ], [16: 32, 33, 35, 36, 37, 40, 41, 42, 48, ], [17: 27, 28, 30, 44, 45, 46, ], [18: 152, 157, 159, 162, 163, 165, 166, 168, 170, ], [19: 0, 3, 9, 14, 15, 17, 22, 23, 149, ], [20: 7, 133, 137, 140, 146, 226, 233, 244, ], [21: 0, 128, 131, 133, 135, 139, 141, 142, 145, 149, ], [22: 230, 234, 238, 245, ], [23: 104, 106, 107, 108, 110, 111, 112, 113, 115, 116, 117, 118, 122, 123, 124, ], [24: 79, 81, 83, 84, 87, 88, 90, 91, 92, ], [25: 201, 202, 209, 222, ], [26: 32, 34, 36, 43, 49, ], [27: 51, 53, 56, 57, 58, 59, 62, 65, 67, 68, 69, 70, 71, 72, 73, 74, ], [28: 8, 14, 15, 139, 209, 210, 213, 214, 220, ], [29: 17, 136, 141, 143, 148, ], [30: 128, 132, 141, 144, ], [31: 6, 129, 142, 144, 148, 149, ], [32: 50, 51, 52, 54, 61, 64, 65, 69, ], [33: 150, 155, 156, 167, 172, ], [34: 75, 78, 79, 81, 83, 98, ], [35: 0, 136, 208, 209, 213, ], [36: 3, 6, 10, ], [37: 156, 161, 173, ], [38: 75, 79, 83, 87, 89, 94, 98, ], [39: 175, 176, 177, 186, 192, 193, 195, ], [40: 150, 153, 154, ], [41: 230, 231, 236, 246, 249, ], [42: 0, 213, 214, 215, ], [43: 138, 149, ], [44: 213, 219, 224, ], [45: 1, 2, 22, ], [46: 200, 203, ], [47: 201, 208, 211, ], [48: 80, 95, 96, ], [49: 26, 32, 36, 38, 41, 42, 48, ], [50: 50, 54, 55, 71, ], [51: 140, 236, 238, 239, 242, 247, ], [52: 126, 128, 140, ], [53: 97, ], [54: 77, 86, ], [55: 47, ], [56: 183, 199, ], [57: 5, 12, ], [58: 57, 58, 59, 60, 62, 66, 70, 72, 73, 74, ], [59: 30, 34, 43, 48, ], [60: 204, 212, 214, ], [61: 206, 216, ], [62: 217, 218, 221, ], [63: 25, 31, 43, ], [64: 177, 194, ], [65: 0, 20, 131, 143, 148, ], [66: 177, 181, ], [67: 103, 118, ], [68: 235, 236, 245, ], [69: 85, ], [70: 99, ], [71: 18, ], [72: 19, ], [73: 21, ], [74: 29, ], [75: 39, ], [76: 76, ], [77: 82, ], [78: 93, ], [79: 102, ], [80: 105, ], [81: 109, ], [82: 121, ], [83: 174, ], [84: 205, ], [85: 223, ], [86: 243, ], ]
edge deletions: 193
edge additions: 91
vertex splittings: 190
cost of solution: 474
time used on iteration: 11.5458
best solution found at iteration 35929
------------------
iteration 2: [[0: 175, 176, 177, 178, 182, 186, 187, 189, 190, 197, 198, ], [1: 0, 3, 9, 14, 15, 17, 22, 23, 149, ], [2: 11, 207, 209, 210, 212, 213, ], [3: 106, 107, 108, 110, 111, 112, 113, 115, 116, 117, 118, 122, 123, 124, ], [4: 0, 4, 7, 8, 11, 13, 14, 15, 16, 125, 130, 133, 136, 139, 140, ], [5: 136, 140, 225, 226, 228, 229, 233, 236, 238, 242, 244, 247, 249, ], [6: 100, 101, 106, 108, 111, 114, 115, 116, 119, 120, 122, 124, ], [7: 6, 11, 15, 17, 23, 24, 131, 149, ], [8: 79, 81, 83, 84, 87, 88, 90, 91, 92, ], [9: 150, 158, 160, 162, 164, 171, ], [10: 0, 14, 125, 127, 128, 130, 134, 136, 137, 139, 140, 143, 146, 147, 149, ], [11: 0, 8, 14, 15, 139, 209, 213, 214, ], [12: 152, 157, 159, 163, 165, 169, 171, ], [13: 0, 17, 24, 131, 135, 136, 139, 141, 142, 148, ], [14: 14, 125, 128, 130, 131, 133, 136, 139, 142, 144, 145, 148, 149, ], [15: 179, 180, 184, 185, 186, 188, 189, 191, 196, 197, ], [16: 11, 125, 133, 147, 236, 238, ], [17: 7, 133, 137, 146, 226, 233, 244, ], [18: 175, 176, 177, 179, 180, 187, 196, 198, ], [19: 50, 51, 52, 54, 56, 59, 61, 63, 64, 65, 67, 69, 71, ], [20: 150, 155, 156, 167, 172, ], [21: 208, 209, 213, 220, ], [22: 204, 212, 214, ], [23: 130, 139, 225, 227, 229, 232, 233, 236, 237, 238, 242, 244, ], [24: 27, 28, 30, 44, 45, 46, ], [25: 32, 33, 35, 36, 37, 40, 41, 42, 48, ], [26: 151, 152, 154, 157, 159, 160, 163, 164, ], [27: 0, 20, 131, 143, 148, ], [28: 1, 2, 22, ], [29: 75, 79, 83, 87, 89, 94, 98, ], [30: 26, 32, 36, 38, 41, 42, 48, ], [31: 57, 58, 62, 66, 67, 70, 72, 74, ], [32: 225, 234, 236, 237, 238, 240, 241, 248, ], [33: 175, 176, 177, 192, 193, 195, ], [34: 158, 161, 172, ], [35: 201, 202, 209, 222, ], [36: 229, 230, 233, 244, 246, ], [37: 149, 244, 246, 248, ], [38: 80, 95, 96, ], [39: 101, 104, 110, 114, 117, ], [40: 128, 132, 135, 141, 144, 149, ], [41: 231, 235, 236, 246, 249, ], [42: 6, 129, 142, 144, 148, 149, ], [43: 152, 157, 159, 162, 163, 166, 168, 170, ], [44: 183, 199, ], [45: 55, ], [46: 32, 34, 36, 43, 49, ], [47: 201, 208, 211, ], [48: 3, 6, 10, 149, ], [49: 150, 153, 154, ], [50: 156, 161, 173, ], [51: 18, ], [52: 5, 12, ], [53: 15, 145, 147, ], [54: 51, 53, 56, 57, 58, 59, 60, 62, 65, 68, 69, 70, 71, 72, 73, 74, ], [55: 103, ], [56: 200, 203, ], [57: 75, 78, 81, 98, ], [58: 217, 218, 221, ], [59: 215, ], [60: 138, 149, ], [61: 206, 216, ], [62: 97, ], [63: 47, ], [64: 31, ], [65: 25, ], [66: 230, 234, 236, 238, 245, ], [67: 181, ], [68: 213, 219, 224, ], [69: 177, 194, ], [70: 99, ], [71: 77, 85, 86, ], [72: 238, 239, 242, ], [73: 126, 139, 140, 149, ], [74: 19, ], [75: 21, ], [76: 29, ], [77: 39, ], [78: 76, ], [79: 82, ], [80: 93, ], [81: 102, ], [82: 105, ], [83: 109, ], [84: 121, ], [85: 174, ], [86: 205, ], [87: 223, ], [88: 243, ], ]
edge deletions: 209
edge additions: 76
vertex splittings: 189
cost of solution: 474
time used on iteration: 10.6758
best solution found at iteration 59366
------------------
iteration 3: [[0: 0, 3, 9, 14, 15, 17, 22, 23, 149, ], [1: 6, 11, 15, 17, 23, 24, 131, 149, ], [2: 0, 4, 7, 8, 11, 13, 14, 15, 16, 125, 130, 133, 136, 139, 140, ], [3: 0, 14, 125, 127, 128, 130, 134, 136, 137, 139, 140, 143, 146, 147, 149, ], [4: 150, 158, 160, 162, 164, 171, ], [5: 101, 107, 114, 117, 120, ], [6: 130, 136, 140, 225, 226, 228, 229, 233, 236, 237, 238, 242, 244, 247, 249, ], [7: 14, 24, 125, 128, 130, 131, 136, 139, 142, 144, 145, 148, ], [8: 175, 176, 177, 179, 180, 187, 196, 198, ], [9: 151, 152, 154, 157, 159, 160, 163, 164, 169, ], [10: 225, 227, 229, 232, 233, 237, 242, 244, 246, 248, ], [11: 179, 180, 184, 185, 186, 188, 189, 191, 196, 197, ], [12: 11, 207, 209, 210, 212, 213, ], [13: 6, 129, 131, 142, 144, 148, 149, ], [14: 50, 51, 52, 54, 56, 59, 61, 63, 64, 65, 67, 69, 71, ], [15: 133, 139, 227, 229, 230, 233, 236, 238, 244, ], [16: 0, 24, 135, 142, ], [17: 11, 125, 147, 232, 236, 238, ], [18: 0, 8, 14, 15, 136, 139, 209, 213, 214, ], [19: 26, 32, 36, 38, 41, 42, 48, ], [20: 27, 28, 30, 44, 45, 46, ], [21: 51, 53, 56, 57, 58, 59, 62, 65, 67, 68, 69, 70, 71, 72, 73, 74, ], [22: 15, 133, 145, 147, 149, ], [23: 231, 236, 246, 249, ], [24: 150, 155, 156, 167, 172, ], [25: 17, 136, 139, 141, 142, 148, ], [26: 32, 33, 35, 36, 37, 40, 41, 42, 48, ], [27: 7, 133, 137, 146, 226, 233, 244, ], [28: 104, 106, 107, 108, 110, 111, 112, 113, 115, 116, 117, 118, 122, 123, 124, ], [29: 100, 101, 106, 108, 111, 114, 115, 116, 119, 120, 122, 124, ], [30: 213, 219, 224, ], [31: 201, 208, 211, ], [32: 79, 81, 83, 84, 87, 88, 90, 91, 92, ], [33: 204, 212, 214, ], [34: 234, 236, 237, 238, 240, 241, ], [35: 75, 79, 83, 87, 89, 94, 98, ], [36: 208, 209, 213, 220, ], [37: 75, 78, 81, 98, ], [38: 235, 236, 245, ], [39: 152, 157, 159, 162, 163, 165, 166, 168, 170, ], [40: 183, 199, ], [41: 201, 202, 209, 222, ], [42: 57, 58, 59, 60, 62, 66, 70, 72, 73, 74, ], [43: 214, 215, ], [44: 32, 34, 36, 43, 49, ], [45: 175, 176, 177, 192, 193, 195, ], [46: 0, 20, 131, 141, 143, 148, ], [47: 217, ], [48: 200, 203, ], [49: 1, 2, 22, ], [50: 5, 12, ], [51: 218, 221, ], [52: 50, 52, 54, 55, ], [53: 126, 136, ], [54: 98, 99, ], [55: 175, 176, 177, 178, 182, 186, 187, 189, 190, 197, 198, ], [56: 206, 216, ], [57: 238, 239, 242, ], [58: 150, 153, 154, ], [59: 25, ], [60: 77, 85, 86, ], [61: 131, 138, ], [62: 156, 161, 173, ], [63: 80, 95, 96, ], [64: 3, 6, 10, ], [65: 128, 132, 135, 141, 144, 149, ], [66: 181, ], [67: 103, 118, ], [68: 194, ], [69: 97, ], [70: 18, ], [71: 47, ], [72: 31, ], [73: 19, ], [74: 21, ], [75: 29, ], [76: 39, ], [77: 76, ], [78: 82, ], [79: 93, ], [80: 102, ], [81: 105, ], [82: 109, ], [83: 121, ], [84: 174, ], [85: 205, ], [86: 223, ], [87: 243, ], ]
edge deletions: 205
edge additions: 85
vertex splittings: 185
cost of solution: 475
time used on iteration: 10.6645
best solution found at iteration 48100
------------------
iteration 4: [[0: 14, 125, 128, 130, 131, 133, 136, 139, 142, 144, 145, 148, 149, ], [1: 51, 53, 56, 57, 58, 59, 62, 65, 67, 68, 69, 70, 71, 72, 73, 74, ], [2: 100, 101, 106, 108, 110, 111, 114, 115, 116, 119, 120, 122, 124, ], [3: 130, 136, 140, 225, 226, 228, 229, 233, 236, 237, 238, 242, 244, 247, 249, ], [4: 0, 4, 7, 8, 11, 13, 14, 15, 16, 125, 130, 133, 136, 139, 140, ], [5: 79, 81, 83, 84, 87, 88, 90, 91, 92, ], [6: 6, 11, 15, 17, 23, 24, 131, 149, ], [7: 0, 14, 125, 127, 128, 130, 134, 136, 137, 139, 140, 143, 146, 147, 149, ], [8: 151, 152, 154, 157, 159, 160, 163, 164, 169, ], [9: 104, 106, 107, 108, 110, 111, 112, 113, 115, 116, 117, 118, 122, 123, 124, ], [10: 150, 158, 160, 162, 164, 171, ], [11: 175, 176, 177, 178, 182, 186, 187, 189, 190, 197, 198, ], [12: 0, 3, 9, 14, 15, 17, 22, 23, 149, ], [13: 50, 51, 52, 54, 56, 59, 61, 63, 64, 65, 67, 69, 71, ], [14: 8, 14, 15, 139, 209, 213, 214, ], [15: 179, 180, 184, 185, 186, 188, 189, 191, 196, 197, ], [16: 11, 125, 147, 232, 236, 238, ], [17: 7, 133, 137, 146, 147, 226, 233, 244, ], [18: 6, 129, 131, 142, 144, 148, ], [19: 175, 176, 177, 179, 180, 187, 196, 198, ], [20: 225, 227, 229, 232, 233, 237, 242, 244, 246, 248, ], [21: 225, 234, 236, 237, 238, 240, 241, ], [22: 201, 202, 209, 222, ], [23: 75, 78, 79, 81, 83, 98, ], [24: 32, 33, 35, 36, 37, 40, 41, 42, 43, 48, ], [25: 0, 17, 24, 131, 135, 136, 139, 141, 142, 148, ], [26: 152, 157, 159, 162, 163, 165, 166, 168, 170, ], [27: 133, 139, 227, 230, 233, 236, 238, 244, ], [28: 11, 207, 209, 210, 212, 213, ], [29: 75, 79, 83, 87, 89, 94, ], [30: 126, 128, 149, ], [31: 0, 208, 209, 213, 220, ], [32: 1, 2, 22, ], [33: 204, 212, 214, ], [34: 150, 155, 156, 167, 172, ], [35: 175, 176, 177, 192, 193, 195, ], [36: 230, 231, 236, 246, 249, ], [37: 27, 28, 30, 44, 45, 46, ], [38: 80, 95, 96, ], [39: 213, 219, 224, ], [40: 128, 132, 135, 141, 144, 149, ], [41: 183, 199, ], [42: 26, 32, 36, 38, 41, 42, 48, ], [43: 57, 58, 59, 60, 62, 66, 70, 72, 73, 74, ], [44: 230, 234, 238, 245, ], [45: 150, 153, 154, ], [46: 5, 12, ], [47: 3, 6, 10, ], [48: 20, 131, 143, 148, ], [49: 200, 203, ], [50: 0, 214, 215, ], [51: 156, 161, 173, ], [52: 43, 47, ], [53: 131, 138, ], [54: 54, 55, ], [55: 86, ], [56: 217, 218, ], [57: 238, 239, 242, 247, ], [58: 101, 107, 114, 117, 120, ], [59: 201, 208, 211, ], [60: 235, 236, 245, ], [61: 11, 18, ], [62: 77, 85, ], [63: 177, 181, 195, ], [64: 32, 34, 36, 43, 49, ], [65: 97, ], [66: 103, 107, 108, 111, ], [67: 99, ], [68: 206, 216, ], [69: 194, ], [70: 218, 221, ], [71: 25, 43, ], [72: 31, 43, ], [73: 19, ], [74: 21, ], [75: 29, ], [76: 39, ], [77: 76, ], [78: 82, ], [79: 93, ], [80: 102, ], [81: 105, ], [82: 109, ], [83: 121, ], [84: 174, ], [85: 205, ], [86: 223, ], [87: 243, ], ]
edge deletions: 187
edge additions: 93
vertex splittings: 195
cost of solution: 475
time used on iteration: 8.69572
best solution found at iteration 40700
------------------
