5 2000 100 20
16 16 16 16 16 16 
16.5616 12.7945 14.8493 19.6438 17.9315 16.2192 
13.4932 12.5749 18.4285 20.6327 18.4252 15.4455 
14.0015 12.3659 16.8613 21.1007 18.6244 16.5463 
13.7423 11.0518 19.1048 22.5354 17.5519 15.7638 
14.5635 11.8721 18.3986 20.4984 19.3529 15.1896 
15.0942 11.9907 17.5977 20.4055 20.6139 14.2354 
14.4577 11.0767 18.3517 22.3979 19.6566 14.0283 
14.9808 10.3833 18.4782 21.8578 20.4872 13.7971 
14.6034 10.0034 16.7705 22.8536 21.9591 13.8023 
13.7533 9.84039 16.853 22.5155 22.0682 14.9657 
13.6668 9.85847 17.6857 22.1631 21.7337 14.8902 
14.9051 9.86197 18.0357 21.6197 21.405 14.1716 
14.5954 9.8913 19.5337 23.3098 19.4326 13.2366 
14.4115 9.8237 20.9457 24.0533 18.2529 12.5126 
13.9681 9.82988 21.3335 26.3709 15.6838 12.8137 
14.4739 9.77324 20.7882 25.5336 16.9512 12.4797 
15.1208 9.86587 21.5974 24.3851 17.3968 11.634 
16.5187 9.93294 21.007 22.1925 18.9067 11.442 
16.0325 9.7984 19.5371 22.4408 19.7475 12.4437 
16 16 16 16 16 16 
14.051 15.0064 16.5987 18.828 17.2357 16.2803 
15.2316 14.3734 17.078 17.811 19.3049 15.2012 
14.7039 13.1254 21.7574 18.484 17.89 13.5393 
13.8405 11.5245 21.9474 19.3565 19.8229 13.2582 
14.2615 10.7226 21.0927 20.9878 20.2289 12.5815 
13.8818 10.4246 21.3059 21.6753 20.241 12.4089 
15.3425 10.1303 21.1038 20.4688 20.3664 12.5569 
15.934 9.93804 19.8739 19.7683 21.412 13.0581 
15.1936 10.0471 20.0932 21.4076 19.8857 13.365 
15.0968 10.0236 21.0081 19.9346 19.7505 14.1825 
15.3797 9.83106 20.9458 21.6139 19.1122 13.1153 
15.1997 9.85624 21.5401 21.4789 19.2399 12.6842 
15.632 9.7474 22.015 22.1852 18.4553 11.9646 
14.8373 9.76732 22.0713 21.9437 18.8021 12.578 
15.3522 9.86521 22.2903 22.0419 17.8881 12.5621 
14.819 9.75886 20.0255 22.2179 18.9827 14.1961 
13.684 9.78139 20.601 22.0893 20.8639 12.9804 
15.592 10.5157 20.0921 19.1697 21.6819 12.9485 
16.709 10.2578 20.6982 20.6718 18.8845 12.7786 
16 16 16 16 16 16 
15.716 12.9383 17.2593 17.8765 19.7284 14.4815 
15.0565 12.1112 16.6063 19.2496 19.5918 16.3847 
14.5871 10.9575 16.5384 22.566 19.992 14.859 
13.8827 10.5175 16.7963 24.0737 19.2983 15.1814 
14.1657 10.2017 17.7138 22.4931 20.4857 14.8151 
14.0904 10.2145 16.8114 24.1253 20.0913 14.6045 
14.3327 10.5728 18.1223 22.589 19.9647 14.3873 
14.4244 10.1251 17.9321 23.5929 19.8614 14.0485 
15.2122 10.0626 17.7661 23.1964 19.9307 13.8242 
15.5653 9.92924 18.883 22.4145 20.3735 12.8305 
15.0514 9.81044 20.0142 21.5597 20.5392 13.0232 
15.1703 9.8639 17.8583 23.1765 21.0134 12.9165 
16.598 9.86757 17.7275 22.9617 20.1633 12.6814 
15.5571 9.77249 18.7428 22.3679 20.9688 12.5907 
16.8694 9.84493 17.016 22.5476 20.815 12.9069 
16.5319 9.78076 17.8197 23.4195 19.7192 12.7288 
15.829 9.72231 19.204 23.0543 19.1033 13.0871 
14.7327 9.81983 19.1061 24.7503 17.6095 13.9816 
14.0592 9.83118 18.2145 26.5484 17.663 13.6837 
16 16 16 16 16 16 
16.3333 15.6389 14.25 21.5417 17.375 12.8611 
15.0108 15.6141 16.2505 18.7556 19.524 13.845 
15.3367 14.032 17.3622 19.8196 20.2038 12.7458 
15.7596 13.655 16.7724 19.8683 20.4753 13.2194 
14.8837 12.0804 17.7247 21.2182 20.7435 13.2245 
15.6697 11.3145 19.4109 20.9467 19.6545 12.9413 
14.1341 10.5785 19.9417 21.4969 20.8508 12.9667 
16.0254 10.2892 21.8458 19.2901 19.3838 13.15 
16.3106 10.0382 19.6463 21.3472 20.1174 12.5325 
17.0764 9.99837 18.1219 18.3499 22.9218 13.5276 
17.85 9.85749 18.5751 17.4746 23.2018 13.0391 
16.9082 10.8111 19.5817 16.3003 22.3152 14.0826 
16.9647 10.2992 19.3653 17.5119 21.3704 14.4881 
17.4952 10.0852 17.408 19.7001 21.2002 14.111 
16.9476 10.0426 18.304 19.0501 21.2001 14.4555 
17.0009 9.86626 18.6481 19.6026 20.6776 14.2045 
16.0208 9.81118 18.2671 19.3541 22.5339 14.0128 
17.5342 9.88394 17.7916 19.6338 21.6566 13.4999 
16.2139 9.83559 17.832 20.8807 21.6793 13.5585 
16 16 16 16 16 16 
15.1895 12.902 17.4771 17.1503 18.4575 16.8235 
15.4895 12.3214 18.0503 19.3039 17.3259 16.5089 
15.0282 12.2631 19.2614 18.1165 18.5055 16.3253 
15.4506 11.8855 17.964 19.1773 20.7607 14.5119 
14.3145 10.7877 20.9975 20.4414 20.0703 13.2637 
13.7048 11.1478 20.6178 20.935 19.9558 13.5763 
15.3202 11.2191 21.196 19.3385 19.6553 13.2398 
16.8267 11.2345 19.7647 18.4192 20.036 13.7032 
16.5435 10.4953 22.484 18.1527 18.7578 13.5589 
15.1093 10.1622 21.7121 20.6148 18.9943 13.4034 
15.1128 9.92606 21.7087 20.9663 18.9933 13.2908 
14.3393 9.80799 20.1567 22.8863 18.4114 14.3974 
15.7762 9.82203 20.5292 20.2546 19.6565 13.961 
16.8725 10.3798 20.2255 19.1117 19.7892 13.6211 
13.8837 10.0537 22.9532 20.2562 18.844 14.009 
13.2172 9.88515 22.2054 21.869 17.5192 15.3041 
13.2626 9.88554 22.5095 22.5315 17.8851 13.9258 
14.3388 9.88348 23.3101 20.5543 17.0453 14.868 
14.2258 10.1837 23.5502 22.1723 16.7888 13.0792 
