5 10000 300 33
12 12 12 12 12 12 12 12 
9.777 10.3856 18.9094 13.6722 15.2657 8.64567 11.6803 11.9398 
12.0903 10.8065 20.6854 12.4047 16.7694 7.95704 7.95704 11.8169 
14.7772 12.3432 18.799 10.174 11.3015 9.05606 8.20765 16.1035 
9.21269 8.42855 29.6773 7.6161 13.587 7.6161 7.6161 17.6691 
16.4932 7.15873 21.5768 15.4735 9.44187 7.15873 7.15873 16.7333 
9.99585 7.55122 36.85 7.55122 10.0051 7.55122 7.84359 14.5943 
13.5415 7.40331 18.519 17.8713 10.6565 7.40331 7.40331 18.9062 
11.6395 8.12174 32.5851 8.12174 8.12174 13.7833 10.0635 9.8845 
18.6937 15.3254 18.0979 15.8562 10.5483 7.87261 7.87261 7.87261 
14.3069 12.2819 28.0681 7.84091 9.30981 7.84091 15.0664 7.84091 
16.2594 19.1595 21.9606 15.3215 7.14503 7.90476 7.90476 7.90476 
13.3306 15.9566 24.785 11.6353 7.5 7.5 7.5 14.5161 
14.4553 15.5109 24.9608 17.4798 7.74312 7.74312 7.74312 7.74312 
9.02758 14.3818 24.9144 11.3124 8.10909 8.10909 8.10909 21.7014 
11.9745 7.90208 30.7144 13.7942 9.23338 8.57143 8.57143 14.6041 
11.1621 8.37838 28.7021 19.2083 8.37838 8.37838 8.37838 9.86764 
11.1621 8.37838 33.5802 19.2083 8.37838 8.37838 8.37838 9.86764 
14.9269 9.15254 28.4578 19.2005 9.15254 9.15254 9.15254 8.3624 
14.9269 9.15254 28.4578 19.2005 9.15254 9.15254 9.15254 8.3624 
14.9269 9.15254 28.4578 19.2005 9.15254 9.15254 9.15254 8.3624 
14.9269 9.15254 28.4578 19.2005 9.15254 9.15254 9.15254 8.3624 
14.9269 9.15254 28.4578 19.2005 9.15254 9.15254 9.15254 8.3624 
14.9269 9.15254 28.4578 19.2005 9.15254 9.15254 9.15254 8.3624 
14.9269 9.15254 28.4578 19.2005 9.15254 9.15254 9.15254 8.3624 
14.9269 9.15254 28.4578 19.2005 9.15254 9.15254 9.15254 8.3624 
14.9269 9.15254 28.4578 19.2005 9.15254 9.15254 9.15254 8.3624 
14.9269 9.15254 28.4578 19.2005 9.15254 9.15254 9.15254 8.3624 
14.9269 9.15254 28.4578 19.2005 9.15254 9.15254 9.15254 8.3624 
14.9269 9.15254 28.4578 19.2005 9.15254 9.15254 9.15254 8.3624 
14.9269 9.15254 28.4578 19.2005 9.15254 9.15254 9.15254 8.3624 
14.9269 9.15254 28.4578 19.2005 9.15254 9.15254 9.15254 8.3624 
14.9269 9.15254 28.4578 19.2005 9.15254 9.15254 9.15254 8.3624 
14.9269 9.15254 28.4578 19.2005 9.15254 9.15254 9.15254 8.3624 
12 12 12 12 12 12 12 12 
12.6353 13.09 17.9558 10.076 14.5318 10.4001 10.5513 11.1729 
9.416 14.1569 12.6284 9.97437 12.8519 14.2482 7.84177 19.3438 
8.82163 8.06431 20.844 13.9707 9.0563 9.04312 12.5148 18.9319 
15.2365 7.85026 32.8066 8.0449 12.2302 7.46939 7.46939 10.5809 
9.81309 6.9571 26.1285 22.4703 14.2151 6.9571 6.9571 6.9571 
7.1328 11.5149 32.0973 7.63223 14.661 7.50685 7.50685 13.5002 
7.68293 13.6732 26.1185 10.2802 12.5999 7.68293 7.68293 17.6661 
10.6104 11.2954 14.4296 21.6881 11.3335 8.02139 11.4125 13.2797 
9.39581 12.7042 19.4656 7.8799 16.1682 10.1429 7.8799 16.8477 
11.0352 13.6385 25.5631 8.04167 8.04167 7.83732 10.0486 17.1611 
11.3488 13.259 20.799 11.3482 8.25731 11.1907 9.14056 16.5778 
9.42067 7.96947 25.6594 16.2589 8.60421 7.96947 7.96947 19.05 
16.2576 7.62712 32.0591 8.43018 8.78196 7.62712 7.62712 13.7218 
15.6003 12.1023 27.9087 14.8155 8.48 8.48 8.48 9.14784 
18.4039 14.0394 21.7645 11.7316 9.69412 8.61176 8.61176 12.734 
26.3668 14.8481 21.4039 9.02431 9.16923 9.16923 9.16923 9.7954 
22.8157 11.7842 19.7239 18.5 9.20635 9.20635 9.20635 7.77413 
21.5243 11.1172 21.7006 17.4528 8.68524 8.68524 8.68524 9.58491 
21.3448 8.68531 25.1773 16.329 9.0625 9.0625 9.0625 9.0625 
23.5764 8.35126 24.2089 15.701 8.71394 8.71394 8.71394 8.71394 
23.5764 8.35126 24.2089 15.701 8.71394 8.71394 8.71394 8.71394 
23.5764 8.35126 24.2089 15.701 8.71394 8.71394 8.71394 8.71394 
23.5764 8.35126 24.2089 15.701 8.71394 8.71394 8.71394 8.71394 
23.5764 8.35126 24.2089 15.701 8.71394 8.71394 8.71394 8.71394 
23.5764 8.35126 24.2089 15.701 8.71394 8.71394 8.71394 8.71394 
23.5764 8.35126 24.2089 15.701 8.71394 8.71394 8.71394 8.71394 
23.5764 8.35126 24.2089 15.701 8.71394 8.71394 8.71394 8.71394 
23.5764 8.35126 24.2089 15.701 8.71394 8.71394 8.71394 8.71394 
23.5764 8.35126 24.2089 15.701 8.71394 8.71394 8.71394 8.71394 
23.5764 8.35126 24.2089 15.701 8.71394 8.71394 8.71394 8.71394 
23.5764 8.35126 24.2089 15.701 8.71394 8.71394 8.71394 8.71394 
23.5764 8.35126 24.2089 15.701 8.71394 8.71394 8.71394 8.71394 
23.5764 8.35126 24.2089 15.701 8.71394 8.71394 8.71394 8.71394 
12 12 12 12 12 12 12 12 
13.8996 13.5305 14.9078 14.267 12.5155 8.75083 9.56493 12.9461 
13.0645 11.485 20.133 13.4084 11.6943 8.36989 12.2798 10.1166 
12.299 15.1233 21.4929 10.046 11.2823 8.70178 8.13737 13.8165 
11.8918 8.11392 25.5966 11.7865 13.0142 8.11392 9.19895 13.5461 
16.4242 9.56269 22.5485 13.9779 11.1964 8.04461 8.04461 11.8115 
13.2336 13.494 25.1713 11.5021 13.452 9.12835 8.1105 8.44242 
22.7862 8.18634 28.4641 11.0658 8.58819 7.47644 7.47644 7.47644 
14.6091 7.60784 26.5204 11.1577 18.1853 7.60784 7.60784 9.70545 
12.7097 7.78295 30.0628 8.63134 19.9685 7.78295 7.78295 7.4532 
18.0978 8.04264 31.8189 8.56008 12.9648 7.39474 7.39474 7.39474 
15.1708 16.1035 27.2957 6.92353 14.6279 7.63934 7.63934 7.63934 
18.8544 12.8189 26.3356 13.3291 7.89655 7.89655 7.89655 7.83003 
19.2644 7.95876 27.8325 14.5072 7.95876 7.95876 7.95876 11.3999 
12.5093 8.36364 32.0376 17.2125 10.8146 8.36364 8.36364 7.40251 
18.3429 10.3459 29.4081 14.8774 8.0404 8.0404 8.0404 8.0404 
15.8128 8.91886 27.3566 16.835 9.17241 9.17241 9.17241 9.17241 
25.3125 9.61404 26.037 14.7676 8.04598 8.04598 8.04598 8.04598 
22.7797 9.04615 24.4878 11.3597 9.04615 14.2864 9.04615 9.04615 
23.7365 8.53411 26.0045 10.7167 8.53411 13.4777 8.53411 8.53411 
23.271 8.36677 25.4946 10.5065 8.36677 13.2134 8.36677 8.36677 
23.271 8.36677 25.4946 10.5065 8.36677 13.2134 8.36677 8.36677 
23.271 8.36677 25.4946 10.5065 8.36677 13.2134 8.36677 8.36677 
23.271 8.36677 25.4946 10.5065 8.36677 13.2134 8.36677 8.36677 
23.271 8.36677 25.4946 10.5065 8.36677 13.2134 8.36677 8.36677 
23.271 8.36677 25.4946 10.5065 8.36677 13.2134 8.36677 8.36677 
23.271 8.36677 25.4946 10.5065 8.36677 13.2134 8.36677 8.36677 
23.271 8.36677 25.4946 10.5065 8.36677 13.2134 8.36677 8.36677 
23.271 8.36677 25.4946 10.5065 8.36677 13.2134 8.36677 8.36677 
23.271 8.36677 25.4946 10.5065 8.36677 13.2134 8.36677 8.36677 
23.271 8.36677 25.4946 10.5065 8.36677 13.2134 8.36677 8.36677 
23.271 8.36677 25.4946 10.5065 8.36677 13.2134 8.36677 8.36677 
23.271 8.36677 25.4946 10.5065 8.36677 13.2134 8.36677 8.36677 
23.271 8.36677 25.4946 10.5065 8.36677 13.2134 8.36677 8.36677 
12 12 12 12 12 12 12 12 
12.724 17.3602 16.3529 10.4762 10.8903 10.9755 9.84544 11.809 
14.8319 8.0361 15.1809 14.0467 10.309 13.9499 8.0361 16.1079 
9.39433 17.6601 17.7673 11.5871 12.6654 9.38045 12.0008 10.0538 
13.3679 13.1385 25.7527 15.161 11.0124 7.54497 7.54497 7.54497 
11.6802 19.7091 20.8577 7.30481 19.4368 7.30481 7.30481 7.30481 
10.3072 13.2257 17.0611 7.9625 17.4365 7.9625 10.6522 16.7664 
11.0596 12.0291 26.2214 8.03053 15.4837 7.98113 8.62693 12.7301 
11.9403 15.0207 23.1163 13.6966 7.81457 7.81457 7.81457 15.9021 
10.9912 14.5707 24.1282 7.97861 15.4584 13.7873 7.97861 7.89798 
23.9685 11.7593 20.6745 7.83022 13.4348 7.87654 7.87654 9.29636 
14.9272 13.9158 29.1582 7.56164 15.0861 7.37209 7.37209 7.37209 
15.0849 10.5152 23.5961 19.0237 9.98959 8.03333 8.03333 9.48196 
17.7196 12.2769 31.5945 11.2638 8.0404 8.0404 8.0404 8.0404 
18.8936 9.362 26.6027 9.97823 8.30769 8.30769 8.30769 13.5753 
21.9586 7.9339 30.5208 8.45613 9.28814 9.28814 9.28814 11.5045 
18.5593 14.3901 26.3502 11.1715 8.73239 8.73239 8.73239 8.10176 
18.6712 11.9917 23.8965 13.8141 9.13333 9.13333 9.13333 9.13333 
23.0286 13.1247 25.3147 10.9636 9.07937 9.07937 9.07937 9.07937 
24.5412 12.3818 26.0018 10.343 8.56544 8.56544 8.56544 8.56544 
23.5973 11.9056 25.0017 9.94518 8.236 8.236 8.236 8.236 
24.5805 12.4017 26.0434 10.3596 8.57917 8.57917 8.57917 8.57917 
20.831 10.5099 22.0707 14.0759 9.15254 9.15254 9.15254 9.15254 
21.2561 10.7244 22.5211 14.3632 9.33933 9.33933 9.33933 9.33933 
21.6899 10.9432 22.9807 14.6563 9.52993 9.52993 9.52993 9.52993 
22.1325 11.1666 23.4497 14.9554 9.72442 9.72442 9.72442 9.72442 
22.1325 11.1666 23.4497 14.9554 9.72442 9.72442 9.72442 9.72442 
22.1325 11.1666 23.4497 14.9554 9.72442 9.72442 9.72442 9.72442 
22.1325 11.1666 23.4497 14.9554 9.72442 9.72442 9.72442 9.72442 
22.1325 11.1666 23.4497 14.9554 9.72442 9.72442 9.72442 9.72442 
22.1325 11.1666 23.4497 14.9554 9.72442 9.72442 9.72442 9.72442 
22.1325 11.1666 23.4497 14.9554 9.72442 9.72442 9.72442 9.72442 
22.1325 11.1666 23.4497 14.9554 9.72442 9.72442 9.72442 9.72442 
22.1325 11.1666 23.4497 14.9554 9.72442 9.72442 9.72442 9.72442 
12 12 12 12 12 12 12 12 
10.8839 12.3094 19.4928 15.5433 12.7987 7.84804 10.9921 10.6473 
10.0228 12.9279 17.2274 13.3344 7.97459 8.34672 9.37595 21.5514 
7.39773 24.4584 25.4682 9.70659 7.14237 7.39773 7.39773 11.4169 
17.7765 16.9598 11.3027 7.34933 7.34933 12.653 7.34933 20.447 
10.683 12.6897 24.0915 7.63636 7.63636 12.6202 7.63636 18.8558 
12.8428 13.0537 29.4546 12.7283 7.35196 7.35196 7.35196 12.2502 
12.752 23.31 24.4713 12.9553 7.50877 7.50877 7.50877 7.50877 
11.2714 12.0317 19.3957 8.45404 8.97927 7.94545 8.07018 26.3278 
9.91115 8.84606 28.6419 7.62189 10.5255 15.371 7.62189 13.4424 
22.2456 9.0622 22.3508 12.7912 9.76198 8.3 8.3 12.3578 
13.4069 13.3319 32.1485 8.38787 13.3156 7.66234 7.66234 7.66234 
16.9454 13.4798 25.156 10.247 8.22083 8.03361 8.03361 13.1058 
19.0759 13.838 29.8486 9.5242 7.74173 8.48889 8.48889 8.48889 
21.5378 13.6487 28.5563 8.45 9.83858 8.45 8.45 8.45 
18.5114 12.0562 27.0038 16.9738 8.44444 8.44444 8.44444 8.44444 
15.4136 10.6432 25.8111 11.9449 13.2152 8.32558 8.32558 8.32558 
14.089 11.6791 25.4172 10.979 11.2673 8.63415 8.63415 12.2502 
14.676 12.1658 26.4762 11.4364 11.7368 8.9939 8.9939 12.7606 
16.9782 16.2546 26.1591 10.3968 10.6698 8.17627 8.17627 11.6005 
15.1591 14.513 27.8772 9.28282 9.5266 9.5 9.5 10.3576 
15.7907 15.1177 29.0387 9.66961 9.92354 9.89583 9.89583 10.7892 
16.113 15.4263 29.6314 9.86695 10.1261 10.0978 10.0978 11.0094 
15.2009 14.5531 27.9541 9.30844 9.55289 9.52622 9.52622 10.3862 
15.8343 15.1595 29.1189 9.69629 9.95092 9.92314 9.92314 10.819 
16.1575 15.4688 29.7131 9.89418 10.154 10.1257 10.1257 11.0398 
15.2429 14.5932 28.0312 9.33413 9.57925 9.5525 9.5525 10.4149 
15.554 14.8911 28.6033 9.52462 9.77474 9.74745 9.74745 10.6274 
15.8714 15.195 29.1871 9.719 9.97423 9.94638 9.94638 10.8443 
16.1953 15.5051 29.7827 9.91735 10.1778 10.1494 10.1494 11.0656 
15.2786 14.6274 28.0969 9.35599 9.60168 9.57488 9.57488 10.4393 
15.5904 14.9259 28.6703 9.54693 9.79764 9.77028 9.77028 10.6523 
15.9086 15.2306 29.2554 9.74176 9.99759 9.96968 9.96968 10.8697 
16.2332 15.5414 29.8525 9.94057 10.2016 10.1731 10.1731 11.0915 
