5 80000 300 266
14 14 14 14 14 14 14 
13.2069 17.8621 17.5172 14.2414 14.2414 10.9655 10.9655 
13.0003 19.1138 18.6803 14.9536 14.9536 9.39921 9.39921 
12.6126 17.7476 19.7313 17.7457 14.6895 8.61158 8.61158 
10.9792 18.8037 18.0432 18.1018 17.3915 8.27775 8.27775 
10.3733 19.2856 17.8588 18.0044 18.2306 8.09237 8.09237 
10.4498 17.3182 18.7978 18.5417 18.8741 7.99355 7.99355 
11.5333 17.1872 19.5625 17.7989 17.9651 7.96874 7.96874 
12.0612 16.3133 20.2325 18.0443 17.5336 7.90361 7.90361 
10.9943 16.8734 19.0751 19.4338 17.7256 7.94696 7.94696 
10.1247 17.8046 19.8084 19.3106 17.1021 7.92382 7.92382 
10.1528 18.8571 18.954 19.0444 17.1483 7.92119 7.92119 
9.99445 18.7962 18.8447 19.3583 17.1222 7.94186 7.94186 
9.34505 20.1533 19.1477 18.718 16.9135 7.86109 7.86109 
9.35289 20.3506 18.8204 18.7198 16.9042 7.92598 7.92598 
9.63036 20.4288 19.4333 18.9221 15.8254 7.88004 7.88004 
8.78714 20.7284 19.6465 19.1573 15.8566 7.91198 7.91198 
9.26857 20.3642 17.8233 19.8287 16.8033 7.95599 7.95599 
8.61019 20.4231 16.9839 19.9143 18.1607 7.9539 7.9539 
8.46214 18.9875 20.1548 18.6177 17.9718 7.90305 7.90305 
8.21233 17.9247 20.0306 19.6133 18.3536 7.93279 7.93279 
9.10617 18.9623 18.9177 20.0505 17.2256 7.86883 7.86883 
9.98034 20.1047 18.4658 18.6858 17.0423 7.86051 7.86051 
9.25373 21.1635 18.6644 18.9036 16.4023 7.80623 7.80623 
9.70301 19.8457 19.3576 19.731 15.6885 7.83712 7.83712 
9.58296 20.2809 19.7811 18.5611 16.0284 7.88276 7.88276 
11.4501 19.2204 19.939 17.513 16.0045 7.93654 7.93654 
11.6716 18.9548 20.6491 18.8293 14.1916 7.85176 7.85176 
11.099 19.0468 22.047 18.8644 13.1963 7.87325 7.87325 
12.0507 17.9158 22.4892 18.7703 13.0993 7.83733 7.83733 
13.185 16.7044 23.8033 18.8922 11.5966 7.90928 7.90928 
13.8564 16.9478 23.7661 18.8892 10.6409 7.9498 7.9498 
15.1372 16.6829 23.8233 17.5292 10.9175 7.955 7.955 
13.1511 16.9579 23.4408 18.5947 12.1335 7.86099 7.86099 
13.4803 16.3361 23.149 19.1783 12.1382 7.85907 7.85907 
12.5321 16.7969 22.5674 19.6364 12.8067 7.83024 7.83024 
12.667 17.4564 22.3948 19.1177 12.5628 7.90063 7.90063 
11.7389 16.7012 22.6839 20.9102 12.2273 7.86923 7.86923 
10.5724 18.3753 22.6043 20.9749 11.683 7.89501 7.89501 
10.5362 19.3127 22.4272 21.2375 10.5915 7.94751 7.94751 
12.6175 17.3672 23.9847 19.1729 10.9584 7.94966 7.94966 
12.0018 17.2232 22.8834 19.9825 12.0386 7.93522 7.93522 
13.553 15.9033 22.5094 20.1475 12.1391 7.87386 7.87386 
12.4175 14.3619 24.588 20.4584 12.3516 7.91129 7.91129 
13.1141 14.0863 24.6981 19.6921 12.5697 7.91984 7.91984 
13.9024 15.2906 22.4006 20.6708 11.8261 7.95477 7.95477 
11.9512 16.0977 23.8193 20.0973 12.2226 7.90595 7.90595 
10.8599 17.3033 22.7066 20.717 12.538 7.93755 7.93755 
10.6864 16.985 23.2764 21.1277 12.0382 7.94314 7.94314 
10.9732 15.463 25.8473 21.0196 10.9789 7.85897 7.85897 
12.4097 15.8084 24.8467 19.8688 11.2587 7.90384 7.90384 
12.1605 16.907 25.1657 19.7682 10.3385 7.83004 7.83004 
11.4426 17.2941 22.8727 20.6087 12.1258 7.82806 7.82806 
11.7109 17.1106 23.5457 20.721 11.2712 7.82028 7.82028 
11.3651 16.682 22.7922 20.0024 13.3491 7.90463 7.90463 
11.1347 17.7825 21.9014 20.3735 12.9246 7.94168 7.94168 
11.1373 17.3109 21.9611 20.0313 13.8457 7.85685 7.85685 
10.5053 15.9972 23.5122 20.0157 14.2646 7.85248 7.85248 
12.0948 14.7091 22.0192 20.271 15.1586 7.87361 7.87361 
12.1644 13.4716 23.7756 20.3749 14.3612 7.92616 7.92616 
11.7851 13.4997 24.222 20.7975 13.8119 7.94186 7.94186 
12.3714 14.778 23.0969 19.8354 14.0891 7.91459 7.91459 
13.7575 15.6136 23.82 17.4895 13.5719 7.87375 7.87375 
14.3286 15.5432 23.3713 17.3407 13.806 7.80507 7.80507 
15.2609 15.3 24.3277 16.4829 12.8689 7.87981 7.87981 
15.2482 14.8522 23.2442 18.3522 12.6671 7.81802 7.81802 
14.7272 13.6935 23.3213 19.3432 13.2974 7.80873 7.80873 
13.2702 12.4786 24.8474 20.2485 13.3795 7.88788 7.88788 
13.7003 11.4024 25.6031 20.0428 13.4832 7.88416 7.88416 
12.5764 13.1034 25.6507 19.9376 13.0265 7.85269 7.85269 
13.4111 13.116 24.8365 20.8626 12.0999 7.83696 7.83696 
13.1056 14.158 24.2849 20.698 11.9166 7.91848 7.91848 
13.117 14.3416 24.5726 20.6842 11.5449 7.86985 7.86985 
13.0992 14.1475 24.9317 20.3712 11.7317 7.85935 7.85935 
13.4705 13.1472 23.4828 20.3551 13.7755 7.88448 7.88448 
14.9948 13.9482 23.6883 19.0271 12.4925 7.92454 7.92454 
14.8721 13.1688 24.381 19.2481 12.4409 7.94457 7.94457 
15.0749 12.2788 25.5238 19.0685 12.3316 7.86117 7.86117 
16.3253 12.5031 24.5801 19.5342 11.3173 7.86998 7.86998 
16.1627 13.1746 24.9054 18.3825 11.5048 7.93499 7.93499 
16.117 13.5814 24.6551 18.8639 11.1095 7.83654 7.83654 
16.5073 14.6854 25.4854 16.6342 11.0949 7.79639 7.79639 
15.7536 14.9898 25.831 17.5818 10.1063 7.86878 7.86878 
15.9693 15.4429 26.7883 16.8834 9.2439 7.83613 7.83613 
15.316 15.4927 26.0041 18.8522 8.58089 7.87701 7.87701 
15.9913 14.8218 24.4801 17.9167 11.0515 7.86932 7.86932 
17.2604 13.2933 26.3577 17.3407 9.93749 7.90525 7.90525 
17.6418 12.1699 26.4056 18.118 9.91061 7.87704 7.87704 
16.7388 12.8298 26.3993 17.5634 10.6738 7.89747 7.89747 
16.4944 13.6024 25.8559 17.3755 10.9619 7.85498 7.85498 
17.1866 13.0133 25.8067 17.3241 10.9355 7.86689 7.86689 
16.3603 12.3319 26.172 18.3708 11.1312 7.81694 7.81694 
16.4604 11.4207 25.8248 19.2172 11.2981 7.88936 7.88936 
16.7828 10.809 28.2085 17.9968 10.4188 7.89205 7.89205 
18.2327 10.8013 27.9138 16.7762 10.4475 7.91428 7.91428 
18.5591 12.3666 25.8764 17.5212 10.0225 7.82711 7.82711 
18.1123 11.5461 26.8183 17.9089 9.90084 7.85677 7.85677 
19.025 11.8478 26.3375 17.5214 9.62332 7.82247 7.82247 
17.9562 12.2153 27.076 17.2044 9.77855 7.88474 7.88474 
17.463 12.3198 27.0229 17.9961 9.43473 7.88177 7.88177 
18.5354 11.0618 27.4003 17.6582 9.61932 7.86245 7.86245 
17.601 11.1976 28.0335 17.4958 9.80966 7.93123 7.93123 
17.7911 11.4348 27.5814 17.7384 9.63669 7.90883 7.90883 
18.1421 11.7105 26.8044 17.7733 9.7841 7.89277 7.89277 
19.0711 11.5156 27.1758 16.9999 9.42035 7.90865 7.90865 
19.3716 12.1513 26.8666 16.5327 9.30034 7.88875 7.88875 
19.8525 11.2423 28.1 15.933 8.9835 7.94438 7.94438 
19.0745 10.0376 28.7187 17.588 8.75043 7.91541 7.91541 
20.1236 9.90477 29.1802 16.4487 8.60974 7.8665 7.8665 
21.2156 10.1447 27.667 16.3013 9.11256 7.7794 7.7794 
21.9924 10.3031 27.8335 15.5353 8.55628 7.8897 7.8897 
22.3408 9.35324 28.6226 14.0701 9.32016 8.14653 8.14653 
21.7061 10.748 28.9542 13.6422 8.94579 8.00184 8.00184 
22.3651 9.84138 27.8792 15.2404 8.76843 7.95281 7.95281 
22.8104 9.40574 27.8931 14.9291 9.03538 7.96312 7.96312 
22.8636 10.5362 24.7799 16.6312 8.89269 8.14822 8.14822 
22.9989 10.1188 25.4496 17.0843 8.36425 7.99202 7.99202 
22.5904 9.96851 27.8157 15.2694 8.36395 7.99601 7.99601 
22.1408 9.76367 28.9814 14.8038 8.59374 7.8583 7.8583 
22.2048 10.1339 26.6756 15.3851 9.33889 8.13083 8.13083 
21.9327 10.6626 25.7927 16.3568 9.18208 8.03653 8.03653 
19.5485 11.1149 25.0232 18.9993 9.44179 7.93618 7.93618 
18.4281 10.9421 25.0116 19.8843 10.1055 7.81424 7.81424 
18.6877 10.5588 26.5409 19.2404 9.43872 7.76677 7.76677 
18.1158 11.0688 28.5336 18.0412 8.75445 7.74303 7.74303 
18.4116 10.4664 28.7226 18.3744 8.45886 7.78308 7.78308 
19.8484 9.85167 27.6143 18.0225 8.8479 7.90761 7.90761 
20.6812 10.9019 26.5562 16.581 9.20483 8.13707 7.93787 
22.0844 11.6787 26.9791 14.1624 9.22875 7.98313 7.88352 
21.8755 10.8394 25.7812 15.8312 9.40604 8.15823 8.10843 
23.4839 10.0322 26.3593 14.7422 9.50007 7.95365 7.92875 
23.6063 9.59238 28.6034 13.8118 8.64834 7.87513 7.86268 
22.6257 9.991 27.938 13.3994 9.51897 8.26657 8.26035 
22.659 9.41858 28.0075 14.0074 9.56718 8.17175 8.16863 
23.4968 9.46214 26.5513 14.4181 9.72656 8.26838 8.07671 
22.9869 9.54758 25.8903 14.3192 9.90915 8.72135 8.62551 
21.7637 10.7197 21.8641 15.2677 10.6303 10.0363 9.71816 
21.5436 12.3452 24.9026 13.8838 9.72689 8.87847 8.71937 
22.2762 11.0398 25.2832 13.8003 9.7307 9.08525 8.78447 
21.622 11.1651 23.3943 13.6206 10.5105 9.91897 9.76858 
22.408 10.3354 26.526 12.1335 10.3883 9.33211 8.87668 
22.0474 10.5894 27.9217 12.6933 9.41104 8.88292 8.45441 
21.55 10.821 24.7503 13.715 9.96868 9.70462 9.49036 
19.4906 11.8325 24.0724 14.6557 10.4889 10.1275 9.33234 
20.586 10.5623 23.3194 16.6199 10.333 9.48855 9.09095 
20.1554 10.5564 23.5863 17.2549 9.98299 9.33143 9.13263 
20.7742 10.5021 20.9971 18.0802 10.4641 9.64084 9.54144 
20.8572 10.8066 24.1738 15.664 9.93292 9.3076 9.2579 
20.5608 10.2491 24.8622 15.7615 10.0325 9.27935 9.2545 
22.1481 9.59926 25.8552 15.4683 9.88008 8.53073 8.5183 
22.4664 9.65195 25.1639 15.751 10.0033 8.48477 8.47856 
20.1718 10.6919 23.1965 15.4174 10.8676 9.82898 9.82587 
19.0602 10.987 23.6495 15.401 10.562 10.2991 10.0411 
19.1455 11.2627 23.3632 15.1524 10.5695 10.1976 10.309 
18.931 10.979 23.7137 14.7955 10.6323 10.4464 10.5021 
17.1836 12.5365 19.575 14.7803 12.0276 11.9346 11.9625 
16.3621 13.3628 16.8821 15.1604 12.7705 12.7241 12.738 
18.3894 12.5147 21.1494 14.2469 12.0103 11.1537 10.5357 
16.2417 13.3044 19.2995 14.1704 12.7165 12.2883 11.9792 
15.8131 13.6452 16.9924 14.0782 13.3513 13.1371 12.9826 
17.522 12.8322 19.7943 14.0103 12.9256 11.6166 11.299 
16.7364 12.5511 19.4063 14.9806 12.5978 11.9433 11.7845 
15.4604 13.3677 17.15 14.5825 13.3911 13.0638 12.9844 
14.689 13.1272 20.6884 15.5387 12.6234 11.6866 11.6469 
16.5068 12.3227 20.8154 15.6227 12.5944 11.0789 11.059 
16.6427 12.8728 17.7903 15.1939 13.0086 12.2509 12.2409 
17.9457 11.6007 21.3364 15.5782 11.6686 11.055 10.8153 
18.6175 10.8765 22.851 15.6571 10.9105 10.6036 10.4838 
16.895 12.3348 18.6669 15.4148 12.3518 12.1984 12.1384 
15.4405 13.1604 16.6761 15.3997 13.1689 13.0922 13.0622 
15.8933 11.8687 21.5592 14.671 13.0748 11.5942 11.3388 
18.4595 11.8318 22.0617 14.0022 11.6656 11.1817 10.7976 
19.9892 12.245 17.9929 13.9631 12.1619 11.92 11.7279 
19.3696 12.8933 20.4548 13.492 11.5497 11.1683 11.0723 
19.6263 12.587 19.2917 13.7635 11.9152 11.4321 11.3841 
17.2075 13.3358 16.6881 14.2761 12.9999 12.7583 12.7343 
15.696 13.7601 15.4363 14.5849 13.5921 13.4714 13.4594 
14.7527 14.9753 20.0991 14.6734 12.2723 11.7357 11.4916 
17.2863 12.893 21.9865 16.3457 10.8659 10.3723 10.2503 
19.4166 11.9714 20.6617 15.6314 10.9578 10.711 10.65 
19.5707 12.8664 22.4868 14.0084 10.7541 10.172 10.1415 
17.9553 12.9692 19.4134 14.5205 11.913 11.622 11.6067 
16.4244 13.5768 16.7989 14.3525 13.0487 12.9032 12.8956 
16.6918 12.9287 18.341 13.609 12.6647 12.5919 13.1729 
17.3279 12.4524 19.0507 13.9901 12.3204 12.284 12.5745 
16.1982 13.418 16.7171 14.5293 13.0095 12.9913 13.1366 
15.1913 13.8012 15.4508 14.7115 13.5969 13.5879 13.6605 
16.3112 12.6345 22.4043 13.5484 12.3031 11.3811 11.4174 
18.2541 11.736 23.0248 14.1634 11.5703 10.6167 10.6348 
17.4604 12.5347 19.5124 14.0817 12.4518 11.975 11.9841 
19.9452 11.8748 21.9057 12.6483 11.8334 11.1277 10.6649 
18.3059 12.3477 18.6452 14.6575 12.3269 11.9741 11.7427 
16.5854 12.9306 16.755 15.4369 12.9202 12.7438 12.6281 
17.7522 12.4112 19.4586 14.4752 12.4061 11.7773 11.7195 
18.2239 11.2056 24.0771 14.8463 11.203 10.2365 10.2076 
18.5179 11.0484 23.4247 15.5915 11.2946 10.0687 10.0543 
20.1398 10.7055 22.075 15.8268 10.8286 10.2157 10.2085 
19.3459 10.7826 23.2547 15.3795 11.9754 9.63274 9.62913 
19.3504 11.8429 19.6919 14.1413 12.4393 11.268 11.2662 
16.7674 13.0137 16.9381 14.5175 13.3119 12.7262 12.7253 
15.6002 13.4656 19.8093 15.5062 12.5838 11.5177 11.5173 
16.6399 12.2577 20.9544 15.7641 11.8167 11.2837 11.2835 
16.0902 12.8856 17.9096 15.6523 12.6651 12.3986 12.3985 
17.0125 12.4211 19.5526 14.8914 12.5826 11.9058 11.634 
17.2562 12.2105 21.7763 14.6957 11.7913 11.4529 10.817 
15.8695 13.0018 18.1295 15.2789 12.7922 12.623 12.3051 
15.3291 13.5432 16.4591 14.6817 13.4383 13.3538 13.1948 
15.3569 13.1818 20.8364 16.5289 12.0611 11.1641 10.8709 
17.9815 12.6515 19.2061 14.9311 12.0911 11.6426 11.4961 
15.8873 13.2223 17.1892 15.0518 13.2869 12.7179 12.6446 
16.5221 12.4935 21.3397 13.8984 12.7709 11.506 11.4693 
16.3256 12.6984 18.0892 15.6589 12.8371 12.2046 12.1863 
15.5054 13.3422 16.7369 14.8225 13.4115 13.0953 13.0862 
15.7129 13.1388 20.3088 15.1227 12.6759 11.5228 11.5182 
18.5551 11.8096 22.8181 15.2033 11.1415 10.3465 10.1259 
18.5368 12.0776 19.4338 15.6263 11.7436 11.3461 11.2358 
18.0919 11.9212 19.4228 15.7543 11.7541 11.5554 11.5003 
17.8955 11.7128 21.8795 17.1692 10.9656 10.2025 10.1749 
17.4326 12.22 20.0307 16.4634 11.5434 11.1618 11.1481 
16.4544 12.0624 19.5391 17.1603 11.7241 11.5333 11.5264 
16.5605 11.2114 22.3822 18.7153 10.5918 10.2712 10.2677 
17.9946 11.6057 20.3339 17.3576 11.0102 10.8499 10.8481 
16.5631 12.3818 18.7196 16.2446 12.084 12.0039 12.003 
17.1648 11.5208 22.0502 14.7213 12.3872 11.0781 11.0777 
19.6711 10.1959 25.138 15.0219 10.8307 9.5713 9.57108 
19.667 10.9968 22.1196 15.3761 11.0333 10.4036 10.4035 
20.7886 11.1164 19.7676 15.5532 11.1346 10.8198 10.8197 
19.7829 10.58 23.2026 16.0736 10.3708 9.99505 9.99502 
19.2482 11.4304 19.7884 16.8087 11.0334 10.8455 10.8455 
18.9991 11.6811 18.701 17.2112 11.1985 11.1046 11.1046 
18.9533 11.0926 22.7959 16.7989 10.4312 10.1741 9.75396 
20.3338 11.5463 18.8265 16.9709 10.9299 10.8013 10.5913 
17.9794 12.0232 19.7258 15.3604 11.7149 11.6507 11.5456 
16.514 12.3223 23.2124 14.4763 11.1973 11.4079 10.8699 
19.6206 11.7167 20.1921 16.3291 10.9017 10.7544 10.4855 
17.9428 11.8824 20.0358 15.9959 11.4749 11.4013 11.2668 
17.3585 12.3928 18.405 15.4173 12.1891 12.1523 12.085 
19.2648 11.827 22.716 13.5645 10.8243 11.2563 10.547 
19.9064 10.9364 23.6868 15.2297 10.2067 10.1944 9.83972 
20.7267 11.2693 21.7881 14.5209 10.6282 10.622 10.4447 
20.9828 10.7231 23.0622 15.0038 10.6238 9.95704 9.64714 
20.3506 10.5259 24.4419 15.4831 10.0068 9.67336 9.51841 
18.2498 11.4741 20.606 16.4372 11.2146 11.0479 10.9704 
18.0358 10.9351 22.4317 15.8919 11.5479 10.4744 10.6832 
19.4444 10.4438 23.0642 16.0028 10.9872 9.97655 10.0809 
18.0025 11.5913 20.4493 15.3262 11.863 11.3577 11.4099 
16.5484 12.085 19.0297 16.1537 12.2208 11.9682 11.9943 
17.9277 11.2405 20.4059 16.2452 11.8035 11.4296 10.9476 
16.2972 12.2869 17.8696 16.1226 12.9017 12.3815 12.1405 
15.2408 13.2357 16.3816 15.1535 13.5431 13.2829 13.1624 
15.5151 13.7949 20.1525 14.2753 12.5132 11.9046 11.8444 
17.5842 12.6778 20.1919 14.0741 12.0369 11.7327 11.7025 
16.0335 13.2354 17.6821 14.6232 12.915 12.7629 12.7478 
15.8847 13.2167 19.2472 15.4334 13.0565 11.4576 11.7039 
16.4718 12.4907 19.9177 15.0697 12.7047 11.6111 11.7343 
16.6818 13.0021 17.3913 14.6294 13.1091 12.5623 12.6239 
15.6836 13.4941 15.6886 15.007 13.5476 13.2742 13.305 
16.9327 11.771 19.5668 16.116 12.0369 12.1395 11.4372 
15.9493 12.6882 17.6065 15.541 12.8212 12.8725 12.5213 
14.9677 13.3371 16.4956 15.1131 13.4036 13.4292 13.2537 
16.5747 13.8878 18.6756 14.5084 12.0494 12.3296 11.9744 
17.4377 13.8066 16.5273 14.4438 12.5606 12.7007 12.5232 
16.0105 13.8478 15.5553 14.8608 13.2248 13.2948 13.206 
16.9726 13.7174 18.3755 14.2239 12.0472 12.3539 12.3095 
19.1498 12.3089 21.0361 14.6949 10.9999 10.9163 10.8941 
19.0089 12.4438 18.6941 14.5801 11.7893 11.7475 11.7364 
18.1354 12.4719 18.2756 15.3258 12.1446 11.8261 11.8206 
14 14 14 14 14 14 14 
13.5543 15.427 16.3633 14.8652 15.2397 12.618 10.9326 
12.5819 15.2333 18.8677 16.7993 16.327 10.2668 9.42408 
12.3106 15.6019 18.1562 17.7363 18.2372 9.06459 8.64324 
12.9121 15.0491 20.2575 17.2219 17.7181 8.4635 8.25282 
11.8551 16.0926 21.5137 16.9443 17.1924 8.22236 8.11702 
10.9768 15.8049 21.7174 18.3244 17.0937 8.05207 7.9994 
10.2054 16.6289 19.821 20.4829 17.0374 7.91754 7.89121 
9.79377 18.0398 20.3224 19.5092 16.6423 7.84893 7.83576 
9.31216 17.9698 21.4977 20.3751 15.1231 7.86241 7.85583 
9.80314 17.0731 22.391 20.7268 14.3017 7.85278 7.84948 
10.307 16.1533 21.0235 21.2971 15.5047 7.85759 7.85595 
9.90987 16.8933 20.9526 20.6253 15.873 7.87311 7.87229 
10.3162 17.3045 21.5486 20.1029 14.9295 7.89926 7.89885 
11.1337 17.3108 21.0182 19.9295 14.9038 7.85207 7.85186 
9.66325 16.8482 20.6296 22.0129 15.0422 7.90194 7.90184 
9.84328 16.2329 21.7367 21.6125 14.7472 7.91367 7.91362 
9.78782 16.5106 20.9657 19.9304 17.106 7.84978 7.84975 
10.5391 17.8175 19.8146 17.9145 18.2304 7.84194 7.84193 
11.2161 15.4622 20.2229 20.4864 17.0036 7.80447 7.80446 
10.7029 14.9586 18.8792 20.5512 19.2838 7.81219 7.81218 
10.3759 15.5675 18.3857 21.4276 18.588 7.82766 7.82766 
9.15431 17.8799 17.1255 21.0503 19.0296 7.88018 7.88018 
8.96312 18.2131 19.0891 19.4224 18.6626 7.8248 7.8248 
8.81411 18.7084 18.4438 19.5473 18.699 7.89366 7.89366 
9.60508 19.379 18.1328 17.942 19.1267 7.90723 7.90723 
9.6719 19.547 19.0427 18.3534 17.6394 7.87285 7.87285 
10.4482 18.9572 19.853 18.1053 16.8554 7.89051 7.89051 
10.9419 18.481 21.1187 18.9066 14.8754 7.8382 7.8382 
11.5054 18.7233 21.5199 18.6898 13.8416 7.85999 7.85999 
11.477 20.4598 19.4048 18.3402 14.5143 7.90196 7.90196 
12.4717 19.5815 19.5528 17.2748 15.2372 7.941 7.941 
12.1108 17.7908 20.1514 17.5124 16.4936 7.9705 7.9705 
11.9228 16.2933 21.5553 17.8123 16.5376 7.93933 7.93933 
12.8142 14.9995 21.8183 17.2818 17.279 7.90368 7.90368 
14.2948 14.9864 21.3369 17.5981 16.1261 7.82884 7.82884 
12.4592 15.2299 20.3682 18.7298 17.5319 7.84052 7.84052 
10.5985 15.2606 20.621 19.9231 17.9892 7.80375 7.80375 
10.476 17.1 20.7903 19.1787 16.8229 7.81602 7.81602 
11.0027 17.3735 22.8657 18.4129 14.5291 7.90801 7.90801 
11.6238 18.7633 21.637 17.8799 14.2799 7.90809 7.90809 
12.3564 16.9733 21.9441 18.6258 14.3389 7.88074 7.88074 
11.3891 17.7918 21.642 19.6107 13.7451 7.9106 7.9106 
11.7513 16.1124 22.6767 20.6301 12.9293 7.95014 7.95014 
11.46 17.277 25.1046 19.2761 11.14 7.87118 7.87118 
10.73 18.6385 22.947 20.5591 11.3595 7.88296 7.88296 
10.365 17.8192 22.8485 21.2795 11.8047 7.94148 7.94148 
11.0649 17.5995 22.5205 21.4687 11.651 7.84774 7.84774 
11.6422 17.1538 22.4822 20.5847 12.3093 7.9139 7.9139 
11.8061 17.9285 23.4606 19.8933 11.0175 7.94697 7.94697 
12.4302 17.3387 23.0603 19.922 11.4201 7.91437 7.91437 
13.632 16.7256 23.4227 18.9124 11.4645 7.92138 7.92138 
13.7642 16.4009 24.2454 18.1756 11.5906 7.91164 7.91164 
14.5444 15.9927 24.0708 17.3995 12.2888 7.85193 7.85193 
14.6748 14.8795 24.7627 18.1803 11.8587 7.82207 7.82207 
15.6707 14.4573 24.8082 17.8621 11.4849 7.8584 7.8584 
14.4391 13.8324 24.803 19.1736 12.0767 7.83756 7.83756 
13.3671 13.7468 25.5163 19.013 12.5957 7.88053 7.88053 
13.7187 13.783 25.1953 19.4311 12.2024 7.83474 7.83474 
13.1408 14.1779 25.4117 19.7658 11.8801 7.81184 7.81184 
12.655 16.2159 24.3461 20.2004 10.8342 7.87417 7.87417 
12.2264 16.9563 23.6899 20.7743 10.6137 7.86967 7.86967 
11.7711 17.0308 24.6081 21.0451 9.78055 7.8822 7.8822 
13.6189 15.3154 25.7707 19.9892 9.42361 7.9411 7.9411 
14.8151 14.3993 27.0708 18.4216 9.48709 7.90314 7.90314 
15.1561 14.2172 26.1085 19.2985 9.42191 7.89894 7.89894 
14.7209 14.9383 26.2411 18.3031 9.93073 7.93298 7.93298 
15.1508 14.1264 26.435 18.7833 9.63959 7.9325 7.9325 
14.814 14.5699 25.5499 19.9815 9.37743 7.85365 7.85365 
13.7272 14.4479 25.8368 20.5244 9.7449 7.85941 7.85941 
13.7129 15.9911 25.1102 18.4814 10.8998 7.90231 7.90231 
13.7886 15.3702 24.9445 18.3852 11.6446 7.93345 7.93345 
14.5351 14.7896 24.8047 18.9781 11.1842 7.85413 7.85413 
15.5774 13.7328 25.0784 18.9257 10.9442 7.87073 7.87073 
15.2015 13.5525 24.7485 19.3466 11.4314 7.85978 7.85978 
14.446 13.7703 25.7671 19.7923 10.6264 7.79894 7.79894 
13.5432 13.4863 25.1027 21.6939 10.5098 7.83205 7.83205 
13.468 14.63 25.7954 20.966 9.5704 7.78507 7.78507 
13.6859 13.9995 26.6677 20.6434 9.46434 7.76954 7.76954 
14.7001 14.4283 26.9053 18.7503 9.44646 7.88477 7.88477 
15.0063 14.0892 26.7339 18.7501 9.72323 7.84864 7.84864 
15.7614 12.1497 28.0817 19.4351 8.91567 7.82822 7.82822 
16.0409 12.1579 27.0972 19.6582 9.50234 7.77168 7.77168 
16.1202 12.1537 27.2558 19.1749 9.7356 7.77992 7.77992 
16.0538 12.8167 26.0103 19.3053 10.197 7.80846 7.80846 
15.4511 11.8629 26.6415 21.0163 9.3409 7.84362 7.84362 
16.2502 11.997 25.6158 20.3442 10.0803 7.85624 7.85624 
15.8736 10.9693 26.6968 21.4294 9.27991 7.87549 7.87549 
15.7918 11.3759 26.1883 22.044 8.86956 7.86524 7.86524 
15.9752 11.3282 25.5941 20.3208 10.9897 7.89603 7.89603 
14.8473 11.7617 25.7544 20.2214 11.5924 7.91143 7.91143 
15.5967 11.9706 26.1785 19.085 11.5654 7.80187 7.80187 
16.0198 11.3544 26.6798 18.4351 11.9908 7.76 7.76 
16.3681 11.6474 27.2205 17.4265 11.8163 7.76059 7.76059 
20.2702 11.4528 25.1997 15.998 11.3717 7.85381 7.85381 
20.8247 11.2436 24.8412 16.9645 10.341 7.89242 7.89242 
18.9453 11.3104 26.3428 17.3146 10.41 7.83843 7.83843 
18.6089 10.9708 27.6232 16.1324 10.8529 7.90592 7.90592 
17.5876 11.6601 26.6128 17.2529 11.1493 7.86862 7.86862 
16.7517 11.6859 26.6698 17.9358 11.2804 7.83822 7.83822 
19.1235 11.6062 26.7305 16.2888 10.6246 7.81319 7.81319 
19.5976 12.2547 26.0893 16.5673 9.79259 7.84925 7.84925 
19.6375 11.7725 25.6253 16.6708 10.7027 7.79559 7.79559 
20.0618 11.6154 25.6599 16.4951 10.3861 7.89085 7.89085 
20.3512 12.0355 25.9972 15.8988 9.46351 8.39382 7.86002 
19.9026 12.5024 26.3092 16.3112 8.99797 8.12183 7.85492 
21.1179 11.2512 25.9879 16.6556 8.99898 8.06091 7.92746 
20.7826 10.7374 27.371 15.3565 9.77106 8.02407 7.95734 
21.8856 9.96641 26.5207 16.299 9.6748 7.84345 7.81009 
21.7492 10.1445 27.7765 15.5688 9.19224 7.79269 7.77601 
21.5275 9.88324 27.4621 16.3755 9.06347 7.84824 7.8399 
20.3275 10.143 28.8317 16.577 8.55858 7.78318 7.77901 
20.7981 9.92223 27.8487 15.9378 9.50317 8.18263 7.80741 
21.3262 10.5903 27.8316 15.0881 9.22178 8.06483 7.87722 
20.7938 9.38009 28.4583 16.2042 9.34945 7.95398 7.86018 
21.2334 9.06267 26.5866 17.0374 10.188 7.96939 7.92248 
20.4759 9.81303 28.2581 16.4413 9.31937 7.85793 7.83448 
20.564 9.61666 28.2595 16.9163 8.82635 7.91447 7.90275 
21.2324 10.3868 25.9066 17.1358 9.16524 8.08947 8.08361 
21.9331 10.749 25.0932 15.7696 9.31513 8.98301 8.15703 
22.7103 10.8905 25.358 15.714 8.92803 8.40609 7.99311 
21.4562 10.8325 27.8305 14.591 9.34617 8.0751 7.86861 
23.3281 10.0162 27.3153 14.0955 9.27308 8.03755 7.9343 
22.7355 10.1867 28.3005 14.3692 8.56511 7.94735 7.89572 
22.1451 11.1004 27.9312 14.4284 8.69952 7.8606 7.83479 
24.8907 10.4593 27.4201 12.8506 8.53158 7.9303 7.91739 
25.1726 9.95692 28.2555 12.4253 8.26579 7.96515 7.9587 
23.4489 10.7293 28.345 12.6024 8.92523 7.97619 7.97296 
23.7474 9.5631 28.6763 13.3623 8.85193 7.99573 7.80327 
23.1096 9.83773 27.4468 15.4826 8.35855 7.93045 7.83422 
22.0811 10.182 25.6851 15.6361 8.96396 8.74991 8.7018 
22.5929 9.78415 26.561 15.5798 8.81411 8.34608 8.32202 
20.8313 9.7758 27.0014 14.9992 9.75589 8.8242 8.81217 
22.525 10.552 26.0007 14.7262 9.17482 8.70898 8.31234 
21.4942 10.8744 27.2861 14.892 9.02757 8.40854 8.01717 
22.1757 10.6158 28.1073 14.4103 8.62093 8.13284 7.93716 
22.5416 10.5942 25.7277 14.9144 9.15628 8.69197 8.37387 
23.6675 10.4624 26.087 13.8622 9.12359 8.47822 8.31916 
22.1141 10.8387 26.1276 13.9404 9.23469 8.91201 8.83248 
21.8071 11.1693 23.0638 14.4702 9.86735 9.956 9.66624 
22.2016 11.1135 21.8684 15.4082 9.74137 10.0261 9.64081 
21.6493 11.253 23.1705 15.299 10.1449 9.44342 9.03982 
21.6844 10.3776 23.5762 16.2468 9.8236 9.2466 9.04479 
20.4835 9.89733 25.6894 15.9709 9.84454 9.1076 9.0067 
20.3379 10.2371 25.1043 15.4374 10.2107 9.36149 9.31104 
21.2801 10.4216 21.8956 16.5571 10.4084 9.73125 9.70603 
20.7885 10.1613 22.5815 15.7043 11.1448 9.81612 9.80351 
20.2627 9.68591 24.6679 15.7469 11.0549 9.29403 9.28772 
21.0451 9.9191 21.9786 16.2491 11.1112 9.97696 9.72 
20.4751 10.1728 25.2073 13.3378 11.4798 9.72782 9.59934 
20.3293 10.1323 26.8238 12.8616 11.0151 9.45106 9.38682 
21.1136 10.1756 27.2805 13.0001 11.347 8.55765 8.52553 
21.6942 10.0641 25.4886 14.083 10.6498 9.01816 9.0021 
20.0576 10.5584 21.9548 15.9889 11.6407 10.0354 9.76421 
18.6955 10.3903 24.3107 16.2167 10.9315 10.1288 9.32655 
19.845 11.5487 21.5476 14.7382 11.5431 10.5893 10.1881 
18.8182 11.9093 19.056 15.3445 12.2133 11.4296 11.229 
18.7841 11.9443 20.9863 13.9223 12.617 10.9231 10.8229 
19.8682 11.6864 23.1122 13.8659 11.0704 10.2235 10.1733 
17.5203 12.7398 19.1423 14.1743 12.4318 12.0083 11.9832 
15.903 13.5127 16.714 14.23 13.3587 13.147 13.1345 
17.5497 11.8903 22.8659 14.0347 11.3669 11.0378 11.2547 
17.5468 12.0855 21.9593 14.0349 11.5314 11.3668 11.4753 
16.4401 13.0427 18.6463 14.6841 12.4324 12.3501 12.4043 
17.8819 13.0431 20.6758 14.3469 12.0133 11.006 11.0331 
19.2041 11.7847 20.6011 15.3313 11.533 10.7661 10.7797 
18.6382 11.9165 17.5294 16.4006 12.6942 11.4072 11.4139 
17.2978 12.3412 19.403 16.179 12.1982 11.0227 11.558 
19.5942 11.1457 21.6418 15.0547 11.323 10.4865 10.7541 
19.2257 12.43 19.3923 15.5273 11.3758 10.9575 11.0914 
17.1786 13.1229 18.5777 14.6716 12.2668 12.0577 12.1246 
18.7703 12.4438 20.6011 16.1593 10.6583 10.5537 10.8134 
18.274 11.7775 20.0228 16.6908 11.4403 10.8324 10.9623 
18.2565 12.178 18.1875 15.8926 12.0094 11.7055 11.7704 
17.3408 11.6446 20.4464 16.8835 12.0434 10.9252 10.7161 
19.1224 11.472 20.3927 14.6564 12.2364 11.1123 11.0078 
18.2438 12.3228 20.0766 14.2144 12.1062 11.5442 11.4919 
17.4552 11.717 21.1494 13.9254 13.6289 11.3276 10.7965 
19.6187 11.304 20.7232 15.3785 12.0125 10.6143 10.3487 
18.5594 12.2145 19.1116 14.8768 12.2562 11.5572 11.4244 
18.907 12.629 17.9409 14.2707 12.3393 11.9898 11.9234 
19.2361 12.4015 23.1009 13.4397 10.9523 10.3427 10.5269 
21.1565 11.4043 23.7676 13.9597 10.2273 9.69624 9.78834 
19.8044 11.9522 22.0029 13.5275 11.066 10.8005 10.8465 
20.2161 11.133 24.0059 14.1628 10.4657 10.1088 9.90758 
19.6456 11.6359 21.2515 14.8849 11.0132 10.8347 10.7341 
18.5728 12.0679 19.3758 14.6299 12.0691 11.6674 11.6171 
19.5496 12.6129 20.2142 13.3676 11.824 11.0968 11.3348 
20.2587 11.5484 24.6232 13.9419 10.3475 9.58068 9.69968 
21.3969 11.1733 24.2834 14.0132 10.1033 9.48517 9.54468 
20.2664 11.7595 20.4751 14.414 11.2245 10.9154 10.9452 
20.499 10.5545 24.4652 14.5241 10.6936 9.52275 9.74088 
22.8077 10.6261 23.6279 14.0062 9.99794 9.41254 9.5216 
21.2198 11.448 20.0962 14.3651 11.1339 10.8412 10.8958 
20.052 12.1618 23.3528 14.6933 10.288 9.71247 9.73973 
19.6878 10.9118 23.7537 16.0423 10.2165 9.68715 9.70078 
19.493 11.3039 20.9412 15.3311 11.541 10.6915 10.6983 
19.5349 12.5302 21.0526 13.7502 11.5906 10.6368 10.9047 
19.5043 11.5283 22.3684 13.9804 11.3216 10.5815 10.7155 
17.2864 12.6135 18.376 14.8669 12.5101 12.1401 12.2071 
15.7861 13.4496 16.3308 14.5763 13.3979 13.2129 13.2464 
17.7964 12.5219 20.0012 14.293 12.4961 11.4374 11.4541 
17.6701 12.1089 20.2345 14.7488 12.096 11.5666 11.575 
17.0588 12.9623 17.683 14.9402 12.6269 12.3623 12.3665 
18.8433 12.535 20.5007 14.8692 11.9189 10.6654 10.6675 
19.9622 12.754 19.1693 15.2724 11.3648 10.7381 10.7392 
19.375 12.4376 18.3725 15.212 11.743 11.4297 11.4302 
17.4832 12.6704 21.283 14.8641 11.5167 11.0912 11.0914 
19.0048 11.8615 22.2205 14.2741 11.0215 10.8087 10.8089 
16.845 12.9238 18.8025 14.1301 12.5038 12.3974 12.3974 
15.5654 13.6047 17.2244 14.548 13.0546 13.0014 13.0014 
16.4892 14.0163 19.5575 14.9855 11.9999 11.4758 11.4758 
15.7788 13.8575 17.313 15.027 12.8493 12.5872 12.5872 
15.5283 13.8732 15.6009 15.1524 13.3691 13.2381 13.2381 
17.2378 13.2524 19.3794 13.1025 12.7372 12.4085 11.8822 
16.7822 13.4289 17.1727 13.6941 13.1713 13.007 12.7438 
15.8235 13.4712 15.6809 15.293 13.3424 13.2602 13.1287 
14.8562 14.7912 16.4516 15.9798 13.6156 12.1857 12.1199 
17.4281 12.9219 19.0153 15.6215 12.3341 11.356 11.3231 
17.805 12.5216 17.9925 15.6895 12.5307 11.7386 11.7222 
16.5691 12.9274 16.9962 15.1781 13.2654 12.536 12.5277 
17.1887 12.3998 21.5118 16.0365 11.1989 10.8342 10.8301 
17.3663 12.0479 20.405 16.2054 11.4474 11.2651 11.263 
16.9653 12.1589 18.4847 16.6917 12.1654 11.7675 11.7665 
17.0951 12.778 21.4433 15.7621 11.1066 10.9077 10.9072 
17.891 11.9446 23.0954 13.9417 11.8664 10.5043 10.7566 
16.5844 12.9167 18.8394 14.2625 12.8777 12.1966 12.3227 
16.414 13.0573 21.0948 13.2226 13.0378 11.9359 11.2375 
16.3465 12.3426 18.6869 17.0764 12.3329 11.7819 11.4327 
16.5066 12.838 16.3435 16.5382 12.8331 12.5576 12.383 
15.2956 13.4612 15.214 16.0156 13.4588 13.3211 13.2338 
15.0287 13.1592 20.9403 16.103 11.7294 11.6605 11.3788 
17.7883 11.8307 24.1688 15.1291 10.4309 10.3965 10.2556 
18.7208 11.6957 22.778 13.923 10.9958 10.9786 10.9081 
17.4685 12.3794 24.0016 15.0696 10.9033 9.9938 10.1838 
16.3562 12.5921 20.8423 16.0714 11.8541 11.0945 11.1895 
16.1091 13.1926 17.6625 15.2771 12.8236 12.4438 12.4913 
15.7894 13.2261 18.4998 14.8209 13.8704 12.023 11.7705 
15.9258 12.8307 22.2033 14.1462 12.6347 11.1928 11.0666 
16.2962 12.8256 19.1144 15.0859 12.7276 12.0067 11.9436 
15.787 13.7045 16.5017 14.4874 13.6555 12.9478 12.9162 
17.2155 12.9963 22.022 12.7522 12.5481 11.3468 11.1191 
18.3779 12.2453 20.2064 14.1347 12.3085 11.4205 11.3067 
16.7751 13.364 16.9998 14.6536 13.0508 12.6068 12.5499 
18.219 13.4236 17.7695 14.0684 12.4243 11.9214 12.1738 
18.2598 13.2477 16.4011 14.2237 12.7481 12.4966 12.6229 
16.1722 13.6661 15.5949 14.5062 13.4163 13.2906 13.3537 
15.1914 13.412 19.1133 14.8847 12.7608 12.6979 11.94 
16.8062 12.4955 21.1356 14.8108 11.9067 11.6121 11.2332 
19.6053 11.7122 21.2235 13.6895 11.4178 11.2705 11.0811 
17.8155 12.2664 19.9066 13.8961 12.1192 12.0455 11.9508 
18.4771 11.1571 21.1973 15.7997 11.562 11.0467 10.7601 
18.3011 12.1411 19.0362 14.7748 12.3435 11.7733 11.63 
17.1752 12.2434 17.8514 16.0294 12.6532 12.0595 11.9879 
19.6714 11.7867 20.0095 13.1871 13.2232 10.9559 11.1663 
17.2182 12.9403 18.394 13.6405 13.323 12.1893 12.2946 
17.4699 12.7993 18.0578 13.7823 12.9906 12.4238 12.4764 
16.7995 12.8513 20.3192 13.6116 13.2157 11.5882 11.6145 
17.8997 12.1756 22.1596 14.0558 12.1079 10.7941 10.8073 
16.8969 12.7103 19.6891 13.9815 12.6765 12.0196 12.0262 
15.7911 13.6978 16.8375 14.3334 13.3312 13.0028 13.0061 
18.0851 12.5361 20.0301 14.2757 12.5898 11.2407 11.2424 
16.4251 12.9795 18.0688 14.856 13.0063 12.3318 12.3326 
15.157 13.4342 16.6733 15.0669 13.4476 13.1103 13.1107 
14.4369 12.9118 20.0623 15.2768 13.5822 11.6437 12.0863 
16.9272 11.553 22.6525 14.92 12.3736 10.6762 10.8975 
17.1985 11.8006 20.6636 15.2913 12.2109 11.3622 11.4729 
14 14 14 14 14 14 14 
13.1111 17 16.0741 18.6667 12.3704 10.8889 10.8889 
13.0322 18.0855 17.8816 19.437 12.4028 9.33045 9.33045 
11.76 17.8232 21.014 19.7185 12.299 8.56767 8.56767 
11.4761 17.1841 22.1858 20.0782 12.5972 8.17678 8.17678 
11.4624 16.536 23.4761 20.67 11.6724 8.06035 8.06035 
10.9943 17.3589 22.0251 21.1005 12.5348 7.97754 7.97754 
10.5943 17.9028 21.0854 20.7444 13.913 7.87227 7.87227 
10.4779 19.3128 18.7355 20.3722 15.2698 7.91204 7.91204 
9.89579 20.4407 18.5589 19.99 15.3555 7.87759 7.87759 
9.37373 20.3878 18.2507 20.6409 15.5725 7.88616 7.88616 
8.66277 22.2421 18.7639 20.3205 14.1718 7.91898 7.91898 
8.28487 20.7722 20.661 19.9277 14.5277 7.91298 7.91298 
9.06234 22.3998 21.2001 18.5451 13.0991 7.84665 7.84665 
9.59141 20.2361 21.9253 18.9111 13.5375 7.89923 7.89923 
10.9403 20.2385 21.3241 17.6483 13.9977 7.92552 7.92552 
10.9866 20.8 20.4038 18.6833 13.2195 7.95337 7.95337 
9.58758 19.2089 21.2441 20.756 13.3095 7.94691 7.94691 
9.50393 18.4209 21.9747 20.6437 13.5388 7.95896 7.95896 
10.4936 16.7463 21.9921 20.6089 14.3053 7.92685 7.92685 
10.5912 16.8055 21.3286 21.2308 14.2785 7.88266 7.88266 
10.5456 18.2777 21.0393 19.9904 14.2643 7.94133 7.94133 
10.6915 18.129 20.495 19.7243 15.1371 7.91155 7.91155 
10.6649 16.7477 22.7771 19.673 14.4243 7.85649 7.85649 
11.1017 16.7873 21.6049 19.5721 15.1449 7.89459 7.89459 
12.0569 16.466 21.6458 19.4246 14.5604 7.9232 7.9232 
12.4089 15.0775 22.7719 19.8051 14.1247 7.90591 7.90591 
12.1223 14.9059 22.6178 21.0137 13.4633 7.93846 7.93846 
11.3962 16.0137 22.3511 21.0527 13.3073 7.93946 7.93946 
11.402 16.8661 21.7338 21.206 13.0857 7.85322 7.85322 
10.1345 18.4084 20.8423 20.9478 13.932 7.8675 7.8675 
10.4422 17.9542 22.7961 19.9739 12.966 7.93375 7.93375 
10.1137 18.1656 21.6606 20.9655 13.2849 7.90482 7.90482 
10.4453 19.2332 20.73 20.5078 13.4094 7.83712 7.83712 
11.1549 20.3914 20.2924 18.8495 13.4843 7.91372 7.91372 
11.3855 18.4028 22.0149 19.0207 13.4341 7.871 7.871 
11.5369 18.9416 21.6568 19.5104 12.6911 7.8316 7.8316 
10.7303 18.6311 22.7877 19.4244 12.7069 7.85982 7.85982 
10.8789 19.2153 22.0455 19.6119 12.6191 7.81462 7.81462 
11.3521 17.9624 22.4623 19.7031 12.7363 7.89189 7.89189 
11.4988 18.728 21.1046 20.6111 12.3175 7.86999 7.86999 
12.4753 17.4858 22.9888 19.1888 12.1232 7.86901 7.86901 
11.9078 16.2172 25.0253 19.0016 11.9894 7.92935 7.92935 
12.6563 16.8217 23.3706 19.5544 11.8928 7.85207 7.85207 
10.9948 16.9442 24.4853 20.0439 11.6798 7.92604 7.92604 
11.9407 17.4927 22.9385 20.4601 11.2522 7.95786 7.95786 
11.9444 17.058 23.8069 20.4898 10.9508 7.87504 7.87504 
11.654 16.8624 23.3934 19.8409 12.5461 7.85166 7.85166 
12.728 17.1551 21.7227 18.6444 14.0856 7.83208 7.83208 
12.7092 15.4304 24.0593 19.3476 12.7534 7.85005 7.85005 
12.0969 14.5779 25.0549 20.4581 12.119 7.84659 7.84659 
12.7414 12.932 26.9631 19.0217 12.6212 7.8603 7.8603 
14.9914 13.2189 26.2689 17.4131 12.4888 7.80946 7.80946 
13.0946 14.0313 24.9834 19.6441 12.6246 7.81098 7.81098 
12.3007 13.865 25.3684 20.233 12.4767 7.87809 7.87809 
12.4506 14.3051 24.6145 20.3042 12.6727 7.82645 7.82645 
12.4594 14.6589 24.9027 20.5847 11.6798 7.85724 7.85724 
13.8178 14.24 24.782 19.9129 11.531 7.85816 7.85816 
14.7756 15.12 24.9243 18.0898 11.2322 7.92908 7.92908 
15.0582 13.668 24.2519 18.5619 12.5763 7.94181 7.94181 
14.1005 14.4054 24.5545 19.8524 11.1453 7.97091 7.97091 
16.0098 13.7056 24.994 18.3077 11.2085 7.88719 7.88719 
15.1478 12.9567 26.0035 19.024 11.1887 7.8397 7.8397 
14.8143 12.3527 27.0728 19.0748 10.9222 7.8816 7.8816 
15.2284 11.9026 26.1062 19.314 11.746 7.85141 7.85141 
14.9937 12.7284 27.2097 18.9943 10.3911 7.84137 7.84137 
14.2173 14.4287 26.2393 18.2337 11.2439 7.81853 7.81853 
14.8312 12.8426 27.1249 19.3263 10.2031 7.83597 7.83597 
14.8594 13.0224 27.6074 17.8092 11.0004 7.85057 7.85057 
14.2353 14.5668 25.0537 19.7379 10.778 7.81417 7.81417 
13.9421 14.5257 25.0617 20.4539 10.4029 7.80681 7.80681 
14.6846 14.4254 24.9275 20.0066 10.1601 7.89789 7.89789 
14.3598 13.7916 25.1831 20.5296 10.3432 7.89632 7.89632 
13.8751 13.4485 27.1214 19.809 9.87247 7.93676 7.93676 
13.6904 14.1955 26.2044 20.824 9.39026 7.84769 7.84769 
14.0098 14.5673 25.1449 20.0157 10.4878 7.88726 7.88726 
14.6396 14.0202 25.4467 20.0378 10.184 7.83585 7.83585 
15.6289 14.4445 26.1344 19.0568 9.02787 7.85378 7.85378 
14.6597 13.4722 25.716 19.9451 10.6151 7.79594 7.79594 
15.6885 12.6632 26.5358 19.699 9.71486 7.84934 7.84934 
17.3965 13.048 25.656 16.7152 11.5738 7.80527 7.80527 
18.8834 11.7709 26.7169 15.9193 11.1882 7.76066 7.76066 
16.8784 12.531 26.3331 18.7191 9.86623 7.83602 7.83602 
16.7983 13.3863 26.0149 18.3379 9.88668 7.78798 7.78798 
17.3812 12.2321 26.4805 18.4504 9.88346 7.78621 7.78621 
16.1834 11.4474 28.6581 18.5912 9.55268 7.78359 7.78359 
15.7494 10.3784 28.7435 19.5058 10.0316 7.7957 7.7957 
16.9108 10.0085 28.5284 19.6927 9.23267 7.81351 7.81351 
17.0974 9.9425 28.9247 19.5686 8.93732 7.76478 7.76478 
19.3204 11.2413 26.8418 17.8229 9.29181 7.74091 7.74091 
16.8508 10.9718 28.9727 18.4432 9.32818 7.71661 7.71661 
18.6135 10.1881 28.4362 17.8423 9.36628 7.7768 7.7768 
19.5591 10.93 27.625 17.4385 8.78409 7.83162 7.83162 
19.5802 11.1129 26.271 18.0216 9.20932 7.90252 7.90252 
19.5217 11.2611 27.0617 17.2323 9.30265 7.81032 7.81032 
18.7931 11.437 26.7566 17.1645 10.2965 7.77613 7.77613 
18.7514 11.2024 28.0557 16.6468 9.82566 7.75903 7.75903 
19.8169 11.1894 26.2338 17.1469 9.91283 7.8501 7.8501 
19.0699 11.3401 26.4709 18.3561 9.14896 7.80704 7.80704 
16.8197 12.6237 27.3083 18.6151 8.87912 7.87703 7.87703 
16.0786 13.0603 25.7707 19.737 9.50091 7.92624 7.92624 
15.9097 12.0857 27.0829 19.2821 9.99737 7.82115 7.82115 
18.7213 11.1523 26.8626 18.4002 9.37825 7.74269 7.74269 
18.7566 10.4419 28.0286 18.0927 9.21932 7.73041 7.73041 
18.6617 11.247 26.8808 18.3297 9.33279 7.774 7.774 
17.6353 10.1218 28.1463 19.3725 8.99165 7.86624 7.86624 
18.8871 9.57478 28.3092 18.8876 8.48888 7.92617 7.92617 
19.4436 8.75291 28.465 18.9266 8.55479 7.9286 7.9286 
18.8127 10.0128 27.1416 19.2815 8.82285 7.9643 7.9643 
17.968 9.45846 26.7557 21.4558 8.52101 7.92051 7.92051 
18.3936 9.15728 28.3225 19.3995 8.87305 8.01929 7.83479 
18.5216 9.24102 28.7915 18.5422 9.25968 7.86817 7.77592 
18.6593 8.75585 27.5536 19.9854 9.32909 7.88145 7.83533 
17.7489 8.84528 28.038 20.4738 9.1319 7.89262 7.86955 
17.3686 9.24889 27.7256 20.4686 9.58525 7.80731 7.79578 
16.3615 9.34886 27.8392 21.2579 9.51704 7.84066 7.8349 
16.8764 8.65994 27.6877 21.4985 9.10634 8.26816 7.90296 
17.1098 9.31152 28.7885 19.9743 8.98122 8.00862 7.82602 
18.1439 9.10781 28.7778 18.7201 9.45636 7.94267 7.85136 
18.8146 8.96567 29.6463 18.1836 8.58847 7.83163 7.9698 
19.4073 9.8995 26.4898 19.0918 8.66924 8.08248 8.3599 
20.0843 9.44802 26.3937 19.2345 8.65988 8.02048 8.15919 
19.3828 9.85222 27.4826 19.141 8.35924 7.85639 7.92575 
19.6472 10.6783 26.1307 17.3139 9.48936 8.35298 8.38765 
19.9026 10.8728 25.7136 17.7479 9.48776 8.12906 8.1464 
20.266 10.1567 26.4931 18.1397 9.11451 7.91068 7.91935 
20.3116 9.54261 28.068 17.6413 8.6644 7.88391 7.88825 
20.7367 9.54309 25.8597 17.9493 9.51892 8.2988 8.0935 
20.3683 10.2617 25.675 17.9942 9.46534 8.26705 7.96832 
22.0099 9.90266 26.7379 15.2212 9.50446 8.49037 8.13354 
20.327 11.731 21.561 16.0852 10.6844 9.8949 9.71649 
20.278 11.5907 24.3301 16.6304 9.73153 8.76425 8.67504 
22.3185 10.9235 24.5582 15.7938 9.13927 8.65563 8.61102 
23.9043 10.5598 25.6124 14.3675 8.88336 8.24938 8.42316 
22.3603 9.97378 27.0919 14.7348 9.13556 8.41041 8.29321 
21.9397 9.41727 27.0481 15.1733 9.63107 8.42461 8.36602 
21.7993 9.54735 24.8144 15.8816 10.1151 8.8206 9.02172 
20.5056 9.94609 23.9835 16.3152 10.4763 9.33641 9.43697 
20.6768 10.8034 25.4193 15.5781 10.3618 8.55513 8.60541 
20.3384 11.9017 23.4597 15.289 10.4309 9.27757 9.3027 
21.5154 10.7586 26.3452 14.7599 9.44622 8.48494 8.68981 
24.0055 10.0801 25.5658 14.0039 9.21029 8.51597 8.61841 
24.0183 9.69123 27.124 13.3973 9.06251 8.32775 8.37897 
23.042 9.77519 24.8296 15.1493 9.46083 8.85871 8.88432 
21.1454 9.58243 25.5603 15.0864 10.3642 9.12419 9.137 
21.3835 10.4669 22.2396 15.381 10.5875 9.9675 9.9739 
22.0125 10.658 22.6764 15.2377 10.0107 9.70073 9.70393 
19.1934 11.1769 20.1101 17.268 10.8533 10.6983 10.6999 
20.5529 10.3693 23.8001 15.4069 11.2036 9.33322 9.33402 
18.751 10.8344 22.352 16.178 11.2515 10.3163 10.3167 
18.0852 11.8688 19.5631 15.1858 12.0774 11.6098 11.61 
17.8798 11.7484 22.8048 14.3371 12.0852 10.6886 10.4562 
18.8984 11.4758 24.058 15.4673 11.2293 9.49368 9.37745 
19.491 11.1772 26.4641 15.0558 10.008 8.93094 8.87283 
20.1328 10.1661 28.549 15.6265 8.87722 8.33871 8.30965 
21.546 10.4402 24.4786 15.4663 9.54065 9.2714 9.25687 
19.5609 11.5837 21.3302 15.0059 11.134 10.6963 10.689 
19.8334 11.3474 21.2471 14.9103 11.3871 10.6392 10.6355 
21.1933 10.3546 24.8789 13.6254 10.5872 9.78766 9.57308 
21.626 10.5694 23.2238 14.6558 10.4406 9.79579 9.6885 
21.0403 10.9665 23.6573 15.2825 10.2203 9.44335 9.38971 
22.9674 9.70268 24.2759 14.1813 11.0173 8.94108 8.91426 
19.3268 11.3873 19.6543 15.5874 12.0446 11.0065 10.9931 
20.09 10.9069 21.6755 15.6136 11.2356 10.2426 10.2359 
20.7268 10.4535 25.3832 13.7159 10.1632 9.89402 9.66339 
19.8104 10.7567 25.5948 14.9225 9.92033 9.5553 9.43999 
19.1006 11.1255 21.9928 16.0819 10.7073 10.5248 10.4671 
18.8452 11.973 19.0092 15.0922 11.7639 11.6726 11.6438 
19.3106 11.5835 23.4972 15.7551 10.173 9.75423 9.92639 
19.3641 10.6461 24.3699 15.1591 10.9117 9.73149 9.81756 
18.8015 11.6124 19.7321 15.7556 11.7452 11.1551 11.1981 
18.827 11.339 22.9808 15.05 11.8152 10.0857 9.90232 
19.1696 10.7914 23.9294 15.3299 11.0296 9.92091 9.82921 
17.4615 12.245 19.8414 14.5142 12.3641 11.8098 11.7639 
16.552 12.8264 20.8146 14.2404 12.048 12.0501 11.4686 
18.2175 12.2612 19.764 14.4301 11.8719 11.873 11.5822 
16.4004 13.075 17.1737 14.854 12.8804 12.881 12.7356 
15.2924 13.6297 16.0336 14.5192 13.5324 13.5327 13.46 
16.877 12.7123 19.2989 14.6955 12.6636 11.8945 11.8582 
16.88 13.1743 17.117 15.1399 12.8253 12.4408 12.4226 
15.7827 13.5802 16.2508 14.563 13.4057 13.2134 13.2043 
15.7594 12.8815 20.5619 14.6419 12.7942 11.6828 11.6783 
16.9158 12.4648 19.6183 14.8511 12.4212 11.8655 11.8632 
15.9922 13.0817 16.6585 15.6447 13.0599 12.7821 12.7809 
16.0421 12.288 18.0994 15.2936 13.7139 12.4255 12.1376 
18.3897 10.9827 20.8008 15.9417 12.1565 11.0515 10.6771 
16.8872 12.5426 17.7722 16.6247 12.4885 11.936 11.7488 
19.7339 11.5709 21.5589 14.9944 10.8525 10.8067 10.4827 
20.5105 11.726 20.1854 15.418 11.6144 10.3538 10.1918 
18.8079 12.442 17.9874 14.9458 12.3861 11.7559 11.6749 
16.7466 13.214 16.3364 14.8156 13.1861 12.8709 12.8304 
18.1169 13.2737 19.4502 13.5616 12.4905 11.5637 11.5434 
18.0907 13.0884 17.7896 13.8776 12.6969 12.2335 12.2233 
16.0384 13.5372 16.2375 14.2815 13.6911 13.1097 13.1047 
15.8404 14.5898 18.1746 14.4033 12.4321 12.4208 12.1389 
15.6125 13.6136 19.8016 15.9929 11.7106 11.7049 11.564 
15.2892 13.6095 17.3838 15.8196 12.658 12.6552 12.5847 
14.7368 13.897 15.7841 15.3566 13.4212 13.4198 13.3846 
15.7819 12.7177 21.3536 14.6494 12.2394 11.758 11.5 
15.4771 13.2554 17.9182 14.9109 13.0163 12.7755 12.6465 
14.7316 13.6207 16.6514 14.7981 13.5011 13.3808 13.3163 
15.0234 13.3419 20.2626 15.5072 13.5073 11.1949 11.1626 
18.1178 13.0346 18.9192 13.8142 12.8143 11.6581 11.6419 
16.1011 13.9117 16.854 13.9493 13.4494 12.8713 12.8632 
15.7429 14.9229 18.8665 13.2934 13.0434 11.9301 12.2008 
16.9374 13.5054 19.5981 14.6137 12.2909 11.4596 11.5949 
15.5633 13.8473 17.5693 15.0771 12.9022 12.4865 12.5542 
14.9245 14.0665 15.9275 14.6814 13.594 13.3861 13.42 
16.7587 13.8172 19.2703 14.3759 11.8221 11.7182 12.2376 
15.671 13.853 17.274 14.4796 12.8555 12.8035 13.0633 
15.2823 14.0187 15.7292 14.332 13.5199 13.494 13.6238 
15.9313 14.2632 19.0045 14.1608 12.4595 11.9283 12.2523 
18.1142 12.0821 20.3933 15.9913 11.4277 10.9147 11.0767 
16.652 12.3702 20.0068 15.2741 12.043 11.7864 11.8674 
17.3934 12.9208 20.107 14.891 12.2391 11.3336 11.1151 
18.9008 11.8176 21.0229 15.6087 11.2216 10.7689 10.6596 
16.6918 12.8053 18.0977 15.3906 12.5073 12.281 12.2263 
17.2965 13.1928 16.4562 16.0286 12.4265 12.3133 12.286 
17.4855 13.108 20.3211 14.2934 12.2598 11.2729 11.2593 
17.0284 12.2683 19.5891 16.2895 12.1299 11.3508 11.3439 
15.8569 13.1272 17.4869 15.1378 13.0579 12.6684 12.665 
16.9231 13.4419 18.7963 15.2408 12.3491 11.6252 11.6235 
16.2035 13.1726 18.4304 15.0398 12.6262 12.2642 12.2634 
15.5486 13.6785 16.3074 14.6121 13.4053 13.2243 13.2239 
15.1513 13.1234 19.0827 15.776 12.7136 12.0766 12.0764 
16.3669 12.3309 20.8051 15.5803 11.8513 11.5328 11.5327 
15.3263 12.9682 17.5454 16.2936 12.7284 12.5691 12.5691 
15.302 13.4285 16.0644 15.4384 13.3086 13.229 13.229 
16.3177 12.0476 21.1433 15.9414 12.2099 11.2812 11.0589 
16.5459 12.4754 18.9587 15.3901 12.5565 12.0922 11.9811 
15.2174 13.1822 16.771 15.6811 13.2227 12.9905 12.935 
19.1087 12.8411 18.8855 13.8406 12.3614 11.4953 11.4675 
17.1977 12.79 18.9969 14.2451 12.5501 12.1171 12.1032 
15.6411 13.4372 17.2449 14.1648 13.3173 13.1008 13.0938 
16.1539 12.552 19.178 13.1935 14.4364 12.3837 12.1025 
18.5138 11.8585 20.5113 14.3638 12.8007 11.0462 10.9056 
18.0619 12.2186 19.3752 14.1001 12.6897 11.8124 11.7421 
17.2009 12.6452 18.1843 14.2396 12.8808 12.4422 12.407 
17.5216 12.5467 21.9552 15.0036 12.0421 10.3705 10.5603 
19.2259 12.378 19.4078 15.0599 11.835 10.9992 11.0941 
19.0642 12.2866 17.6308 15.7617 12.0151 11.5972 11.6446 
18.2079 11.3944 22.0574 15.8717 11.0304 10.5931 10.8451 
16.8884 12.284 20.9089 15.7203 11.5032 11.2846 11.4106 
18.8374 12.0409 18.8814 16.2871 11.3696 11.2603 11.3233 
18.1619 12.851 20.3697 15.2474 11.1493 11.0946 11.1261 
20.246 12.4935 21.8353 14.1771 10.429 10.4017 10.4174 
18.6596 12.6492 21.2835 13.491 11.3121 11.2984 11.3063 
16.4726 13.1273 18.805 14.2285 12.4588 12.4519 12.4559 
17.8694 11.8389 22.7053 14.4537 11.5046 10.8131 10.8151 
17.5656 11.8718 20.8764 14.9649 12.0023 11.3589 11.3599 
17.4495 12.9359 17.7716 14.4825 12.6678 12.3461 12.3466 
17.77 12.7494 19.4385 15.7839 11.6103 11.1982 11.4497 
17.4411 12.7918 20.4145 15.9134 11.4201 10.9467 11.0724 
17.4032 12.3839 18.8899 16.6393 11.6981 11.4614 11.5242 
16.6098 12.3144 20.4143 16.738 11.7164 11.0878 11.1193 
18.0136 11.497 22.5858 15.8933 11.198 10.3983 10.414 
17.773 12.242 19.0851 15.4142 12.0925 11.6926 11.7005 
16.0294 13.2639 16.6854 14.8499 13.1891 12.9892 12.9931 
17.348 11.9653 21.2316 14.7583 12.8168 10.939 10.941 
16.3921 12.694 17.9983 15.4328 13.1198 12.1809 12.1819 
15.5387 13.34 16.3418 15.0591 13.5529 13.0835 13.084 
17.1444 12.3992 19.6292 14.8212 12.5056 11.7501 11.7503 
19.8527 12.602 16.5219 14.7277 12.3504 11.9726 11.9727 
17.0185 13.3932 15.7078 14.456 13.2674 13.0785 13.0786 
16.3305 12.2832 18.4684 14.2113 14.4549 12.1258 12.1259 
17.0938 12.094 17.5675 15.7366 13.4775 12.0153 12.0153 
16.1331 12.9435 16.37 15.1097 13.6353 12.9042 12.9042 
14 14 14 14 14 14 14 
13.7241 14.7586 15.4483 16.4828 16.6552 10.9655 10.9655 
11.6844 17.9123 16.7343 17.5053 16.8301 9.41677 9.41677 
10.7116 18.4573 18.4622 18.3726 16.4911 8.62762 8.62762 
9.62118 20.2476 17.7619 18.665 17.1318 8.22376 8.22376 
9.62987 20.3648 18.5195 18.971 16.2767 8.08779 8.08779 
9.87518 21.2667 18.7778 18.6421 15.3673 8.0198 8.0198 
9.93759 21.9748 19.3889 18.7113 14.1471 7.91234 7.91234 
9.48268 20.5939 20.4583 18.8464 14.8282 7.89135 7.89135 
9.59123 19.0729 21.0837 20.1622 14.3425 7.87177 7.87177 
11.1389 18.3673 19.6214 20.5289 14.5096 7.91599 7.91599 
11.4028 18.7075 18.3821 20.5025 15.231 7.88656 7.88656 
11.2698 18.9825 20.676 19.532 13.764 7.8876 7.8876 
10.7057 18.5714 20.5974 19.082 15.3726 7.83531 7.83531 
9.97369 20.3047 18.4741 17.4794 18.1128 7.82761 7.82761 
9.64371 21.5494 19.041 18.6662 15.429 7.83537 7.83537 
9.33574 19.8025 20.2844 20.097 14.7747 7.85287 7.85287 
9.396 20.6577 19.9531 19.2683 15.0705 7.82714 7.82714 
9.35709 19.7607 19.9765 19.9751 15.1489 7.89085 7.89085 
10.6738 19.4727 20.3 18.8604 14.8886 7.90226 7.90226 
11.4149 19.7134 19.5537 18.0311 15.5865 7.85021 7.85021 
11.7074 20.2567 19.9102 17.6822 14.5933 7.92511 7.92511 
11.3962 18.9727 19.8607 18.1572 15.9051 7.85406 7.85406 
11.4915 20.0657 20.5097 17.3909 14.8795 7.83131 7.83131 
10.8182 20.057 20.3998 19.4443 13.4784 7.90116 7.90116 
10.7309 21.0434 21.3385 17.3954 13.6699 7.91098 7.91098 
10.353 21.3696 20.2703 18.7974 13.3187 7.94551 7.94551 
11.9784 20.828 20.0397 17.036 14.2966 7.9107 7.9107 
11.2978 19.4263 19.1556 17.4069 16.9014 7.90597 7.90597 
11.8989 19.272 20.117 17.2819 15.6811 7.87455 7.87455 
12.4546 20.6054 19.2422 16.6766 15.2385 7.89136 7.89136 
12.749 19.9645 19.5245 16.6717 15.2279 7.93119 7.93119 
12.4469 19.2846 19.1938 17.3798 16.0119 7.84156 7.84156 
10.7801 18.7556 19.0796 19.281 16.3803 7.86167 7.86167 
11.2653 19.8095 20.4511 17.794 14.9048 7.88767 7.88767 
10.2119 21.0433 19.1364 18.4267 15.3732 7.90423 7.90423 
10.2182 20.6214 19.7927 18.4403 15.0432 7.94214 7.94214 
10.1349 21.0066 19.5613 19.5294 13.836 7.96592 7.96592 
11.8513 20.4279 20.0821 19.0612 12.8225 7.87743 7.87743 
11.8516 21.0782 19.6707 18.296 13.3249 7.88933 7.88933 
11.3984 21.7331 20.2831 17.4813 13.2545 7.92477 7.92477 
11.0742 22.1166 20.1416 17.4907 13.2522 7.96238 7.96238 
12.1334 22.0081 19.4375 17.5844 12.9586 7.93898 7.93898 
12.4972 21.2403 19.8238 16.6662 13.9596 7.9065 7.9065 
12.1531 20.4191 19.8365 16.7502 15.1456 7.84772 7.84772 
11.3721 21.2933 19.401 17.3652 14.8388 7.86475 7.86475 
11.3708 19.5614 20.6824 17.7265 15.0422 7.80834 7.80834 
10.8993 17.6684 22.7744 19.1574 13.9382 7.78118 7.78118 
11.3465 16.4509 22.5665 19.0382 14.9544 7.82179 7.82179 
12.3308 17.057 21.3376 19.1658 14.4065 7.85111 7.85111 
12.8818 17.3593 21.8628 19.2844 12.8003 7.90566 7.90566 
12.6578 17.2775 23.3653 19.0337 11.8234 7.92108 7.92108 
12.3701 16.4794 22.9937 20.1852 12.0814 7.94512 7.94512 
12.2107 16.4448 23.0353 20.2208 12.1945 7.94692 7.94692 
12.9581 16.2173 22.8121 19.2475 12.9501 7.90747 7.90747 
12.1785 16.6579 24.748 19.2092 11.5268 7.83974 7.83974 
14.7295 14.1363 25.2635 19.0947 11.0042 7.88588 7.88588 
14.7612 13.577 25.5016 19.6065 10.6796 7.93702 7.93702 
14.9604 13.5704 25.2508 19.1118 11.1909 7.95787 7.95787 
15.1837 13.9073 25.4161 18.2768 11.4094 7.90335 7.90335 
16.3418 13.4814 25.6247 16.7773 12.0936 7.84057 7.84057 
15.5783 14.8095 24.8494 16.722 12.2637 7.88854 7.88854 
16.1691 15.3656 23.0392 17.7185 11.9978 7.85488 7.85488 
16.1108 15.3144 24.2828 17.6751 10.8673 7.87481 7.87481 
15.7689 14.9575 24.6758 16.6888 12.0452 7.9319 7.9319 
15.5446 14.0247 24.5942 17.258 12.8471 7.86567 7.86567 
17.2723 14.3457 23.6304 16.9623 11.9236 7.93283 7.93283 
16.7183 14.8441 24.144 16.8373 11.5782 7.93902 7.93902 
15.912 14.8238 25.6672 16.5758 11.2272 7.897 7.897 
15.0394 14.9119 23.9447 17.8712 12.558 7.83739 7.83739 
15.1544 14.0428 22.9005 19.265 13.0155 7.81091 7.81091 
14.1598 14.1643 24.1953 18.7361 13.0904 7.82702 7.82702 
14.6162 13.314 24.9962 19.2231 12.1974 7.82656 7.82656 
14.9352 13.5779 25.6337 19.0748 11.0422 7.86808 7.86808 
14.2125 13.9737 24.1072 21.4143 10.5064 7.89298 7.89298 
15.3432 14.6458 24.7704 18.7996 10.7445 7.84823 7.84823 
15.6036 13.2719 26.1246 18.6066 10.6131 7.89012 7.89012 
15.8321 13.3026 25.335 19.0003 10.7611 7.88445 7.88445 
15.9336 12.7738 25.2039 18.538 11.7945 7.87809 7.87809 
15.087 13.1907 25.2602 19.5538 11.1188 7.89474 7.89474 
15.4874 11.7355 27.7391 19.59 9.765 7.84145 7.84145 
16.4332 10.8535 27.4023 19.909 9.58335 7.90933 7.90933 
16.0654 11.0954 26.2012 19.8382 11.0417 7.87908 7.87908 
15.3857 11.283 28.2476 19.4779 9.78554 7.91013 7.91013 
14.8803 10.1727 28.0301 20.989 10.2053 7.86131 7.86131 
13.8729 10.4957 28.4887 21.4594 9.9272 7.87803 7.87803 
14.7577 11.5328 26.5349 21.0649 10.4105 7.84963 7.84963 
13.7777 11.2723 27.702 21.9908 9.66955 7.79386 7.79386 
13.7142 12.4616 27.978 21.1541 8.96176 7.86518 7.86518 
15.5849 12 27.4505 20.4883 8.62289 7.92668 7.92668 
16.0493 11.1988 27.7925 20.0301 9.05151 7.93887 7.93887 
16.0794 11.6784 28.334 19.4375 8.6291 7.9208 7.9208 
15.642 11.2486 28.2021 20.0989 8.99291 7.90777 7.90777 
17.4729 10.3711 26.601 19.3849 10.3509 7.90958 7.90958 
17.0951 10.6567 26.2184 20.0268 10.1906 7.90616 7.90616 
17.4433 10.2363 26.9129 18.7557 10.7702 7.94081 7.94081 
18.5678 9.5797 27.7641 16.9163 11.2312 7.9704 7.9704 
19.3832 10.2534 26.6304 18.0608 9.75469 7.95871 7.95871 
19.6916 10.4208 27.1387 16.5304 10.3185 7.94994 7.94994 
20.7783 11.3197 27.0742 15.0176 10.1432 7.83349 7.83349 
21.2926 10.3328 28.6461 14.5182 9.58873 7.81083 7.81083 
21.6699 11.6624 26.5278 13.952 10.503 7.84242 7.84242 
21.8519 11.0855 27.6707 14.0946 9.65829 7.81952 7.81952 
22.1936 10.8244 25.9832 14.7938 10.639 7.783 7.783 
19.9203 12.6018 28.5145 13.9328 9.40447 7.81307 7.81307 
21.5288 12.1832 25.0416 14.8096 10.7807 7.8281 7.8281 
21.1348 10.5361 26.4097 15.5529 10.7607 7.80294 7.80294 
22.0928 9.33583 27.4421 14.8951 10.6346 7.79978 7.79978 
22.6205 9.45186 26.5297 15.9352 9.94692 7.75791 7.75791 
20.3856 10.0342 29.7032 15.1594 9.08305 7.81731 7.81731 
20.3969 10.9695 28.457 15.4028 9.13336 7.82022 7.82022 
19.7729 10.272 28.4129 16.744 9.17661 7.81082 7.81082 
19.2174 10.2416 27.7628 17.879 9.34183 7.77865 7.77865 
21.1195 9.79707 27.0109 17.033 9.34717 7.84616 7.84616 
21.274 10.4342 27.7912 15.8379 8.9593 7.85165 7.85165 
20.364 11.7018 28.2301 15.5982 8.40456 7.85074 7.85074 
19.1106 12.2795 27.1507 16.5491 9.20228 7.85394 7.85394 
20.0246 11.0134 27.4743 16.7583 8.93327 7.89809 7.89809 
20.8979 10.8572 28.3128 15.3902 8.89468 7.82358 7.82358 
21.9151 10.8797 27.6902 14.838 8.95862 7.85916 7.85916 
22.3861 11.6899 25.8094 15.9904 8.40788 7.85815 7.85815 
22.6434 11.5701 26.0726 16.0105 8.21157 7.74587 7.74587 
23.8217 10.2851 26.703 15.3386 8.10579 7.87293 7.87293 
21.6711 10.4508 28.42 15.546 8.16248 7.87482 7.87482 
22.3051 10.2433 27.6509 16.0167 8.02389 7.88006 7.88006 
22.373 10.2398 27.9987 14.7013 8.93321 7.87704 7.87704 
21.223 10.9593 27.6855 15.7448 8.66368 7.95312 7.77064 
21.8148 9.83649 25.461 15.7562 10.7634 8.33341 8.0347 
22.7651 9.85896 26.3669 15.5856 9.33426 8.11927 7.96992 
21.4722 10.0864 24.8426 15.1919 10.9452 8.76816 8.69348 
21.6977 9.6586 27.229 14.7113 9.70335 8.61485 8.3852 
20.335 10.3629 27.2509 16.4466 9.1995 8.25999 8.14517 
21.6754 9.54653 27.3159 16.3582 8.76642 8.09825 8.23925 
22.2014 10.0005 25.7034 15.4518 9.38321 8.59458 8.66508 
22.8162 10.0212 26.45 14.8389 8.8757 8.48139 8.51664 
21.8959 10.3764 24.9323 14.9804 9.5598 9.11874 9.13637 
22.4864 9.84409 26.4338 14.5752 9.03091 9.01281 8.61677 
21.2811 10.0357 27.232 16.1891 8.49273 8.48368 8.28566 
21.7243 10.1903 25.4387 15.2374 9.17247 9.16795 9.06894 
21.9733 9.78263 26.4346 15.6048 9.10013 8.57703 8.52752 
23.8497 9.87057 25.6654 14.6489 9.11438 8.43789 8.41314 
22.7299 10.02 26.1802 14.7397 9.43007 8.45623 8.44386 
20.641 10.4399 25.5335 15.5146 10.3711 8.753 8.74682 
20.469 11.1605 22.6678 15.9256 10.6311 9.82205 9.3239 
20.4496 11.7631 21.8177 14.9521 10.6919 10.2874 10.0383 
21.2113 11.7111 22.5681 14.2025 10.7271 10.0764 9.50345 
23.6168 11.06 24.8528 13.6068 9.2669 8.94156 8.65507 
20.6973 11.9189 22.982 14.3034 10.189 10.0263 9.88309 
17.2452 12.856 18.7324 15.4276 11.9911 11.9097 11.8381 
18.7049 11.3663 24.181 14.2981 10.728 10.6874 10.0343 
19.5608 10.8915 25.6322 15.0657 10.1557 9.51035 9.1838 
20.5844 10.7221 23.3688 15.3218 10.6055 9.7803 9.61703 
19.2031 11.3017 24.0607 15.3342 10.5008 9.84065 9.75901 
20.8664 10.3939 27.0501 14.1888 9.79583 8.87289 8.83207 
21.4088 10.5628 25.2324 14.4115 9.77597 9.31449 9.29409 
19.2487 11.6105 20.5276 15.1171 11.5336 10.9864 10.9762 
19.9356 10.8636 25.0498 14.5625 10.8251 9.38423 9.37913 
19.7239 10.5538 24.2322 15.5739 10.7784 9.57016 9.56761 
18.4607 11.6463 20.7148 15.1118 11.7586 11.1545 11.1532 
17.5218 12.1046 22.669 15.5961 10.9044 10.6024 10.6017 
19.6746 11.3822 21.4868 15.6661 11.036 10.3773 10.377 
19.9858 10.6416 21.1394 17.4865 10.4685 10.1392 10.139 
19.3838 11.1584 21.2296 16.1037 11.8332 10.1457 10.1456 
19.1706 10.7925 25.0698 14.6869 10.656 9.8122 9.81216 
20.2133 10.7102 23.8875 14.8314 10.642 9.97856 9.737 
20.7761 10.1668 24.2869 15.5747 10.7603 9.38259 9.0526 
22.2415 10.0403 23.7814 15.3304 10.7681 9.00164 8.83664 
21.1208 10.6299 24.3297 14.7384 10.506 9.37887 9.29637 
19.0571 12.1777 20.6616 13.9051 11.7889 11.2254 11.1841 
19.3169 12.4381 20.9128 14.36 11.1855 10.9037 10.8831 
19.4069 12.8228 18.318 14.0982 11.882 11.7412 11.7308 
20.666 12.2938 19.0521 14.001 11.556 11.2182 11.213 
19.1096 11.732 22.5579 13.6494 11.0971 10.9282 10.9257 
21.0731 11.3634 20.4413 14.9399 10.7842 10.6997 10.6984 
18.4983 12.0511 20.0933 14.1578 11.7615 11.7193 11.7186 
18.3687 12.6293 18.2227 14.3116 12.1701 12.149 12.1486 
18.3843 12.9147 22.3114 14.7558 11.285 10.0745 10.2743 
19.9577 11.9597 22.1605 15.7511 10.4272 9.82193 9.92185 
18.6745 11.4146 22.2215 16.0277 10.9201 10.3457 10.3957 
17.9579 12.8194 24.9039 14.6949 10.417 9.69874 9.5082 
17.3589 12.2756 22.7871 15.7273 11.0744 10.436 10.3407 
17.3873 12.0367 21.225 16.5715 11.1552 10.836 10.7883 
16.5617 12.3635 22.5414 16.9152 10.6537 10.4941 10.4703 
18.1767 11.9109 21.427 16.7909 10.7956 10.4554 10.4435 
16.7354 11.8378 21.0076 16.6308 11.5743 11.11 11.1041 
15.5572 12.7817 18.3469 16.8121 12.3231 12.091 12.088 
16.4923 11.9925 22.4515 17.5347 11.1408 10.1949 10.1934 
17.9476 11.2201 23.6635 16.23 10.7943 10.0726 10.0718 
17.5032 11.4924 21.5377 16.0562 11.5736 10.9186 10.9183 
19.2558 10.5781 24.0041 15.381 11.249 9.661 9.87089 
18.8872 11.4619 20.3354 15.4066 11.7973 11.0033 11.1083 
16.4366 12.724 17.86 15.0459 12.8917 12.4947 12.5472 
16.0395 13.3452 18.7065 14.7855 12.8704 12.3926 11.8602 
16.2698 12.4226 23.6033 14.1428 11.4352 11.1963 10.9301 
16.7887 12.9421 19.8145 14.4432 12.1279 12.0084 11.8753 
15.3388 13.4155 17.1989 15.2077 13.0084 12.9486 12.8821 
17.3333 11.9598 22.0448 15.587 11.7563 10.676 10.6427 
18.6082 11.8279 20.6715 14.8111 11.7261 11.186 11.1693 
17.6912 12.3655 18.4003 15.1475 12.3147 12.0446 12.0363 
18.4786 11.6874 22.0442 14.6838 11.6619 10.6095 10.8346 
19.971 11.2095 21.9977 15.3907 10.9529 10.1828 10.2954 
19.9253 11.6289 20.3362 14.3219 11.5006 11.1155 11.1718 
17.8708 12.192 20.6273 15.8344 12.1278 10.6598 10.6879 
19.1344 11.5686 22.0052 15.6286 11.039 10.305 10.3191 
18.556 11.6832 20.5532 16.5222 11.1375 10.7705 10.7775 
18.7224 11.6749 19.9988 16.0389 11.6799 10.9408 10.9443 
20.2924 10.8982 24.5743 15.1045 9.88851 9.51898 9.72317 
17.9693 12.2518 20.4504 14.3549 11.747 11.5622 11.6643 
16.379 13.1682 17.2675 14.5718 12.9157 12.8234 12.8744 
17.1518 12.2445 20.662 14.8331 12.3541 11.3645 11.39 
19.3451 11.2504 21.1002 15.1089 11.5617 10.8105 10.8232 
17.7807 12.382 17.6447 15.3247 12.5376 12.162 12.1684 
16.8268 12.2756 19.4044 15.5989 13.1471 11.372 11.3752 
17.6894 11.3414 23.5031 15.4917 11.3247 10.4371 10.2125 
16.5114 12.3374 19.7515 15.4125 12.329 11.8852 11.7729 
15.2487 13.5114 17.5681 14.6993 13.1575 12.9356 12.8795 
15.3677 12.7291 21.3947 15.978 12.1097 11.1138 11.307 
15.9117 12.6937 18.9252 16.2168 12.384 11.886 11.9826 
15.2475 13.2913 16.7543 15.7473 13.1364 12.8875 12.9357 
15.3365 12.7627 20.3452 16.1183 11.8874 11.7629 11.787 
17.1277 12.3273 20.1726 16.4375 11.3491 11.2868 11.2989 
15.5639 12.8303 18.4196 16.2188 12.3412 12.3101 12.3161 
14.9248 12.7644 18.9982 17.6332 12.2553 11.9752 11.4491 
16.4624 11.6322 21.9991 16.8166 11.3776 10.9876 10.7245 
17.0031 11.9564 19.7715 17.1802 11.5368 11.3417 11.2102 
16.6097 12.735 17.3182 16.0225 12.5251 12.4276 12.3619 
18.1814 11.7173 22.8566 15.2129 11.2008 10.5348 10.2962 
19.4 11.5287 22.5108 15.0807 10.7551 10.422 10.3027 
17.8081 12.5211 18.6878 14.9728 12.1343 11.9678 11.9081 
18.8588 13.5004 22.0136 13.595 10.592 10.9613 10.4789 
17.5039 13.2719 19.0813 15.4931 11.5072 11.6918 11.4507 
15.745 13.629 16.8833 15.4389 12.7466 12.8389 12.7183 
15.796 12.8254 19.0974 15.9162 12.111 12.4304 11.8236 
16.4207 12.0945 21.1964 14.7763 12.0214 11.897 11.5936 
15.4021 12.8966 18.4749 14.9224 12.86 12.7978 12.6461 
15.1479 13.5405 16.3297 14.5534 13.5222 13.4911 13.4153 
17.0977 12.0083 20.3077 15.3719 11.7611 11.7456 11.7076 
16.1648 12.6267 17.4386 15.9641 12.8342 12.4953 12.4763 
15.1746 13.4055 15.8115 15.4289 13.5093 13.3398 13.3304 
14.9402 13.8106 20.1607 15.3125 12.3919 11.817 11.5671 
15.8034 13.0781 18.7223 15.9896 12.3688 12.0813 11.9564 
15.1431 13.4356 17.2922 15.2362 13.0809 12.9372 12.8748 
16.143 13.2892 18.9318 14.7609 12.2548 12.1829 12.4374 
17.1624 12.0992 21.2841 16.9259 11.1274 10.6369 10.7641 
17.235 12.4598 18.9754 15.8348 11.9739 11.7287 11.7923 
16.7256 12.9867 16.9201 15.3498 12.7437 12.6211 12.6529 
16.9992 12.4024 20.5055 15.6295 12.5082 10.856 11.0992 
16.5921 12.2706 19.2123 17.0633 12.3235 11.2084 11.3299 
16.0425 13.1775 16.6484 15.5739 13.204 12.6464 12.7072 
17.091 12.4027 20.8823 15.2288 12.4159 10.9744 11.0048 
18.2752 12.1473 21.252 14.3712 12.1539 10.8926 10.9078 
19.8328 11.6886 19.7169 15.7417 11.4246 10.7939 10.8015 
20.8301 12.1895 19.5031 14.7237 11.8036 10.4731 10.4769 
20.4587 11.3349 24.3804 14.1304 10.487 9.60336 9.60526 
19.4779 11.4478 21.1497 15.4467 11.3129 10.582 10.583 
17.8035 12.1755 18.3168 16.1104 12.108 11.7426 11.7431 
19.2022 11.0234 21.1756 16.6389 11.4188 10.1632 10.378 
19.1941 11.6163 19.3087 16.459 11.5234 10.8955 11.0029 
18.4385 12.2106 18.4958 15.8514 11.8592 11.5453 11.599 
17.3825 12.4829 21.7479 14.0482 12.5623 10.8747 10.9016 
19.2891 11.6762 21.7435 13.8176 11.7159 10.8721 10.8856 
17.077 12.5949 18.3042 15.0169 12.6147 12.1928 12.1995 
15.8683 12.0566 20.1469 15.6236 13.3754 11.332 11.5972 
18.8128 11.886 24.5086 14.088 10.8718 9.85011 9.98268 
20.7222 11.9957 22.7806 13.3598 10.6991 10.1882 10.2545 
18.5848 12.9057 18.9561 14.2457 11.9285 11.6731 11.7062 
18.103 12.1797 23.3547 15.0524 10.8101 10.2418 10.2584 
14 14 14 14 14 14 14 
12.5133 18.0266 14.2243 16.5057 15.7452 10.9924 10.9924 
11.8537 20.4561 16.0674 16.7106 15.4597 9.4763 9.4763 
10.8049 20.228 18.5215 17.8675 15.0469 8.64059 8.64059 
11.3052 21.3409 17.5941 19.0032 14.1207 8.25548 8.25548 
9.91528 21.1543 18.3593 19.179 15.2401 8.04479 8.04479 
10.6203 21.4205 17.4929 18.7461 15.6923 7.9983 7.9983 
10.8406 20.9811 17.7758 18.8539 15.634 7.94949 7.94949 
9.94412 18.943 19.245 19.4269 16.6265 7.90332 7.90332 
10.1326 19.1045 20.2877 18.8878 15.8821 7.85074 7.85074 
10.485 19.035 19.7497 18.0646 16.9312 7.86626 7.86626 
9.83308 20.0634 18.0635 18.9578 17.2745 7.90335 7.90335 
9.13341 20.2727 18.5498 19.3584 16.83 7.92758 7.92758 
9.50788 19.901 19.2749 18.9733 16.415 7.96379 7.96379 
9.267 21.7082 18.6636 18.5128 16.046 7.90113 7.90113 
9.65743 20.0646 20.3366 18.1081 16.0373 7.89794 7.89794 
10.6908 20.4921 20.743 16.5253 15.8348 7.85701 7.85701 
9.49337 19.3268 20.4612 19.2492 15.7649 7.85227 7.85227 
9.33492 18.7222 20.8188 19.154 16.1178 7.92614 7.92614 
9.19127 16.8611 20.4094 21.1246 16.6303 7.89164 7.89164 
9.21851 17.7979 19.5721 21.6329 16.101 7.83876 7.83876 
9.23888 17.348 19.7398 22.2748 15.6894 7.85457 7.85457 
10.1879 15.9826 21.0068 21.4622 15.6173 7.8716 7.8716 
11.1699 14.9533 21.3895 20.6045 16.1631 7.85985 7.85985 
10.4199 15.3776 22.1334 20.9155 15.5108 7.82143 7.82143 
9.95445 14.9881 22.2589 20.92 16.2712 7.80366 7.80366 
10.1369 15.6021 22.4317 20.5337 15.6295 7.83303 7.83303 
9.71394 15.625 22.7073 21.1471 15.1497 7.8285 7.8285 
10.3698 15.7612 21.8665 21.2146 15.0107 7.88861 7.88861 
10.0775 14.5632 21.1958 22.4211 15.9779 7.88225 7.88225 
10.3528 13.0787 22.7959 21.7178 16.2015 7.92663 7.92663 
12.5965 11.7905 23.2701 20.7904 15.635 7.95875 7.95875 
12.6415 11.741 24.1972 19.8479 15.6533 7.95947 7.95947 
11.0237 12.6774 23.1135 20.32 16.9851 7.94013 7.94013 
11.5315 13.0955 22.6132 21.0937 15.8635 7.90127 7.90127 
9.94237 14.6623 23.0011 20.332 16.285 7.88858 7.88858 
10.3377 15.4463 21.5791 18.6739 18.221 7.87099 7.87099 
11.112 14.1831 21.9007 19.4145 17.7668 7.81147 7.81147 
12.2649 13.8004 20.9503 19.0743 18.2505 7.82978 7.82978 
12.35 14.9313 21.6151 18.6045 16.8973 7.8009 7.8009 
11.8478 15.6451 22.417 18.9329 15.4407 7.85823 7.85823 
12.5735 16.6461 22.3338 17.7785 14.8815 7.89331 7.89331 
11.7161 15.52 23.2881 19.369 14.3852 7.8608 7.8608 
12.4441 16.7654 21.3215 20.3028 13.5098 7.82825 7.82825 
11.3215 16.5916 21.4816 20.5992 14.2176 7.89422 7.89422 
10.4165 16.1364 22.3089 21.0965 14.1782 7.93169 7.93169 
11.1057 14.9913 23.0775 20.8047 14.1404 7.9402 7.9402 
12.3348 15.3414 22.3101 20.1098 13.9851 7.95946 7.95946 
11.3181 15.7109 23.5922 20.482 13.1483 7.8742 7.8742 
11.4946 16.0783 23.0693 20.5858 12.9402 7.91588 7.91588 
12.1109 15.5716 24.3918 19.1241 13.0935 7.85404 7.85404 
11.7517 16.52 24.8541 19.9418 11.2303 7.85107 7.85107 
12.2647 16.0378 23.9548 20.2487 11.8651 7.81443 7.81443 
13.1324 15.5903 23.5488 19.8386 12.0754 7.90721 7.90721 
10.8188 14.2385 23.759 21.1307 14.1563 7.94845 7.94845 
10.9649 14.9475 23.1169 22.0552 13.1387 7.88837 7.88837 
10.8301 13.7572 26.2643 21.5891 11.917 7.82119 7.82119 
12.613 14.0765 26.2427 20.3061 10.9713 7.89517 7.89517 
13.4679 14.4601 25.4911 19.6583 11.2148 7.85384 7.85384 
12.8451 14.7301 25.94 20.2458 10.6074 7.81581 7.81581 
14.3244 14.4495 25.3678 18.8422 11.2983 7.85886 7.85886 
14.4688 13.6717 26.0077 18.3036 11.9529 7.79762 7.79762 
14.2966 13.898 24.5858 19.4626 12.0499 7.85361 7.85361 
14.7325 13.4097 26.7592 18.4391 10.9407 7.85939 7.85939 
14.7635 13.5542 25.4344 18.3977 12.0457 7.9023 7.9023 
14.4278 13.8231 24.7768 18.8194 12.3914 7.88069 7.88069 
14.3761 14.2089 25.6316 18.734 11.3308 7.85926 7.85926 
13.8859 14.4253 23.5635 19.3359 13.1421 7.82371 7.82371 
14.0658 14.1959 23.3739 19.7238 12.9956 7.82247 7.82247 
13.1023 14.9014 22.6696 21.4226 12.2782 7.81297 7.81297 
14.1535 14.3221 22.4459 20.6528 12.718 7.85385 7.85385 
13.6162 13.5643 23.3483 19.8632 13.8522 7.87788 7.87788 
12.8855 13.9645 25.0719 18.357 14.1084 7.80634 7.80634 
14.8697 12.6002 24.8955 18.7291 13.234 7.83576 7.83576 
16.4512 12.9941 25.8357 16.3317 12.6279 7.87963 7.87963 
17.6542 12.7828 25.2036 16.5944 11.8854 7.93981 7.93981 
16.6483 13.0953 25.032 17.5151 11.9483 7.88052 7.88052 
17.35 11.9918 26.4128 16.4939 12.1346 7.80846 7.80846 
18.759 11.7382 26.2316 15.9501 11.6695 7.8258 7.8258 
17.859 12.8866 25.6889 16.6008 11.2441 7.86027 7.86027 
17.3973 13.7014 26.4197 15.8273 10.9984 7.82798 7.82798 
16.8415 13.1364 26.067 16.1993 11.9278 7.91399 7.91399 
16.5496 13.3167 25.3034 17.3021 11.6387 7.94473 7.94473 
17.7777 12.7987 24.64 17.7154 11.2287 7.91973 7.91973 
17.9146 13.9925 24.0679 17.597 10.772 7.82806 7.82806 
16.434 14.1613 26.0526 17.3655 10.3704 7.80811 7.80811 
17.5162 13.954 25.9643 17.0385 9.90218 7.81241 7.81241 
16.7061 14.925 26.7105 16.7563 9.28635 7.80794 7.80794 
18.6424 13.7326 26.6993 16.4167 8.98401 7.76249 7.76249 
19.165 13.4288 26.9434 15.7084 9.17951 7.7875 7.7875 
17.8195 12.7838 26.333 17.1027 10.3701 7.79548 7.79548 
18.2847 12.7981 25.8227 16.9889 10.4975 7.80399 7.80399 
18.5975 11.8478 26.5332 17.4688 10.0565 7.74815 7.74815 
17.9026 12.2551 26.9029 17.9876 9.41135 7.77018 7.77018 
18.884 12.8615 24.2259 18.9265 9.58783 7.75714 7.75714 
18.2 12.3225 25.1703 18.3804 10.2079 7.85946 7.85946 
18.5059 10.7817 26.9416 18.1011 9.88944 7.89013 7.89013 
20.0466 9.8353 27.1216 17.3045 9.86536 7.91332 7.91332 
20.7044 9.56161 27.0283 16.7018 10.3506 7.82663 7.82663 
19.7833 9.27182 28.3345 16.8838 10.1154 7.80553 7.80553 
20.0583 9.80258 27.3339 17.4419 9.55772 7.90276 7.90276 
21.0128 9.98326 26.2899 17.9013 9.04115 7.88581 7.88581 
19.5823 10.7672 25.5212 19.0166 9.30606 7.9033 7.9033 
19.0726 10.6231 26.9822 17.5922 10.0422 7.84387 7.84387 
18.85 11.0305 26.0728 18.1098 10.2499 7.8435 7.8435 
18.7387 10.2538 26.9253 18.0418 10.3537 7.84332 7.84332 
19.7528 9.7595 27.3604 17.6471 9.64969 7.91527 7.91527 
21.1667 8.91201 28.3576 16.7268 9.17969 7.8286 7.8286 
21.4289 9.60306 27.5979 16.4516 9.36925 7.7746 7.7746 
21.0918 9.67575 28.4216 16.2447 8.92991 7.81812 7.81812 
22.1105 9.08957 29.0067 15.0951 9.05679 7.82062 7.82062 
22.4615 8.91979 29.1909 15.3601 8.43465 7.81656 7.81656 
23.6382 9.64508 27.188 15.2726 8.66177 7.79717 7.79717 
23.6373 9.54981 27.2304 14.3636 9.42179 7.89858 7.89858 
22.5329 9.87695 28.7512 13.6444 9.4728 7.86086 7.86086 
22.0679 9.29387 29.7066 14.1393 9.26602 7.76318 7.76318 
23.4014 8.88722 29.5176 13.9601 8.69661 7.76852 7.76852 
24.0513 10.2205 27.5078 13.1553 9.32839 7.86832 7.86832 
22.4832 9.68541 28.4598 14.4208 9.23936 7.85573 7.85573 
21.2416 10.1059 28.6159 14.9297 9.53196 7.78751 7.78751 
22.237 9.43004 28.281 15.3773 9.14308 7.76581 7.76581 
21.3268 9.29835 28.3072 15.8137 9.15488 8.04957 8.04957 
23.8483 9.10123 27.3385 15.2698 8.51579 7.96314 7.96314 
24.7666 9.34514 28.0528 13.7993 8.19625 7.91993 7.91993 
24.521 9.74503 28.5192 13.0591 8.26479 7.94547 7.94547 
23.8459 9.54731 26.658 14.0499 9.6202 8.24103 8.03778 
21.2347 10.4417 28.1063 14.9197 9.06111 8.1691 8.06747 
22.6315 10.1678 27.6574 14.527 9.1242 7.97147 7.92066 
23.7258 10.1199 27.4978 14.2779 8.51893 7.94257 7.91717 
24.1119 9.07601 27.6043 14.167 8.87794 7.98735 8.17545 
22.3273 9.18917 27.368 15.4169 9.47773 8.25724 7.96369 
22.8519 10.2223 25.5888 14.8513 9.71722 8.45762 8.31085 
22.3579 9.59143 27.1313 14.7733 9.87653 8.17146 8.09808 
20.5646 8.72063 28.5827 16.0897 10.0577 8.01065 7.97395 
20.1114 9.27485 27.1119 17.4466 9.51604 8.27883 8.26048 
20.2779 9.74853 25.1115 17.6122 9.86913 8.80608 8.57469 
21.0278 9.76316 23.6669 18.3616 9.37901 9.06971 8.73179 
19.0631 10.0629 24.0096 17.2119 10.389 9.7162 9.54724 
19.394 9.61862 24.8488 17.0922 10.011 9.67461 9.36078 
21.2641 9.28692 27.1632 15.6356 9.10998 8.94178 8.5983 
20.5858 10.199 25.8501 15.6882 9.64758 9.10052 8.92878 
19.8819 10.3506 25.0255 16.2916 10.0749 9.34478 9.0306 
19.6184 10.2444 24.4943 16.2103 10.337 9.97193 9.12359 
19.1989 10.2865 23.0453 17.7296 10.3328 9.6808 9.72612 
18.1487 10.8428 22.4035 17.1549 11.384 10.0217 10.0444 
20.0875 10.928 23.9771 15.4057 10.7581 9.41616 9.42749 
21.305 10.8694 23.475 15.3605 10.334 9.43781 9.21825 
18.7606 11.3806 22.8186 16.0586 10.5724 10.3946 10.0145 
19.0328 10.3235 27.0464 15.5583 9.72636 9.25134 9.06132 
18.4787 11.058 25.3156 16.9772 9.58016 9.34265 9.24764 
18.3526 11.194 24.9731 16.3704 9.96249 9.59744 9.54993 
16.8944 12.9796 19.8691 15.2322 11.6927 11.8457 11.4864 
17.2435 11.8139 21.2771 16.4124 12.0963 10.5525 10.6043 
19.9386 10.6394 24.8361 14.7906 10.9864 9.39147 9.41738 
21.1981 9.76887 24.9181 15.0224 10.578 9.35675 9.15784 
20.7932 10.2242 23.1386 16.7345 10.1434 9.53274 9.43329 
20.5318 10.0671 23.7315 16.7006 10.2519 9.4961 9.22115 
20.4403 10.8475 20.8774 15.9084 10.9399 10.562 10.4245 
18.3283 12.5183 18.209 14.711 12.2267 12.0378 11.969 
17.2722 12.2051 19.9153 14.9231 11.789 11.9648 11.9305 
17.3711 12.4279 18.6926 15.5941 11.9186 12.0065 11.9893 
16.2019 12.7499 17.5162 15.6402 12.822 12.5392 12.5306 
15.5477 13.4671 15.8503 14.9123 13.5032 13.3618 13.3575 
16.0366 13.7251 20.637 14.8714 12.2601 11.3419 11.1279 
17.1092 12.5444 20.8299 15.1062 11.8119 11.3528 11.2458 
15.796 13.1687 17.6563 15.4841 12.8025 12.5729 12.5194 
15.5535 12.8045 20.5506 15.3976 12.8606 11.7889 11.0444 
16.8392 12.6522 18.7128 15.1988 12.6803 12.1444 11.7722 
16.1119 13.3191 16.6991 14.5924 13.3331 13.0652 12.8791 
17.5496 12.9887 21.0078 14.6802 12.1518 10.963 10.659 
17.2855 12.239 26.2486 13.7231 11.1823 9.73681 9.5848 
19.7223 11.8013 21.647 14.2479 11.5571 10.5502 10.4742 
16.9579 12.3523 18.5654 16.1562 12.5527 11.7267 11.6887 
17.2753 11.2687 22.2457 16.6429 11.369 10.7245 10.474 
16.7301 11.4147 23.2616 14.6798 11.7538 11.1426 11.0173 
17.6818 12.5397 19.3948 14.4828 12.3987 11.7825 11.7199 
16.1708 12.2908 20.4304 16.6655 12.2203 11.1268 11.0955 
16.1101 12.9355 18.2399 16.9747 12.283 11.7363 11.7206 
15.3977 13.4608 16.8122 15.4804 13.1345 12.8611 12.8533 
16.4367 12.7983 19.0857 16.9635 11.9071 11.5277 11.281 
18.0609 11.3204 24.3066 16.3558 10.6779 9.70084 9.57752 
17.9476 12.0296 19.4782 16.4581 11.7084 11.2198 11.1582 
17.0988 12.5773 19.1141 15.4166 12.1042 11.8599 11.8291 
16.8139 11.0407 22.7802 17.2124 12.0438 10.0622 10.0468 
17.0608 11.9306 19.0824 16.2985 12.7527 11.4414 11.4336 
16.0134 12.768 17.3643 15.6323 13.1791 12.5234 12.5195 
16.969 12.2802 20.9463 16.0708 11.7782 10.9787 10.9768 
18.0775 12.2448 20.3569 14.7215 11.9938 11.3033 11.3023 
16.9335 12.7013 17.7442 15.2555 12.9048 12.2306 12.2301 
16.1387 12.1708 18.925 15.2997 13.5952 12.4645 11.4061 
16.7873 11.7264 22.5394 14.8293 11.9258 11.3605 10.8312 
18.9492 11.4188 21.5475 14.3591 11.5185 11.2358 10.9712 
18.2317 11.6416 20.9432 15.0892 11.6914 11.2676 11.1353 
16.9499 12.042 23.8357 15.3787 10.6844 10.4725 10.6368 
19.5247 12.0983 21.3101 14.5954 10.8671 10.7611 10.8433 
19.7623 11.7248 20.6551 15.1355 11.1092 10.786 10.827 
19.1045 12.1731 22.9489 14.1212 11.1371 10.2474 10.2679 
17.9306 11.492 22.5555 15.7092 11.2442 10.5291 10.5393 
17.488 11.996 20.9369 16.3773 11.3039 10.9464 10.9515 
18.0137 11.8969 21.7044 14.3684 11.5508 11.3721 11.0937 
19.8939 11.1904 24.5619 14.0391 10.8157 9.71829 9.78073 
19.0898 11.3095 22.8524 14.4481 11.1222 10.5734 10.6047 
18.9961 12.0572 19.0481 15.4558 11.6586 11.3843 11.3999 
20.4794 12.1034 21.44 13.8026 11.4368 10.365 10.3728 
17.4315 12.901 18.2542 14.778 12.5677 12.0318 12.0357 
16.3546 13.3949 16.4188 14.6807 13.2283 12.9604 12.9623 
17.7664 11.9486 20.3098 15.5595 12.0936 11.2747 11.0474 
18.7317 11.2773 22.0236 15.103 11.6024 10.6879 10.5742 
18.4302 11.779 20.0761 15.4462 11.9415 11.1919 11.135 
17.8885 12.012 21.5177 15.6313 11.3279 10.698 10.9247 
19.3838 11.5005 20.9237 14.9585 11.4332 10.8435 10.9568 
20.803 11.5836 18.2396 15.8126 11.5499 10.9773 11.034 
19.5479 11.8893 17.9613 15.2234 12.1774 11.5862 11.6145 
19.2399 11.5272 20.8738 15.8641 11.1858 10.6475 10.6616 
17.9999 11.6295 21.6101 15.474 11.4588 10.9103 10.9174 
17.9505 12.2962 19.7557 14.8357 11.9022 11.628 11.6315 
18.1496 11.8821 22.0338 15.4454 11.6851 10.4012 10.4029 
18.9618 11.5908 20.3389 15.3498 12.0572 10.8503 10.8512 
18.3417 12.1245 18.3973 15.2698 12.3577 11.7543 11.7547 
17.6408 12.3464 19.3079 15.5584 12.1898 11.3416 11.6151 
18.726 11.5977 24.2766 13.4396 11.0477 10.3878 10.5245 
18.7871 11.0345 21.5624 16.4057 11.283 10.4295 10.4979 
17.8238 12.2033 19.7928 16.3424 11.7462 11.0287 11.0629 
18.3833 11.8285 23.1123 15.4399 11.1594 10.1399 9.93673 
17.8336 12.3957 19.8895 15.7446 11.7526 11.2428 11.1412 
17.0249 12.9546 18.0528 14.6291 12.633 12.3782 12.3274 
17.5811 11.6244 20.0558 14.9126 13.6695 11.091 11.0656 
15.735 12.7566 18.3612 14.4007 13.7792 12.49 12.4773 
17.1489 12.3663 17.2645 15.883 12.8776 12.233 12.2267 
17.8245 11.4332 19.1322 17.1915 12.1888 11.1165 11.1133 
19.8061 11.3032 19.0633 15.8583 11.681 11.1448 11.1433 
18.8851 11.939 19.1125 15.1148 11.8285 11.5604 11.5597 
16.6343 12.8188 17.7754 14.7492 12.7636 12.6295 12.6291 
16.9455 13.0466 20.3921 14.8967 12.134 11.4033 11.1818 
16.007 13.3726 17.7303 14.9826 12.9163 12.5509 12.4402 
15.2952 13.6307 15.8096 15.4774 13.4026 13.2199 13.1646 
15.9809 13.7119 16.8128 15.21 13.3105 12.6444 12.3294 
15.9522 13.5439 16.6867 15.5668 13.0247 12.6916 12.5341 
15.2678 13.7164 15.2878 15.7695 13.4568 13.2903 13.2115 
15.4117 12.9693 18.1994 14.8292 13.6728 12.2007 12.7169 
17.1144 12.1298 18.5083 16.2856 12.7504 11.4767 11.7348 
16.2753 12.7763 16.9723 15.8609 13.0866 12.4498 12.5788 
15.6719 13.5799 15.6779 15.4647 13.3926 13.0742 13.1387 
16.3311 12.3725 20.9458 15.2566 11.5507 11.6342 11.9092 
17.2299 12.0342 20.122 15.523 11.6233 11.665 11.8025 
18.3915 11.883 20.1169 15.3034 11.3982 11.4191 11.4879 
18.0329 11.5229 23.0817 14.861 11.5131 10.5933 10.3951 
18.3385 11.4112 20.0154 16.7525 11.4063 10.9464 11.1297 
17.7058 12.108 18.8492 16.3031 11.8007 11.5707 11.6624 
18.5617 11.1511 19.8615 17.6176 11.2401 10.8825 10.6856 
17.4089 10.9943 24.2165 16.1979 10.5462 10.3673 10.2689 
17.9859 11.4852 20.1921 16.7816 11.2611 11.1717 11.1225 
16.3356 12.7356 17.7883 15.3838 12.6236 12.5789 12.5542 
16.6931 11.4369 22.0278 16.6781 11.3809 10.8977 10.8854 
15.8296 12.5212 18.837 15.822 12.4932 12.2516 12.2454 
15.5537 13.205 16.7102 15.2027 13.191 13.0702 13.0672 
14.8157 13.6414 19.7629 14.8829 12.9062 12.1176 11.8734 
16.5866 11.8931 21.9587 15.8956 12.0087 10.8897 10.7676 
17.1168 12.4825 18.8225 14.8105 12.8671 11.9808 11.9198 
16.0052 13.1562 20.3155 15.384 12.5506 11.3096 11.279 
18.2967 11.9702 21.9225 15.29 11.4223 10.5567 10.5415 
16.7643 12.6076 18.9082 15.592 12.3337 11.9009 11.8933 
15.9479 13.2117 17.6778 15.3618 12.7458 12.5294 12.5256 
17.9287 12.9407 20.3774 15.3732 11.5765 11.0158 10.7877 
18.6135 12.3183 18.3758 16.1661 11.9286 11.3559 11.2418 
18.1825 12.668 17.7678 16.3671 11.8815 11.5951 11.5381 
17.9008 12.2864 20.7887 16.5169 11.4169 10.5595 10.5309 
