3 10000 300 33
14 14 14 14 14 14 14 
10.9286 18.7857 15.9286 13.7857 17.7143 10.9286 10.9286 
11.0659 20.3887 18.9601 12.287 17.5708 9.61366 9.61366 
11.6693 18.8307 21.7528 12.0526 16.74 9.35229 9.35229 
12.2518 16.6346 22.9085 12.176 15.8566 10.0237 10.0237 
12.2483 16.7357 22.4236 11.9554 16.3467 10.1139 10.1139 
12.7908 15.0345 23.434 11.811 15.6733 10.6125 10.6125 
13.4977 14.9036 23.0807 12.1555 14.3708 10.9881 10.9881 
13.0707 14.9231 22.7472 12.3996 14.3693 11.2412 11.2412 
13.0442 13.9704 22.0245 12.4128 15.4687 11.5377 11.5377 
12.6949 14.7013 21.1974 12.6879 14.8331 11.9417 11.9417 
12.4878 14.6606 21.7098 13.0691 14.4341 11.8188 11.8188 
12.268 15.4628 21.6983 12.8598 13.8436 11.9335 11.9335 
12.2316 16.268 20.6052 13.1372 13.6291 12.0643 12.0643 
12.7614 15.4125 20.1127 12.8977 14.093 12.3613 12.3613 
13.0473 16.0396 17.723 13.1155 14.3798 12.8473 12.8473 
13.2804 16.1279 15.9561 13.3145 14.9602 13.1804 13.1804 
13.6825 15.8104 15.0203 13.6995 14.5224 13.6325 13.6325 
13.7378 15.4914 14.7515 14.0911 14.5026 13.7128 13.7128 
13.9611 15.1925 14.468 14.1378 14.3435 13.9486 13.9486 
14.0228 14.6385 14.9805 14.1111 14.214 14.0165 14.0165 
14.0537 14.3615 15.2367 14.0978 14.1492 14.0505 14.0505 
14.1697 14.3236 14.7612 14.1918 14.2175 14.1681 14.1681 
14.177 14.254 14.8274 14.1881 14.2009 14.1763 14.1763 
14.2314 14.2699 14.5566 14.2369 14.2433 14.231 14.231 
14.2585 14.2778 14.4211 14.2613 14.2645 14.2584 14.2584 
14.2721 14.2818 14.3534 14.2735 14.2751 14.272 14.272 
14.2283 14.5877 14.2689 14.229 14.2298 14.2282 14.2282 
14.257 14.4367 14.2773 14.2573 14.2577 14.257 14.257 
14.2714 14.3612 14.2815 14.2715 14.2717 14.2713 14.2713 
14.2785 14.3235 14.2836 14.2786 14.2787 14.2785 14.2785 
14.2821 14.3046 14.2847 14.2822 14.2822 14.2821 14.2821 
14.2839 14.2952 14.2852 14.2839 14.284 14.2839 14.2839 
14.2848 14.2904 14.2855 14.2848 14.2848 14.2848 14.2848 
14 14 14 14 14 14 14 
10.9157 16.0361 14.5301 17.241 18.4458 10.9157 10.9157 
10.5759 17.6637 20.2572 15.3134 16.9001 9.39484 9.39484 
10.9698 18.3773 21.9468 13.1112 16.8591 9.24287 9.24287 
11.0405 17.0169 23.8522 12.3637 16.2578 9.67194 9.67194 
10.9389 16.3902 25.7192 12.3395 15.0255 9.76208 9.76208 
11.9301 15.4985 23.8147 12.6304 15.097 10.499 10.499 
11.931 16.272 22.1346 12.2811 15.503 10.9313 10.9313 
11.43 15.7863 22.8159 11.8783 16.2215 10.9301 10.9301 
12.1757 14.3538 24.0484 11.838 15.4141 11.083 11.083 
12.1925 13.8629 22.4893 12.8957 15.8466 11.3555 11.3555 
12.6831 14.1171 22.3225 12.4359 15.1089 11.6658 11.6658 
12.904 13.9336 20.8488 12.7804 15.367 12.0829 12.0829 
12.8214 14.2916 19.9785 13.0781 15.0083 12.4109 12.4109 
12.8623 14.8877 19.0215 12.9907 14.9235 12.657 12.657 
13.1426 14.1553 18.5712 13.2067 14.8443 13.0399 13.0399 
13.5713 14.7443 16.2856 13.27 15.4222 13.52 13.1866 
13.6822 14.6135 16.0738 13.5316 14.9525 13.6565 13.4899 
13.8834 14.7011 15.4313 13.808 14.5185 13.8705 13.7872 
13.9839 14.3928 15.11 13.9463 14.6536 13.9775 13.9358 
14.0842 14.2886 15.0018 14.0653 14.419 14.081 14.0601 
14.1849 14.2872 14.6438 14.1755 14.3524 14.1833 14.1729 
14.2353 14.2864 14.4647 14.2306 14.319 14.2345 14.2293 
14.2605 14.2861 14.3752 14.2582 14.3024 14.2601 14.2575 
14.2225 14.2352 14.6344 14.2213 14.2434 14.2223 14.221 
14.2541 14.2605 14.4601 14.2535 14.2646 14.254 14.2533 
14.2699 14.2731 14.3729 14.2696 14.2751 14.2699 14.2695 
14.1772 14.5309 14.5808 14.1771 14.1798 14.1772 14.177 
14.2315 14.4083 14.4333 14.2314 14.2328 14.2314 14.2314 
14.2586 14.347 14.3595 14.2585 14.2592 14.2586 14.2585 
14.2722 14.3164 14.3226 14.2721 14.2725 14.2721 14.2721 
14.2283 14.2504 14.6081 14.2283 14.2284 14.2283 14.2283 
14.257 14.268 14.4469 14.257 14.2571 14.257 14.257 
14.2714 14.2769 14.3663 14.2714 14.2714 14.2714 14.2714 
14 14 14 14 14 14 14 
11.6053 19.5 14.2368 15.8816 15.8816 10.9474 10.9474 
11.4533 19.5103 18.0773 15.9887 15.6463 9.41204 9.41204 
10.746 18.8285 22.7452 13.7859 16.5104 8.56702 8.56702 
11.014 18.9014 23.1675 13.3032 14.6655 9.41172 9.41172 
11.0015 16.8683 23.3969 12.6956 15.5745 10.2004 10.2004 
11.8837 16.9448 23.1346 12.7308 14.4362 10.4193 10.4193 
12.3746 17.2443 22.0936 12.5057 13.6508 11.0576 11.0576 
12.0862 15.9255 22.8446 12.4326 14.4097 11.1468 11.1468 
12.1834 15.8575 22.241 12.3567 14.5148 11.4213 11.4213 
12.3774 15.3573 22.5491 11.8926 14.9717 11.425 11.425 
13.1584 14.6484 21.8806 12.0069 14.7586 11.7731 11.7731 
12.7904 14.467 21.8099 12.5252 14.2116 12.0977 12.0977 
13.4016 14.5584 20.4591 12.632 14.1122 12.4183 12.4183 
13.111 14.3305 20.1654 13.3673 13.7868 12.6194 12.6194 
13.4183 14.6816 18.9062 13.2196 14.083 12.8456 12.8456 
13.4399 15.3536 18.748 13.0201 13.7723 12.8331 12.8331 
13.8145 15.4471 17.4821 13.2668 13.6429 13.1733 13.1733 
13.6187 14.7705 17.4659 13.6804 13.5329 13.6336 13.2981 
13.7059 14.6266 16.664 13.7367 14.0078 13.7134 13.5456 
13.9451 14.4055 15.7788 13.9606 14.0961 13.9489 13.865 
14.1154 14.3456 15.0323 14.1231 14.1909 14.1173 14.0754 
14.2006 14.3157 14.659 14.2044 14.2383 14.2015 14.1805 
14.2431 14.3007 14.4723 14.2451 14.262 14.2436 14.2331 
14.2644 14.2932 14.379 14.2654 14.2739 14.2647 14.2594 
14.2751 14.2895 14.3324 14.2756 14.2798 14.2752 14.2726 
14.2297 14.2369 14.613 14.23 14.2321 14.2298 14.2285 
14.2577 14.2613 14.4494 14.2578 14.2589 14.2578 14.2571 
14.2717 14.2735 14.3675 14.2718 14.2723 14.2717 14.2714 
14.2281 14.229 14.6306 14.2281 14.2284 14.2281 14.2279 
14.2569 14.2573 14.4581 14.2569 14.257 14.2569 14.2568 
14.2713 14.2715 14.3719 14.2713 14.2714 14.2713 14.2713 
14.2785 14.2786 14.3288 14.2785 14.2785 14.2785 14.2785 
14.2821 14.2822 14.3073 14.2821 14.2821 14.2821 14.2821 
