5 2000 100 20
16 16 16 16 16 16 
12.7826 13.2174 12.7826 22.7826 18.4348 18 
12.7178 12.9352 11.2893 25.4729 19.0133 17.5714 
12.4073 11.3063 10.4833 28.6639 19.1841 17.4551 
12.1463 10.7761 10.1597 31.1352 18.8133 16.7193 
12.7398 11.2214 10.0799 27.8593 20.0317 17.943 
13.0071 10.478 9.90718 30.5226 20.1928 15.8299 
12.7797 10.8875 9.76531 31.3701 19.0922 16.0739 
12.5601 10.7629 9.77627 31.4297 18.4823 16.9731 
12.5012 10.2202 9.72684 32.3047 18.6881 16.5511 
12.1458 9.91357 9.66692 36.0214 16.331 15.9175 
11.9553 9.9988 9.66539 36.9182 16.1487 15.3117 
13.6047 9.87228 9.70558 34.7727 17.3964 14.6474 
14.2098 9.79725 9.7139 34.7475 17.0315 14.4996 
13.5984 9.87698 9.8353 35.772 17.1738 13.7433 
13.2647 9.89539 9.87455 34.9119 17.4231 14.6303 
13.4505 9.94769 9.93727 37.4559 15.757 13.4515 
13.7346 9.88039 9.87518 37.6532 15.8224 13.0342 
12.9597 10.1923 9.76952 37.9442 15.2642 13.87 
14.0692 10.2301 9.79548 33.7043 17.0071 15.1939 
16 16 16 16 16 16 
12.955 16.5586 12.955 25.1171 13.8559 16.5586 
13.0732 14.6623 11.3711 26.1756 16.9279 16.7899 
15.0112 13.0515 10.5584 26.0115 17.9979 16.8695 
13.9991 12.5863 10.2576 27.5079 18.0898 17.3092 
12.9284 12.4197 10.0695 29.7619 18.1358 16.5598 
12.7933 12.117 9.88707 30.9147 18.3506 15.8748 
12.3038 11.5437 9.79586 34.4447 17.1922 14.6885 
12.5622 11.5411 9.81246 32.8206 17.7841 15.4639 
12.8212 10.6229 9.75855 35.1867 17.3309 14.272 
12.6072 10.4396 9.7938 34.4737 17.4261 15.2557 
13.23 10.1982 9.87526 32.8213 18.4533 15.42 
12.8116 10.6546 9.85216 32.6499 18.201 15.8297 
12.8278 10.1438 9.74259 34.4442 18.0455 14.7956 
11.9241 9.96988 9.76926 36.4058 16.5738 15.357 
12.378 9.8522 9.75188 37.4507 16.0302 14.5369 
12.9763 9.90347 9.85332 36.8249 15.9337 14.5083 
13.6612 10.6479 9.77898 34.8681 16.6166 14.4271 
14.2774 10.6431 9.78311 32.1149 17.8828 15.2987 
13.5765 10.4718 9.82718 33.4394 17.3105 15.3747 
16 16 16 16 16 16 
14.5217 13.2174 12.7826 22.3478 19.3043 15.8261 
14.3729 14.1518 11.3482 22.8118 20.2125 16.1027 
12.6967 13.6065 10.5721 26.3039 19.2899 17.0309 
13.64 11.8033 10.286 27.3186 20.0616 16.6405 
13.4044 12.2802 10.0813 28.4741 19.7016 15.9334 
13.4249 11.3922 9.87258 30.6236 18.6743 15.9499 
13.9999 10.9593 9.79459 29.2794 20.6732 15.2624 
13.3636 11.8433 9.89729 30.7761 19.4275 14.6767 
13.9545 10.9216 9.94865 31.9789 18.5774 14.6111 
14.755 11.2386 9.86321 28.4339 20.622 15.0833 
13.8507 10.53 9.84232 31.1812 19.686 14.9077 
15.045 10.1795 9.83569 30.7616 18.8174 15.3598 
15.335 10.2237 9.82856 30.3361 18.7837 15.4924 
15.3419 9.99557 9.798 30.0518 19.1593 15.6532 
14.6922 10.1042 9.79262 29.2812 19.3669 16.7628 
14.9219 10.0304 9.87466 28.9263 19.6401 16.6065 
14.2791 10.2425 9.93733 30.3723 19.5928 15.576 
13.4687 10.1845 9.82099 32.0638 19.0791 15.3829 
12.9584 10.0715 9.88975 33.2518 18.0458 15.7827 
16 16 16 16 16 16 
14.25 13 13 26.75 16.75 14.25 
13.375 13.7917 11.5 29.625 15.875 14.8333 
13.3839 13.369 10.6607 32.4464 15.75 13.8899 
14.2027 12.9077 10.266 32.5322 15.8149 14.0265 
13.1683 11.4748 9.94471 34.467 16.6941 14.1262 
12.6258 10.7374 9.97235 35.7751 17.5137 13.3131 
13.064 11.0649 9.8385 34.3433 18.0396 13.6186 
13.6153 10.5324 9.91925 32.5883 19.0198 14.3093 
13.2732 10.6542 9.91652 32.2424 19.2082 14.6977 
13.6235 10.1306 9.76175 33.1518 19.2111 14.1174 
14.017 9.86878 9.68437 33.6065 18.5575 14.264 
13.8461 9.84892 9.75672 33.6836 18.2531 14.6106 
13.1992 10.3638 9.69007 34.8334 16.4487 15.4643 
12.4438 11.0261 9.82339 36.6808 16.233 13.7928 
12.9904 10.5349 9.71519 35.371 16.8501 14.5383 
13.091 10.161 9.75121 35.7706 16.7229 14.5032 
13.1298 10.4303 9.81388 35.9923 16.7977 13.836 
12.6785 10.0187 9.71043 36.1184 17.3508 14.1232 
13.3568 9.83389 9.67978 36.6996 16.3508 14.0792 
16 16 16 16 16 16 
12.8507 12.8507 12.8507 24.0448 18.0746 17.3284 
12.7262 12.5229 11.3034 27.4695 18.3869 16.591 
12.7461 12.0061 10.5453 29.4795 18.9807 15.7423 
12.44 11.8608 10.0844 30.4301 19.1138 15.8209 
11.5045 11.215 9.92024 32.6947 18.5 16.0406 
12.3312 10.432 9.78468 32.5754 19.1184 15.6957 
13.4932 10.1729 9.84924 33.5291 18.6109 14.3134 
12.4609 9.98442 9.82258 35.7441 17.2646 14.7077 
12.4231 10.2674 9.7278 34.8445 18.036 14.6933 
13.2031 10.0066 9.73678 33.3121 18.5519 15.1856 
12.7981 9.91783 9.78292 35.8868 15.8999 15.7125 
13.0514 10.1091 9.82708 34.2524 16.5336 16.2253 
13.8266 9.92182 9.7808 33.7191 17.5589 15.1923 
11.8917 9.93927 9.86875 34.6085 18.5197 15.1719 
12.1424 9.88416 9.84891 33.9709 19.5163 14.6372 
13.5712 9.94208 9.92445 31.9855 20.2127 14.3641 
13.9605 9.90378 9.89496 28.773 21.5413 15.9264 
12.9888 9.88751 9.8831 31.5539 20.2127 15.4739 
12.2213 9.78957 9.78737 32.2968 20.2385 15.6665 
