5 2000 100 20
16 16 16 16 16 16 
18.0629 12.717 14.6038 19.6352 18.0629 14.9182 
18.3826 11.3203 16.0805 19.9321 19.3368 13.9477 
16.5987 11.0305 18.0403 19.7809 20.224 13.8257 
16.9015 10.7124 20.1312 19.5679 19.6102 12.8268 
15.0545 10.8279 21.1977 17.7085 20.9372 14.1493 
15.893 10.6669 20.3265 16.8309 21.9472 14.2731 
14.7647 10.9119 21.9401 17.2997 21.0976 13.9547 
16.7184 10.4352 18.6464 19.4383 21.3372 13.4089 
18.3202 10.1004 17.5263 19.2894 21.8014 12.9544 
18.5478 9.94817 18.1509 18.8284 20.9007 13.6201 
17.9014 9.87605 19.0755 19.022 21.6268 12.4963 
17.5507 9.93802 19.5377 18.311 22.0134 12.6482 
16.9753 9.96901 18.9689 19.1555 21.6067 13.3241 
15.297 9.84832 21.7412 20.0836 18.5855 14.4441 
15.3553 9.81138 21.9608 19.8162 19.6311 13.4251 
14.0017 9.8464 22.0476 20.7777 19.4993 13.8272 
15.3659 9.86617 19.5789 22.366 18.8751 13.9478 
16.7381 9.85434 19.2383 21.2224 19.4769 13.47 
17.2976 9.88749 19.5398 20.5318 19.0639 13.6794 
16 16 16 16 16 16 
16.2803 12.7771 20.1019 21.3758 14.6879 12.7771 
17.0081 11.4829 18.9189 20.4992 18.2873 12.8036 
18.1337 10.7414 20.2002 20.4348 17.2918 12.6981 
16.6426 10.4844 20.8955 21.2022 16.9792 13.546 
16.0433 10.4545 21.8377 18.9023 19.1074 13.5298 
16.9285 10.8953 20.8379 16.941 20.6873 13.6475 
16.9258 10.4476 22.5343 16.1628 20.9206 12.9776 
17.1406 10.3891 21.3911 16.7591 21.8239 12.4805 
16.2316 10.2349 22.7923 15.6376 21.7991 13.2967 
17.53 9.92915 22.484 15.3502 21.9874 12.7153 
18.3268 9.94466 21.7998 16.44 20.9539 12.533 
17.8172 9.97233 21.8614 18.4123 20.2846 11.6511 
17.4357 9.83113 22.171 17.3457 21.1888 12.0271 
17.5414 10.1677 19.909 18.3367 21.7289 12.3161 
18.8897 10.0441 18.8831 18.2953 21.3803 12.5072 
18.1313 9.89496 18.128 19.3172 22.1308 12.3977 
16.8346 9.92756 19.4226 18.6227 21.8224 13.3702 
17.5876 9.76727 18.2266 16.7349 24.0116 13.672 
18.5594 9.76645 18.8789 17.7425 22.1621 12.8907 
16 16 16 16 16 16 
19.0738 12.698 15.7181 14.0403 21.7584 14.7114 
17.1541 12.2084 17.4294 15.0279 21.8167 15.3635 
17.0998 11.0284 19.1314 16.0367 21.5144 14.6893 
15.1905 11.7642 21.4797 16.2215 21.1088 13.9853 
15.0953 10.8821 21.1245 17.9184 20.5544 14.3003 
15.5158 10.4211 23.7097 16.5289 20.6358 13.1263 
15.0098 10.3632 23.1144 19.1423 19.669 12.67 
15.3049 10.1816 21.3572 19.9712 20.2345 12.935 
16.3481 10.0315 21.1529 20.2623 19.9987 12.1987 
16.1507 9.87957 20.4986 21.0261 20.6997 11.7414 
15.5263 9.84175 21.0336 21.1013 20.5459 11.9491 
15.9961 9.74015 22.3642 19.7876 19.5099 12.6011 
15.9572 9.76803 21.9984 19.2815 20.1631 12.8311 
15.8541 9.82907 22.1714 17.6994 21.2537 13.1921 
14.62 9.8358 20.9282 18.4954 22.8316 13.289 
15.7488 9.77022 19.9578 19.5852 21.7533 13.1846 
14.5276 9.72382 21.4708 18.6636 21.9654 13.6487 
13.7277 9.80488 23.0928 20.5485 19.5378 13.2882 
14.5699 9.74115 24.0912 20.1309 18.0126 13.4542 
16 16 16 16 16 16 
16.4906 12.717 17.7484 18.6918 16.805 15.5472 
17.7343 12.0154 20.7355 17.5576 17.1616 13.7955 
17.2315 11.5839 22.8213 17.329 17.6886 12.8457 
16.6743 10.9202 22.9491 18.1883 18.9176 12.1005 
15.6364 10.5696 23.8833 17.4883 19.6778 12.6196 
15.4108 10.47 23.238 17.8182 18.913 14.0876 
15.3977 10.6196 24.3113 17.7553 18.6872 13.1976 
15.5827 11.5339 25.2262 17.3839 17.6424 12.6154 
15.1036 10.7076 25.0637 17.5852 18.505 13.0271 
14.4291 10.7442 26.2865 18.458 16.3157 13.7626 
16.4397 10.3536 23.8444 16.7936 19.0435 13.5234 
16.0019 10.2352 25.5409 16.7626 18.4711 12.9874 
14.9508 9.94384 25.7048 17.4546 19.4672 12.4782 
15.0511 9.89616 24.5948 17.8182 19.5821 13.0573 
17.4093 9.79304 22.7625 18.4052 18.512 13.1178 
16.2804 9.82076 24.2601 18.2935 18.5363 12.8089 
15.4277 9.76868 23.6685 19.8755 17.9726 13.287 
13.29 9.71705 24.4736 21.6478 17.3506 13.5208 
15.6676 9.74575 22.3872 21.1622 18.2618 12.7755 
16 16 16 16 16 16 
15.0552 12.908 18.7362 16.8957 20.5767 13.8282 
14.6157 13.7337 18.9466 18.0264 20.4416 13.2359 
14.4784 11.9056 23.0392 16.1837 18.9417 14.9513 
16.0178 11.678 21.6341 19.3514 16.5319 14.5367 
14.5388 11.6226 22.3842 20.31 17.7809 13.2385 
15.9308 10.7325 21.6252 20.3912 19.5204 11.7374 
15.2451 10.3471 21.7321 21.3067 19.1472 12.1905 
15.6073 10.1165 22.0828 22.0602 17.1781 12.9394 
14.8147 10.0398 22.4805 21.1777 19.4747 12.0047 
13.3426 9.87602 24.1899 22.0996 18.5503 11.9376 
13.3877 9.78876 22.7293 22.2439 18.9766 12.8718 
13.8085 9.83509 21.2461 22.1891 20.1603 12.76 
14.7671 9.75625 21.5101 21.5784 20.564 11.8236 
14.9593 9.80237 21.1717 21.3953 20.8881 11.783 
15.2017 9.92049 22.1689 20.7362 20.0965 11.8761 
13.9568 9.83313 22.1014 20.3258 21.7008 12.0821 
13.8681 9.83782 21.8775 21.5802 20.4961 12.3403 
13.9711 10.1041 24.6424 22.8271 16.3591 12.0961 
13.9667 9.95771 23.642 21.9796 18.3683 12.0858 
