5 10000 300 33
12 12 12 12 12 12 12 12 
14.2449 11.7369 13.7402 13.4518 10.1029 9.87245 11.3367 15.9253 
13.9053 7.71795 27.8364 16.6193 7.71795 7.71795 9.52078 9.60741 
9.56281 7.29167 23.4339 14.9261 7.29167 7.29167 9.49341 21.8444 
7.3881 12.8118 27.3603 9.95326 9.98971 7.69942 7.69942 18.9579 
16.1243 12.6074 16.6207 25.6258 7.41141 7.41141 7.41141 8.2775 
12.4273 13.922 27.5902 7.92651 13.4711 7.92651 7.92651 9.28839 
18.9656 14.0593 22.0557 12.2888 8.90966 8.02051 9.21193 8.79189 
21.4066 11.3822 28.7295 8.06345 8.03704 8.03704 8.03704 9.51694 
21.8435 11.6145 29.3158 8.22801 8.20106 8.20106 8.20106 9.71117 
22.2893 11.8515 29.9141 8.39593 8.36843 8.36843 8.36843 9.90935 
22.2893 11.8515 29.9141 8.39593 8.36843 8.36843 8.36843 9.90935 
22.2893 11.8515 29.9141 8.39593 8.36843 8.36843 8.36843 9.90935 
22.2893 11.8515 29.9141 8.39593 8.36843 8.36843 8.36843 9.90935 
22.2893 11.8515 29.9141 8.39593 8.36843 8.36843 8.36843 9.90935 
22.2893 11.8515 29.9141 8.39593 8.36843 8.36843 8.36843 9.90935 
22.2893 11.8515 29.9141 8.39593 8.36843 8.36843 8.36843 9.90935 
22.2893 11.8515 29.9141 8.39593 8.36843 8.36843 8.36843 9.90935 
22.2893 11.8515 29.9141 8.39593 8.36843 8.36843 8.36843 9.90935 
22.2893 11.8515 29.9141 8.39593 8.36843 8.36843 8.36843 9.90935 
22.2893 11.8515 29.9141 8.39593 8.36843 8.36843 8.36843 9.90935 
22.2893 11.8515 29.9141 8.39593 8.36843 8.36843 8.36843 9.90935 
22.2893 11.8515 29.9141 8.39593 8.36843 8.36843 8.36843 9.90935 
22.2893 11.8515 29.9141 8.39593 8.36843 8.36843 8.36843 9.90935 
22.2893 11.8515 29.9141 8.39593 8.36843 8.36843 8.36843 9.90935 
22.2893 11.8515 29.9141 8.39593 8.36843 8.36843 8.36843 9.90935 
22.2893 11.8515 29.9141 8.39593 8.36843 8.36843 8.36843 9.90935 
22.2893 11.8515 29.9141 8.39593 8.36843 8.36843 8.36843 9.90935 
22.2893 11.8515 29.9141 8.39593 8.36843 8.36843 8.36843 9.90935 
22.2893 11.8515 29.9141 8.39593 8.36843 8.36843 8.36843 9.90935 
22.2893 11.8515 29.9141 8.39593 8.36843 8.36843 8.36843 9.90935 
22.2893 11.8515 29.9141 8.39593 8.36843 8.36843 8.36843 9.90935 
22.2893 11.8515 29.9141 8.39593 8.36843 8.36843 8.36843 9.90935 
22.2893 11.8515 29.9141 8.39593 8.36843 8.36843 8.36843 9.90935 
12 12 12 12 12 12 12 12 
12.1404 11.0999 19.0255 17.3582 13.864 10.7237 8.01408 8.17328 
10.9927 14.5022 25.5299 11.7251 7.81416 10.2961 12.2738 7.81416 
12.5429 7.59011 26.5274 18.5209 13.4269 7.59011 7.59011 7.59011 
15.3713 7.31544 28.391 16.2158 10.6421 7.31544 7.31544 9.16928 
15.2763 7.78417 24.9132 13.2416 12.4573 7.78417 7.78417 12.3073 
11.8891 7.14286 28.2473 20.1213 7.14286 7.14286 7.14286 12.5386 
11.715 7.38667 38.6841 12.2627 7.38667 7.38667 7.38667 8.77725 
10.3158 7.42857 21.3161 17.14 7.42857 13.2216 7.42857 16.7935 
11.2128 8.07453 23.1697 18.6304 8.07453 14.3713 8.07453 18.2538 
10.0114 9.35714 20.6872 16.6343 9.35714 12.8315 9.35714 16.298 
10.2157 9.5481 21.1094 16.9738 9.5481 13.0934 9.5481 16.6307 
10.4242 9.74296 21.5402 17.3202 9.74296 13.3606 9.74296 16.9701 
10.637 9.9418 21.9798 17.6737 9.9418 13.6333 9.9418 17.3164 
10.854 10.1447 22.4284 18.0343 10.1447 13.9115 10.1447 17.6698 
10.05 9.39324 20.767 16.6985 9.39324 12.881 9.39324 16.3609 
10.2551 9.58493 21.1908 17.0392 9.58493 13.1439 9.58493 16.6948 
10.4644 9.78054 21.6233 17.387 9.78054 13.4121 9.78054 17.0355 
10.678 9.98015 22.0646 17.7418 9.98015 13.6858 9.98015 17.3832 
10.678 9.98015 22.0646 17.7418 9.98015 13.6858 9.98015 17.3832 
10.678 9.98015 22.0646 17.7418 9.98015 13.6858 9.98015 17.3832 
10.678 9.98015 22.0646 17.7418 9.98015 13.6858 9.98015 17.3832 
10.678 9.98015 22.0646 17.7418 9.98015 13.6858 9.98015 17.3832 
10.678 9.98015 22.0646 17.7418 9.98015 13.6858 9.98015 17.3832 
10.678 9.98015 22.0646 17.7418 9.98015 13.6858 9.98015 17.3832 
10.678 9.98015 22.0646 17.7418 9.98015 13.6858 9.98015 17.3832 
10.678 9.98015 22.0646 17.7418 9.98015 13.6858 9.98015 17.3832 
10.678 9.98015 22.0646 17.7418 9.98015 13.6858 9.98015 17.3832 
10.678 9.98015 22.0646 17.7418 9.98015 13.6858 9.98015 17.3832 
10.678 9.98015 22.0646 17.7418 9.98015 13.6858 9.98015 17.3832 
10.678 9.98015 22.0646 17.7418 9.98015 13.6858 9.98015 17.3832 
10.678 9.98015 22.0646 17.7418 9.98015 13.6858 9.98015 17.3832 
10.678 9.98015 22.0646 17.7418 9.98015 13.6858 9.98015 17.3832 
10.678 9.98015 22.0646 17.7418 9.98015 13.6858 9.98015 17.3832 
12 12 12 12 12 12 12 12 
14.7234 11.4826 21.4358 8.29378 12.3304 8.05039 12.8284 11.1797 
22.9827 7.77738 19.8775 7.77738 10.8641 7.77738 8.33289 15.2166 
12.2202 8.32805 25.5908 15.9952 11.4146 7.35526 7.35526 13.0459 
7.50638 7.50638 30.653 7.50638 15.5701 18.1134 7.5224 7.50638 
8.15911 8.15911 33.3185 8.15911 16.924 19.6885 8.17652 8.15911 
9.03448 9.03448 28.7228 9.03448 14.5896 16.9728 9.03448 9.03448 
9.21886 9.21886 29.309 9.21886 14.8874 17.3192 9.21886 9.21886 
9.407 9.407 29.9071 9.407 15.1912 17.6727 9.407 9.407 
9.59898 9.59898 30.5175 9.59898 15.5012 18.0333 9.59898 9.59898 
9.41076 9.41076 29.9191 9.41076 15.1973 17.6797 9.41076 9.41076 
9.60282 9.60282 30.5297 9.60282 15.5074 18.0406 9.60282 9.60282 
9.41453 9.41453 29.9311 9.41453 15.2034 17.6868 9.41453 9.41453 
9.60666 9.60666 30.5419 9.60666 15.5136 18.0478 9.60666 9.60666 
9.4183 9.4183 29.9431 9.4183 15.2095 17.6939 9.4183 9.4183 
9.61051 9.61051 30.5541 9.61051 15.5199 18.055 9.61051 9.61051 
9.42207 9.42207 29.955 9.42207 15.2155 17.701 9.42207 9.42207 
9.61435 9.61435 30.5664 9.61435 15.5261 18.0622 9.61435 9.61435 
9.42584 9.42584 29.967 9.42584 15.2216 17.7081 9.42584 9.42584 
9.6182 9.6182 30.5786 9.6182 15.5323 18.0695 9.6182 9.6182 
9.42961 9.42961 29.979 9.42961 15.2277 17.7152 9.42961 9.42961 
9.62205 9.62205 30.5908 9.62205 15.5385 18.0767 9.62205 9.62205 
9.43338 9.43338 29.991 9.43338 15.2338 17.7222 9.43338 9.43338 
9.6259 9.6259 30.6031 9.6259 15.5447 18.0839 9.6259 9.6259 
9.43716 9.43716 30.003 9.43716 15.2399 17.7293 9.43716 9.43716 
9.43716 9.43716 30.003 9.43716 15.2399 17.7293 9.43716 9.43716 
9.43716 9.43716 30.003 9.43716 15.2399 17.7293 9.43716 9.43716 
9.43716 9.43716 30.003 9.43716 15.2399 17.7293 9.43716 9.43716 
9.43716 9.43716 30.003 9.43716 15.2399 17.7293 9.43716 9.43716 
9.43716 9.43716 30.003 9.43716 15.2399 17.7293 9.43716 9.43716 
9.43716 9.43716 30.003 9.43716 15.2399 17.7293 9.43716 9.43716 
9.43716 9.43716 30.003 9.43716 15.2399 17.7293 9.43716 9.43716 
9.43716 9.43716 30.003 9.43716 15.2399 17.7293 9.43716 9.43716 
9.43716 9.43716 30.003 9.43716 15.2399 17.7293 9.43716 9.43716 
12 12 12 12 12 12 12 12 
7.8506 9.18531 21.9955 15.2425 10.1355 10.3614 14.7791 10.804 
9.54878 11.0953 17.7901 18.0268 7.91745 17.3885 7.79285 11.2472 
7.98491 10.7188 25.0292 18.3532 8.00004 7.98491 7.98491 14.9866 
10.5452 9.34473 33.7977 9.72314 14.7639 7.39535 7.39535 7.74934 
8.78982 16.3393 21.864 20.3468 12.0482 7.65563 7.65563 7.65563 
9.35087 17.3822 23.2595 21.6455 12.8172 8.14429 8.14429 8.14429 
8.65821 16.0947 21.5366 20.0421 11.8678 9.40741 9.40741 9.40741 
8.83491 16.4231 21.9761 20.4512 12.11 9.5994 9.5994 9.5994 
8.83491 16.4231 21.9761 20.4512 12.11 9.5994 9.5994 9.5994 
8.83491 16.4231 21.9761 20.4512 12.11 9.5994 9.5994 9.5994 
8.83491 16.4231 21.9761 20.4512 12.11 9.5994 9.5994 9.5994 
8.83491 16.4231 21.9761 20.4512 12.11 9.5994 9.5994 9.5994 
8.83491 16.4231 21.9761 20.4512 12.11 9.5994 9.5994 9.5994 
8.83491 16.4231 21.9761 20.4512 12.11 9.5994 9.5994 9.5994 
8.83491 16.4231 21.9761 20.4512 12.11 9.5994 9.5994 9.5994 
8.83491 16.4231 21.9761 20.4512 12.11 9.5994 9.5994 9.5994 
8.83491 16.4231 21.9761 20.4512 12.11 9.5994 9.5994 9.5994 
8.83491 16.4231 21.9761 20.4512 12.11 9.5994 9.5994 9.5994 
8.83491 16.4231 21.9761 20.4512 12.11 9.5994 9.5994 9.5994 
8.83491 16.4231 21.9761 20.4512 12.11 9.5994 9.5994 9.5994 
8.83491 16.4231 21.9761 20.4512 12.11 9.5994 9.5994 9.5994 
8.83491 16.4231 21.9761 20.4512 12.11 9.5994 9.5994 9.5994 
8.83491 16.4231 21.9761 20.4512 12.11 9.5994 9.5994 9.5994 
8.83491 16.4231 21.9761 20.4512 12.11 9.5994 9.5994 9.5994 
8.83491 16.4231 21.9761 20.4512 12.11 9.5994 9.5994 9.5994 
8.83491 16.4231 21.9761 20.4512 12.11 9.5994 9.5994 9.5994 
8.83491 16.4231 21.9761 20.4512 12.11 9.5994 9.5994 9.5994 
8.83491 16.4231 21.9761 20.4512 12.11 9.5994 9.5994 9.5994 
8.83491 16.4231 21.9761 20.4512 12.11 9.5994 9.5994 9.5994 
8.83491 16.4231 21.9761 20.4512 12.11 9.5994 9.5994 9.5994 
8.83491 16.4231 21.9761 20.4512 12.11 9.5994 9.5994 9.5994 
8.83491 16.4231 21.9761 20.4512 12.11 9.5994 9.5994 9.5994 
8.83491 16.4231 21.9761 20.4512 12.11 9.5994 9.5994 9.5994 
12 12 12 12 12 12 12 12 
14.1926 12.4106 20.339 12.7908 10.7524 8.04694 9.65522 12.13 
10.1403 11.1186 24.0583 9.50193 11.8826 13.4091 7.68958 13.0834 
18.0172 7.79205 21.3962 11.3468 7.79205 8.73992 10.9061 15.4562 
18.7052 9.79231 26.9216 12.1096 7.29091 7.29091 7.29091 11.7772 
19.7038 7.52331 32.9748 9.67174 9.87603 7.53535 7.53535 7.53535 
21.8932 8.35923 36.6386 10.7464 10.9734 8.37262 8.37262 8.37262 
18.8734 9.17241 31.585 9.26412 9.4598 9.17241 9.17241 9.17241 
19.6598 9.5546 32.9011 9.65012 9.85396 9.5546 9.5546 9.5546 
20.061 9.74959 33.5725 9.84706 10.0551 9.74959 9.74959 9.74959 
19.6677 9.55842 32.9142 9.65398 9.8579 9.55842 9.55842 9.55842 
20.0691 9.75349 33.586 9.851 10.0591 9.75349 9.75349 9.75349 
19.6755 9.56225 32.9274 9.65785 9.86185 9.56225 9.56225 9.56225 
20.0771 9.75739 33.5994 9.85494 10.0631 9.75739 9.75739 9.75739 
19.6834 9.56607 32.9406 9.66171 9.86579 9.56607 9.56607 9.56607 
20.0851 9.7613 33.6129 9.85889 10.0671 9.7613 9.7613 9.7613 
19.6913 9.5699 32.9538 9.66558 9.86974 9.5699 9.5699 9.5699 
20.0932 9.7652 33.6263 9.86283 10.0712 9.7652 9.7652 9.7652 
19.6992 9.57373 32.967 9.66944 9.87369 9.57373 9.57373 9.57373 
20.1012 9.76911 33.6398 9.86678 10.0752 9.76911 9.76911 9.76911 
19.7071 9.57756 32.9802 9.67331 9.87764 9.57756 9.57756 9.57756 
20.1092 9.77302 33.6532 9.87073 10.0792 9.77302 9.77302 9.77302 
19.7149 9.58139 32.9934 9.67718 9.8816 9.58139 9.58139 9.58139 
20.1173 9.77693 33.6667 9.87468 10.0833 9.77693 9.77693 9.77693 
19.7228 9.58523 33.0066 9.68106 9.88555 9.58523 9.58523 9.58523 
20.1253 9.78084 33.6802 9.87863 10.0873 9.78084 9.78084 9.78084 
19.7307 9.58906 33.0198 9.68493 9.88951 9.58906 9.58906 9.58906 
20.1334 9.78476 33.6936 9.88258 10.0913 9.78476 9.78476 9.78476 
19.7386 9.5929 33.033 9.68881 9.89346 9.5929 9.5929 9.5929 
20.1415 9.78867 33.7071 9.88654 10.0954 9.78867 9.78867 9.78867 
19.7465 9.59674 33.0462 9.69268 9.89742 9.59674 9.59674 9.59674 
20.1495 9.79259 33.7206 9.89049 10.0994 9.79259 9.79259 9.79259 
19.7544 9.60058 33.0594 9.69656 9.90138 9.60058 9.60058 9.60058 
20.1576 9.79651 33.7341 9.89445 10.1035 9.79651 9.79651 9.79651 
