5 2000 100 20
16 16 16 16 16 16 
13.298 12.9669 21.9073 17.6026 19.2583 12.9669 
12.7514 12.1921 24.3395 18.8407 18.2906 12.5858 
15.4842 11.5224 24.379 16.0095 19.8042 12.3007 
16.2067 10.6825 23.8037 16.6662 20.3352 12.0558 
16.2165 10.2469 24.5434 16.8236 19.6015 12.443 
14.712 10.9725 27.9321 15.5816 17.914 12.8253 
15.0628 10.3735 26.936 16.4374 18.5435 12.6156 
15.3135 10.2451 27.2812 17.5572 16.8593 12.7281 
15.4087 9.96751 26.2375 18.0809 18.5072 11.7904 
14.9592 9.88572 28.0207 17.0797 18.8614 11.1893 
15.1719 9.88791 28.8455 17.8805 17.3062 10.906 
14.8149 9.76323 26.8726 17.5748 18.0908 12.8827 
15.6135 9.84345 23.7416 19.6653 18.7782 12.3574 
15.7986 9.83976 24.1659 17.8244 20.0449 12.3262 
14.5533 9.86284 22.9194 16.897 21.6194 14.1479 
15.3794 9.87213 23.5151 17.9347 20.6911 12.6076 
16.4788 9.81888 22.695 16.7798 21.6737 12.5538 
16.5413 9.8151 22.1022 18.7673 20.8368 11.9373 
15.7216 9.80951 25.1688 16.8346 20.0263 12.4392 
16 16 16 16 16 16 
15.6336 13.7252 20.2137 14.8702 17.542 16.0153 
17.539 13.0134 19.8291 14.3796 19.0885 15.1505 
15.2033 12.5729 24.8043 14.3589 18.5516 14.0091 
15.966 12.0485 23.3687 16.1014 18.1977 14.0677 
15.5705 10.8881 23.9411 16.611 18.6319 14.2323 
14.2004 10.3497 23.6687 19.2489 18.7499 13.7199 
14.431 10.0621 26.308 16.3914 18.7735 14.0028 
14.5463 9.91825 27.0638 14.9626 18.9732 14.5202 
15.7377 9.88039 26.1303 16.1427 18.5417 13.5593 
16.6689 9.94019 27.6652 14.4714 18.6709 12.5797 
15.9516 10.0482 26.1373 14.6576 19.687 13.5164 
15.3463 10.2034 27.2121 13.7033 19.4052 14.1287 
16.6226 9.96551 27.0302 13.0773 19.0411 14.2628 
15.4541 9.94307 25.6183 16.2609 18.0523 14.6711 
16.2773 9.80425 27.4931 16.8665 17.3905 12.1683 
15.2268 9.88297 29.647 17.2455 16.5496 11.4481 
14.0949 9.94148 30.7494 17.5116 15.6822 12.0204 
14.0023 9.85796 29.2845 19.2821 15.9238 11.6493 
14.9377 9.8893 25.5549 19.5617 17.8825 12.1738 
16 16 16 16 16 16 
14.9536 13.9603 17.9338 17.9338 17.6026 15.6159 
13.6784 13.9569 19.0444 18.8506 17.9099 15.5599 
13.9546 13.3246 21.0607 19.233 18.1857 13.7415 
14.6401 12.601 22.9824 17.0878 18.863 13.5757 
15.4428 12.7987 22.6826 17.7497 18.4568 12.7445 
14.192 11.3013 21.5374 19.4631 20.0127 13.4311 
15.1281 10.4699 21.2104 18.1653 21.8537 13.1412 
16.7948 10.235 21.1821 16.5826 23.0423 12.1475 
16.1974 10.1175 21.3911 19.0913 19.9211 13.2738 
15.5987 10.0587 24.9263 18.3918 18.999 12.0215 
16.2609 10.0294 23.617 18.8113 19.6918 11.5877 
15.6701 9.975 21.9275 19.7231 19.965 12.7383 
16.0351 9.9875 20.9638 20.4616 20.3825 12.1691 
15.7556 10.1525 20.7993 20.9451 19.3182 13.029 
14.941 9.90895 22.1097 19.5803 20.2539 13.206 
14.6396 10.1015 22.8196 21.0034 17.2961 14.1397 
15.7512 9.95273 22.3902 20.1095 19.2363 12.5601 
16.2711 9.82711 22.5757 19.7563 18.5734 12.9965 
14.8663 9.91356 22.0571 21.4166 18.7098 13.0367 
16 16 16 16 16 16 
13.6291 12.9669 20.2517 19.5894 15.6159 15.947 
12.0976 11.3891 20.3145 20.3607 17.9966 16.8414 
13.0564 11.3764 23.2254 18.5137 18.2786 15.0495 
13.1216 10.6332 25.1658 18.0481 18.8463 13.935 
14.1534 10.3166 22.7681 18.6537 19.7935 14.1897 
15.41 10.1583 21.9396 20.0676 18.7856 13.5763 
14.9631 10.3211 20.8488 19.9128 19.8767 14.0462 
15.7493 10.0818 20.0701 19.4052 21.3557 13.3223 
15.1265 10.5753 22.0579 18.4812 20.9832 12.768 
14.6243 10.2495 22.4794 20.691 19.0794 12.8726 
15.2579 9.96969 23.2552 18.0974 20.5862 12.8316 
16.7923 9.96493 22.3846 16.6184 20.2533 13.9855 
16.0432 9.88442 23.5452 16.3484 20.1266 14.0516 
15.1066 9.80051 24.1208 16.8787 20.3872 13.706 
14.7246 9.88034 27.399 15.6107 19.5562 12.8291 
14.7553 9.80398 25.9563 17.1438 20.4785 11.862 
16.2254 9.84026 24.295 17.4197 20.5273 11.6923 
16.5804 9.75884 25.8572 15.9679 20.5459 11.2897 
15.7121 9.76223 26.6005 16.773 19.2573 11.8949 
16 16 16 16 16 16 
14.3694 12.7771 21.0573 17.2357 19.465 13.0955 
14.2993 12.3174 23.1769 17.1159 18.8234 13.2671 
14.453 11.5894 23.5735 16.9849 19.7113 13.1879 
14.3161 10.832 24.8464 17.6342 18.2512 13.8701 
15.3723 10.416 26.1732 16.6743 18.2327 13.0065 
15.8893 10.4814 23.8288 17.1262 19.6632 12.9485 
16.2458 10.067 25.4279 16.4782 19.6772 12.0727 
15.5303 10.4039 27.5288 18.4243 16.8756 11.2215 
14.72 10.0891 27.8621 19.9264 16.7085 10.686 
14.9476 9.90839 26.7715 19.3017 18.2764 10.7905 
13.4125 9.93504 25.4547 22.103 17.7589 11.3339 
14.2062 9.96752 24.8428 20.0899 18.6871 12.2054 
13.8081 9.9646 23.3409 20.7729 19.6884 12.4246 
13.8329 9.85121 21.4083 20.4988 20.8929 13.5156 
12.7435 9.81283 22.3583 21.5276 19.657 13.9007 
11.9919 9.75137 22.807 22.3917 19.5184 13.5395 
13.3489 9.83892 21.5138 22.4091 19.8695 13.0197 
13.015 9.81077 21.083 23.5234 19.5362 13.0316 
13.1113 9.81104 23.5604 20.8183 19.9568 12.7422 
