5 2000 100 20
16 16 16 16 16 16 
13.7927 12.878 19.8902 21.1098 15.3171 15.0122 
13.3166 12.2756 20.2564 20.088 19.1371 13.9263 
12.9801 12.2681 22.5803 18.2815 19.5303 13.8597 
12.6203 11.498 24.317 20.635 17.8111 12.8686 
12.464 10.749 24.6585 22.0483 18.1363 11.8189 
12.7537 10.3152 23.3964 21.8937 19.1472 12.4312 
12.3769 10.5576 23.2982 21.9469 20.1736 11.6156 
11.6506 11.1612 23.4138 21.0575 19.9608 12.7406 
11.0672 10.6209 24.6101 22.0207 18.8513 12.8219 
11.4625 10.2512 26.9296 21.0894 17.7261 12.5374 
10.9732 10.1659 27.5777 20.0205 17.9356 13.3252 
10.7608 9.93527 28.3458 19.7149 18.8834 12.3588 
10.2824 9.8696 29.2709 19.4653 18.8535 12.2578 
11.0006 9.81761 27.7214 19.4983 19.7783 12.1836 
10.5755 9.79602 30.966 19.1476 17.9719 11.5429 
10.267 9.87726 28.5535 19.1174 20.1892 11.9955 
10.8297 9.79095 29.2557 18.6304 19.1664 12.3269 
10.3957 9.87632 26.8884 20.4263 19.7364 12.6768 
10.517 9.83178 26.2101 21.9153 19.2299 12.2959 
16 16 16 16 16 16 
15.362 12.908 17.2025 18.1227 18.7362 15.6687 
16.3155 12.2773 17.2358 16.6919 20.2115 16.2681 
13.668 11.2407 20.4546 16.7133 21.9425 15.481 
13.834 11.0203 23.2273 18.1566 19.7712 13.7405 
12.9095 10.7536 22.6623 19.9397 19.998 13.6118 
11.8489 11.1859 24.8166 19.5134 19.5426 13.03 
12.7709 11.817 24.0266 19.3003 19.3148 12.7391 
11.5648 11.0878 24.3639 20.2079 18.8208 13.9392 
10.6803 10.4419 26.2636 19.6958 18.7981 14.1125 
10.6973 10.5781 25.0366 18.9749 20.7086 14.0007 
10.7653 10.289 24.8099 19.9041 20.5626 13.667 
10.3007 10.0626 26.3394 19.7881 19.9125 13.5958 
10.1312 10.0121 27.1544 20.2389 18.9601 13.5029 
9.98685 9.92732 24.7977 21.3399 20.5037 13.4444 
10.0127 9.78991 25.5262 20.9016 20.2904 13.4789 
9.92763 10.6036 25.1647 20.2933 19.7909 14.2198 
10.0868 10.2198 24.4676 20.8024 20.1413 14.282 
10.1067 10.3842 22.7823 22.0046 19.9863 14.7359 
10.7214 10.0504 24.9539 20.314 19.7097 14.2506 
16 16 16 16 16 16 
14.1688 12.8701 17.0909 17.0909 20.013 16.7662 
13.4085 13.1544 21.3913 15.4625 19.295 16.2883 
13.0284 13.099 21.17 17.415 19.5289 15.2588 
12.4529 13.0629 24.1865 15.9872 18.3852 15.6754 
12.3333 12.4475 26.4062 15.2455 19.1162 14.3262 
12.9127 11.7793 23.9174 14.964 21.0661 15.298 
12.987 10.7876 21.9587 16.4616 23.3902 14.3837 
12.1969 10.3368 21.8159 20.0179 21.581 14.036 
12.5945 10.0896 22.1284 21.4263 19.6488 14.1046 
12.305 9.88978 23.8549 19.2403 20.6771 14.029 
12.3253 9.88316 25.3019 20.114 19.1863 13.1874 
11.4369 9.7939 24.0434 20.8165 18.8758 15.0325 
10.6013 9.77976 25.8889 22.3223 17.2504 14.1569 
10.7908 9.79184 26.6699 21.7494 17.2527 13.7451 
10.8008 9.72218 28.1998 21.8786 16.5414 12.8571 
10.8882 9.73914 29.9536 20.2889 17.2138 11.9164 
10.425 9.85041 29.9193 21.4471 16.6529 11.7053 
10.4426 9.73692 29.1856 20.7654 17.5315 12.338 
10.8213 9.86846 29.3928 18.9827 18.7657 12.169 
16 16 16 16 16 16 
13.2795 12.9689 20.1118 17.9379 19.1801 14.5217 
12.1953 11.4448 23.9448 17.5007 19.3123 14.6021 
11.8892 11.707 23.3624 18.5959 19.1156 14.83 
12.5978 11.297 23.5763 17.7657 20.0417 14.4715 
12.4527 11.4177 25.0574 17.5367 19.0593 14.3511 
11.7607 10.8615 28.1776 16.7836 18.69 13.6641 
12.3581 10.4915 25.4248 17.906 19.4664 14.3219 
11.4422 10.104 24.0484 18.6696 20.462 15.2581 
11.5211 10.452 25.2242 19.1348 19.631 14.0291 
12.3871 10.2461 22.2507 20.0092 21.8637 13.2394 
11.0716 10.0011 24.54 20.3704 20.2814 13.7335 
11.3209 9.95923 24.0468 21.7555 20.0581 12.8585 
10.5128 9.83193 24.6816 22.6921 19.7337 12.5474 
10.2167 9.87628 24.2456 21.8619 20.5811 13.2181 
10.6403 9.83176 22.9739 22.2076 20.7161 13.6303 
10.3983 9.79869 23.9869 22.4319 19.3424 14.0417 
10.6158 10.5243 24.4935 19.966 18.8379 15.5625 
10.426 10.1834 26.6168 19.0381 18.8678 14.8679 
10.1537 10.6253 30.8973 16.8313 16.1532 15.3391 
16 16 16 16 16 16 
12.7771 12.7771 19.1465 20.1019 17.8726 15.3248 
12.5901 12.0087 20.8136 18.1905 19.5952 15.802 
12.3556 12.4437 24.8007 17.8074 17.3734 14.7192 
11.3902 11.0481 26.1069 17.784 19.1114 14.3094 
11.9208 10.5824 23.9484 20.5651 18.8942 13.964 
14.1908 10.2295 24.5256 20.3649 17.6776 12.9491 
12.4739 10.6924 23.8166 20.1426 18.7989 14.0443 
11.8821 10.3865 23.1986 21.5632 18.8753 14.0786 
11.695 10.9472 22.1152 21.6943 18.9614 14.579 
11.8236 11.2505 22.6114 20.0105 19.4409 14.8592 
11.2903 10.6053 22.4611 20.1646 20.8758 14.6009 
11.718 10.161 22.769 20.8111 20.9642 13.5758 
12.3991 9.9328 24.2537 19.2663 20.8197 13.328 
12.4244 9.78568 23.7734 19.2717 20.6508 14.0937 
11.3915 9.87292 24.6357 21.3888 18.4927 14.2182 
10.5345 9.77517 25.6243 21.5815 19.1254 13.3591 
10.6889 9.70686 26.4668 21.2325 18.7996 13.1052 
10.1707 9.67969 27.5191 20.4618 19.0523 13.1163 
10.238 9.80167 28.4542 20.9179 17.1598 13.4284 
