5 2000 100 20
16 16 16 16 16 16 
15.8014 12.9645 18.6383 17.2199 17.9291 15.4468 
15.4007 11.4823 20.0884 18.8022 18.9645 14.2619 
14.0436 10.5919 23.477 17.9832 19.7435 13.6608 
16.2375 10.1979 22.7189 15.6583 21.4404 13.4971 
15.7551 10.008 26.0867 16.3746 18.902 12.7485 
15.2517 9.86014 25.4534 19.1585 17.7244 12.4894 
15.7698 10.4225 27.6888 16.0187 17.9531 12.1159 
14.4783 10.1563 27.3975 17.1668 17.9509 12.8345 
15.7037 9.99941 26.6909 17.048 18.4243 12.1259 
15.2382 9.92395 23.5727 18.1831 19.6288 13.4493 
15.852 9.78125 24.8386 17.7261 19.8546 11.9455 
16.676 9.89063 25.336 15.738 20.9689 11.3894 
17.6892 9.90714 23.5458 17.0293 20.0265 11.8016 
15.6887 9.89654 26.2216 15.739 19.8992 12.5548 
15.4489 9.89123 27.3693 16.4246 18.3146 12.5512 
15.312 9.80943 27.887 15.9944 18.6904 12.3067 
14.3475 9.73743 29.7428 15.8039 18.0812 12.2872 
13.2522 9.77068 28.5969 17.5098 16.8838 13.9867 
13.6114 9.84857 30.1073 16.6593 17.4492 12.3242 
16 16 16 16 16 16 
15.2848 12.9669 15.947 20.9139 18.596 14.2914 
16.6311 11.5396 17.3368 18.6967 20.7212 14.0745 
16.2103 10.657 18.6308 18.7468 22.2027 13.0523 
14.4576 10.6564 19.5613 19.8242 21.7571 13.4934 
13.1675 10.6922 20.5086 21.4064 20.4571 13.6432 
12.5224 10.3269 23.0896 21.8143 18.2745 13.9097 
13.5103 9.99618 21.9537 20.2008 20.1038 14.2039 
14.9336 9.8308 22.1293 19.7658 19.5315 13.7934 
15.6757 10.3258 21.5124 19.0247 20.9598 12.4937 
16.3089 10.1216 22.3264 19.0165 20.8105 11.4122 
15.7126 9.90576 21.8221 19.392 21.2579 11.9076 
15.9023 9.93372 21.4475 20.0408 20.7822 11.8925 
15.5209 9.94694 22.4767 19.7814 20.5505 11.7231 
15.2604 9.97347 23.7384 19.5061 19.3137 12.2077 
14.7456 9.98674 22.2538 20.9069 18.503 13.6039 
15.5318 10.2235 20.9595 21.1229 19.0841 13.0781 
17.0544 10.0525 21.3493 20.0476 18.633 12.8632 
17.4419 9.87119 22.3026 18.1633 20.1692 12.0517 
16.1507 9.75487 22.5971 17.3146 20.5264 13.6564 
16 16 16 16 16 16 
14.6667 13 18.6667 16.6667 20 15 
14.3676 12.7738 19.9797 16.128 20.6464 15.1046 
16.0184 12.026 22.3959 15.2069 20.2856 13.5673 
14.7365 11.6494 25.7434 16.3307 18.5064 12.7837 
15.9825 10.6936 25.2312 17.7159 17.8675 12.3843 
16.4558 10.8586 22.4581 17.1257 20.351 12.6882 
17.8736 10.5474 23.8275 16.4369 19.2306 12.0528 
16.6291 10.2737 25.7599 16.68 18.4615 12.1802 
18.1601 9.96311 24.0769 14.7106 20.4276 12.6538 
17.7673 9.80781 24.9728 13.726 21.7968 11.9254 
17.0868 9.78672 24.9864 13.8942 22.6172 11.6267 
16.1926 9.7441 24.8066 13.8501 22.5026 12.9029 
15.8454 9.8536 26.979 14.6741 20.6609 11.9865 
14.8257 9.77755 26.5492 16.1057 20.0319 12.7097 
15.9149 9.74707 27.8495 14.9355 18.9229 12.6301 
15.562 9.8165 27.613 13.3613 21.2485 12.3987 
16.9967 9.81021 25.3751 14.3277 21.4086 12.0817 
15.8847 9.82935 22.9148 17.9593 21.1209 12.2909 
15.5916 9.76542 24.5171 16.6289 21.1948 12.3021 
16 16 16 16 16 16 
16.9172 12.7771 19.1465 16.2803 19.465 13.414 
16.3238 12.381 20.2474 17.878 19.4703 12.6995 
16.9741 11.1714 19.7022 17.5597 22.1873 11.9053 
16.4139 11.0735 20.0137 17.3164 22.679 12.2535 
16.7341 10.3817 19.8906 16.4101 23.9364 12.5221 
16.4379 10.309 22.5437 15.8822 22.0076 12.7571 
15.0963 9.9872 23.9113 16.8631 21.041 13.07 
14.9011 9.95683 24.088 17.9903 19.8955 13.1526 
15.3134 9.81713 22.3263 18.6726 20.6332 13.2295 
14.1866 9.75931 24.596 18.6647 19.645 13.1446 
14.9058 9.76247 23.0402 18.9026 20.5647 12.8223 
14.7522 9.80824 24.8413 19.3053 18.859 12.4331 
14.2202 9.84709 26.4891 17.8276 19.8858 11.7298 
15.3101 9.92354 26.4445 15.9138 20.7429 11.6649 
14.3344 9.9236 25.6268 16.163 20.8676 13.0844 
14.8143 9.86376 25.3624 17.8854 19.4534 12.6206 
15.1892 9.79569 24.938 18.0867 19.4543 12.536 
13.821 9.80351 27.5634 19.232 16.7083 12.8718 
13.0477 9.7754 28.7636 17.9193 18.643 11.851 
16 16 16 16 16 16 
15.6433 14.3694 19.7834 14.6879 18.5096 15.0064 
14.0232 13.7739 22.101 14.5145 20.4951 14.0923 
14.866 12.2509 24.0773 14.7285 20.4008 13.1764 
15.2982 11.7434 24.211 14.8549 20.3128 13.3298 
15.7972 10.8717 24.1425 14.2793 21.2675 13.5167 
15.4862 10.2997 27.83 14.9218 19.3886 12.0113 
17.1548 10.0518 24.6993 14.9119 20.8708 12.2802 
15.4804 9.87664 28.3944 16.4112 18.4578 11.364 
16.2308 9.84398 27.7821 16.8848 17.7195 11.531 
14.3654 9.8048 27.1723 17.8174 19.2113 11.6249 
15.3266 9.82664 27.7907 18.7572 17.3708 10.9261 
16.4979 9.80054 26.6773 18.0252 18.2719 10.7262 
15.1192 9.8621 29.1783 17.2187 18.2962 10.3249 
15.6991 9.77601 29.7055 16.1675 18.6442 10.0074 
16.3438 9.71426 26.4357 16.578 20.519 10.4091 
17.9796 9.85713 23.4102 17.7121 20.2595 10.7815 
17.5501 9.79238 23.1837 19.1673 19.8574 10.4491 
16.7903 9.85802 24.7598 17.5989 20.6157 10.3772 
15.9997 9.87198 25.3076 17.7348 20.0037 11.0821 
