5 2000 100 20
16 16 16 16 16 16 
16.2759 12.8276 17.3103 18.3448 18.6897 14.5517 
16.1771 11.5118 18.8513 17.2116 20.7174 14.5308 
16.1768 10.7192 20.2712 17.9808 20.8366 13.5154 
15.9935 10.6955 19.4241 20.8481 19.3116 13.4771 
16.9968 10.3478 20.5121 19.8241 19.8558 12.3385 
16.063 10.1554 24.0937 19.3216 18.5995 11.7043 
16.4606 10.0586 22.3917 20.0056 19.453 11.5993 
15.8511 9.86199 21.0471 21.1552 19.7637 12.3052 
16.3225 9.89283 20.0656 21.0738 20.378 12.2595 
15.737 10.0601 19.8813 20.5748 20.4163 13.3267 
16.5822 10.0093 20.5215 18.5861 21.204 13.0949 
15.6911 10.0046 20.8608 19.2931 20.802 13.3474 
13.5096 9.88513 21.5632 20.584 20.9479 13.5097 
13.9791 9.88553 21.8082 21.3186 19.7895 13.2187 
14.5653 9.86701 21.1314 20.5078 20.122 13.8063 
15.843 9.79732 19.5151 21.1488 20.1777 13.5179 
15.8259 9.86189 20.4193 21.42 19.8315 12.6413 
15.1099 9.85519 21.9521 21.6949 18.8173 12.5707 
15.7925 9.90844 20.5546 22.7248 18.4125 12.6072 
16 16 16 16 16 16 
15.5658 12.9342 20.1711 15.5658 20.5 13.2632 
15.2178 11.8574 22.7249 14.8461 20.2872 14.0665 
14.6165 11.9893 21.0216 17.4609 20.5603 13.8514 
14.0601 11.2866 22.1896 18.9494 19.7692 13.4951 
14.8169 11.5859 21.3407 18.2862 21.1551 12.6902 
16.1041 10.7337 22.5281 17.6411 20.459 12.4716 
16.187 10.3272 22.772 17.5507 20.5469 12.585 
15.6632 10.1437 25.5294 17.1419 18.8392 12.667 
14.8392 9.99607 27.348 17.0937 17.7529 12.9623 
16.5799 9.95987 27.6053 16.3713 17.2734 12.2063 
16.2581 9.96001 26.1533 16.9506 18.3977 12.2785 
15.032 9.83075 27.2557 19.1096 16.8481 11.9228 
13.9362 9.77919 28.9975 18.8933 15.6225 12.7707 
13.2658 9.85143 27.8575 20.5154 16.2082 12.3014 
14.2255 9.92571 24.8547 20.8132 16.6226 13.5581 
14.8779 9.8871 23.791 20.2551 17.9704 13.2184 
14.5528 9.8216 22.0581 20.6967 19.5543 13.3165 
14.7477 9.89164 22.7149 19.1606 20.5051 12.9801 
15.4263 9.81473 22.7807 19.6927 20.1777 12.108 
16 16 16 16 16 16 
14.5789 13.9211 18.5263 15.8947 19.1842 15.8947 
14.894 12.2837 18.5787 16.1223 21.7594 15.3618 
14.3019 12.5935 19.9749 16.5289 21.3636 14.7374 
15.3221 12.9115 19.5205 16.6302 19.8258 15.5399 
17.1668 11.5888 18.8857 17.8208 20.7494 13.6635 
17.2955 10.9081 22.8898 17.4331 19.2762 12.1348 
16.6701 10.3048 23.0121 19.724 17.8471 12.4107 
16.7688 10.5741 25.7631 16.8901 18.3613 11.627 
16.0457 10.1257 24.9783 15.9047 20.471 12.4667 
15.5416 9.95009 25.647 18.6667 18.5062 11.6845 
14.4654 10.2052 25.585 19.5844 18.4581 11.7 
16.068 9.92186 24.2383 18.0251 19.6708 12.0749 
16.0564 9.81168 23.1266 19.2738 20.0966 11.6345 
16.2313 9.78865 23.2821 19.9884 18.6421 12.0672 
15.8392 9.77237 24.6492 18.7341 19.6869 11.3182 
14.0949 9.86627 25.8704 19.7256 19.0068 11.436 
14.7254 9.80205 24.733 18.477 19.9903 12.2723 
15.1985 9.75177 25.9859 16.7012 19.6966 12.666 
15.4059 9.7086 24.703 19.1313 18.7703 12.281 
16 16 16 16 16 16 
17.8765 12.9383 17.5679 16.3333 19.4198 13.8642 
16.246 12.0461 18.3993 17.3974 21.4406 13.4706 
15.2376 11.9519 19.8716 18.9754 19.416 14.0475 
16.0803 12.5144 21.0896 17.5646 17.9772 14.5238 
16.3735 11.5602 22.666 16.9263 18.8371 13.5119 
16.202 10.7419 21.6384 18.7685 19.7239 12.8628 
16.7076 10.289 22.4995 17.7859 19.9029 12.7839 
16.4183 9.98321 23.3465 18.5704 19.8305 11.8355 
15.2373 9.81088 23.119 20.731 19.5538 11.5402 
14.5858 9.82347 24.6743 20.8163 19.408 10.6881 
13.317 9.73101 24.3853 20.8499 20.3466 11.3682 
13.603 9.82582 25.4863 19.9488 20.2923 10.8428 
14.8262 9.85118 23.237 19.2336 21.8746 10.977 
16.1631 9.92559 23.9102 17.3252 21.354 11.3218 
15.2545 9.81512 23.3475 17.5233 22.0694 11.99 
16.6824 9.82882 20.1383 17.0294 23.0426 13.2785 
16.9069 9.89449 21.2245 16.4828 22.0791 13.4121 
15.5963 9.90756 20.7313 18.162 22.1506 13.4521 
16.6096 9.87181 20.4066 19.3269 21.1163 12.6687 
16 16 16 16 16 16 
12.7945 12.7945 19.9863 16.2192 21.0137 15.1918 
13.5401 11.9957 20.0318 17.9551 20.9316 14.5457 
15.0407 12.0129 20.9181 17.2483 19.8643 14.4157 
14.3831 12.6731 20.4591 18.6241 19.3439 14.2667 
14.3871 11.3181 21.1151 20.3822 18.159 14.5134 
13.5154 10.6399 21.2855 22.4516 17.7002 14.3448 
15.5363 10.2818 20.5664 20.0044 19.728 13.8518 
15.7682 10.1409 21.8832 16.4022 21.064 14.7259 
15.9973 9.97611 22.8284 17.8238 20.532 12.8346 
16.332 9.87936 22.2838 18.3322 20.9544 12.2144 
17.2915 9.88264 22.5487 17.341 21.1236 11.8106 
16.7036 10.1066 22.8446 17.968 20.4791 11.8971 
15.7448 9.91712 23.8737 16.9607 20.94 12.5633 
15.4896 9.84137 23.0696 19.6131 19.6497 12.3363 
13.9246 9.7896 23.1453 21.2298 18.8136 13.097 
14.8667 9.85804 22.7859 21.0928 17.8627 13.5338 
13.9148 9.92902 23.8004 22.3983 17.0795 12.878 
14.1544 9.88875 23.4532 23.6991 17.0625 11.742 
13.3525 9.80268 21.6456 24.6026 19.0576 11.539 
