5 80000 300 266
14 14 14 14 14 14 14 
15.03 16.4218 15.7794 17.0642 12.7816 10.9615 10.9615 
16.5399 16.6134 17.8482 15.4823 14.1709 9.42264 9.42264 
15.0028 16.916 19.4098 15.3571 15.6947 8.68483 8.68483 
14.462 17.6227 19.2176 15.4512 16.5481 8.28673 8.28673 
14.2264 16.4948 18.3244 18.0467 16.7603 8.04245 8.04245 
14.4526 15.4722 20.0567 18.427 15.7196 7.92031 7.92031 
13.4908 16.6688 18.9611 19.1903 15.8644 7.90447 7.90447 
11.0278 16.8992 19.4342 20.9377 15.9183 7.88742 7.88742 
11.2748 18.7757 20.1519 18.4037 15.6766 7.85675 7.85675 
10.6261 19.8187 19.8265 18.1587 15.7748 7.89663 7.89663 
9.66597 19.5564 20.7368 18.9617 15.1815 7.94832 7.94832 
9.29921 20.7804 20.0634 18.3044 15.7607 7.89573 7.89573 
8.99743 20.8974 19.452 19.2971 15.489 7.93337 7.93337 
8.40327 19.7763 20.0297 20.7115 15.3367 7.87124 7.87124 
8.726 20.329 19.9916 20.4485 14.7449 7.87994 7.87994 
9.41794 19.3953 20.6552 20.2243 14.5153 7.89601 7.89601 
12.0123 19.9223 19.4287 17.3031 15.5723 7.88059 7.88059 
12.06 18.3692 18.683 17.8444 17.3153 7.86406 7.86406 
10.5549 19.705 19.7487 17.972 16.2368 7.89131 7.89131 
9.9545 19.8748 18.783 18.006 17.6953 7.8432 7.8432 
9.94414 19.6504 19.7668 17.5019 17.3465 7.89511 7.89511 
10.3412 20.116 19.2794 18.9299 15.6084 7.86254 7.86254 
9.96032 21.3898 20.0369 19.5117 13.2948 7.90323 7.90323 
9.36218 22.2679 19.4566 19.8682 13.2766 7.8842 7.8842 
10.4333 21.9747 19.0204 18.3412 14.3817 7.9244 7.9244 
9.17593 20.829 20.7093 17.9941 15.4488 7.92148 7.92148 
11.4807 20.3707 20.0921 18.4063 13.8513 7.89947 7.89947 
10.9168 19.9501 20.2813 18.3796 14.5727 7.94973 7.94973 
9.38219 18.9436 19.5577 19.9521 16.3671 7.89863 7.89863 
9.29784 18.2359 20.7901 20.0884 15.824 7.8819 7.8819 
9.46955 17.6381 21.1574 19.6855 16.3201 7.86472 7.86472 
9.59259 17.7053 22.1901 19.4399 15.3875 7.84231 7.84231 
9.36304 17.1665 20.4627 21.4295 15.7734 7.90242 7.90242 
9.50911 15.7097 20.5762 22.6688 15.8177 7.85926 7.85926 
9.76569 15.0931 22.3148 23.1384 14.0336 7.82718 7.82718 
10.146 14.0683 23.4 23.1253 13.6529 7.80375 7.80375 
10.6544 14.9411 23.0953 22.4929 13.1055 7.85536 7.85536 
9.5926 14.935 22.4481 23.6872 13.6618 7.83763 7.83763 
9.70284 14.36 21.9717 24.11 14.0739 7.89078 7.89078 
9.28601 15.1623 23.7353 21.4785 14.4649 7.93652 7.93652 
9.04777 16.0335 21.6296 21.4535 16.042 7.89683 7.89683 
10.2348 14.6601 22.7029 20.6335 15.9464 7.91112 7.91112 
9.46525 13.2797 24.6238 22.7882 14.1517 7.84572 7.84572 
9.56354 13.0408 23.9061 24.9206 12.7522 7.90837 7.90837 
9.05006 15.3009 24.0262 22.9481 12.9615 7.85662 7.85662 
9.04764 14.56 25.3297 23.66 11.7571 7.82278 7.82278 
9.13729 14.6366 25.009 24.0494 11.3648 7.90142 7.90142 
9.35333 14.2561 25.0643 23.2687 12.2614 7.89808 7.89808 
10.2049 13.6391 25.1857 23.3051 11.9046 7.88024 7.88024 
10.2215 13.6053 25.2119 23.5573 11.6666 7.86869 7.86869 
9.96512 13.7201 24.8632 24.8855 10.9304 7.81784 7.81784 
8.97772 15.4557 25.2645 24.4282 10.0657 7.90408 7.90408 
8.44926 16.0199 25.256 24.9616 9.48829 7.91244 7.91244 
8.58784 15.4392 24.8922 24.3912 10.9941 7.84773 7.84773 
8.27942 16.0529 23.5572 25.2391 11.0526 7.90937 7.90937 
8.12522 16.3598 23.8559 25.3007 10.478 7.94019 7.94019 
8.44217 15.6008 23.2418 24.8158 12.1733 7.86304 7.86304 
9.52229 15.2703 23.5486 25.0585 10.7854 7.90742 7.90742 
9.0218 15.4046 23.1778 25.5618 11.1571 7.83842 7.83842 
9.54775 14.3362 24.4882 25.1888 10.7383 7.85042 7.85042 
8.66682 14.3457 22.828 25.1248 13.3983 7.81815 7.81815 
8.71938 13.8145 22.4416 25.595 13.842 7.79379 7.79379 
8.73925 15.0581 24.3595 23.7464 12.5171 7.78984 7.78984 
9.0151 15.842 23.9157 22.8756 12.7378 7.8069 7.8069 
9.91652 14.3854 24.3589 23.9708 11.6459 7.86123 7.86123 
8.95826 13.5677 25.3044 23.3604 12.948 7.93062 7.93062 
8.88719 13.4589 27.5137 23.1412 11.2599 7.86959 7.86959 
9.99915 13.9264 26.6356 22.9342 10.8067 7.84894 7.84894 
9.68277 13.5748 26.1277 22.4864 12.2904 7.91896 7.91896 
10.7806 12.7266 25.3567 23.8123 11.6701 7.82688 7.82688 
10.676 13.2205 24.3926 25.049 10.835 7.91344 7.91344 
10.3255 13.2187 24.4158 23.9958 12.1507 7.94675 7.94675 
12.1425 12.7007 24.1368 23.9268 11.2784 7.90738 7.90738 
12.3569 13.9218 23.6398 23.392 10.7821 7.95369 7.95369 
10.6201 14.1944 23.1143 25.1478 11.1017 7.91086 7.91086 
10.0594 13.8254 24.8817 24.0515 11.3556 7.91321 7.91321 
9.16303 14.1127 25.9075 23.4924 11.4111 7.95661 7.95661 
9.6213 14.0855 24.8901 23.6825 11.8064 7.95708 7.95708 
10.3515 13.3752 26.4292 23.3188 10.6525 7.93633 7.93633 
11.8603 13.6395 25.9151 22.622 10.2728 7.84517 7.84517 
11.9243 14.7145 25.6769 21.9835 9.96095 7.86995 7.86995 
11.8445 14.5001 26.2838 22.6164 9.0421 7.85654 7.85654 
11.5418 14.4547 26.3984 22.5474 9.42019 7.81876 7.81876 
11.4284 13.6493 26.6549 23.659 8.83853 7.88492 7.88492 
11.0714 13.9675 27.0637 23.368 8.67751 7.92597 7.92597 
10.9373 13.632 27.1053 23.8724 8.77089 7.8411 7.8411 
11.5629 12.2176 27.68 23.8475 9.09458 7.79867 7.79867 
10.9687 10.8639 28.3933 25.0362 9.15824 7.78982 7.78982 
13.9113 9.92631 28.5225 23.1922 8.7926 7.8275 7.8275 
13.6223 8.90255 29.1097 23.7173 8.94176 7.85314 7.85314 
14.2492 8.99673 28.0535 23.9799 8.87859 7.92106 7.92106 
13.3569 10.1641 27.1996 24.4545 8.97187 7.92654 7.92654 
13.9292 9.46271 28.1013 23.8587 8.8666 7.89076 7.89076 
14.5634 9.59458 27.2725 24.0874 8.68862 7.89675 7.89675 
14.7961 9.85509 26.9311 23.8934 8.82408 7.85011 7.85011 
15.0904 10.466 26.5425 23.1775 8.87358 7.92505 7.92505 
14.604 10.3801 27.9771 22.4711 8.70149 7.93312 7.93312 
14.5066 9.94507 29.6946 21.322 8.81761 7.85705 7.85705 
14.5823 10.0214 30.3196 20.9216 8.48046 7.83732 7.83732 
14.5977 11.1712 28.9134 21.349 8.39496 7.78685 7.78685 
15.3986 11.3488 28.0081 21.1107 8.55885 7.78751 7.78751 
17.8259 10.5795 27.9281 19.7325 8.23512 7.84945 7.84945 
18.1986 10.8612 26.8212 20.152 8.11756 7.92473 7.92473 
18.5111 11.7541 26.3518 18.7525 8.76466 7.93295 7.93295 
18.5679 10.4616 28.3621 17.1126 9.82646 7.83467 7.83467 
20.5019 10.6795 28.1234 15.9281 9.24015 7.76349 7.76349 
20.3092 10.7333 28.6389 16.1273 8.55594 7.8176 7.8176 
21.3667 10.5182 29.0164 15.1849 8.21736 7.8482 7.8482 
21.8635 10.3833 28.1728 15.0459 8.92235 7.80609 7.80609 
22.3901 10.2512 29.1162 14.3682 8.33022 7.77209 7.77209 
23.0417 9.65521 29.1922 14.3269 8.34629 7.7188 7.7188 
22.9494 9.11332 28.7033 15.3778 8.28029 7.78797 7.78797 
21.0962 9.44625 28.5472 16.6794 8.55655 7.8372 7.8372 
21.2624 9.53679 29.1804 15.7931 8.6261 7.80059 7.80059 
21.8176 9.34467 29.5055 14.8457 8.88932 7.7986 7.7986 
22.5005 9.51662 30.3237 13.3052 8.59691 7.87854 7.87854 
22.6746 9.20935 31.779 12.439 8.30439 7.79684 7.79684 
23.3626 9.50974 30.4465 12.865 8.10789 7.85411 7.85411 
23.8925 9.21031 29.5797 13.5282 8.01434 7.88745 7.88745 
24.6285 9.12411 30.3875 12.1577 7.94303 7.87959 7.87959 
24.0231 9.30889 30.0672 12.8826 7.92721 7.89549 7.89549 
24.9426 9.30962 28.3094 13.6827 7.92912 7.91326 7.91326 
24.5083 9.7474 28.6609 13.6315 7.82259 7.81466 7.81466 
24.5241 9.16818 28.7476 13.871 7.89902 7.89506 7.89506 
25.2715 8.65932 28.4804 13.9888 7.86801 7.86602 7.86602 
25.9463 8.59587 29.2573 12.6258 7.85892 7.85793 7.85793 
24.0683 8.18843 30.3347 13.9498 7.81995 7.81945 7.81945 
24.9536 8.28884 30.7714 12.6796 7.76903 7.76879 7.76879 
26.2473 8.57065 29.484 12.2414 7.81894 7.81882 7.81882 
26.5797 8.39297 30.7477 10.6533 7.87548 7.87542 7.87542 
24.9782 8.74194 29.6596 13.1189 7.83384 7.83381 7.83381 
26.0967 8.32667 28.9121 13.0468 7.87262 7.8726 7.8726 
26.8876 8.03238 29.9322 11.7317 7.80536 7.80535 7.80535 
25.407 8.00392 29.2299 13.6879 7.89041 7.8904 7.8904 
24.9584 7.92353 28.0136 15.0139 8.35697 7.86677 7.86677 
25.4485 7.88668 28.6826 13.9916 8.27405 7.8583 7.8583 
26.6666 8.91129 28.1233 12.765 7.98318 7.7753 7.7753 
26.9094 9.25697 27.969 12.0117 8.13066 7.86116 7.86116 
25.8685 9.62848 28.2948 12.3851 8.03085 7.8961 7.8961 
25.5556 9.34499 29.8432 11.5324 8.06073 7.83154 7.83154 
27.5113 8.59099 29.0282 11.2521 7.94886 7.83427 7.83427 
25.6134 8.44569 31.1149 10.7644 8.32226 7.8697 7.8697 
25.956 9.25531 29.8432 11.064 8.21957 7.83096 7.83096 
25.5172 9.80007 30.7523 10.2342 8.02828 7.83397 7.83397 
26.7446 9.44549 29.1873 11.0612 8.03512 7.76314 7.76314 
27.2409 8.91983 28.6448 11.9174 7.84968 7.71369 7.71369 
25.9602 9.58812 29.2262 12.0485 7.77099 7.703 7.703 
24.5984 9.56584 28.5135 13.0782 8.24234 8.00088 8.00088 
24.3755 9.86767 27.6042 12.895 8.78219 8.23773 8.23773 
24.2007 8.99228 28.7372 13.428 8.61187 8.01497 8.01497 
26.9871 8.37963 29.0935 11.5684 8.18943 7.89098 7.89098 
28.3872 8.14118 29.1364 10.4954 8.04608 7.89686 7.89686 
28.1738 8.01796 30.0287 10.0175 7.97041 7.8958 7.8958 
28.3284 7.87895 31.423 8.8787 7.85517 7.81787 7.81787 
27.8309 7.93947 30.5449 9.93935 7.92759 7.90893 7.90893 
27.0203 8.20361 28.7805 12.0261 7.99605 7.98672 7.98672 
26.4513 8.66063 28.802 12.0425 8.11567 7.96395 7.96395 
27.2607 8.18996 28.6115 12.337 7.91749 7.84162 7.84162 
26.4106 8.57929 28.6555 11.1012 8.44305 8.40512 8.40512 
27.982 8.24153 29.2762 9.84616 8.34524 8.15445 8.15445 
26.7688 8.19484 31.1196 9.92308 8.06151 7.96611 7.96611 
27.7213 8.04007 30.2551 10.1587 7.97341 7.92571 7.92571 
27.1474 8.04102 30.1625 11.1982 7.83286 7.80901 7.80901 
27.7041 8.18717 29.2117 10.8527 8.26425 7.89001 7.89001 
26.3521 8.54274 29.0126 11.1467 8.58128 8.18229 8.18229 
24.6956 10.1537 25.2906 12.4361 9.4377 8.99311 8.99311 
24.609 10.9686 27.1358 11.6321 8.69974 8.47745 8.47745 
26.1835 9.57682 28.5145 10.9762 8.4424 8.15331 8.15331 
26.5326 8.73106 29.8486 10.6852 8.16385 8.01931 8.01931 
27.4256 8.49532 29.5261 10.5049 8.06423 7.99196 7.99196 
27.3341 8.5666 30.0454 10.0697 8.01882 7.98269 7.98269 
28.3729 8.20487 29.5652 10.1002 7.93098 7.91291 7.91291 
28.6646 7.97449 30.1025 9.76391 7.83754 7.82851 7.82851 
28.0823 8.09439 30.0512 10.2391 7.84734 7.84283 7.84283 
26.0246 8.79926 28.8686 11.9377 8.26251 8.05364 8.05364 
23.1133 9.70266 27.3131 12.5345 9.18176 9.07733 9.07733 
23.759 9.31562 27.9423 12.9637 9.20398 8.40771 8.40771 
23.3081 8.62606 28.4156 14.7358 8.57024 8.17211 8.17211 
25.1292 8.21374 29.8106 12.5098 8.36314 7.98676 7.98676 
25.8196 7.96593 29.8382 12.4629 8.20841 7.85244 7.85244 
25.5859 7.8562 30.0599 12.9216 7.97745 7.79946 7.79946 
23.2952 8.95093 30.3268 11.7119 8.78324 8.46594 8.46594 
23.6476 8.65728 30.2543 12.2196 8.39162 8.23297 8.59661 
24.2853 8.48249 28.8195 13.8021 8.19581 8.11649 8.2983 
24.2804 8.58907 27.6344 15.2344 8.08341 8.04375 8.13466 
25.2398 8.16907 28.5773 13.8903 8.28525 7.89641 7.94187 
22.0258 8.37497 29.6352 15.856 8.26804 7.9086 7.93133 
23.5605 8.94033 29.2663 14.2018 8.12641 7.9467 7.95806 
23.8055 9.11152 28.7682 13.0081 8.91553 8.19276 8.19844 
24.1405 8.75156 29.2442 13.6719 8.30392 7.94253 7.94537 
24.7 9.04706 26.5598 15.1404 8.65023 7.95051 7.95193 
25.9515 8.73809 28.2224 12.9342 8.53967 7.80667 7.80738 
25.1529 8.61259 30.9009 11.2641 8.51338 7.77787 7.77823 
27.363 8.57459 28.4078 11.7296 8.2201 7.85235 7.85253 
27.3016 8.40916 29.0784 11.4204 8.0527 7.86883 7.86892 
27.3796 8.10288 29.7935 11.1339 7.92466 7.83272 7.83276 
27.2701 8.21811 29.7115 11.4312 7.82035 7.77438 7.77441 
28.8448 7.95521 29.8907 10.0862 7.75633 7.73335 7.73336 
28.8385 7.80972 30.2738 9.42267 8.25773 7.69879 7.6988 
27.2869 9.41957 29.659 9.85839 8.3568 7.70969 7.70969 
26.5111 9.12155 31.5574 9.34096 8.0387 7.71514 7.71514 
26.8919 8.58175 31.8626 9.39076 7.8655 7.70372 7.70372 
27.6865 9.19594 29.5389 10.0751 7.88845 7.80756 7.80756 
28.5681 8.80509 29.6562 9.4065 7.98953 7.78727 7.78727 
28.5189 8.31714 30.6644 8.97371 7.90936 7.80823 7.80823 
28.5165 8.37544 30.1916 9.10533 7.97074 7.92018 7.92018 
27.1615 8.21998 30.5797 10.3591 8.01763 7.83106 7.83106 
25.609 8.82697 29.2049 9.89654 9.19749 8.63251 8.63251 
22.1068 10.2274 25.9397 10.7622 10.7034 10.1302 10.1302 
22.532 9.39387 27.9504 11.0231 10.4101 9.34526 9.34526 
23.9372 8.80653 28.3588 12.3609 9.31462 8.61099 8.61099 
24.6639 9.09076 27.8513 12.8211 9.1495 8.21174 8.21174 
25.8151 9.22703 27.7833 12.403 8.6946 8.03846 8.03846 
26.8758 8.89923 28.971 10.9634 8.31555 7.98748 7.98748 
26.091 9.14349 29.5875 10.7878 8.23941 8.07537 8.07537 
24.9289 9.7287 28.4709 11.2235 8.60401 8.52199 8.52199 
26.3989 9.61845 28.0059 11.0216 8.5643 8.19542 8.19542 
25.9203 9.04951 29.1973 11.5179 8.34575 7.98464 7.98464 
26.2006 8.35751 29.407 12.3791 8.00563 7.82507 7.82507 
25.8454 8.91731 28.5924 13.0523 7.92438 7.8341 7.8341 
26.7663 8.36745 30.2571 11.0864 7.87099 7.82585 7.82585 
27.2628 8.02988 29.3426 12.0649 7.78165 7.75908 7.75908 
28.1141 7.98046 29.8437 10.5152 7.85634 7.84506 7.84506 
27.7933 7.83638 31.7717 9.10377 7.95747 7.76868 7.76868 
26.083 8.57769 31.6564 10.1074 7.92139 7.82699 7.82699 
27.5397 8.19219 30.6981 10.0723 7.86404 7.81684 7.81684 
26.8871 8.26276 31.2441 10.2831 7.79004 7.76645 7.76645 
27.4012 8.37166 30.1097 10.7952 7.78195 7.77015 7.77015 
27.5678 8.28739 29.3127 10.6711 8.57847 7.79132 7.79132 
25.2855 8.13731 29.9918 12.3643 8.44259 7.88927 7.88927 
26.777 7.95558 29.1302 12.1892 8.2849 7.83156 7.83156 
26.9416 8.19024 29.5834 11.7723 7.9886 7.76193 7.76193 
25.4193 9.79365 30.4167 10.8494 8.03842 7.74126 7.74126 
27.0194 8.76888 30.3599 10.4752 7.89126 7.74268 7.74268 
26.2757 8.85252 28.797 11.6206 8.20095 8.12666 8.12666 
24.7412 9.06761 28.5335 12.7723 8.31988 8.28274 8.28274 
23.8324 8.85274 30.3797 12.3662 8.31277 8.12808 8.12808 
24.4694 9.10722 29.6579 11.715 8.4117 8.31936 8.31936 
24.2256 9.30474 27.0462 13.0973 8.95698 8.68457 8.68457 
23.0562 9.18067 28.0514 13.5298 9.57283 8.30455 8.30455 
24.4201 8.94574 29.0083 13.0367 8.61917 7.98503 7.98503 
25.5312 8.66995 29.8326 12.1753 8.1417 7.82463 7.82463 
24.0904 9.67685 28.5915 12.9252 8.34435 8.18582 8.18582 
24.7542 8.68458 29.0115 13.6533 8.01833 7.93906 7.93906 
25.3008 8.79144 29.9718 11.2758 8.24645 8.20682 8.20682 
26.2469 9.00098 29.021 10.2432 8.50919 8.48937 8.48937 
26.0864 9.71935 29.9987 9.49868 8.46335 8.11674 8.11674 
25.881 9.5894 28.0624 10.1547 9.18663 8.56288 8.56288 
23.9982 9.84278 27.2524 11.087 9.64139 9.08913 9.08913 
24.2828 10.4577 28.5051 10.7338 8.79993 8.5238 8.69681 
26.4501 9.5697 28.722 10.6724 8.25849 8.12042 8.20693 
26.3456 9.21747 27.6589 12.783 8.02995 7.96092 8.00417 
24.265 9.89884 27.3107 14.412 8.28119 7.90537 7.927 
24.588 9.75369 28.602 13.0779 8.23312 7.86728 7.87809 
24.3169 9.64784 27.8506 14.1725 8.50587 7.75043 7.75584 
24.3991 9.38823 26.9958 14.7626 8.40231 8.02459 8.0273 
24.7397 8.71341 28.932 13.8122 8.05968 7.87082 7.87217 
24.5227 8.52337 28.1813 14.8922 8.02289 7.92846 7.92914 
25.7159 8.26169 28.8179 13.0825 8.19327 7.96423 7.96457 
25.5269 8.52273 30.6252 11.6088 7.98177 7.86725 7.86742 
24.9203 8.96725 29.8224 12.0789 8.50069 7.85519 7.85528 
24.5155 8.83145 28.7452 12.9565 9.19106 7.88017 7.88021 
25.6151 8.56735 28.091 13.3374 8.56665 7.9112 7.91122 
25.0999 9.10095 27.999 13.6455 8.27003 7.94231 7.94232 
25.2484 8.51873 28.9201 13.3307 8.10327 7.93941 7.93942 
24.2014 8.78957 28.8896 14.5512 7.9107 7.82877 7.82877 
14 14 14 14 14 14 14 
15.5129 15.8362 17.2371 15.0819 13.3578 10.9871 10.9871 
17.5317 15.1091 16.7084 15.7432 15.5553 9.42612 9.42612 
16.8119 14.681 17.5496 17.6417 15.8236 8.62111 8.62111 
14.5703 16.2446 16.1949 19.0948 17.1584 8.30599 8.30599 
11.9937 16.3062 18.075 19.7492 17.6599 8.07676 8.07676 
11.1574 17.5567 18.6705 18.2462 18.463 7.93746 7.93746 
9.94111 19.2929 18.5075 17.2886 19.1867 7.88372 7.88372 
9.58949 19.1153 18.8381 17.4203 19.2931 7.86796 7.86796 
10.4001 18.4141 19.2845 16.7819 19.3999 7.85775 7.85775 
9.75562 17.4293 22.1978 16.6132 18.1444 7.92887 7.92887 
9.56889 16.6094 22.3117 18.8329 16.9669 7.8546 7.8546 
10.2074 16.7646 21.6765 21.0217 14.6657 7.83185 7.83185 
11.3129 15.6808 20.7511 21.8398 14.7402 7.8375 7.8375 
11.9913 15.7589 19.6516 21.4403 15.4018 7.87802 7.87802 
11.6623 16.435 20.4924 20.4979 15.0342 7.93901 7.93901 
12.2356 17.6557 18.8979 20.9231 14.4834 7.90209 7.90209 
11.4587 18.2597 18.9944 20.9161 14.5144 7.92832 7.92832 
10.1057 19.3049 20.5475 19.2108 15.0253 7.90289 7.90289 
9.7922 18.6572 21.1742 19.558 15.0956 7.8614 7.8614 
9.82884 18.7456 21.4616 20.0929 14.1621 7.85447 7.85447 
10.6151 17.2113 22.251 20.1415 14.0882 7.84647 7.84647 
11.1503 17.8191 19.7772 19.846 15.6958 7.85582 7.85582 
10.3205 17.1272 19.7265 20.9184 16.1812 7.8631 7.8631 
9.14255 17.9662 18.0491 21.6318 17.3826 7.91385 7.91385 
9.81681 18.6929 18.846 21.1953 15.7226 7.86317 7.86317 
8.88568 19.3465 18.8548 20.5977 16.4977 7.90886 7.90886 
8.44717 19.4135 17.9772 20.6884 17.7726 7.85053 7.85053 
8.26515 18.1363 18.9193 20.7368 18.2397 7.85136 7.85136 
9.3362 17.4392 19.98 20.5494 16.9253 7.88496 7.88496 
8.87264 19.4014 19.7627 18.6838 17.4399 7.91975 7.91975 
9.12382 20.0802 19.1448 17.9356 17.9833 7.86613 7.86613 
9.40062 20.9848 20.1715 17.1475 16.5954 7.85011 7.85011 
11.6933 20.2826 20.4587 16.6157 15.1741 7.88776 7.88776 
11.1755 18.9848 22.2475 17.4915 14.2764 7.91213 7.91213 
13.6522 18.2021 20.9087 17.4554 13.9124 7.93456 7.93456 
11.9631 18.6901 20.9566 18.4309 14.0338 7.96271 7.96271 
10.4954 19.2987 19.9691 19.8636 14.5401 7.91654 7.91654 
10.5595 18.1944 20.2617 19.978 15.2377 7.88437 7.88437 
9.67405 18.3609 20.7009 20.4403 15.101 7.86142 7.86142 
11.0592 17.8471 19.5727 20.4424 15.2172 7.93071 7.93071 
10.6979 16.6159 21.2046 21.0385 14.5797 7.9317 7.9317 
11.3916 15.6539 20.9104 21.1828 15.1098 7.8758 7.8758 
10.5909 15.8689 20.1288 19.9154 17.6947 7.90061 7.90061 
9.87377 15.6453 21.3897 20.9215 16.3173 7.92621 7.92621 
10.1816 14.5826 24.2147 19.9013 15.2682 7.92581 7.92581 
10.3112 14.7159 21.9681 21.7836 15.4067 7.90722 7.90722 
10.7509 15.8103 21.1031 21.1299 15.4415 7.88218 7.88218 
9.39434 14.1699 22.0173 24.3947 14.3401 7.8418 7.8418 
9.34265 14.7867 21.1553 22.8331 16.2165 7.83288 7.83288 
10.3363 14.9057 21.292 23.855 13.8964 7.85733 7.85733 
9.73492 16.0008 21.1846 23.52 13.7398 7.90993 7.90993 
9.93658 16.8714 21.6522 21.0918 14.704 7.87201 7.87201 
9.14463 18.0645 23.1231 20.2907 13.6165 7.88032 7.88032 
9.82166 18.3498 22.7164 19.8566 13.5012 7.87717 7.87717 
9.73756 19.0759 21.383 20.6956 13.31 7.89898 7.89898 
9.37 19.027 20.9105 21.54 13.4676 7.84243 7.84243 
8.8619 19.8329 20.8975 20.598 14.1048 7.85242 7.85242 
8.8864 19.8174 20.5973 20.5713 14.3544 7.88661 7.88661 
10.2543 18.6254 20.4681 19.2445 15.5307 7.93846 7.93846 
9.07119 19.2364 19.6488 20.9454 15.2717 7.91325 7.91325 
10.455 20.4494 19.6481 20.2964 13.4293 7.86091 7.86091 
9.70691 19.3046 19.6303 20.4387 15.0682 7.92561 7.92561 
9.70783 18.1475 19.4025 21.8699 15.1797 7.8463 7.8463 
9.81669 18.2549 18.7583 21.1086 16.2747 7.89337 7.89337 
9.70109 17.6767 19.3533 21.1761 16.4275 7.8327 7.8327 
9.0794 18.2911 20.2488 20.1652 16.4227 7.89645 7.89645 
10.4365 16.8851 21.7951 19.4192 15.7052 7.87943 7.87943 
10.689 17.3484 21.839 18.8699 15.4862 7.88373 7.88373 
10.9001 17.5126 23.0407 19.536 13.2987 7.85601 7.85601 
10.9167 19.1563 22.7204 18.3013 13.0493 7.928 7.928 
10.8373 19.2358 23.3406 17.9526 12.8816 7.87598 7.87598 
12.9455 17.8168 22.8262 17.8473 12.8924 7.83584 7.83584 
13.58 17.5119 22.0116 19.0234 12.0572 7.90795 7.90795 
13.2667 15.8803 22.0162 21.2993 11.8576 7.83998 7.83998 
12.4599 15.3927 22.9322 21.7607 11.7554 7.84953 7.84953 
12.4343 17.0638 22.1717 20.3694 12.3254 7.81771 7.81771 
11.5082 16.4684 23.2552 21.6926 11.3214 7.87711 7.87711 
13.3948 14.2664 25.3005 20.7659 10.6205 7.82595 7.82595 
12.3969 14.5166 25.8627 21.2638 10.3621 7.79899 7.79899 
12.0568 14.479 27.1003 21.3948 9.26822 7.85045 7.85045 
12.0124 15.6172 25.6512 21.7346 9.15539 7.91459 7.91459 
11.6573 17.268 26.2163 19.8354 9.246 7.8885 7.8885 
12.3375 16.6222 26.2738 19.2372 9.65259 7.93833 7.93833 
12.4701 15.2974 24.3698 21.5364 10.4427 7.94177 7.94177 
11.4589 15.7084 26.2147 20.7682 10.1467 7.85148 7.85148 
12.8528 14.9775 25.1622 22.1649 9.04597 7.89834 7.89834 
13.3636 15.6039 23.5758 22.9935 8.71147 7.87587 7.87587 
12.2676 16.2488 24.322 22.2597 9.12413 7.88889 7.88889 
11.4559 14.1468 26.0265 23.4548 9.18391 7.86601 7.86601 
11.7764 12.9874 27.1262 23.2865 9.16185 7.83086 7.83086 
11.0095 13.2322 26.0968 24.177 9.83699 7.82378 7.82378 
11.9563 12.0413 25.6584 24.4052 10.1971 7.87084 7.87084 
11.7474 11.2405 26.2907 24.9773 9.90624 7.91893 7.91893 
10.9918 10.8696 27.8435 25.2183 9.28383 7.89648 7.89648 
10.9053 11.2827 27.3721 25.1823 9.46647 7.89561 7.89561 
11.8705 10.8652 26.8204 25.427 9.3601 7.8284 7.8284 
14.1525 11.5608 26.9199 22.7413 8.9976 7.81392 7.81392 
14.2191 11.4947 25.8409 23.5929 9.10197 7.87521 7.87521 
14.3168 11.7533 25.9835 23.0577 9.20564 7.84151 7.84151 
14.9267 11.8089 26.5511 21.1334 9.82881 7.87556 7.87556 
13.5445 12.5261 27.1945 21.7829 9.23873 7.8567 7.8567 
14.4645 13.1312 25.5478 21.4684 9.56442 7.91187 7.91187 
14.9704 12.9644 26.6132 20.7044 9.09769 7.82498 7.82498 
15.7717 12.2406 28.0538 19.7623 8.48143 7.84507 7.84507 
16.6656 11.6263 28.1638 19.1074 8.85381 7.79158 7.79158 
17.7277 10.5902 28.5723 18.6301 8.72627 7.87668 7.87668 
20.3683 10.1624 27.8555 17.2797 8.49293 7.92064 7.92064 
17.4149 10.4658 29.0047 18.3321 8.86185 7.96032 7.96032 
16.3024 9.8215 29.8504 19.6091 8.54485 7.93586 7.93586 
17.7291 9.45621 29.2109 19.0578 8.81788 7.86403 7.86403 
18.7547 10.2226 28.5249 18.5033 8.25509 7.96132 7.77817 
19.2519 9.34328 29.3095 18.3425 8.04604 7.89916 7.80758 
19.2723 9.65556 27.9988 19.6214 7.88154 7.8081 7.76231 
17.7268 9.19671 28.8861 20.814 7.82427 7.78754 7.76465 
18.7772 8.62135 28.8109 20.4644 7.79144 7.77308 7.76164 
17.4327 9.35799 29.5474 19.8537 8.1544 7.82976 7.82404 
18.2775 8.75423 28.7235 20.4284 8.15243 7.83337 7.83051 
18.3002 9.34606 29.2686 19.531 7.9582 7.79867 7.79724 
20.161 9.18567 28.5332 18.4297 7.95022 7.87046 7.86974 
20.6614 9.57209 27.1297 17.5136 8.95436 8.08461 8.08425 
20.9109 9.05225 28.4113 17.2892 8.4021 7.96722 7.96704 
21.8401 8.98767 28.3595 16.6446 8.20105 7.98361 7.98352 
21.5213 10.0318 27.9456 16.5502 8.05622 7.9475 7.94746 
21.7746 9.38653 29.0077 15.0933 9.09804 7.8199 7.81988 
23.1164 8.71803 30.1385 13.8934 8.57379 7.77992 7.77991 
24.3915 8.69235 29.0693 13.4467 8.62023 7.88996 7.88995 
24.2587 8.36715 30.6186 13.0171 8.15627 7.79113 7.79113 
24.7121 8.81934 30.2099 11.4754 9.04502 7.86908 7.86908 
25.172 8.9223 30.4479 10.9724 8.67414 7.90566 7.90566 
25.9193 8.49624 30.3117 11.2757 8.37216 7.81248 7.81248 
25.208 8.10718 30.9277 12.0137 8.21292 7.7653 7.7653 
26.0585 8.41723 29.6456 11.6432 8.4701 7.88265 7.88265 
26.3105 8.7008 30.0572 10.3138 8.92255 7.84757 7.84757 
26.8077 8.60572 30.4541 10.1214 8.36198 7.8245 7.8245 
27.25 8.45671 30.1501 10.1376 8.18099 7.91225 7.91225 
26.7524 8.28241 30.326 10.6673 8.3376 7.81713 7.81713 
26.6212 8.44584 30.3948 10.3005 8.47344 7.88207 7.88207 
24.2741 8.70797 30.1476 12.6253 8.38954 7.92775 7.92775 
24.8209 8.58193 28.6767 14.0333 8.23889 7.82417 7.82417 
24.6406 9.32693 28.547 13.3116 8.43599 7.86892 7.86892 
26.2362 8.54696 29.6457 11.8338 8.10149 7.81795 7.81795 
26.7235 8.18505 30.299 11.189 7.96231 7.82054 7.82054 
26.3618 8.29252 29.1495 11.9945 8.38115 7.91027 7.91027 
22.4774 9.6739 27.1376 12.7812 9.71822 9.23152 8.98026 
24.296 9.61402 29.0146 11.1677 8.84 8.59665 8.47102 
25.7386 9.00164 29.9436 10.7852 8.27906 8.15739 8.09457 
26.7676 8.56862 29.7175 10.9858 8.03784 7.977 7.94559 
28.5214 8.25984 28.9261 10.233 8.14736 7.96403 7.94833 
26.6064 8.65667 29.8951 10.0548 8.60043 8.09724 8.08939 
26.5685 8.61405 29.2333 10.7417 8.58593 8.13025 8.12633 
27.3064 9.10407 29.3768 9.61437 8.352 8.30867 7.9377 
27.7766 9.42217 29.4611 9.35264 8.07211 8.05044 7.86496 
27.9086 8.59622 30.2711 9.40605 8.09011 7.91035 7.81761 
27.7089 8.94495 28.8902 10.651 8.13427 7.85852 7.81215 
26.0694 9.35847 29.1031 11.8401 7.97593 7.83806 7.81487 
28.019 9.09564 28.9049 10.3365 7.93118 7.86225 7.85065 
27.6608 8.49519 30.0774 10.1024 7.91296 7.87849 7.87269 
27.584 8.97539 29.0788 10.0656 8.68427 7.80744 7.80454 
26.7957 8.33385 29.924 10.7104 8.73774 7.74987 7.74843 
26.0104 8.67143 28.926 10.5354 9.0986 8.37944 8.37872 
25.3626 9.27868 29.6721 10.2107 9.11204 8.18212 8.18175 
26.4313 9.2822 29.6575 9.74819 8.84173 8.01963 8.01945 
26.1786 9.08554 28.7176 11.9111 8.30976 7.8987 7.89861 
23.7025 9.9673 28.7456 11.3801 8.87186 8.66633 8.66629 
25.6444 9.5291 29.7333 10.2355 8.35442 8.25166 8.25164 
26.3222 9.26455 29.5333 10.4511 8.17721 8.12583 8.12582 
26.764 8.67639 28.7372 11.4755 8.50037 7.92321 7.9232 
27.2709 8.25977 29.2379 11.2933 8.17175 7.88317 7.88317 
27.8972 7.98894 29.7196 10.848 7.94494 7.80065 7.80065 
29.4325 7.86544 28.8921 10.424 7.84344 7.77129 7.77129 
29.2647 8.11332 29.4962 9.89428 7.76787 7.7318 7.7318 
29.0554 7.90281 29.0109 10.3959 8.21086 7.71205 7.71205 
29.6284 7.81047 29.6061 9.56034 7.96449 7.71509 7.71509 
28.9904 8.50294 30.3203 8.99473 7.81366 7.68896 7.68896 
28.758 8.57839 31.1858 8.34352 7.75299 7.69063 7.69063 
28.6418 8.45586 30.9775 8.8192 7.72265 7.69147 7.69147 
29.1149 8.16052 30.2828 9.09125 7.79391 7.77832 7.77832 
28.0126 9.06365 29.4271 9.86124 7.88366 7.87587 7.87587 
28.3876 8.37798 31.1015 8.77677 7.78799 7.78409 7.78409 
27.4388 8.32806 30.9481 9.6864 7.8675 7.86555 7.86555 
27.2194 8.49736 30.6407 9.8432 7.93375 7.93278 7.93278 
26.6619 8.46555 29.979 10.5441 8.38455 7.98245 7.98245 
27.4744 9.21285 28.5353 10.0529 8.77395 7.97529 7.97529 
26.1806 10.0363 27.6161 10.0038 9.1381 8.51253 8.51253 
25.9282 10.0857 28.8418 9.39381 9.4677 8.1414 8.1414 
26.7508 9.45462 29.1268 10.2116 8.59414 7.93099 7.93099 
27.6611 9.08271 30.4171 9.11277 8.12982 7.79825 7.79825 
28.5641 8.61659 30.7258 8.47488 7.98341 7.81762 7.81762 
28.3714 8.26019 29.6241 10.0794 7.94359 7.8607 7.8607 
28.8596 8.1156 29.1236 9.93099 8.13846 7.91586 7.91586 
29.0061 8.29509 29.3076 9.71126 7.96754 7.85623 7.85623 
26.8341 8.87727 31.0389 9.75428 7.8689 7.81325 7.81325 
27.1575 8.44627 29.8324 11.1748 7.94209 7.72342 7.72342 
28.4685 8.08343 29.4383 10.7345 7.83134 7.722 7.722 
29.2492 8.24592 28.2327 10.9228 7.81957 7.76491 7.76491 
26.3268 8.02367 31.3149 10.7805 7.9878 7.78316 7.78316 
27.1801 8.40514 30.3018 9.78358 8.178 8.07568 8.07568 
26.7657 8.08771 30.6914 10.4661 8.14305 7.92298 7.92298 
26.9678 8.00612 31.7608 9.384 8.03379 7.92375 7.92375 
28.0522 7.95989 30.6286 9.54812 7.97373 7.91871 7.91871 
26.7792 9.2431 27.4601 11.2518 9.04759 8.00794 8.21037 
24.9896 9.22155 30.33 10.0259 9.3238 8.00397 8.10518 
26.0133 8.49966 30.3502 10.3833 8.92116 7.89087 7.94148 
26.3896 8.15318 28.9297 12.4407 8.36392 7.84878 7.87409 
25.8401 8.43705 29.8718 12.0343 8.10638 7.84881 7.86146 
26.2534 8.50424 29.0629 12.3664 8.02144 7.89266 7.89898 
26.7631 8.22939 30.0618 11.1074 7.98799 7.9236 7.92677 
26.812 8.64544 30.7267 9.76083 8.36293 7.8453 7.84688 
27.8688 8.66156 29.2063 9.63248 8.52031 8.05488 8.05567 
26.3257 8.67861 28.0814 10.9032 9.26015 8.37527 8.37566 
27.6849 8.1996 29.8495 9.49572 8.67419 8.04793 8.04812 
27.6106 8.26647 28.6929 10.9073 8.50376 8.00947 8.00957 
27.8341 8.26992 29.6342 10.1299 8.20872 7.96157 7.96162 
27.117 8.33496 30.2171 9.86495 8.50436 7.98078 7.98081 
28.3514 8.16156 30.1973 9.07449 8.24626 7.98448 7.98449 
27.8721 8.04118 29.9501 10.1478 8.08353 7.95263 7.95264 
27.9207 8.23515 30.6839 9.48003 8.06475 7.80773 7.80774 
25.109 8.67838 31.3892 11.3279 7.91751 7.789 7.789 
27.1159 8.19884 30.256 11.1025 7.8184 7.75415 7.75415 
26.058 8.9723 27.4161 12.9665 8.35835 8.11436 8.11436 
25.7408 9.23191 27.9454 12.9239 8.24697 7.95549 7.95549 
24.3799 8.95558 30.7651 11.5563 8.46311 7.94001 7.94001 
24.8005 8.90257 26.4445 13.964 9.09881 8.39478 8.39478 
24.6493 8.66815 28.4833 13.0061 8.56547 8.21346 8.41426 
24.4652 8.32769 29.4174 12.7331 8.75558 8.10034 8.20074 
26.6295 8.24945 29.1056 11.6195 8.46339 7.94122 7.99142 
23.7426 9.7397 26.5849 11.6921 9.57929 9.3182 9.3433 
25.2165 9.67412 27.3494 11.3621 9.23804 8.57369 8.58624 
25.2868 9.12277 29.7461 10.8596 8.54759 8.21542 8.22169 
26.4086 9.01483 28.6382 11.0978 8.52481 8.15629 8.15943 
24.6588 9.4165 29.7737 11.0035 8.62604 8.07815 8.44335 
25.4089 8.84733 29.1252 12.1242 8.28653 8.01258 8.19519 
24.351 8.64053 30.8277 11.4838 8.56094 8.02236 8.11366 
26.386 8.17991 29.0981 12.4086 8.14012 7.87083 7.91648 
24.9746 8.97501 29.0605 13.2445 8.09305 7.81472 7.83755 
27.2133 8.42586 29.0851 11.588 7.98488 7.84572 7.85713 
26.4956 9.32404 28.7647 10.2384 8.43688 8.3673 8.37301 
26.2107 9.54418 30.3756 9.49633 8.25885 8.05571 8.05856 
26.7958 9.13717 28.6799 11.0974 8.29609 7.99611 7.99753 
25.8979 8.73525 27.8816 12.632 8.52304 8.16472 8.16543 
25.1939 8.85742 28.0224 12.4385 8.9554 8.16399 8.36843 
25.6764 8.89891 28.4152 12.3451 8.45121 8.05551 8.15773 
26.4096 9.21136 24.9219 12.6011 9.2256 8.78966 8.84077 
26.3745 9.51639 23.8449 13.2202 9.3003 8.85911 8.88467 
25.7274 10.8675 25.4273 11.9156 9.4733 8.28808 8.30086 
25.7302 9.50542 28.0231 11.9838 8.64545 8.05283 8.05922 
27.2748 8.91938 27.7268 11.7211 8.31578 8.01947 8.02267 
25.9073 8.44742 28.2806 12.609 8.75912 7.99747 7.99906 
25.2344 9.48687 29.5789 11.3922 8.59008 7.85838 7.85918 
26.1208 9.30548 29.5705 10.8056 8.6746 7.76131 7.76171 
26.1039 8.49889 31.3404 10.4195 8.18346 7.72681 7.72701 
26.6574 9.18142 28.7654 11.8424 8.00329 7.77497 7.77507 
25.0798 9.42942 28.438 11.4512 8.60994 8.49578 8.49583 
24.0232 10.2171 27.3769 10.9887 9.32889 9.03258 9.0326 
24.0738 9.58326 28.0853 12.4983 8.5555 8.79644 8.40735 
23.6648 9.44279 27.0659 12.7608 9.16147 9.04939 8.85484 
24.0063 9.504 27.8808 12.0326 8.92856 8.87252 8.77525 
22.9351 9.23229 30.0694 12.6471 8.40693 8.37891 8.33028 
25.1557 9.17888 29.6735 11.2665 8.38598 8.18185 8.15753 
24.8279 9.83944 25.3367 12.6333 9.19299 9.09093 9.07877 
23.4468 10.084 25.5792 12.6547 9.76081 9.2403 9.23422 
25.7094 9.23782 27.4749 11.7469 8.90139 8.4663 8.46326 
25.8628 9.90346 27.7618 11.158 8.71899 8.29819 8.29667 
24.3203 10.5073 24.1587 11.4123 10.1928 9.70465 9.70389 
23.0977 9.76753 28.5724 11.4353 9.43669 8.84538 8.845 
24.1473 9.21448 28.4594 12.6074 8.8522 8.3597 8.35951 
14 14 14 14 14 14 14 
14.2449 15.3673 15.9796 16.3878 13.3265 12.7143 10.9796 
13.827 18.4791 16.2853 16.8302 14.2769 10.3344 9.46707 
12.4691 17.9697 19.7073 18.2791 13.4877 9.13546 8.70179 
12.9978 17.5597 19.0324 19.6468 13.7487 8.55324 8.3364 
11.9387 17.1132 19.8171 20.703 14.0503 8.2118 8.10339 
11.2982 16.2664 19.7725 22.483 14.0546 8.07416 8.01995 
11.4397 17.1532 20.7994 21.1524 13.5975 7.93463 7.90752 
9.71047 17.9663 21.0804 20.9049 14.4278 7.95792 7.94437 
10.7308 18.3149 21.1393 20.4755 13.5503 7.89601 7.88924 
10.4216 18.9327 20.2326 20.5748 14.0785 7.88059 7.8772 
10.3418 18.7459 20.2691 19.021 15.8821 7.87043 7.86873 
10.377 18.2666 21.1975 18.1873 16.2924 7.83977 7.83892 
10.4516 17.7146 21.1251 19.8488 15.24 7.81004 7.80962 
11.0879 17.1331 21.0223 20.1543 14.9763 7.81307 7.81286 
10.5898 18.429 20.3735 19.3661 15.6304 7.80562 7.80551 
10.1813 17.9645 20.1868 20.024 15.8834 7.88008 7.88003 
10.2512 19.1887 21.1026 18.7276 15.0518 7.83912 7.8391 
10.9126 20.011 20.505 18.8545 14.0074 7.85475 7.85473 
10.4677 20.4839 19.5919 19.45 14.1791 7.91371 7.9137 
11.2877 21.4527 18.8767 19.3663 13.2555 7.88062 7.88062 
10.179 20.5903 19.3023 20.9076 13.2037 7.90856 7.90856 
9.81922 19.7546 19.8989 21.2646 13.4712 7.89572 7.89572 
9.18213 19.4616 20.4575 20.1011 15.0497 7.87396 7.87396 
8.56457 20.2165 20.0522 20.8673 14.4785 7.91049 7.91049 
8.63011 19.948 20.5524 21.0744 14.1042 7.8454 7.8454 
10.0386 21.4211 21.1833 18.7445 12.7757 7.91838 7.91838 
10.5086 21.3311 21.4509 17.9642 12.9511 7.89714 7.89714 
9.86102 22.1262 20.9501 17.6338 13.6665 7.88115 7.88115 
9.8617 21.8429 19.1907 17.9912 15.4342 7.83966 7.83966 
9.39309 21.791 19.2063 18.8354 15.1542 7.80999 7.80999 
8.88157 20.9175 20.0657 19.2195 15.1762 7.86975 7.86975 
8.79858 21.5826 19.8952 20.5042 13.5514 7.83396 7.83396 
10.3489 22.233 20.0163 18.2613 13.5263 7.80714 7.80714 
11.0707 21.8476 19.9138 17.0316 14.5462 7.79508 7.79508 
10.6181 21.7985 19.7678 18.0903 14.1289 7.79825 7.79825 
10.7363 21.1764 19.4682 19.6687 13.3 7.82522 7.82522 
9.69058 21.92 19.8976 19.7642 12.9584 7.88457 7.88457 
8.94365 21.2644 20.2533 20.4208 13.2708 7.92355 7.92355 
8.39559 20.834 20.1042 19.8516 15.0435 7.88554 7.88554 
8.13298 20.255 19.5428 20.6897 15.6236 7.87796 7.87796 
7.958 20.5048 18.7337 21.5477 15.5948 7.83049 7.83049 
8.3733 20.7037 21.8372 19.6812 13.7356 7.83448 7.83448 
9.43779 20.8541 22.3341 19.0872 12.4614 7.91268 7.91268 
8.95231 19.8092 21.8078 20.4132 13.3245 7.8465 7.8465 
9.83746 18.9955 21.8596 19.414 14.1215 7.88595 7.88595 
8.85668 19.7603 21.1923 21.4015 13.0273 7.88092 7.88092 
8.78669 19.5654 23.308 20.2649 12.2037 7.93562 7.93562 
9.52461 20.0452 21.6779 20.395 12.5458 7.90576 7.90576 
10.1067 18.3361 22.4779 20.2925 13.0425 7.87212 7.87212 
10.5833 19.3063 21.1468 20.1693 13.0881 7.85311 7.85311 
10.5101 18.7551 22.8307 19.5507 12.7334 7.81005 7.81005 
9.49234 19.7892 20.6163 21.2765 13.0253 7.90018 7.90018 
9.43753 19.0304 20.4316 21.9963 13.3028 7.90071 7.90071 
9.00798 18.7064 19.6521 22.5178 14.372 7.87192 7.87192 
9.23036 18.5572 20.8957 22.2042 13.2805 7.91606 7.91606 
9.37156 17.6313 21.0047 22.0069 14.1809 7.90235 7.90235 
9.20901 17.4953 22.7273 20.5389 14.3031 7.86315 7.86315 
8.50694 17.2843 23.4368 20.3914 14.7125 7.83402 7.83402 
8.74225 16.1234 24.1872 20.7942 14.3388 7.90703 7.90703 
8.87112 15.3117 24.2186 21.6471 14.0444 7.95352 7.95352 
9.43556 14.8652 21.993 22.684 15.1617 7.93025 7.93025 
8.81417 15.2639 22.6833 23.3902 13.9664 7.94103 7.94103 
9.64269 14.7 22.7291 24.5223 12.6115 7.89722 7.89722 
10.391 14.1855 22.7569 24.6662 12.2551 7.87266 7.87266 
11.7065 14.218 22.6807 24.1267 11.533 7.86753 7.86753 
9.999 14.0186 25.1594 24.3749 10.7916 7.82824 7.82824 
10.1015 14.9174 24.6971 24.1773 10.3703 7.8682 7.8682 
9.03628 16.2751 23.9427 23.079 11.8277 7.91961 7.91961 
8.9109 16.1479 24.5037 23.8134 10.9526 7.83577 7.83577 
9.469 15.933 23.3629 23.8308 11.7094 7.84743 7.84743 
8.67852 16.2362 23.1319 24.8925 11.3254 7.86773 7.86773 
9.14446 14.0921 24.6828 25.5631 10.8575 7.82997 7.82997 
10.1858 14.2262 23.9602 25.7058 10.259 7.83143 7.83143 
10.4906 14.7836 23.9119 23.7904 11.2375 7.89299 7.89299 
11.7494 13.8958 23.6091 21.9223 13.0713 7.87603 7.87603 
12.0742 13.1474 25.8207 22.0124 11.2526 7.84637 7.84637 
14.4948 12.6682 25.4725 20.5833 10.9746 7.90329 7.90329 
14.65 12.9575 26.3726 20.1618 10.1626 7.84775 7.84775 
14.6026 10.7914 26.9329 21.6712 10.3374 7.83223 7.83223 
14.3899 10.7122 26.7576 21.7217 10.7383 7.84017 7.84017 
13.462 11.2144 26.8665 23.2587 9.45635 7.87104 7.87104 
11.8886 10.9081 28.7628 24.2368 8.59637 7.80371 7.80371 
11.9667 11.1963 29.0873 23.8831 8.21975 7.82343 7.82343 
12.4874 10.8827 26.1968 25.7627 8.98793 7.84125 7.84125 
12.2278 11.4254 25.9973 26.0462 8.48332 7.90999 7.90999 
11.7319 11.752 26.0605 26.5063 8.17425 7.88758 7.88758 
12.2399 11.5417 26.3447 25.5761 8.47806 7.90979 7.90979 
11.423 12.589 26.5562 25.1618 8.53196 7.86904 7.86904 
12.2786 12.5632 27.0094 24.0734 8.44508 7.81512 7.81512 
12.1335 13.0067 27.3936 21.9782 9.7781 7.85493 7.85493 
11.8418 11.9745 27.2226 22.9952 10.2082 7.87883 7.87883 
12.3864 11.3033 28.5538 22.8482 9.27077 7.81873 7.81873 
14.8953 10.9614 27.4038 21.8961 9.06016 7.89166 7.89166 
15.9612 9.39962 27.3505 22.2994 9.25981 7.86475 7.86475 
15.2722 10.801 25.7288 23.9473 8.64776 7.80142 7.80142 
14.1258 11.0052 25.9913 24.8055 8.30618 7.88301 7.88301 
13.9881 11.0428 27.6771 22.9291 8.72373 7.81962 7.81962 
14.8737 11.6818 27.1623 22.2095 8.51659 7.77801 7.77801 
15.2589 11.3624 26.7713 21.3808 9.47302 7.87673 7.87673 
14.9022 12.1963 26.719 21.751 8.6759 7.87776 7.87776 
15.2123 10.8743 27.8371 21.9203 8.51706 7.81948 7.81948 
15.4523 10.0525 28.6878 21.7294 8.25853 7.90974 7.90974 
15.9305 10.1346 30.443 19.843 7.99923 7.82484 7.82484 
16.4898 9.32961 29.9756 20.4133 8.09798 7.84685 7.84685 
16.1397 9.19697 29.1691 20.8792 8.87355 7.87079 7.87079 
15.3869 9.47653 29.8284 21.1103 8.40019 7.89881 7.89881 
15.833 9.24408 29.7398 21.311 8.12451 7.87382 7.87382 
17.1702 8.50264 29.3475 21.4018 7.94285 7.81751 7.81751 
16.5733 8.2454 28.727 22.6831 7.96551 7.90284 7.90284 
17.4184 8.16462 28.2857 21.9703 8.47377 7.84363 7.84363 
17.9926 7.9911 28.9637 19.9428 9.44861 7.83061 7.83061 
17.6919 8.65394 29.544 19.5987 8.91685 7.79729 7.79729 
18.7501 8.79981 29.3087 18.2658 9.09101 7.89226 7.89226 
19.3751 9.47927 28.9401 17.2281 9.14868 7.91438 7.91438 
19.6564 9.5683 28.8003 17.3368 8.93571 7.85127 7.85127 
19.2966 10.432 26.8586 18.8013 8.78679 7.91235 7.91235 
18.5112 9.73104 28.4795 19.4341 8.23955 7.80233 7.80233 
18.7357 10.0643 29.8361 17.3623 8.24822 7.8767 7.8767 
18.753 9.56289 28.5103 19.0371 8.49304 7.82184 7.82184 
19.6991 8.65241 28.61 18.3895 9.08523 7.78189 7.78189 
19.1147 8.31982 29.1612 18.9392 8.69597 7.88456 7.88456 
19.6451 8.69207 28.1771 19.2649 8.44155 7.88965 7.88965 
20.8132 8.5256 28.6396 17.682 8.70994 7.81479 7.81479 
21.4175 9.13645 28.3992 16.6027 8.6871 7.87852 7.87852 
20.6476 9.6141 29.1843 16.4053 8.31909 7.91479 7.91479 
21.7821 8.8001 29.3491 16.0152 8.1526 7.95045 7.95045 
21.1951 9.46762 29.3705 16.1157 8.13035 7.86036 7.86036 
22.6793 9.0089 29.9269 14.7493 7.96852 7.83353 7.83353 
23.2752 9.50445 28.1892 15.6005 7.85523 7.78773 7.78773 
22.1818 9.00393 30.2511 14.9431 8.00925 7.80543 7.80543 
22.5988 9.06546 28.6176 15.8049 8.17129 7.87097 7.87097 
22.2171 10.2289 27.9164 15.1809 8.67425 7.89118 7.89118 
24.4749 9.40489 28.6447 13.366 8.29752 7.90599 7.90599 
24.1641 8.83089 29.4599 13.5638 8.1243 7.92853 7.92853 
26.3438 8.44229 28.4884 13.1577 7.92121 7.82332 7.82332 
24.9047 8.91429 29.7676 12.716 7.93172 7.88278 7.88278 
25.2964 9.96173 27.0398 11.8626 8.55302 8.7579 8.52855 
25.6112 9.91914 27.3059 11.0753 8.5975 8.9057 8.58526 
25.1531 9.83762 28.1347 11.6352 8.56704 8.41627 8.25605 
24.7878 8.8792 28.2587 13.5734 8.24392 8.16853 8.08842 
24.6544 8.65416 28.8803 13.6832 8.33652 7.91568 7.87563 
24.9646 8.58532 29.138 13.2977 8.15178 7.94136 7.92133 
25.5909 8.97431 30.1121 11.5177 8.00847 7.90326 7.89325 
25.0596 8.82678 29.9617 11.7966 8.53254 7.9139 7.90889 
26.3927 8.30747 29.6226 11.8173 8.16035 7.85103 7.84853 
24.9205 8.11925 29.8113 13.3224 8.04569 7.89103 7.88978 
26.3888 8.34534 28.4771 13.0898 7.95142 7.87409 7.87346 
25.1576 8.46715 29.7293 12.8332 7.96344 7.92477 7.92446 
25.3448 8.48889 29.4543 12.9516 7.93309 7.91375 7.9136 
26.1132 8.1871 29.0641 12.9274 7.9092 7.89953 7.89945 
25.5566 8.46855 28.907 12.297 8.53793 8.11643 8.11639 
26.8251 8.5821 29.6709 10.6636 8.44957 7.90437 7.90435 
26.9719 8.18936 29.7507 11.264 8.12309 7.85049 7.85048 
28.747 8.51235 27.3252 11.4553 8.07761 7.94131 7.9413 
28.0266 8.31521 28.9762 10.8937 7.91334 7.84519 8.02969 
28.5184 8.25317 29.8465 9.54241 8.05223 7.84751 7.93976 
26.5198 8.53272 31.7815 9.36891 8.24068 7.75517 7.8013 
25.2002 9.1171 31.5624 9.5352 8.97108 7.7955 7.81856 
25.2812 8.90638 30.6363 10.3835 9.01453 7.88326 7.89479 
27.0131 8.7042 28.2736 11.2646 8.75828 7.99021 7.99598 
27.4558 8.33761 29.5353 10.3425 8.36465 7.98061 7.9835 
26.6563 8.8417 30.1882 10.3114 8.23217 7.88439 7.88583 
27.5642 8.41391 30.1983 9.84321 8.10914 7.93525 7.93597 
27.3597 8.73282 28.0302 10.9561 8.36491 8.27797 8.27833 
26.3535 9.40113 27.5568 11.5544 8.86996 8.13204 8.13222 
26.1992 9.36294 29.2125 11.0827 8.2935 7.92454 7.92463 
25.9728 8.78595 30.0913 11.3249 8.06466 7.88018 7.88023 
25.8577 9.01344 28.907 12.4281 7.99273 7.90049 7.90051 
25.1281 8.80225 29.402 12.7433 8.12007 7.90213 7.90214 
24.917 8.71485 30.1912 11.6658 8.56984 8.06871 7.87264 
23.5696 10.1655 26.7118 12.146 9.33543 9.08486 8.98683 
24.9247 11.738 25.9839 11.3631 9.10457 8.46735 8.41833 
26.6669 10.2251 28.3328 9.84822 8.52956 8.21095 8.18644 
25.6816 9.16112 29.9559 10.1873 8.71822 8.15406 8.1418 
23.9519 9.73929 30.4541 10.2524 9.51784 8.04528 8.03915 
25.8535 9.97169 29.1046 10.0241 8.84055 8.10427 8.10121 
27.3236 9.266 28.3655 10.265 8.70043 7.94319 8.13621 
27.1655 9.56001 28.5988 10.4245 8.5473 7.80371 7.90022 
26.1251 8.8478 30.5706 10.636 8.17195 7.80016 7.84842 
24.8993 9.11778 31.2037 10.42 8.37169 7.98171 8.00584 
24.0833 9.75691 28.2256 10.9031 9.13634 8.94135 8.95342 
24.8177 9.61032 29.5702 9.86794 9.30003 8.41389 8.41993 
24.361 9.58603 30.323 10.5117 8.83328 8.19101 8.19403 
22.3701 9.76932 30.0904 10.943 9.15598 8.83484 8.83635 
23.7373 10.1148 27.8067 11.5385 9.59891 8.60152 8.60228 
22.3687 10.3074 25.6533 13.0192 10.0495 9.30076 9.30114 
21.8639 10.0081 25.2053 13.7912 10.1218 9.50475 9.50494 
21.2191 10.9849 24.5644 13.5941 10.5633 9.53706 9.53716 
22.0599 10.2634 26.5952 14.049 9.8618 8.58533 8.58537 
23.1699 9.24695 27.0836 14.4319 9.25189 8.40789 8.40791 
23.0645 10.4908 24.001 13.5935 10.2382 9.30599 9.306 
22.3714 11.7139 26.1613 13.6149 9.14007 8.49915 8.49915 
23.2854 10.3054 27.3155 14.1028 8.66256 8.16416 8.16417 
22.9787 9.20127 28.4351 14.5413 8.58229 8.13067 8.13067 
23.0665 9.63419 28.3115 14.3176 8.82135 7.92439 7.92439 
25.1094 8.79061 29.0564 12.788 8.38418 7.93571 7.93571 
26.6769 8.97546 28.4595 12.31 8.00889 7.78465 7.78465 
27.5661 8.95927 26.4249 12.2526 8.88249 7.95736 7.95736 
23.7397 9.89089 29.0133 11.9704 8.77025 8.30769 8.30769 
24.9049 9.61471 28.5144 12.4055 8.47073 8.04489 8.04489 
24.6524 9.20735 28.2572 12.8027 9.03536 8.02245 8.02245 
25.9775 9.04447 28.7668 11.829 8.46505 7.95859 7.95859 
26.1066 8.70474 29.9727 10.8575 8.41503 7.97169 7.97169 
26.0163 9.21348 27.0234 11.4473 9.06863 8.61548 8.61548 
26.3293 8.9863 28.4752 11.1981 8.73139 8.13985 8.13985 
22.6433 9.46945 28.9295 11.2862 10.0529 8.80926 8.80926 
21.4779 10.4639 25.4023 12.6744 10.7556 9.61297 9.61297 
21.2875 11.1391 24.3045 13.7212 10.2301 9.44783 9.86977 
22.6875 10.679 27.1158 12.5175 9.67711 8.55603 8.767 
23.9471 10.2982 26.1612 13.0769 9.59062 8.41025 8.51573 
24.1074 9.75161 28.1434 12.187 8.97941 8.38922 8.44197 
24.4698 9.07044 29.3401 12.6371 8.34877 8.05367 8.08004 
24.6316 9.28728 29.7527 11.2772 8.71984 8.15907 8.17225 
24.7108 9.47557 29.7923 10.4706 8.98177 8.28121 8.28781 
24.8995 10.9215 29.2071 10.5356 8.37781 8.02753 8.03083 
23.406 10.0424 29.1454 12.2399 8.96978 7.99783 8.19868 
25.453 8.94979 29.9298 11.2985 8.41346 7.92749 8.02791 
26.9857 8.73415 29.039 11.39 8.09562 7.85263 7.90285 
25.4146 9.34928 30.1779 11.211 8.14034 7.84091 7.86601 
26.6359 8.78178 29.5532 10.6055 8.71303 7.84902 7.86158 
25.1547 9.28885 27.6338 13.0579 8.84631 8.00615 8.01242 
26.1152 8.97656 30.0624 10.5 8.39427 7.97419 7.97733 
27.2394 8.48828 29.7585 10.3409 8.19714 7.9871 7.98866 
25.1393 9.3912 28.3596 10.3175 9.00053 8.89551 8.89629 
26.2205 8.66385 29.7354 10.0794 8.46852 8.41601 8.4164 
26.5001 8.39972 31.1389 9.61597 8.13256 8.10631 8.10651 
26.6074 8.53199 30.7319 10.0426 8.0374 8.02427 8.02437 
27.8794 8.69404 29.9416 9.44937 8.26224 7.88668 7.88672 
29.1913 8.43507 28.8073 9.75613 8.06194 7.87416 7.87418 
27.5389 8.11824 30.1838 10.1972 8.28629 7.83779 7.8378 
27.1715 8.01101 29.3531 11.6278 8.09503 7.87078 7.87079 
28.2354 7.9864 29.4854 10.4317 8.02841 7.91628 7.91629 
28.0352 7.94509 29.6912 10.3705 8.13792 7.91003 7.91003 
28.4116 7.94982 29.9971 9.73071 8.04623 7.93229 7.93229 
26.6619 9.06263 29.3845 10.8303 8.0582 7.82579 8.17667 
27.5003 8.60298 28.373 11.7669 7.9379 7.82169 7.99713 
27.8949 8.24886 27.6734 12.4624 7.91632 7.85821 7.94593 
27.0542 8.9788 28.0762 12.3801 7.84165 7.8126 7.85646 
25.4223 9.52972 29.7639 11.2304 8.1547 7.93856 7.96049 
24.3778 9.02412 31.7338 10.9855 8.15142 7.85817 7.86913 
25.8608 8.80893 30.906 10.7662 7.98196 7.83533 7.84082 
26.1657 8.81623 29.8321 11.5923 7.91255 7.83924 7.84198 
26.8246 8.38163 29.6511 11.4253 7.92978 7.89313 7.8945 
25.8629 8.53864 31.2287 10.4557 8.11509 7.89913 7.89982 
25.4722 8.17811 31.5753 11.0911 7.96634 7.85836 7.8587 
26.3376 8.11205 28.8145 13.3999 7.81459 7.7606 7.76077 
24.7212 8.20765 28.8477 14.6422 7.87841 7.85142 7.8515 
24.8148 7.94998 31.0905 12.8156 7.78536 7.77186 7.77191 
24.7051 8.0203 31.5647 12.233 7.93799 7.76943 7.76945 
26.3597 7.91086 28.9029 13.386 7.8697 7.78542 7.78543 
26.1076 7.94782 29.4705 12.7767 7.92725 7.88511 7.88511 
26.6745 7.93943 28.8732 12.7676 7.92914 7.90807 7.90807 
26.1531 7.94083 29.96 12.16 7.93569 7.92515 7.92516 
25.1667 8.06878 29.5292 12.8423 8.27112 8.06094 8.06094 
25.2096 8.24314 29.0744 13.3235 8.34432 7.90252 7.90252 
25.1048 8.16003 30.4987 11.8541 8.78754 7.79742 7.79742 
24.5141 9.10394 27.2111 12.6256 9.17846 8.6834 8.6834 
22.7593 9.80311 26.3909 13.1621 10.0687 8.90791 8.90791 
23.4432 9.82219 26.2113 14.6763 9.0026 8.42221 8.42221 
23.4165 8.8094 27.1735 15.9822 8.3996 8.10941 8.10941 
23.8651 8.52235 29.0769 14.0695 8.31745 8.17235 7.97627 
23.366 8.69803 28.7023 15.2259 8.08364 8.01109 7.91305 
24.3591 8.57437 30.7244 12.7186 7.91506 7.87878 7.82977 
25.1047 8.36882 28.7976 14.1824 7.86909 7.85096 7.82645 
24.2887 8.36447 30.6367 13.3613 7.79307 7.784 7.77174 
25.4456 8.3489 29.1004 13.8922 7.74269 7.73815 7.73203 
14 14 14 14 14 14 14 
15.7 16.1 15.8 17.2 12.2 11 11 
14.2225 18.4667 16.2333 17.0559 14.6784 9.42157 9.42157 
14.5228 17.9723 18.9574 15.8288 15.0826 8.69309 8.69309 
13.2031 18.9637 20.0168 16.5467 14.6041 8.27031 8.27031 
13.2095 19.2836 19.2595 16.7535 15.2316 8.09991 8.09991 
13.9911 19.6418 20.6525 15.7631 13.8658 8.02723 8.02723 
13.9933 18.6245 21.2743 16.5723 13.592 7.96395 7.96395 
14.7981 20.5416 20.3298 15.2601 13.2972 7.88269 7.88269 
13.649 20.6503 20.7676 15.331 13.9031 7.84759 7.84759 
13.0182 19.4467 21.5324 15.3231 14.947 7.86524 7.86524 
14.5699 20.5879 19.7616 15.0214 14.2492 7.90458 7.90458 
13.7726 20.0255 18.9412 16.4592 15.0664 7.86728 7.86728 
12.7752 20.0127 17.1373 17.8963 16.311 7.93364 7.93364 
12.2967 20.8018 16.9777 17.6981 16.3373 7.94409 7.94409 
11.8561 20.5607 17.2788 16.6116 17.7577 7.96748 7.96748 
11.2769 20.3966 20.0348 15.2826 17.1347 7.93723 7.93723 
11.466 18.5899 20.1572 17.1984 16.7258 7.93132 7.93132 
10.8817 19.7069 19.5752 18.3246 15.8 7.85582 7.85582 
10.1179 20.4325 20.2553 18.4051 15.1383 7.82546 7.82546 
9.38139 19.4452 20.8753 19.1324 15.3963 7.88469 7.88469 
8.98304 17.2632 21.3425 21.0511 15.5868 7.88666 7.88666 
9.62599 17.4336 19.4732 21.039 16.7176 7.85531 7.85531 
9.47209 19.1713 20.0775 20.2922 15.177 7.90493 7.90493 
8.70955 19.0779 19.3103 21.5148 15.5355 7.92597 7.92597 
8.33708 18.9416 20.0534 21.7087 15.0686 7.94529 7.94529 
8.13489 19.567 19.0411 21.5515 15.8276 7.93899 7.93899 
8.29119 18.1168 20.0228 20.9356 16.7037 7.96493 7.96493 
10.2094 17.9946 19.4795 18.3401 18.1391 7.91863 7.91863 
9.57719 18.2863 20.7489 18.459 17.2118 7.8584 7.8584 
9.98047 18.2854 20.4196 17.3559 18.1996 7.87954 7.87954 
9.75768 20.1892 20.6749 16.2361 17.3556 7.89326 7.89326 
9.35826 20.143 21.1123 16.8348 16.6681 7.94179 7.94179 
9.72397 19.937 20.87 17.9465 15.7332 7.89466 7.89466 
9.90786 19.7162 20.9855 18.3769 15.3207 7.84641 7.84641 
9.34823 21.022 22.488 17.502 13.9549 7.84245 7.84245 
10.6741 19.3345 22.4205 19.2216 12.5069 7.92122 7.92122 
10.349 20.0491 22.4274 19.1573 12.22 7.89856 7.89856 
10.6769 20.4313 20.7831 19.7461 12.5693 7.89665 7.89665 
10.3266 21.2608 20.4866 19.2555 12.9355 7.86756 7.86756 
9.52226 20.7586 20.4997 20.1406 13.2626 7.90814 7.90814 
10.5945 20.8555 18.8213 20.4274 13.5361 7.88264 7.88264 
10.7699 19.7561 19.2365 19.7908 14.6039 7.92142 7.92142 
10.3145 20.2067 18.5384 20.6935 14.3442 7.95132 7.95132 
9.39454 20.9992 18.4702 20.2741 14.9203 7.97082 7.97082 
9.41882 20.6691 17.9518 20.4276 15.5715 7.98057 7.98057 
10.5347 20.0433 18.806 19.3158 15.5527 7.87378 7.87378 
9.75762 20.2158 20.3253 18.7598 15.3006 7.82038 7.82038 
9.65208 21.4444 19.4705 18.2105 15.5262 7.84814 7.84814 
11.0611 20.6743 20.5266 16.1796 15.7967 7.8809 7.8809 
11.4771 21.2595 19.8507 15.8568 15.908 7.82395 7.82395 
10.4261 19.6442 21.4638 17.4236 15.2858 7.87832 7.87832 
10.592 18.3795 21.9788 18.3695 14.9778 7.85114 7.85114 
11.4518 16.3506 22.5472 20.6169 13.3934 7.82004 7.82004 
10.5106 17.8643 21.6803 21.1936 13.0364 7.85739 7.85739 
10.0338 18.3727 22.4952 20.1539 13.1616 7.8914 7.8914 
11.2977 17.9302 23.0702 19.3134 12.6153 7.88659 7.88659 
11.1501 18.3783 22.0486 20.0479 12.6646 7.85527 7.85527 
10.7186 18.1604 21.9095 20.1914 13.2701 7.87501 7.87501 
10.1029 17.7982 21.9804 20.7367 13.5581 7.91186 7.91186 
10.8068 17.0526 22.0214 20.0806 14.2131 7.91277 7.91277 
10.5566 15.6293 23.5455 22.7144 11.8419 7.8561 7.8561 
10.749 15.5755 25.2588 21.4081 11.2645 7.87207 7.87207 
12.8875 14.9121 24.8055 20.4191 11.3317 7.82205 7.82205 
13.459 15.1091 24.5201 20.6687 10.5128 7.8651 7.8651 
12.0778 13.4003 25.071 22.399 11.2265 7.91265 7.91265 
13.6906 11.9772 25.86 22.4132 10.2307 7.91411 7.91411 
12.3022 12.2069 26.8894 22.1203 10.6991 7.89106 7.89106 
12.7194 11.4654 27.2517 22.0521 10.8455 7.83293 7.83293 
14.3049 12.0341 27.0505 21.437 9.39537 7.88907 7.88907 
14.9065 12.5678 26.3595 21.1463 9.37683 7.82154 7.82154 
14.4215 13.6189 24.6712 21.5756 10.0674 7.82275 7.82275 
15.3629 14.0105 24.2921 20.5704 10.0609 7.85159 7.85159 
14.9566 15.4709 23.5217 19.5445 10.7183 7.89405 7.89405 
13.6301 15.0653 21.9703 21.1597 12.4272 7.87373 7.87373 
13.3425 15.4961 24.6927 19.9793 10.7828 7.85331 7.85331 
12.7239 15.6428 26.1621 19.4633 10.2598 7.87402 7.87402 
11.6953 15.1547 25.3477 21.1983 10.7299 7.93701 7.93701 
11.6272 14.1634 26.518 21.7551 10.2037 7.86636 7.86636 
12.1672 12.7447 26.3805 22.6179 10.4886 7.80058 7.80058 
12.0892 12.6573 26.3188 22.3425 10.9705 7.81091 7.81091 
12.6348 10.7699 27.6293 22.0595 11.3592 7.77365 7.77365 
13.7579 10.4445 27.0587 22.7857 10.4415 7.75587 7.75587 
13.8042 10.3469 28.3493 22.6117 9.37588 7.75605 7.75605 
13.3938 11.2508 28.263 22.6318 8.96971 7.74543 7.74543 
12.6428 11.9767 26.564 24.2889 8.94431 7.79163 7.79163 
13.3573 12.8746 26.6053 22.9229 8.66377 7.78803 7.78803 
14.5193 12.4784 26.2847 21.4871 9.47327 7.87859 7.87859 
13.8423 13.8022 26.3076 21.6679 8.65821 7.86086 7.86086 
14.9093 12.2266 25.4319 22.8162 8.76697 7.92452 7.92452 
15.6949 12.2585 26.4031 20.626 9.27175 7.87287 7.87287 
17.1789 11.9788 27.1291 18.2517 9.78908 7.83616 7.83616 
17.3883 11.4364 27.95 18.7627 8.80515 7.82869 7.82869 
18.0692 11.2241 28.4095 17.4171 9.31329 7.78339 7.78339 
17.6884 11.0608 28.7881 17.6829 9.30408 7.73785 7.73785 
17.3616 11.5241 27.0123 19.567 8.91072 7.81214 7.81214 
17.256 11.171 26.4349 19.8099 9.60048 7.86386 7.86386 
18.6846 9.8348 26.5319 20.2449 8.90789 7.89793 7.89793 
17.2442 10.5032 26.6175 20.2042 9.63106 7.89992 7.89992 
17.3587 11.972 27.4216 18.0322 9.51983 7.84781 7.84781 
16.5511 12.5458 27.2677 18.3455 9.57041 7.85976 7.85976 
15.7535 12.5779 27.8567 18.5569 9.47729 7.88883 7.88883 
16.9812 13.0054 27.809 17.3382 9.21626 7.82501 7.82501 
17.8923 11.6309 28.4344 16.7887 9.45143 7.90111 7.90111 
17.6633 10.5852 29.3488 16.2891 10.3178 7.89792 7.89792 
17.9511 9.85234 29.297 17.893 9.24696 7.87978 7.87978 
18.4857 10.4017 28.1932 18.0243 9.23443 7.83038 7.83038 
18.4616 10.3571 28.3153 18.2309 8.99222 7.82144 7.82144 
20.8746 9.97306 27.1714 17.3346 8.94816 7.84908 7.84908 
22.9007 9.0921 28.2484 15.5588 8.43303 7.88348 7.88348 
22.3878 9.7023 28.4992 15.4357 8.27901 7.84799 7.84799 
22.5147 9.25367 29.0295 15.4222 8.07032 7.85481 7.85481 
21.674 8.47299 28.7776 17.3265 8.20183 7.77356 7.77356 
23.5171 9.56791 28.2216 15.0033 8.1355 7.77727 7.77727 
23.0489 10.0625 28.4803 14.6864 8.02669 7.84758 7.84758 
21.7125 10.2037 29.6007 14.2398 8.5588 7.84228 7.84228 
21.3592 10.2794 29.2974 14.8122 8.42141 7.91523 7.91523 
22.4809 9.95334 28.3133 15.0148 8.55853 7.8396 7.8396 
24.6162 8.95756 28.6471 13.7176 8.26016 7.90069 7.90069 
26.4069 8.54855 28.5677 12.6727 8.0545 7.87476 7.87476 
23.4976 9.50303 28.6629 13.6893 8.92921 7.85895 7.85895 
23.7697 9.10692 28.9656 13.6391 8.99422 7.76223 7.76223 
25.3661 9.50226 27.4521 13.3042 8.76332 7.80603 7.80603 
23.933 8.96988 29.351 13.8396 8.28791 7.80926 7.80926 
25.2282 8.42759 29.3709 13.013 8.26582 7.84728 7.84728 
27.1355 8.33921 28.5468 12.1171 8.09331 7.88404 7.88404 
26.5709 8.50397 30.0629 11.1669 8.07142 7.81199 7.81199 
26.1939 8.82715 28.5935 12.2828 8.44748 7.82756 7.82756 
26.9776 8.74193 28.4759 12.1115 8.10433 7.79438 7.79438 
27.1985 8.56451 27.9476 12.83 7.92314 7.76816 7.76816 
25.2234 8.58162 28.6235 13.8991 7.94246 7.86497 7.86497 
24.0871 9.20884 29.0658 13.9987 7.90566 7.86691 7.86691 
23.908 9.0112 29.4482 13.779 8.19012 7.83176 7.83176 
22.9709 9.73159 29.1309 14.3754 8.04986 7.87068 7.87068 
21.0249 9.80001 28.5457 16.8916 7.9723 7.88271 7.88271 
21.0644 8.79611 28.5586 17.2121 8.69394 7.83746 7.83746 
21.8676 8.43532 28.7203 16.9911 8.38424 7.80072 7.80072 
22.2514 8.77847 28.8872 15.7591 8.75293 7.78549 7.78549 
22.6511 8.96551 28.5114 15.6761 8.61375 7.79105 7.79105 
24.1654 8.5613 28.7572 14.6357 8.23437 7.82302 7.82302 
23.7035 8.562 29.6691 14.1986 8.09272 7.88704 7.88704 
23.3404 8.81174 28.265 15.999 7.92985 7.82702 7.82702 
24.2885 8.34909 28.4858 15.255 7.90815 7.85673 7.85673 
24.9009 8.28012 28.6124 14.519 7.91302 7.88731 7.88731 
26.5129 8.48034 29.584 11.5998 7.94956 7.93671 7.93671 
27.3721 8.49187 29.928 10.3917 8.05641 7.87992 7.87992 
27.7637 8.61487 30.9834 9.07936 7.9117 7.82345 7.82345 
27.6236 8.28094 30.3924 10.0033 7.92936 7.88524 7.88524 
28.6207 8.59907 28.4128 10.5749 7.94557 7.92351 7.92351 
27.6862 8.28043 27.5822 12.6123 7.95368 7.94265 7.94265 
27.1537 8.06513 30.1733 10.9136 7.90175 7.89624 7.89624 
27.5833 8.10423 29.7446 10.9943 7.85967 7.85691 7.85691 
26.781 7.9667 31.0645 10.3014 8.2003 7.84305 7.84305 
27.2534 8.34472 30.3298 9.97937 8.46152 7.8156 7.8156 
25.2121 9.25366 31.8315 9.05472 8.7023 7.97284 7.97284 
24.3302 9.282 29.5365 12.6308 8.31667 7.95194 7.95194 
26.5882 9.44869 28.8708 11.4436 8.00449 7.82212 7.82212 
26.5954 8.5705 28.8585 12.6128 7.8484 7.75722 7.75722 
28.4545 8.118 29.0634 11.1845 7.75695 7.71136 7.71136 
26.9573 8.96698 27.8753 12.3407 8.17295 7.84341 7.84341 
26.9655 8.92428 28.7403 11.598 8.03385 7.86907 7.86907 
26.21 8.82578 29.2792 11.799 8.01692 7.93454 7.93454 
26.5037 8.82465 29.1821 11.7818 7.93003 7.88884 7.88884 
25.9609 8.59293 30.3101 11.4093 8.14562 7.79057 7.79057 
26.045 8.16743 30.4776 11.8337 7.94378 7.76625 7.76625 
25.9476 8.16535 30.2048 12.2094 7.88345 7.79469 7.79469 
25.3981 8.93116 29.6479 11.7107 8.6387 7.83674 7.83674 
25.4053 9.74611 28.5203 12.126 8.44476 7.87877 7.87877 
24.7428 9.55533 29.3103 12.752 8.06853 7.78554 7.78554 
24.3775 8.72903 30.1567 13.0629 7.98563 7.84414 7.84414 
22.8052 9.5015 29.1194 14.9219 7.93117 7.86042 7.86042 
22.4394 9.09858 28.941 16.1566 7.81174 7.77637 7.77637 
22.4737 8.40781 28.2969 17.2423 8.08593 7.7467 7.7467 
21.78 8.19751 28.0462 18.2058 8.03658 7.86696 7.86696 
23.853 7.97081 28.6696 15.8369 8.05869 7.80553 7.80553 
24.2976 7.9373 29.7987 14.2758 7.98124 7.85466 7.85466 
23.4696 9.00009 28.8931 14.6851 8.2359 7.85815 7.85815 
24.4213 8.60452 28.2525 14.9918 8.03586 7.84698 7.84698 
23.8632 9.17514 26.8381 15.5467 8.25522 8.16078 8.16078 
24.7569 9.42029 26.6161 15.0224 8.21683 7.98374 7.98374 
24.744 9.72806 27.645 13.7836 8.23028 7.93452 7.93452 
24.441 9.69162 28.1328 13.4435 8.42548 7.93278 7.93278 
25.9148 8.8267 28.2384 12.932 8.19363 7.94728 7.94728 
25.9867 8.48501 28.7772 12.9806 8.00561 7.88243 7.88243 
26.0507 8.7011 29.0383 12.382 7.9837 7.92211 7.92211 
27.4216 8.22052 29.5346 11.2994 7.86182 7.83102 7.83102 
27.5473 9.45617 28.4466 10.9956 7.86173 7.84633 7.84633 
28.1081 8.82365 29.9229 9.59336 7.85578 7.84808 7.84808 
29.1547 8.27089 30.0621 9.1591 7.78695 7.7831 7.7831 
27.6946 9.38236 30.4632 9.20918 7.7515 7.74957 7.74957 
27.6737 9.51433 30.0226 9.58851 7.73427 7.73331 7.73331 
28.2204 9.20922 29.9086 9.24631 7.80549 7.80501 7.80501 
28.0475 8.78579 29.9369 10.0239 7.7355 7.73526 7.73526 
27.2788 9.59424 29.398 10.3811 7.89459 7.72669 7.72669 
26.7973 9.53396 30.313 10.1028 7.80695 7.72299 7.72299 
27.1443 8.89069 29.7613 10.7215 7.85536 7.81339 7.81339 
26.9593 8.31631 29.8807 11.1672 8.12123 7.77766 7.77766 
27.0028 8.25068 28.8193 12.3452 7.97521 7.80342 7.80342 
27.7647 8.04384 28.673 11.972 7.9061 7.82021 7.82021 
28.2574 7.92817 28.7115 11.611 7.8593 7.81635 7.81635 
26.7083 8.58192 29.6424 11.0603 8.22901 7.88907 7.88907 
25.9839 8.78923 28.489 12.7966 8.09375 7.92377 7.92377 
27.0184 8.35501 28.766 12.0088 8.00727 7.92228 7.92228 
26.9161 8.27845 26.8435 14.2063 7.94685 7.90436 7.90436 
25.3899 9.25286 28.3839 12.785 8.32949 7.92945 7.92945 
26.2263 8.75184 28.8784 12.1681 8.12514 7.92512 7.92512 
26.3439 8.37592 28.2854 13.0071 8.06257 7.96256 7.96256 
25.5465 8.03411 28.0223 14.8648 7.87744 7.82743 7.82743 
24.508 7.92862 27.9567 16.1058 7.85028 7.82528 7.82528 
25.4615 7.89513 29.2299 13.8705 7.85596 7.84346 7.84346 
25.5335 8.61884 29.6669 12.4716 7.90722 7.90097 7.90097 
25.3507 8.16848 28.2563 14.7928 7.81267 7.80954 7.80954 
25.3016 7.9563 28.6062 14.8038 7.77839 7.77683 7.77683 
26.3763 8.22651 29.826 12.1405 7.81076 7.80998 7.80998 
27.077 8.62715 28.8019 11.4522 8.24566 7.89805 7.89805 
27.1255 8.6614 29.4372 10.2551 8.65182 7.93453 7.93453 
26.5201 8.29411 28.743 12.2922 8.28932 7.93068 7.93068 
25.1918 8.88191 26.6821 14.29 9.0689 7.94261 7.94261 
26.1144 8.51503 29.0818 12.145 8.42334 7.8602 7.8602 
25.7115 9.04146 28.8927 12.7083 8.0697 7.78812 7.78812 
25.3558 9.16817 29.831 12.2836 7.881 7.74021 7.74021 
25.8548 8.91621 29.8974 11.3765 8.27263 7.84123 7.84123 
27.8934 8.53974 29.2344 10.4501 8.21795 7.83218 7.83218 
27.2397 8.80159 28.6656 10.9653 8.6407 7.84358 7.84358 
27.607 8.42009 28.963 10.9489 8.50041 7.78031 7.78031 
26.7468 8.81997 28.6659 12.0347 8.15092 7.79087 7.79087 
27.3128 9.71302 28.4239 10.8658 8.01485 7.83483 7.83483 
25.7425 10.1545 29.4437 10.8965 7.98094 7.89092 7.89092 
27.5487 8.94823 28.9154 11.0934 7.86144 7.81643 7.81643 
27.3695 8.55266 29.1103 11.4379 7.85821 7.83571 7.83571 
27.5073 8.20125 28.8896 11.8623 7.85402 7.84277 7.84277 
26.2072 8.56159 30.2441 11.5074 7.83036 7.82473 7.82473 
27.1174 8.26003 29.8279 11.117 7.89442 7.8916 7.8916 
25.8664 8.7454 31.0678 10.4816 7.94721 7.9458 7.9458 
27.8025 8.45767 30.4032 9.65255 7.89517 7.89447 7.89447 
28.6582 8.22189 29.6113 9.68739 7.94064 7.94029 7.94029 
27.4958 8.61094 28.9723 10.8437 8.13699 7.97015 7.97015 
27.9874 8.35078 29.3729 10.2762 8.27561 7.86857 7.86857 
27.214 8.24319 30.6186 10.2229 8.03611 7.83259 7.83259 
27.1522 7.96775 31.1956 10.2954 7.86421 7.76245 7.76245 
26.7836 7.91469 31.1638 10.6508 7.86292 7.81204 7.81204 
26.8327 8.79606 28.6644 12.1355 7.87411 7.84867 7.84867 
26.7609 8.28316 27.8457 13.6691 7.82219 7.80947 7.80947 
26.7825 8.43711 28.5277 12.6765 7.86299 7.85663 7.85663 
24.2691 8.22619 32.2028 11.6817 8.12997 7.74511 7.74511 
22.0372 8.0092 32.8222 13.3084 8.28576 7.76866 7.76866 
23.5583 7.97285 29.2682 15.3844 8.11114 7.85258 7.85258 
24.1006 7.915 30.1698 14.1208 7.98414 7.85486 7.85486 
25.876 8.69235 29.1001 12.5528 7.96934 7.9047 7.9047 
24.1169 10.0372 28.3712 12.9837 8.25296 8.01739 8.22064 
23.9718 9.35075 29.5285 12.8095 8.27811 7.97982 8.08144 
26.1238 8.8133 28.7298 12.2668 8.10457 7.95542 8.00624 
27.3218 8.37777 29.3468 10.8266 8.20391 7.94883 7.97424 
26.5694 9.58104 29.0525 10.9688 8.02352 7.89598 7.90869 
28.2 8.68883 29.7805 9.72171 7.91007 7.8463 7.85265 
25.8904 9.14791 30.3924 9.44601 8.54019 8.28996 8.29314 
27.6004 8.8843 30.3686 8.68852 8.23561 8.1105 8.11209 
29.3342 8.32564 30.071 8.38957 8.0013 7.93874 7.93954 
29.4754 8.16979 30.8892 8.02754 7.8334 7.80212 7.80252 
28.687 8.9762 30.4808 8.18043 7.90221 7.88657 7.88677 
28.4229 8.82023 30.5834 8.24184 8.10273 7.9144 7.9145 
26.9164 8.91831 29.8409 10.0635 8.14973 8.05556 8.05561 
25.5196 9.06442 29.8327 10.0756 8.68013 8.41375 8.41377 
24.753 10.4444 30.288 9.76755 8.56304 8.09201 8.09202 
26.2541 10.3242 28.4093 10.1899 8.56723 8.12764 8.12764 
24.3711 10.6645 25.9271 12.0327 9.30754 8.84851 8.84851 
24.8778 10.5246 28.3482 11.0164 8.49992 8.46272 8.27041 
14 14 14 14 14 14 14 
16.7166 15.4008 15.8057 16.3117 12.8704 10.9474 10.9474 
16.5056 16.1825 16.0502 16.1916 15.8102 9.37993 9.37993 
16.6619 17.0685 16.8887 15.3685 16.4278 8.66724 8.66724 
14.6502 16.4057 17.4244 17.2186 17.5266 8.32475 8.32475 
13.8327 17.4219 18.582 16.6353 17.3316 8.06693 8.06693 
12.6856 16.7426 19.3589 16.4625 18.7337 7.99274 7.99274 
11.6643 16.2427 20.3225 16.7678 19.0121 7.9875 7.9875 
11.4599 16.8876 21.8495 16.7172 17.2982 7.88985 7.88985 
11.966 16.4616 21.8379 18.1582 15.8874 7.84248 7.84248 
10.9242 18.4661 19.7425 18.0203 17.0025 7.92124 7.92124 
10.3728 19.5009 19.4695 18.72 16.2022 7.86687 7.86687 
11.1723 18.3185 18.3028 19.3365 17.0213 7.92405 7.92405 
9.73308 17.8086 21.8291 18.91 15.9751 7.87198 7.87198 
8.86654 18.7932 20.6923 19.5661 16.2098 7.93599 7.93599 
8.61879 19.012 20.6403 19.7378 16.1366 7.92727 7.92727 
8.58493 17.9383 22.0779 20.914 14.7191 7.88287 7.88287 
8.80714 18.9014 20.9712 20.8408 14.6959 7.89178 7.89178 
8.71592 19.1244 22.1406 19.9775 14.2244 7.90859 7.90859 
8.92417 18.8088 21.9151 19.3495 15.1031 7.94973 7.94973 
9.53121 18.8514 20.0589 19.9282 15.8465 7.89192 7.89192 
9.47413 20.188 19.5586 19.3811 15.6587 7.86972 7.86972 
9.71494 19.1648 19.8457 19.9782 15.4621 7.91716 7.91716 
10.2778 19.2063 17.8874 19.7236 17.0231 7.94088 7.94088 
10.8056 18.1587 18.6104 19.8618 16.6226 7.97044 7.97044 
10.1087 18.2558 19.5405 20.9897 15.1349 7.98522 7.98522 
9.11754 19.3988 19.5897 21.2172 14.7909 7.94295 7.94295 
9.70751 18.395 19.5202 20.7917 15.8623 7.86163 7.86163 
8.93764 18.8002 18.9213 20.8815 16.6508 7.90433 7.90433 
8.37177 17.6279 20.2201 22.9935 15.0764 7.85512 7.85512 
8.97058 15.1537 21.8326 24.2958 13.9976 7.87493 7.87493 
8.41787 16.1162 21.5904 24.2827 13.8527 7.87005 7.87005 
8.94462 17.6396 21.5882 23.0444 12.9836 7.89978 7.89978 
8.41663 17.4045 20.0748 23.4712 14.8445 7.89421 7.89421 
8.94132 18.411 21.0811 22.9006 13.0048 7.8306 7.8306 
8.38771 20.2654 20.1028 22.5102 13.0692 7.83235 7.83235 
8.95576 20.966 19.099 22.2075 13.0822 7.84475 7.84475 
8.76682 20.9796 19.7075 20.9232 13.8775 7.87271 7.87271 
8.75693 19.0005 20.6103 20.1543 15.804 7.83707 7.83707 
9.55468 17.8703 21.4285 19.4384 15.9416 7.88329 7.88329 
10.2786 17.6148 20.6164 20.1104 15.6725 7.85363 7.85363 
10.1981 18.2192 20.3082 20.4081 15.0127 7.92681 7.92681 
9.10849 18.3077 21.3569 21.6427 13.8743 7.85492 7.85492 
9.53109 17.3714 21.2109 22.6269 13.5344 7.86264 7.86264 
9.85029 17.5235 21.3803 22.5725 12.8205 7.92648 7.92648 
8.97277 18.5237 22.5949 21.4053 12.7198 7.89181 7.89181 
9.17388 18.4136 24.1323 21.7518 10.8242 7.85216 7.85216 
9.66968 17.7174 23.059 22.2234 11.6769 7.82679 7.82679 
10.2402 16.7211 22.586 21.9225 12.8409 7.8446 7.8446 
9.68633 16.4656 21.2245 23.1759 13.6122 7.91773 7.91773 
8.76474 17.424 21.5191 23.7203 12.811 7.88043 7.88043 
8.65372 18.3854 23.0711 21.4079 12.8125 7.83469 7.83469 
10.0483 16.7797 23.1027 20.5298 13.7446 7.89744 7.89744 
11.2892 16.5826 22.6357 19.3011 14.3422 7.92463 7.92463 
12.1663 16.4755 22.4432 17.1953 15.8667 7.92651 7.92651 
12.364 16.7353 21.0738 18.9425 15.0762 7.90414 7.90414 
13.5982 17.5782 20.5847 18.3229 14.1171 7.89944 7.89944 
14.2746 18.1028 20.709 18.3526 12.8183 7.87129 7.87129 
14.0548 18.6388 22.005 17.0647 12.5985 7.81914 7.81914 
13.4129 20.4037 20.5206 15.6408 14.2511 7.88547 7.88547 
12.1022 21.4728 21.4114 14.6549 14.5596 7.89957 7.89957 
13.3011 20.2364 20.2057 15.9525 14.4048 7.94979 7.94979 
13.0142 18.8195 20.3626 16.9373 15.1245 7.871 7.871 
12.5638 17.9149 21.5215 17.3604 14.7787 7.93034 7.93034 
14.4425 18.2839 22.5483 16.1931 12.8298 7.85118 7.85118 
15.0218 16.9425 21.7601 16.2807 14.2154 7.88979 7.88979 
15.075 16.9328 21.5211 16.2173 14.4154 7.91925 7.91925 
13.9642 17.0782 20.9148 17.4917 14.6627 7.9442 7.9442 
13.0702 17.6065 22.7631 17.036 13.808 7.85811 7.85811 
11.522 17.3334 22.0115 20.0666 13.3345 7.86606 7.86606 
11.8257 17.292 22.3265 19.0629 13.8101 7.84139 7.84139 
11.3674 17.3473 22.7217 20.5704 12.3596 7.8168 7.8168 
11.2807 16.012 22.8036 20.733 13.3937 7.8885 7.8885 
11.5703 13.8011 23.666 21.5525 13.7049 7.8526 7.8526 
11.4262 13.9518 24.9099 21.6737 12.2371 7.90066 7.90066 
11.696 13.5286 25.2755 21.0932 12.5288 7.93893 7.93893 
12.5237 12.6226 25.9892 21.7183 11.3053 7.92042 7.92042 
12.6387 10.8041 26.3279 23.6128 10.87 7.87325 7.87325 
13.4049 11.2844 26.8003 22.7689 10.1142 7.81363 7.81363 
12.8306 10.2383 27.467 23.5015 10.3496 7.80654 7.80654 
12.9795 11.8231 27.4207 22.5049 9.64405 7.81388 7.81388 
11.446 12.034 26.9756 24.5178 9.34098 7.8428 7.8428 
12.8253 11.8409 27.1242 22.7702 9.64208 7.89867 7.89867 
12.3719 11.4437 26.6435 23.5944 10.1989 7.87376 7.87376 
13.8783 11.639 27.2271 21.8564 9.53734 7.93096 7.93096 
14.3677 11.5338 25.6135 22.071 10.483 7.96548 7.96548 
13.2278 11.124 26.1309 23.3982 10.1865 7.96626 7.96626 
13.2255 11.7604 25.4622 23.6826 9.9142 7.97762 7.97762 
11.5147 11.7625 27.2969 23.8861 9.71901 7.91038 7.91038 
11.7296 11.4368 27.3985 24.1653 9.58173 7.84408 7.84408 
12.0982 11.9518 26.6966 23.6211 9.83065 7.90082 7.90082 
13.2133 10.155 27.2289 24.1986 9.54219 7.83101 7.83101 
15.2634 10.7492 27.7935 21.5023 9.09945 7.7961 7.7961 
16.4229 10.1823 27.2209 20.7786 9.63214 7.88157 7.88157 
14.6903 9.73902 28.1175 22.3611 9.32311 7.88445 7.88445 
14.7796 9.82578 29.2191 21.2389 9.18051 7.87808 7.87808 
14.0363 9.89778 29.8664 21.3445 9.12198 7.86653 7.86653 
14.9892 9.58657 29.4259 21.8317 8.47403 7.84631 7.84631 
14.6793 9.77862 28.9358 21.473 9.36898 7.8821 7.8821 
16.4306 10.0841 29.403 19.3404 9.06761 7.83715 7.83715 
16.4242 8.92266 29.0299 20.8642 9.16067 7.79917 7.79917 
15.8913 9.06884 29.3613 20.671 9.35849 7.8245 7.8245 
15.8489 10.0183 28.3903 20.8194 9.35667 7.78322 7.78322 
16.3278 9.21083 29.4613 20.6338 8.73996 7.81318 7.81318 
16.321 9.74136 30.1385 19.5314 8.59959 7.83408 7.83408 
17.7951 9.85407 28.5244 19.5664 8.45262 7.90375 7.90375 
17.8464 10.3248 28.4667 18.8741 8.62972 7.92915 7.92915 
17.3344 9.99104 29.0309 19.5617 8.3647 7.85866 7.85866 
18.2887 9.2542 27.9224 19.56 9.22967 7.87255 7.87255 
18.9111 10.0207 27.518 18.8179 8.98801 7.87213 7.87213 
18.0182 9.29169 29.3554 19.042 8.46954 7.9116 7.9116 
17.9048 9.86057 27.5611 20.5639 8.2225 7.94353 7.94353 
17.5414 9.07139 29.2714 20.0979 8.09898 7.9595 7.9595 
16.4742 8.75081 28.7345 22.2583 7.97391 7.90417 7.90417 
15.2099 8.62711 28.9931 23.374 8.06859 7.86365 7.86365 
15.0004 9.1367 28.966 23.4233 7.89281 7.79034 7.79034 
15.9594 9.25113 28.6824 22.5878 7.8739 7.82266 7.82266 
16.7297 8.91128 28.4483 22.3653 7.86552 7.8399 7.8399 
17.1596 9.9931 27.4164 21.9319 7.84156 7.82875 7.82875 
17.2177 9.4816 27.6617 21.7633 8.0736 7.90108 7.90108 
16.0801 9.19482 29.3481 21.3701 8.34715 7.82985 7.82985 
18.4427 9.2954 27.2579 21.4233 8.03263 7.77399 7.77399 
17.3609 9.13275 27.4163 21.8412 8.50137 7.8737 7.8737 
18.3078 8.75892 29.0808 19.6163 8.59851 7.81884 7.81884 
19.3152 9.21817 29.7017 17.8726 8.33151 7.78039 7.78039 
20.7508 9.43224 29.3203 16.9749 8.02428 7.74871 7.74871 
19.4799 10.2385 28.093 18.3382 8.3405 7.75495 7.75495 
18.1012 10.136 29.2639 19.0353 8.0164 7.72363 7.72363 
18.6215 10.0185 29.6484 18.0985 7.9686 7.82221 7.82221 
17.2316 9.79472 29.1807 19.6103 8.43974 7.8715 7.8715 
17.5115 9.65196 28.7008 19.3144 8.97447 7.92348 7.92348 
18.4443 9.49726 28.8833 18.8267 8.46648 7.94098 7.94098 
21.413 9.16559 28.9293 16.6572 8.12016 7.85742 7.85742 
22.3483 9.06041 29.2407 15.7913 7.94068 7.8093 7.8093 
22.5776 8.38985 27.7783 16.4921 9.2335 7.7643 7.7643 
23.5229 8.62755 29.3147 14.4517 8.51746 7.78286 7.78286 
22.6829 9.26258 30.8689 13.1986 8.35429 7.81634 7.81634 
21.6468 10.1656 28.7932 15.3779 8.56646 7.72497 7.72497 
23.2234 9.88282 27.9966 14.289 8.68323 8.06248 7.86248 
25.2481 9.30505 27.8165 13.3263 8.34161 8.03124 7.93124 
23.641 9.56778 27.2981 15.1377 8.57759 7.91393 7.86393 
23.7346 9.27608 28.2975 14.2095 8.78098 7.86321 7.83821 
22.4733 9.83284 28.4345 14.0312 8.71949 8.26061 8.24811 
21.8617 8.82267 29.3735 15.2968 8.5785 8.03656 8.03031 
20.4136 9.06651 30.3764 15.9243 8.25477 7.98379 7.98067 
19.8678 9.27902 28.578 17.4537 9.04264 7.8902 7.88864 
20.3282 8.94058 28.6259 17.8666 8.46397 7.88775 7.88697 
22.2673 9.03378 28.5987 16.0762 8.20024 7.91213 7.91174 
22.0985 8.90286 28.9923 14.3977 8.92468 8.34203 8.34183 
23.8191 8.40826 29.6041 13.4938 8.41918 8.12785 8.12775 
23.2047 9.77642 29.2599 13.6746 8.12525 7.97959 7.97954 
23.3553 9.27068 28.5742 14.6062 8.04669 8.17306 7.97383 
25.6777 8.63534 28.6507 12.9395 8.02334 8.08653 7.98692 
26.8799 9.45466 28.7089 11.093 7.95003 7.98162 7.93181 
25.9848 10.1037 29.5874 10.5644 7.91767 7.93346 7.90856 
26.9099 9.17555 29.3985 10.7805 7.91072 7.91862 7.90617 
25.689 8.66579 29.5929 11.9505 8.38799 7.86002 7.85379 
27.0602 8.41786 28.6853 11.5308 8.60576 7.85158 7.84847 
27.999 8.23823 28.9947 10.8936 8.33218 7.77194 7.77039 
28.7452 8.5259 29.4126 9.5146 8.23389 7.78428 7.7835 
26.8726 9.26295 30.9563 9.04302 8.22409 7.82071 7.82032 
27.6504 8.47763 29.6922 10.7088 7.9582 7.75651 7.75631 
26.6505 9.44328 29.3442 10.9306 8.06832 7.7816 7.7815 
25.516 9.49196 29.5131 11.4724 8.45112 7.77773 7.77768 
25.565 8.78107 30.1952 11.1748 8.78696 7.74851 7.74849 
25.0707 9.26341 29.9281 10.4603 9.0545 8.11154 8.11153 
26.5225 9.29409 28.7904 10.2141 9.3504 7.91429 7.91429 
26.3274 9.17666 30.0746 9.98508 8.85638 7.7899 7.7899 
27.5115 9.80572 27.646 9.77515 8.77602 8.24278 8.24277 
22.4636 11.0826 26.1826 10.5056 10.2869 9.73937 9.73936 
22.745 9.98211 29.2097 10.8449 9.58423 8.81705 8.81705 
24.4584 9.67855 28.6674 10.8912 9.67493 8.31478 8.31478 
24.3579 10.0373 26.7099 10.3961 10.283 9.10788 9.10788 
24.7664 9.5641 29.0892 9.7435 10.0366 8.4001 8.4001 
26.5211 8.74757 29.3722 10.0442 8.98382 8.16556 8.16556 
25.9444 8.23408 30.8626 10.5368 8.53603 7.94308 7.94308 
26.4722 8.45037 30.7646 9.93506 8.43468 7.97154 7.97154 
27.0659 8.65781 31.1625 9.22285 8.11805 7.88648 7.88648 
23.5832 9.60529 28.6466 10.8928 9.33541 8.96836 8.96836 
24.6671 10.1675 28.0572 10.5966 8.95955 8.77603 8.77603 
26.3474 9.75501 28.0424 10.1426 8.97804 8.36725 8.36725 
25.9043 8.75204 29.5194 10.9754 8.73256 8.05817 8.05817 
22.4308 9.82626 28.7407 12.3597 9.10562 8.76842 8.76842 
23.7154 9.19395 29.7813 12.0018 8.6624 8.32257 8.32257 
25.3558 9.15971 28.5789 12.0845 8.51371 8.15368 8.15368 
25.2254 8.57225 28.9282 12.5061 8.62948 8.06923 8.06923 
25.6091 8.97927 28.724 12.0292 8.64687 8.00574 8.00574 
26.9808 9.27891 28.1551 11.7618 8.15485 7.83429 7.83429 
27.2616 9.08861 27.6369 10.9656 8.52658 8.15443 8.3663 
25.2746 9.79544 26.6038 10.9623 9.97105 8.64343 8.74936 
25.2235 9.03565 28.8192 10.6535 9.6407 8.28723 8.3402 
25.8032 8.98591 28.2394 10.4332 9.71397 8.39893 8.42542 
26.8012 9.31921 28.4054 10.4289 8.91104 8.06047 8.07371 
25.5167 9.94971 28.5372 11.6991 8.38043 7.95515 7.96177 
24.8273 9.2852 28.0617 12.0996 9.14711 8.28792 8.29123 
25.8434 9.60128 27.8738 11.2151 8.9124 8.27619 8.27785 
26.2422 9.24079 28.2226 10.8199 9.4755 7.9991 7.99993 
26.793 8.91727 29.3457 10.0974 9.03463 7.9058 7.90621 
27.1289 8.33188 30.5179 9.9783 8.39055 7.82614 7.82635 
26.6414 8.78132 29.8743 10.9507 8.23374 7.75922 7.75933 
27.8024 8.96383 28.9616 10.5058 8.08028 7.84303 7.84308 
27.4882 8.64858 29.8793 9.96306 8.20681 7.90702 7.90705 
26.8025 8.27618 31.0909 9.96435 8.05529 7.9054 7.90541 
27.2722 8.17035 30.3841 10.6273 7.89861 7.82367 7.82367 
27.1398 8.46474 29.9731 10.7881 8.14639 7.74395 7.74395 
25.7765 8.9272 28.6016 10.5584 9.00277 8.56681 8.56681 
26.4221 8.41097 28.9624 10.7303 9.01266 8.23077 8.23077 
28.6595 8.35831 28.6008 9.6841 8.49304 8.1021 8.1021 
28.4964 8.17915 29.3004 9.67538 8.24652 8.05105 8.05105 
28.4176 7.99837 29.4711 10.2123 8.03206 7.93432 7.93432 
27.4441 8.24755 31.5656 9.02771 7.9376 7.88873 7.88873 
28.1799 8.34064 29.6382 9.53394 8.38647 7.96043 7.96043 
27.1852 8.5354 29.7001 10.3225 8.3599 7.94847 7.94847 
27.7373 8.37954 28.3369 11.5757 8.12732 7.9216 7.9216 
27.7576 8.18283 28.7518 11.3434 8.05672 7.95386 7.95386 
27.9357 8.71775 27.5431 12.0774 7.94295 7.89152 7.89152 
27.451 9.97685 27.0675 11.2821 8.46586 7.87834 7.87834 
25.2481 9.51517 30.2004 9.96206 8.96544 8.0544 8.0544 
26.5646 8.66093 30.3418 10.1855 8.38606 7.93054 7.93054 
27.2136 8.91062 29.8656 9.6729 8.77319 7.78207 7.78207 
26.0292 8.3373 30.9266 10.8923 8.26858 7.77302 7.77302 
27.5374 8.5255 28.1189 11.2553 8.49114 8.03589 8.03589 
27.057 8.99248 26.4468 11.4835 8.9753 8.52245 8.52245 
27.299 8.43066 27.6496 11.8073 8.42208 8.19565 8.19565 
27.3003 8.18359 26.9994 13.2053 8.17929 8.06608 8.06608 
25.3109 8.50875 29.2241 13.1397 7.97657 7.91997 7.91997 
25.5474 8.08713 30.4657 12.4932 7.82104 7.79274 7.79274 
25.3637 8.36011 29.6213 12.9013 8.04721 7.8532 7.8532 
25.3401 8.82141 28.5238 12.5688 8.45398 8.14601 8.14601 
24.6872 9.34633 27.9958 12.7222 8.51884 8.36485 8.36485 
26.2409 8.60066 28.0462 12.7055 8.18691 8.10992 8.10992 
24.6925 9.32216 29.5253 11.1562 8.46027 8.42177 8.42177 
21.9317 10.3606 28.2342 11.0185 9.67055 9.39223 9.39223 
21.6925 9.50554 28.823 12.9487 9.67956 8.67536 8.67536 
23.4375 9.4973 29.7399 12.3138 8.6719 8.16979 8.16979 
23.6022 9.23295 28.5471 12.4349 9.04447 8.5692 8.5692 
22.7715 9.4688 28.4086 12.5466 9.37456 8.71498 8.71498 
24.1066 9.15136 28.8686 12.6337 8.75088 8.24442 8.24442 
23.3959 9.89975 28.3232 11.8724 9.00507 8.75184 8.75184 
24.4733 9.35516 28.0382 11.2225 9.34835 8.78121 8.78121 
24.485 10.2145 28.2809 11.6515 8.86881 8.24966 8.24966 
23.5547 10.3109 28.8463 11.0294 8.95929 8.64972 8.64972 
22.8569 11.4054 23.7982 11.4806 10.4456 10.0067 10.0067 
21.4671 11.4942 25.2195 13.4623 10.2421 9.05739 9.05739 
20.3489 10.7952 26.0713 13.7023 10.4095 9.33639 9.33639 
21.5669 10.6719 25.6939 14.6571 9.63513 8.8876 8.8876 
21.1834 10.7359 27.2469 13.7285 9.61757 8.4438 9.0438 
21.6494 10.4962 29.1683 13.595 8.65494 8.06805 8.36805 
21.8961 10.2481 28.5127 15.0118 8.25604 7.9626 8.1126 
23.5963 9.6695 29.4738 12.8419 8.47585 7.93387 8.00887 
22.7889 9.63351 29.5976 14.1609 8.10789 7.8369 7.8744 
25.0635 8.95345 29.0074 13.1955 8.01078 7.87529 7.89404 
25.0815 8.46079 30.44 11.7771 8.38786 7.92171 7.93108 
24.6043 8.19865 29.8232 13.3488 8.16218 7.92911 7.93379 
22.9688 8.98821 29.8005 12.8966 8.52554 8.409 8.41134 
21.3943 9.44906 30.2155 12.3042 9.21772 8.709 8.71018 
22.0525 10.0359 29.5766 13.2949 8.63817 8.20066 8.20124 
24.6626 8.8641 30.1729 12.2419 8.16524 7.94648 7.94677 
26.5131 8.61387 30.7228 10.1209 8.08262 7.97324 7.97339 
26.909 8.20764 31.8508 9.31579 7.94202 7.88733 7.8874 
26.4339 8.38111 30.3797 11.0001 7.95331 7.92597 7.926 
26.9266 8.06152 30.9963 10.5 7.84762 7.83395 7.83397 
27.2973 8.37859 28.7392 11.9694 7.87638 7.86954 7.86955 
26.53 8.0876 28.4374 13.4423 7.8365 7.83308 7.83308 
25.2903 8.47418 28.9866 12.6283 8.34863 8.13595 8.13595 
24.7305 9.45036 27.2895 12.0014 8.91365 8.80731 8.80731 
22.9189 10.0885 28.6967 12.7481 8.78208 8.38289 8.38289 
