5 2000 100 20
16 16 16 16 16 16 
16.4375 13 18.9375 17.375 18 14.25 
14.4436 12.5241 18.9065 19.3301 19.4418 14.3539 
15.0762 12.7755 20.1812 20.0099 17.9584 13.4988 
15.1257 11.2515 20.791 19.3435 19.8742 13.3642 
15.6273 11.0693 20.2745 19.1475 20.8242 12.9321 
15.8458 10.3539 21.9847 19.0115 19.649 13.0926 
15.7229 10.777 19.7923 18.1058 21.4245 14.1463 
15.5538 10.5808 19.5115 20.0144 20.3276 13.9962 
16.8105 10.5425 18.1591 20.9316 20.0378 13.5107 
15.8951 10.1295 18.3913 23.2188 18.9258 13.4355 
16.2809 9.88934 18.1869 22.7936 19.112 13.7353 
15.9949 9.92551 20.2046 20.7838 18.7514 14.3389 
15.3097 9.90347 19.9837 21.0638 19.6524 14.0865 
15.3019 9.85369 22.5409 20.5319 19.434 12.3373 
13.9247 9.86981 23.818 22.053 17.8919 12.4424 
14.2458 9.85617 22.5389 20.869 18.9853 13.5047 
15.492 9.86371 21.7845 20.0912 20.0077 12.7609 
15.2057 9.77056 25.61 17.102 19.4796 12.8321 
14.6341 9.76809 26.2816 16.7541 20.2867 12.2754 
16 16 16 16 16 16 
13.6338 12.9296 18.5634 19.9718 16.8028 16.0986 
13.986 12.3471 20.1273 20.28 17.4088 14.8508 
12.8971 13.0001 20.7647 19.7341 17.745 15.359 
12.8354 11.6096 24.0685 19.9036 17.2666 14.0663 
12.8379 11.6414 23.3183 21.6249 16.4154 14.0371 
12.9324 10.8015 24.686 21.3489 15.679 14.4898 
14.0172 10.2987 22.7511 21.2867 18.0436 13.5714 
14.2635 10.0513 20.7873 21.4277 19.8061 13.6485 
14.3318 10.0257 22.1937 19.5138 20.303 13.6242 
15.9525 9.82455 21.7663 20.008 19.775 12.6699 
15.6375 10.5574 19.7541 21.0927 20.7746 12.1817 
16.3505 10.239 19.2025 20.467 20.5063 13.2337 
16.278 10.0602 18.6921 23.277 18.3559 13.3362 
15.8941 10.3362 19.142 23.8834 18.1576 12.5865 
15.1543 10.1231 20.3818 21.6264 18.9887 13.7257 
13.5771 10.0615 21.3909 23.0132 18.4943 13.4628 
15.3252 9.90882 20.2483 21.4659 19.2065 13.8452 
14.7476 9.81271 20.6505 21.2593 19.3199 14.2101 
15.3006 9.7844 20.6911 18.963 21.2453 14.0156 
16 16 16 16 16 16 
16.2237 12.9342 18.1974 17.8684 18.8553 13.9211 
15.7044 11.4671 18.3579 20.7861 19.0573 13.6272 
16.1856 11.3586 18.3456 20.1847 19.5286 13.8969 
15.8749 11.7104 17.344 21.3764 20.0756 13.3687 
15.3593 10.738 19.6095 20.2585 20.5847 13.325 
16.2348 10.312 19.5006 20.3954 20.5585 12.9363 
14.7439 10.5777 21.3969 20.4387 19.9178 12.8938 
14.8229 10.1908 22.6592 19.6311 19.9589 12.7214 
14.2663 10.3373 20.6038 17.8801 23.0843 13.8204 
14.1579 10.1273 22.6986 16.9979 21.2529 14.7614 
14.3404 10.6653 22.3451 16.3828 21.6223 14.6421 
15.0442 10.4508 21.8025 16.8528 21.0474 14.8014 
16.7101 10.1399 22.8671 17.6144 19.2844 13.3836 
16.9208 10.05 22.3897 17.5722 19.6023 13.4647 
17.6946 9.97997 20.6543 17.5699 20.8372 13.2639 
16.5069 9.8836 19.9016 18.3594 21.2697 14.0788 
17.8279 9.83542 17.8232 18.1159 23.4008 12.9968 
17.1072 9.74964 18.5754 19.3521 22.2046 13.011 
15.4924 9.77278 20.104 19.8801 21.7145 13.0361 
16 16 16 16 16 16 
13.5944 12.8951 16.7413 24.7832 14.6434 15.3427 
12.9748 12.046 19.7606 22.4302 16.7811 15.0072 
13.3315 11.1561 20.7168 23.0022 16.9457 14.3477 
12.7633 10.4561 22.3503 22.4767 18.2289 13.4747 
12.4194 10.1337 22.4959 23.1251 18.1711 13.5298 
13.1595 10.4723 23.4101 21.7942 18.1589 12.9425 
12.6821 10.1574 24.894 20.9365 17.544 13.7547 
13.034 10.3937 23.6675 23.0667 16.4492 13.3734 
14.9847 10.2372 24.9386 19.1946 17.902 12.7351 
13.7424 9.95728 25.9774 20.2828 16.8139 13.2224 
16.6321 9.95872 24.3433 18.3087 17.5703 13.1849 
15.845 9.80562 23.7546 21.5096 16.3141 12.7701 
15.6148 9.90281 23.8004 20.7548 16.234 13.6927 
16.4074 9.9514 23.5002 20.1774 17.317 12.6464 
16.1402 9.93602 22.4644 21.1998 18.976 11.2835 
16.2732 9.85082 23.5369 21.1468 17.6911 11.5011 
14.3142 9.75167 23.1584 22.1564 18.8842 11.7351 
15.3468 9.83273 21.924 21.8541 19.3559 11.6865 
14.2118 9.91636 20.962 22.2732 20.2549 12.3817 
16 16 16 16 16 16 
16.1699 12.902 18.4575 20.4183 15.5163 14.5359 
15.6321 11.9227 18.8514 21.1525 18.1355 13.3057 
16.7744 11.378 17.759 20.3679 20.1094 13.1112 
15.5577 10.7278 19.5384 22.0057 18.388 13.5323 
14.2923 10.7279 21.2635 20.9645 18.9641 13.6627 
13.5168 10.9624 24.3383 21.2931 16.6249 13.202 
14.0458 10.3395 24.1125 20.3631 18.4339 12.6739 
13.2245 10.0147 25.4283 20.8405 17.5503 12.9261 
13.5228 9.8854 23.08 21.8024 18.328 13.3736 
13.8768 9.9427 22.5015 22.8243 17.6255 13.2253 
14.659 9.93459 22.2802 22.993 17.0848 13.0465 
14.4161 9.88855 22.1637 22.3233 18.1881 13.0193 
14.437 9.76355 24.5357 20.5994 16.9254 13.7386 
12.8386 9.92054 26.0275 20.7648 16.796 13.6522 
13.3019 9.81857 29.0057 19.6941 15.8879 12.2917 
13.2053 9.7782 27.2369 20.8958 17.12 11.7638 
14.1902 9.75291 27.2371 19.981 16.7312 12.1076 
13.0712 9.85654 26.5668 20.1498 16.5329 13.8227 
13.3821 9.90752 25.939 20.2409 17.81 12.7205 
