5 2000 100 20
16 16 16 16 16 16 
17.5541 12.7771 17.8726 17.2357 17.2357 15.3248 
16.6063 11.3707 20.3242 16.8029 19.1161 14.7799 
16.4163 11.1571 21.2942 17.8354 19.558 13.239 
17.0204 10.5594 21.3751 18.4962 19.5491 12.7498 
17.5328 10.9188 21.9657 18.4586 19.737 11.2621 
16.6316 10.3283 22.5933 20.6525 18.1082 11.6236 
16.0979 10.2225 22.5807 19.0811 20.3381 11.6484 
16.2238 10.0542 24.5983 17.7155 19.2945 12.0979 
17.2389 9.98743 22.0214 17.3895 20.7584 12.5966 
17.9448 9.95403 21.9234 15.6392 21.2919 13.2427 
18.8931 9.93733 21.2792 16.3513 20.9634 12.5738 
19.3256 9.80738 21.5267 16.0386 21.1672 12.1336 
17.8595 10.4365 24.2879 14.3717 19.6 13.4439 
16.8889 10.1162 24.3889 13.9206 21.0245 13.6607 
16.811 10.0382 25.3418 13.7332 21.07 13.0057 
15.8768 9.99993 23.9736 17.403 19.922 12.8247 
15.8629 9.90563 25.1943 16.2487 20.7157 12.0727 
14.7239 9.85847 27.6915 16.9923 18.8484 11.8854 
15.6615 9.78754 25.7891 18.4152 19.1408 11.2059 
16 16 16 16 16 16 
17.2715 12.9669 16.2781 17.6026 20.9139 12.9669 
16.285 11.8939 18.5868 16.8237 21.0913 14.3193 
16.6652 11.4394 19.3313 19.3967 19.8259 12.8415 
16.7 11.0258 20.2779 19.2902 20.3211 12.135 
16.6833 10.9477 23.0013 17.4349 19.9432 11.8646 
16.8287 10.8244 23.8623 17.3891 19.0122 12.0209 
17.1016 10.8176 22.1628 17.3818 20.3169 12.188 
16.1154 10.3904 22.336 19.023 20.1215 11.9981 
15.3096 10.157 21.6642 20.3894 20.557 11.9151 
14.7702 10.0785 22.3706 20.5793 20.2785 11.9191 
15.2164 9.85853 20.8238 21.7354 20.581 11.7828 
16.4643 9.91081 19.8215 21.3843 20.0691 12.349 
16.4353 9.83822 19.6764 22.0203 19.8002 12.2292 
17.4546 9.73839 18.2719 20.8495 20.9443 12.7411 
17.9866 9.80747 19.424 20.3013 20.3487 12.1319 
17.4246 9.80569 17.7512 20.5428 21.743 12.7326 
17.8032 9.82709 19.1029 20.8775 20.72 11.6693 
17.6225 9.75851 20.0166 20.71 19.4685 12.4238 
15.3247 9.8601 22.2688 22.424 17.7802 12.3422 
16 16 16 16 16 16 
17.3548 12.8387 17.3548 18.6452 17.0323 14.7742 
17.1716 12.0178 18.3299 19.3612 17.9756 14.1439 
16.351 12.2589 19.2028 17.2564 19.4045 15.0265 
15.2909 12.091 19.6014 18.0513 20.6638 14.0517 
15.8851 10.9144 22.1603 18.2017 19.6952 13.0184 
14.7191 10.4023 22.8017 19.9067 19.5545 12.5531 
13.3815 10.3106 23.9921 22.1796 18.3539 11.751 
15.5617 9.99402 22.6815 20.9688 19.2576 11.5207 
15.4884 9.93772 22.2103 21.1564 18.9173 12.2821 
15.8574 9.87452 21.2938 21.1442 19.6473 12.1788 
16.5825 9.93726 20.2623 20.3798 20.2083 12.6278 
16.3994 9.79489 21.7142 20.8077 18.9845 12.2985 
16.6267 9.76636 23.5912 19.5799 18.481 11.9545 
15.4294 9.75209 25.6533 19.3405 18.042 11.7825 
15.186 9.85689 24.8956 20.5898 18.0248 11.4468 
14.7886 9.90999 25.9164 20.258 18.422 10.7049 
14.6462 9.91683 25.7445 21.1977 17.7988 10.696 
14.4126 9.99573 26.1185 21.0466 17.4815 10.945 
14.9841 9.99786 23.9852 18.8566 20.037 12.1392 
16 16 16 16 16 16 
16.7097 13.1613 18.3226 16.7097 17.3548 15.7419 
13.7452 12.5286 19.5702 18.7638 18.9005 15.4918 
12.7237 11.2288 19.5369 21.4386 19.9112 14.6608 
14.1565 10.5574 20.6049 19.6547 20.7921 13.9844 
16.067 10.1476 20.9766 18.4416 19.9466 14.2956 
17.1244 11.1344 21.0944 17.1753 19.0642 14.3448 
16.3569 11.841 22.9046 17.1428 17.3268 14.3967 
15.5428 11.7344 24.0492 16.9047 17.9657 13.7875 
16.1047 10.7453 24.6262 17.3955 18.1292 12.9913 
16.0205 11.1495 26.2573 16.0682 16.6343 13.8662 
14.5401 10.4255 25.6287 18.2953 18.0187 13.0898 
16.7939 10.1731 23.3302 17.2826 19.5252 12.8941 
18.2425 9.91279 22.2829 18.4868 19.029 12.0455 
18.3877 9.78265 20.4078 19.282 19.3601 12.7795 
19.0015 9.89133 19.0501 19.2564 20.257 12.5436 
18.1282 9.84762 16.7799 21.1968 21.6971 12.3502 
17.0933 9.85082 18.9739 21.9123 20.5201 11.6496 
16.1638 9.80822 21.401 22.6749 18.0725 11.8795 
15.3283 9.79542 23.0193 22.207 17.0073 12.6426 
16 16 16 16 16 16 
13.9603 12.9669 16.9404 17.9338 20.2517 15.947 
14.0697 12.8267 17.4254 19.0415 20.5736 15.0631 
15.1698 12.3657 18.4349 18.8462 20.8027 13.8807 
16.1786 11.261 18.5925 18.4075 21.9248 13.3857 
15.5992 11.1641 21.1539 19.0851 19.658 13.2146 
14.8584 10.6801 21.7534 20.523 19.2408 12.8818 
14.6005 10.3201 22.0321 20.0224 21.5726 11.421 
14.4733 10.0124 22.1975 21.1927 20.28 11.8286 
15.7308 9.83245 24.2262 20.0558 19.0203 11.1267 
15.1203 9.81818 24.2699 17.871 20.6866 12.23 
14.8092 9.74181 24.5885 18.2292 20.1946 12.4347 
15.5395 9.83122 20.6276 19.2336 21.8037 12.9634 
15.8998 9.79366 18.8504 20.1859 22.2839 12.9858 
15.4302 9.81809 19.0709 19.3449 22.7561 13.5795 
15.1151 9.90904 21.7354 18.6725 21.3781 13.1897 
16.4723 9.79948 21.3328 18.0572 20.7666 13.5716 
17.6479 9.8017 20.6664 17.8521 20.9715 13.0603 
17.3182 9.72711 20.3718 17.9994 20.9105 13.673 
17.9708 9.72185 21.1171 16.692 21.5888 12.9094 
