5 2000 100 20
16 16 16 16 16 16 
17.2949 12.8077 19.5385 16.0128 17.9359 14.4103 
18.8837 13.4905 17.6432 15.8804 19.2042 13.898 
18.6418 12.5452 17.6216 16.1402 20.6021 13.949 
19.2023 13.1896 17.9017 14.9871 22.1587 12.3105 
16.8886 12.2628 19.6796 15.1859 23.2251 12.633 
15.0559 11.9165 19.7572 18.3367 21.9431 12.9281 
15.734 10.9201 20.1839 19.4737 21.0861 12.5709 
16.2344 10.358 19.4797 18.5124 22.5839 12.8161 
16.3781 10.179 22.1312 18.1692 21.2919 11.8428 
15.2756 10.2076 20.7113 17.9429 22.0633 13.7954 
16.3515 10.0831 20.3141 19.3449 21.4051 12.4994 
17.1252 9.90534 22.2193 18.0382 20.2356 12.4754 
17.3126 9.95267 22.7763 17.9774 20.7428 11.2377 
16.3486 9.83464 24.1412 18.098 20.088 11.4893 
16.5076 9.76228 24.2799 20.0955 18.1835 11.171 
18.0411 9.77476 22.14 19.835 18.6662 11.5429 
15.8724 9.88738 25.144 19.3619 18.222 11.5122 
14.8392 10.1676 24.3258 21.9944 17.1334 11.5397 
13.6696 10.008 25.2311 21.9821 17.4682 11.6411 
16 16 16 16 16 16 
15.622 12.878 17.1463 20.8049 18.061 13.4878 
15.0629 11.4009 17.9243 22.4253 17.8091 14.3775 
14.5425 11.9735 18.9253 22.0983 17.3916 14.5688 
14.5547 10.908 18.3209 24.2381 17.7509 13.9773 
15.8001 10.757 18.062 24.0509 17.5876 13.6174 
14.2493 10.3388 19.3484 24.5254 19.1113 12.3643 
15.5246 10.1694 18.0742 23.8627 19.5556 12.7821 
14.9052 9.91664 18.4909 22.8557 20.7022 13.1138 
13.8864 9.92156 21.5616 23.1926 17.3364 14.0936 
13.1448 9.80574 21.6335 22.8366 19.1333 13.4422 
13.2638 9.73558 21.7833 21.8272 20.5332 12.8549 
14.3394 9.8085 22.3541 22.5737 18.7646 12.1587 
14.3126 9.80221 21.7893 21.4909 19.7905 12.814 
15.7441 9.86294 20.6275 20.86 19.8189 13.0864 
17.0933 9.8495 22.199 19.0365 18.9258 12.8957 
16.2542 9.86546 21.5738 18.6092 19.542 14.1553 
15.5568 9.75201 23.2367 19.1439 19.4095 12.901 
14.8126 9.81897 23.0252 19.648 19.7808 12.9144 
14.6612 9.81145 21.7087 20.8044 20.6747 12.3395 
16 16 16 16 16 16 
14.9182 12.717 19.6352 18.3774 17.434 14.9182 
14.0328 12.5338 22.5666 17.356 18.6771 13.8336 
14.604 12.1035 21.2055 18.2111 18.8716 14.5044 
15.5109 11.4622 19.558 19.9264 19.3239 13.9686 
14.8983 10.6183 20.4933 20.6775 20.5642 12.6234 
14.6205 12.0821 21.8004 18.9045 19.047 13.483 
14.9438 11.0029 21.5872 20.3301 19.8289 12.2759 
15.1347 10.4823 22.0963 21.4677 19.1098 11.6935 
15.3225 10.1391 23.293 21.7543 18.1263 11.3569 
15.9616 10.0103 24.4924 21.9443 16.9683 10.6192 
16.5466 9.98521 23.6008 21.3307 18.2451 10.2897 
16.5108 9.97345 22.9115 21.2018 17.1685 12.233 
14.6423 9.91373 22.4047 22.8272 18.4383 11.7734 
15.6877 9.93695 21.7601 22.3698 18.5817 11.6636 
14.2695 9.78775 22.3258 22.8315 18.9294 11.8559 
13.9975 9.79584 22.7315 22.9844 18.6804 11.8103 
14.033 9.84088 21.6319 22.3287 19.6064 12.5591 
12.8531 9.78426 21.9055 22.8375 20.5036 12.1161 
13.0672 9.77494 22.0855 21.9656 19.4315 13.6753 
16 16 16 16 16 16 
12.7468 14.3291 19.7089 17.1772 16.8608 17.1772 
13.3587 13.4146 20.7 18.3313 17.9892 15.2063 
13.7164 12.448 20.9056 19.9064 17.8835 14.6402 
14.5657 11.1647 19.5437 21.8109 19.2184 13.4466 
14.4257 10.6017 19.8105 20.9441 20.6131 13.48 
16.0606 11.0621 19.7818 18.7025 21.2119 13.1186 
15.5884 10.376 18.6118 20.9791 21.8463 12.5671 
15.9615 10.3673 19.6645 19.4537 22.0785 12.4588 
14.3073 10.6939 20.8526 19.5228 21.6515 12.9641 
14.8917 10.3072 20.347 20.0788 21.54 12.8313 
14.7735 10.1105 21.1649 21.0308 20.4683 12.4501 
14.7176 9.94248 22.0486 21.2297 19.8206 12.2401 
14.9463 9.83505 21.7247 20.537 19.8325 13.1239 
15.6171 9.84177 22.7942 19.5488 19.7647 12.4332 
14.5501 9.7898 21.5094 20.074 20.182 13.8945 
15.45 9.83786 22.922 18.7823 19.2165 13.7914 
14.4164 9.75165 25.0298 19.4283 18.1584 13.2154 
12.5654 9.87582 26.622 20.2499 18.0078 12.6791 
13.0827 9.93791 25.111 19.9249 19.0039 12.9396 
16 16 16 16 16 16 
17.396 12.698 15.7181 16.3893 17.7315 18.0671 
15.9499 11.8833 16.8285 18.8817 18.4078 17.0488 
14.6799 11.1141 20.6748 19.2109 16.8667 16.9535 
13.59 10.4813 21.1329 22.1055 16.7667 15.6737 
13.8292 11.8946 23.3041 19.798 15.6077 15.4414 
14.2223 11.1396 26.0751 17.5913 16.4577 14.4515 
14.6299 10.457 25.6315 20.4498 15.7476 13.0528 
14.7368 10.1113 25.9017 18.8186 17.4441 12.9717 
14.8064 10.0143 24.9343 20.3597 16.5733 13.304 
13.585 9.91626 26.1035 20.3617 16.2867 13.7429 
13.3224 9.80888 25.3652 21.748 17.0986 12.655 
14.7381 9.90444 24.6057 19.5278 18.5493 12.6737 
14.7835 9.89519 22.7591 20.9807 19.1606 12.4205 
15.0253 9.90942 22.0666 21.7499 19.1223 12.1263 
15.5586 9.93556 21.9528 21.4113 18.9481 12.1934 
16.2773 9.90849 21.846 20.9823 19.1578 11.8279 
15.4184 9.93509 21.2678 24.2843 17.0502 12.0442 
16.1092 9.96754 20.0339 23.3421 17.7251 12.8221 
16.3207 9.82248 20.5008 24.7759 16.1206 12.4594 
