5 2000 100 20
16 16 16 16 16 16 
12.878 13.7927 17.7561 19.5854 18.061 15.9268 
14.2857 13.6482 18.1846 17.6394 20.1619 15.0802 
15.008 13.5657 18.4556 18.3703 20.006 14.0944 
16.6994 12.3384 17.8485 18.3805 20.1563 14.3269 
16.9264 11.2787 20.0556 20.1392 18.8373 12.6379 
14.8268 11.0939 20.9369 22.4332 17.9641 12.6826 
15.3178 10.5102 19.8435 25.1872 16.335 12.7751 
14.8545 10.2366 21.1763 23.1102 18.3151 12.2916 
14.9854 9.96328 23.3789 20.8574 18.2661 12.5412 
15.5451 9.85055 22.9254 21.6647 16.9982 13.0122 
16.9329 9.88711 21.1955 20.5652 18.8044 12.6129 
16.5189 9.81247 19.7738 21.144 19.7018 13.048 
14.6086 9.86655 20.2044 20.8895 20.1684 14.2621 
13.9308 9.95336 19.1383 19.2801 22.534 15.1632 
14.4746 9.92173 22.0234 18.7975 20.974 13.8087 
13.6475 9.90592 24.9311 20.7541 18.3624 12.3989 
14.4708 9.85492 23.642 21.3574 19.3773 11.2975 
13.7169 9.92746 24.0432 23.0861 17.8368 11.3895 
14.8214 9.96373 22.5772 22.8394 18.548 11.2503 
16 16 16 16 16 16 
16.1169 13.5195 19.039 18.3896 18.0649 12.8701 
14.9287 12.4849 19.0615 19.5001 18.5745 14.4503 
13.7862 11.6065 19.8756 21.6275 17.9079 14.6964 
15.3201 10.6721 20.2374 21.1134 19.6281 12.7789 
16.9666 10.2631 21.0676 22.418 17.6608 11.499 
16.2352 9.9765 24.0997 20.8989 17.3575 11.3696 
15.7417 9.95279 24.6385 20.2012 17.7213 11.7132 
15.0911 9.85004 23.6911 21.8335 18.0664 11.4523 
13.6524 9.88685 25.7768 22.9396 17.0485 10.688 
15.2849 9.83064 26.7982 20.8683 16.9829 10.2312 
14.9259 10.4271 25.0133 21.0641 17.5466 11.0211 
14.6585 10.1951 24.6838 21.4176 18.3674 10.6766 
15.432 10.0383 23.6067 19.9974 19.8556 11.0695 
15.6006 10.0191 23.3418 20.7679 18.5817 11.6886 
14.7234 10.2019 23.2094 23.6532 15.8293 12.3828 
15.5992 10.0818 23.6736 21.5967 17.8763 11.1722 
16.1008 9.86715 22.4546 20.2578 19.942 11.3776 
14.8071 9.75983 21.652 20.7467 20.2027 12.8317 
16.4261 9.76713 22.1042 20.1478 19.6878 11.867 
16 16 16 16 16 16 
15.9114 12.7468 20.6582 17.1772 16.5443 14.962 
14.9324 12.575 20.2128 19.0537 17.5745 14.6516 
16.8069 11.2325 20.1797 19.7833 18.6773 12.8203 
16.5384 11.3702 21.2009 20.2091 17.8704 12.5609 
16.0874 10.9578 22.4187 20.65 17.8443 11.9168 
14.8106 11.306 23.0514 22.919 15.877 11.9735 
15.8022 11.3782 20.686 22.719 16.908 12.4753 
15.9838 10.9523 20.6814 21.5099 18.2284 12.6286 
16.6712 10.3818 21.0954 21.5097 18.3595 11.9747 
15.6941 11.4173 19.4156 20.0001 21.2552 12.2138 
17.3332 10.6494 18.7987 20.2767 20.7067 12.2334 
17.6097 10.2027 17.7327 21.927 20.9224 11.6045 
16.0597 10.0033 19.6507 20.9635 21.2455 12.0768 
14.096 9.9649 23.6121 21.5112 18.711 12.1046 
13.5865 9.98245 25.0753 20.5633 18.7786 12.0138 
13.7431 9.81748 24.6998 20.7063 18.0765 12.9567 
14.0937 9.90874 25.498 22.0198 16.4457 12.0339 
14.2988 10.107 24.5811 20.9336 17.9557 12.1238 
14.3185 10.0168 23.32 20.9447 18.9043 12.4957 
16 16 16 16 16 16 
15.4534 12.9689 20.1118 16.3851 17.9379 15.1429 
14.9237 12.7345 22.7453 16.5259 19.1962 12.8745 
14.9717 12.0985 24.8114 15.7728 20.0724 11.7732 
16.1204 11.4709 26.0603 14.9145 19.474 11.7099 
15.6938 10.6973 24.4805 16.2359 21.1874 11.5801 
16.811 10.3287 21.802 17.2813 21.5499 12.1646 
16.1275 10.1837 21.5188 18.8723 21.0066 12.2599 
15.7409 10.0131 22.7673 18.6881 21.5269 11.2481 
15.3908 9.8846 23.5788 17.6774 21.3326 12.1281 
16.715 10.0403 21.9855 17.8583 21.0584 12.3386 
15.5531 10.0017 21.5093 19.6303 20.6768 12.6268 
14.8078 9.88367 23.2547 18.0183 21.6665 12.3681 
15.6392 9.8438 22.4116 18.2248 21.8137 12.0664 
16.7891 9.88373 21.702 17.891 20.6397 13.0943 
16.6035 9.79261 22.2316 18.4604 20.0213 12.8904 
15.1536 9.89631 25.1899 19.045 17.9736 12.7415 
14.9127 9.77441 24.9501 18.7889 19.4115 12.1623 
15.8519 9.73795 22.3631 19.4691 19.5938 12.9841 
17.0723 9.74702 23.1734 17.8646 19.3498 12.7929 
16 16 16 16 16 16 
17.1195 12.717 16.805 17.1195 18.3774 15.8616 
17.372 11.3393 19.1305 17.372 19.9166 13.8695 
17.1698 10.5433 21.1176 16.4477 21.1497 13.0719 
16.1037 10.3468 21.2731 17.4344 21.1011 13.4909 
15.61 10.2122 22.2644 17.2443 20.2405 14.3036 
14.2865 10.2913 23.7248 17.8814 19.7499 14.0036 
14.5506 10.1456 24.6402 19.3111 19.3194 12.0018 
15.5779 10.0544 24.4972 17.7736 19.4383 12.643 
14.9318 9.92514 25.1058 16.6419 20.5355 12.8521 
14.8244 9.86823 25.3831 16.6228 20.6451 12.6525 
15.5517 9.77908 23.9318 17.0324 20.5939 13.1092 
18.4902 9.84986 22.6802 16.0559 20.0192 12.9038 
16.6156 9.90501 25.6827 15.5977 20.3681 11.8304 
14.9484 10.0306 26.3179 17.3691 19.3638 11.9699 
16.923 9.93657 23.1983 16.5586 20.9024 12.481 
15.9212 9.807 24.5024 17.7551 20.3302 11.684 
15.4794 9.79072 22.4016 19.7798 20.3155 12.233 
16.0104 9.78258 22.291 19.4764 21.06 11.3797 
17.701 9.83425 22.3622 18.1032 20.4159 11.5834 
