5 2000 100 20
16 16 16 16 16 16 
13.8824 12.902 17.4771 19.4379 17.4771 16.8235 
15.091 12.8386 17.3289 18.3093 19.3112 16.121 
13.4979 12.5701 17.9898 19.8689 20.1715 15.4018 
14.834 13.0936 17.9311 18.8706 19.6602 15.3605 
16.5281 12.5468 15.6322 19.6575 20.4968 15.0136 
15.1134 11.7528 15.807 21.7009 20.5224 15.041 
15.6002 11.0938 16.5991 21.2852 20.2612 15.1292 
15.1461 10.7602 18.4891 20.8322 20.0832 14.6736 
17.1789 10.7988 15.8948 19.2831 21.3716 15.4649 
17.2629 10.5014 13.8148 19.5905 23.1858 15.6406 
16.764 11.2748 14.1363 19.4338 22.4363 15.9528 
15.7894 10.73 14.0126 20.828 22.3293 16.3097 
15.3713 10.7388 14.2493 22.0963 20.5104 17.0334 
15.6943 10.3478 13.6181 21.8706 19.9955 18.4734 
15.3579 10.1095 13.676 22.0941 20.2982 18.4642 
14.6288 9.88101 14.367 23.0162 19.6085 18.4985 
14.3875 10.0625 13.0371 21.9959 22.4872 18.0297 
14.8357 9.83472 12.8504 22.1333 22.5973 17.7485 
14.6948 9.84694 12.7633 22.8037 23.0357 16.8555 
16 16 16 16 16 16 
16.6667 14.3333 14.3333 22 16.6667 14 
15.4762 14.6956 17.0122 20.8456 17.4067 13.5637 
14.2955 13.0855 17.7274 22.1031 18.5394 13.7491 
14.7108 12.4251 17.057 20.7154 19.984 14.8577 
16.022 12.4348 16.7507 19.2466 20.8809 14.54 
14.6777 12.6618 15.7087 21.1789 20.6627 15.0478 
14.6559 11.9407 14.6836 23.0285 20.8191 14.841 
14.7089 11.4465 13.5323 21.2761 23.0286 15.9919 
15.9329 11.1154 13.3838 20.442 23.279 15.8391 
16.1856 10.5805 12.628 21.1799 23.9683 15.4538 
15.2677 10.223 13.7131 22.9218 22.5223 15.3502 
15.1125 10.026 14.3352 23.4267 21.5175 15.5811 
15.6643 10.4184 13.2487 22.0737 23.3714 15.223 
15.7403 11.0766 12.7468 22.2613 22.1449 16.0299 
14.8702 10.7883 13.3734 22.8807 22.0724 16.0149 
14.4526 10.2187 12.1692 25.0368 21.3432 16.7794 
15.1973 10.1818 12.8479 22.6633 22.2658 16.8438 
15.0987 10.0909 11.8785 24.5135 22.4965 15.9219 
14.9484 9.97819 11.3204 25.037 22.9075 15.8085 
16 16 16 16 16 16 
16.3333 13 15.3333 20 18 15.3333 
16.4311 12.905 17.1708 19.7107 18.5041 14.2782 
15.6374 11.7259 19.1323 19.2304 18.2364 15.5376 
17.0068 11.6322 18.1131 18.8032 19.802 14.3927 
16.0863 11.5033 17.8243 20.3021 19.8536 14.3054 
15.8262 11.1762 16.4593 21.4718 19.8325 15.1715 
15.3283 10.461 15.2212 22.1766 20.9332 15.8485 
14.7475 10.2305 15.9439 21.9216 20.2583 16.8826 
15.5863 10.4293 15.4599 23.0381 20.0325 15.4461 
14.1718 10.1529 16.3719 25.3051 18.4525 15.542 
14.994 10.9438 15.3288 23.3668 20.7058 14.6587 
13.8746 10.5739 14.2971 25.714 20.557 14.9824 
14.7804 10.6791 14.0113 21.6805 22.7785 16.0696 
14.7563 10.2503 13.0324 24.0099 20.9875 16.9634 
13.4651 10.1251 13.4727 24.6137 20.7111 17.6121 
13.7194 9.86606 15.47 23.0055 20.6176 17.3214 
14.8786 9.88586 16.2256 21.8801 20.6861 16.4437 
14.8954 9.76749 15.3496 20.8085 21.9659 17.2131 
15.3049 11.3123 13.6272 20.1661 23.1258 16.4637 
16 16 16 16 16 16 
14.0284 12.9645 14.383 21.4752 17.9291 17.2199 
13.6142 12.8823 15.9915 22.9376 17.3645 16.2099 
14.3581 13.7881 14.3223 21.877 19.0904 16.0641 
13.5791 12.294 14.1611 25.5385 17.7452 16.4321 
12.824 11.7505 14.6237 24.1917 19.864 16.6212 
14.4838 12.1533 15.3836 22.6339 19.7975 15.4855 
15.3559 12.4363 13.8321 22.2819 21.5215 14.541 
15.9348 11.264 12.8794 23.0675 22.9167 13.9219 
15.4792 10.7963 11.8387 21.8624 24.1344 15.8811 
14.8486 10.3745 13.0284 23.9644 23.2047 14.5756 
16.6926 10.0653 12.3678 23.2017 23.3096 14.361 
16.0386 10.1608 12.8506 21.3444 23.9625 15.642 
16.2244 10.2086 14.1176 20.4158 23.2633 15.7697 
16.8386 10.0571 13.1909 19.6419 24.1317 16.1396 
16.8305 10.4024 12.2029 19.634 23.5144 17.4156 
16.1076 10.2619 12.984 20.5458 22.486 17.6147 
15.6625 10.131 14.7529 21.3598 21.6778 16.416 
16.2346 9.89742 13.4689 21.6043 22.3935 16.4013 
14.4198 10.2008 13.6672 22.987 22.3312 16.3939 
16 16 16 16 16 16 
17.4595 13.0676 15.4324 18.1351 19.8243 14.0811 
15.6969 12.4764 17.1424 19.9282 18.5187 15.2373 
15.5568 12.2799 16.6962 20.3808 20.5094 14.077 
15.257 12.1228 16.8951 19.5921 22.0068 13.8761 
16.4268 11.4262 17.675 19.8819 20.2309 14.2342 
16.0056 11.1244 15.5475 19.6812 22.886 14.6928 
16.9651 10.7509 14.3775 19.9821 23.4713 14.4219 
16.5555 10.8442 13.6992 19.3661 23.7148 15.8047 
15.8968 10.6602 13.2782 18.7306 24.2384 17.1881 
16.0565 10.7355 13.1706 19.7257 22.93 17.3778 
16.1622 11.3486 13.0446 19.6715 22.9482 16.8229 
15.7555 10.558 12.8014 22.1613 22.8695 15.8533 
16.1704 10.1571 13.9617 21.0807 23.386 15.2437 
15.3668 10.9038 12.3206 20.2491 24.0716 17.0879 
16.6457 10.8764 12.7641 20.0302 22.8849 16.7987 
15.3097 10.2417 13.3689 21.5871 23.0145 16.4779 
15.5608 10.0354 13.3084 22.332 21.9773 16.786 
15.3235 9.97459 13.9818 22.3729 21.549 16.7982 
14.6005 9.88525 15.1542 23.8395 20.3663 16.1542 
