5 2000 100 20
16 16 16 16 16 16 
17.4771 12.902 17.8039 18.7843 15.1895 15.8431 
18.8068 11.3998 17.9463 20.4843 16.1272 14.2356 
20.7496 10.8922 15.8962 21.9729 16.5251 13.4639 
20.0111 10.9006 16.6754 21.3501 17.7171 13.0956 
18.0991 10.3064 18.0499 22.9053 18.0312 12.4831 
17.9384 10.1532 18.8398 21.823 18.4601 12.723 
17.7283 11.281 18.7265 22.5903 17.0767 12.5659 
17.9551 10.5647 16.5602 23.0376 18.3869 13.4799 
17.9814 10.2632 16.7092 22.0552 20.113 12.8702 
16.2456 10.0336 17.3742 22.5962 20.4486 13.2979 
16.3935 9.904 19.7773 22.0124 19.8108 12.1001 
16.6909 9.77826 19.3481 20.6587 21.6815 11.8415 
16.5759 9.8274 17.6988 22.675 21.3346 11.8878 
16.3961 9.73995 17.7297 22.9205 21.092 12.1215 
17.994 9.76794 16.0077 22.4807 22.1786 11.571 
18.8784 9.82468 14.7232 22.3075 22.5518 11.7143 
19.9877 9.76466 12.6359 21.0694 24.3561 12.1863 
20.1062 9.75124 12.685 21.3961 23.6012 12.4602 
17.7144 9.71433 15.6167 21.5852 23.4942 11.8753 
16 16 16 16 16 16 
18.101 12.798 17.3434 18.3535 18.6061 12.798 
19.9764 11.399 18.6717 17.6953 17.8215 13.436 
18.7091 11.5134 19.2196 18.7314 17.4379 13.8886 
18.9842 11.1271 19.9802 18.6249 17.2375 13.7961 
18.381 10.5635 20.7308 19.4977 18.2484 12.4536 
19.2695 10.2225 19.0611 19.6303 19.4009 12.3533 
16.8332 9.97506 20.0364 20.9046 20.0117 12.2078 
15.2091 9.89319 20.5842 21.207 20.7606 12.3303 
16.7648 9.90843 20.5975 19.9547 20.1131 12.6537 
17.1839 9.82313 20.2238 21.2133 19.0453 12.5066 
15.476 9.80287 22.4308 22.0197 17.6748 12.5939 
15.1525 9.8444 21.2914 22.4167 18.3431 12.9509 
16.9402 9.8692 19.6563 21.6324 20.479 11.4225 
14.8193 9.89492 21.3361 22.3241 19.3665 12.2589 
15.5009 9.92671 21.0415 21.5355 19.6417 12.3535 
16.1148 9.79607 19.4427 24.8941 17.2558 12.4964 
16.8165 9.82504 18.8454 22.4836 19.3943 12.6351 
16.5522 9.83676 18.1348 24.1206 19.3563 11.9994 
18.0139 9.7873 18.618 21.9854 19.9778 11.6177 
16 16 16 16 16 16 
15.7143 13.1429 17.4286 15.4286 18.8571 17.4286 
14.4643 11.75 18.8929 17.5357 19.7857 16.5714 
16.4572 11.7791 17.9335 17.8084 20.963 14.5588 
16.9936 10.8696 18.1301 17.47 22.8321 13.4547 
16.7321 10.3368 18.0847 19.1271 21.8082 13.7862 
17.5859 10.1329 18.6168 19.3153 20.4786 13.808 
17.2767 9.94011 18.8752 20.488 20.1671 13.2217 
17.3263 9.93459 19.0121 20.3504 20.7218 12.6392 
16.9965 9.92761 20.2203 18.5085 22.2657 12.0736 
15.2398 10.02 20.4098 20.6775 21.4325 12.2166 
17.0461 9.92803 18.8114 19.5601 22.6015 12.0509 
17.3692 9.96401 17.8673 20.1646 22.07 12.5639 
18.1224 9.80128 18.773 19.9217 21.0751 12.3061 
17.6269 9.88072 19.7451 18.5266 20.8961 13.3243 
18.4213 10.2345 18.5 18.8711 20.0559 13.9171 
19.1716 10.0001 19.2109 18.4199 19.403 13.7945 
19.5123 9.96326 19.7158 17.482 20.1794 13.1472 
18.9869 9.98163 18.8963 19.8949 19.8974 12.3428 
17.6902 9.90885 18.8744 21.2179 20.3995 11.9091 
16 16 16 16 16 16 
15.8804 12.8913 15.337 16.9674 19.413 17.5109 
16.0388 12.4316 17.7037 18.1668 19.0375 15.6216 
15.8661 11.5078 18.8883 18.39 19.3728 15.475 
15.2323 11.4108 19.8456 19.7789 18.4455 15.0368 
16.3848 11.1159 19.4377 22.0163 17.9914 12.9288 
15.8165 10.5225 18.7614 22.533 20.1659 12.1382 
14.9395 10.144 20.1229 21.8134 20.6298 12.3191 
15.1773 11.0009 20.7334 21.5786 19.2082 12.286 
16.524 10.4434 17.4009 23.527 20.0604 12.0365 
16.4651 10.1045 16.1223 24.0682 21.3583 11.8776 
16.2549 9.903 17.5761 22.2953 21.8732 12.0955 
16.7417 9.82042 17.9641 21.6345 21.2362 12.6021 
17.3934 9.79743 18.5685 20.9676 20.7685 12.504 
17.6662 9.86054 18.0629 21.3617 21.4529 11.5955 
16.5254 9.87533 18.3721 21.1204 22.2649 11.8417 
17.5369 9.77637 17.6538 19.4312 23.2292 12.3725 
18.0426 9.7269 19.1092 19.5946 22.0985 11.4282 
19.3799 9.84353 18.3195 19.9567 21.0094 11.491 
17.6747 9.86473 18.8556 21.1951 20.2005 12.2094 
16 16 16 16 16 16 
14.3218 12.8851 17.1954 21.5057 15.7586 16.3333 
14.003 12.4074 17.7205 20.7529 18.7565 15.3596 
13.7288 11.6583 19.4057 20.9219 19.1964 14.5889 
13.8819 11.0923 19.1765 23.4434 19.4228 12.7331 
15.9297 10.4151 20.2624 21.085 20.3855 11.7972 
15.3512 10.1318 20.1691 23.6107 18.7155 11.9592 
16.5095 10.0129 21.0386 22.7594 18.1917 11.4566 
16.0792 9.96827 20.8246 22.4484 18.447 12.2169 
15.8754 9.83488 21.7929 22.2317 18.5518 11.7055 
14.8218 9.80875 21.766 22.3477 18.8774 12.3745 
14.8736 9.75512 21.7039 21.6216 18.3939 13.6499 
16.6821 9.78322 20.2859 20.8108 19.3856 13.0514 
17.3976 9.79727 20.5203 20.5941 18.3721 13.3181 
17.8942 10.071 19.8387 21.4082 17.9983 12.7893 
16.6852 9.99584 21.0305 21.8152 18.1261 12.3471 
18.2327 9.94298 19.3064 22.8124 17.6711 12.0343 
16.8231 9.85871 18.4878 22.3084 20.1138 12.4081 
17.7866 9.81217 17.447 23.0683 19.6272 12.2588 
18.4171 9.8664 17.4537 23.0421 19.139 12.0818 
