5 2000 100 20
16 16 16 16 16 16 
13.4422 14.4626 20.2449 17.1837 15.483 17.1837 
14.2211 12.4099 21.3724 17.699 17.7415 15.5561 
14.7618 12.0768 21.5403 19.5256 17.9455 13.6499 
13.9957 11.2913 22.6379 20.2687 17.9222 13.6343 
14.4691 11.2012 23.0048 18.9466 18.5396 13.7137 
15.5341 10.8638 22.8384 18.9875 18.784 12.9297 
15.3716 10.565 22.826 19.95 17.757 13.4991 
14.0077 10.4549 24.0567 20.1283 17.4992 13.8377 
13.1577 10.2274 26.0668 21.218 16.8265 12.4958 
13.9097 10.0009 26.7552 21.5112 16.308 11.511 
13.3255 9.82673 27.0842 21.7595 16.6482 11.354 
13.3294 9.91336 25.2088 22.176 17.9537 11.4177 
12.1794 9.91992 25.2882 23.7718 17.0651 11.775 
12.9079 9.8842 26.6593 21.1662 17.8129 11.5693 
13.2336 9.81498 26.6771 19.4814 19.2878 11.505 
13.5889 10.0868 26.8844 17.3104 19.6041 12.5254 
13.7983 9.9072 25.699 19.1611 19.3351 12.0993 
14.321 9.83641 29.0604 17.393 17.8707 11.5184 
14.8201 9.81182 28.1472 15.505 19.3609 12.3549 
16 16 16 16 16 16 
13.9006 12.9689 21.0435 16.3851 18.8696 14.8323 
14.6709 12.5506 20.4482 19.222 19.1774 12.9309 
14.1184 11.7017 21.0768 18.7195 21.0228 12.8608 
13.534 10.8868 23.3082 21.2303 18.7848 12.0059 
13.5339 10.5186 22.9323 20.9535 19.3548 12.5819 
14.0397 10.1684 23.2843 19.0222 20.4047 13.0182 
15.0422 9.93494 22.4631 20.5186 19.7173 12.2927 
14.5064 9.93071 22.6286 21.4725 19.4175 12.0287 
12.9395 9.86731 23.2751 21.5206 19.7087 12.681 
14.4097 9.86928 22.5817 20.6315 19.7256 12.7783 
13.6796 9.79075 21.5427 21.8266 20.2945 12.864 
14.3201 9.81664 22.5824 21.1495 19.7929 12.3375 
14.9914 9.7276 25.1466 19.2093 18.7318 12.1928 
14.8542 9.76946 24.8375 19.2273 17.8565 13.4549 
15.6963 9.88473 24.9187 18.0752 18.7359 12.689 
14.9363 9.92321 25.2946 17.8499 18.5634 13.4326 
17.0187 9.83052 23.5087 19.7863 18.0832 11.7725 
15.0637 9.78417 22.8031 20.9419 19.3412 12.066 
15.7671 9.79405 24.1466 20.0788 18.4941 11.7193 
16 16 16 16 16 16 
18.9677 12.8387 18.9677 14.7742 19.6129 12.8387 
18.9101 12.5669 17.8855 15.3789 22.3065 11.9521 
18.1949 11.9745 18.2923 17.6488 21.5191 11.8704 
15.8024 12.5007 17.1922 20.3187 22.4454 11.4907 
15.3012 11.2503 20.1961 18.5593 22.4227 12.1454 
15.7534 10.5659 20.9676 18.7658 21.8833 12.0015 
17.2021 10.2433 20.8013 20.2956 19.6718 11.7547 
15.4784 9.95434 24.1553 19.8132 18.572 12.0112 
14.882 9.86439 23.1679 21.3728 18.3085 12.3966 
15.0746 9.89403 23.0343 20.6101 18.3146 13.0685 
16.2246 9.77327 22.521 19.7645 18.2306 13.4841 
14.9564 9.8296 23.4278 19.9583 18.8111 13.0158 
14.5663 9.89564 23.0166 21.2818 18.601 12.6382 
14.6002 9.82587 23.9067 20.397 18.8533 12.4166 
15.5354 9.8149 22.1494 20.7867 19.2306 12.4828 
14.6118 10.4208 21.9112 19.8991 19.8815 13.2756 
15.9334 10.1123 20.5634 20.5378 19.7446 13.1084 
16.6623 9.99688 17.594 20.3479 21.73 13.6688 
14.9049 9.97852 19.7532 20.5325 21.2236 13.6073 
16 16 16 16 16 16 
14.962 12.7468 14.962 22.557 18.1266 14.6456 
15.1174 11.6461 18.7537 23.4603 16.8815 13.141 
15.2229 10.7501 21.4207 23.409 16.4699 12.2274 
14.629 10.2873 20.8858 24.6869 17.3578 11.9032 
14.2433 10.9489 22.0534 23.954 16.9186 11.7568 
14.7845 10.4553 20.9884 24.6207 18.0378 11.0508 
14.7852 10.6751 22.751 22.8162 17.5792 11.362 
13.8812 10.2994 21.6808 25.7211 17.5682 10.8337 
13.5195 10.0369 23.6224 25.0786 16.3029 11.4319 
13.0795 9.85117 25.7517 24.8069 15.2147 11.2921 
13.0036 9.86855 25.6135 23.4301 16.7328 11.3495 
13.8495 9.77299 24.4555 22.8262 17.6854 11.4095 
13.9286 9.75031 23.5118 23.4753 17.9867 11.3468 
13.6951 9.87515 25.6021 22.1223 17.6472 11.058 
15.5685 9.78254 24.0413 21.5263 17.5445 11.5368 
14.3479 9.71752 26.3064 21.767 16.8804 10.9807 
15.5724 9.74157 24.286 20.6491 18.5964 11.1544 
15.1505 9.71575 24.9337 20.2083 18.9881 11.0036 
13.6685 9.69658 24.1156 21.9321 18.6339 11.9534 
16 16 16 16 16 16 
14.7308 14.7308 21.141 17.6154 16.9744 12.8077 
15.4178 12.4216 21.2447 17.9837 19.3486 12.5836 
14.1904 12.3219 20.8075 18.9919 20.2299 12.9585 
15.3305 12.4355 20.5998 18.3195 20.311 12.7537 
15.3281 12.9227 23.3267 16.631 19.3509 12.3156 
14.6679 11.5197 24.3093 17.4595 20.3758 11.6053 
15.8122 11.412 21.9373 17.208 21.9271 11.6722 
16.3375 10.608 21.7529 17.6236 22.14 11.5224 
14.967 10.1286 24.6923 17.5837 20.9384 11.6822 
13.7573 10.0072 24.1332 19.2481 20.7354 12.1149 
14.9431 9.84233 22.7521 19.3015 20.8516 12.3074 
15.3882 9.92117 22.626 18.6091 21.4674 11.9871 
14.623 9.8295 22.3617 19.2296 21.7824 12.1733 
14.899 9.77856 24.0213 17.5915 20.4243 13.2851 
14.7755 9.83434 26.4795 18.5027 18.637 11.7708 
14.7521 9.76213 24.0925 20.6855 18.2333 12.4745 
15.1119 10.3528 23.1783 20.9088 17.7959 12.6524 
16.0146 10.0636 24.3711 21.5446 16.0408 11.9653 
15.5261 9.91902 22.8998 22.2385 17.043 12.3736 
