5 2000 100 20
16 16 16 16 16 16 
15.0946 12.7297 18.1351 19.8243 16.1081 16.1081 
14.948 11.5995 18.4538 19.6595 19.6064 14.7328 
14.5621 11.5469 19.5718 19.7914 19.1902 14.8376 
14.6396 11.6225 19.2198 21.7825 19.029 13.4566 
14.8001 11.3231 21.6178 22.8991 17.5854 11.6495 
14.7261 10.6066 22.8968 21.8891 18.3165 11.5024 
14.8818 10.1905 24.0424 21.4709 17.8049 11.5783 
14.9881 10.0009 22.3986 20.1694 20.9779 11.4495 
15.6072 9.90612 21.7653 19.33 21.8097 11.5738 
15.5256 9.77931 22.8518 19.7036 20.7504 11.3854 
15.5753 9.77247 23.5353 19.2268 20.1408 11.7474 
15.9316 9.81048 20.8585 20.0301 20.6765 12.6919 
15.188 9.90524 22.4663 20.3854 19.0419 13.0126 
16.2897 10.4862 21.9051 17.7026 20.1929 13.4233 
16.5418 10.2049 21.067 20.1108 18.4934 13.5819 
16.8587 10.0643 18.7396 21.1241 19.552 13.6612 
16.9235 9.85841 19.2154 20.2146 20.0077 13.7804 
16.7951 9.85345 20.2137 19.9558 18.9054 14.2766 
16.8562 9.81394 20.4452 19.5644 19.6031 13.7172 
16 16 16 16 16 16 
17.4675 12.7337 13.9172 19.5385 19.5385 14.8047 
17.979 12.4046 16.9586 18.6372 19.5806 13.4401 
18.1165 11.5594 18.2015 16.8583 21.2982 13.4661 
17.141 10.8549 20.7549 18.5795 19.4837 12.936 
16.7766 10.3893 21.2553 18.6409 19.6655 13.1474 
16.1241 10.1003 21.3824 16.8676 21.9082 13.5548 
16.3313 10.0502 23.1912 15.9338 21.3387 13.1236 
17.329 10.0052 22.1534 16.3334 21.2271 12.9363 
17.3518 9.82883 22.8527 15.8887 21.6174 12.4527 
15.7927 9.84142 24.0176 15.6086 22.1226 12.6132 
16.7086 9.90155 25.4188 16.425 19.4904 12.0537 
16.625 9.838 26.2432 16.4832 19.3317 11.478 
15.8031 10.9115 25.8557 16.6686 18.8419 11.9188 
16.0983 10.3738 25.4278 18.5802 18.2324 11.2873 
16.9639 10.0319 24.148 19.3676 18.0309 11.4576 
15.2235 9.88484 25.9317 19.0471 17.6297 12.2831 
14.9151 9.81133 25.1381 20.5722 17.2418 12.3213 
13.2757 9.81476 25.66 21.5588 17.3482 12.3425 
13.8601 9.90738 24.3115 22.4461 17.3778 12.0972 
16 16 16 16 16 16 
15.3333 13 17.6667 20 17.3333 14.6667 
16 12.3712 17.7348 19.0909 19.6515 14.1515 
15.7068 12.5766 17.89 20.2597 19.2243 13.8427 
16.4614 11.2333 20.6666 18.9211 19.1359 13.3316 
17.6647 11.6544 21.088 17.7624 19.568 12.1375 
15.0823 11.0691 22.8424 19.1635 19.0582 12.722 
15.2183 10.4558 22.6417 18.8337 20.159 12.6602 
15.3611 10.0729 21.786 19.3006 20.5446 12.9192 
16.308 9.9384 20.3047 19.0621 20.8605 13.5184 
15.4848 9.85642 20.8667 21.937 19.6408 12.2104 
14.7737 9.81102 22.9333 22.2966 18.6095 11.5739 
13.5207 9.73822 22.6191 23.2301 19.3419 11.549 
15.2584 9.80982 21.7838 20.5083 20.5405 12.0986 
16.2357 9.82294 21.5477 20.5001 19.9014 11.9919 
16.1097 9.82951 21.2247 20.9058 20.1966 11.7337 
16.5259 9.87343 20.9429 20.7835 20.0157 11.8586 
17.1433 9.76297 21.2823 21.2025 19.8534 10.7555 
16.9701 9.7643 21.188 20.7575 20.0829 11.2371 
17.6647 9.76496 19.5784 19.9491 21.5649 11.4779 
16 16 16 16 16 16 
16.9744 14.0897 13.7692 15.3718 21.4615 16.3333 
17.5613 12.9708 14.292 17.6859 21.2863 15.2037 
16.4277 11.9756 13.8127 21.392 22.2118 13.6803 
15.6566 10.9496 17.0208 21.7647 22.1746 12.1837 
17.298 10.3991 18.1695 19.9733 22.0721 11.963 
16.8865 10.1804 21.3453 19.182 20.8062 11.5371 
17.0207 10.3203 21.5513 18.1684 20.4449 12.4631 
17.4119 10.0844 21.1923 18.7433 20.071 12.4815 
16.3552 9.89295 20.4842 20.3791 19.737 13.1438 
14.6737 9.86773 21.8563 22.0006 19.1205 12.4774 
15.9982 9.85513 22.3455 21.4334 18.2216 12.1442 
16.3946 9.77831 21.8071 21.5376 18.8123 11.6691 
14.6176 9.75297 22.9658 20.691 19.912 12.0602 
15.9433 9.69576 23.7319 19.1808 19.7954 11.6526 
15.1415 9.75354 25.4509 19.0244 18.9543 11.6754 
16.131 9.74058 26.1495 17.8779 18.8157 11.2852 
17.2812 9.77225 24.4473 18.7429 19.2118 10.5445 
16.8523 9.81313 23.72 19.4079 19.2774 10.9292 
15.5112 9.76487 24.0058 19.0157 19.9626 11.7399 
16 16 16 16 16 16 
16.9506 12.9383 17.5679 16.0247 18.4938 16.0247 
17.4448 12.0035 17.7534 15.4551 20.6973 15.6459 
17.3431 12.7067 19.9878 16.3482 18.0115 15.1027 
15.7326 13.2236 22.5893 14.281 19.3111 14.6124 
16.5872 12.0382 23.8916 13.9234 19.9269 13.5077 
15.9859 11.0191 22.3304 16.3848 21.3096 12.9077 
15.5326 10.4699 23.4668 16.7241 21.3691 12.4062 
16.9297 10.215 22.092 18.5214 20.0471 12.1792 
18.8024 9.95982 19.0629 18.7544 20.994 12.4187 
18.855 10.232 18.355 17.7806 22.6819 12.0917 
17.794 10.0961 19.9345 18.6512 22.0979 11.4243 
18.2088 9.90634 18.8741 17.0179 24.6117 11.3802 
17.8693 9.93325 19.7956 18.2699 22.266 11.8654 
18.6054 9.9049 19.9801 18.3942 22.0384 11.0767 
18.7677 9.89072 22.13 17.016 20.69 11.5054 
18.4932 9.80366 23.2107 15.9979 21.2762 11.2183 
17.5127 9.74054 22.4925 17.4748 20.7187 12.0608 
17.2241 9.91059 23.7462 16.3987 20.44 12.2804 
17.1998 9.91713 21.6059 18.5047 20.7162 12.0562 
