3 10000 300 33
14 14 14 14 14 14 14 
11.5977 14.4713 18.7816 17.3448 15.3333 10.7356 10.7356 
10.8336 16.0898 21.1964 16.8321 15.8264 9.36087 9.36087 
10.6377 16.6794 23.6504 16.649 14.7405 8.6965 8.6965 
11.6479 16.3566 24.9054 15.9194 13.9103 8.56766 8.56766 
12.074 14.6687 25.6738 15.4116 13.9263 9.09152 9.09152 
12.3785 13.6758 27.715 14.5351 12.8168 9.42381 9.42381 
12.6996 13.6087 25.3158 15.6009 12.9188 9.92024 9.92024 
12.9636 14.4763 23.769 14.9433 13.3377 10.2511 10.2511 
13.5856 13.2491 23.3599 15.3951 13.2262 10.59 10.59 
14.9323 12.7292 22.7265 13.8022 13.5899 11.109 11.109 
14.4886 13.9489 21.7565 13.6427 13.8174 11.1725 11.1725 
15.2325 13.7792 21.5291 13.0344 13.4176 11.5034 11.5034 
15.0127 13.9902 21.1196 13.3219 13.2177 11.6689 11.6689 
15.6824 13.5989 19.9938 13.2647 13.2126 12.1237 12.1237 
14.938 13.8962 19.3517 13.7291 13.0579 12.5135 12.5135 
14.6119 14.091 17.499 14.0074 13.6718 13.0595 13.0595 
14.3059 14.0455 17.7495 13.6704 13.8359 13.1964 13.1964 
14.6693 14.2123 17.6983 13.6979 13.4539 13.1341 13.1341 
14.4269 14.1983 16.2959 13.9412 13.8191 13.6593 13.6593 
14.5561 14.0922 15.8403 13.9636 13.9026 13.8226 13.8226 
14.5194 13.9426 15.5063 14.2232 14.1927 13.8079 13.8079 
14.4026 14.1142 14.896 14.2544 14.2392 14.0468 14.0468 
14.3441 14.1999 14.5909 14.2701 14.2625 14.1663 14.1663 
14.3149 14.2428 14.4383 14.2779 14.2741 14.226 14.226 
14.5001 14.1144 14.9115 14.132 14.13 14.106 14.106 
14.3929 14.2001 14.5986 14.2088 14.2079 14.1959 14.1959 
14.3393 14.2429 14.4421 14.2473 14.2468 14.2408 14.2408 
14.1627 14.1145 15.263 14.1166 14.1164 14.1134 14.1134 
14.2242 14.2001 14.7744 14.2012 14.2011 14.1996 14.1996 
14.255 14.2429 14.53 14.2434 14.2434 14.2426 14.2426 
14.1697 14.1637 15.0115 14.164 14.1639 14.1636 14.1636 
14.1771 14.5287 14.5979 14.1742 14.1742 14.174 14.174 
14.2314 14.4072 14.4418 14.23 14.2299 14.2298 14.2298 
14 14 14 14 14 14 14 
11.703 14.4257 17.396 17.1485 16.4059 10.9604 10.9604 
12.1976 14.1359 22.7365 16.6512 15.126 9.32635 9.32635 
12.9073 14.0893 23.7087 17.049 14.1588 8.9185 8.9185 
12.4444 14.4179 26.14 15.6674 13.0702 9.06754 9.06754 
12.4103 14.3872 25.4463 15.0119 13.7133 9.48427 9.48427 
12.7905 14.7546 26.1378 14.0913 12.9542 9.62018 9.62018 
14.277 14.5201 24.6452 14.4348 12.6347 9.7362 9.7362 
14.0904 13.9446 24.3547 13.9019 13.2692 10.2157 10.2157 
14.2644 13.6568 23.6747 14.4376 13.0517 10.4554 10.4554 
15.0127 13.8936 22.9786 13.7405 13.0476 10.6625 10.6625 
13.9928 13.4333 25.0028 13.3568 12.4697 11.0069 10.7367 
14.097 14.1131 22.5606 13.4831 13.0396 11.4206 11.2855 
14.4349 14.727 21.7917 13.2756 12.4857 11.9603 11.3246 
14.2238 14.0514 20.1315 13.9627 13.2492 12.3496 12.0317 
14.5794 14.4932 18.5073 13.7995 13.4428 12.6683 12.5094 
14.0205 14.6184 18.228 14.2716 13.4522 12.7444 12.6649 
14.1048 14.4038 16.8843 14.2304 14.1585 13.129 13.0892 
14.0454 14.1949 16.1344 14.1082 14.4219 13.5575 13.5376 
13.8254 14.5804 16.2305 14.197 14.0137 13.5815 13.5715 
14.0556 14.4331 15.2581 14.2413 14.1497 13.9336 13.9286 
14.12 14.6633 14.7212 14.2129 14.167 14.059 14.0565 
14.3014 14.2282 14.9468 14.3478 13.9801 14.2709 13.9248 
14.2935 14.257 14.6163 14.3168 14.1329 14.2783 14.1053 
14.2896 14.2713 14.451 14.3012 14.2093 14.282 14.1955 
14.4875 14.1287 14.5682 14.4933 14.0977 14.134 14.0908 
14.3866 14.2072 14.4269 14.3895 14.1917 14.2099 14.1882 
14.3362 14.2465 14.3563 14.3376 14.2387 14.2478 14.237 
14.3109 14.2661 14.321 14.3117 14.2622 14.2668 14.2613 
14.2983 13.9358 14.9836 14.2987 14.6141 13.9361 13.9334 
14.292 14.1107 14.6347 14.2922 14.4499 14.1109 14.1096 
14.2889 14.1982 14.4602 14.289 14.3678 14.1983 14.1976 
14.1374 14.4418 14.9224 14.1375 14.1769 14.0922 14.0918 
14.2116 14.3637 14.6041 14.2116 14.2313 14.1889 14.1888 
14 14 14 14 14 14 14 
13.7204 13.9892 20.172 14.2581 15.3333 10.7634 10.7634 
13.1102 14.078 23.4194 15.254 14.5417 9.54839 9.54839 
14.2804 13.9059 23.7268 15.1377 14.567 9.06604 9.06604 
13.662 13.0399 25.9939 16.2645 13.1531 8.88085 8.88085 
13.2826 13.4324 27.2826 15.5055 12.3369 9.04872 9.04872 
12.7224 15.0495 27.1548 14.5095 12.4748 9.02886 9.02886 
12.8716 15.3373 25.2962 14.286 12.7478 9.72277 9.72277 
12.72 15.3189 23.3038 14.2468 13.7509 10.3259 10.3259 
12.995 16.6642 23.0263 13.9955 13.5105 9.90227 9.90227 
12.8751 16.4954 23.7581 14.3957 12.3675 10.0532 10.0532 
13.5804 15.6763 22.7362 13.4836 13.0409 10.7409 10.7409 
13.7734 16.218 20.586 14.2837 13.2244 10.957 10.957 
13.6768 15.8251 19.8609 14.2406 13.0937 11.6514 11.6514 
13.5869 15.5812 19.4396 14.4823 12.9885 11.9606 11.9606 
13.3803 14.3774 21.0971 14.1274 13.0811 11.9683 11.9683 
14.4604 13.9455 18.9945 13.8204 13.2973 12.7409 12.7409 
14.422 13.8221 17.7164 14.102 13.498 13.2198 13.2198 
14.5027 13.8555 16.4971 14.3427 13.6934 13.5543 13.5543 
14.6457 13.97 15.6429 14.2136 13.889 13.8194 13.8194 
14.7172 14.0272 15.2158 14.149 13.9867 13.952 13.952 
14.6503 13.9581 15.594 14.019 13.9378 13.9204 13.9204 
14.4173 14.0712 15.2438 14.1017 14.0611 14.0524 14.0524 
14.3515 14.1785 14.7648 14.1937 14.1734 14.1691 14.1691 
14.3675 14.281 15.2591 13.9462 14.2785 13.9338 13.9338 
14.3266 14.2834 14.7724 14.1159 14.2821 14.1098 14.1098 
14.3062 14.2845 14.5291 14.2008 14.2839 14.1977 14.1977 
14.1953 14.5366 14.6589 14.1427 14.1842 14.1411 14.1411 
14.2405 14.4112 14.4723 14.2142 14.235 14.2134 14.2134 
14.2631 14.3484 14.379 14.25 14.2603 14.2496 14.2496 
14.2744 14.3171 14.3324 14.2678 14.273 14.2676 14.2676 
14.4799 14.5012 14.5088 14.1269 14.1295 14.1268 14.1268 
14.3828 14.3935 14.3973 14.2063 14.2076 14.2063 14.2063 
14.3343 14.3396 14.3415 14.246 14.2467 14.246 14.246 
