5 2000 100 20
16 16 16 16 16 16 
14.015 16.6466 15.8947 17.0226 18.5263 15.8947 
13.3537 15.0541 17.9474 17.5497 19.0709 16.0243 
13.5128 13.1911 19.1299 19.5171 19.887 14.2621 
13.3301 11.7748 19.7243 18.5235 21.4973 14.9 
13.3317 10.9855 22.4112 18.0853 20.7486 14.3127 
14.1008 10.3254 24.9602 17.9646 19.1104 13.4761 
15.2288 9.99543 25.3054 16.789 19.5924 13.0577 
15.5092 9.88494 25.0587 16.8531 19.7586 12.9198 
16.5195 9.92255 26.2744 16.5939 18.2458 12.436 
15.4303 9.80623 26.8969 18.3745 17.2624 12.2258 
15.1296 9.84608 26.5663 20.0237 16.2358 12.1965 
14.8197 9.825 25.8322 20.0119 17.9218 11.5885 
14.7962 9.83674 26.7418 19.665 18.0518 10.9079 
13.7726 9.89845 27.1159 21.9839 16.3964 10.8324 
14.1897 9.81814 28.7265 21.8534 14.9398 10.4724 
15.825 9.86939 25.6728 21.2441 16.5969 10.7918 
15.7369 9.89653 25.8135 20.9274 16.6954 10.9302 
14.4576 9.98702 28.4106 18.2156 16.8748 12.0543 
14.4554 9.87632 26.51 18.4828 17.6171 13.0584 
16 16 16 16 16 16 
15.2414 14.8966 16.9655 18 17.6552 15.2414 
14.3515 13.2175 18.6751 19.7692 17.0968 15.8899 
14.656 12.908 20.558 18.9397 17.013 15.4253 
12.5004 12.2011 22.5395 20.3894 16.744 15.3755 
13.1021 12.0265 23.6772 17.7873 18.372 14.91 
13.8307 10.9941 23.3328 19.43 18.573 13.7768 
13.3305 10.4027 25.2513 18.5829 19.0978 13.3035 
13.3059 10.0842 24.735 18.6665 19.7052 13.4877 
12.7754 9.94004 25.6328 17.7006 20.0567 13.8867 
12.4713 9.91299 26.6947 17.7857 19.534 13.5973 
12.6459 9.90155 28.1825 18.9661 17.2762 13.0258 
13.0853 10.0737 26.1814 19.7289 17.6545 13.2752 
12.8403 10.5712 25.877 20.1698 17.7967 12.7445 
15.3843 10.2657 23.0979 18.8498 19.0577 13.3443 
13.8719 10.189 24.6575 20.0991 17.7686 13.4137 
12.9601 9.91379 29.5978 16.2744 18.1212 13.1326 
14.9863 9.93615 27.4545 14.9837 20.2639 12.3754 
14.8575 9.81303 28.0683 15.8252 19.4343 12.0017 
15.5637 9.86683 28.3199 16.4443 18.8441 10.9611 
16 16 16 16 16 16 
13.9859 15.0423 16.0986 15.3944 22.0845 15.3944 
13.6336 13.9664 17.8149 16.2909 21.7844 15.5097 
14.7463 13.1506 18.1586 15.8547 22.5662 15.0236 
13.8949 12.8994 21.9251 15.6349 21.1645 14.2311 
14.6398 11.4497 21.9241 18.5867 20.0053 13.2694 
16.375 12.4178 21.3951 16.3799 19.8452 13.5245 
16.7649 11.6482 24.5051 15.9306 18.7092 12.4108 
16.5125 12.3282 25.2607 14.2661 18.0944 13.5225 
15.5082 11.6984 24.2716 17.8201 16.8716 13.8223 
15.898 10.9629 23.1206 19.1373 16.7692 14.1081 
15.9568 10.3642 22.4978 18.1624 18.9315 14.0853 
16.0363 10.1408 23.2324 18.3787 18.9699 13.241 
15.27 10.0322 26.12 16.8229 18.0727 13.6816 
14.3017 9.91808 26.7855 16.0585 19.2324 13.7035 
15.6154 9.8803 25.4006 16.1001 19.6556 13.3478 
16.7363 9.90047 24.8035 16.185 19.55 12.8247 
15.7979 9.76951 24.0483 19.9399 18.0079 12.4365 
16.6855 9.69647 23.112 19.5934 19.255 11.6576 
15.5133 9.6932 23.5715 19.8742 19.1236 12.2241 
16 16 16 16 16 16 
13.5147 13.8824 20.5 17.5588 16.0882 16.4559 
14.0607 11.8101 20.7369 20.0154 16.2838 16.0931 
13.8485 10.8293 22.1109 20.0456 18.3692 14.2966 
15.0638 10.6472 22.1019 19.9065 18.2931 13.7374 
14.3946 10.8138 23.6 20.9336 17.9701 12.1628 
14.5007 10.8376 23.785 20.3919 18.1611 12.2612 
13.4768 10.5131 24.3453 20.9507 18.3258 12.357 
15.8654 10.6137 23.4822 19.0071 18.6867 12.3293 
14.8924 10.2519 25.2942 18.2948 18.5009 12.7581 
13.0018 10.2847 26.536 19.8617 17.9806 12.3314 
12.4533 10.1027 25.9664 20.8435 17.9189 12.7133 
12.2706 9.99639 26.5363 21.7771 17.018 12.4006 
13.6259 9.86711 24.6914 20.6264 19.1832 12.0056 
14.071 9.77226 24.2409 19.3858 19.8738 12.656 
14.2874 9.84796 23.5708 18.0898 20.8148 13.3891 
14.4796 9.75024 23.5615 19.0835 20.446 12.6791 
13.306 9.83835 23.7293 20.3874 19.7818 12.9572 
11.7812 9.86423 26.8829 19.7175 18.499 13.2552 
12.5956 9.91296 26.8514 18.671 19.2112 12.7578 
16 16 16 16 16 16 
14.129 12.8387 19.2903 20.2581 17.0323 14.4516 
13.8061 11.6628 21.2556 18.1815 19.3776 14.7164 
15.5645 10.7527 19.2892 18.3427 20.1218 15.4291 
15.7504 10.5556 21.5968 18.1355 19.6227 14.089 
15.6271 10.1228 21.4573 19.9205 19.8889 12.8585 
15.5957 10.1197 19.6781 20.2715 21.6176 12.6549 
15.5925 10.0028 20.4854 20.7821 20.6947 12.4111 
15.4591 9.98226 19.4381 21.119 20.6922 13.2937 
15.5218 9.96949 18.1606 20.9491 21.1686 14.2226 
14.1811 10.2377 17.2515 22.1477 21.6738 14.5043 
15.3567 9.95754 15.8838 21.961 22.5304 14.3086 
15.0142 9.80503 18.1736 21.2121 20.7247 15.0694 
14.7088 9.84078 19.3749 21.0999 20.6504 14.3248 
13.7544 9.92039 18.8874 21.7499 21.5252 14.1624 
14.4353 9.80516 19.3274 21.7277 20.8401 13.8641 
15.8177 9.90258 19.0637 21.0638 21.0201 13.1321 
14.498 9.79625 20.1908 21.1908 20.5875 13.7366 
13.4747 9.76194 21.574 22.074 19.8268 13.2885 
13.9087 9.86105 21.9424 20.798 20.0728 13.4172 
