3 10000 300 33
14 14 14 14 14 14 14 
13 15 19 19 11 11 11 
13.6429 14.6429 16.6429 16.6429 12.6429 12.6429 12.6429 
13.9643 14.4643 15.4643 15.4643 13.4643 13.4643 13.4643 
14.125 14.375 14.875 14.875 13.875 13.875 13.875 
14.2054 14.3304 14.5804 14.5804 14.0804 14.0804 14.0804 
14.2455 14.308 14.433 14.433 14.183 14.183 14.183 
14.2656 14.2969 14.3594 14.3594 14.2344 14.2344 14.2344 
14.2757 14.2913 14.3225 14.3225 14.26 14.26 14.26 
14.2807 14.2885 14.3041 14.3041 14.2729 14.2729 14.2729 
14.2832 14.2871 14.2949 14.2949 14.2793 14.2793 14.2793 
14.2845 14.2864 14.2903 14.2903 14.2825 14.2825 14.2825 
14.2851 14.2861 14.288 14.288 14.2841 14.2841 14.2841 
14.2854 14.2859 14.2869 14.2869 14.2849 14.2849 14.2849 
14.2856 14.2858 14.2863 14.2863 14.2853 14.2853 14.2853 
14.2856 14.2858 14.286 14.286 14.2855 14.2855 14.2855 
14.2857 14.2857 14.2859 14.2859 14.2856 14.2856 14.2856 
14.2857 14.2857 14.2858 14.2858 14.2857 14.2857 14.2857 
14.2857 14.2857 14.2858 14.2858 14.2857 14.2857 14.2857 
14.2857 14.2857 14.2857 14.2857 14.2857 14.2857 14.2857 
14.2857 14.2857 14.2857 14.2857 14.2857 14.2857 14.2857 
14.2857 14.2857 14.2857 14.2857 14.2857 14.2857 14.2857 
14.2857 14.2857 14.2857 14.2857 14.2857 14.2857 14.2857 
14.2857 14.2857 14.2857 14.2857 14.2857 14.2857 14.2857 
14.2857 14.2857 14.2857 14.2857 14.2857 14.2857 14.2857 
14.2857 14.2857 14.2857 14.2857 14.2857 14.2857 14.2857 
14.2857 14.2857 14.2857 14.2857 14.2857 14.2857 14.2857 
14.2857 14.2857 14.2857 14.2857 14.2857 14.2857 14.2857 
14.2857 14.2857 14.2857 14.2857 14.2857 14.2857 14.2857 
14.2857 14.2857 14.2857 14.2857 14.2857 14.2857 14.2857 
14.2857 14.2857 14.2857 14.2857 14.2857 14.2857 14.2857 
14.2857 14.2857 14.2857 14.2857 14.2857 14.2857 14.2857 
14.2857 14.2857 14.2857 14.2857 14.2857 14.2857 14.2857 
14.2857 14.2857 14.2857 14.2857 14.2857 14.2857 14.2857 
14 14 14 14 14 14 14 
11.4118 14.3529 23.1765 15.8235 14.3529 9.94118 9.94118 
12.8487 14.3193 18.7311 15.0546 14.3193 12.1134 12.1134 
13.5672 14.3025 16.5084 14.6702 14.3025 13.1996 13.1996 
13.9265 14.2941 15.3971 14.4779 14.2941 13.7426 13.7426 
14.1061 14.2899 14.8414 14.3818 14.2899 14.0142 14.0142 
14.1959 14.2878 14.5636 14.3338 14.2878 14.1499 14.1499 
14.2408 14.2868 14.4246 14.3097 14.2868 14.2178 14.2178 
14.2633 14.2862 14.3552 14.2977 14.2862 14.2518 14.2518 
14.2745 14.286 14.3204 14.2917 14.286 14.2687 14.2687 
14.2801 14.2858 14.3031 14.2887 14.2858 14.2772 14.2772 
14.2829 14.2858 14.2944 14.2872 14.2858 14.2815 14.2815 
14.2843 14.2857 14.2901 14.2865 14.2857 14.2836 14.2836 
14.285 14.2857 14.2879 14.2861 14.2857 14.2847 14.2847 
14.2854 14.2857 14.2868 14.2859 14.2857 14.2852 14.2852 
14.2855 14.2857 14.2863 14.2858 14.2857 14.2854 14.2854 
14.2856 14.2857 14.286 14.2858 14.2857 14.2856 14.2856 
14.2857 14.2857 14.2858 14.2857 14.2857 14.2856 14.2856 
14.2857 14.2857 14.2858 14.2857 14.2857 14.2857 14.2857 
14.2857 14.2857 14.2857 14.2857 14.2857 14.2857 14.2857 
14.2857 14.2857 14.2857 14.2857 14.2857 14.2857 14.2857 
14.2857 14.2857 14.2857 14.2857 14.2857 14.2857 14.2857 
14.2857 14.2857 14.2857 14.2857 14.2857 14.2857 14.2857 
14.2857 14.2857 14.2857 14.2857 14.2857 14.2857 14.2857 
14.2857 14.2857 14.2857 14.2857 14.2857 14.2857 14.2857 
14.2857 14.2857 14.2857 14.2857 14.2857 14.2857 14.2857 
14.2857 14.2857 14.2857 14.2857 14.2857 14.2857 14.2857 
14.2857 14.2857 14.2857 14.2857 14.2857 14.2857 14.2857 
14.2857 14.2857 14.2857 14.2857 14.2857 14.2857 14.2857 
14.2857 14.2857 14.2857 14.2857 14.2857 14.2857 14.2857 
14.2857 14.2857 14.2857 14.2857 14.2857 14.2857 14.2857 
14.2857 14.2857 14.2857 14.2857 14.2857 14.2857 14.2857 
14.2857 14.2857 14.2857 14.2857 14.2857 14.2857 14.2857 
14.2857 14.2857 14.2857 14.2857 14.2857 14.2857 14.2857 
14 14 14 14 14 14 14 
7 23.6667 18.1111 23.6667 12.5556 7 7 
10.6429 18.9762 16.1984 18.9762 13.4206 10.6429 10.6429 
12.4643 16.631 15.2421 16.631 13.8532 12.4643 12.4643 
13.375 15.4583 14.7639 15.4583 14.0694 13.375 13.375 
13.8304 14.872 14.5248 14.872 14.1776 13.8304 13.8304 
14.058 14.5789 14.4053 14.5789 14.2316 14.058 14.058 
14.1719 14.4323 14.3455 14.4323 14.2587 14.1719 14.1719 
14.2288 14.359 14.3156 14.359 14.2722 14.2288 14.2288 
14.2573 14.3224 14.3007 14.3224 14.279 14.2573 14.2573 
14.2715 14.304 14.2932 14.304 14.2823 14.2715 14.2715 
14.2786 14.2949 14.2895 14.2949 14.284 14.2786 14.2786 
14.2822 14.2903 14.2876 14.2903 14.2849 14.2822 14.2822 
14.2839 14.288 14.2866 14.288 14.2853 14.2839 14.2839 
14.2848 14.2869 14.2862 14.2869 14.2855 14.2848 14.2848 
14.2853 14.2863 14.2859 14.2863 14.2856 14.2853 14.2853 
14.2855 14.286 14.2858 14.286 14.2857 14.2855 14.2855 
14.2856 14.2859 14.2858 14.2859 14.2857 14.2856 14.2856 
14.2857 14.2858 14.2857 14.2858 14.2857 14.2857 14.2857 
14.2857 14.2858 14.2857 14.2858 14.2857 14.2857 14.2857 
14.2857 14.2857 14.2857 14.2857 14.2857 14.2857 14.2857 
14.2857 14.2857 14.2857 14.2857 14.2857 14.2857 14.2857 
14.2857 14.2857 14.2857 14.2857 14.2857 14.2857 14.2857 
14.2857 14.2857 14.2857 14.2857 14.2857 14.2857 14.2857 
14.2857 14.2857 14.2857 14.2857 14.2857 14.2857 14.2857 
14.2857 14.2857 14.2857 14.2857 14.2857 14.2857 14.2857 
14.2857 14.2857 14.2857 14.2857 14.2857 14.2857 14.2857 
14.2857 14.2857 14.2857 14.2857 14.2857 14.2857 14.2857 
14.2857 14.2857 14.2857 14.2857 14.2857 14.2857 14.2857 
14.2857 14.2857 14.2857 14.2857 14.2857 14.2857 14.2857 
14.2857 14.2857 14.2857 14.2857 14.2857 14.2857 14.2857 
14.2857 14.2857 14.2857 14.2857 14.2857 14.2857 14.2857 
14.2857 14.2857 14.2857 14.2857 14.2857 14.2857 14.2857 
14.2857 14.2857 14.2857 14.2857 14.2857 14.2857 14.2857 
