5 10000 300 33
12 12 12 12 12 12 12 12 
13.6743 11.363 12.2577 10.8714 11.6973 14.4282 13.8193 12.177 
7.92088 16.5261 21.0773 7.92088 11.1376 13.5513 7.92088 14.6581 
12.2889 8.3126 20.1557 8.20321 11.6749 8.05053 15.4563 17.0426 
12.6112 13.5885 18.2236 18.7762 10.2767 7.97531 7.97531 13.3116 
10.8659 12.2961 31.55 11.1655 12.1274 7.78261 7.78261 8.07275 
14.5936 15.5138 18.4449 11.4987 14.0021 7.6648 7.6648 12.4124 
7.03483 13.1714 30.4865 7.03483 16.21 7.03483 7.03483 12.695 
10.665 15.4199 15.2735 17.1182 9.08545 7.72152 7.72152 18.5573 
7.34392 11.4868 37.1094 10.9811 7.34392 7.34392 7.34392 14.0317 
14.3661 12.5947 22.3909 16.2443 7.968 7.968 7.968 15.3097 
8.87035 7.54667 18.7312 14.5057 19.3227 7.54667 7.54667 18.4366 
10.7893 19.6132 21.4508 10.8082 9.94626 7.7284 7.7284 14.6924 
17.2621 21.2584 17.6655 8.72664 7.83629 8.18868 8.18868 14.792 
11.8471 16.5833 22.4451 13.945 7.96117 7.96117 7.96117 13.0647 
10.6497 10.2366 32.6874 8.60801 8.34568 8.34568 8.34568 18.9579 
13.4624 14.1096 23.5536 10.3301 9.44423 8.63415 8.63415 14.8556 
17.5892 13.7592 21.5502 13.7868 8.75362 8.75362 8.75362 10.765 
16.9127 13.23 29.0825 13.2565 8.41695 8.41695 8.41695 10.3509 
9.50154 10.1078 18.6552 7.44748 8.31461 8.31461 8.31461 33.905 
8.96372 9.53567 20.9685 9.58491 7.84397 7.84397 7.84397 31.9859 
9.74317 10.3649 22.7918 10.4184 8.52605 8.52605 8.52605 34.7672 
13.1092 8.49579 21.0577 8.53965 9.2459 9.2459 9.2459 28.4977 
13.1092 8.49579 21.0577 8.53965 9.2459 9.2459 9.2459 28.4977 
13.1092 8.49579 21.0577 8.53965 9.2459 9.2459 9.2459 28.4977 
13.1092 8.49579 21.0577 8.53965 9.2459 9.2459 9.2459 28.4977 
13.1092 8.49579 21.0577 8.53965 9.2459 9.2459 9.2459 28.4977 
13.1092 8.49579 21.0577 8.53965 9.2459 9.2459 9.2459 28.4977 
13.1092 8.49579 21.0577 8.53965 9.2459 9.2459 9.2459 28.4977 
13.1092 8.49579 21.0577 8.53965 9.2459 9.2459 9.2459 28.4977 
13.1092 8.49579 21.0577 8.53965 9.2459 9.2459 9.2459 28.4977 
13.1092 8.49579 21.0577 8.53965 9.2459 9.2459 9.2459 28.4977 
13.1092 8.49579 21.0577 8.53965 9.2459 9.2459 9.2459 28.4977 
13.1092 8.49579 21.0577 8.53965 9.2459 9.2459 9.2459 28.4977 
12 12 12 12 12 12 12 12 
12.6877 11.2822 21.365 12.0743 11.5616 11.7926 7.9955 11.6688 
15.3843 7.72056 19.2854 7.67856 7.72056 10.8797 13.1262 19.0699 
8.77701 19.9671 25.6254 7.57062 7.57062 7.57062 8.30658 16.8066 
24.7692 11.1883 13.1916 12.3014 12.7659 7.50427 7.50427 13.0878 
10.2 17.8068 22.8572 10.6735 7.69646 16.1648 7.69646 7.69646 
11.6452 16.3396 22.0367 7.6 7.6 8.23473 7.6 21.1777 
17.2054 15.9675 22.0971 7.23926 10 7.77914 7.77914 13.9005 
17.4834 16.6557 23.5528 7.8511 9.81338 7.81081 7.81081 12.6452 
11.4917 13.642 25.419 9.04328 9.74936 11.1829 11.5874 10.1952 
9.79498 15.8852 20.2294 15.5197 10.741 8.30769 8.30769 15.0407 
7.33668 13.3518 26.682 11.0782 21.2699 7.33668 7.33668 7.33668 
9.84489 11.7663 25.6669 14.7946 18.0554 7.91045 7.91045 7.40175 
12.5055 17.645 27.6385 11.9438 10.2637 7.81132 7.81132 7.81132 
17.177 11.1677 31.3859 10.7239 11.1843 8.35443 8.35443 8.35443 
11.0109 10.2857 36.1448 9.72333 11.9177 8.66667 8.66667 8.66667 
13.2389 16.7839 32.3749 7.84139 9.61108 9.22581 9.22581 9.22581 
19.6231 14.4689 31.5391 9.44828 8.28541 7.95328 7.95328 7.95328 
17.7472 11.1299 32.4442 7.2679 12.2906 8.8 8.8 8.8 
19.4396 10.1181 31.0226 9.52727 11.1732 8 8 8 
18.3392 9.54538 29.2666 8.98799 10.5408 9.43396 9.43396 9.43396 
19.1034 9.9431 30.486 9.36249 10.98 9.82704 9.82704 9.82704 
19.4932 10.146 31.1082 9.55356 11.2041 10.0276 10.0276 10.0276 
18.3898 9.57172 29.3474 9.0128 10.5699 9.46 9.46 9.46 
19.1561 9.97054 30.5702 9.38833 11.0103 9.85416 9.85416 9.85416 
19.547 10.174 31.194 9.57993 11.235 10.0553 10.0553 10.0553 
18.4406 9.59814 29.4283 9.03767 10.599 9.4861 9.4861 9.4861 
19.2089 9.99806 30.6545 9.41424 11.0407 9.88136 9.88136 9.88136 
19.601 10.2021 31.2801 9.60636 11.266 10.083 10.083 10.083 
18.4915 9.62462 29.5096 9.06261 10.6283 9.51228 9.51228 9.51228 
19.262 10.0256 30.7391 9.44022 11.0711 9.90862 9.90862 9.90862 
19.262 10.0256 30.7391 9.44022 11.0711 9.90862 9.90862 9.90862 
19.262 10.0256 30.7391 9.44022 11.0711 9.90862 9.90862 9.90862 
19.262 10.0256 30.7391 9.44022 11.0711 9.90862 9.90862 9.90862 
12 12 12 12 12 12 12 12 
15.3401 13.0458 18.5058 11.935 9.27128 10.9986 10.6718 10.6884 
20.778 13.9126 16.0582 13.0997 8.67815 10.4815 9.08635 8.78364 
7.75652 15.8503 23.2955 7.75652 10.3828 7.75652 18.8081 10.0722 
9.53078 16.3203 22.4085 7.62674 15.0063 7.80198 8.35417 14.3557 
12.4171 13.014 21.1908 8.82882 12.4821 7.59024 7.59024 18.8324 
9.80593 17.775 19.8142 11.5852 7.69863 7.69863 7.69863 20.8109 
9.06386 12.9061 22.2212 10.817 8.46088 9.01481 8.0202 22.4079 
11.4425 7.70583 29.0686 9.6273 7.84252 7.84252 7.84252 23.2577 
10.5202 15.2757 26.4946 11.2322 10.9735 7.725 7.725 12.7028 
16.7308 14.0669 18.6649 12.8001 7.22958 8.03279 8.03279 18.4266 
7.85319 9.68801 32.8667 7.4198 8.02632 12.2367 8.02632 16.7713 
9.29854 18.752 22.7184 9.34693 11.1248 8.54167 8.54167 16.5475 
11.5302 16.49 23.5923 17.2314 10.1067 8.16529 8.16529 9.19911 
7.57069 19.0273 24.534 11.8397 7.89565 7.89565 7.89565 16.422 
12.4995 14.8263 31.6207 7.78929 9.43899 8.68421 8.68421 10.8039 
15.5941 10.9665 24.4197 12.1394 12.3909 8.5977 8.5977 12.2588 
13.4263 8.8 26.3808 11.1233 11.8642 8.8 8.8 17.0614 
14.4957 9.1875 27.2121 13.0303 12.4577 9.1875 9.1875 13.3292 
13.6752 8.66745 30.8411 12.2928 11.7525 8.66745 8.66745 12.5747 
11.5892 9.28814 31.6634 16.0673 9.95978 9.28814 9.28814 10.6566 
11.3619 9.10602 31.0426 19.8372 9.76449 9.10602 9.10602 10.4476 
11.3619 9.10602 31.0426 19.8372 9.76449 9.10602 9.10602 10.4476 
11.3619 9.10602 31.0426 19.8372 9.76449 9.10602 9.10602 10.4476 
11.3619 9.10602 31.0426 19.8372 9.76449 9.10602 9.10602 10.4476 
11.3619 9.10602 31.0426 19.8372 9.76449 9.10602 9.10602 10.4476 
11.3619 9.10602 31.0426 19.8372 9.76449 9.10602 9.10602 10.4476 
11.3619 9.10602 31.0426 19.8372 9.76449 9.10602 9.10602 10.4476 
11.3619 9.10602 31.0426 19.8372 9.76449 9.10602 9.10602 10.4476 
11.3619 9.10602 31.0426 19.8372 9.76449 9.10602 9.10602 10.4476 
11.3619 9.10602 31.0426 19.8372 9.76449 9.10602 9.10602 10.4476 
11.3619 9.10602 31.0426 19.8372 9.76449 9.10602 9.10602 10.4476 
11.3619 9.10602 31.0426 19.8372 9.76449 9.10602 9.10602 10.4476 
11.3619 9.10602 31.0426 19.8372 9.76449 9.10602 9.10602 10.4476 
12 12 12 12 12 12 12 12 
11.9989 15.1173 16.3894 12.9668 12.8308 10.6538 8.0565 12.2939 
11.2735 17.9907 14.1699 11.5217 15.549 7.93323 12.7509 9.27875 
8.75261 10.1751 24.4139 10.3445 18.3943 7.88444 10.0587 11.1004 
19.4289 10.1808 14.6049 8.17105 16.3098 8.17105 10.0787 14.6181 
14.6335 10.3064 20.9457 7.7234 9.87849 7.99097 7.7234 22.7848 
19.5132 11.6235 24.2363 8.94232 7.12019 7.73006 7.73006 16.3896 
10.3674 7.5972 23.512 7.97222 7.97222 7.97222 14.2581 24.0732 
12.4388 8.5542 28.5738 9.98246 8.03053 8.03053 8.03053 19.0836 
14.2048 7.47479 26.3704 12.3726 8.0381 8.0381 8.0381 20.2919 
18.6092 7.9596 22.2971 12.7656 7.9596 7.9596 7.9596 20.1031 
15.4583 9.05292 31.6272 7.68142 7.68142 7.68142 7.68142 17.4044 
8.35543 14.0562 22.0908 18.4583 7.64516 7.64516 7.64516 17.6691 
8.12632 14.263 37.1906 11.4127 8.60043 8.12632 8.12632 9.29955 
18.1597 9.63715 34.9568 7.71129 8.48649 8.48649 8.48649 8.48649 
19.7785 7.89931 34.4052 8.85246 8.85246 8.85246 8.85246 8.85246 
12.5181 8.1519 25.0211 8.1519 8.1519 8.1519 8.1519 26.6999 
9.77974 11.949 26.1499 9.0625 9.0625 9.0625 9.0625 23.6495 
8.89067 10.8628 23.7726 14.9726 8.23864 8.23864 8.23864 25.0646 
9.13333 9.05229 27.2179 12.4772 9.13333 9.13333 9.13333 20.8871 
8.30303 19.593 24.7436 11.3429 8.30303 8.30303 8.30303 18.9883 
9.17241 16.8905 25.8679 9.77837 9.17241 9.17241 9.17241 16.3692 
9.5546 17.5943 26.9457 10.1858 9.5546 9.5546 9.5546 17.0513 
9.5546 17.5943 26.9457 10.1858 9.5546 9.5546 9.5546 17.0513 
9.5546 17.5943 26.9457 10.1858 9.5546 9.5546 9.5546 17.0513 
9.5546 17.5943 26.9457 10.1858 9.5546 9.5546 9.5546 17.0513 
9.5546 17.5943 26.9457 10.1858 9.5546 9.5546 9.5546 17.0513 
9.5546 17.5943 26.9457 10.1858 9.5546 9.5546 9.5546 17.0513 
9.5546 17.5943 26.9457 10.1858 9.5546 9.5546 9.5546 17.0513 
9.5546 17.5943 26.9457 10.1858 9.5546 9.5546 9.5546 17.0513 
9.5546 17.5943 26.9457 10.1858 9.5546 9.5546 9.5546 17.0513 
9.5546 17.5943 26.9457 10.1858 9.5546 9.5546 9.5546 17.0513 
9.5546 17.5943 26.9457 10.1858 9.5546 9.5546 9.5546 17.0513 
9.5546 17.5943 26.9457 10.1858 9.5546 9.5546 9.5546 17.0513 
12 12 12 12 12 12 12 12 
12.5752 7.98758 17.3322 10.4282 14.6267 8.67265 13.9061 14.8105 
10.0659 13.6448 15.4381 11.072 8.08073 10.8301 11.6899 19.7074 
14.2805 9.66101 23.5944 8.2882 13.781 7.86175 7.86175 15.8242 
15.1769 14.9238 20.7661 8.27188 10.2589 7.725 7.725 17.2 
11.1273 11.886 31.4152 8.6456 11.6493 7.9803 9.7397 9.7099 
8.42242 11.9613 18.3581 15.7951 13.3052 7.78182 7.78182 19.7774 
7.41304 16.8373 26.9368 7.4276 14.4851 7.41304 7.41304 14.9984 
11.8263 11.9146 16.0433 18.5712 15.8936 10.4478 8.02051 8.97395 
8.1488 16.7467 29.6809 7.88679 9.96755 7.88679 7.88679 12.7667 
11.9423 13.5568 31.2163 7.9 8.91505 7.9 7.9 13.9401 
13.4091 12.7362 30.4556 7.36111 7.43422 8.18519 8.18519 17.347 
23.45 11.8612 22.1253 7.65354 7.65354 7.65354 7.65354 15.5784 
13.8044 10.7632 29.5245 7.80769 7.86019 7.80769 7.80769 16.7948 
9.73954 11.6976 29.7889 10.7541 7.86363 8.3956 8.3956 18.3854 
9.88727 7.40352 24.5429 8.4557 8.4557 8.4557 8.4557 30.3893 
8.25641 11.8684 25.3001 8.25641 8.25641 8.25641 8.25641 26.3179 
12.8566 14.9089 19.5558 12.2164 8.73239 8.73239 8.73239 18.5337 
10.7139 12.4241 28.6422 10.1804 9.26667 9.26667 9.26667 15.4448 
14.4019 11.2946 30.2181 14.3054 8.42424 8.42424 8.42424 14.0407 
9.23197 12.3684 20.8789 11.5443 8.66667 8.66667 8.66667 25.0261 
9.23197 12.3684 23.736 11.5443 8.66667 8.66667 8.66667 25.0261 
9.23197 12.3684 23.736 11.5443 8.66667 8.66667 8.66667 25.0261 
9.23197 12.3684 23.736 11.5443 8.66667 8.66667 8.66667 25.0261 
9.23197 12.3684 23.736 11.5443 8.66667 8.66667 8.66667 25.0261 
9.23197 12.3684 23.736 11.5443 8.66667 8.66667 8.66667 25.0261 
9.23197 12.3684 23.736 11.5443 8.66667 8.66667 8.66667 25.0261 
9.23197 12.3684 23.736 11.5443 8.66667 8.66667 8.66667 25.0261 
9.23197 12.3684 23.736 11.5443 8.66667 8.66667 8.66667 25.0261 
9.23197 12.3684 23.736 11.5443 8.66667 8.66667 8.66667 25.0261 
9.23197 12.3684 23.736 11.5443 8.66667 8.66667 8.66667 25.0261 
9.23197 12.3684 23.736 11.5443 8.66667 8.66667 8.66667 25.0261 
9.23197 12.3684 23.736 11.5443 8.66667 8.66667 8.66667 25.0261 
9.23197 12.3684 23.736 11.5443 8.66667 8.66667 8.66667 25.0261 
