5 2000 100 20
16 16 16 16 16 16 
15.0946 12.7297 18.1351 18.473 17.4595 16.1081 
14.0434 11.8767 21.0754 20.0633 16.0132 15.9281 
14.9063 11.8999 21.4993 19.647 17.622 13.9256 
13.917 11.4632 23.4873 19.1391 17.176 14.5673 
14.5511 10.7316 21.9288 19.9399 18.4028 14.3207 
14.7756 10.7504 22.5029 19.0084 19.2014 13.6988 
14.8175 10.5961 22.898 19.3436 19.4401 12.8735 
15.1739 10.2223 23.002 20.0885 18.8109 12.6868 
15.2041 9.99396 22.0479 20.5911 19.757 12.3981 
16.4374 9.81626 20.8633 19.7333 19.9187 13.2271 
14.7663 9.86845 22.5348 19.9857 19.6816 13.1612 
16.4925 9.79252 21.3889 19.1022 20.772 12.451 
16.6496 9.72819 19.9381 17.7444 21.7305 14.2087 
16.0767 9.70906 20.628 19.3373 20.9428 13.3059 
14.4837 9.73734 20.4702 21.778 19.8464 13.6842 
15.1876 9.71363 20.1188 21.1603 20.1945 13.625 
15.3457 9.70178 20.3307 22.4019 19.012 13.2079 
15.2774 9.79385 20.4315 22.0374 19.582 12.8777 
15.7637 9.89693 20.6324 20.8104 19.9994 12.8972 
16 16 16 16 16 16 
16.5526 12.9342 16.8816 16.2237 21.4868 13.9211 
16.1914 11.8725 18.6724 16.0269 21.9403 14.2964 
17.4582 12.51 19.4956 14.9856 21.5279 13.5227 
15.5756 12.6865 20.9511 14.9617 20.515 15.0601 
15.4953 12.4697 22.9261 16.967 18.5579 13.4589 
15.2575 12.1637 20.3564 19.7483 19.5556 12.8559 
14.7138 10.9402 20.2996 20.6029 20.709 12.7033 
14.7569 10.8701 21.5498 19.5015 20.1545 13.1516 
15.8173 10.2874 20.9015 19.4554 21.0477 12.483 
14.9086 10.1437 20.8507 19.1277 21.5239 13.4415 
15.3283 9.9931 21.0553 19.8001 20.6044 13.2168 
15.8274 9.89451 19.9154 20.5123 20.0981 13.7513 
14.4522 9.94725 20.3423 20.8331 20.0491 14.3756 
14.6858 9.81234 21.2599 22.5133 18.4923 13.2362 
14.0502 9.78422 20.9958 22.2323 19.8152 13.1222 
14.5251 9.89211 21.2671 22.4623 19.3307 12.5226 
13.3172 9.82887 22.3523 22.5593 19.431 12.5113 
13.7452 9.83569 22.3966 22.1064 18.3769 13.5391 
13.7428 10.2614 21.5037 23.6486 17.5854 13.2581 
16 16 16 16 16 16 
16.7413 12.8951 18.4895 19.5385 17.4406 12.8951 
15.2409 11.9819 19.9318 19.5021 19.5981 12.7453 
16.4334 11.3866 21.2968 18.9237 19.5113 11.9482 
16.7109 10.7126 20.8801 19.6935 19.6012 12.1517 
15.8951 10.515 21.948 18.1801 20.1181 13.2187 
14.6783 10.2575 23.474 19.667 18.7129 13.1478 
13.5892 9.96747 23.8338 20.3174 18.429 13.832 
12.8023 10.9915 25.289 18.1044 19.292 13.5051 
13.7717 10.4758 23.7999 19.0124 20.0046 12.9279 
14.0287 10.1982 22.019 19.8236 20.7166 13.21 
14.4296 9.972 22.0264 20.2932 20.3159 12.9609 
14.9667 9.83096 22.2535 21.1931 19.6541 12.1006 
15.1006 9.79829 20.8924 22.9012 19.3974 11.9097 
15.7399 9.85604 19.7134 21.1489 21.5521 11.9893 
16.5477 9.8867 20.1873 20.905 20.6934 11.7798 
16.6772 9.98537 21.2281 19.066 20.6408 12.4025 
16.4095 9.91394 21.6377 18.5881 20.7535 12.6973 
17.426 9.875 22.0893 18.3104 20.2128 12.0864 
14.963 9.86174 24.1128 20.7083 16.9246 13.4295 
16 16 16 16 16 16 
18 12.8387 17.6774 16.7097 18 14.7742 
18.2157 11.5174 17.4662 16.7862 20.3725 14.642 
16.5223 11.272 18.0487 18.6593 19.8821 15.1157 
15.1781 10.972 18.3129 20.9897 19.2296 15.0677 
13.9597 12.2427 18.6159 20.5335 19.2673 15.2559 
15.4581 11.1214 20.1775 19.3972 19.851 13.9323 
14.7366 10.4849 23.1569 18.6001 19.3952 13.5949 
14.9683 10.4425 22.5785 17.7 21.2976 12.9975 
16.0556 10.3233 20.8811 18.6459 21.261 12.8253 
15.4839 10.4248 21.6247 18.7528 21.3761 12.3337 
14.9969 10.1144 23.3614 18.5921 20.6881 12.2453 
14.6413 9.95514 21.8848 19.9083 21.1604 12.4492 
14.7281 9.91584 20.8189 19.8307 21.074 13.632 
16.0777 9.93717 20.7829 18.4216 20.703 14.0774 
15.998 9.86655 19.5751 18.1904 22.5964 13.7734 
17.5855 9.82049 20.5018 18.4937 20.5087 13.0897 
16.0217 10.1311 20.4919 19.6886 20.2945 13.3722 
14.1373 10.0063 20.1274 20.7139 21.2145 13.8007 
15.1473 9.80663 18.7973 21.274 21.9609 13.0139 
16 16 16 16 16 16 
14.3253 12.8193 24.2651 18.5422 14.9277 13.1205 
12.676 13.2537 24.8702 17.2559 16.9696 13.9747 
13.4261 12.7571 25.2703 17.8233 16.7223 13.5008 
13.2674 12.7456 23.6839 20.1476 17.1627 12.7429 
12.8113 11.1991 23.4249 21.0777 19.1991 12.1629 
13.8209 11.3199 21.0345 21.1321 21.0402 11.5899 
14.6624 10.5049 20.0134 23.7443 19.241 11.8027 
15.1573 10.6872 20.2241 22.5243 18.751 12.6405 
13.4277 10.2493 24.6403 20.8848 18.6208 12.1693 
12.3915 10.0697 25.8733 22.8966 16.6364 12.1286 
13.667 10.0157 25.3887 21.7931 17.1305 12.003 
13.68 9.9871 24.935 21.8924 17.9013 11.6032 
13.5967 9.8198 25.0158 21.564 18.024 11.9792 
14.3565 9.75486 23.1668 20.2781 20.0585 12.3849 
14.4302 10.2209 23.2246 18.9177 19.5712 13.6352 
14.5228 10.1105 21.0354 19.6511 20.7472 13.933 
15.0133 9.9002 19.82 21.2597 19.8697 14.137 
15.7656 9.86081 19.9547 22.237 19.7563 12.4257 
16.8469 9.91049 19.5391 20.481 20.6351 12.5873 
