5 2000 100 20
16 16 16 16 16 16 
16.4848 14.0606 14.6667 16.1818 22.2424 14.3636 
16.3069 13.8403 16.1147 17.2307 22.2323 13.275 
16.0957 12.1548 17.2631 20.3482 21.2245 12.4137 
15.7402 11.1473 18.0721 19.9643 22.5003 12.3257 
15.6648 10.7068 18.7319 19.678 22.657 12.4366 
15.7869 10.8458 18.8356 20.445 21.7452 12.2789 
16.3323 11.1191 19.7554 19.2943 20.9992 12.4686 
16.1428 11.007 20.9672 18.5965 20.2272 13.0436 
16.2195 10.5035 20.6688 19.1131 20.2988 13.1885 
14.5673 10.2333 21.589 18.7816 21.5885 13.2363 
15.2685 10.0596 22.3915 19.2767 19.5395 13.4623 
15.4774 9.93177 21.3918 19.4423 20.5541 13.2017 
15.8826 9.89013 22.0595 18.2439 21.6407 12.2827 
15.1134 9.8631 21.6855 19.3678 21.0662 12.9036 
15.2196 9.91239 22.7201 18.8793 21.0695 12.1989 
15.9431 9.80116 22.2128 18.3544 21.9689 11.7196 
16.7365 9.88066 21.0666 19.735 20.9446 11.6367 
18.8849 9.92188 19.7584 18.5391 21.5424 11.3534 
17.7428 9.90165 20.7487 19.5462 19.8621 12.1984 
16 16 16 16 16 16 
18.6742 13.618 13.8989 20.0787 18.1124 13.618 
17.0862 11.7905 15.4365 21.4784 19.9418 13.2666 
16.6953 10.7866 18.2255 22.1523 19.21 12.4304 
16.6223 10.3229 19.5001 21.6395 19.6402 12.025 
15.8757 10.143 20.2666 21.8899 19.9677 11.7321 
17.2534 10.0145 18.6885 21.5913 21.3907 10.9991 
15.5556 9.87614 20.0184 22.9679 20.6204 10.9303 
16.2683 9.84373 19.8205 22.8047 19.3668 11.8802 
17.6672 9.78568 19.0542 21.9082 19.9947 11.5821 
15.8678 9.83581 19.413 23.1214 19.5031 12.2549 
15.4438 9.85861 19.9832 22.6279 19.8306 12.254 
14.2105 9.89114 20.8695 22.1918 20.984 11.8522 
15.4071 9.85123 20.6234 20.1525 21.8128 12.1525 
16.0047 9.75187 18.6129 21.4662 22.4894 11.6747 
16.4734 9.83461 17.9841 20.4439 23.4348 11.8291 
16.57 9.83184 17.5391 20.4783 23.8969 11.6838 
15.4563 9.896 18.3313 22.5898 22.1078 11.6188 
17.4792 9.92725 17.0495 22.0833 22.2572 11.2036 
17.0729 9.80859 17.8271 21.8943 22.1751 11.2219 
16 16 16 16 16 16 
12.7872 12.7872 18.3723 22.8936 17.3085 13.8511 
14.1401 11.8514 19.2214 21.1299 19.3937 13.2636 
15.8514 10.9436 19.4673 20.9592 19.3743 12.9042 
15.7035 11.2125 18.4374 23.4426 18.2057 12.7484 
15.7562 10.5695 21.5349 22.1992 18.1102 11.7051 
15.3598 10.2118 21.3514 22.4135 18.1792 12.4219 
14.3849 10.0867 22.3615 22.8926 18.8597 11.3834 
16.0813 10.0434 20.44 22.0018 19.4299 11.988 
16.2844 9.86039 18.4637 23.5457 19.5716 12.2664 
17.5055 9.79911 19.906 20.9489 20.6472 11.1894 
18.033 9.8238 20.5591 21.6487 18.4675 11.4659 
17.7122 9.8032 21.3303 21.6939 18.2917 11.1677 
18.0321 9.77052 20.0284 21.3338 19.6328 11.2018 
16.8812 9.75417 22.3738 21.9029 17.6815 11.4062 
16.8636 9.7158 22.1188 21.7041 17.8013 11.7963 
18.0843 9.68415 22.4494 20.6976 17.781 11.3035 
17.0814 9.74404 22.009 20.1527 19.6748 11.338 
17.3093 9.72276 21.0791 20.7107 20.6583 10.5198 
17.2754 9.81828 21.7465 18.114 21.536 11.5099 
16 16 16 16 16 16 
14.7797 12.8023 17.0395 19.2994 19.2994 14.7797 
15.4654 12.0712 19.3445 21.5054 17.5535 13.0599 
14.8495 10.9626 22.081 23.3439 15.3461 12.9168 
15.4949 10.3936 22.444 20.9702 17.8485 12.5988 
16.4835 10.9589 22.5603 20.894 17.2886 11.6897 
15.276 10.4224 22.1167 22.2341 17.9599 11.9285 
15.0848 10.1757 22.4058 22.2873 18.1998 11.8153 
16.3238 9.92658 22.6725 20.4626 19.3149 11.284 
15.0516 9.88455 23.3441 19.877 19.5 12.3349 
13.9168 9.82949 23.5142 20.8407 19.5244 12.3705 
14.185 9.79756 22.1086 20.7719 20.895 12.2399 
14.3444 9.86061 20.978 21.073 21.5162 12.2268 
15.0669 9.78861 20.408 21.2652 21.082 12.3887 
15.8668 9.73926 21.2505 20.7101 20.2309 12.2021 
15.9858 9.73855 20.7376 19.7184 21.5387 12.2808 
17.0265 9.70121 20.873 18.0525 22.7441 11.6026 
17.3368 9.75256 19.4561 19.4184 21.9603 12.0758 
17.597 9.8366 18.855 19.6298 22.0913 11.9903 
16.7036 9.85901 16.7398 21.0797 23.2986 12.3193 
16 16 16 16 16 16 
17.2896 13.4645 17.2896 18.1093 18.929 12.918 
18.6813 12.9366 15.2142 18.3612 22.4207 11.386 
18.7391 11.5435 16.0657 18.5791 22.6765 11.896 
18.1931 11.6541 15.6799 20.0739 23.299 10.85 
18.2044 10.6598 17.5054 19.3306 22.6161 11.5588 
18.2107 10.1748 17.8612 20.9056 21.5793 11.2058 
17.4057 11.2139 20.1954 18.1603 20.4735 12.5199 
17.7608 10.4983 22.5977 18.1381 18.9324 12.057 
16.6422 10.1228 23.3927 19.8994 17.7694 12.1657 
16.0569 9.96705 23.9605 18.4403 19.2621 12.3093 
16.8746 9.98352 21.7879 18.8355 20.0157 12.5008 
17.5791 9.84251 20.2223 21.1715 18.5899 12.5937 
17.5105 9.76622 19.8011 20.6633 19.5663 12.6922 
15.4346 9.84494 19.4425 21.2095 21.6152 12.453 
15.5531 9.77322 19.2362 22.1719 21.2554 12.0101 
16.0183 9.83166 19.8745 21.7087 21.2504 11.3164 
16.7213 9.84007 19.5963 21.6498 20.0949 12.0976 
16.5355 9.863 19.8742 20.7108 20.5037 12.5127 
16.4795 10.041 17.6013 21.8518 20.4708 13.5556 
