5 10000 300 33
12 12 12 12 12 12 12 12 
10.3101 10.991 16.337 12.5214 17.5685 7.99487 7.90793 16.7949 
7.75581 15.7779 18.1625 7.75581 14.7629 11.872 10.3989 14.8996 
7.90746 8.72252 21.2367 9.17637 7.90746 15.3682 7.90746 23.2402 
8.0566 16.9943 23.3525 11.182 8.0566 8.62742 9.04298 15.8585 
6.85477 12.5161 18.6762 6.85477 26.1232 6.85477 6.85477 16.6274 
7.3561 20.4743 13.936 7.3561 15.2707 7.3561 8.50116 21.0719 
10.38 14.1314 27.6481 7.40816 10.2731 7.40816 7.40816 17.0851 
7.45098 11.154 18.9152 7.45098 9.12424 7.45098 7.45098 33.9631 
7.7992 7.15815 24.2526 7.63025 14.0196 7.63025 7.63025 26.433 
7.62512 23.0476 18.8519 7.64516 12.1919 7.64516 7.64516 18.2486 
7.5122 24.6129 14.9224 7.5122 15.1186 7.5122 7.5122 17.2303 
7.63121 18.1842 27.1138 7.63121 11.2714 7.63121 7.63121 16.617 
10.9517 16.1878 20.0428 7.30952 20.6357 7.30952 7.30952 12.1605 
7.76271 11.2427 26.6525 8.0823 11.5688 7.76271 7.76271 21.5552 
8.14815 12.6821 24.6826 8.14815 14.4034 8.14815 8.14815 21.0217 
8.5 13.0158 24.0851 8.5 10.0024 8.5 8.5 21.0584 
8.5 9.03872 26.3709 8.5 17.2341 8.5 8.5 17.4016 
9.16461 12.8207 18.9585 8.33333 12.2425 8.33333 8.33333 25.6206 
7.90053 16.9976 22.3932 9.31034 10.5539 9.31034 9.31034 22.0868 
9.47368 14.9102 24.8031 8.16697 9.25783 8.16697 8.16697 22.8143 
8.45865 13.3127 22.1456 9.35714 14.2183 9.35714 9.35714 20.3699 
8.13331 12.8006 25.3855 8.99725 13.6714 8.99725 8.99725 19.5865 
8.2993 13.0619 25.9036 9.18087 13.9504 9.18087 9.18087 19.9862 
8.46867 13.3284 26.4322 9.36823 14.2352 9.36823 9.36823 20.3941 
8.14296 12.8158 25.4156 9.00792 13.6876 9.00792 9.00792 19.6097 
8.30914 13.0774 25.9343 9.19175 13.967 9.19175 9.19175 20.0099 
8.30914 13.0774 25.9343 9.19175 13.967 9.19175 9.19175 20.0099 
8.30914 13.0774 25.9343 9.19175 13.967 9.19175 9.19175 20.0099 
8.30914 13.0774 25.9343 9.19175 13.967 9.19175 9.19175 20.0099 
8.30914 13.0774 25.9343 9.19175 13.967 9.19175 9.19175 20.0099 
8.30914 13.0774 25.9343 9.19175 13.967 9.19175 9.19175 20.0099 
8.30914 13.0774 25.9343 9.19175 13.967 9.19175 9.19175 20.0099 
8.30914 13.0774 25.9343 9.19175 13.967 9.19175 9.19175 20.0099 
12 12 12 12 12 12 12 12 
8.00628 11.9309 15.1946 15.2134 8.00628 12.2541 10.8038 19.0765 
7.83386 13.3983 20.3468 7.82333 15.2356 11.302 7.74293 17.1417 
12.0803 16.9297 16.8738 7.29242 11.5655 7.29242 7.29242 21.6756 
6.92491 23.1514 28.1423 7.109 8.00656 7.109 7.109 14.0227 
7.55556 25.4829 17.6609 7.55556 7.91058 7.55556 14.1186 14.9801 
7.43089 18.5513 18.002 7.43089 13.3339 7.43089 10.7739 18.6431 
7.2987 15.2996 22.6023 7.2987 12.6542 7.2987 7.2987 22.2867 
15.0123 16.2943 17.0458 7.575 7.63091 7.575 7.575 22.1432 
7.62221 13.0004 28.3529 7.48466 7.48466 7.48466 13.6249 16.2308 
7.66038 16.3311 27.0135 10.269 7.66038 7.66038 7.66038 18.7548 
7.9084 17.7557 18.7923 7.9084 8.7958 7.9084 14.0561 19.1326 
7.87733 19.5732 26.6058 8.15068 8.48228 9.62059 8.15068 12.8819 
7.95833 16.5075 27.6624 9.45348 7.95833 7.95833 7.95833 19.7301 
8.14634 18.3804 26.6795 8.14634 12.4746 8.14634 8.14634 14.7406 
8.2011 17.3485 27.3206 8.2011 10.3129 8.58427 8.58427 15.5302 
8.48649 14.4247 25.5723 8.48649 16.6207 8.48649 8.48649 14.468 
8.48 13.3202 24.0657 8.48 18.3532 8.48 8.48 15.2009 
8.49315 12.1675 26.2681 8.49315 12.5707 8.49315 8.49315 18.2393 
8.32662 11.929 28.033 8.32662 12.3242 8.32662 8.32662 17.8817 
9.11475 13.9813 22.9779 9.11475 10.1018 9.11475 9.11475 21.7847 
8.93603 13.7071 22.5273 8.93603 16.2288 8.93603 8.93603 21.3576 
8.43022 12.9313 21.2522 8.43022 19.6981 8.43022 8.43022 20.1487 
8.26492 12.6777 20.8355 8.26492 19.3119 8.26492 8.26492 19.7536 
8.26492 12.6777 20.8355 8.26492 19.3119 8.26492 8.26492 19.7536 
8.26492 12.6777 20.8355 8.26492 19.3119 8.26492 8.26492 19.7536 
8.26492 12.6777 20.8355 8.26492 19.3119 8.26492 8.26492 19.7536 
8.26492 12.6777 20.8355 8.26492 19.3119 8.26492 8.26492 19.7536 
8.26492 12.6777 20.8355 8.26492 19.3119 8.26492 8.26492 19.7536 
8.26492 12.6777 20.8355 8.26492 19.3119 8.26492 8.26492 19.7536 
8.26492 12.6777 20.8355 8.26492 19.3119 8.26492 8.26492 19.7536 
8.26492 12.6777 20.8355 8.26492 19.3119 8.26492 8.26492 19.7536 
8.26492 12.6777 20.8355 8.26492 19.3119 8.26492 8.26492 19.7536 
8.26492 12.6777 20.8355 8.26492 19.3119 8.26492 8.26492 19.7536 
12 12 12 12 12 12 12 12 
11.6674 13.743 15.7824 11.3612 10.2025 10.6467 12.366 14.4982 
10.4652 13.3393 18.9668 9.92464 14.6909 7.9814 10.2609 14.8513 
11.4134 18.2217 19.4085 7.80707 10.8024 8.31694 7.80707 17.4805 
7.62822 13.9241 20.3008 11.4897 7.90566 7.46469 7.90566 25.0123 
7.73171 8.17905 23.1753 7.73171 12.5729 10.8124 7.73171 24.6117 
7.63636 7.63636 16.8508 7.63636 20.7233 10.3472 7.63636 23.732 
7.93684 7.93684 22.6049 7.93684 14.852 7.57059 8.36166 24.3374 
9.92075 11.6904 24.9618 11.4945 9.52207 7.86486 7.86486 19.1201 
7.65079 16.849 24.7203 7.65079 9.25205 7.65079 7.65079 21.5929 
7.28395 10.7118 24.7237 7.28395 7.28395 7.28395 7.28395 31.0572 
10.2996 7.55102 27.547 7.55102 7.55102 7.55102 7.55102 27.5743 
9.21661 10.89 25.8624 8.33735 8.09239 8.33735 8.33735 26.9381 
8.11009 22.1972 18.8313 8.11009 8.11009 8.11009 8.11009 23.0603 
8.04167 18.2384 21.3821 8.04167 14.1446 8.04167 8.04167 18.955 
8.04494 22.7307 22.2269 8.04494 7.94643 8.04494 8.04494 17.6713 
8.47368 18.2033 22.7201 8.47368 12.9679 8.47368 8.47368 17.4738 
8.47368 19.9503 21.7827 8.47368 12.4014 8.47368 8.47368 16.1952 
8.5 15.7834 19.2728 8.5 15.7346 8.5 8.5 18.5566 
8.5 19.557 19.2728 8.5 15.7346 8.5 8.5 18.5566 
9.17241 19.5534 19.3954 9.17241 13.5643 9.17241 9.17241 15.9971 
9.17241 19.5534 19.3954 9.17241 13.5643 9.17241 9.17241 21.1253 
8.18966 17.4584 17.3173 8.18966 16.1695 8.18966 8.18966 24.6222 
9.21429 15.5879 15.4619 9.21429 14.437 9.21429 9.21429 21.9841 
9.80243 16.5828 16.4488 9.80243 15.3585 9.80243 9.80243 23.3874 
9.80243 16.5828 16.4488 9.80243 15.3585 9.80243 9.80243 23.3874 
9.80243 16.5828 16.4488 9.80243 15.3585 9.80243 9.80243 23.3874 
9.80243 16.5828 16.4488 9.80243 15.3585 9.80243 9.80243 23.3874 
9.80243 16.5828 16.4488 9.80243 15.3585 9.80243 9.80243 23.3874 
9.80243 16.5828 16.4488 9.80243 15.3585 9.80243 9.80243 23.3874 
9.80243 16.5828 16.4488 9.80243 15.3585 9.80243 9.80243 23.3874 
9.80243 16.5828 16.4488 9.80243 15.3585 9.80243 9.80243 23.3874 
9.80243 16.5828 16.4488 9.80243 15.3585 9.80243 9.80243 23.3874 
9.80243 16.5828 16.4488 9.80243 15.3585 9.80243 9.80243 23.3874 
12 12 12 12 12 12 12 12 
10.1427 10.5226 16.9537 11.8979 10.0151 10.3802 15.8005 14.6986 
8.48567 11.9018 21.5409 11.9684 9.14194 7.73054 11.4746 18.4185 
7.12915 13.0489 24.3667 7.12915 16.974 7.12915 7.12915 18.4317 
7.15058 18.4174 17.67 7.15058 17.1629 7.15058 7.15058 19.9675 
15.4508 14.2188 21.2547 7.19643 12.2015 7.19643 7.19643 16.6641 
11.0479 16.0607 19.1237 7.91026 9.46739 15.7854 7.91026 13.9226 
7.36735 19.0182 27.7034 7.36735 11.5259 7.36735 7.36735 14.2304 
7.48993 19.8048 18.2996 7.48993 9.30945 7.48993 7.48993 24.4184 
7.58904 16.1835 23.3903 7.58904 11.4073 10.5559 7.58904 17.1687 
7.59732 19.5992 18.5873 7.59732 12.2172 7.59732 7.59732 21.1416 
7.52756 16.3061 21.9982 7.52756 9.58206 7.52756 7.52756 25.2829 
7.26984 16.9528 20.3697 7.26984 15.4737 7.26984 7.26984 20.2736 
9.69577 14.7797 21.8802 8.58466 11.4979 8.03333 8.03333 21.5192 
7.68345 11.9778 22.9553 11.0816 9.8156 7.68345 7.68345 24.5783 
8.04545 10.0523 37.3934 9.36762 8.41796 8.04545 8.04545 13.965 
8.04494 16.5209 23.9905 8.04494 12.2198 8.04494 8.04494 18.8074 
8.50704 17.0515 26.1305 8.50704 8.60551 8.50704 8.50704 15.9532 
8.17985 16.3957 27.3879 8.17985 15.1427 8.17985 8.17985 15.3396 
9.13333 21.2388 24.96 9.13333 12.6189 9.13333 9.13333 12.783 
9.13333 21.2388 24.96 9.13333 12.6189 9.13333 9.13333 12.783 
8.61635 20.0366 28.7165 8.61635 11.9046 8.61635 8.61635 12.0594 
8.28495 19.266 29.8481 8.28495 11.4467 8.28495 8.28495 11.5956 
8.45403 19.6592 30.4573 8.45403 11.6803 8.45403 8.45403 11.8323 
8.45403 19.6592 30.4573 8.45403 11.6803 8.45403 8.45403 11.8323 
8.45403 19.6592 30.4573 8.45403 11.6803 8.45403 8.45403 11.8323 
8.45403 19.6592 30.4573 8.45403 11.6803 8.45403 8.45403 11.8323 
8.45403 19.6592 30.4573 8.45403 11.6803 8.45403 8.45403 11.8323 
8.45403 19.6592 30.4573 8.45403 11.6803 8.45403 8.45403 11.8323 
8.45403 19.6592 30.4573 8.45403 11.6803 8.45403 8.45403 11.8323 
8.45403 19.6592 30.4573 8.45403 11.6803 8.45403 8.45403 11.8323 
8.45403 19.6592 30.4573 8.45403 11.6803 8.45403 8.45403 11.8323 
8.45403 19.6592 30.4573 8.45403 11.6803 8.45403 8.45403 11.8323 
8.45403 19.6592 30.4573 8.45403 11.6803 8.45403 8.45403 11.8323 
12 12 12 12 12 12 12 12 
8.53167 13.6207 17.9932 11.663 12.9318 12.7876 8.09264 14.684 
12.2051 11.7582 16.7861 8.94697 15.2113 11.1623 8.09901 16.37 
7.769 23.6893 18.369 8.00866 9.44529 7.769 12.4291 13.7051 
7.22535 16.391 25.9746 7.22535 10.8485 7.22535 7.22535 19.6358 
7.69444 17.2654 21.2506 9.12256 12.67 7.69444 7.69444 18.3921 
7.01053 11.1225 26.4634 7.01053 9.77888 7.01053 7.01053 26.0071 
6.96703 22.2225 17.7359 6.96703 14.8965 6.96703 6.96703 19.7037 
7.22652 13.7886 20.5532 10.8357 13.5191 7.22652 7.22652 21.2283 
13.5722 14.8842 27.0964 7.27451 7.27451 7.27451 7.27451 18.1029 
16.5448 22.0861 16.9733 7.2 7.2 7.2 7.2 18.2449 
7.36709 12.743 26.8903 7.36709 14.4499 7.36709 7.36709 19.4388 
8.30354 16.2632 22.126 7.50365 14.6921 7.50365 7.50365 17.9657 
7.52294 12.7531 33.0853 7.52294 10.5621 7.52294 7.52294 16.3361 
8.04301 14.0249 28.2782 7.5132 13.7431 8.04301 8.04301 16.6507 
8.34568 17.0749 23.7868 8.34568 10.9041 8.34568 8.34568 21.2521 
8.68421 16.1987 23.4813 10.3639 11.873 8.68421 8.68421 17.1145 
8.60274 11.095 20.8617 8.60274 8.13219 8.60274 8.60274 29.7468 
8.98361 9.09427 25.7279 8.98361 8.98361 8.98361 8.98361 26.4577 
8.02108 8.11989 26.8533 8.02108 8.02108 8.02108 8.02108 30.7658 
8.86667 8.86667 24.7252 8.86667 8.86667 8.86667 8.86667 28.2023 
8.69281 8.69281 24.2404 8.69281 8.69281 8.69281 8.69281 30.9173 
8.52236 8.52236 23.7651 8.52236 8.52236 8.52236 8.52236 30.3111 
8.52236 8.52236 23.7651 8.52236 8.52236 8.52236 8.52236 30.3111 
8.52236 8.52236 23.7651 8.52236 8.52236 8.52236 8.52236 30.3111 
8.52236 8.52236 23.7651 8.52236 8.52236 8.52236 8.52236 30.3111 
8.52236 8.52236 23.7651 8.52236 8.52236 8.52236 8.52236 30.3111 
8.52236 8.52236 23.7651 8.52236 8.52236 8.52236 8.52236 30.3111 
8.52236 8.52236 23.7651 8.52236 8.52236 8.52236 8.52236 30.3111 
8.52236 8.52236 23.7651 8.52236 8.52236 8.52236 8.52236 30.3111 
8.52236 8.52236 23.7651 8.52236 8.52236 8.52236 8.52236 30.3111 
8.52236 8.52236 23.7651 8.52236 8.52236 8.52236 8.52236 30.3111 
8.52236 8.52236 23.7651 8.52236 8.52236 8.52236 8.52236 30.3111 
8.52236 8.52236 23.7651 8.52236 8.52236 8.52236 8.52236 30.3111 
