5 80000 300 266
14 14 14 14 14 14 14 
13.6161 13.833 15.1345 14.1584 13.6161 16.3275 12.3145 
11.1091 12.9201 18.0511 16.3086 13.3492 16.8555 10.9064 
12.5454 12.3111 21.0316 16.133 13.6655 14.6588 9.40455 
10.2249 13.0489 22.5563 18.5444 13.0828 13.7632 8.65448 
11.3891 13.8649 21.0654 19.1658 13.4563 12.7327 8.26341 
11.3125 12.7377 20.7387 20.0698 13.0015 14.0442 8.06429 
9.68168 13.7841 20.8566 21.2637 13.0686 13.3781 7.95164 
9.52834 14.8162 20.6962 18.556 14.4584 14.0551 7.88207 
8.80981 15.1882 19.7879 16.6431 16.669 15.0151 7.88294 
8.3798 17.4267 19.2036 18.3634 15.3429 13.3653 7.91637 
8.55096 17.4355 18.831 19.2223 14.4666 13.5792 7.91356 
8.23693 17.4972 18.5161 20.746 13.5502 13.5348 7.91824 
8.02628 18.5682 19.0777 18.9903 14.3903 13.08 7.86693 
7.98804 19.2214 18.8485 20.1646 13.8897 11.9793 7.90836 
9.33382 19.7078 17.7738 19.2085 14.6148 11.4266 7.93476 
8.9879 19.7304 17.7346 17.9376 17.1839 10.5487 7.87685 
8.69563 20.4745 18.6362 16.5318 17.3105 10.4214 7.93002 
9.42028 19.347 18.8419 16.9616 16.5227 11.0078 7.89876 
8.76131 20.8675 19.7621 14.0245 17.8562 10.8344 7.89394 
8.38499 18.4424 20.1624 15.562 19.2095 10.3955 7.84307 
8.13727 19.4776 19.7459 14.3885 20.6501 9.73426 7.86631 
8.95994 20.6084 20.0903 13.6073 19.3468 9.54105 7.8462 
8.43601 19.9745 19.3858 15.1553 19.3437 9.82547 7.87914 
9.10123 18.3737 19.3532 15.9641 18.5891 10.7514 7.86738 
8.81758 19.3619 19.414 15.5313 18.3755 10.6273 7.87242 
8.38368 19.5136 19.8535 15.5062 18.2882 10.5438 7.91111 
10.0108 17.6232 22.75 14.6497 16.7949 10.2288 7.94262 
9.65416 18.3157 23.4618 14.143 17.0752 9.45324 7.89693 
8.73164 19.7869 22.7938 16.0737 15.8044 8.95655 7.85302 
9.97912 19.6648 21.8959 16.8726 14.555 9.15603 7.87661 
9.67366 20.6167 20.534 16.6062 15.6653 9.04425 7.85988 
8.82006 19.4278 19.8058 19.0998 16.1136 8.81982 7.91317 
8.95548 18.9131 20.7254 19.723 14.9832 8.84714 7.85269 
8.47342 20.4716 20.0819 17.7449 16.2389 9.0672 7.92202 
8.21901 18.7535 22.2091 18.3857 15.6416 8.84776 7.94331 
8.17455 18.5231 20.9623 20.8799 15.1379 8.38729 7.93507 
9.92997 18.3627 19.5823 21.0017 14.4229 8.80039 7.90012 
8.85515 17.9914 19.8598 21.3704 14.3053 9.77777 7.84022 
8.58536 16.9914 18.5653 22.6255 15.0418 10.326 7.86467 
9.74925 17.4044 20.3071 21.335 13.3115 10.0628 7.82989 
8.80721 19.3764 21.1648 21.0046 12.8355 8.96397 7.84753 
10.1179 19.0929 19.63 20.7404 13.2035 9.36294 7.85234 
10.6989 18.6571 19.7933 19.4808 13.5432 9.996 7.83072 
9.26247 19.3286 21.0923 20.0665 13.5107 8.91104 7.8284 
11.0994 19.8285 20.8131 18.6575 13.0182 8.76764 7.81564 
10.1061 18.5474 23.596 17.8419 13.5834 8.46056 7.86465 
11.6348 18.7217 23.0507 17.2012 13.2673 8.26425 7.86014 
10.2703 18.3939 21.0673 19.0332 14.14 9.22118 7.87409 
11.3436 19.1748 21.3984 19.051 12.5024 8.60172 7.92818 
9.56789 20.4099 22.7122 18.7246 12.5282 8.19697 7.86019 
10.9908 19.1705 23.0802 19.0175 11.6664 8.23641 7.83814 
11.6377 18.0982 22.8548 17.8062 13.2686 8.42855 7.90614 
11.3212 18.0204 25.4226 16.0801 12.4955 8.75973 7.90044 
11.9106 19.1395 22.9484 17.1995 12.4978 8.36693 7.93729 
10.8548 18.8662 21.3988 19.0269 13.2841 8.70608 7.86312 
10.7802 18.3139 24.3247 18.5159 11.9948 8.24598 7.8245 
10.78 18.1019 23.5156 18.4323 13.1075 8.25143 7.81133 
9.98184 19.1275 24.0027 16.6141 13.4415 8.97265 7.85975 
10.7804 19.3532 22.8434 17.0439 13.5629 8.48633 7.92987 
10.9058 18.9092 24.1316 17.0351 12.6567 8.43981 7.92177 
11.7299 20.8182 22.3472 15.3357 13.7959 8.11601 7.85699 
11.8116 20.1179 23.9163 14.464 13.33 8.54829 7.81199 
10.0908 21.2924 24.7335 15.3818 12.2817 8.34904 7.87075 
10.986 18.8145 25.238 17.2206 11.3389 8.5062 7.89577 
10.9986 20.4185 24.7538 14.2283 13.0852 8.63512 7.88047 
9.66598 20.9416 24.7507 16.0788 11.9719 8.73675 7.85438 
10.6771 19.1288 23.5225 17.9961 12.5877 8.26448 7.82329 
10.1487 19.3112 22.6473 20.8968 11.104 8.05629 7.8357 
10.5355 16.5731 24.1877 22.7057 9.92091 8.27572 7.80134 
10.6634 17.3993 22.2857 21.185 12.5144 8.09469 7.85751 
10.4186 17.2604 23.5498 21.7587 11.0959 8.01757 7.89898 
10.4724 18.9173 24.0955 18.176 12.3661 8.07577 7.89686 
10.9803 17.4221 24.1887 19.9235 11.5356 8.08488 7.86488 
11.4804 18.002 22.3633 20.5975 11.758 7.95442 7.84442 
14.3868 17.6476 22.5852 18.4441 11.1422 7.98724 7.80692 
13.4434 18.0686 22.4905 18.2064 12.0815 7.89987 7.80971 
12.4815 16.2647 23.7452 18.9071 12.9035 7.8715 7.82642 
12.9463 15.421 24.9922 17.9084 11.9911 8.89202 7.84907 
11.6076 16.8792 24.5988 19.4676 11.2523 8.35799 7.83652 
11.9236 15.3406 25.5806 20.5411 10.7043 8.08525 7.82451 
12.3816 13.4728 25.0125 22.7397 10.5373 7.99324 7.86287 
10.61 14.4384 25.0063 23.4911 10.5717 8.03702 7.84558 
10.5885 14.178 26.1629 22.4414 10.6982 8.01336 7.91763 
12.6653 13.9686 25.735 21.1716 10.6317 7.93788 7.89002 
10.7946 14.8583 25.8596 21.8719 10.8276 7.90595 7.88202 
12.4395 14.0489 25.7467 21.4993 10.4842 7.89664 7.88467 
11.9304 13.7503 26.7058 20.0136 11.4604 8.26304 7.87635 
12.4129 13.0795 25.7617 21.4423 11.2047 8.26777 7.83112 
14.1954 11.9117 27.2059 19.2611 10.561 8.95482 7.91005 
14.1456 13.5356 24.1083 20.2689 11.5305 8.46677 7.94439 
14.514 14.3396 24.7173 19.1423 11.2483 8.14984 7.88864 
14.6181 12.1698 27.0809 20.1267 10.0686 8.1027 7.83321 
13.4188 13.5662 26.134 20.7865 10.1465 8.04137 7.90663 
14.4117 12.5272 26.3829 20.576 10.2952 7.93714 7.86976 
16.8925 10.5371 27.5789 19.8322 9.27865 7.95717 7.92349 
16.4133 12.1367 25.6026 18.982 10.958 7.9621 7.94526 
17.0864 10.0301 25.9161 20.42 10.6703 7.9428 7.93438 
19.3791 10.5878 25.1871 19.1883 9.97909 7.84137 7.83716 
19.1311 12.0758 23.8968 19.0356 10.0427 7.91005 7.90794 
20.7553 12.5535 26.8209 15.0419 8.98737 7.92103 7.91998 
21.2339 12.0871 26.2545 15.7778 8.77503 7.93605 7.93552 
20.7047 10.8681 28.3319 15.9299 8.33488 7.91539 7.91513 
19.6017 10.93 28.241 15.8738 9.66342 7.8451 7.84496 
20.8951 9.87232 28.2543 15.9916 9.23901 7.87392 7.87385 
21.3706 9.24385 28.5887 16.3035 8.6195 7.93696 7.93693 
21.5085 9.65241 29.2334 15.4688 8.27317 7.93189 7.93188 
21.5993 10.6009 28.1378 14.3541 9.4887 7.90961 7.9096 
23.0385 9.77804 28.3973 14.4905 8.62494 7.8354 7.8354 
24.7295 8.86629 27.977 14.3475 8.28975 7.89497 7.89497 
25.4633 10.3486 26.1012 12.6667 9.63783 7.89115 7.89115 
26.2331 9.32862 26.107 13.1583 9.56669 7.80314 7.80314 
24.2093 9.30007 27.9542 13.5328 9.25354 7.87508 7.87508 
25.9245 8.53202 30.2814 10.8037 8.81932 7.81953 7.81953 
26.9224 10.5338 27.3914 10.3876 8.96806 7.89837 7.89837 
27.6799 9.64191 28.852 9.72504 8.39028 7.85543 7.85543 
28.9562 8.80767 29.21 9.01535 8.18185 7.91443 7.91443 
29.343 8.30774 29.62 9.01218 7.99483 7.86112 7.86112 
27.7839 10.2057 28.2106 8.39658 9.7611 7.82105 7.82105 
27.1318 9.46424 29.8374 8.24813 9.70921 7.80461 7.80461 
27.3538 8.67151 30.2217 9.27558 8.794 7.8417 7.8417 
27.1904 9.29071 30.7265 8.54169 8.6012 7.82475 7.82475 
27.6139 9.31825 30.7838 8.16493 8.50621 7.80646 7.80646 
27.4993 8.65913 30.4688 9.15939 8.40695 7.90323 7.90323 
27.576 8.18808 29.3823 11.1713 8.062 7.81014 7.81014 
29.1131 7.96401 28.0039 11.468 7.90097 7.77504 7.77504 
28.6049 9.26901 28.3524 10.2657 7.87798 7.81501 7.81501 
29.3872 8.7023 29.0914 9.37015 7.83729 7.80581 7.80581 
30.0782 8.36453 29.4287 8.86568 7.7648 7.74906 7.74906 
28.9735 8.11669 30.9438 8.5312 7.81683 7.80896 7.80896 
27.7816 10.2722 30.3563 8.16733 7.81015 7.80621 7.80621 
28.7976 9.94977 29.9297 7.96565 7.78706 7.78509 7.78509 
28.5655 8.97489 30.7982 7.98283 7.89353 7.89255 7.89255 
27.5933 8.41236 32.4639 7.91633 7.87168 7.87119 7.87119 
27.0014 9.99253 30.6237 7.81573 8.98035 7.79316 7.79316 
29.5668 8.90017 29.2758 8.26222 8.39408 7.80048 7.80048 
27.7342 8.38451 29.7199 10.3606 8.13147 7.83467 7.83467 
29.3671 8.19226 29.0266 9.51364 8.06573 7.91733 7.91733 
30.2115 8.28867 28.799 8.63881 8.38069 7.84065 7.84065 
29.4639 8.87407 28.5887 8.20454 9.25791 7.80546 7.80546 
28.8958 8.36195 29.994 8.53913 8.55387 7.82765 7.82765 
30.0068 8.10847 28.8943 8.19706 9.11077 7.84132 7.84132 
29.9405 8.45675 28.5981 8.02935 9.27237 7.85148 7.85148 
29.0972 8.35536 29.5371 8.61785 8.60444 7.89399 7.89399 
28.9035 8.04865 31.0589 8.17989 8.17319 7.81796 7.81796 
26.286 10.6811 30.7661 8.08403 8.37653 7.90306 7.90306 
27.1809 9.9147 28.79 10.1934 8.13148 7.89475 7.89475 
27.5439 8.94406 28.8468 10.7446 8.05245 7.93409 7.93409 
27.4581 8.66911 31.2117 9.2044 7.85834 7.79916 7.79916 
28.387 9.05768 30.101 8.51099 8.32657 7.80837 7.80837 
28.1254 8.39881 30.6852 9.20906 8.03325 7.77416 7.77416 
28.6675 8.1513 30.9783 8.55642 7.96852 7.83897 7.83897 
30.2644 8.01887 29.0538 9.01007 7.92748 7.8627 7.8627 
29.6891 7.96513 29.0839 9.56833 7.91943 7.88705 7.88705 
30.3509 7.93826 29.2571 8.73986 7.91541 7.89922 7.89922 
29.4139 7.94264 30.5226 8.34344 7.93122 7.92312 7.92312 
30.129 8.02976 30.1964 8.06782 7.86171 7.85766 7.85766 
29.3069 8.56034 29.7952 8.42785 8.17328 7.86823 7.86823 
29.6851 8.23586 28.5052 9.7519 8.04234 7.88981 7.88981 
31.2559 8.0693 28.0824 8.82732 7.97254 7.89627 7.89627 
29.8437 7.95622 29.7275 8.82542 7.90784 7.8697 7.8697 
27.4218 8.20605 31.7755 8.27301 8.73333 7.79515 7.79515 
27.2912 8.11537 32.7087 8.14885 8.22469 7.7556 7.7556 
28.4604 7.92974 32.1793 7.94648 7.9844 7.74985 7.74985 
31.2078 8.25591 28.9628 7.89115 7.91011 7.9794 7.79284 
30.1054 8.05545 28.6808 9.38364 8.0336 7.91719 7.82391 
31.0845 7.99598 28.4674 8.66007 7.98506 7.92685 7.88021 
29.164 7.84414 30.7401 8.4967 8.15919 7.80958 7.78626 
29.0557 7.86944 31.1595 8.19572 8.02697 7.85216 7.8405 
29.6981 7.80469 31.0596 7.96783 7.88345 7.79605 7.79022 
29.3945 7.99325 30.2268 8.8324 7.88112 7.83742 7.8345 
29.8333 8.24833 29.9093 8.32776 8.02219 7.83027 7.82882 
29.9936 8.12416 29.57 8.47157 8.0111 7.91514 7.91441 
28.965 8.03034 30.9755 8.20404 7.9738 7.92582 7.92546 
28.8374 7.88614 30.9716 8.77944 7.85787 7.83388 7.8337 
28.8532 8.55616 29.1763 9.89567 7.94679 7.78599 7.7859 
30.1098 8.16007 29.495 8.82982 7.85538 7.77498 7.77494 
29.4562 7.96353 29.1488 10.0783 7.81119 7.77099 7.77096 
30.0306 7.89636 29.6989 8.95376 7.82018 7.80008 7.80007 
29.4411 8.0098 29.4153 9.09873 8.39188 7.82161 7.8216 
29.9046 7.99263 29.585 8.53709 8.18367 7.89854 7.89853 
31.2275 7.85538 29.222 8.12761 7.9509 7.80833 7.80833 
32.3839 7.80968 28.4309 7.94579 7.85744 7.78615 7.78615 
31.5089 7.77808 29.5323 7.84614 7.80196 7.76632 7.76631 
31.077 9.05033 28.6371 7.79404 7.93324 7.75413 7.75413 
29.5512 8.50606 30.4014 7.87791 7.94751 7.85795 7.85795 
28.0668 8.20872 32.1311 7.89465 7.92945 7.88467 7.88467 
29.5852 7.95052 31.2829 7.79348 7.81088 7.78849 7.78849 
30.1648 8.34419 29.5573 7.78023 8.598 7.77774 7.77774 
28.5499 8.04206 30.8777 8.84368 8.16897 7.75884 7.75884 
28.199 7.97673 31.4199 8.69399 8.04018 7.83512 7.83512 
30.3898 7.85933 30.0648 8.21796 7.89106 7.78853 7.78853 
30.5445 8.18499 29.3181 8.06035 8.20085 7.84563 7.84563 
30.4335 7.96346 30.1429 7.90114 7.97139 7.79378 7.79378 
30.1652 7.93362 30.3636 7.90246 7.93759 7.84878 7.84878 
31.0503 7.83778 29.8592 7.8222 7.83976 7.79536 7.79536 
30.2668 8.93409 29.3673 7.86247 7.87125 7.84905 7.84905 
30.3233 8.58097 28.7659 8.67807 7.89132 7.88022 7.88022 
30.7354 8.22491 28.8092 8.60133 7.88009 7.87454 7.87454 
31.5489 7.99595 28.8059 8.18416 7.82354 7.82076 7.82076 
30.7262 7.8565 30.1586 7.9506 7.77029 7.7689 7.7689 
30.8286 8.2826 29.6439 7.8792 7.78905 7.78836 7.78836 
29.6766 8.07573 30.8875 7.87403 7.82895 7.8286 7.8286 
29.0995 7.98975 31.4231 7.8889 7.86637 7.86619 7.86619 
28.8584 7.8534 32.1103 7.80297 7.7917 7.79162 7.79162 
28.8464 8.22118 31.3926 7.88922 7.88358 7.88354 7.88354 
29.4559 8.03216 31.0558 7.86618 7.86336 7.86334 7.86334 
29.7111 7.88813 31.1844 7.80514 7.80373 7.80372 7.80372 
29.1189 7.86256 29.6988 9.85868 7.82036 7.82036 7.82036 
28.2097 8.83926 29.2666 9.99069 7.89791 7.89791 7.89791 
27.3579 8.33529 29.3923 11.3206 7.86462 7.86462 7.86462 
28.9613 8.15436 27.8191 11.3082 7.91902 7.91902 7.91902 
28.9912 7.92333 30.1683 9.50024 7.80566 7.80566 7.80566 
30.47 7.95528 29.1417 8.74373 7.89644 7.89644 7.89644 
30.7735 8.43918 27.6477 9.29494 7.94822 7.94822 7.94822 
30.9102 8.19071 28.4448 8.61859 7.94523 7.94523 7.94523 
30.6017 8.00415 29.5319 8.21809 7.88141 7.88141 7.88141 
30.7732 7.91087 29.7496 8.01784 7.8495 7.8495 7.8495 
29.2667 8.21411 30.49 7.95214 8.34115 7.86797 7.86797 
30.018 7.95321 30.2951 8.15667 8.01673 7.78014 7.78014 
30.4199 7.91496 30.0448 8.01669 7.94672 7.82842 7.82842 
31.7132 7.87905 28.9113 7.92991 7.89493 7.83578 7.83578 
31.7103 7.90294 28.6325 7.92837 8.06332 7.88131 7.88131 
31.5646 7.8366 29.1811 7.84932 7.91679 7.82579 7.82579 
30.2683 7.81238 30.6342 7.81874 7.85248 7.80697 7.80697 
28.0104 7.75235 30.8689 10.0967 7.77239 7.74964 7.74964 
28.5537 7.72233 31.488 9.06171 7.73235 7.72097 7.72097 
28.8602 8.02783 30.3273 9.59038 7.73522 7.72953 7.72953 
30.1678 7.94834 29.7538 8.72962 7.80204 7.79919 7.79919 
28.9204 7.90499 29.0279 10.6541 7.83184 7.83041 7.83041 
28.3231 7.84658 30.246 10.1557 7.81 7.80929 7.80929 
27.4359 8.93804 29.1348 9.79762 8.91975 7.88694 7.88694 
28.8453 8.60915 28.1024 10.1536 8.44077 7.92436 7.92436 
29.4046 8.27569 29.2137 9.04791 8.1915 7.9333 7.9333 
29.563 8.00782 30.3963 8.39393 7.96572 7.83662 7.83662 
30.32 8.92698 28.7366 8.19696 7.98286 7.91831 7.91831 
29.7231 8.34699 30.3877 7.98198 7.87493 7.84265 7.84265 
29.4512 8.12486 30.5434 8.24631 7.88883 7.87269 7.87269 
29.9798 7.96074 30.5259 8.02146 7.84272 7.83465 7.83465 
28.6263 8.52582 30.566 8.7077 7.86075 7.85672 7.85672 
29.0567 8.10907 30.1868 9.3218 7.77653 7.77451 7.77451 
29.6103 7.98896 30.3393 8.59533 7.82269 7.82168 7.82168 
29.1585 7.9377 31.1003 8.24088 7.85456 7.85406 7.85406 
28.865 7.9371 31.2644 8.08869 8.05427 7.89528 7.89528 
28.2463 7.87246 32.2989 7.94825 7.93104 7.85155 7.85155 
28.8383 7.89192 30.2317 9.35387 7.92121 7.88147 7.88147 
27.9505 7.90636 28.3172 12.1027 7.921 7.90113 7.90113 
28.4612 7.84726 29.8907 9.94542 8.16611 7.84465 7.84465 
27.867 8.14441 30.6921 9.6805 7.97916 7.81843 7.81843 
28.621 7.97845 28.1585 11.7153 7.89583 7.81546 7.81546 
27.09 7.98284 29.7342 11.4487 7.94152 7.90134 7.90134 
26.4883 8.24674 31.3565 9.62505 7.87147 8.5606 7.85138 
26.9097 9.26806 28.7007 10.4395 8.75889 8.13882 7.78421 
27.1645 8.505 28.8665 11.5101 8.25041 7.94038 7.76307 
25.7935 8.2129 28.1296 14.0059 8.0856 7.93059 7.84193 
28.783 7.9526 28.2789 11.518 7.88895 7.81145 7.76712 
28.4824 8.52176 29.7455 9.69839 7.88387 7.84512 7.82295 
30.7536 8.1189 29.0703 8.70722 7.79996 7.78058 7.7695 
29.9601 7.90561 29.2787 9.64207 7.74613 7.73645 7.7309 
30.2485 7.81186 29.9078 8.84788 7.73213 7.72728 7.72451 
29.258 8.00927 30.9114 8.37531 7.81743 7.81501 7.81362 
30.4265 8.14574 29.5661 8.17538 7.89645 7.89523 7.89454 
28.7915 8.06648 30.9172 8.40079 7.94183 7.94123 7.94088 
30.3049 7.92934 30.069 8.0965 7.86702 7.86672 7.86654 
29.6005 7.86078 31.1059 7.94435 7.82961 7.82946 7.82938 
29.019 8.77414 29.6155 8.34718 8.60231 7.82098 7.82094 
28.2641 8.66216 31.1646 8.07693 8.2045 7.81384 7.81381 
14 14 14 14 14 14 14 
13.7538 15.4967 15.8235 12.1198 12.5556 16.3682 12.8824 
11.7482 17.3072 16.8272 12.8614 13.355 16.5481 10.8529 
13.5194 17.9808 17.0527 14.3053 14.0934 13.3964 9.40201 
12.0126 17.1616 20.5886 15.1293 13.6615 12.632 8.68933 
13.1919 15.3672 21.1726 15.8481 14.1162 11.9048 8.33668 
11.1669 16.1724 22.7131 15.7599 14.6141 11.4562 8.08625 
12.4584 16.6279 21.9816 15.7966 13.3487 11.7697 8.00146 
10.9767 17.7079 21.8999 15.5751 14.9572 10.9354 7.94012 
11.175 17.3303 19.2117 16.1566 16.4915 11.6909 7.94002 
9.49534 18.084 19.0247 15.6935 17.7648 12.0579 7.87783 
8.68706 18.739 20.1184 16.2306 16.2561 12.0895 7.87831 
9.57609 17.4121 19.0708 16.8362 17.7211 11.4711 7.91202 
9.54995 15.6325 19.2757 17.8337 17.9515 11.9044 7.85211 
8.85264 15.6803 20.0262 19.5965 16.1602 11.7774 7.90664 
9.57036 16.2764 20.6098 18.2344 15.7961 11.65 7.86278 
10.0321 16.1629 19.9757 18.5822 16.54 10.8662 7.84086 
9.01195 17.815 19.5165 19.1272 15.852 10.761 7.91633 
9.60597 16.9075 20.7583 19.5636 15.326 9.88048 7.95817 
9.59341 17.9348 20.459 17.9654 15.8466 10.2297 7.9711 
8.69281 17.5172 20.7273 19.2641 16.0402 9.87673 7.88165 
8.27568 18.68 19.9904 20.1429 15.8786 9.16234 7.8701 
8.09083 18.528 20.8926 19.6868 16.2727 8.641 7.88804 
7.97469 18.6943 21.1536 19.3719 16.3878 8.54447 7.87329 
8.21567 19.178 20.7248 19.6225 15.1706 9.24052 7.84785 
8.04158 19.6304 21.5425 17.8858 15.2458 9.79624 7.85767 
8.02079 17.9205 22.0344 18.4166 15.9387 9.74023 7.92884 
8.15241 18.2305 20.2874 19.5633 15.6616 10.1956 7.90919 
9.1502 18.2061 20.6088 18.8726 14.3847 10.9117 7.8658 
8.49076 19.5448 19.943 20.0789 13.8189 10.2751 7.84856 
9.50289 19.5364 20.3792 20.2326 13.1326 9.32212 7.89424 
9.22299 21.1503 20.962 18.348 12.8671 9.53911 7.91053 
8.53931 20.7662 20.6721 19.2589 13.3338 9.54662 7.88308 
9.34212 19.5964 22.0338 18.2216 13.9133 9.01762 7.87529 
10.0015 20.0327 22.2109 17.6396 12.9268 9.30625 7.88221 
9.46886 19.8036 23.4459 15.0964 14.3357 9.97227 7.87727 
10.8915 19.4559 21.2771 14.3422 16.722 9.44474 7.86645 
10.5091 19.7491 20.7651 15.2935 16.5889 9.25823 7.83618 
12.1933 19.2623 19.5662 14.9937 17.4781 8.60871 7.89768 
10.4864 20.0166 19.205 15.9551 18.1609 8.26581 7.9103 
9.16476 20.0301 18.9707 18.544 16.27 9.1438 7.87672 
9.5537 20.1489 20.6708 16.8246 16.4524 8.49159 7.85805 
9.23694 19.5815 19.8424 18.3888 15.6206 9.41012 7.91964 
9.06982 18.6934 20.3767 18.9253 16.0919 8.94936 7.89357 
8.52124 16.636 22.0335 19.0298 16.3603 9.48607 7.93312 
8.22722 17.9213 19.8894 19.6402 16.2177 10.171 7.93315 
8.21025 16.3136 21.1842 20.5344 15.882 9.91744 7.95817 
9.36828 16.6831 20.3816 20.1619 16.4673 8.95872 7.97909 
8.59913 16.2834 19.8105 20.5955 16.5111 10.2959 7.90453 
8.43969 17.2712 19.1409 21.2319 15.3681 10.6681 7.88008 
8.81066 19.6136 19.0515 20.2966 13.9715 10.3241 7.93206 
8.39646 21.115 19.947 18.1306 15.1897 9.26404 7.95716 
8.09731 19.7318 18.5744 19.6157 15.2783 10.8247 7.87766 
10.1711 18.4827 19.4913 18.8782 14.2151 10.8545 7.90708 
9.06045 19.9108 19.6829 16.7613 16.1034 10.5528 7.92844 
8.44946 19.2191 20.5303 18.1193 14.9401 10.8583 7.88346 
9.80368 20.7674 19.423 16.9544 14.2069 10.9029 7.94173 
9.57014 19.8432 22.7336 15.1111 13.7373 11.1025 7.90207 
9.39881 20.3293 20.7016 16.5684 15.0232 10.0577 7.92099 
10.0893 18.8803 21.1306 17.4585 15.4244 9.15729 7.85958 
8.97611 18.9159 20.5451 20.1204 14.2646 9.31655 7.86124 
9.37177 17.1324 22.133 22.3858 12.4812 8.61176 7.88411 
10.342 18.8603 23.0575 18.2065 12.4623 9.17013 7.90133 
9.19943 19.7382 23.851 18.7004 11.3259 9.3244 7.86062 
9.45409 18.1215 23.9401 21.2434 10.8814 8.5457 7.8138 
9.43796 20.5169 22.9979 19.8294 11.1152 8.2343 7.86836 
8.63822 19.047 24.9194 21.3161 9.83315 8.39269 7.85342 
8.85451 18.5943 25.734 20.8351 9.45197 8.62112 7.90901 
10.3363 17.9335 24.9125 21.213 9.38508 8.28783 7.93178 
9.30688 16.9086 25.0961 23.0226 9.61424 8.17076 7.88088 
9.38317 19.3777 23.9219 21.8717 9.53685 8.02682 7.88188 
9.1387 18.7033 24.3408 21.6329 10.2973 7.97976 7.90729 
9.86214 18.8111 23.0938 21.5147 10.8919 7.93132 7.89508 
10.9917 18.613 21.2206 21.8296 11.0403 8.39456 7.91025 
10.5302 19.0319 22.1663 21.0979 11.241 8.08744 7.84528 
10.3963 20.1365 20.8684 21.1695 11.4678 8.101 7.86059 
9.14554 19.4103 22.9342 21.9005 10.7339 7.99787 7.87766 
9.21825 21.0744 22.3473 20.2412 11.3572 7.91091 7.85081 
10.8912 18.4859 22.9685 20.6334 11.1914 7.92982 7.89976 
10.9126 19.0379 21.8487 19.0866 13.2267 7.95124 7.93622 
11.3676 17.4007 22.9933 19.1492 13.0173 8.16281 7.90899 
9.66931 16.6714 22.6078 21.1688 13.755 8.18769 7.94 
9.44631 15.2532 23.3185 21.0213 13.795 9.31229 7.8535 
9.66433 13.156 25.3063 22.393 12.1916 9.36203 7.92675 
8.79487 14.1538 25.9399 20.7536 13.4385 8.99337 7.92608 
8.30172 12.8703 26.5719 22.7194 13.0165 8.65286 7.86732 
9.37474 13.0272 26.0969 23.4244 11.4834 8.67966 7.91376 
8.68737 13.9254 26.2249 23.0063 11.8593 8.33983 7.95688 
9.82671 13.4901 24.8618 24.0358 11.5432 8.34746 7.89489 
10.3455 13.7821 24.7766 22.7586 12.3148 8.12435 7.89806 
10.1985 14.1075 25.2749 21.4309 12.9873 8.05702 7.94388 
11.1787 13.2572 25.4166 22.502 11.3324 8.37094 7.94216 
10.6271 14.0594 26.3103 20.6969 12.0894 8.34164 7.87536 
9.31872 14.0064 25.8167 22.4931 12.5046 8.04679 7.81365 
11.0914 13.3139 25.287 23.7466 10.864 7.90689 7.79032 
11.5253 13.2727 23.8394 22.4331 13.1928 7.89747 7.83918 
13.1118 11.8857 24.3869 22.8963 11.977 7.88574 7.8566 
11.5146 11.177 27.8959 23.1562 10.3962 7.93736 7.92279 
10.4371 13.3471 26.3864 22.1692 11.8483 7.90957 7.90228 
11.1552 12.0825 25.0665 24.5411 11.3331 7.91257 7.90892 
12.0711 11.1062 26.1696 24.8679 10.0822 7.85239 7.85057 
12.7849 12.5779 25.206 23.04 10.5507 7.92068 7.91977 
14.2091 12.0841 25.1367 23.1103 9.58803 8.00347 7.86824 
15.0621 11.745 26.6267 20.839 9.8338 7.98051 7.9129 
14.0474 12.7647 26.5966 20.9458 9.92943 7.87497 7.84116 
13.9107 11.892 26.6592 20.8035 10.8876 7.93197 7.91507 
16.139 10.7565 27.7611 19.5854 9.6712 8.19339 7.8934 
15.502 11.7296 26.5832 19.5224 10.7815 8.01562 7.86562 
15.2302 10.8509 27.142 20.5645 10.3769 8.02443 7.81092 
15.9 10.0766 27.6699 20.7474 9.83962 7.93663 7.82988 
16.1902 11.1836 27.6617 18.6139 10.6461 7.87893 7.82556 
17.2574 10.8274 25.8728 19.2546 11.0822 7.86617 7.83948 
15.5609 10.281 26.8007 22.0167 9.5234 7.91538 7.90204 
15.9326 9.4883 25.0851 23.2366 10.4682 7.89791 7.89124 
14.8827 11.0842 25.9431 21.9929 10.4214 7.83944 7.83611 
15.1337 10.4238 26.8769 22.387 9.35273 7.91381 7.91214 
16.0896 10.1835 25.3703 23.8355 8.65364 7.93418 7.93334 
15.1669 13.2313 25.1851 20.348 10.2861 7.89151 7.89109 
15.59 11.1908 27.6252 20.7949 9.06463 7.86732 7.86711 
14.8125 11.7358 29.0173 20.0466 8.62588 7.88103 7.88093 
16.2213 11.0702 27.948 20.5724 8.50369 7.84225 7.8422 
17.8704 9.439 28.2382 20.6466 8.15575 7.82503 7.825 
19.1176 8.82284 27.341 20.9616 8.02924 7.86388 7.86387 
20.0378 9.65094 28.4909 16.6185 9.40384 7.97386 7.82415 
17.9137 9.31464 29.5705 17.4424 10.1199 7.8569 7.78204 
19.984 9.03798 27.9272 18.3889 8.98743 7.85594 7.81851 
22.5293 8.6981 27.695 16.9556 8.52357 7.80857 7.78985 
21.1484 9.43626 28.5277 15.0185 10.2211 7.8287 7.81935 
20.2468 9.62884 30.3353 14.8009 9.42602 7.7834 7.77872 
20.534 8.77337 29.0973 17.2245 8.67195 7.85064 7.8483 
21.1999 9.6345 29.709 15.4636 8.27184 7.86118 7.86001 
20.6282 11.4557 28.6963 14.3702 9.07942 7.88539 7.88481 
23.4056 10.9329 28.0705 13.3365 8.48293 7.88591 7.88562 
24.4837 9.53947 28.3611 13.4098 8.45495 7.87554 7.8754 
25.0467 10.7149 27.5952 12.3452 8.49577 7.90119 7.90111 
26.2402 9.78221 26.482 13.2522 8.37768 7.93289 7.93286 
25.9914 9.51157 25.7822 14.7119 8.14923 7.92684 7.92682 
25.7345 8.89591 29.1332 11.6553 8.21474 8.42202 7.9443 
26.1416 9.4627 26.8085 13.0548 8.38466 8.19331 7.95445 
26.9073 9.44833 26.4545 12.8167 8.43761 8.02747 7.90804 
27.1164 9.66603 26.5994 12.6584 8.14322 7.93816 7.87844 
27.4196 8.79341 28.9763 10.9496 8.03201 7.92947 7.89962 
28.9876 8.87201 29.3029 9.33284 7.87403 7.82276 7.80783 
27.3923 9.79833 27.9848 11.1882 7.99499 7.82442 7.81696 
27.7485 8.82073 29.0251 10.8228 7.91906 7.83378 7.83005 
27.1 8.28133 30.319 10.8953 7.8305 7.78786 7.78599 
27.3595 8.10892 30.2389 10.6857 7.8835 7.86218 7.86125 
27.5441 9.65918 28.9837 9.32517 8.66152 7.91339 7.91293 
29.3239 8.67574 29.3748 8.84319 8.17691 7.80285 7.80262 
29.4135 8.21986 30.3706 8.45886 7.97044 7.78341 7.7833 
30.8744 8.00215 29.5566 8.12165 7.87744 7.78392 7.78386 
29.0324 8.68385 28.9777 9.801 7.86621 7.81945 7.81942 
29.1659 8.64129 28.0239 10.4738 7.914 7.89062 7.8906 
29.7295 8.22944 27.8556 10.6115 7.86579 7.8541 7.8541 
29.7654 8.08823 29.1596 9.27924 7.90641 7.90056 7.90056 
29.064 7.99148 28.3225 10.9262 7.90057 7.89765 7.89765 
27.7138 8.84423 27.9491 11.0691 8.64726 7.88822 7.88822 
27.7547 8.89496 29.4698 9.52818 8.47698 7.93772 7.93772 
27.3642 8.39485 31.5112 8.71146 8.18586 7.91623 7.91623 
27.3185 8.13682 29.998 10.7194 8.03232 7.89751 7.89751 
25.9204 9.00471 28.3748 12.0476 8.79323 7.92965 7.92965 
27.4245 8.78807 29.5445 9.95236 8.50376 7.89339 7.89339 
26.5885 8.24019 31.4947 9.9929 8.09803 7.79285 7.79285 
27.0979 8.10782 29.8578 11.1314 8.03675 7.88416 7.88416 
27.3104 8.79397 29.1491 10.9174 7.99391 7.91761 7.91761 
27.5353 8.3402 28.2969 12.0833 7.94017 7.90202 7.90202 
28.3372 8.14361 28.2213 11.5052 7.9436 7.92452 7.92452 
28.6737 7.99672 29.981 9.67753 7.89671 7.88718 7.88718 
28.2487 7.99285 29.8665 9.93518 8.08059 7.93808 7.93808 
29.6981 7.93085 29.6874 8.90202 7.97472 7.90347 7.90347 
28.6478 7.86153 30.2658 9.64581 7.88346 7.84784 7.84784 
27.9457 7.77692 30.0367 10.9127 7.78789 7.77007 7.77007 
28.8463 8.16061 29.4171 10.0449 7.84964 7.84073 7.84073 
28.6874 7.98421 28.8227 11.0285 7.82872 7.82427 7.82427 
30.1166 7.93532 27.976 10.4038 7.85758 7.85535 7.85535 
29.0265 7.93592 29.5436 9.80509 7.89704 7.89593 7.89593 
29.465 7.82648 30.5274 8.76106 7.80704 7.80649 7.80649 
27.8024 8.47251 30.6132 8.3319 9.07069 7.85461 7.85461 
27.8667 8.89143 30.6515 8.13147 8.67328 7.89282 7.89282 
29.8212 8.33979 29.9675 7.95981 8.23072 7.84049 7.84049 
24.8744 8.1554 30.5634 11.5886 9.00666 7.90575 7.90575 
25.7596 9.99875 29.4265 10.564 8.4507 7.90025 7.90025 
27.1655 8.95075 28.543 11.361 8.17672 7.90149 7.90149 
28.1876 8.42726 28.189 11.3506 8.04025 7.90264 7.90264 
27.5806 8.161 29.0616 11.4319 7.96749 7.89869 7.89869 
26.7296 9.99104 29.387 9.70956 8.29685 7.94295 7.94295 
24.4759 9.31651 31.0515 11.4906 8.00645 7.8295 7.8295 
25.5138 8.62377 30.6982 11.4349 7.96874 7.88027 7.88027 
24.685 8.23345 29.5648 13.8874 7.90594 7.8617 7.8617 
25.2735 8.13972 30.0123 12.9782 7.97596 7.81016 7.81016 
28.1923 8.03811 28.4982 11.5685 7.95623 7.87333 7.87333 
28.4774 7.86521 29.8009 10.4665 7.82427 7.78282 7.78282 
28.6868 7.82871 30.9719 9.12936 7.80824 7.78751 7.78751 
28.0482 9.48664 30.245 8.78155 7.81978 7.80942 7.80942 
27.8755 9.47305 30.3252 8.78266 7.96395 7.78985 7.78985 
27.5595 8.58268 30.7075 9.84005 7.82813 7.74108 7.74108 
28.846 8.26485 30.42 8.89354 7.88757 7.84405 7.84405 
29.5565 8.73183 29.6017 8.74944 7.80135 7.77959 7.77959 
29.2997 8.32631 29.9824 8.83016 7.86107 7.85019 7.85019 
30.862 8.10255 29.0821 8.35448 7.86993 7.86449 7.86449 
30.431 7.99067 28.1774 9.7833 7.87436 7.87164 7.87164 
29.1314 7.87883 28.8136 10.7169 7.82067 7.81931 7.81931 
28.2155 8.53882 29.0952 10.8481 7.7679 7.76722 7.76722 
28.0829 8.9278 30.3861 9.30602 7.76594 7.7656 7.7656 
29.2512 8.31005 30.7525 8.49916 7.72912 7.72895 7.72895 
29.4404 8.01305 30.0367 9.34217 7.72259 7.7225 7.7225 
28.9263 9.71683 29.0852 8.57081 8.17884 7.76097 7.76097 
30.3723 9.0792 28.8283 8.18151 7.98552 7.77659 7.77659 
28.9242 8.53321 30.5483 8.24411 7.98637 7.88191 7.88191 
29.3394 8.25433 30.4582 8.10978 7.98092 7.92868 7.92868 
30.0089 8.69944 29.3884 8.03719 7.97276 7.94664 7.94664 
29.2168 8.28808 30.7901 7.95695 7.92474 7.91168 7.91168 
30.6022 8.02603 29.9913 7.86046 7.84436 7.83783 7.83783 
30.7232 7.90912 30.0931 7.82634 7.81828 7.81502 7.81502 
30.9245 7.92807 29.6161 7.88668 7.88265 7.88102 7.88102 
30.4622 8.35797 29.6565 7.88273 7.88072 7.8799 7.8799 
30.5372 8.11485 28.3851 9.33495 7.87622 7.87581 7.87581 
30.1659 7.99578 29.6035 8.60583 7.87647 7.87626 7.87626 
28.2323 7.89399 29.7368 10.6341 7.83434 7.83423 7.83423 
25.969 8.57915 29.0373 11.9928 8.68556 7.86807 7.86807 
23.0528 9.23838 26.976 15.5527 9.46223 7.85895 7.85895 
25.8121 8.54776 27.238 14.0264 8.65969 7.85805 7.85805 
26.906 8.27388 25.3113 15.3209 8.32984 7.92902 7.92902 
26.1219 8.52883 27.6894 13.4037 8.55681 7.84965 7.84965 
26.5406 8.18291 28.5783 12.658 8.35364 7.84332 7.84332 
26.3276 8.07235 27.9834 13.6538 8.15771 7.90255 7.90255 
26.2786 7.9706 31.2048 10.7613 8.01328 7.8857 7.8857 
27.1715 8.01756 29.6347 11.5097 8.0389 7.81382 7.81382 
27.0351 7.96448 27.792 13.1916 8.2916 7.86261 7.86261 
27.0797 8.0672 28.7653 12.3147 8.06737 7.85287 7.85287 
27.9917 8.02031 29.4989 10.6424 8.0204 7.91315 7.91315 
26.2282 8.44441 28.2051 13.2723 7.98573 7.93211 7.93211 
27.6252 8.16542 28.6136 11.8412 7.93608 7.90927 7.90927 
28.6391 8.02593 28.5024 11.1256 7.91126 7.89785 7.89785 
30.2805 7.92176 28.2577 9.96021 7.86442 7.85772 7.85772 
28.366 9.12217 29.1289 9.98011 7.80318 7.79983 7.79983 
29.6315 8.5478 29.1824 8.97676 7.8883 7.88663 7.88663 
28.4234 8.22959 30.414 9.23522 7.89985 7.89901 7.89901 
28.2439 7.98576 31.8199 8.48858 7.82089 7.82047 7.82047 
28.8912 7.99288 31.1407 8.24429 7.91045 7.91024 7.91024 
29.041 8.76523 29.4432 9.17995 7.85696 7.85685 7.85685 
27.8538 8.35087 29.6422 10.463 7.89673 7.89668 7.89668 
27.314 8.0464 30.4663 10.7154 7.81933 7.81931 7.81931 
29.2519 7.88172 29.8634 9.69852 7.76819 7.76817 7.76817 
29.0272 9.44248 29.4948 8.73275 7.76759 7.76758 7.76758 
28.9873 8.66861 30.5369 8.31375 7.83116 7.83116 7.83116 
31.0046 8.22838 29.2871 8.05095 7.80966 7.80966 7.80966 
30.0856 8.10725 30.095 8.01853 7.89789 7.89789 7.89789 
29.2342 8.01402 31.0541 7.96966 7.90934 7.90934 7.90934 
31.0436 7.8975 29.6481 7.87532 7.84516 7.84516 7.84516 
30.16 7.89612 30.449 7.88503 7.86995 7.86995 7.86995 
31.955 7.85431 28.8183 7.84876 7.84122 7.84122 7.84122 
32.0248 7.81229 28.7672 7.80952 7.97467 7.80575 7.80575 
30.3382 9.80502 28.4286 7.83734 7.91992 7.83546 7.83546 
30.4289 8.79861 29.474 7.81478 7.85606 7.81383 7.81383 
30.7096 8.39292 29.2738 7.901 7.92164 7.90053 7.90053 
27.9023 8.18885 32.1274 7.94289 7.95322 7.94266 7.94266 
28.816 7.97956 31.6042 7.85658 8.03066 7.85646 7.85646 
29.5979 7.94548 30.8338 7.88399 7.97103 7.88393 7.88393 
29.5717 7.86884 30.0273 8.97446 7.88162 7.83807 7.83807 
29.534 7.89126 30.4813 8.44407 7.89764 7.87587 7.87587 
30.0896 7.8166 30.5632 8.093 7.81979 7.8089 7.8089 
26.7167 8.79789 30.4236 10.1979 8.16857 7.84767 7.84767 
27.3995 8.3373 30.2803 10.2359 8.02264 7.86219 7.86219 
27.8154 8.08021 30.6163 9.87988 7.92289 7.84266 7.84266 
29.1458 8.00836 30.2288 8.90819 7.9297 7.88958 7.88958 
29.0344 8.00418 30.499 8.60794 7.96485 7.94479 7.94479 
14 14 14 14 14 14 14 
14.1862 15.0972 15.6032 11.0486 12.2632 17.0202 13.7814 
11.3551 14.3053 19.444 11.9692 13.0962 17.7617 11.5684 
13.2309 13.885 21.7089 13.2917 13.0342 14.8743 9.72511 
12.2809 13.1475 24.4336 15.3689 11.643 14.1817 8.81939 
14.6253 13.7455 24.237 14.1491 10.771 14.0606 8.34909 
14.0721 15.4215 21.4624 15.7226 11.8467 13.2927 8.15069 
13.8802 16.7411 19.8567 16.8917 12.1971 12.3498 8.06774 
11.7892 15.4826 21.0275 20.1916 12.5641 10.9163 8.02094 
11.7217 16.2 21.322 19.9642 12.861 9.96941 7.95784 
9.83933 17.4548 21.1986 20.0896 13.4197 10.0385 7.95741 
8.88626 17.0781 20.4114 20.692 15.3738 9.61214 7.9453 
8.71396 18.8516 20.1015 18.7835 14.7702 10.8477 7.93099 
8.67797 19.8167 20.8532 16.1819 15.204 11.3909 7.87496 
8.29436 19.239 21.1771 17.8272 13.2815 12.2878 7.89285 
9.63105 19.1894 20.5886 18.376 12.3397 11.9503 7.92492 
8.73305 20.2133 19.985 18.3633 14.5204 10.3051 7.87999 
8.31389 20.8522 19.7513 18.3922 15.1549 9.64815 7.88736 
8.12213 20.9677 18.7731 19.8344 15.6045 8.78926 7.90886 
8.65508 21.0608 20.1772 17.93 14.3194 9.95018 7.90742 
8.27491 21.4616 20.21 17.2646 15.9653 8.92246 7.90108 
9.2395 20.5267 19.2887 17.5099 16.4521 9.05307 7.93013 
9.02226 20.1166 19.8121 16.6166 17.3455 9.13869 7.94829 
8.6148 19.5615 19.4093 17.2716 17.852 9.32097 7.96983 
8.6074 17.3808 21.5046 17.9358 17.126 9.46048 7.98491 
8.69146 19.3026 20.038 17.8454 17.2365 8.91392 7.97205 
8.32422 19.8664 18.4061 18.3851 16.7903 10.2634 7.96452 
8.7446 19.5055 18.368 17.9502 15.7271 11.7508 7.95375 
8.33375 19.3887 20.2119 17.3263 14.5017 12.2994 7.93833 
8.42883 17.4906 21.7483 18.9542 14.1115 11.3472 7.91927 
8.13796 17.699 20.5321 19.6381 15.3053 10.8044 7.88318 
8.98701 16.329 22.0488 19.0403 15.3371 10.3202 7.93749 
8.49351 16.5856 19.9718 20.0465 17.2475 9.68643 7.96874 
8.42283 14.6133 20.4825 21.0842 16.9759 10.4866 7.93471 
8.16894 14.9321 21.6312 20.9668 16.7891 9.58691 7.92488 
9.50114 14.8619 20.9198 20.4834 17.0404 9.27262 7.92078 
9.72892 15.4396 21.2824 18.8997 18.1522 8.64064 7.85649 
9.10359 16.8502 20.3151 19.7759 17.337 8.77684 7.84129 
10.1651 17.1569 19.721 20.5948 16.1529 8.33852 7.87075 
9.01036 16.9649 21.2193 20.7008 15.4013 8.84018 7.86319 
8.50518 16.0614 19.9781 21.5083 16.5428 9.47272 7.93159 
8.75993 16.4164 19.8423 19.8736 17.1812 9.97745 7.94903 
8.9937 15.8262 21.6164 19.4862 15.994 10.1389 7.94447 
10.2141 15.1896 22.2427 17.7472 16.9367 9.74722 7.92234 
9.60143 14.3364 22.8068 18.5365 17.0077 9.81743 7.89375 
9.84187 17.5591 22.2058 17.9102 15.0882 9.53835 7.85634 
10.3413 17.4079 21.7224 17.5834 14.6238 10.4108 7.91047 
9.44031 16.6815 21.6477 19.1288 14.3905 10.8234 7.88782 
11.021 17.1822 19.9702 18.914 15.1221 9.88322 7.90732 
9.45785 17.682 20.5114 17.3517 16.1735 10.9225 7.90103 
8.68726 17.7993 20.0474 19.0925 16.0034 10.4612 7.90885 
10.0018 16.9828 21.2246 18.6687 15.1611 10.0805 7.88052 
9.54637 18.9565 20.3375 17.791 15.1915 10.3257 7.85147 
8.70176 19.0021 19.2164 19.0145 15.691 10.52 7.8543 
9.79021 19.2291 19.2316 17.8755 16.4229 9.54869 7.90205 
10.2642 18.3394 19.7948 18.2219 16.1533 9.36047 7.86601 
9.13212 19.0644 19.5816 18.2688 17.3398 8.68024 7.93301 
9.85341 19.6472 19.331 18.7896 15.6814 8.82288 7.87455 
8.82281 20.8625 18.2153 20.3255 15.5247 8.41577 7.83338 
8.33065 20.4075 20.9841 18.4763 15.8383 8.12712 7.83593 
10.3192 19.2147 19.6129 17.37 17.5895 8.01961 7.87401 
9.98717 18.4579 22.4502 16.8459 16.4959 7.91785 7.84505 
9.8501 18.7212 20.3862 17.4737 17.7402 7.93243 7.89604 
11.6144 19.7915 19.15 16.6734 16.92 7.93447 7.91627 
10.6421 19.8014 19.009 18.2423 16.4789 7.97667 7.84965 
10.9448 18.5919 20.7519 18.0169 15.8059 7.97606 7.91255 
10.5571 18.3759 20.6665 18.4515 15.8933 8.10426 7.95143 
9.22593 18.3985 21.338 20.4698 14.406 8.23873 7.92309 
9.2012 17.3169 22.1984 20.7055 14.2618 8.35466 7.96154 
8.50131 15.987 24.338 19.809 14.4595 9.02367 7.88148 
8.17675 18.6171 23.3699 18.3341 14.851 8.78435 7.86684 
8.45731 16.8328 24.549 20.2107 13.8575 8.27567 7.81691 
10.4378 17.2399 22.0784 21.1075 13.2469 8.0594 7.83003 
9.34512 16.1442 23.4179 22.9324 11.5992 8.76271 7.79851 
10.0014 17.3692 21.6863 22.5773 12.1488 8.34961 7.86751 
11.0263 17.5307 21.4842 21.8015 11.7154 8.53378 7.90811 
10.17 15.9958 23.2421 22.5429 11.9852 8.18846 7.87563 
10.7205 17.83 21.5731 19.7846 13.6664 8.53068 7.89465 
11.6585 16.8842 21.8405 20.6892 12.7458 8.24992 7.9319 
13.4185 15.6965 23.4203 17.7107 12.9577 8.92407 7.8722 
10.9421 16.4462 24.6731 19.0405 12.299 8.69484 7.90435 
14.1377 15.2231 24.3365 18.4092 10.9273 9.01409 7.95218 
11.0292 17.1412 23.4306 20.3432 11.1567 8.96249 7.93648 
11.3081 16.0014 25.8211 19.1137 11.4977 8.38553 7.87252 
11.654 17.0595 24.5576 19.7921 10.8077 8.19276 7.93626 
11.9421 14.8847 26.6673 19.8481 10.3199 8.41293 7.92497 
10.9576 14.0461 26.9455 22.8621 9.06831 8.24959 7.87084 
10.7099 15.5389 25.1516 24.2048 8.54876 8.01774 7.82836 
11.077 14.4452 24.5649 23.9552 9.99645 8.09606 7.86514 
11.016 11.9979 27.8723 23.7754 9.35216 8.12107 7.86515 
10.3764 11.92 28.0151 24.1245 9.67608 8.0079 7.87994 
12.6377 13.0307 25.6237 23.4259 9.50976 7.91809 7.85411 
11.5682 13.3395 26.4602 23.6552 9.21682 7.89605 7.86406 
11.3246 11.2643 28.2301 24.6654 8.66246 8.00208 7.85095 
11.4316 11.6418 25.8939 25.0731 10.1005 7.96739 7.89182 
12.05 11.2117 25.2111 25.6093 10.1715 7.89205 7.85427 
10.0465 10.8337 29.0935 24.869 9.24126 8.10152 7.81453 
9.64408 12.1704 27.106 25.5862 9.71542 7.96071 7.81722 
11.0048 11.0583 26.8594 26.0995 9.02437 8.14702 7.80646 
9.63347 9.94512 29.2417 26.2976 8.92814 8.06212 7.89183 
10.3167 10.7226 27.8708 26.1488 8.96407 8.03106 7.94592 
9.06462 10.4394 27.0865 27.6577 9.95079 7.92178 7.87921 
9.62873 10.0406 26.9041 28.4294 8.96988 8.09312 7.93409 
10.3988 8.91642 27.2183 27.5913 8.38105 9.63098 7.86315 
10.4413 10.1034 27.05 26.2957 9.56687 8.71334 7.82943 
11.6347 10.591 29.7058 22.3315 9.59393 8.29253 7.85057 
13.0207 10.239 27.706 24.0189 8.75177 8.38355 7.88009 
13.1949 9.2639 27.623 24.4426 9.58979 8.06878 7.81705 
14.6619 9.20184 26.5803 22.7052 11.1121 7.93224 7.80637 
14.3931 9.12069 27.9794 22.7933 9.93458 7.92092 7.85799 
15.9784 8.52635 26.596 23.8612 9.21658 7.92647 7.895 
15.6923 8.74497 27.0235 22.5749 10.2105 7.8848 7.86907 
14.8843 9.65108 26.7082 23.8974 9.06421 7.90135 7.89348 
14.1291 9.68876 27.0319 24.5627 8.78742 7.90204 7.89811 
13.6288 9.03432 27.9014 25.2702 8.44399 7.86163 7.85967 
12.9891 9.78825 29.9146 22.123 9.49308 7.84648 7.8455 
13.8519 10.5998 29.2216 22.0225 8.65044 7.82714 7.82665 
15.1105 9.7642 29.0453 22.3208 8.19427 7.78262 7.78237 
16.4181 8.72825 30.2417 21.0266 7.94329 7.90469 7.73734 
16.9369 9.54164 27.9907 21.3121 8.40951 7.94643 7.86275 
18.6957 9.74241 28.1999 19.3208 8.18203 7.95049 7.90865 
19.0104 8.85894 28.6705 19.4764 8.07874 7.96297 7.94205 
17.3455 8.42355 28.9802 21.2766 8.03346 7.97557 7.96511 
18.1628 8.46107 26.6714 22.8196 7.98273 7.95379 7.94856 
18.1855 10.0109 27.064 18.9243 10.0607 7.87863 7.87601 
19.0927 11.0372 27.8177 17.0812 9.15735 7.90757 7.90626 
18.6927 9.78689 28.8479 18.2967 8.54209 7.9172 7.91655 
19.9878 10.8701 27.1062 15.7081 10.5393 7.89446 7.89413 
22.1927 9.95313 26.9567 15.9866 9.1853 7.86289 7.86273 
22.1373 8.91978 28.9358 15.722 8.53587 7.87466 7.87458 
24.1677 8.4535 27.7267 15.5287 8.26154 7.93094 7.9309 
22.7872 10.0371 27.6248 14.798 8.87083 7.94101 7.94099 
23.5387 9.27725 28.7966 14.0236 8.53636 7.91372 7.91371 
25.5514 8.48478 27.6996 14.5439 8.11434 7.80301 7.80301 
25.5483 8.13647 26.6224 16.1504 7.95125 7.79559 7.79559 
24.4763 9.08343 28.8127 14.0023 7.92699 7.84916 7.84916 
25.7178 9.08717 28.5129 13.114 7.88199 7.84308 7.84308 
27.1206 8.40265 30.0283 10.9194 7.96784 7.7806 7.7806 
27.4404 8.14454 29.9984 10.8225 7.92714 7.83352 7.83352 
27.2823 7.99384 29.7051 11.457 7.88514 7.83833 7.83833 
28.0642 8.32384 29.4359 10.8567 7.78872 7.76532 7.76532 
28.5891 8.11762 29.9078 9.85873 7.85006 7.83835 7.83835 
29.7286 7.91733 30.2272 8.78789 7.78355 7.7777 7.7777 
28.0389 7.92692 32.0977 8.3622 7.86003 7.8571 7.8571 
27.2079 7.8765 30.6865 9.10863 9.43726 7.8416 7.8416 
28.788 7.92598 28.3801 10.3825 8.70636 7.90853 7.90853 
29.8261 7.82102 29.3135 9.20361 8.2112 7.81229 7.81229 
27.6891 7.85373 29.0101 11.6996 8.04882 7.84936 7.84936 
27.6541 7.89512 29.5844 11.0879 7.99266 7.89293 7.89293 
26.735 9.2888 29.1839 10.7368 8.44737 7.80403 7.80403 
28.5784 9.01187 28.8992 9.73588 8.13935 7.81768 7.81768 
28.8377 8.35209 29.1653 10.2191 7.91583 7.75499 7.75499 
29.8551 8.03511 29.8511 8.96862 7.81697 7.73656 7.73656 
27.1015 9.09002 29.998 9.84663 8.40124 7.78132 7.78132 
28.6327 8.97124 29.7531 8.85774 8.13505 7.82509 7.82509 
29.5267 8.36911 30.2487 8.31237 7.95102 7.79604 7.79604 
30.1355 8.06805 30.3347 8.03968 7.859 7.78151 7.78151 
30.0984 8.3285 29.2778 8.00757 8.53073 7.87849 7.87849 
28.7334 8.19934 30.7792 8.56519 8.12501 7.79889 7.79889 
29.9186 8.11305 30.4398 8.12875 7.90866 7.7456 7.7456 
30.2967 8.04425 29.9438 8.0521 7.94206 7.86053 7.86053 
28.7847 7.96152 29.5174 9.4806 8.51648 7.86966 7.86966 
28.9955 7.94901 30.1555 8.86728 8.2265 7.90308 7.90308 
28.2683 7.90893 31.6351 8.36807 8.04767 7.88597 7.88597 
28.3725 7.92798 31.7116 8.15754 7.99735 7.91649 7.91649 
29.1534 7.91136 29.6716 9.5064 7.94604 7.90562 7.90562 
28.7779 8.98526 27.7056 10.6704 7.9671 7.94689 7.94689 
29.0843 8.6145 29.265 9.27783 7.9262 7.9161 7.9161 
28.7836 8.17722 29.8028 9.74728 7.83307 7.82802 7.82802 
28.1623 8.02303 31.4588 8.80806 7.85096 7.84844 7.84844 
28.8848 8.6943 29.6267 8.33152 8.75932 7.85171 7.85171 
27.1246 8.57455 29.3906 10.7255 8.46129 7.86172 7.86172 
27.0571 8.61254 30.9583 9.342 8.20988 7.9101 7.9101 
26.6705 8.23376 31.6423 9.6559 8.03243 7.88254 7.88254 
28.9116 8.01096 29.6841 9.81237 7.9103 7.83535 7.83535 
28.8598 8.31012 30.2394 8.8797 7.92866 7.89119 7.89119 
28.3009 8.99377 30.281 8.31082 8.48046 7.81656 7.81656 
28.534 8.43524 31.0651 8.09376 8.17859 7.84664 7.84664 
28.9822 8.17332 29.4566 9.58486 8.04499 7.87901 7.87901 
27.4142 9.47127 29.8052 9.40781 8.02249 7.93951 7.93951 
27.6292 8.62785 29.5733 10.5422 7.90346 7.86197 7.86197 
28.6661 8.27432 28.813 10.5516 7.91213 7.89138 7.89138 
28.5736 8.09286 27.223 12.3961 7.91176 7.90139 7.90139 
28.4659 8.22553 28.3876 10.0786 9.17976 7.83129 7.83129 
29.8194 7.97079 28.237 9.97759 8.4479 7.77367 7.77367 
29.1492 7.86889 30.4615 8.87229 8.10745 7.77033 7.77033 
28.3884 7.83835 31.8974 8.34005 7.95763 7.78907 7.78907 
27.6957 8.96369 31.5274 8.02759 8.28148 7.7521 7.7521 
29.9029 8.45738 29.831 7.98933 8.11628 7.85159 7.85159 
28.5878 8.14718 30.4327 9.16708 7.97663 7.84429 7.84429 
29.9951 8.03701 29.6981 8.54695 7.95173 7.88556 7.88556 
29.9156 7.95293 30.2589 8.2079 7.91029 7.87721 7.87721 
29.7239 8.21623 30.0417 8.19752 8.04871 7.88597 7.88597 
29.5678 7.97808 30.9651 7.96873 7.89433 7.81295 7.81295 
29.1162 7.89784 30.4663 9.03322 7.85596 7.81527 7.81527 
28.5191 7.84502 30.8176 9.38674 7.82408 7.80374 7.80374 
29.111 7.88291 30.7553 8.65377 7.87244 7.86227 7.86227 
29.0483 7.8545 28.8559 9.97906 8.5739 7.84418 7.84418 
30.0414 7.84574 29.3182 8.90802 8.20545 7.84058 7.84058 
29.9275 7.80486 28.3237 10.3546 7.98471 7.80228 7.80228 
29.8706 7.78442 29.8451 9.0593 7.87434 7.78313 7.78313 
28.9413 7.80787 29.2298 10.5537 7.85283 7.80723 7.80723 
27.5697 9.01576 28.8321 10.229 8.559 7.89722 7.89722 
29.2912 8.46357 28.973 9.2284 8.2352 7.90431 7.90431 
29.2224 8.15028 29.6903 9.15965 8.03609 7.87065 7.87065 
29.2692 7.98394 30.1546 8.97722 7.92684 7.84412 7.84412 
30.0632 9.42054 28.0773 8.48861 8.10628 7.92206 7.92206 
28.5364 8.56879 29.312 10.0321 7.91166 7.81955 7.81955 
28.5769 8.14292 30.4116 9.51765 7.81435 7.7683 7.7683 
28.9266 8.01883 30.8308 8.70619 7.85454 7.83152 7.83152 
29.1692 8.09438 30.9383 8.27467 7.84884 7.83733 7.83733 
28.499 8.48144 30.7597 8.11287 8.35867 7.8942 7.8942 
28.6482 8.19642 30.5697 8.64504 8.13503 7.9028 7.9028 
29.3241 8.00446 28.4099 10.5725 7.97377 7.85765 7.85765 
30.7276 7.93666 28.4672 9.22069 7.92131 7.86325 7.86325 
29.2358 8.5415 28.258 10.2506 7.92407 7.89504 7.89504 
30.1458 8.15274 29.1911 9.00728 7.84402 7.82951 7.82951 
30.871 7.98516 29.2535 8.41244 7.83081 7.82355 7.82355 
31.3677 7.89089 29.203 8.10452 7.81371 7.81008 7.81008 
28.5704 7.89733 30.4091 8.00415 9.40514 7.85693 7.85693 
29.6698 8.63094 29.753 7.84823 8.54872 7.77462 7.77462 
28.0337 8.19746 30.2492 9.82474 8.15635 7.7693 7.7693 
29.0962 8.06698 30.204 8.88062 8.04643 7.8529 7.8529 
29.5951 7.95199 29.3653 9.45598 7.94171 7.84495 7.84495 
28.6619 8.54826 29.2844 9.74274 7.95316 7.90477 7.90477 
29.9559 8.18038 29.0172 9.24637 7.88283 7.85864 7.85864 
31.2789 8.00869 28.6152 8.54168 7.85991 7.84781 7.84781 
30.0434 7.97785 30.0361 8.24435 7.90346 7.89742 7.89742 
29.8824 7.8589 29.2595 9.54013 7.8217 7.81868 7.81868 
30.6819 7.94179 29.4446 8.62809 7.76888 7.76736 7.76736 
30.7256 7.81705 30.1069 8.1602 7.73059 7.72984 7.72984 
30.5731 7.79202 30.4256 7.96359 7.74879 7.74841 7.74841 
31.5875 7.81451 29.3194 7.90029 7.79289 7.7927 7.7927 
29.9242 8.56564 30.0324 7.83213 8.08899 7.77834 7.77834 
28.8965 8.21725 31.4096 7.85049 7.97892 7.8236 7.8236 
28.1983 8.01487 29.9236 10.3315 7.89571 7.81805 7.81805 
27.6774 8.00105 29.3388 11.236 7.94147 7.90263 7.90263 
28.4018 8.36946 29.3943 10.3106 7.85423 7.83481 7.83481 
28.933 8.05378 27.346 12.2981 7.79616 7.78645 7.78645 
28.5044 7.97011 28.6572 11.3541 7.8413 7.83644 7.83644 
30.5172 7.90072 28.4852 9.59272 7.83631 7.83388 7.83388 
31.5526 7.94397 27.9806 8.78997 7.91177 7.91055 7.91055 
29.3546 8.28508 28.5271 9.66655 8.26898 7.94889 7.94889 
30.4848 8.09443 28.6965 8.78517 8.08638 7.92633 7.92633 
31.1 7.93071 29.0732 8.27608 7.92669 7.84666 7.84666 
28.6598 7.92877 31.6098 8.10145 7.92676 7.88675 7.88675 
28.0242 8.90069 31.2507 8.03162 7.94427 7.92426 7.92426 
29.1772 8.35425 29.4392 9.42121 7.87604 7.86604 7.86604 
28.8519 8.09562 30.0801 9.4128 7.85651 7.85151 7.85151 
28.1918 8.00351 31.4957 8.6621 7.88395 7.88145 7.88145 
28.7261 7.86027 31.825 8.18957 7.8005 7.79925 7.79925 
29.3002 8.80435 29.4345 8.0256 8.77446 7.83044 7.83044 
28.8195 8.31097 30.3524 8.57306 8.29603 7.82402 7.82402 
29.7593 8.10685 29.158 9.14975 8.09938 7.86338 7.86338 
29.8961 8.01382 29.7605 8.53527 8.01009 7.89208 7.89208 
29.0199 7.89913 28.9521 10.5551 7.89726 7.83826 7.83826 
29.0862 7.84787 30.2388 9.34533 7.84693 7.81743 7.81743 
26.215 7.86715 32.3118 10.0354 7.86668 7.85193 7.85193 
27.598 7.91447 31.6018 9.15785 7.91423 7.90686 7.90686 
29.9984 7.85131 30.1311 8.473 7.8512 7.84751 7.84751 
29.8477 8.16808 30.2171 8.1759 7.86499 7.86315 7.86315 
29.6103 8.04444 28.8049 9.86353 7.89289 7.89197 7.89197 
29.9471 7.96544 28.598 9.82135 7.88966 7.8892 7.8892 
30.5668 7.88102 29.2143 8.80898 7.84314 7.84291 7.84291 
28.6497 8.06592 31.2738 8.36489 7.88196 7.88185 7.88185 
30.234 7.97236 30.0308 8.12184 7.88038 7.88032 7.88032 
31.0847 7.85715 29.3703 8.25447 7.81116 7.81113 7.81113 
14 14 14 14 14 14 14 
15.1839 15.7444 15.5202 11.5964 12.9417 15.0717 12.9417 
13.785 15.7957 18.3248 12.902 12.1175 15.4594 11.1157 
16.5699 16.8961 18.8398 13.1573 10.7277 14.0115 9.54764 
14.49 16.5416 21.6501 14.1326 11.2991 13.0309 8.73066 
14.8361 17.1777 19.6307 14.6574 11.6212 13.7017 8.3127 
14.5742 19.2766 20.1313 14.206 11.7586 11.8694 8.15263 
12.4406 20.3839 21.2499 14.1206 11.6907 12.0751 8.02368 
13.4584 19.811 21.5773 13.1555 12.512 11.4661 8.01184 
12.3569 18.2388 19.3384 15.7769 14.5893 11.7937 7.90202 
11.2844 19.524 19.4958 15.2102 15.0018 11.5808 7.90092 
9.74057 20.4178 21.6332 15.5969 14.2632 10.4011 7.94636 
8.82509 18.6835 21.8335 16.3672 16.3595 10.0028 7.92798 
8.36511 18.9267 22.1816 16.9781 15.6896 9.94211 7.91656 
8.15231 20.3329 22.2439 15.2943 15.7843 10.2641 7.92803 
7.98071 18.6263 20.8833 17.0832 16.2436 11.3142 7.86857 
8.36536 19.9382 18.775 18.0208 16.351 10.6571 7.89262 
8.84369 18.6555 18.7095 17.8027 16.5441 11.5786 7.8658 
8.40958 19.246 18.7617 17.7971 16.3498 11.5153 7.92063 
9.5696 19.2796 18.6083 17.5895 14.9345 12.0881 7.93027 
10.8798 19.4539 16.8455 19.1253 14.9053 10.8994 7.89076 
9.37609 18.8759 17.2525 19.4563 15.7505 11.4072 7.88155 
9.09118 18.9291 17.5304 18.7301 16.8772 10.9873 7.85467 
8.49015 17.8867 18.0402 19.0665 18.3533 10.2911 7.8719 
8.1626 20.0774 18.8139 17.3683 17.321 10.4033 7.85347 
8.84825 18.937 18.3053 18.5359 17.7707 9.75673 7.84623 
8.33194 19.3883 20.4753 17.9854 17.0016 8.98658 7.83093 
8.12743 19.0089 21.0513 18.3075 14.9248 10.7031 7.87692 
9.96922 18.4612 21.1556 17.6183 14.7458 10.1744 7.87547 
9.84719 19.2729 20.6201 18.5343 14.3497 9.52695 7.84894 
10.1562 20.2953 20.1938 18.085 14.1516 9.22084 7.89734 
9.90705 19.3026 20.0566 19.0022 15.2247 8.63456 7.87221 
9.15521 20.1555 19.5871 19.0599 15.8056 8.30888 7.9277 
10.2919 19.3085 19.1342 19.4201 14.716 9.20938 7.91989 
9.11743 19.2266 18.5284 19.0787 16.0138 10.1037 7.93143 
8.86733 18.0301 18.8834 20.0604 16.0229 10.2623 7.87353 
9.75726 17.7833 17.4793 19.216 16.3622 11.4986 7.90336 
8.84523 17.0336 18.4474 18.8982 17.0538 11.8036 7.91828 
8.41034 16.799 18.9374 19.7763 16.4001 11.73 7.94687 
8.17036 18.651 19.9136 18.4955 16.1304 10.7006 7.93862 
8.02709 16.7944 20.5377 20.6585 15.8453 10.2258 7.91122 
7.96892 18.0321 21.6279 19.0514 14.3121 11.0967 7.91098 
7.97606 17.7345 21.3181 20.345 13.2485 11.4307 7.94709 
8.61579 17.6198 23.0333 19.0256 12.258 11.5504 7.89709 
8.29497 16.8918 22.9391 21.9051 10.7626 11.2709 7.93561 
8.13071 16.5172 24.8867 20.8058 10.7272 10.9813 7.95103 
8.95772 17.3584 23.4023 21.7532 11.2345 9.40457 7.88941 
8.46116 17.5288 24.3118 22.0492 11.0376 8.68458 7.92701 
8.18663 16.6765 23.6943 24.1015 11.1232 8.29834 7.91955 
10.1831 15.2827 23.5993 22.9482 11.5445 8.52951 7.91277 
9.09153 14.4191 23.4663 24.2519 11.55 9.26475 7.95638 
8.46733 14.9438 23.9336 23.8906 11.3306 9.53434 7.89976 
10.0451 16.2438 22.2738 22.1427 10.8188 10.5786 7.89725 
10.2617 17.803 21.6153 20.2969 10.9903 11.0979 7.93496 
10.3501 17.7742 20.9329 20.2737 12.4889 10.2463 7.93408 
9.11022 16.526 24.3553 19.3961 12.3787 10.3315 7.90222 
8.89809 16.949 24.6498 19.2749 12.4254 9.95415 7.84866 
10.0046 18.7625 23.9504 17.9708 12.4884 8.98942 7.8338 
9.74844 17.3283 23.4542 18.6984 13.6394 9.24085 7.89041 
8.78368 16.8946 24.3814 18.8142 14.7415 8.52989 7.85467 
11.2441 16.049 24.5034 16.9018 15.1866 8.2264 7.88879 
9.53509 17.1549 21.9256 19.5378 15.202 8.78711 7.85744 
8.76298 15.3126 21.8075 21.8694 14.7928 9.53054 7.92415 
9.13262 15.2355 22.6685 22.9256 13.0525 9.06391 7.92135 
8.51087 16.0399 21.5688 21.9106 15.5881 8.47652 7.90524 
8.79083 14.6571 23.2844 22.7916 13.8781 8.66304 7.93492 
8.38701 16.1521 22.7766 22.1101 13.9769 8.63824 7.95906 
9.58998 16.6664 22.4015 21.1872 13.0457 9.16494 7.94429 
8.79067 15.6766 21.6759 21.9327 14.1902 9.76605 7.96782 
8.38647 16.8183 21.7027 20.9442 14.3013 9.87194 7.97504 
10.8758 16.1657 20.7559 20.2573 14.1912 9.82857 7.92547 
9.35947 17.2332 20.8355 18.9522 16.0281 9.70731 7.8843 
10.6994 17.2161 22.0885 18.3213 14.7708 9.03056 7.87336 
9.88484 18.6988 22.8356 17.8908 14.3015 8.48353 7.90493 
8.9017 17.7204 24.3137 18.9002 13.5987 8.65353 7.91174 
9.30736 17.5799 22.7529 20.3772 13.6426 8.41065 7.92938 
9.59039 16.7646 21.503 21.2013 13.9099 9.14203 7.88874 
9.01065 15.8765 23.2808 22.5444 12.6927 8.66938 7.92564 
9.49471 16.1123 23.53 21.4633 13.2465 8.2625 7.89063 
9.81982 15.4233 25.5331 20.5143 12.1788 8.59985 7.93082 
11.0857 13.5311 25.8307 22.8462 10.6025 8.21916 7.88465 
11.0601 15.846 23.4901 22.6875 10.8185 8.24751 7.85037 
9.92028 14.0206 26.745 22.4413 10.4092 8.63595 7.82762 
10.0572 13.8064 26.722 22.8711 10.059 8.68691 7.79731 
9.37134 15.0018 24.5112 22.4684 12.1891 8.56881 7.88926 
11.9998 12.6568 25.0854 22.3853 11.4902 8.48105 7.90147 
10.3814 12.514 27.1045 22.7906 10.7709 8.4931 7.94558 
9.32693 14.0429 25.8394 22.5875 12.1981 8.13949 7.86573 
10.7349 14.2833 25.1816 22.8414 11.099 7.99832 7.86144 
10.1852 13.6521 25.3512 24.7019 10.3672 7.90541 7.83697 
10.5249 13.9214 24.8707 24.2135 10.616 7.94384 7.90962 
10.9768 13.7139 24.9029 23.6652 10.8924 7.99789 7.85091 
9.49355 13.0585 25.2421 26.0445 10.485 7.87491 7.80142 
10.5422 14.5974 24.4393 24.1586 10.4698 7.91473 7.87799 
11.1001 13.7754 24.6549 24.7736 10.0276 7.84338 7.825 
11.7282 13.3532 25.6895 23.7374 9.46783 8.23203 7.79181 
10.2867 13.8019 25.2526 23.908 10.385 8.53862 7.82711 
12.4453 13.8317 26.6115 21.7312 9.27667 8.22971 7.87395 
12.3073 12.4714 27.9883 22.109 9.13569 8.08311 7.90523 
13.1511 13.6148 26.5896 21.7415 8.89354 8.1128 7.89664 
13.057 13.1566 26.6546 22.1141 9.0764 8.02465 7.91657 
15.3857 11.5783 27.1844 20.9142 8.5382 8.4409 7.95829 
16.0743 11.2805 27.176 21.0062 8.17083 8.4112 7.88088 
15.8414 12.1217 25.8896 20.1592 9.90552 8.17385 7.90869 
15.7924 12.3291 28.1052 18.2429 9.47171 8.16856 7.89021 
14.9092 11.6191 28.2084 20.4201 9.02157 7.98038 7.84121 
14.4878 13.2264 28.938 18.7778 8.73073 7.95439 7.8848 
13.4777 13.7561 28.7547 18.8694 9.4303 7.8733 7.8385 
13.7359 12.7089 26.6222 21.6796 9.52565 7.87251 7.85511 
14.0872 11.5684 27.7496 20.5992 9.97673 8.21433 7.80456 
14.4849 11.0061 25.8853 22.5711 10.2103 8.02361 7.81873 
14.924 11.2293 26.7694 21.7604 9.43476 8.06209 7.81998 
15.7477 10.4718 27.3847 21.3088 8.86024 8.31676 7.90999 
14.9798 12.3418 26.7415 19.8275 10.2441 8.03435 7.83096 
15.0922 11.1417 27.2596 20.4401 10.239 7.96454 7.86285 
16.6859 9.46869 30.8341 18.2846 9.01735 7.88012 7.82927 
14.2752 10.8078 27.9877 20.3005 10.7234 8.03611 7.86944 
15.6571 11.5491 26.9827 19.6474 10.3896 7.92867 7.84533 
16.7422 9.81357 27.5582 20.6872 9.51236 7.86406 7.82239 
15.9604 9.51988 27.3208 22.0996 9.51808 7.80108 7.78024 
14.0744 11.1311 27.0953 20.8836 11.2687 7.77865 7.76824 
13.5654 10.6101 28.0877 22.1629 10.0854 7.74689 7.74169 
13.6009 9.69898 28.1348 23.8087 8.9821 7.96436 7.81024 
13.7642 10.6991 26.6022 23.6035 9.64425 7.8819 7.80484 
15.3391 9.35547 26.3575 23.3745 10.015 7.79852 7.75999 
14.7032 8.95908 29.2338 22.3906 8.98304 7.87479 7.85553 
16.6221 9.34276 29.0546 20.4658 8.74684 7.88876 7.87913 
16.5732 9.79959 28.7723 20.062 8.93182 7.93299 7.92817 
18.3718 10.1555 26.46 20.6844 8.44318 7.94377 7.94136 
19.7205 9.00856 28.0099 19.3045 8.15241 7.9027 7.9015 
18.0474 10.3522 27.4552 19.8861 8.46217 7.89872 7.89812 
18.4486 10.4477 27.7851 18.2498 9.18316 7.94297 7.94267 
19.2243 9.19443 28.7455 18.3896 8.56217 7.94207 7.94192 
21.3513 8.51026 27.9959 18.1803 8.19413 7.88408 7.884 
22.2678 10.54 26.4281 16.2131 8.84567 7.85265 7.85262 
20.8329 10.454 29.7693 14.6283 8.43621 8.10693 7.77246 
23.3911 9.18268 29.2834 14.1179 8.1738 8.00916 7.84193 
24.7324 8.57907 27.9852 14.7277 8.07463 7.99231 7.90869 
21.2487 10.45 28.176 15.6733 8.76511 7.86435 7.82254 
23.6275 9.24976 27.4007 15.8862 8.25252 7.80214 7.78124 
24.2753 8.77873 24.1619 18.8662 8.12626 7.90107 7.89062 
25.5434 8.37487 27.4795 14.3244 8.04864 8.29836 7.93082 
26.6606 8.926 27.3018 12.7177 8.43608 8.07075 7.88698 
26.2811 8.72529 27.5853 11.7687 9.79181 7.9698 7.87791 
26.8198 8.29346 28.7298 11.5447 8.82672 7.91572 7.86978 
27.0766 8.14673 30.1982 10.2724 8.41336 7.95786 7.93489 
26.1537 9.15029 29.5607 10.0593 9.12976 7.97893 7.96744 
28.8038 8.43271 29.6171 8.8872 8.57081 7.84703 7.84129 
28.0844 8.10149 28.8288 11.0314 8.33946 7.80865 7.80578 
27.6634 9.69859 28.7001 9.50243 8.65478 7.89104 7.8896 
28.3963 9.50395 28.314 9.85632 8.23129 7.84942 7.8487 
26.3001 10.4845 30.2398 8.90905 8.25577 7.9056 7.90524 
26.3758 9.1132 30.1199 10.7448 7.99885 7.82377 7.82359 
26.0084 10.0053 29.8035 10.8211 7.84558 7.75804 7.75795 
27.0667 8.97993 27.6859 12.6549 7.90006 7.85629 7.85625 
23.6732 8.33612 30.2765 13.6701 8.49549 7.7743 7.77428 
27.715 8.05319 29.8342 10.7202 8.13288 7.77229 7.77227 
29.2302 7.90858 28.8923 10.4843 7.94843 7.76813 7.76812 
28.6529 9.00161 28.9572 9.18538 8.54835 7.82728 7.82728 
28.4958 8.4096 30.4395 8.66435 8.34583 7.82244 7.82243 
29.4653 8.11784 30.4371 8.24522 8.08596 7.82426 7.82426 
28.1106 7.90508 32.1082 8.47044 7.88913 7.75828 7.75828 
27.3389 8.2809 31.278 9.75761 7.82516 7.75974 7.75974 
28.4313 9.21981 29.9247 8.84706 7.88084 7.84812 7.84812 
29.6591 8.73835 28.8767 9.01068 7.91595 7.8996 7.8996 
30.8228 8.24123 29.0848 8.3774 7.83003 7.82185 7.82185 
29.9877 8.01892 30.4746 8.087 7.81332 7.80923 7.80923 
28.6584 10.6865 29.3677 7.92549 7.78865 7.7866 7.7866 
29.8015 9.25203 28.8533 8.36014 8.12885 7.8021 7.8021 
30.7661 8.63243 28.8497 8.34674 7.91058 7.7472 7.7472 
31.9426 8.17473 28.5728 8.03189 7.81381 7.73212 7.73212 
28.3259 9.75597 29.548 7.94036 8.84877 7.79048 7.79048 
28.7463 8.87104 30.2254 7.96324 8.41744 7.8883 7.8883 
29.2246 8.39592 30.4592 7.94201 8.16912 7.90454 7.90454 
28.9435 8.17885 30.9939 7.9519 8.06545 7.93316 7.93316 
27.5632 8.97901 29.8503 9.65418 8.13367 7.9098 7.9098 
29.2932 8.4499 29.6116 8.78749 8.02723 7.9153 7.9153 
29.1895 8.10307 29.2102 9.93391 7.89173 7.83576 7.83576 
29.0178 7.89769 29.6692 10.0952 7.79202 7.76404 7.76404 
28.2968 7.88824 27.7134 12.0173 8.44146 7.82141 7.82141 
28.6909 8.35588 28.8894 9.93021 8.4691 7.83227 7.83227 
28.3718 8.13834 29.1312 10.4106 8.19495 7.87653 7.87653 
30.5846 7.92769 28.8743 9.06384 7.95599 7.79679 7.79679 
30.1071 8.28483 29.5606 8.54427 7.99034 7.75642 7.75642 
30.0378 8.08563 29.9222 8.37308 7.93839 7.82143 7.82143 
30.9353 7.90134 29.7521 8.04506 7.82772 7.76923 7.76923 
29.3478 7.89389 31.2798 7.96575 7.85708 7.82783 7.82783 
30.3571 7.82893 30.5468 7.86486 7.81053 7.7959 7.7959 
30.488 9.12619 29.117 7.84123 7.81406 7.80675 7.80675 
30.9206 8.52349 29.08 7.88101 7.86742 7.86377 7.86377 
30.7062 8.19617 29.6219 7.87493 7.86814 7.86631 7.86631 
30.3829 7.96713 29.8407 8.40175 7.80312 7.8022 7.8022 
30.0003 8.76064 29.4108 8.18177 7.88245 7.88199 7.88199 
31.1814 8.26381 29.1067 7.97438 7.82472 7.82449 7.82449 
29.6816 8.0713 30.3109 8.38113 7.85175 7.85164 7.85164 
29.791 8.02236 28.2784 10.1706 7.91259 7.91253 7.91253 
29.2746 8.42295 29.6621 9.00688 7.87786 7.87783 7.87783 
30.9416 8.09346 29.1167 8.38543 7.82092 7.8209 7.8209 
31.3438 8.33244 28.5266 8.16097 7.87871 7.87871 7.87871 
30.7882 8.15293 29.2135 8.0672 7.92607 7.92606 7.92606 
31.2438 7.99804 29.1492 7.95517 7.8846 7.8846 7.8846 
31.6103 8.79553 28.0921 7.902 7.86672 7.86672 7.86672 
31.3341 8.49333 28.5511 7.87592 8.02892 7.85827 7.85827 
31.8013 8.24027 28.1733 7.93157 8.00807 7.92275 7.92275 
31.4635 8.09365 28.6562 7.93929 7.97755 7.93488 7.93488 
29.8588 8.33254 29.8837 7.9379 8.11576 7.9357 7.9357 
30.771 8.12666 29.2983 7.92935 8.01827 7.92824 7.92824 
30.8217 7.92239 29.9176 7.82373 7.8682 7.82318 7.82318 
30.8088 7.94044 29.6647 7.89111 7.91334 7.89083 7.89083 
29.9373 8.46849 29.7112 7.92479 8.10892 7.92465 7.92465 
31.0514 8.21514 28.8684 7.94329 8.03535 7.94322 7.94322 
31.3708 7.98081 29.2229 7.84488 7.89091 7.84485 7.84485 
30.9775 7.94229 29.5599 7.87433 7.89735 7.87431 7.87431 
30.0255 7.96476 30.2752 7.93078 7.94228 7.93077 7.93077 
29.1847 7.96327 30.9019 7.94628 8.11127 7.94628 7.94628 
30.618 7.82779 30.0343 7.97955 7.90179 7.81929 7.81929 
30.1691 7.76005 30.7514 7.83593 7.79705 7.93062 7.7558 
30.4562 7.76516 30.5784 7.8031 7.78366 7.85045 7.76303 
30.3444 7.86929 30.2394 7.88826 7.87854 7.91193 7.86823 
30.3389 7.93465 29.953 7.94413 7.93927 7.95597 7.93411 
31.4074 7.82584 29.446 7.83059 7.82816 7.8365 7.82558 
29.9421 7.88643 30.617 7.8888 7.88759 7.89176 7.8863 
28.509 7.91433 31.915 7.91552 7.91491 7.917 7.91427 
29.1668 8.34313 30.8698 7.90513 7.90482 7.90587 7.9045 
30.1239 8.22562 30.2998 7.8377 7.83755 7.83807 7.83739 
28.6832 8.09952 31.5951 7.90556 7.90548 7.90575 7.9054 
29.4836 7.99298 30.9395 7.896 7.89596 7.89609 7.89592 
31.091 7.96474 29.2793 7.91625 7.91623 7.9163 7.91621 
30.4973 8.96629 28.7875 7.81665 8.29895 7.81667 7.81663 
29.555 8.6739 30.2897 7.81006 8.05121 7.81007 7.81005 
29.979 8.1831 30.7126 7.75118 7.87176 7.75119 7.75118 
30.0772 7.9512 30.9703 7.73524 7.79553 7.73524 7.73524 
30.2767 8.26131 29.7709 7.83587 8.18348 7.83588 7.83587 
31.598 8.01264 29.0159 7.79992 7.97373 7.79993 7.79992 
32.2506 7.87729 28.7015 7.77093 7.85783 7.77093 7.77093 
30.3839 7.93104 29.9401 8.06797 7.92131 7.87786 7.87786 
31.341 8.15807 29.1005 7.91597 7.84264 7.82092 7.82092 
29.3547 9.86851 29.2871 7.81764 8.13185 7.77011 7.77011 
30.5107 8.93425 28.8102 7.90882 8.06592 7.88505 7.88505 
30.7617 8.42282 29.1203 7.91011 7.98866 7.89822 7.89822 
31.2539 8.17967 28.8459 7.92331 7.96258 7.91737 7.91737 
30.6434 8.38026 29.2744 7.92205 7.94169 7.91908 7.91908 
30.212 8.10863 28.4303 9.60366 7.88934 7.87803 7.87803 
28.4708 7.98513 29.1523 10.7767 7.87549 7.86983 7.86983 
29.6327 7.96608 27.8212 10.8519 7.91125 7.90843 7.90843 
30.4904 8.05827 27.7037 9.50119 8.50108 7.87271 7.87271 
29.3518 8.10437 29.5258 9.13931 8.16904 7.85485 7.85485 
29.1973 8.01258 30.4395 8.53005 8.04491 7.88782 7.88782 
30.9417 7.88979 29.2974 8.31033 7.90595 7.82741 7.82741 
32.1375 7.88429 28.2851 8.09456 7.89237 7.8531 7.8531 
31.3005 8.08122 28.8776 8.02079 7.91969 7.90006 7.90006 
30.0631 7.9552 30.4531 7.92499 7.87444 7.86462 7.86462 
30.7636 7.87168 30.024 7.85657 7.8313 7.82639 7.82639 
31.0384 7.80789 29.9952 7.80034 7.7877 7.78525 7.78525 
29.3179 7.96239 30.2573 7.79627 9.08866 7.78873 7.78873 
30.8206 7.85325 29.6068 7.77019 8.41638 7.76642 7.76642 
30.8648 7.86602 29.5004 7.82449 8.2991 7.8226 7.8226 
29.9229 8.07314 30.196 7.89314 8.13044 7.89219 7.89219 
30.4971 7.96514 29.9194 7.87514 7.99379 7.87467 7.87467 
29.7997 8.93613 29.5108 7.80754 8.33126 7.8073 7.8073 
29.6839 8.45478 30.0378 7.89048 8.15234 7.89036 7.89036 
29.7154 8.18308 30.367 7.90094 8.03187 7.90088 7.90088 
31.0739 7.97668 29.5416 7.8356 7.90107 7.83557 7.83557 
30.4916 8.369 28.6681 8.75164 8.02908 7.84528 7.84528 
29.7239 8.05656 29.8223 8.92127 7.8866 7.79469 7.79469 
30.9275 7.9627 29.1734 8.39506 7.87772 7.83177 7.83177 
29.6017 7.94687 30.6212 8.16305 7.90438 7.8814 7.8814 
14 14 14 14 14 14 14 
14.0513 15.2265 17.5769 10.953 13.5171 16.7222 10.953 
12.777 14.5706 20.6623 10.3002 13.5303 17.9158 9.74366 
14.1938 13.6995 23.4687 11.3325 12.8703 15.3721 8.8131 
11.8242 15.3043 23.098 14.0299 13.2533 13.9588 8.40655 
13.642 14.5015 23.4864 14.8427 12.204 13.1438 8.11717 
12.3766 17.965 23.1519 14.0682 12.2528 12.1274 8.02684 
10.6793 16.9665 24.7496 15.2177 11.815 12.5507 8.00544 
10.8611 16.152 25.2582 16.7091 12.1447 10.8766 7.99045 
11.7571 16.6474 21.0985 17.7423 13.9295 10.8465 7.97482 
11.2238 17.4551 21.351 16.3322 14.3144 11.4366 7.88496 
10.4119 19.1276 20.7755 16.1661 14.7572 10.8183 7.94248 
10.2059 18.5434 20.2857 17.0626 15.1337 10.8173 7.95083 
9.04528 18.9832 19.8544 17.7621 16.1245 10.3125 7.91772 
8.4874 18.5224 18.958 18.5727 15.7715 11.7642 7.92362 
9.49662 18.9889 18.1366 18.2358 16.1542 11.0377 7.95014 
9.0641 18.8628 18.4367 18.5916 16.7087 10.361 7.97507 
8.51611 18.5948 17.9833 19.3555 17.1193 10.4594 7.9716 
8.27867 18.0603 18.6824 20.2963 16.0854 10.6936 7.90332 
8.05323 18.2278 19.8109 18.4652 17.6318 9.94563 7.86556 
7.96535 18.6325 19.5334 17.7665 16.3651 11.8656 7.87151 
8.46741 19.1445 18.3545 16.6123 17.9154 11.658 7.84797 
8.2003 19.0712 19.8244 17.9095 16.8909 10.2131 7.89058 
8.10015 16.9642 19.2456 18.669 18.7312 10.3447 7.94529 
7.98382 17.3848 18.629 17.202 19.407 11.487 7.90639 
8.10838 18.3309 18.3506 17.838 18.4384 11.0648 7.86886 
8.44872 17.8569 19.0386 18.294 18.0083 10.5129 7.84068 
8.18269 18.3034 19.2068 19.147 16.7125 10.5689 7.87867 
8.00081 17.2793 21.4347 19.7587 14.9406 10.7371 7.8488 
7.91161 19.5276 19.5968 19.076 15.2927 10.7597 7.83561 
8.02085 19.1134 19.2496 19.4973 15.6748 10.5628 7.88122 
7.93824 19.7478 17.4804 19.6213 16.4361 10.9077 7.86842 
8.663 18.6494 18.6382 18.6882 16.9936 10.4539 7.9138 
8.42986 20.4927 19.8724 16.9261 15.464 10.8622 7.9528 
8.3816 18.7934 20.5131 19.1468 13.9286 11.3072 7.92939 
9.85486 19.0647 20.9987 17.5812 13.9955 10.634 7.87095 
8.87753 18.2641 22.5576 18.6659 13.5466 10.2027 7.88558 
8.40702 17.6638 22.3899 19.0552 15.4043 9.1688 7.91104 
10.6166 18.071 20.7602 18.658 15.0934 8.93223 7.86856 
9.69075 19.9917 19.643 18.4924 15.8137 8.45018 7.91835 
8.78994 18.9511 21.0155 18.2014 15.1563 9.98202 7.90374 
8.38656 19.8747 19.8565 17.294 16.4017 10.2431 7.94346 
9.30198 19.3939 19.7109 17.3426 15.9182 10.4476 7.88478 
8.61759 18.8827 20.1895 19.2141 15.4748 9.71234 7.90898 
8.22584 20.3861 20.0026 18.5932 15.2259 9.69488 7.87154 
9.85889 19.7696 18.469 18.8732 15.4758 9.68615 7.86722 
8.92513 21.4399 18.5218 18.6159 15.7293 8.83875 7.92929 
8.45458 19.6022 18.9415 19.6872 16.9465 8.41139 7.95666 
10.6543 19.1693 20.1461 18.0135 15.5538 8.563 7.8999 
9.25974 20.5959 19.5113 17.5461 16.0915 9.11296 7.88253 
8.94566 18.0874 21.4398 20.6678 14.151 8.76701 7.94127 
10.006 19.2047 19.8749 21.1991 13.5141 8.30704 7.89417 
8.94096 19.1489 20.7966 20.3847 13.3203 9.52345 7.88503 
8.38997 19.2143 20.6737 19.8322 15.1347 8.89308 7.86201 
8.29521 17.6937 21.6125 19.3694 15.6539 9.45793 7.91734 
8.1261 17.3415 21.774 19.2546 16.8592 8.70746 7.93716 
8.60851 17.8725 20.5322 19.716 16.9662 8.34486 7.95971 
8.84971 18.4601 19.0323 19.5983 17.4658 8.71788 7.87596 
8.80688 18.2188 18.7297 20.698 16.7104 8.96568 7.87056 
8.31125 18.7286 19.9861 20.5694 15.77 8.79146 7.8431 
8.20057 19.3643 21.5661 19.8353 14.6266 8.55303 7.85413 
8.08351 19.5354 21.0556 19.7709 15.3846 8.25975 7.9103 
8.25462 18.1934 22.0577 20.085 14.8985 8.56446 7.94628 
8.98268 17.6711 20.6363 20.2698 16.3335 8.20785 7.89876 
9.24247 17.3197 20.6123 20.429 16.4247 8.0632 7.90866 
8.56268 17.331 20.8917 21.0253 16.3205 7.97304 7.89577 
9.21092 15.7078 21.9482 20.9587 16.2588 7.97713 7.93849 
8.9957 14.6832 24.3887 20.8452 14.227 8.98857 7.87169 
8.77713 17.0263 23.7935 20.783 13.3072 8.43572 7.87728 
10.9945 16.3719 24.653 20.3004 11.5511 8.20419 7.92497 
10.3208 17.5977 24.7971 19.9149 11.305 8.1021 7.96249 
12.5975 17.3801 21.5519 20.0261 12.403 8.17004 7.8714 
11.2869 16.7661 22.5337 21.652 11.5459 8.36056 7.85494 
11.0518 18.3168 23.077 19.8768 11.6229 8.15379 7.90098 
9.69257 17.3655 24.5435 20.4182 11.872 8.24356 7.86463 
9.38169 19.6341 22.3381 20.6073 12.0201 8.10408 7.91462 
9.84672 18.0904 23.0396 19.896 12.0052 9.20792 7.91414 
10.8186 19.4164 20.6901 19.2275 13.0987 8.8616 7.8872 
9.95473 16.7012 22.0001 22.7839 12.2603 8.3935 7.90631 
11.1116 15.4108 22.2269 21.8086 13.4218 8.13194 7.88834 
10.7641 15.6481 23.4832 21.0606 12.5703 8.62326 7.85042 
12.074 15.3998 22.3477 22.0202 11.5882 8.73082 7.83935 
10.3329 16.4111 22.749 21.392 12.8347 8.42269 7.85762 
10.9165 16.5806 23.8745 20.196 12.2923 8.21135 7.92881 
9.38681 18.7665 25.0325 18.4313 12.4557 8.03424 7.89298 
10.5684 18.1332 25.0162 18.5907 11.7278 8.01712 7.94649 
12.0511 16.3348 24.6635 21.2001 9.99926 7.89327 7.85796 
10.481 18.4397 24.5842 20.7486 9.95013 7.90703 7.88937 
11.4449 16.1541 26.1607 20.4716 9.9629 7.96811 7.83763 
11.1497 16.7376 25.5515 18.8963 11.9099 7.91015 7.84491 
13.019 15.813 27.2919 16.8923 11.0418 8.04937 7.89268 
13.1591 13.661 30.27 16.2467 10.636 8.11676 7.91053 
15.1338 15.0232 26.4603 15.2318 11.583 8.63669 7.93117 
15.8789 12.6267 26.913 17.3346 10.7787 8.53829 7.92978 
15.5689 11.0817 29.3966 18.0678 9.74904 8.2201 7.91584 
16.1178 12.5457 26.6548 18.575 10.0678 8.09556 7.94343 
14.9882 11.9794 27.322 19.4777 10.3328 7.988 7.91193 
16.6211 10.7516 26.7562 20.0563 9.9283 7.96225 7.92422 
16.7488 12.5546 25.5947 19.474 9.87599 7.88541 7.86639 
18.9722 12.3914 25.4332 16.9381 9.96517 8.4264 7.87341 
18.084 11.8836 25.9441 18.6542 9.34766 8.18145 7.90496 
18.5536 12.7541 24.5402 19.2243 8.91548 8.0753 7.93706 
19.6778 13.3946 23.5483 18.3841 9.21964 7.92236 7.85324 
19.3056 11.364 27.1075 17.3254 9.00982 7.96118 7.92662 
18.2879 10.4174 30.2668 16.7407 8.54391 7.88031 7.86303 
15.7429 11.8077 28.839 17.5074 10.3633 7.87417 7.86553 
17.2545 11.5594 26.6303 18.9079 9.80891 7.92166 7.91734 
18.274 10.8069 27.3097 18.9648 8.84467 7.90105 7.89889 
18.1511 11.6006 25.4858 20.0458 8.92938 7.89419 7.89311 
17.7057 12.9236 26.3046 18.1051 9.12222 7.9197 7.91916 
19.054 12.2089 27.2327 17.3859 8.44042 7.83916 7.83889 
20.1331 12.4405 26.0131 16.9574 8.62792 7.91407 7.91393 
20.1715 11.7321 26.2611 16.2215 9.43207 8.28774 7.89398 
20.3267 11.1371 26.3836 16.2433 9.38471 8.66194 7.86265 
20.7604 10.3447 28.1172 16.1813 8.57295 8.21157 7.81192 
19.6698 12.4128 25.8072 16.9705 9.20451 8.06753 7.86771 
19.494 12.3143 27.6763 15.5875 9.00566 8.01104 7.91113 
18.5789 11.1429 28.5105 17.1955 8.63389 7.99412 7.94417 
19.0456 10.9068 28.2797 17.4392 8.4328 7.96048 7.9355 
18.9058 11.1089 27.7645 17.2029 9.10072 7.96481 7.95233 
18.9621 10.9226 28.4528 16.4235 9.30496 7.97014 7.96389 
19.267 9.43682 26.7646 19.9855 8.62802 7.9606 7.95748 
19.8781 8.69394 27.4496 18.5554 9.05407 8.41455 7.95428 
17.2837 9.99669 27.8491 20.0122 8.76432 8.16208 7.93194 
17.1926 8.91139 28.997 20.2959 8.44013 8.28394 7.87901 
17.2611 8.8591 30.4076 19.2389 8.19734 8.11924 7.91678 
18.7675 8.40215 30.9572 17.8386 8.07127 8.03222 7.93099 
18.9552 9.20108 28.05 18.6336 9.17849 8.01611 7.9655 
19.7377 9.51383 27.7533 17.6983 9.50254 7.90979 7.88448 
23.3824 8.66082 27.3902 16.2065 8.65517 7.8588 7.84615 
24.3095 8.27363 27.4175 15.9897 8.2708 7.87262 7.86629 
24.0661 9.12296 29.0827 12.704 9.39856 7.81442 7.81126 
23.2638 8.86917 28.6952 14.6597 8.69928 7.90721 7.90563 
25.0306 8.35616 29.7071 12.722 8.27121 8.03857 7.87438 
26.1248 10.0952 27.5754 11.6864 8.57347 8.01337 7.93127 
25.9506 9.39544 28.384 11.278 9.25568 7.88867 7.84762 
28.4094 8.71702 28.8222 9.97984 8.48636 7.80286 7.78233 
28.4904 8.25461 29.3462 10.1847 8.13928 7.79753 7.78727 
28.3171 9.51653 28.4455 9.28398 8.86006 7.79098 7.78585 
28.2569 9.34843 28.9769 9.39609 8.36446 7.82992 7.82735 
27.412 8.70406 28.2198 12.0115 8.06283 7.79556 7.79427 
28.5662 8.89749 28.6204 10.5512 7.87757 7.74393 7.74329 
28.1366 9.54428 28.1637 9.25649 9.19356 7.85286 7.85254 
28.5201 8.92497 29.1981 8.61496 8.91572 7.91314 7.91298 
30.2475 8.38098 28.3922 8.85293 8.37635 7.87507 7.87498 
29.1525 8.14732 30.3831 8.3833 8.14501 7.89437 7.89433 
28.4482 8.79927 29.9782 8.15506 8.79812 7.9106 7.91058 
29.6929 8.30589 29.9891 7.98378 8.30531 7.86155 7.86154 
31.1078 8.10431 28.9763 7.94326 8.10402 7.88214 7.88214 
29.8841 7.94624 30.6875 7.86571 7.94609 7.83515 7.83515 
30.4846 8.07869 29.8599 7.8918 7.93199 7.87652 7.87652 
30.086 8.2581 30.2424 7.85215 7.87225 7.84451 7.84451 
30.2539 8.04471 30.1815 7.84174 8.00239 7.83792 7.83792 
29.3684 7.89232 29.9514 9.33883 7.87116 7.78893 7.78893 
29.5107 8.04711 30.2754 8.61263 7.8788 7.83768 7.83768 
29.7554 8.88467 29.3044 8.1952 8.24496 7.80773 7.80773 
31.1156 8.46163 28.9609 7.95612 7.981 7.76239 7.76239 
32.2245 8.17021 28.1168 7.91746 7.92989 7.82059 7.82059 
30.4445 7.9939 30.0193 8.03039 7.87374 7.81909 7.81909 
30.8186 8.27829 29.2298 7.99073 7.91241 7.88508 7.88508 
27.0915 10.5254 29.4124 9.44708 7.85028 7.83662 7.83662 
30.0092 9.22613 28.4257 8.68695 7.88856 7.88172 7.88172 
29.55 8.61307 29.6674 8.34348 7.94428 7.94086 7.94086 
30.3594 8.20264 29.7688 8.06784 7.86824 7.86654 7.86654 
30.4041 8.26799 30.1087 7.88008 7.78028 7.77942 7.77942 
29.1957 8.06481 31.4066 7.87086 7.82096 7.82053 7.82053 
29.5639 7.94397 31.1795 7.84699 7.82204 7.82183 7.82183 
27.9833 7.93238 32.5864 7.88389 7.87142 7.87131 7.87131 
25.3157 9.71532 32.1469 7.7747 9.33641 7.94262 7.76841 
25.5554 9.27462 29.6777 10.6011 9.26184 7.85824 7.77113 
25.396 8.58053 28.719 13.0293 8.57414 7.87234 7.82878 
25.3562 8.24596 28.9164 13.4767 8.24277 7.89186 7.87009 
24.035 9.28522 26.1101 15.1454 9.57861 7.92823 7.91734 
24.6529 9.33575 28.9395 12.4464 8.76042 7.93524 7.92979 
25.1251 8.59279 30.3401 11.8546 8.30513 7.89253 7.88981 
25.9885 8.15442 29.5219 12.7174 8.01059 7.80429 7.80293 
26.1604 8.62266 26.8299 13.7255 9.02097 7.82064 7.81996 
26.2381 8.2587 28.3821 12.9483 8.45785 7.85769 7.85735 
27.7857 8.12935 29.5244 10.4741 8.22893 7.92884 7.92867 
29.2239 7.89743 29.3963 9.9409 7.94722 7.79717 7.79709 
28.9684 9.06423 29.3846 8.93085 7.934 7.85898 7.85894 
29.1707 8.98756 29.7088 8.42582 7.9274 7.88989 7.88987 
28.5785 9.10129 29.7008 8.99107 7.88861 7.86986 7.86985 
29.6476 8.47556 29.8675 8.42045 7.86922 7.85984 7.85984 
29.3014 10.0587 29.1128 8.09082 7.81521 7.81052 7.81052 
30.1389 8.90139 29.7079 7.91746 7.77966 7.77731 7.77731 
29.0305 8.3468 31.4124 7.85484 7.78593 7.78476 7.78476 
28.7067 8.1338 31.7128 7.88781 7.85336 7.85278 7.85278 
29.8158 8.69118 29.4402 8.13466 8.26194 7.82812 7.82812 
30.5225 8.3323 29.1719 8.05404 8.11768 7.90077 7.90077 
29.977 8.0123 30.305 8.20762 7.90499 7.79654 7.79654 
31.3346 7.85231 29.5756 7.94996 7.79865 7.74442 7.74442 
30.5646 7.86451 30.1988 7.91334 7.83768 7.81057 7.81057 
29.6636 7.77841 31.3201 7.97005 7.76499 7.75144 7.75144 
28.7301 7.78751 32.2702 7.88333 7.7808 7.77402 7.77402 
30.1797 7.88736 30.3524 7.93527 7.88401 7.88062 7.88062 
30.4125 7.81465 29.0472 9.29022 7.81297 7.81128 7.81128 
29.979 7.80343 30.2703 8.54121 7.80259 7.80174 7.80174 
30.0202 7.88944 30.1658 8.25834 7.88903 7.8886 7.8886 
28.7481 7.93833 31.3768 8.12278 7.93812 7.93791 7.93791 
30.374 7.96917 29.6884 8.06139 7.96906 7.96896 7.96896 
29.0933 8.51583 29.688 8.09319 8.82828 7.89073 7.89073 
28.81 8.17641 30.6747 8.27857 8.33264 7.86386 7.86386 
29.2437 7.95917 31.1438 8.01025 8.03729 7.8029 7.8029 
27.3911 7.97959 31.2642 9.54359 8.01864 7.90145 7.90145 
26.9213 8.18334 31.7611 9.28792 8.20287 7.82169 7.82169 
27.6764 8.34004 31.0766 9.21913 8.023 7.83241 7.83241 
28.7588 8.13827 29.824 9.5302 7.97976 7.88446 7.88446 
30.405 7.91529 29.3351 8.61125 8.15654 7.78838 7.78838 
28.9442 7.93115 28.5748 10.7626 8.05178 7.8677 7.8677 
30.1184 8.89755 27.7228 9.63299 7.93746 7.84542 7.84542 
28.8009 8.42229 30.2521 8.79001 7.94224 7.89622 7.89622 
28.0059 8.63291 31.4526 8.30657 7.88268 7.85967 7.85967 
28.8722 8.23802 31.2492 8.07485 7.86291 7.85141 7.85141 
30.2019 8.02292 30.3393 7.94133 7.83536 7.82961 7.82961 
31.23 7.88243 29.6858 7.84163 7.78865 7.78577 7.78577 
31.5386 7.9221 29.0149 7.90171 7.87522 7.87378 7.87378 
31.4705 7.92447 28.0745 8.8289 7.90102 7.9003 7.9003 
30.3384 7.93049 29.5928 8.38271 7.91877 7.91841 7.91841 
29.4107 7.83521 30.5859 8.06132 8.44855 7.82917 7.82917 
29.0151 7.78966 31.6229 7.90271 8.09633 7.78664 7.78664 
29.8571 7.8462 30.7051 7.90273 7.99953 7.84469 7.84469 
30.0601 7.87047 30.1552 8.22768 7.94713 7.86971 7.86971 
29.0232 7.86015 31.4598 8.03875 7.89848 7.85977 7.85977 
29.1498 8.37086 30.2036 7.96675 8.5545 7.87725 7.87725 
29.5282 8.07951 30.3666 8.18898 8.17133 7.83271 7.83271 
30.8715 7.89882 29.7806 7.95355 7.94473 7.77541 7.77541 
30.333 7.88776 30.3013 7.91513 7.91072 7.82606 7.82606 
30.9308 7.92477 29.1634 8.25693 7.93625 7.89392 7.89392 
28.9912 9.12956 29.9312 8.07983 8.07147 7.89833 7.89833 
29.7554 8.46088 30.063 8.09836 7.93184 7.84527 7.84527 
31.1277 8.13669 29.2503 7.95543 7.87217 7.82888 7.82888 
29.8496 8.05506 30.4059 7.96443 7.9228 7.90115 7.90115 
30.4156 8.47538 29.3134 7.96994 7.94913 7.93831 7.93831 
30.2719 8.40436 30.0413 7.83113 7.82072 7.81531 7.81531 
30.2 8.04833 30.4053 7.76172 8.07703 7.75381 7.75381 
29.1523 7.94573 30.8889 8.45602 7.96008 7.79847 7.79847 
28.8619 7.88443 31.6009 8.13958 7.89161 7.8108 7.8108 
28.7621 8.40081 31.0871 8.05068 7.92669 7.88629 7.88629 
26.5262 8.14363 30.5278 11.1231 7.90656 7.88636 7.88636 
26.6985 7.98338 30.2299 11.5139 7.86485 7.85475 7.85475 
28.095 7.88999 29.8607 10.6722 7.83073 7.82568 7.82568 
27.5733 8.96019 29.368 10.5033 7.86673 7.86421 7.86421 
28.12 8.4801 30.184 9.41831 7.93337 7.9321 7.9321 
29.2252 8.14395 29.3563 9.66411 7.87059 7.86996 7.86996 
29.2991 8.03237 29.6946 9.2875 7.89569 7.89537 7.89537 
28.6495 8.01619 30.3473 9.14375 7.94784 7.94769 7.94769 
28.589 8.8129 28.6872 9.67698 8.47843 7.87775 7.87775 
29.2616 8.35382 28.8173 9.60823 8.18658 7.88624 7.88624 
28.5197 8.09848 30.2583 9.37928 8.01486 7.86469 7.86469 
29.1927 7.9083 30.7332 8.71648 7.86649 7.79141 7.79141 
28.6396 8.12082 31.2617 8.21627 8.25423 7.75373 7.75373 
28.4865 8.06041 31.2975 8.2748 8.12712 7.87686 7.87686 
29.5256 8.01692 30.4328 8.12411 8.05027 7.92514 7.92514 
30.1223 7.93003 30.2491 7.98362 7.9467 7.88414 7.88414 
30.2082 8.22972 29.3892 8.40358 7.94394 7.91266 7.91266 
29.0385 8.04929 31.0881 8.13621 7.9064 7.89076 7.89076 
30.7613 8.00553 29.3975 8.049 7.93409 7.92627 7.92627 
30.7057 7.87274 30.0238 7.89447 7.83701 7.8331 7.8331 
29.943 7.87079 30.7496 7.88166 7.85293 7.85098 7.85098 
28.2207 9.29817 30.99 7.88405 7.86968 7.86871 7.86871 
27.6774 8.6125 31.6535 8.36276 7.89826 7.89777 7.89777 
26.6914 9.47866 31.8142 8.41335 7.86762 7.86738 7.86738 
28.031 8.58549 31.4665 8.57731 7.77997 7.77984 7.77984 
27.6107 8.67341 31.1411 8.82037 8.11959 7.81741 7.81741 
29.3174 8.25237 28.9742 9.83187 7.97546 7.82437 7.82437 
29.4613 8.07355 29.1252 9.68567 7.9351 7.85955 7.85955 
