3 10000 300 33
14 14 14 14 14 14 14 
10.9548 17.7345 16.322 14.9096 17.1695 10.9548 10.9548 
10.1242 19.0903 19.4993 14.1463 17.8784 9.38075 9.38075 
10.789 17.0341 22.7452 13.0203 17.9701 9.09566 9.09566 
11.2768 17.0955 22.8922 11.9023 17.8086 9.44979 9.44979 
11.2222 17.1772 23.375 12.0425 16.5185 9.80104 9.80104 
11.7649 18.0758 23.4824 11.6623 14.9259 10.0287 10.0287 
11.4088 18.5116 23.3201 11.8838 14.3051 10.2775 10.2775 
11.8214 16.7026 23.6282 12.0589 14.8653 10.4579 10.4579 
11.7931 16.9074 24.6483 12.1792 13.315 10.5765 10.5765 
11.8287 16.6458 24.471 12.0218 13.1547 10.938 10.938 
12.3033 16.934 23.6244 12.122 12.9662 11.0246 11.0246 
12.799 15.4034 22.5058 12.4194 14.2866 11.2926 11.2926 
12.5345 15.3704 21.9891 12.9582 13.585 11.7813 11.7813 
12.5172 15.4977 21.3071 12.7291 13.6675 12.1406 12.1406 
12.9465 16.0291 19.2523 12.734 14.1586 12.4397 12.4397 
13.3812 16.2382 17.8498 12.9459 13.9872 12.7988 12.7988 
13.3131 15.4039 17.5342 13.7577 13.9472 13.0219 13.0219 
13.5531 14.5985 17.043 13.7754 14.215 13.4075 13.4075 
13.6731 14.5406 16.1077 13.7843 14.6937 13.6003 13.6003 
13.8296 14.2633 16.0958 13.8851 14.3399 13.7932 13.7932 
14.0576 14.2745 15.1908 14.0854 14.3128 14.0394 14.0394 
14.121 14.2295 15.0422 14.1349 14.2486 14.1119 14.1119 
14.2034 14.2576 14.664 14.2103 14.2672 14.1988 14.1988 
14.2445 14.2717 14.4748 14.248 14.2764 14.2423 14.2423 
14.2651 14.2787 14.3803 14.2669 14.2811 14.264 14.264 
14.2754 14.2822 14.333 14.2763 14.2834 14.2749 14.2749 
14.2806 14.284 14.3094 14.281 14.2846 14.2803 14.2803 
14.2831 14.2848 14.2975 14.2834 14.2851 14.283 14.283 
14.2844 14.2853 14.2916 14.2845 14.2854 14.2844 14.2844 
14.2851 14.2855 14.2887 14.2851 14.2856 14.285 14.285 
14.2854 14.2856 14.2872 14.2854 14.2856 14.2854 14.2854 
14.2856 14.2857 14.2865 14.2856 14.2857 14.2855 14.2855 
14.2856 14.2857 14.2861 14.2856 14.2857 14.2856 14.2856 
14 14 14 14 14 14 14 
12.8659 17.8939 14.8212 16.7765 14.8212 10.9106 10.9106 
11.433 19.1321 20.0032 16.166 14.0773 9.3442 9.3442 
11.1472 16.6822 23.1102 16.51 15.0911 8.60468 8.60468 
11.153 17.354 25.7182 14.049 14.4125 8.59419 8.59419 
11.9145 18.0666 24.5962 13.3625 14.0138 8.99193 8.99193 
12.5018 16.3632 25.3871 13.4875 12.766 9.73157 9.73157 
13.5048 15.4355 25.3879 13.2205 12.3416 10.0471 10.0471 
12.6983 15.5556 25.6669 12.8264 12.387 10.429 10.429 
13.0158 15.5556 25.6112 11.9688 12.3046 10.77 10.77 
13.3651 16.6349 22.5199 11.9844 13.2952 11.0993 11.0993 
12.8229 16.5046 22.3711 12.1325 13.3727 11.3976 11.3976 
12.4114 16.2523 22.8998 11.7806 13.8292 11.4131 11.4131 
12.3407 17.0219 21.5726 12.0252 13.3563 11.8415 11.8415 
12.6518 17.4615 20.6628 12.1855 12.851 12.0936 12.0936 
12.6152 16.5924 20.0799 12.382 13.6582 12.3361 12.3361 
12.9743 15.6295 19.0399 12.8577 13.8291 12.8347 12.8347 
13.3365 15.0065 17.0542 13.2782 14.7913 13.2667 13.2667 
13.5175 14.3526 17.0887 13.4884 14.5874 13.4827 13.4827 
13.6081 15.053 16.4211 13.5935 14.143 13.5906 13.5906 
13.8962 14.6187 15.3027 13.889 14.5183 13.8875 13.8875 
14.0403 14.4015 15.0982 14.0367 14.3514 14.036 14.036 
14.163 14.3436 14.6919 14.1612 14.3185 14.1608 14.1608 
14.2244 14.3147 14.4888 14.2235 14.3021 14.2233 14.2233 
14.255 14.3002 14.3873 14.2546 14.2939 14.2545 14.2545 
14.2704 14.293 14.3365 14.2701 14.2898 14.2701 14.2701 
14.278 14.2893 14.3111 14.2779 14.2878 14.2779 14.2779 
14.2819 14.2875 14.2984 14.2818 14.2867 14.2818 14.2818 
14.2838 14.2866 14.2921 14.2838 14.2862 14.2838 14.2838 
14.2848 14.2862 14.2889 14.2847 14.286 14.2847 14.2847 
14.2852 14.2859 14.2873 14.2852 14.2858 14.2852 14.2852 
14.2855 14.2858 14.2865 14.2855 14.2858 14.2855 14.2855 
14.2856 14.2858 14.2861 14.2856 14.2857 14.2856 14.2856 
14.2857 14.2857 14.2859 14.2857 14.2857 14.2857 14.2857 
14 14 14 14 14 14 14 
10.9267 19.8272 15.1152 14.5916 16.6859 10.9267 10.9267 
10.5139 21.3614 18.5004 13.3564 17.0971 9.3354 9.3354 
10.0889 22.4454 20.3846 13.1908 15.9015 8.86938 8.86938 
11.0982 21.985 20.0578 11.7524 17.1436 8.919 8.919 
11.6405 20.3834 20.6888 11.7137 16.4398 9.53564 9.53564 
11.2326 18.9546 22.9733 12.0424 14.9209 9.92246 9.92246 
11.0217 18.1259 24.4596 11.6969 13.947 10.3666 10.3666 
11.5882 17.9027 23.0033 11.9258 14.1558 10.7082 10.7082 
11.2886 17.1931 22.4907 12.0069 15.3197 10.8486 10.8486 
11.4954 17.3732 22.9475 11.8545 14.8407 10.7434 10.7434 
11.462 16.1152 23.7594 12.4987 13.9918 11.086 11.086 
11.7916 15.6333 22.7888 12.613 13.9656 11.6036 11.6036 
12.6443 15.4854 22.1306 12.4415 13.4245 11.9368 11.9368 
13.0706 15.4114 20.8813 12.6624 13.7675 12.1034 12.1034 
12.9869 15.1251 19.7955 12.7828 14.3031 12.5033 12.5033 
13.2502 15.6706 17.668 13.1482 14.2461 13.0084 13.0084 
13.2476 14.789 18.1055 13.1966 14.4078 13.1267 13.1267 
13.5204 14.291 17.6735 13.4949 14.1005 13.4599 13.4599 
13.7532 14.4882 16.1794 13.7404 14.3929 13.723 13.723 
13.8696 14.2371 16.1316 13.8632 14.1895 13.8545 13.8545 
14.0777 14.2614 15.2087 14.0745 14.2376 14.0701 14.0701 
14.1817 14.2736 14.7472 14.1801 14.2616 14.1779 14.1779 
14.2337 14.2796 14.5165 14.2329 14.2737 14.2318 14.2318 
14.2597 14.2827 14.4011 14.2593 14.2797 14.2588 14.2588 
14.2727 14.2842 14.3434 14.2725 14.2827 14.2722 14.2722 
14.2792 14.285 14.3146 14.2791 14.2842 14.279 14.279 
14.2825 14.2853 14.3001 14.2824 14.285 14.2823 14.2823 
14.2841 14.2855 14.2929 14.2841 14.2853 14.284 14.284 
14.2849 14.2856 14.2893 14.2849 14.2855 14.2849 14.2849 
14.2853 14.2857 14.2875 14.2853 14.2856 14.2853 14.2853 
14.2855 14.2857 14.2866 14.2855 14.2857 14.2855 14.2855 
14.2856 14.2857 14.2862 14.2856 14.2857 14.2856 14.2856 
14.2857 14.2857 14.2859 14.2857 14.2857 14.2857 14.2857 
