5 2000 100 20
16 16 16 16 16 16 
17.375 13 14.25 18 18.9375 16.4375 
16.4233 11.9717 14.1061 19.9434 20.2235 16.332 
16.3418 11.6769 15.1831 20.9473 20.0711 15.2798 
16.8054 11.4609 14.8205 17.9034 23.0878 15.672 
16.2974 10.7912 14.0904 18.2634 24.4993 15.9332 
14.856 10.4769 17.2078 20.3106 22.0058 15.0804 
16.1237 10.8906 16.2126 17.5466 24.0464 15.1489 
18.0618 11.0975 14.4106 16.1646 24.6319 15.6179 
19.3012 11.4947 13.9621 16.7309 23.9376 14.5657 
19.6943 11.2059 12.4396 16.8808 23.7592 16.0165 
19.8987 11.273 13.694 19.2651 21.6734 14.1938 
17.7754 10.6365 14.0209 22.0239 20.6193 14.923 
17.485 10.2956 14.7028 20.7404 21.3956 15.38 
17.6314 10.0367 15.3514 19.4813 21.5867 15.9122 
16.6418 10.0184 15.067 19.5233 22.5325 16.217 
17.9621 10.1661 13.5873 20.7482 22.2528 15.2834 
17.5669 10.3861 12.8543 19.465 22.9951 16.7326 
16.5421 10.1499 13.5392 19.4308 22.4889 17.8491 
18.0649 10.2296 12.9552 19.2515 22.8424 16.6565 
16 16 16 16 16 16 
15.4405 12.7619 16.9286 19.0119 19.6071 14.25 
14.0421 11.3618 19.1923 18.8929 19.7653 15.7457 
15.5412 11.7347 16.9952 19.5361 21.0934 14.5993 
15.2086 11.6525 15.729 21.5449 21.2905 14.3244 
14.7472 11.3364 15.2114 22.201 21.8697 14.5092 
14.3949 11.2001 14.4142 21.5261 23.4881 14.9142 
14.1794 11.2307 13.5134 24.2765 22.5548 14.2138 
14.2914 10.5536 14.7814 24.6897 21.7712 13.897 
15.6659 10.2095 12.7719 24.2283 22.769 14.3476 
15.7167 10.084 13.0249 21.6577 23.8326 15.68 
15.617 9.99891 14.4866 23.5444 20.968 15.3831 
16.1418 9.99945 14.535 22.3972 21.734 15.1916 
16.1517 10.0502 12.318 20.2895 24.7559 16.4342 
16.0405 9.89237 12.5749 21.6492 24.5461 15.2967 
16.2362 10.1105 13.095 22.7964 22.6017 15.1601 
16.5625 9.94414 13.2142 25.176 20.6342 14.4689 
17.2725 10.0159 14.5018 22.6757 21.5013 14.0327 
16.7214 9.90158 13.2084 23.2528 21.8145 15.1015 
16.3928 9.77007 13.6323 22.8714 22.353 14.9805 
16 16 16 16 16 16 
16.3851 12.9689 15.4534 19.1801 18.559 15.4534 
15.607 12.5681 17.0423 20.4266 17.8346 15.5214 
14.7802 12.6794 16.0793 23.7792 17.832 14.3498 
16.2611 11.7833 16.3058 22.3735 19.6015 13.4249 
15.6305 10.8916 18.9862 21.8117 19.5924 12.9625 
16.2898 10.7424 16.6965 23.6177 19.9657 12.6253 
16.4783 10.7131 15.1859 23.561 21.3076 12.7229 
17.5725 10.2454 14.0374 22.8916 21.9872 13.2503 
17.1563 9.96853 14.2874 23.1198 22.0068 13.4534 
14.9611 9.87788 15.4416 24.3259 21.0034 14.3863 
15.1039 9.87168 15.7925 23.3737 21.0398 14.8164 
15.171 9.93584 16.4677 22.4011 21.2342 14.7892 
15.3289 9.83518 16.8622 22.2625 20.7941 14.9167 
15.9604 9.85032 16.0544 21.6694 21.3836 15.0817 
16.6469 9.81405 13.5828 22.6125 22.6918 14.6519 
16.9517 9.77428 13.871 23.4744 22.1866 13.7419 
17.5037 9.74825 13.6485 24.0057 21.2785 13.8154 
16.7875 9.78484 13.7439 25.8421 19.791 14.0506 
16.7629 9.82804 15.0264 22.5777 21.2689 14.536 
16 16 16 16 16 16 
16.2803 12.7771 15.0064 16.9172 21.0573 15.9618 
15.7997 12.7715 12.8223 18.2458 23.2946 16.066 
15.0712 11.9634 13.3833 19.4815 23.7987 15.8019 
15.2714 11.4534 14.0501 20.8728 22.2767 15.8255 
15.0431 11.2823 14.0209 20.313 23.0725 16.1432 
13.8775 10.9377 15.2732 20.9616 24.0363 14.8513 
14.2609 10.9082 16.0048 21.1502 21.0139 16.6307 
16.2406 10.327 13.9346 21.5921 22.3714 15.5187 
16.787 10.2746 12.5229 20.1294 24.519 15.7594 
18.2647 10.0729 13.9867 21.0089 22.1308 14.532 
17.4283 10.1934 13.4956 22.6121 21.1551 15.1136 
18.3296 10.0112 13.5854 21.7761 21.9023 14.3944 
16.1468 9.96057 12.4233 22.3745 24.4647 14.6296 
16.3281 9.93312 13.523 22.0363 23.0814 15.0978 
17.1688 9.94286 13.3966 23.1035 22.2042 14.184 
16.2077 9.90417 14.3216 24.1078 20.7434 14.7153 
15.6352 9.7638 16.3658 23.1418 20.2043 14.889 
16.8266 9.83685 13.8135 21.9312 22.94 14.6517 
17.2517 9.96893 13.9775 22.5818 22.0761 14.144 
16 16 16 16 16 16 
14.1688 12.8701 17.0909 16.7662 18.3896 18.7143 
14.5943 12.9568 18.2292 17.6717 18.4833 17.0647 
16.8113 11.944 15.7948 19.5646 19.3631 16.0222 
16.7053 11.64 16.6018 19.4989 20.2079 15.0961 
16.5493 10.738 16.4976 21.4298 20.1449 14.5153 
18.1537 10.611 13.894 20.9971 20.7579 15.5238 
17.5479 10.884 13.1453 21.8622 21.3294 15.1999 
16.337 11.3243 13.9256 22.4857 20.3286 15.5831 
15.1933 10.6209 14.814 23.2263 21.1147 15.023 
15.467 10.1715 13.1941 23.6502 22.1314 15.3819 
15.9527 9.88029 12.7614 23.9256 22.2529 15.2252 
16.7746 9.87577 11.3163 22.6924 23.3582 15.9817 
16.4062 9.89071 11.3185 23.1386 22.9999 16.2456 
16.1576 9.94536 11.7956 22.2511 23.9999 15.8501 
15.7365 9.92763 13.105 23.7382 22.3603 15.1322 
15.7978 9.80963 14.482 24.2039 21.7529 13.9538 
17.5523 9.85531 12.439 22.7455 23.5002 13.9076 
16.2422 9.90503 13.0068 21.3275 23.741 15.7773 
15.295 9.95252 13.0252 21.3159 23.6097 16.8017 
