5 80000 300 266
14 14 14 14 14 14 14 
14.2144 13.2124 19.4248 16.018 14.1142 11.008 11.008 
15.6786 15.5348 17.5696 16.8185 15.0333 9.43258 9.43258 
13.9736 17.7211 19.0857 16.3954 15.2713 8.65147 8.65147 
13.6376 17.4116 19.1628 18.649 14.524 8.24498 8.24498 
13.1903 18.749 18.5447 18.5038 14.7134 8.11817 8.11817 
13.3979 18.1047 18.2293 18.5489 15.6333 8.02734 8.02734 
10.7992 17.7084 18.9096 19.525 17.0422 8 8 
10.145 18.9236 19.5243 17.7486 17.7804 7.93519 7.93519 
10.5169 18.5729 19.5399 18.0965 17.3346 7.96759 7.96759 
10.6078 20.0943 19.5953 17.6727 16.2001 7.91393 7.91393 
10.7123 21.0847 19.8418 17.4456 15.0537 7.93047 7.93047 
9.58777 22.3464 20.3886 16.6293 15.3219 7.86279 7.86279 
8.73533 21.0831 20.2168 18.1119 16.1069 7.87283 7.87283 
8.79244 21.8247 18.7367 20.0073 14.8012 7.91872 7.91872 
8.31999 20.4415 21.0276 19.6449 14.7997 7.88313 7.88313 
8.11033 20.6045 20.6718 20.9963 13.8333 7.8919 7.8919 
8.46352 19.815 20.4287 21.635 13.8772 7.89027 7.89027 
8.19104 20.7672 19.4904 21.7904 13.9522 7.90441 7.90441 
8.04586 20.8802 17.7587 21.8433 15.6668 7.90254 7.90254 
8.25822 20.5578 19.4676 19.5099 16.304 7.95127 7.95127 
8.55802 18.0877 20.4564 20.0113 17.0098 7.93834 7.93834 
8.17511 18.4595 20.2931 21.4775 15.8642 7.86527 7.86527 
8.07389 17.9997 21.4222 19.3948 17.2715 7.91897 7.91897 
8.489 16.7624 22.0125 21.2271 15.5992 7.95492 7.95492 
9.32176 17.6527 19.8363 20.9888 16.2985 7.95097 7.95097 
9.70783 17.9813 20.2468 20.3536 15.7784 7.96609 7.96609 
9.84204 18.8481 20.4559 19.5592 15.4901 7.90229 7.90229 
10.1722 19.8122 21.301 17.6563 15.1652 7.94658 7.94658 
10.278 18.3711 22.1629 18.5347 14.8061 7.92363 7.92363 
9.15683 18.3373 21.5725 19.9816 15.2155 7.86806 7.86806 
9.83514 19.3154 20.8107 19.1595 15.1872 7.84601 7.84601 
10.7648 18.2496 21.2645 19.8423 14.1569 7.86095 7.86095 
9.79418 19.9091 21.6617 18.9898 13.9412 7.85205 7.85205 
9.79458 20.5468 20.8536 19.5177 13.4626 7.91236 7.91236 
9.95347 18.9251 21.3257 19.8712 14.147 7.88876 7.88876 
9.35026 18.5642 22.4832 20.4557 13.4565 7.84509 7.84509 
10.7138 17.9778 24.1643 18.9235 12.4046 7.90805 7.90805 
11.4102 16.9792 23.4623 20.4787 11.7713 7.94918 7.94918 
10.7402 18.3257 21.8014 20.8951 12.3259 7.95586 7.95586 
10.5046 19.4318 21.1697 20.8387 12.2754 7.88991 7.88991 
10.6455 19.9406 21.0343 20.0823 12.5422 7.87754 7.87754 
10.9832 20.5835 21.0124 19.3572 12.4032 7.83028 7.83028 
10.6553 18.3522 20.8337 20.006 14.5139 7.81942 7.81942 
9.25886 18.1442 21.2276 21.0595 14.628 7.84091 7.84091 
9.74571 16.5139 22.4743 21.8088 13.7093 7.87395 7.87395 
10.1481 16.9726 23.2784 21.3402 12.5886 7.83606 7.83606 
10.1465 16.5781 24.0788 21.4189 11.9706 7.90353 7.90353 
9.77913 18.0537 23.5688 19.6506 13.0441 7.95177 7.95177 
9.7359 16.8283 23.6047 20.4636 13.6143 7.87659 7.87659 
10.7707 17.2104 23.2607 19.6068 13.4044 7.87348 7.87348 
11.4004 17.0012 21.6554 20.5803 13.7197 7.82145 7.82145 
11.04 16.9958 23.9345 20.1203 12.321 7.79422 7.79422 
11.6625 16.606 23.638 20.8709 11.5659 7.82831 7.82831 
11.6823 17.0796 21.9254 22.1376 11.3681 7.90352 7.90352 
11.738 16.5251 22.0192 22.9853 10.9666 7.88296 7.88296 
10.6429 16.6796 22.0649 24.0554 10.8853 7.83595 7.83595 
10.6612 16.4709 22.8043 22.8287 11.632 7.80147 7.80147 
10.6692 17.0896 22.6001 20.7893 13.2379 7.80699 7.80699 
10.4088 17.3319 22.8099 21.162 12.5595 7.86389 7.86389 
11.8294 17.166 21.78 21.831 11.5298 7.93194 7.93194 
10.7776 16.8124 23.3588 22.3868 10.7524 7.956 7.956 
12.4947 14.3494 24.4701 21.4001 11.5778 7.85397 7.85397 
13.5706 13.3615 23.8512 21.0536 12.4808 7.84113 7.84113 
13.5738 14.122 23.1528 21.2318 12.2456 7.83701 7.83701 
12.8019 14.8304 23.1052 22.3953 11.2607 7.80322 7.80322 
11.0609 15.7276 24.6508 21.3992 11.5497 7.80589 7.80589 
10.0317 16.0146 23.5176 22.0135 12.8308 7.79589 7.79589 
9.58437 16.7637 23.4339 22.8088 11.7454 7.83195 7.83195 
11.0763 17.5348 21.2798 21.7869 12.5667 7.87773 7.87773 
11.5749 16.6414 21.1386 22.3108 12.5825 7.87587 7.87587 
12.1166 17.0549 20.949 21.4085 12.747 7.86199 7.86199 
12.1036 17.4695 21.6836 20.7798 12.2929 7.83528 7.83528 
12.35 17.0895 20.3534 21.4439 12.9588 7.90221 7.90221 
12.8326 17.648 21.1821 20.3687 12.1859 7.89132 7.89132 
12.1708 17.136 21.4606 21.5654 11.8474 7.90986 7.90986 
12.7521 16.5167 20.2175 20.6545 14.0006 7.92929 7.92929 
13.1092 16.1137 19.9591 20.9258 13.9829 7.95467 7.95467 
12.5386 15.2377 22.0806 20.9682 13.2414 7.9667 7.9667 
12.9798 15.2504 22.6193 20.2209 13.0681 7.93072 7.93072 
13.1115 15.4631 21.8502 19.2997 14.507 7.88428 7.88428 
12.3786 16.5923 22.0643 19.0169 14.2155 7.86619 7.86619 
11.4322 17.5033 21.2623 20.378 13.6295 7.89729 7.89729 
11.4957 17.4882 21.3839 20.9417 12.9975 7.84649 7.84649 
11.9978 16.1909 22.66 21.774 11.552 7.91261 7.91261 
11.4765 15.9606 23.2682 22.9657 10.5513 7.88889 7.88889 
11.4603 15.201 23.6232 22.6545 11.2702 7.8954 7.8954 
11.1425 14.5593 23.925 21.7654 12.7227 7.94254 7.94254 
9.66097 14.0079 23.8359 23.1518 13.4854 7.92906 7.92906 
9.94098 15.015 23.382 24.2831 11.7151 7.83193 7.83193 
10.6202 14.4284 24.4029 24.2884 10.5185 7.87077 7.87077 
10.2173 14.9065 23.4746 24.2132 11.3601 7.91416 7.91416 
9.70473 15.8098 24.4114 22.9701 11.3903 7.8568 7.8568 
10.3608 13.9783 26.0475 22.502 11.3449 7.8832 7.8832 
12.0297 12.6056 26.4484 22.6209 10.467 7.9142 7.9142 
13.0786 12.12 24.8586 24.3298 9.94262 7.83522 7.83522 
13.2999 11.9755 25.1053 23.2917 10.6051 7.86127 7.86127 
14.8632 12.0396 25.8092 21.8764 9.76942 7.82113 7.82113 
16.3653 10.3426 26.1611 21.4569 10.072 7.80105 7.80105 
17.1889 9.05327 26.7451 21.9086 9.53912 7.78251 7.78251 
18.1182 9.88378 25.1285 22.115 9.23385 7.7603 7.7603 
21.0288 8.88128 27.7158 18.1787 8.55632 7.81955 7.81955 
20.7385 9.62271 28.9839 16.6524 8.33978 7.83134 7.83134 
19.9437 11.7263 26.726 16.9698 8.82415 7.90503 7.90503 
18.356 12.5704 26.3203 17.1739 9.74744 7.91593 7.91593 
19.065 10.805 26.5782 18.0502 9.67598 7.91277 7.91277 
19.3217 10.0712 26.5421 18.8143 9.50666 7.87205 7.87205 
19.0726 10.7709 27.6828 17.9366 8.72392 7.90661 7.90661 
19.5964 11.0911 27.3549 16.7761 9.46707 7.85721 7.85721 
21.7654 10.2997 26.3004 16.4208 9.48763 7.86303 7.86303 
21.1391 11.9874 26.1132 15.9027 9.01732 7.92012 7.92012 
19.9635 11.7513 25.9354 16.7392 9.81169 7.89945 7.89945 
19.2985 11.1552 27.8745 16.5994 9.40895 7.83171 7.83171 
20.278 10.6674 27.56 16.0841 9.7943 7.80807 7.80807 
20.8773 10.7028 28.3773 15.4246 9.09178 7.7631 7.7631 
20.6588 10.0684 29.7547 15.2595 8.63394 7.81237 7.81237 
21.077 9.08404 28.5845 16.9755 8.67834 7.80026 7.80026 
21.3144 8.42133 28.0854 18.1142 8.50584 7.77944 7.77944 
20.2608 8.32652 28.5244 18.6608 8.52121 7.85314 7.85314 
20.0673 8.42193 28.6155 18.9518 8.20382 7.86979 7.86979 
22.1281 9.5207 27.2871 16.998 8.23171 7.91719 7.91719 
21.7896 9.17675 28.7855 15.2814 9.16317 7.90181 7.90181 
23.4724 8.47036 28.8337 14.0071 9.55053 7.83289 7.83289 
23.2859 9.05974 29.3292 13.8749 8.72263 7.86382 7.86382 
24.6003 9.40792 27.317 13.4923 9.3918 7.89532 7.89532 
26.391 8.94638 27.1434 12.9583 8.78681 7.88706 7.88706 
26.9455 9.47319 27.7904 11.7916 8.29966 7.84978 7.84978 
26.7781 9.21839 28.7412 11.4981 8.0714 7.84646 7.84646 
26.2742 8.95093 29.0765 12.0516 7.95727 7.8448 7.8448 
26.6788 8.49332 29.2704 11.2341 8.74054 7.79145 7.79145 
27.6462 9.70389 28.2045 10.1893 8.50006 7.87802 7.87802 
26.1649 9.44055 29.925 9.8415 8.83864 7.89471 7.89471 
26.5673 9.26573 27.9928 11.7389 8.66174 7.88675 7.88675 
27.3599 9.76483 27.0463 11.7346 8.28982 7.90232 7.90232 
26.3711 9.31667 27.7433 12.2893 8.42625 7.92669 7.92669 
25.5722 9.19005 28.9774 12.338 8.14062 7.89084 7.89084 
24.5322 9.51566 29.0919 12.9944 8.03856 7.91367 7.91367 
24.451 9.09957 30.3723 12.3796 7.94085 7.87841 7.87841 
24.6506 9.0408 29.7071 13.076 7.86264 7.83142 7.83142 
26.611 8.40239 28.0523 13.5256 7.81331 7.7977 7.7977 
26.807 8.3555 28.4178 12.5491 8.35769 7.75642 7.75642 
26.4328 8.73801 29.6812 11.4863 8.08764 7.787 7.787 
26.7785 10.088 28.4027 10.4817 8.61898 7.81507 7.81507 
28.2499 9.68794 28.1332 10.1944 8.17946 7.7775 7.7775 
27.4246 9.38943 29.7232 9.97936 7.96178 7.76081 7.76081 
26.29 9.19782 29.3026 11.2009 8.484 7.76239 7.76239 
26.244 8.75226 29.0283 11.9902 8.23561 7.87481 7.87481 
27.5233 8.25963 29.0773 11.0113 8.48674 7.8209 7.8209 
26.4199 8.08551 29.5703 11.993 8.19906 7.86615 7.86615 
27.4728 7.88891 28.8877 12.2465 7.94569 7.77923 7.77923 
28.8278 7.90787 28.9256 10.6964 7.93626 7.85303 7.85303 
27.6543 7.78669 30.6649 9.52939 8.84618 7.75927 7.75927 
28.3903 8.42409 29.2483 10.1045 8.30658 7.76313 7.76313 
28.6838 8.61545 28.1185 10.7341 8.13056 7.85884 7.85884 
27.3927 9.90095 28.9745 9.60432 8.47206 7.82772 7.82772 
28.3068 9.17125 28.9353 9.83463 8.13213 7.80997 7.80997 
27.7746 8.57234 30.2484 9.56848 8.05278 7.89169 7.89169 
24.8397 9.52426 30.3623 11.4509 7.99464 7.9141 7.9141 
26.3087 8.6837 29.2334 12.098 7.91889 7.87862 7.87862 
27.5108 8.30225 28.6431 11.8246 7.91984 7.89971 7.89971 
28.3451 8.40644 28.9112 10.4716 8.06326 7.90122 7.90122 
27.9188 8.13071 28.9571 11.2781 7.95912 7.8781 7.8781 
27.8208 8.35579 27.6799 12.2397 8.10497 7.89945 7.89945 
25.5346 8.47726 27.8527 13.6039 8.67032 7.93062 7.93062 
25.4709 8.96176 28.4215 12.9909 8.40682 7.8741 7.8741 
25.9021 9.64754 29.0441 11.3288 8.20341 7.93705 7.93705 
26.1089 8.69374 28.7635 12.7851 7.97167 7.83849 7.83849 
25.3052 8.76282 27.7721 14.3698 7.97444 7.90785 7.90785 
25.0664 8.34693 27.5067 14.7711 8.46998 7.91944 7.91944 
24.9933 8.80605 27.4914 14.0948 8.70783 7.95333 7.95333 
23.5586 8.38533 27.905 14.1271 10.1061 7.95897 7.95897 
22.2403 9.1572 29.5553 13.6238 9.66299 7.88019 7.88019 
25.052 8.44857 28.4 13.7778 8.70147 7.81007 7.81007 
23.9106 8.37813 29.5846 13.0428 9.27381 7.90503 7.90503 
24.1587 8.76534 28.8601 13.4705 9.04368 7.85082 7.85082 
24.331 9.01843 27.344 15.0134 8.49535 7.89892 7.89892 
24.8391 8.84949 28.6025 12.715 9.10879 7.94252 7.94252 
23.9455 10.1066 28.587 12.5264 9.09985 7.86736 7.86736 
24.2651 9.37222 28.4131 13.5721 8.53664 7.92039 7.92039 
23.4962 8.88191 27.3184 16.0518 8.63895 7.80635 7.80635 
23.6383 9.01413 26.3117 17.0198 8.28289 7.86659 7.86659 
24.3192 9.32849 27.4415 14.7599 8.42716 7.86187 7.86187 
23.569 8.69109 30.3315 13.7558 8.07264 7.78999 7.78999 
23.9621 8.78681 28.6328 15.1874 7.90451 7.76319 7.76319 
22.8091 9.48894 28.3291 15.7147 7.93315 7.86249 7.86249 
21.3022 9.86393 27.8164 17.4137 7.89149 7.85616 7.85616 
21.7088 9.73966 28.6518 16.5594 7.7919 7.77423 7.77423 
22.2913 9.26865 28.5488 16.3442 7.85489 7.84606 7.84606 
22.1213 8.59774 28.1463 17.4709 7.89086 7.88645 7.88645 
23.483 8.18086 26.9614 17.8969 7.82742 7.82521 7.82521 
22.1893 7.97103 29.3016 17.1574 7.79431 7.7932 7.7932 
22.9453 8.04395 28.4495 17.1826 7.79326 7.7927 7.7927 
23.299 7.91419 28.8954 16.5254 7.78884 7.78857 7.78857 
23.0341 8.41863 29.6785 15.1858 7.89442 7.89428 7.89428 
24.1794 8.26776 29.4496 14.5734 7.84331 7.84325 7.84325 
23.7564 8.63388 30.2248 13.4534 8.08832 7.92162 7.92162 
25.6037 8.23851 29.1647 13.2626 7.96573 7.88238 7.88238 
23.7667 8.06662 28.9098 15.5494 7.93023 7.88856 7.88856 
22.0447 7.90428 29.1323 17.4521 7.83608 7.81525 7.81525 
21.5034 7.90403 28.3119 18.6917 7.86993 7.85951 7.85951 
22.6639 8.34073 28.576 16.3991 8.32368 7.84825 7.84825 
22.9092 8.02943 28.8853 16.421 8.18869 7.78319 7.78319 
23.0204 8.46311 29.9231 14.9721 8.00893 7.80618 7.80618 
23.7773 8.11354 28.6261 16.0264 7.88645 7.78508 7.78508 
23.49 7.97834 29.8359 14.876 8.19159 7.81411 7.81411 
24.942 9.19363 29.4161 12.8283 7.99914 7.8104 7.8104 
25.1377 9.09682 29.2081 12.7475 7.99957 7.9052 7.9052 
26.5371 8.51666 28.4136 12.723 7.96804 7.92085 7.92085 
26.7821 8.14347 28.227 13.2872 7.86915 7.84556 7.84556 
27.1165 8.4835 29.3096 11.5455 7.85615 7.84435 7.84435 
26.0188 8.18497 28.6927 12.8706 8.50221 7.86539 7.86539 
26.2237 8.19963 28.8106 12.8639 8.17967 7.86127 7.86127 
26.5081 8.43944 29.877 10.7715 8.61814 7.8929 7.8929 
27.3845 8.10171 29.0689 11.597 8.19106 7.82844 7.82844 
26.9225 9.03367 29.8266 10.4377 8.04742 7.86611 7.86611 
25.8375 8.64225 29.7648 11.9845 7.98411 7.89345 7.89345 
25.5026 8.51575 28.473 14.0459 7.85111 7.80579 7.80579 
23.8119 9.10636 29.388 13.6896 8.3195 7.84229 7.84229 
23.6047 8.71985 29.2773 14.8576 8.0059 7.7673 7.7673 
24.6736 8.65035 28.335 14.6895 7.96335 7.84404 7.84404 
24.8737 8.60246 28.9168 13.8344 7.96397 7.90432 7.90432 
23.3873 9.67313 30.7807 11.6693 8.32083 8.08439 8.08439 
24.7229 8.74536 30.0483 12.5122 8.06921 7.95099 7.95099 
24.0899 8.23071 30.3019 13.8178 7.89263 7.83352 7.83352 
22.8508 8.69411 28.8872 16.2496 7.79247 7.76291 7.76291 
23.838 8.19321 28.7793 15.9919 7.74239 7.72761 7.72761 
23.7167 8.21645 29.3709 15.2993 7.80378 7.79639 7.79639 
22.7865 8.00044 29.5058 16.3323 7.7941 7.79041 7.79041 
23.3998 7.94759 28.7332 16.3898 7.84442 7.84257 7.84257 
23.7996 8.42219 30.0249 14.2447 7.8368 7.83588 7.83588 
24.7929 8.14191 29.4779 14.0406 7.84922 7.84876 7.84876 
24.6831 8.33717 30.0973 13.3343 7.84952 7.84929 7.84929 
25.3773 8.4543 29.8701 12.7386 7.85333 7.85322 7.85322 
27.5151 8.17037 28.1843 12.5207 7.86988 7.86983 7.86983 
26.9683 8.76746 29.4767 11.4443 7.7811 7.78107 7.78107 
27.152 8.36297 29.7903 11.0855 7.86979 7.86977 7.86977 
26.036 8.17509 28.4734 13.53 7.9285 7.9285 7.9285 
22.7359 8.633 29.7539 15.2289 7.88275 7.88274 7.88274 
22.3268 8.25486 29.0893 16.6898 7.87973 7.87973 7.87973 
20.6705 8.17672 29.5094 18.2041 7.8131 7.8131 7.8131 
19.6901 8.12062 29.916 18.7794 7.93881 7.77752 7.77752 
21.9978 8.05337 28.6733 17.5494 7.96246 7.88182 7.88182 
20.9651 7.91182 29.5393 18.0653 7.86637 7.82604 7.82604 
20.3836 8.41135 28.301 19.2637 7.89358 7.87342 7.87342 
22.3991 8.05183 28.5318 17.6586 7.79294 7.78286 7.78286 
22.8662 8.65555 29.2659 15.8663 7.78536 7.78032 7.78032 
22.2439 8.21291 29.6667 16.548 7.77782 7.7753 7.7753 
22.8583 8.60806 28.1774 16.3126 8.55129 7.74617 7.74617 
23.1313 8.55935 28.6277 15.9577 8.17635 7.77379 7.77379 
23.807 8.24519 29.4863 14.703 8.05369 7.85241 7.85241 
24.8266 8.58413 28.1278 14.5823 8.02685 7.92621 7.92621 
24.8723 8.22649 29.1458 14.0124 7.94785 7.89753 7.89753 
26.0725 8.322 29.7244 12.2251 8.01433 7.82082 7.82082 
26.1353 8.79359 29.5587 11.7036 8.00077 7.90402 7.90402 
26.4238 8.84885 28.8204 12.1874 7.93874 7.89037 7.89037 
27.2257 8.57667 28.5971 11.803 7.94861 7.92442 7.92442 
27.635 8.53188 29.9812 10.3296 7.84884 7.83675 7.83675 
27.2732 8.54729 30.2811 10.2107 7.89996 7.89391 7.89391 
26.764 8.52075 29.8124 11.2829 8.00403 7.80796 7.80796 
26.1971 9.51247 27.5112 12.1541 8.41378 8.10566 8.10566 
25.9905 9.11164 29.6093 11.4777 8.03964 7.88558 7.88558 
24.6507 10.8058 29.8384 11.1443 7.90496 7.82793 7.82793 
25.6318 10.2416 28.4273 11.2173 8.58958 7.94622 7.94622 
26.9136 9.63209 28.1234 11.2477 8.24216 7.92048 7.92048 
26.8232 9.43651 27.428 12.3895 8.08147 7.92064 7.92064 
27.2116 9.51825 27.314 11.9948 8.04074 7.96032 7.96032 
24.2539 9.85172 27.7774 12.2474 8.65 8.60979 8.60979 
14 14 14 14 14 14 14 
15.6869 13.5657 17.404 17 13.4646 10.9394 10.9394 
14.2879 15.1162 18.8131 19.2778 13.0657 9.4697 9.4697 
12.5215 15.9105 19.4752 20.1652 14.4276 8.62501 8.62501 
10.9093 17.3657 21.6424 19.2663 14.1299 8.28076 8.28076 
10.9234 17.3882 19.6381 21.2403 14.6542 8.04663 8.04663 
11.4426 17.9046 19.3885 20.9072 14.3845 7.97068 7.97068 
10.1778 18.0827 20.3464 19.8014 15.7792 7.89838 7.89838 
9.845 17.8219 19.5634 20.2666 16.792 7.85163 7.85163 
9.94533 17.3584 20.9689 19.8365 16.0444 7.92125 7.92125 
9.61067 17.5027 21.7967 20.2124 15.0358 7.9199 7.9199 
8.73792 18.1896 20.6736 20.2185 16.3943 7.89253 7.89253 
9.57729 18.7013 19.9433 20.1787 15.836 7.88145 7.88145 
9.60927 20.113 18.8281 19.7306 15.9898 7.86449 7.86449 
9.98897 19.9643 18.7459 20.4644 15.1377 7.8493 7.8493 
10.3397 19.8931 18.0589 21.1453 14.9185 7.8222 7.8222 
10.1938 17.1236 20.6323 21.3382 14.9952 7.85847 7.85847 
11.7028 15.2816 22.5029 19.7807 14.9008 7.91557 7.91557 
11.6654 14.8501 22.6468 19.7741 15.2411 7.91127 7.91127 
11.4141 15.4483 23.0676 19.887 14.3647 7.90912 7.90912 
9.68294 16.1579 21.2928 22.2327 14.7727 7.93047 7.93047 
9.50814 17.3012 19.5353 21.6719 16.053 7.96523 7.96523 
8.7495 18.6962 20.6124 19.8542 16.1315 7.97805 7.97805 
9.54716 18.1987 20.1913 19.8122 16.4566 7.89707 7.89707 
9.59814 18.3099 19.9641 20.3227 16.0134 7.8959 7.8959 
9.52257 16.5282 22.5396 20.0692 15.6104 7.865 7.865 
9.92184 17.5531 21.5909 20.5851 14.6859 7.83158 7.83158 
10.5553 18.2171 20.0029 20.6655 14.8022 7.8785 7.8785 
10.7822 16.5627 20.6666 20.9979 15.3139 7.83833 7.83833 
10.3911 16.072 20.217 21.0803 16.4942 7.87265 7.87265 
10.7892 16.3694 20.6108 21.2708 15.0964 7.93176 7.93176 
10.4607 17.8763 19.4464 19.7764 16.579 7.93064 7.93064 
10.4027 19.7428 19.2634 17.9342 16.9102 7.87336 7.87336 
10.6758 21.1852 19.3641 17.7262 15.3894 7.82963 7.82963 
10.9983 21.3238 19.7056 18.0612 14.2985 7.80632 7.80632 
10.545 22.4738 20.2886 17.8609 13.2272 7.80224 7.80224 
9.92645 21.1414 19.2135 18.5963 15.4442 7.83907 7.83907 
9.2814 20.798 19.6068 19.4118 15.1084 7.89681 7.89681 
10.2245 20.0437 21.4785 19.8582 12.6304 7.88241 7.88241 
9.95857 20.1873 20.3137 19.9764 13.8802 7.84192 7.84192 
10.2666 18.7143 20.0419 22.6319 12.6872 7.829 7.829 
9.38864 18.3406 20.0682 23.4909 13.0812 7.81521 7.81521 
9.71824 17.6631 21.5174 23.3483 12.043 7.85497 7.85497 
8.95748 18.0822 21.4144 22.7983 12.9302 7.90875 7.90875 
8.45884 17.1257 22.7719 22.8419 12.9327 7.93448 7.93448 
8.77487 16.8379 23.9734 23.4256 11.1284 7.92994 7.92994 
9.81197 16.6737 23.0716 23.859 10.8708 7.85648 7.85648 
9.71819 16.7875 23.0381 23.9014 10.7171 7.91885 7.91885 
10.0359 15.3382 23.1352 24.8295 10.9141 7.87357 7.87357 
10.6943 15.7609 22.0749 23.6466 11.9788 7.92229 7.92229 
10.1149 15.9489 23.1401 22.5813 12.4686 7.87313 7.87313 
10.2133 15.6483 22.0017 23.6407 12.7091 7.8934 7.8934 
9.80208 16.5805 21.5339 23.7493 12.5728 7.88071 7.88071 
9.13833 17.7334 22.1471 22.7705 12.3397 7.93551 7.93551 
8.995 17.0006 21.7195 23.347 13.1076 7.91512 7.91512 
9.48534 15.9212 23.5118 22.1358 13.2448 7.85051 7.85051 
10.5868 15.3632 22.665 21.7172 14.025 7.82136 7.82136 
12.334 17.5861 21.595 20.1665 12.6211 7.84863 7.84863 
13.6165 15.8638 23.9288 19.9317 10.9823 7.83845 7.83845 
12.7668 16.8697 22.5862 20.8467 11.3201 7.80524 7.80524 
13.4729 15.7732 22.8603 21.3686 10.7596 7.88272 7.88272 
13.9325 15.2067 21.4798 22.2228 11.3351 7.91158 7.91158 
14.2182 16.6364 20.1546 21.2895 11.9017 7.89981 7.89981 
14.4198 17.4566 20.7823 19.7831 11.8255 7.86635 7.86635 
14.1406 18.0105 22.0248 18.9262 11.1108 7.89357 7.89357 
14.195 17.6566 22.7172 19.2595 10.39 7.89081 7.89081 
13.9339 16.8712 23.8251 18.8791 10.825 7.8328 7.8328 
13.5326 16.6427 25.1701 18.0254 10.9681 7.83054 7.83054 
15.2663 17.3213 24.0851 16.8877 10.609 7.91527 7.91527 
15.0958 17.4915 22.6147 18.1453 10.7772 7.93774 7.93774 
15.6875 17.7897 22.806 16.9538 11.0733 7.84484 7.84484 
13.7492 17.8187 21.9017 19.2381 11.5734 7.85943 7.85943 
12.9068 18.963 22.2109 19.2705 11.0146 7.81711 7.81711 
11.7781 18.1828 22.9236 19.895 11.6112 7.80466 7.80466 
12.358 15.6952 23.726 20.9987 11.6007 7.81069 7.81069 
13.779 15.1809 23.5963 21.0327 10.6004 7.90534 7.90534 
13.5145 15.2155 22.7982 22.2663 10.3002 7.95267 7.95267 
14.6107 16.77 22.263 21.2117 9.33857 7.90304 7.90304 
13.6225 17.1216 23.0938 20.2833 10.18 7.84937 7.84937 
13.7484 18.1158 23.0652 19.8275 9.54028 7.85139 7.85139 
13.5496 18.6129 23.3127 18.4216 10.3984 7.85239 7.85239 
12.8116 18.624 23.4674 18.9221 10.4486 7.86321 7.86321 
12.7978 17.6927 22.103 21.3929 10.1959 7.90888 7.90888 
13.075 17.5111 22.4151 21.776 9.3593 7.93171 7.93171 
12.3799 16.3643 22.6206 23.2521 9.57095 7.90607 7.90607 
12.2875 13.8732 25.1314 23.8212 9.12152 7.88258 7.88258 
13.7494 13.6972 24.6784 22.8965 9.20865 7.88495 7.88495 
14.7487 11.9667 26.3812 22.4719 8.67257 7.87948 7.87948 
13.4855 12.3722 26.385 23.597 8.50295 7.82863 7.82863 
12.9387 11.5175 26.3049 25.4873 8.14196 7.80481 7.80481 
12.0576 10.3176 27.5642 25.8319 8.48275 7.87299 7.87299 
13.3861 9.21285 28.1965 24.6277 8.89603 7.8404 7.8404 
12.7678 10.3697 27.0266 25.2422 8.96515 7.81428 7.81428 
13.3544 10.5468 26.516 25.6238 8.36997 7.79454 7.79454 
13.4137 10.6626 26.4316 24.9376 8.97541 7.78949 7.78949 
13.8083 10.2588 26.9839 24.6427 8.6906 7.80779 7.80779 
14.5965 10.4866 25.3052 25.3708 8.46618 7.88741 7.88741 
15.2462 11.6017 24.7913 23.2345 9.4354 7.84544 7.84544 
14.448 11.2904 26.1939 23.4867 9.02037 7.78029 7.78029 
14.0676 11.0922 28.5997 21.6596 8.97946 7.80076 7.80076 
15.1118 11.1171 26.8347 21.9718 9.36438 7.8001 7.8001 
16.1273 11.2728 26.4332 21.4621 8.96791 7.8683 7.8683 
17.6733 10.1409 28.2316 19.2896 8.98846 7.83806 7.83806 
16.9291 9.40572 28.5667 20.9165 8.54047 7.82076 7.82076 
17.0273 9.13711 28.8093 21.0087 8.24577 7.88592 7.88592 
16.871 9.46769 27.9493 22.0317 8.01338 7.83345 7.83345 
17.0111 10.4025 27.4921 21.481 7.93111 7.84114 7.84114 
17.787 10.291 27.3688 20.9201 8.00747 7.81279 7.81279 
18.8341 9.44819 27.4826 20.5491 8.15804 7.76396 7.76396 
18.7443 9.92287 27.6557 19.6018 8.36036 7.85752 7.85752 
18.1867 10.4326 27.8096 19.6793 8.13155 7.88013 7.88013 
19.0934 9.98551 27.1356 19.8396 8.06577 7.94006 7.94006 
19.0061 9.64741 26.781 20.7306 8.08694 7.87394 7.87394 
19.1852 10.1705 27.5523 19.3249 8.08971 7.8387 7.8387 
19.5609 10.1486 26.5926 19.9472 8.00055 7.87505 7.87505 
18.6867 10.8555 26.8901 19.6611 8.21903 7.84377 7.84377 
21.2345 9.58249 27.6284 17.9967 7.97771 7.79008 7.79008 
20.7969 9.73137 27.437 18.1301 8.33017 7.78726 7.78726 
21.4017 9.39643 27.6343 17.9647 8.04858 7.77712 7.77712 
22.2393 8.68682 27.3499 17.9567 8.01289 7.87717 7.87717 
20.8681 9.68932 29.0838 15.7394 8.88066 7.8694 7.8694 
21.8924 9.90418 29.274 15.0125 8.30938 7.80375 7.80375 
23.8393 9.19738 28.4735 14.5817 8.24274 7.83269 7.83269 
23.8177 9.98112 28.2594 14.0897 8.08738 7.88235 7.88235 
25.4176 9.37653 27.9894 12.8343 8.78053 7.80082 7.80082 
25.5801 9.30873 28.6811 12.3578 8.35066 7.86081 7.86081 
27.3546 9.75947 27.8541 11.284 8.07923 7.83431 7.83431 
27.5903 9.08263 28.5647 11.0043 8.09759 7.8302 7.8302 
27.2508 8.51685 29.1142 11.3126 8.02433 7.89063 7.89063 
27.1433 8.16722 30.0294 11.0309 7.92096 7.85411 7.85411 
26.3409 8.85284 29.7839 11.2077 7.96048 7.92706 7.92706 
25.1336 8.87427 30.2294 11.8922 7.96797 7.95126 7.95126 
26.2611 9.05497 28.3313 12.4748 7.96488 7.95652 7.95652 
27.1684 8.94389 27.7303 12.3888 7.92566 7.92148 7.92148 
26.1638 8.45284 29.4702 12.0861 7.94372 7.94163 7.94163 
25.7555 8.39308 30.1865 11.7722 7.96492 7.96387 7.96387 
25.7863 8.60831 29.4723 12.4221 7.90403 7.9035 7.9035 
24.5139 10.1146 29.2622 12.3272 7.92755 7.92729 7.92729 
24.1775 9.19635 29.0351 13.614 8.10285 7.93715 7.93715 
23.5613 8.70776 30.6134 13.3138 7.98978 7.90693 7.90693 
25.2182 8.72888 30.1505 11.9694 8.21364 7.85972 7.85972 
24.4334 9.26309 29.7712 12.2347 8.66763 7.81499 7.81499 
25.2886 8.87991 29.7549 11.8363 8.58218 7.82907 7.82907 
25.2741 9.11124 30.6214 10.9355 8.27033 7.89377 7.89377 
26.764 8.52387 30.3901 10.3884 8.10342 7.91514 7.91514 
27.6677 8.1735 29.6508 10.8064 7.96327 7.86913 7.86913 
27.2954 7.9329 29.8604 11.5221 7.82779 7.78072 7.78072 
27.7196 8.45747 29.4511 9.80296 9.00372 7.78258 7.78258 
27.9066 8.40934 29.7757 10.0854 8.34801 7.73744 7.73744 
26.9722 8.73297 28.2841 12.0238 8.32495 7.83099 7.83099 
27.4921 8.28215 28.2987 12.1866 8.07814 7.83116 7.83116 
26.4801 8.26092 30.4415 11.1495 7.97165 7.84816 7.84816 
26.2225 7.99011 30.8348 11.5397 7.84548 7.78373 7.78373 
24.7242 7.86602 29.6109 13.9956 8.27758 7.76283 7.76283 
23.2316 7.815 29.0912 16.3146 8.02078 7.7634 7.7634 
23.0397 8.04657 28.4529 16.7666 7.9839 7.85521 7.85521 
23.8835 8.02329 28.4083 15.8378 7.99195 7.92761 7.92761 
25.8762 8.11 28.7943 13.4927 7.9304 7.89823 7.89823 
24.7899 8.68463 29.5823 13.2278 8.03927 7.838 7.838 
25.8501 8.49514 29.0769 12.7601 8.00635 7.90571 7.90571 
24.9504 8.99441 29.4119 12.3927 8.43355 7.90855 7.90855 
25.7688 8.66387 30.1821 10.7598 8.78027 7.92253 7.92253 
26.5383 9.13963 30.2834 9.803 8.6209 7.80742 7.80742 
27.6422 8.54535 29.5148 10.2532 8.28599 7.87924 7.87924 
26.6239 8.25191 29.8093 11.355 8.12223 7.91886 7.91886 
26.5472 8.17007 28.8752 12.8466 7.92141 7.81972 7.81972 
25.4829 8.1548 27.6159 14.9504 8.22427 7.78583 7.78583 
25.1209 8.25747 26.9912 16.1569 7.97066 7.75144 7.75144 
25.2993 8.10963 26.2345 16.6772 7.96622 7.85661 7.85661 
26.7692 8.04152 26.7385 14.6509 7.96982 7.91502 7.91502 
26.7298 8.29122 28.4938 12.3076 8.43331 7.8721 7.8721 
26.9028 8.11673 29.5899 11.3885 8.18777 7.90717 7.90717 
25.6465 8.73316 29.0226 11.9951 8.56543 8.01862 8.01862 
26.6042 8.25351 29.3523 11.6512 8.34632 7.89624 7.89624 
26.3384 8.08715 29.0326 12.5913 8.13356 7.90852 7.90852 
27.4549 8.22476 29.8473 10.9995 7.89953 7.78701 7.78701 
25.5696 8.22422 29.5618 13.0655 7.89713 7.84087 7.84087 
26.0705 8.11211 28.4952 13.5328 7.94857 7.92044 7.92044 
26.5165 7.98097 29.606 12.2271 7.8992 7.88513 7.88513 
23.8777 8.6365 30.5109 11.4233 8.81686 8.36735 8.36735 
22.8284 8.30598 31.2064 12.9202 8.39616 8.1714 8.1714 
24.252 8.20704 30.637 12.879 8.08321 7.97084 7.97084 
25.3913 8.01509 29.6042 13.2422 7.95317 7.89698 7.89698 
26.2499 7.92321 29.2599 12.9464 7.89225 7.86415 7.86415 
25.8872 7.80776 28.2663 14.69 7.79228 7.77823 7.77823 
23.7704 8.03774 30.6686 13.8411 8.03 7.82612 7.82612 
23.1057 8.34958 29.5075 15.3851 7.95201 7.85007 7.85007 
22.9726 8.80442 28.797 15.7172 8.14267 7.78306 7.78306 
21.7013 8.70328 27.4809 18.4321 8.01399 7.83418 7.83418 
23.4787 8.61785 28.2456 16.042 7.93191 7.84201 7.84201 
23.1299 9.04265 28.324 15.7133 7.96004 7.91509 7.91509 
23.9787 8.48684 28.4723 15.2704 7.94554 7.92306 7.92306 
23.6213 8.23648 28.8195 15.4477 7.96582 7.95459 7.95459 
21.9892 8.58252 28.874 16.831 7.91148 7.90586 7.90586 
21.9624 8.96868 28.6306 16.9639 7.82671 7.8239 7.8239 
23.0808 8.57687 28.0164 16.8449 7.82795 7.82654 7.82654 
24.3706 8.81674 27.5931 15.5923 7.87624 7.87553 7.87553 
26.8912 8.32994 28.339 12.8615 7.85969 7.85934 7.85934 
24.7943 8.77023 29.3011 13.5031 7.87721 7.87704 7.87704 
25.3364 8.37873 27.1106 15.3778 7.93222 7.93213 7.93213 
25.5395 8.14976 28.0768 14.1245 8.25654 7.92646 7.92646 
24.5796 8.06261 28.7623 14.5776 8.116 7.95096 7.95096 
26.0885 8.08975 28.1799 13.9446 7.9541 7.87158 7.87158 
28.0124 8.02576 27.7842 12.3863 7.95794 7.91668 7.91668 
27.847 8.33814 28.944 11.0375 7.95821 7.93758 7.93758 
25.7964 8.01522 30.86 11.8732 7.82526 7.81494 7.81494 
26.4831 8.15856 29.5809 12.163 7.87489 7.86974 7.86974 
27.5273 8.36499 28.4413 11.9545 7.9057 7.90312 7.90312 
26.3091 8.1825 28.7661 12.8864 7.95285 7.95156 7.95156 
25.6088 7.9374 29.5845 13.4029 7.82258 7.82193 7.82193 
25.1072 7.91192 28.0415 15.3765 7.85451 7.85418 7.85418 
27.9258 7.83945 27.7748 13.0281 7.81075 7.81059 7.81059 
27.8625 8.35988 26.8218 13.2708 8.15248 7.7663 7.7663 
27.0012 8.13131 28.9124 12.2585 8.02761 7.83452 7.83452 
26.5847 7.95974 29.5652 12.3598 7.90788 7.81134 7.81134 
26.7406 8.29021 29.6102 11.6971 7.91946 7.87119 7.87119 
26.874 8.52467 29.4036 11.8705 7.79185 7.76771 7.76771 
26.0553 8.20555 31.4211 10.8248 7.83914 7.82707 7.82707 
26.879 8.15683 29.8997 11.6624 7.80471 7.79867 7.79867 
26.3705 8.04393 28.5706 13.4174 7.86787 7.86485 7.86485 
25.8082 8.28426 29.859 11.9546 8.36016 7.86685 7.86685 
26.7831 8.23466 29.1644 12.0271 8.09467 7.84802 7.84802 
24.5523 9.02804 29.984 10.7011 8.95805 8.38829 8.38829 
24.997 8.93098 30.0097 11.5343 8.36595 8.08107 8.08107 
25.1231 8.4522 30.2872 11.9133 8.16969 8.02725 8.02725 
26.0563 8.20534 30.1955 11.493 8.06408 7.99286 7.99286 
27.096 8.00098 29.8435 11.3397 7.93035 7.89474 7.89474 
28.4548 7.88248 29.3628 10.6388 8.00244 7.82936 7.82936 
27.9458 8.27337 29.8438 10.193 7.97234 7.8858 7.8858 
28.008 7.99633 30.0096 10.3597 8.02126 7.80255 7.80255 
29.5103 7.95386 29.0871 9.76845 7.96632 7.85697 7.85697 
28.7087 7.96364 29.3276 10.1998 7.96987 7.9152 7.9152 
29.1627 7.98879 29.1237 10.3264 7.81769 7.79035 7.79035 
28.5952 8.83869 29.0947 9.83448 7.88808 7.87441 7.87441 
27.2008 8.29031 30.1925 10.885 7.81501 7.80817 7.80817 
28.4793 8.12439 29.1101 10.6328 7.88674 7.88333 7.88333 
28.2548 8.03947 28.7596 10.9982 8.11004 7.91894 7.91894 
28.1392 8.00204 29.424 10.5139 8.03732 7.94177 7.94177 
27.31 8.1822 29.172 11.8771 7.85141 7.80364 7.80364 
24.7103 9.11623 27.6513 11.7175 8.95083 8.92694 8.92694 
22.6291 10.2088 28.2092 13.0505 9.0987 8.40183 8.40183 
21.8324 10.1206 27.3732 16.0722 8.43285 8.08441 8.08441 
21.6423 9.02069 28.2081 16.947 8.17682 8.0026 8.0026 
21.1606 8.98565 29.3818 16.6525 8.10076 7.85933 7.85933 
22.5595 9.87477 28.059 15.6179 8.04343 7.92272 7.92272 
22.3713 8.98668 29.1703 15.9076 7.89496 7.8346 7.8346 
22.6552 8.6152 30.535 14.5846 7.89013 7.85995 7.85995 
25.8291 9.89673 28.7116 11.9751 7.87256 7.85747 7.85747 
26.8321 9.41572 28.617 11.4858 7.88817 7.88062 7.88062 
25.7777 9.3204 30.3601 11.0935 7.81862 7.81485 7.81485 
26.6268 9.13305 29.7168 10.8183 7.90292 7.90104 7.90104 
26.0312 8.57349 29.6668 12.2036 7.95843 7.78327 7.78327 
25.9434 8.65937 30.4227 11.2349 7.97161 7.88403 7.88403 
25.2297 9.49097 29.0823 12.7142 7.85677 7.81298 7.81298 
24.6611 9.36595 28.0725 14.2779 7.88878 7.86689 7.86689 
26.4944 9.11983 27.8588 12.941 7.86931 7.85836 7.85836 
26.7364 8.51675 29.2172 11.8662 7.89149 7.88601 7.88601 
25.6006 8.38682 29.2875 12.9667 7.92128 7.91854 7.91854 
27.0144 8.20679 29.025 12.3362 7.80679 7.80542 7.80542 
25.6936 8.22526 30.6415 11.9029 7.84605 7.84536 7.84536 
24.9633 8.25373 29.2778 13.7735 7.91075 7.91041 7.91041 
25.0667 8.2085 29.775 13.3493 7.86694 7.86677 7.86677 
26.0202 8.21609 30.0191 12.1023 7.88084 7.88075 7.88075 
26.7601 8.0143 29.072 12.6137 7.84667 7.84663 7.84663 
27.0625 8.39904 30.0766 11.0366 7.80847 7.80845 7.80845 
26.8764 8.11411 30.8746 9.96668 8.53057 7.81882 7.81882 
26.8852 8.60251 30.3994 10.097 8.24256 7.88668 7.88668 
14 14 14 14 14 14 14 
16.4828 14.4353 17.7759 14.4353 13.8966 10.9871 10.9871 
15.0343 17.7967 16.4603 16.6832 14.7434 9.39108 9.39108 
14.7264 17.9681 17.2999 17.6439 14.8135 8.64903 8.64903 
13.5844 16.703 17.9818 19.1906 15.9321 8.24157 8.24157 
11.863 18.1392 19.3682 18.2038 16.3387 8.01229 8.01229 
10.2947 18.3856 19.7077 19.951 15.8344 7.89766 7.89766 
10.6039 18.7697 19.6534 20.3318 14.9328 7.84638 7.84638 
10.0424 19.5428 20.0976 18.9695 15.5928 7.87353 7.87353 
10.8351 19.0737 18.7697 19.7173 15.8197 7.89025 7.89025 
10.0181 19.9485 19.0701 18.9386 16.1423 7.94028 7.94028 
10.991 19.4551 20.2574 18.2729 15.1817 7.92048 7.92048 
11.0637 19.1593 20.8105 17.6592 15.4318 7.93751 7.93751 
10.8436 18.933 20.105 19.4531 14.8752 7.89485 7.89485 
11.0956 17.6225 20.5726 19.4192 15.5937 7.84814 7.84814 
9.71445 16.5815 21.7728 21.0835 15.1166 7.86551 7.86551 
10.5949 16.2533 20.4883 20.8462 15.9892 7.91402 7.91402 
10.0811 15.6437 20.2669 22.0404 16.0812 7.94334 7.94334 
8.99658 15.8438 20.0236 22.3389 16.9417 7.92772 7.92772 
8.94794 15.7674 21.0188 20.7713 17.6043 7.94512 7.94512 
9.55298 16.5744 19.4259 21.2209 17.38 7.9229 7.9229 
8.69148 18.3543 18.2141 20.5657 18.4216 7.87644 7.87644 
8.29311 20.0324 18.0983 20.5899 17.2152 7.88559 7.88559 
9.03027 20.3651 19.1654 18.7833 16.8634 7.89628 7.89628 
8.89716 20.4072 18.6838 17.7063 18.5441 7.88073 7.88073 
9.13242 21.3277 19.7635 16.1131 17.82 7.92163 7.92163 
9.87799 19.6708 19.9279 16.948 17.8015 7.88691 7.88691 
9.05926 20.6372 19.4294 18.4963 16.6958 7.84101 7.84101 
9.50701 18.8028 20.122 18.8635 16.9452 7.87978 7.87978 
9.86978 19.1688 18.8982 18.6178 17.6586 7.89338 7.89338 
10.0954 20.1349 18.7381 19.4006 15.9394 7.84577 7.84577 
11.4458 19.4276 18.8477 20.1269 14.4863 7.83284 7.83284 
11.4873 19.2376 18.9477 19.2113 15.5138 7.80113 7.80113 
11.0254 18.1869 20.272 18.6432 16.0902 7.89118 7.89118 
11.2774 18.0346 20.3713 17.7922 16.6334 7.94559 7.94559 
12.0089 18.1519 21.8443 17.5499 14.5667 7.93914 7.93914 
11.4907 19.5498 20.5231 17.8772 14.6399 7.95959 7.95959 
11.5806 19.958 20.7879 17.4054 14.5282 7.86996 7.86996 
12.3497 18.2711 20.9137 18.4799 14.1948 7.89537 7.89537 
13.7861 16.981 20.41 18.7247 14.2403 7.92895 7.92895 
13.3333 17.624 19.1043 19.1984 14.8485 7.94574 7.94574 
12.5352 17.6148 20.9371 17.6978 15.2881 7.96348 7.96348 
12.2772 18.6632 19.483 17.8633 15.8171 7.94809 7.94809 
13.0693 16.6336 21.0039 17.7188 15.7056 7.93444 7.93444 
13.6431 15.7867 20.5019 19.2208 14.9612 7.94312 7.94312 
12.7252 16.4475 20.4919 21.0562 13.3842 7.94747 7.94747 
11.8914 17.118 19.8614 20.8646 14.3844 7.94008 7.94008 
10.1612 16.2873 19.5325 21.9077 16.2086 7.9513 7.9513 
10.0806 18.0187 18.8913 21.7039 15.3543 7.97565 7.97565 
10.5541 17.28 19.596 19.3732 17.4516 7.87254 7.87254 
9.79093 16.3946 21.3721 19.7561 16.9434 7.87145 7.87145 
9.69842 19.4042 19.9225 19.4839 15.7377 7.87661 7.87661 
9.27811 18.0937 21.0335 19.2991 16.4936 7.90101 7.90101 
9.44675 18.5421 21.3341 18.1832 16.6602 7.91685 7.91685 
10.3724 18.4056 21.6045 17.8656 15.9022 7.92477 7.92477 
11.0836 17.4079 20.5459 18.2918 16.7973 7.93674 7.93674 
11.2045 17.2582 20.3934 18.7845 16.4709 7.94428 7.94428 
12.5501 17.438 19.8741 17.2086 17.0444 7.94236 7.94236 
12.7702 18.8906 19.0057 17.3053 16.2428 7.89275 7.89275 
12.5409 18.8674 19.4275 18.326 15.1566 7.84085 7.84085 
11.1134 19.1196 20.4467 19.6342 13.9919 7.84713 7.84713 
11.0088 18.7353 21.6595 20.0565 12.714 7.91292 7.91292 
11.8163 18.6498 20.1119 21.1668 12.4214 7.91686 7.91686 
11.8487 17.9883 20.452 20.6082 13.2651 7.91883 7.91883 
11.6685 17.4798 21.3226 20.4869 13.2905 7.87586 7.87586 
11.5337 17.03 21.1535 19.8289 14.8059 7.82394 7.82394 
13.9033 16.2578 21.3379 18.7071 14.0959 7.84898 7.84898 
13.0741 15.1442 22.021 21.2158 12.7877 7.87857 7.87857 
13.1867 14.7332 21.6243 21.0938 13.555 7.90348 7.90348 
13.4115 16.71 20.7869 20.1429 13.2169 7.86588 7.86588 
11.9893 15.0561 20.0584 21.5405 15.5002 7.92779 7.92779 
11.3381 16.1794 20.589 20.0578 16.0198 7.90791 7.90791 
12.0015 16.6649 19.0016 19.5276 16.9809 7.91174 7.91174 
12.4607 15.3092 19.9659 21.1333 15.4672 7.83184 7.83184 
11.8141 14.8881 22.0388 20.7189 14.8402 7.84993 7.84993 
11.6322 15.9682 21.452 21.3009 13.9086 7.86899 7.86899 
11.6603 16.9452 22.9338 18.8323 13.9673 7.8306 7.8306 
11.4001 16.2446 22.2182 20.6856 13.8489 7.80131 7.80131 
13.3816 14.8262 23.6789 20.1193 12.3714 7.81127 7.81127 
15.4232 14.8779 23.2479 18.6512 12.1012 7.8493 7.8493 
15.006 15.6618 22.3667 19.0073 12.1514 7.90343 7.90343 
15.2778 16.1419 21.7731 17.6806 13.4483 7.83911 7.83911 
13.0054 16.4479 22.274 19.1806 13.3996 7.84626 7.84626 
12.5874 17.2187 22.9095 18.9818 12.5199 7.89138 7.89138 
12.6597 18.0258 21.6669 20.6315 11.1671 7.92447 7.92447 
11.7499 17.143 21.8091 21.9689 11.5456 7.89177 7.89177 
11.7333 17.0184 20.5776 22.2923 12.5848 7.89684 7.89684 
12.9895 17.7271 21.462 20.9227 11.1807 7.85904 7.85904 
12.0799 18.172 22.0342 20.1688 11.7074 7.91888 7.91888 
12.157 16.6658 21.2564 20.9887 13.0345 7.9488 7.9488 
12.3463 16.1677 22.0242 21.7479 11.7879 7.963 7.963 
13.2541 15.8873 23.1508 20.7005 11.2408 7.88324 7.88324 
14.984 14.6009 24.3233 19.6987 10.5779 7.90762 7.90762 
15.3351 14.7234 23.2261 21.0538 9.9108 7.87538 7.87538 
13.6042 15.673 22.2991 21.4768 11.1559 7.89547 7.89547 
12.626 16.0752 23.7916 21.3918 10.2655 7.92501 7.92501 
14.245 15.403 24.6437 18.7696 11.0817 7.92851 7.92851 
12.2949 13.736 26.1149 21.4537 10.7133 7.84357 7.84357 
14.6549 12.8381 25.2963 21.1746 10.4313 7.80238 7.80238 
15.0426 13.244 26.0013 19.341 10.8536 7.75876 7.75876 
17.2518 12.61 25.2761 18.9519 10.3669 7.77159 7.77159 
17.1165 12.1226 26.3173 18.9099 9.90045 7.81661 7.81661 
18.7888 11.3927 26.1269 18.1005 9.99345 7.7988 7.7988 
20.5055 10.967 26.1689 16.0303 10.5523 7.888 7.888 
22.935 10.5855 25.7667 15.3038 9.64932 7.87986 7.87986 
23.0389 10.0071 27.169 14.2233 9.6818 7.93993 7.93993 
22.4425 10.6958 27.2768 13.5732 10.0717 7.96997 7.96997 
22.6892 10.5467 28.1644 11.9854 10.6933 7.96052 7.96052 
22.3565 10.9281 28.0703 12.2427 10.7038 7.84931 7.84931 
22.6224 12.6848 26.1605 12.7971 9.98406 7.87561 7.87561 
21.7997 11.5148 28.1665 13.8698 9.01502 7.81711 7.81711 
21.7107 11.7634 26.846 15.043 9.01201 7.81246 7.81246 
22.7529 11.454 28.0314 13.395 8.72287 7.82189 7.82189 
22.9864 11.6093 27.1736 13.6634 9.0054 7.78092 7.78092 
24.3137 10.1316 28.1701 12.9215 8.98988 7.73661 7.73661 
23.4421 9.76799 28.3484 14.4545 8.41343 7.7868 7.7868 
22.8666 9.37316 28.1061 15.896 8.23149 7.76337 7.76337 
21.4333 9.30196 29.4377 15.948 8.11574 7.88168 7.88168 
20.49 8.61699 29.1664 17.4641 8.44881 7.90685 7.90685 
20.804 8.19048 27.782 18.3594 9.19335 7.83541 7.83541 
20.6824 7.98932 27.9097 18.9928 8.80228 7.81179 7.81179 
21.4354 9.00986 27.3287 17.855 8.65646 7.85726 7.85726 
20.7806 8.75021 28.1298 17.4181 9.20244 7.85945 7.85945 
20.6467 9.98408 26.7251 18.1642 8.92814 7.77588 7.77588 
19.9387 9.8737 27.8596 18.1058 8.45816 7.88202 7.88202 
20.7065 10.0651 28.1926 17.3862 8.07523 7.78716 7.78716 
20.9452 10.017 28.4265 17.1043 7.9317 7.78766 7.78766 
19.5217 9.45633 27.8636 19.135 8.26033 7.88156 7.88156 
20.7031 8.98348 28.2175 17.9262 8.38548 7.89215 7.89215 
19.3816 9.34124 28.49 17.826 9.37669 7.79223 7.79223 
19.9472 8.83729 28.3476 18.8489 8.5345 7.74227 7.74227 
19.5515 8.63942 28.9465 19.1647 8.16335 7.76724 7.76724 
21.4815 8.66754 27.8512 18.1108 8.4295 7.72977 7.72977 
21.8329 8.59998 28.2601 17.5878 8.13967 7.7898 7.7898 
22.4434 8.19221 28.3516 17.1771 8.26145 7.78712 7.78712 
22.0325 8.31908 27.5204 17.2034 9.36721 7.77869 7.77869 
22.5163 8.65954 28.4269 15.7684 8.85027 7.88935 7.88935 
23.4203 8.53397 28.4777 15.2415 8.62934 7.84858 7.84858 
22.7134 8.15048 29.9346 15.226 8.35998 7.80778 7.80778 
22.7764 8.08759 30.0908 15.4833 8.03801 7.76192 7.76192 
23.0161 8.0305 28.5005 16.7118 8.00572 7.86767 7.86767 
23.8556 8.74086 26.9027 15.3681 9.33822 7.89725 7.89725 
24.0439 8.97794 29.151 12.9741 9.10597 7.87354 7.87354 
25.0881 8.67015 30.0807 12.062 8.55995 7.76952 7.76952 
25.007 8.48938 30.3223 11.9657 8.73102 7.74233 7.74233 
26.6269 9.27716 28.7975 11.5023 8.26161 7.76727 7.76727 
26.4169 8.77651 29.7436 11.2684 8.09632 7.84915 7.84915 
27.3594 8.31907 30.2806 10.3512 7.97898 7.85539 7.85539 
25.992 8.06344 29.855 12.533 7.89339 7.8316 7.8316 
25.1713 7.92782 29.3756 14.0587 7.8428 7.8119 7.8119 
24.3504 8.28917 27.8366 15.6799 8.07365 7.88519 7.88519 
22.7861 8.00311 27.9054 17.8078 7.89535 7.80112 7.80112 
21.4862 7.88354 29.0148 18.2207 7.82966 7.78255 7.78255 
21.6275 7.85334 28.7931 18.1239 7.99646 7.80284 7.80284 
22.3893 7.78519 27.4191 19.0298 7.85675 7.75994 7.75994 
23.1879 8.45341 28.2366 16.7784 7.81351 7.7651 7.7651 
23.7734 8.23311 28.7016 16.0815 7.75291 7.72871 7.72871 
24.9092 7.97508 28.3379 15.597 7.73498 7.72287 7.72287 
24.4821 7.93943 28.0865 16.0459 7.81938 7.81333 7.81333 
24.4205 8.61715 28.9471 14.5935 7.9161 7.75282 7.75282 
24.0659 8.94775 28.9065 14.5132 7.90994 7.8283 7.8283 
24.0401 8.77495 29.1486 14.4251 7.89762 7.8568 7.8568 
25.5013 8.65369 29.4207 12.8439 7.87373 7.85332 7.85332 
24.696 8.25176 30.922 12.0534 8.37372 7.85157 7.85157 
25.1639 8.2775 29.1794 13.4274 8.15798 7.89691 7.89691 
25.5783 8.10987 27.7666 14.6559 8.05011 7.91957 7.91957 
25.7175 7.94902 28.8366 13.87 7.91914 7.85387 7.85387 
24.0991 9.01327 31.4725 11.78 8.02934 7.8029 7.8029 
22.6705 8.4282 31.0958 14.2233 7.93624 7.82302 7.82302 
24.0949 8.3684 29.7912 14.3817 7.82568 7.76908 7.76908 
24.9758 8.23405 30.0046 13.4214 7.80692 7.77862 7.77862 
24.7065 7.97554 28.9895 15.0708 7.76198 7.74783 7.74783 
25.0021 8.00563 30.2685 13.4878 7.75004 7.74296 7.74296 
23.8647 8.19862 31.7427 12.8628 7.896 7.71764 7.71764 
26.0349 8.10572 29.8136 12.8416 7.79415 7.70497 7.70497 
26.1668 7.94896 29.8419 12.752 7.79318 7.74859 7.74859 
26.352 8.34341 30.2931 11.0686 8.42733 7.75779 7.75779 
25.5886 8.54234 31.5801 10.779 8.05982 7.72505 7.72505 
27.5484 8.20559 29.5606 11.1272 7.96434 7.79695 7.79695 
27.5513 7.97277 29.4862 11.6008 7.85214 7.76844 7.76844 
26.2341 7.97309 29.361 12.7771 7.91278 7.87093 7.87093 
25.9157 7.91146 28.1617 14.2384 8.05195 7.86038 7.86038 
25.0384 8.48593 27.5037 15.5085 7.88504 7.78925 7.78925 
25.4405 8.55008 28.7331 13.5595 8.06237 7.82721 7.82721 
25.5149 8.8205 29.013 13.177 7.90324 7.78566 7.78566 
24.9687 8.37064 30.0181 13.0242 7.91202 7.85323 7.85323 
23.7939 8.20318 30.4852 13.9526 7.97386 7.79566 7.79566 
23.6157 8.00784 28.5239 15.8825 8.36193 7.80408 7.80408 
25.1949 7.87489 27.8103 15.5219 8.05193 7.77301 7.77301 
25.9846 7.80841 28.4213 14.3739 7.89693 7.75747 7.75747 
24.1544 7.87974 28.5837 15.7496 7.924 7.85427 7.85427 
24.3321 7.86144 27.6906 16.5349 7.88357 7.8487 7.8487 
24.7814 8.8538 27.2299 14.729 8.55717 7.92435 7.92435 
24.0412 9.92852 28.1781 13.6752 8.4857 7.84567 7.84567 
24.9345 9.43446 27.3341 14.2879 8.21636 7.89635 7.89635 
24.5478 8.91186 29.2711 13.6876 7.96724 7.80723 7.80723 
24.1641 8.57178 28.9648 14.3133 8.25191 7.86703 7.86703 
24.3007 8.14441 28.9519 14.8737 8.14525 7.79204 7.79204 
25.6504 8.07221 29.1426 13.2702 8.07262 7.89602 7.89602 
25.6264 9.00598 29.0291 12.358 8.25318 7.86367 7.86367 
26.763 8.89171 27.9942 12.6053 8.04509 7.85033 7.85033 
25.9654 9.81498 28.93 11.8396 7.8816 7.78423 7.78423 
24.1628 10.8081 30.3035 11.3546 7.82279 7.7741 7.7741 
24.0343 10.2862 30.3033 12.0746 7.78345 7.7591 7.7591 
24.8418 9.03921 28.6257 14.1542 7.78783 7.77566 7.77566 
26.8249 8.49311 27.2267 13.8652 7.86742 7.86134 7.86134 
25.7636 8.41322 27.8991 14.5219 7.80276 7.79972 7.79972 
25.1301 8.40124 28.7146 14.1401 8.09601 7.75892 7.75892 
25.5944 8.10942 28.6896 13.9105 8.11967 7.78825 7.78825 
24.3016 8.03701 28.0616 15.8048 8.04213 7.87643 7.87643 
24.695 8.78882 29.2251 13.7328 7.90799 7.82514 7.82514 
24.803 8.66487 28.4916 14.1618 8.22446 7.82716 7.82716 
24.9417 8.5125 29.8406 13.1902 7.97075 7.7721 7.7721 
24.6999 9.20981 28.8522 13.0967 8.62934 7.75602 7.75602 
24.1049 9.90292 27.8367 13.8331 8.6193 7.85152 7.85152 
25.0154 9.32856 28.7332 12.6405 8.68676 7.79781 7.79781 
25.0455 9.34706 28.566 12.9668 8.42193 7.8264 7.8264 
25.5098 8.73197 28.0817 13.9509 8.10707 7.8093 7.8093 
24.3184 8.60051 29.3503 14.1416 7.96233 7.81345 7.81345 
24.064 9.50859 29.1097 13.916 7.85021 7.77577 7.77577 
23.778 8.88128 29.158 14.5771 7.89336 7.85614 7.85614 
24.7289 8.97236 28.7784 13.9351 7.87417 7.85556 7.85556 
25.8693 10.1132 27.5725 13.0769 7.79561 7.7863 7.7863 
24.8394 10.6688 29.2624 11.1303 8.48964 7.80472 7.80472 
25.976 10.264 29.7721 9.96654 8.47017 7.7756 7.7756 
26.7585 9.72216 29.968 9.73737 8.16951 7.82222 7.82222 
26.4096 9.25502 29.8325 10.7778 8.02415 7.85051 7.85051 
26.7183 9.0194 31.1325 9.61186 7.89721 7.81039 7.81039 
28.4717 8.52899 30.6788 8.98599 7.80713 7.76372 7.76372 
28.3463 8.25223 29.1431 10.628 7.89129 7.86959 7.86959 
28.1307 8.01304 28.7058 11.4977 8.00925 7.82172 7.82172 
24.6381 9.29286 28.4498 12.3568 8.63018 8.31615 8.31615 
24.0537 9.0682 28.8508 13.3213 8.56679 8.06964 8.06964 
24.6075 9.37281 28.4576 12.6284 9.1221 7.90579 7.90579 
24.9317 8.78197 29.0752 12.7988 8.65662 7.87781 7.87781 
25.8438 8.23714 28.5844 13.59 8.17446 7.78506 7.78506 
24.8405 8.47903 30.2806 12.609 8.157 7.81695 7.81695 
22.9287 8.30731 29.0386 16.135 7.9768 7.80678 7.80678 
22.3058 8.03715 28.597 17.6144 7.8719 7.78688 7.78688 
22.4227 9.09794 29.3779 15.4739 7.9042 7.8617 7.8617 
22.5321 8.47979 28.5254 16.8564 7.88292 7.86167 7.86167 
22.3582 8.33546 29.1091 16.6193 7.86637 7.85575 7.85575 
24.4232 8.03678 28.0962 15.4525 8.39747 7.79692 7.79692 
25.0102 8.2846 28.0413 14.8935 8.12365 7.82338 7.82338 
24.9165 8.22031 29.9781 13.2978 7.96253 7.8124 7.8124 
26.4385 8.55095 28.3114 13.0634 7.92864 7.85357 7.85357 
26.7136 8.25275 27.3659 13.9181 7.94159 7.90406 7.90406 
27.3568 8.79304 27.5163 12.459 7.9708 7.95203 7.95203 
26.7066 9.15004 29.7793 10.6309 8.03469 7.84925 7.84925 
25.8533 8.44407 30.0682 12.1607 7.88639 7.79367 7.79367 
25.8396 9.02684 27.7969 13.8882 7.8471 7.80074 7.80074 
26.1985 9.59539 27.6689 12.8457 8.02191 7.8348 7.8348 
24.798 9.9259 30.3409 10.4293 8.9789 7.76355 7.76355 
25.7996 9.5739 29.5797 11.1224 8.37994 7.77227 7.77227 
25.0873 8.84945 29.1648 13.2175 8.09622 7.79238 7.79238 
26.7652 8.31694 28.9537 12.4471 7.94033 7.78841 7.78841 
25.6903 9.38924 27.7076 13.3004 8.12401 7.8942 7.8942 
24.0696 8.77625 30.7926 11.3441 8.95996 8.02873 8.02873 
23.2417 8.35364 30.0515 13.9479 8.4455 7.97988 7.97988 
25.1106 8.13577 28.3688 14.3053 8.18169 7.94889 7.94889 
26.6967 8.27664 28.4942 12.8766 7.9629 7.8465 7.8465 
28.1135 8.33295 28.6766 11.4718 7.84051 7.78231 7.78231 
28.0567 8.33314 29.1716 10.7359 7.92026 7.89115 7.89115 
26.7319 8.8897 29.2438 11.5569 7.86892 7.85437 7.85437 
26.6058 8.33893 28.4848 13.0993 7.82854 7.82127 7.82127 
26.5816 8.10389 28.1768 13.5988 7.8487 7.84506 7.84506 
26.5936 8.33329 28.3086 13.0685 7.89988 7.89807 7.89807 
14 14 14 14 14 14 14 
17.3982 13.4159 15.5177 15.0752 15.6283 10.9823 10.9823 
16.2506 16.2045 16.7978 15.2035 16.281 9.38131 9.38131 
14.5442 16.7734 18.4214 15.4846 17.2621 8.6321 8.6321 
14.1371 18.341 17.2199 15.9803 17.7844 8.20621 8.20621 
12.8422 18.6393 17.6169 17.9209 16.8599 8.0292 8.0292 
10.4843 20.6063 18.0635 18.667 16.2177 7.96494 7.96494 
10.4385 19.541 18.7315 19.6106 15.8456 7.90857 7.90857 
9.65382 20.6353 18.7893 19.3397 15.6833 7.94541 7.94541 
10.1264 19.3038 19.9937 18.5408 16.2518 7.88976 7.88976 
9.97394 18.6921 19.4835 19.315 16.8313 7.85113 7.85113 
9.64606 20.0279 18.3781 19.8848 16.2565 7.90284 7.90284 
9.18545 18.8506 20.2629 20.4569 15.5108 7.86641 7.86641 
11.4273 18.2982 19.6039 19.7009 15.1895 7.89004 7.89004 
11.1824 17.8545 20.7394 18.6674 15.8537 7.85127 7.85127 
11.4665 17.6802 19.4824 19.2857 16.3201 7.88247 7.88247 
11.3894 18.003 19.1304 20.3895 15.2868 7.90051 7.90051 
12.7259 16.4792 19.6098 18.2305 17.2416 7.85651 7.85651 
11.4305 17.9243 20.3905 17.7864 16.7289 7.86969 7.86969 
11.2457 18.5558 18.9989 17.3582 18.071 7.88519 7.88519 
10.2632 17.8626 20.5203 19.816 15.764 7.88691 7.88691 
10.2385 18.195 21.4241 19.528 14.8891 7.86269 7.86269 
10.9228 18.2493 21.2031 18.9158 15.0339 7.8376 7.8376 
10.4865 17.6673 22.4106 19.1312 14.6777 7.81327 7.81327 
9.94126 18.7889 20.042 20.975 14.6096 7.82162 7.82162 
9.24616 20.0833 20.4723 20.345 14.1931 7.83005 7.83005 
9.98838 18.4891 21.5375 19.9898 14.1742 7.91046 7.91046 
10.715 18.1691 20.3797 20.2924 14.753 7.84539 7.84539 
10.782 19.344 19.1521 19.4622 15.6312 7.8142 7.8142 
10.4485 20.0168 18.6565 19.8461 15.4018 7.81515 7.81515 
9.21968 20.2824 19.8305 19.0555 15.8059 7.90301 7.90301 
8.58711 19.2321 20.3698 20.4368 15.5166 7.92878 7.92878 
8.26552 20.1301 20.9326 19.9147 14.8845 7.93635 7.93635 
10.3828 18.0511 20.5357 20.837 14.3867 7.90336 7.90336 
10.6708 18.6146 20.7701 20.0075 14.0427 7.94711 7.94711 
9.28278 19.1159 20.6722 21.9655 13.1218 7.92093 7.92093 
9.60828 19.9332 20.1595 20.6958 13.7353 7.93397 7.93397 
10.3077 20.154 20.3842 19.4814 13.7763 7.94825 7.94825 
10.0719 18.8592 20.7307 20.3964 14.031 7.95539 7.95539 
10.2369 19.7133 20.7673 19.8909 13.6349 7.8784 7.8784 
10.3317 18.7429 21.1656 20.4905 13.571 7.84915 7.84915 
9.84211 18.2444 20.7747 20.9167 14.4594 7.88141 7.88141 
9.63804 18.9099 21.3543 20.1282 14.3052 7.83222 7.83222 
9.44865 19.0614 22.5985 19.902 13.2868 7.85129 7.85129 
8.85054 19.2395 21.372 21.4801 13.4395 7.80914 7.80914 
9.02297 19.6197 21.3757 21.4297 12.9267 7.81262 7.81262 
9.65503 19.6185 22.4103 19.9254 12.6834 7.85368 7.85368 
10.0587 18.9333 24.5872 18.2352 12.5461 7.81978 7.81978 
11.1543 19.8417 22.1686 18.9926 12.023 7.90989 7.90989 
11.1193 21.1257 21.3253 18.7734 11.7947 7.93085 7.93085 
11.9011 18.2458 22.6138 18.655 12.8485 7.86786 7.86786 
11.6156 19.4677 22.2675 18.3176 12.5819 7.87482 7.87482 
12.4294 17.9771 22.0797 19.1588 12.6423 7.85633 7.85633 
13.044 17.891 22.5033 18.8477 12.0529 7.8306 7.8306 
13.2308 17.1733 23.2769 18.9175 11.7226 7.83935 7.83935 
14.7862 15.294 23.1019 17.5075 13.6662 7.82212 7.82212 
14.0597 14.9089 22.3843 18.3966 14.5712 7.83963 7.83963 
13.6549 13.3294 23.3171 19.1983 14.6606 7.91981 7.91981 
13.5363 12.9938 23.6839 20.865 13.1531 7.88396 7.88396 
13.0635 14.003 23.3432 20.4809 13.2351 7.93714 7.93714 
12.7818 15.5799 21.3529 20.7797 13.7254 7.89014 7.89014 
11.7027 17.0278 21.9929 19.8587 13.6756 7.87117 7.87117 
11.141 17.456 22.8352 19.753 13.135 7.83986 7.83986 
10.9055 18.1573 22.9561 19.9261 12.2747 7.89016 7.89016 
11.619 19.2663 21.3976 20.6869 11.3652 7.83248 7.83248 
12.0595 18.8832 22.0738 21.4685 9.68262 7.91624 7.91624 
11.2065 18.0274 22.2743 21.8453 10.9019 7.87226 7.87226 
11.686 16.0697 22.6943 22.1149 11.777 7.82907 7.82907 
10.8305 15.6408 23.816 21.6559 12.2476 7.90456 7.90456 
11.3935 14.6139 24.8156 22.5128 10.8792 7.8925 7.8925 
11.7289 14.1434 24.3381 22.9186 11.2037 7.83365 7.83365 
11.6043 13.5768 24.669 23.7042 10.7039 7.87091 7.87091 
11.9718 13.8578 25.188 23.0346 10.1077 7.92003 7.92003 
12.315 14.5238 23.2269 23.0363 11.1298 7.88407 7.88407 
10.7481 15.5746 22.0353 23.801 12.0165 7.91226 7.91226 
11.6404 15.3591 23.8114 22.4749 10.9691 7.87258 7.87258 
11.8686 17.0881 22.6584 21.7213 10.9953 7.83414 7.83414 
11.9949 16.7511 23.1979 21.4667 10.9269 7.83121 7.83121 
12.7332 17.0543 22.2207 21.6142 10.7744 7.80162 7.80162 
13.637 16.1802 24.5032 19.0979 10.8719 7.85489 7.85489 
13.0361 15.344 23.521 21.0775 11.3945 7.81346 7.81346 
13.8125 14.9664 23.0337 20.3531 12.0633 7.88551 7.88551 
13.3877 15.4197 23.2893 21.1554 10.9258 7.91101 7.91101 
13.0097 14.9467 23.2236 22.5514 10.4629 7.90287 7.90287 
12.9017 14.7841 22.839 22.3723 11.3672 7.86789 7.86789 
12.0827 14.947 22.8206 22.3125 12.0023 7.91746 7.91746 
11.479 13.309 24.275 23.3579 11.7041 7.93751 7.93751 
11.5036 12.2845 26.6147 21.8666 12.0183 7.85615 7.85615 
12.5954 13.8238 23.0839 22.5255 12.294 7.83869 7.83869 
12.0354 14.289 23.9736 22.3283 11.6115 7.88109 7.88109 
12.1674 15.7006 24.1526 21.0572 11.287 7.81755 7.81755 
13.8778 13.8797 24.4292 21.411 10.6435 7.87936 7.87936 
14.1611 13.8843 24.1591 21.261 10.8773 7.82857 7.82857 
14.9135 13.8612 24.3511 20.5522 10.6606 7.83073 7.83073 
13.6898 13.1637 24.0997 21.9292 11.4279 7.84491 7.84491 
14.3948 13.277 25.0128 20.7937 10.6997 7.91106 7.91106 
15.114 13.3052 24.312 21.3691 10.211 7.84442 7.84442 
14.7994 11.9451 24.4122 22.8015 10.398 7.82193 7.82193 
14.5425 11.6273 25.8966 22.8591 9.51445 7.78001 7.78001 
14.3115 11.5608 26.023 22.2054 10.3607 7.76932 7.76932 
13.746 11.3678 25.7622 23.9967 9.6216 7.75285 7.75285 
13.8463 11.1735 26.8277 22.3841 10.3004 7.73399 7.73399 
12.8722 10.8275 26.3034 23.7983 10.5326 7.833 7.833 
12.7411 12.3053 25.615 23.1895 10.3983 7.87545 7.87545 
14.878 13.0183 25.7926 20.4007 10.2738 7.81832 7.81832 
14.9527 12.6567 26.1477 20.173 10.3281 7.87091 7.87091 
15.2888 11.0158 28.3863 20.5553 9.07032 7.8417 7.8417 
16.5033 10.1626 26.9559 22.1395 8.58921 7.82476 7.82476 
17.5374 9.93843 28.0494 20.3555 8.29461 7.91238 7.91238 
18.0854 10.0934 27.534 20.1156 8.49513 7.83818 7.83818 
19.7115 10.7792 27.302 17.8604 8.54693 7.89998 7.89998 
17.8137 10.9452 28.8162 18.5398 8.17737 7.85389 7.85389 
20.0514 11.1955 26.9081 17.8542 8.30555 7.84261 7.84261 
19.249 10.9375 26.8845 17.9886 9.33077 7.8048 7.8048 
19.3648 10.9883 27.4033 17.9229 8.72383 7.7985 7.7985 
17.8112 10.8622 28.5789 18.3173 8.65639 7.88698 7.88698 
19.3707 10.2484 27.0802 18.7932 8.64713 7.9302 7.9302 
18.3007 9.89342 26.9247 20.6274 8.32357 7.9651 7.9651 
20.4356 9.80565 26.942 18.4642 8.5505 7.90105 7.90105 
21.6548 9.59491 26.5208 17.8831 8.52745 7.90947 7.90947 
21.5636 9.55205 26.7574 17.9906 8.25145 7.94246 7.94246 
20.2492 9.50975 26.9881 19.2024 8.11981 7.96531 7.96531 
18.3582 9.8447 29.6617 18.4335 7.95212 7.87487 7.87487 
19.2999 9.15196 28.5771 19.3376 7.90355 7.86493 7.86493 
19.4687 9.40981 27.1284 20.0918 8.18138 7.85996 7.85996 
19.3783 9.74942 27.3624 19.0963 8.83847 7.78755 7.78755 
21.2012 10.0293 28.6297 15.5619 8.88659 7.84566 7.84566 
23.9877 9.04693 29.4761 13.5874 8.31426 7.7938 7.7938 
26.0125 9.35213 28.9125 11.7781 8.36274 7.79098 7.79098 
26.3503 9.98153 28.7649 11.3553 8.03989 7.75401 7.75401 
26.8388 8.89467 28.7969 11.984 7.92385 7.78091 7.78091 
25.6321 9.47607 29.6283 11.8828 7.84123 7.76977 7.76977 
26.9465 8.7753 29.2552 11.6867 7.8026 7.76687 7.76687 
26.5235 8.31847 29.4075 12.2899 7.83212 7.81425 7.81425 
25.1079 8.92847 28.5499 13.6834 7.91606 7.90713 7.90713 
24.4158 9.26904 29.1398 13.2982 8.16223 7.85747 7.85747 
24.0135 8.80119 29.1532 13.9407 8.24778 7.92179 7.92179 
24.424 8.87079 29.6428 13.0962 8.0974 7.9344 7.9344 
24.6405 8.4354 29.1071 13.691 8.19156 7.9672 7.9672 
24.2408 8.19121 29.4542 14.1302 8.06929 7.95711 7.95711 
23.7768 8.08333 27.7639 16.421 8.02237 7.96629 7.96629 
24.4712 8.01518 26.9614 16.1575 8.48139 7.95665 7.95665 
21.5799 9.58136 29.5463 15.2919 8.17512 7.91275 7.91275 
21.7077 8.9046 28.0643 17.4561 8.04326 7.91207 7.91207 
21.7029 8.38312 28.6548 17.5331 7.95245 7.88685 7.88685 
23.0641 8.93294 27.4021 17.0999 7.85553 7.82274 7.82274 
21.9682 8.36055 28.6543 17.5842 7.82185 7.80545 7.80545 
22.5226 8.18669 28.59 17.4459 7.75708 7.74888 7.74888 
23.5518 8.00396 29.5185 15.5665 7.78915 7.78505 7.78505 
23.2237 8.04238 30.5841 14.854 7.76663 7.76458 7.76458 
24.527 8.08023 29.4987 14.6226 7.75785 7.75683 7.75683 
23.7259 8.58557 29.5715 14.4259 8.02912 7.83098 7.83098 
24.0144 9.07366 28.73 13.9859 8.19783 8.09876 7.89956 
26.0866 8.50795 28.0834 12.9496 8.43104 8.0205 7.9209 
23.8889 9.21721 30.5858 11.9895 8.62729 7.87054 7.82074 
23.729 8.81736 28.9293 14.749 8.1857 7.80733 7.78243 
25.2714 8.50963 28.9757 13.3682 8.1938 7.84688 7.83443 
24.3344 8.58174 29.3917 13.7354 8.42382 7.76959 7.76337 
24.9919 8.51165 28.9816 13.8482 8.10801 7.7809 7.77779 
25.6716 9.15447 29.3556 12.3295 7.93914 7.77559 7.77403 
25.9627 9.00201 28.9846 11.7695 8.54184 7.87009 7.86932 
26.727 8.62472 29.7844 10.6957 8.39463 7.88694 7.88655 
28.673 8.22115 29.713 9.58239 8.10611 7.85226 7.85207 
29.4793 8.11058 28.428 9.64834 8.48163 7.92613 7.92603 
28.4063 8.22196 30.3806 8.82417 8.24081 7.96307 7.96302 
28.4889 8.33176 30.4501 8.95754 8.01651 7.87764 7.87761 
28.1498 8.75168 27.799 11.4314 8.00234 7.9329 7.93289 
27.1117 8.36357 28.1633 12.4642 7.9889 7.95418 7.95417 
25.8365 8.21687 30.222 12.197 7.8541 7.83674 7.83674 
25.9117 8.38475 29.2557 12.8419 7.87442 7.86574 7.86574 
23.9853 9.04532 29.0396 13.7739 8.34897 7.90346 7.90346 
23.826 9.68933 28.3532 14.0536 8.17449 7.95173 7.95173 
25.8586 9.4365 28.2922 12.6391 7.99881 7.88743 7.88743 
26.1195 8.85935 29.1768 11.9944 7.98713 7.93144 7.93144 
25.282 8.39793 29.3503 13.14 7.96182 7.93398 7.93398 
25.886 8.17248 30.0725 12.0336 7.95442 7.9405 7.9405 
25.6623 8.03361 30.0947 12.4495 7.92458 7.91762 7.91762 
24.8749 8.57885 30.0109 12.9766 7.97689 7.79093 7.79093 
25.0203 8.26293 29.2438 13.7731 7.96195 7.86897 7.86897 
25.1436 8.04606 30.6362 12.4025 8.0735 7.84908 7.84908 
23.6012 8.28773 30.024 14.2895 8.00734 7.89513 7.89513 
24.2156 8.05543 28.7875 15.308 7.91523 7.85913 7.85913 
25.1286 8.02077 27.4146 15.6401 7.95067 7.92262 7.92262 
26.1595 7.93788 28.0577 14.1645 7.90283 7.8888 7.8888 
25.2009 8.13561 29.5592 12.7641 8.49687 7.92167 7.92167 
25.8047 7.94104 30.9768 11.3116 8.29773 7.83408 7.83408 
24.829 7.94606 29.7086 13.6069 8.1244 7.89257 7.89257 
25.631 8.59086 28.7078 13.1729 8.04309 7.92718 7.92718 
26.8833 8.53272 29.4386 11.1627 8.25883 7.86189 7.86189 
25.7631 8.55207 31.3265 10.5814 8.05799 7.85952 7.85952 
24.2051 8.24663 32.1338 11.6142 7.99958 7.90035 7.90035 
25.8313 8.02162 29.6262 12.9257 7.8981 7.84848 7.84848 
26.6862 7.94524 28.5836 13.1842 7.88347 7.85867 7.85867 
26.6158 7.97262 28.2918 13.3194 7.94174 7.92933 7.92933 
25.7634 8.25677 29.2705 13.0654 7.88546 7.87926 7.87926 
24.5418 8.47621 30.4455 12.8568 7.8953 7.8922 7.8922 
25.9073 8.40477 29.4273 12.1102 8.30371 7.92337 7.92337 
25.3042 8.58486 29.2555 12.828 8.13592 7.94575 7.94575 
23.2026 8.87958 30.377 13.6006 8.04349 7.94841 7.94841 
23.7723 8.38716 31.3069 12.7213 7.96912 7.92157 7.92157 
25.4425 8.06682 29.2098 13.4029 8.20991 7.83403 7.83403 
25.3352 8.13675 28.8906 13.8443 8.05632 7.86838 7.86838 
24.2689 7.98995 29.1512 14.9287 7.94973 7.85576 7.85576 
24.4479 8.09945 30.0607 13.6211 8.07934 7.84579 7.84579 
24.3119 8.44533 29.6823 13.9534 8.06898 7.76905 7.76905 
22.6423 8.17403 28.671 16.8551 7.98586 7.83589 7.83589 
22.931 7.95699 28.4222 17.2511 7.8629 7.78792 7.78792 
24.7634 7.8792 28.5728 15.3631 7.83216 7.79467 7.79467 
25.3447 9.15846 28.9329 12.5637 8.46153 7.76939 7.76939 
25.9451 8.57923 29.3755 11.9182 8.41258 7.88469 7.88469 
24.9416 8.53672 31.4831 11.1715 8.26035 7.80335 7.80335 
24.3352 8.16666 30.1483 13.3823 8.36746 7.79998 7.79998 
25.4185 8.32361 28.5017 13.7583 8.42401 7.78692 7.78692 
24.5514 8.10918 28.1606 15.3378 8.15938 7.84083 7.84083 
23.0555 8.8711 26.695 15.2377 9.12556 8.50757 8.50757 
23.1737 8.47282 27.7885 15.8487 8.44477 8.13577 8.13577 
24.615 8.10965 28.3309 14.9666 8.09562 7.94113 7.94113 
23.546 8.64198 27.2388 14.1347 9.32304 8.55772 8.55772 
22.0119 8.2459 28.9778 15.5998 8.75708 8.20377 8.20377 
23.0998 8.09407 28.5683 15.3811 8.71067 8.07301 8.07301 
24.9428 7.97561 28.3913 14.4763 8.28391 7.96507 7.96507 
25.5077 8.77328 28.057 13.5088 8.26737 7.94293 7.94293 
25.3892 8.53827 28.2884 13.7941 8.1048 7.94259 7.94259 
26.3807 8.10125 29.2902 12.3715 8.24948 7.80341 7.80341 
26.4413 8.82094 29.6628 11.4861 8.01167 7.78863 7.78863 
25.6367 9.27624 28.5898 12.2867 8.70382 7.75338 7.75338 
26.0479 8.72372 29.2754 11.5908 8.82662 7.76774 7.76774 
25.3915 8.42547 28.4186 13.5693 8.65359 7.7708 7.7708 
25.7325 8.20046 29.7001 12.3061 8.31453 7.87313 7.87313 
27.9284 7.98222 28.5147 11.8984 8.03925 7.81855 7.81855 
27.4257 7.83726 31.2154 10.145 7.86578 7.75543 7.75543 
27.8695 7.83429 30.2161 10.6448 7.84855 7.79338 7.79338 
27.9816 7.7633 29.3221 11.5097 7.93765 7.74284 7.74284 
26.2398 8.70093 30.3237 10.7749 8.18569 7.88749 7.88749 
26.8745 8.62556 29.1024 11.7072 7.99619 7.84709 7.84709 
25.975 8.69344 28.5995 13.1043 7.92559 7.85104 7.85104 
26.2018 8.27529 29.2998 12.445 8.06994 7.85409 7.85409 
25.7468 9.00146 29.6304 12.0591 7.92602 7.8181 7.8181 
25.9575 8.70634 29.6127 11.3255 8.79167 7.80313 7.80313 
25.8939 8.59671 29.751 11.3823 8.82388 7.7761 7.7761 
26.4362 8.97461 29.264 11.2667 8.36877 7.84489 7.84489 
24.5899 9.72196 31.058 10.507 8.15551 8.07407 7.89356 
25.3458 9.77624 29.2578 11.8637 7.97606 7.93534 7.84509 
25.8308 9.49338 27.4579 13.4976 7.9354 7.91504 7.86991 
25.6244 8.76007 27.943 14.2739 7.81385 7.80367 7.78111 
27.0765 8.43409 28.3859 12.6925 7.81083 7.80574 7.79446 
27.6991 8.7625 28.3538 11.7658 7.92639 7.74902 7.74338 
27.6607 8.75188 29.9112 10.4284 7.80935 7.72067 7.71785 
25.6998 8.23351 30.831 11.7424 8.05898 7.7179 7.71649 
24.9189 8.08227 28.6913 14.6643 7.99501 7.82447 7.82376 
23.4669 8.14561 29.4576 15.168 8.10198 7.83014 7.82979 
23.1316 8.02417 29.7744 15.3347 8.00236 7.86644 7.86626 
24.02 8.22454 31.0044 13.345 7.84733 7.77937 7.77929 
24.3388 8.05063 29.5433 14.5492 7.86202 7.82804 7.828 
26.3834 7.87147 28.8185 13.6291 7.77717 7.76018 7.76015 
26.0444 8.48119 29.9265 12.1437 7.80708 7.79858 7.79857 
27.0544 8.11156 29.1568 12.0396 8.09709 7.77026 7.77025 
27.0865 7.95409 29.8326 11.4435 8.11634 7.78343 7.78343 
28.0494 7.83507 29.7311 10.9687 7.91619 7.74974 7.74974 
27.9048 7.86075 30.0075 10.3739 8.21677 7.81809 7.81809 
27.9135 7.82648 29.4518 11.1935 8.00449 7.80515 7.80515 
27.6066 7.77081 29.1176 12.1249 7.85981 7.76014 7.76014 
26.3033 7.99499 29.6273 12.3981 8.03949 7.81843 7.81843 
26.848 8.28793 28.015 13.1297 7.98014 7.86961 7.86961 
27.3415 8.4395 28.9559 11.3759 8.11378 7.88669 7.88669 
25.9407 8.20748 29.9688 11.9763 8.04462 7.93108 7.93108 
26.6856 8.09679 30.2622 11.0229 8.01537 7.95859 7.95859 
14 14 14 14 14 14 14 
16.3137 15.5294 15.4314 15.2353 14.6471 10.9216 10.9216 
16.566 16.5147 16.2384 15.004 16.3008 9.43806 9.43806 
14.3624 16.4459 18.0448 15.5665 17.9519 8.68925 8.68925 
14.5038 17.6051 18.2901 15.7924 17.2139 8.23479 8.23479 
14.3064 16.7234 20.5312 16.6833 15.5377 8.07779 8.07779 
12.7468 17.3799 20.083 16.675 17.0154 8.03433 8.03433 
12.3919 18.1807 18.4905 18.1755 16.841 7.95235 7.95235 
11.8804 18.7191 19.8021 17.6724 16.0771 7.92049 7.92049 
12.2331 18.6273 19.8553 18.2184 15.3612 7.85041 7.85041 
11.4819 18.9027 19.8592 20.0681 13.845 7.92064 7.92064 
12.6693 18.6892 18.7056 20.3112 13.8509 7.88642 7.88642 
13.1204 20.416 18.6385 18.9651 13.1159 7.87178 7.87178 
12.2446 19.6048 20.3401 18.6473 13.4025 7.88021 7.88021 
11.8916 19.8703 19.5592 19.1653 13.7148 7.89938 7.89938 
9.86954 20.5854 21.3267 19.4481 13.0233 7.87346 7.87346 
9.01403 21.598 19.5212 20.9129 13.155 7.89943 7.89943 
8.54289 20.5524 19.2897 21.3309 14.5372 7.87348 7.87348 
8.48557 20.9823 20.351 20.1187 14.2162 7.92307 7.92307 
8.96188 19.817 20.962 19.8347 14.6362 7.89412 7.89412 
8.59205 21.0196 19.481 19.0284 15.9848 7.94706 7.94706 
9.03536 21.7657 19.2192 18.9929 15.2199 7.88348 7.88348 
9.25809 22.0567 19.9933 19.3159 13.5919 7.89208 7.89208 
8.54319 22.2657 20.9815 18.4963 13.9929 7.86018 7.86018 
9.14398 22.1537 20.1195 17.7168 15.1171 7.87441 7.87441 
8.60787 20.1576 20.0373 18.836 16.6393 7.86097 7.86097 
9.1391 19.9689 19.7989 18.5389 16.7812 7.88653 7.88653 
9.76279 20.3709 18.3536 18.3274 17.3278 7.92877 7.92877 
9.76235 20.0664 18.7006 18.9256 16.7591 7.89296 7.89296 
9.229 20.5405 21.0653 17.5546 15.7467 7.93199 7.93199 
9.73078 20.6191 21.928 17.4982 14.385 7.91948 7.91948 
10.5971 19.8217 21.3298 17.7735 14.7535 7.86218 7.86218 
11.1205 20.0707 20.1398 19.389 13.427 7.92652 7.92652 
12.235 19.7441 18.565 18.311 15.4513 7.84676 7.84676 
12.0984 16.9295 21.4835 18.6053 15.1419 7.87075 7.87075 
12.0444 17.5774 21.2933 18.0556 15.2448 7.89221 7.89221 
11.9628 17.9471 21.414 18.5575 14.3056 7.9065 7.9065 
13.1416 16.8619 22.2361 17.8953 14.1916 7.83675 7.83675 
13.0593 17.7185 20.2784 19.7619 13.4571 7.86239 7.86239 
12.0585 17.7535 21.1969 18.7752 14.4209 7.89754 7.89754 
13.0033 18.333 19.4637 19.5531 13.948 7.84948 7.84948 
13.1935 17.4998 20.2116 20.5089 12.9084 7.83888 7.83888 
12.967 16.8028 19.8414 20.3506 14.2667 7.88579 7.88579 
11.3786 17.0261 20.8764 20.8979 14.0098 7.9056 7.9056 
12.3401 17.6579 21.8396 20.3064 12.1118 7.87204 7.87204 
11.6857 16.8625 22.1908 21.1844 12.2909 7.89285 7.89285 
11.4253 16.1983 22.6245 20.665 13.427 7.82992 7.82992 
11.8884 16.6502 22.4762 20.665 12.6517 7.8342 7.8342 
12.7624 18.1337 21.2859 19.543 12.546 7.86447 7.86447 
12.7284 16.7093 22.301 19.8752 12.7497 7.81824 7.81824 
11.9764 17.2832 22.375 20.3968 12.2422 7.8632 7.8632 
11.6813 16.3149 22.2023 21.4608 12.5567 7.892 7.892 
12.7919 16.3282 22.3207 20.4865 12.3759 7.84844 7.84844 
13.1143 16.4328 22.0131 20.5792 12.2603 7.80019 7.80019 
13.2154 18.2667 20.9312 20.4655 11.5322 7.79457 7.79457 
13.4679 19.4236 19.9643 19.8633 11.5708 7.85507 7.85507 
13.7339 18.7118 19.8571 20.4317 11.4104 7.92753 7.92753 
13.1333 17.8415 21.0252 19.7459 12.4937 7.88022 7.88022 
13.2831 17.3785 21.4579 19.45 12.5901 7.92021 7.92021 
11.9765 16.3815 23.7562 20.395 11.6301 7.93033 7.93033 
13.0727 15.2752 23.0498 20.4155 12.3545 7.91612 7.91612 
13.6963 14.9169 22.7421 19.6349 13.2178 7.89601 7.89601 
13.4715 15.3805 21.7606 20.337 13.3622 7.84411 7.84411 
13.5722 16.8055 21.4701 20.2221 12.3111 7.80945 7.80945 
14.0938 16.7361 21.2479 20.111 12.053 7.87909 7.87909 
12.5332 17.4703 22.594 20.1553 11.3881 7.92957 7.92957 
13.0551 17.4819 22.3936 20.5215 10.7854 7.88123 7.88123 
13.798 16.6491 22.804 19.6995 11.2601 7.8947 7.8947 
13.3624 16.1294 24.2069 18.8742 11.7276 7.84979 7.84979 
13.2534 15.6678 24.2168 19.7464 11.2762 7.91974 7.91974 
15.1198 13.4503 24.9851 19.0513 11.5285 7.93247 7.93247 
14.6846 13.9771 24.9608 19.1948 11.3622 7.91026 7.91026 
15.6756 13.685 24.3851 20.4605 10.1454 7.82418 7.82418 
14.9254 13.0281 24.1771 21.1839 10.8717 7.90693 7.90693 
15.678 12.3214 24.6948 20.6486 10.8183 7.91947 7.91947 
14.8338 12.8964 24.135 21.8528 10.5905 7.84575 7.84575 
13.5982 13.4537 23.4686 23.0143 10.6524 7.90639 7.90639 
12.2636 14.2405 24.0294 22.9826 10.6541 7.91494 7.91494 
13.4651 13.6536 24.8147 22.0246 10.127 7.95747 7.95747 
13.7501 14.1367 23.9571 22.8544 9.44948 7.9261 7.9261 
14.6793 13.2853 24.2801 22.8029 9.08982 7.93131 7.93131 
12.5509 14.3891 24.957 22.3873 9.89702 7.90932 7.90932 
12.3763 12.7649 24.8127 24.7215 9.4578 7.93344 7.93344 
11.6199 13.2069 24.5233 24.3385 10.5785 7.86644 7.86644 
12.6535 13.447 25.6695 22.6441 9.89818 7.84383 7.84383 
13.4893 11.9577 28.2617 21.5149 8.94358 7.91641 7.91641 
14.0976 11.42 27.8073 22.081 8.7365 7.92879 7.92879 
13.6356 10.9495 26.7779 24.6632 8.26046 7.85661 7.85661 
13.7623 12.2803 26.4445 23.7205 8.15801 7.81719 7.81719 
14.1814 13.4404 23.6906 23.8437 9.03768 7.90309 7.90309 
14.1703 11.735 25.5621 23.8688 8.79613 7.93384 7.93384 
14.5437 10.1493 27.5601 23.8128 8.26547 7.83433 7.83433 
14.0001 9.69204 28.16 23.9117 8.4863 7.87495 7.87495 
14.6348 9.33704 28.4512 23.4828 8.43476 7.82969 7.82969 
14.1356 9.06246 26.6499 25.5293 8.91435 7.85424 7.85424 
14.6827 9.41629 26.8307 25.121 8.33649 7.80643 7.80643 
15.6991 8.96034 27.4916 23.5575 8.56707 7.86216 7.86216 
16.3088 9.46507 27.492 21.5975 9.41949 7.85857 7.85857 
17.2589 9.21014 29.1191 19.9032 8.88885 7.80988 7.80988 
16.6082 9.65826 27.3255 22.1857 8.43379 7.8943 7.8943 
16.2309 8.79255 27.5347 23.4404 8.18031 7.91057 7.91057 
16.6953 8.68621 26.7851 23.8504 8.08424 7.94937 7.94937 
16.9366 8.94433 26.7361 23.4283 8.02985 7.96241 7.96241 
16.9822 10.6641 26.0616 22.3952 8.19449 7.85118 7.85118 
18.0886 10.4404 26.8079 20.4855 8.58641 7.79556 7.79556 
19.1893 9.42311 27.0271 19.5181 9.22074 7.81082 7.81082 
17.2986 9.84751 27.864 20.031 9.29315 7.8329 7.8329 
18.9057 8.76991 28.3551 19.4706 8.9735 7.76261 7.76261 
19.1205 8.31245 27.9238 20.3093 8.71636 7.8088 7.8088 
21.7342 8.64898 27.1503 18.5605 8.27122 7.81744 7.81744 
21.3246 8.89965 29.098 16.3064 8.71077 7.83029 7.83029 
22.1302 8.42536 29.075 16.2572 8.33092 7.89068 7.89068 
24.1149 9.6379 27.5874 13.9937 8.85754 7.90428 7.90428 
23.0666 9.86482 28.0139 14.795 8.40431 7.92768 7.92768 
24.2343 9.27325 29.9233 12.703 8.22145 7.82236 7.82236 
24.8708 8.54967 30.6138 12.2935 8.02377 7.82422 7.82422 
26.1928 8.26892 30.2477 11.4722 8.00597 7.90619 7.90619 
25.4788 8.05295 29.5439 13.2596 7.92148 7.87159 7.87159 
26.442 7.96234 28.3288 13.6269 7.8966 7.87166 7.87166 
26.3495 7.89178 28.5499 13.657 7.85891 7.84644 7.84644 
26.8384 8.1501 28.0888 13.4351 7.83336 7.82713 7.82713 
27.5176 8.66521 29.1263 10.9799 8.01504 7.84799 7.84799 
23.8198 9.05822 29.8071 13.5692 7.97094 7.88741 7.88741 
22.5787 8.51 29.7125 15.0649 8.28483 7.9246 7.9246 
24.2461 8.40782 27.9792 15.3397 8.12913 7.94901 7.94901 
24.6608 9.18881 29.0953 13.259 7.99206 7.902 7.902 
24.2352 10.0366 29.6837 12.4118 7.90759 7.86256 7.86256 
24.4099 9.66945 27.9648 13.5149 8.60496 7.91799 7.91799 
25.15 9.52728 28.8691 12.0972 8.67141 7.84249 7.84249 
24.9644 9.18842 28.8888 12.8333 8.31801 7.90355 7.90355 
24.5511 9.92336 29.178 12.5295 8.0775 7.87027 7.87027 
24.6111 9.56695 29.0627 13.0082 7.98612 7.8825 7.8825 
22.9068 10.3214 29.563 13.1497 8.26521 7.89695 7.89695 
21.7098 9.00688 29.2046 16.5107 7.97876 7.79463 7.79463 
21.3732 8.46685 28.1694 18.3163 7.95279 7.86073 7.86073 
21.6622 8.19684 28.7188 17.3899 8.24469 7.89378 7.89378 
19.4998 8.27799 28.7557 19.6857 8.14711 7.81686 7.81686 
20.1861 8.03307 27.7735 20.4347 7.96764 7.80251 7.80251 
21.7544 8.32964 27.1455 19.0033 7.97743 7.89487 7.89487 
20.7782 8.62026 29.0843 17.7525 7.94911 7.90783 7.90783 
22.002 8.34239 28.7357 17.102 8.1681 7.82488 7.82488 
22.1121 8.02922 29.1827 17.193 7.94208 7.77047 7.77047 
22.371 8.60177 27.5883 17.3121 8.40529 7.86077 7.86077 
23.8135 8.2258 29.1525 14.7994 8.29821 7.8553 7.8553 
25.188 8.8004 28.6387 13.6497 8.05535 7.8339 7.8339 
26.0671 8.29241 29.1397 12.6632 8.21929 7.80917 7.80917 
25.9619 8.19605 29.3674 12.8736 8.00373 7.79866 7.79866 
26.516 9.3528 29.1741 11.0547 8.14199 7.88022 7.88022 
27.8684 8.57251 28.7104 11.2091 7.9671 7.83622 7.83622 
25.2549 8.68877 29.9213 11.8939 8.5433 7.84893 7.84893 
26.2014 8.81174 28.5345 11.9607 8.739 7.87635 7.87635 
26.2764 8.79776 29.301 11.7236 8.25464 7.82331 7.82331 
26.5388 9.87438 28.9156 11.0491 8.01781 7.80215 7.80215 
27.149 9.78669 29.508 10.2068 7.85506 7.74723 7.74723 
27.1058 8.85374 29.1104 11.374 7.88793 7.83401 7.83401 
25.527 9.28124 28.7947 11.9977 8.79833 7.8005 7.8005 
25.5504 8.90291 28.4957 13.048 8.33359 7.83468 7.83468 
27.0889 8.76518 28.9537 11.426 8.08836 7.83891 7.83891 
26.982 8.28884 28.6956 12.4317 7.95043 7.8257 7.8257 
24.969 8.07524 29.5994 13.763 7.90603 7.84367 7.84367 
24.82 8.31393 28.2865 14.6118 8.22933 7.8692 7.8692 
24.8649 8.30859 29.3057 13.6236 8.08579 7.90572 7.90572 
24.893 8.09751 30.4257 12.8055 7.98611 7.89608 7.89608 
25.7118 7.96032 30.0088 12.6953 7.90462 7.8596 7.8596 
25.6219 8.05817 28.6569 14.149 7.85302 7.83051 7.83051 
26.0601 7.97231 29.3127 13.0682 7.86973 7.85847 7.85847 
25.4891 8.24845 30.0662 12.5997 7.86929 7.86366 7.86366 
25.9611 8.10512 29.842 12.3508 7.91554 7.91272 7.91272 
25.8518 8.01295 28.4524 13.9312 7.91816 7.91676 7.91676 
23.3875 8.77571 29.3031 14.3502 8.26677 7.95838 7.95838 
25.2764 8.71856 28.4311 12.8838 8.8578 7.9162 7.9162 
25.6745 8.31968 29.067 12.7125 8.38929 7.91849 7.91849 
25.7207 8.45432 28.4906 12.9513 8.48913 7.94698 7.94698 
24.5845 8.36509 28.9005 14.0619 8.21008 7.93901 7.93901 
26.5028 8.21763 28.8362 12.8204 7.96469 7.82915 7.82915 
25.2011 8.8258 29.3552 13.014 7.91316 7.84539 7.84539 
25.2568 8.63165 29.2089 13.2257 8.01908 7.82895 7.82895 
27.2388 8.37427 28.7278 12.1324 7.90564 7.81058 7.81058 
28.3164 8.8841 28.0003 11.2177 7.89222 7.84468 7.84468 
29.1433 9.04146 28.0951 10.2083 7.95204 7.77991 7.77991 
27.6541 9.00102 29.2805 9.94284 8.45631 7.83261 7.83261 
26.4833 8.40676 29.7965 11.3777 8.29065 7.82255 7.82255 
26.0142 8.25322 30.4746 10.9848 8.66246 7.80536 7.80536 
27.7507 8.13302 29.9809 10.4603 8.17738 7.74883 7.74883 
28.2693 8.99075 29.3844 9.58623 8.06596 7.85169 7.85169 
27.5217 8.36634 30.0148 10.5996 7.90395 7.79681 7.79681 
26.789 8.40852 29.7961 11.2857 8.17733 7.77165 7.77165 
27.17 9.13623 28.8436 11.2551 8.00023 7.79739 7.79739 
27.2358 8.53637 28.7075 11.818 7.96837 7.86695 7.86695 
28.4952 9.02279 28.0041 10.5102 8.12529 7.9212 7.9212 
28.4267 9.36214 27.9946 9.54616 8.91339 7.87851 7.87851 
27.0041 9.13843 29.5012 9.81184 8.91406 7.81523 7.81523 
26.4381 9.51108 29.4308 10.5745 8.38145 7.83203 7.83203 
27.0986 9.77226 28.7622 10.1368 8.70577 7.76217 7.76217 
27.5028 9.37118 28.5007 10.5501 8.3396 7.8678 7.8678 
28.5055 9.11182 29.1684 9.20948 8.26816 7.86832 7.86832 
28.7216 8.95151 29.6025 9.00034 8.16338 7.78032 7.78032 
29.1418 8.67284 29.9472 8.69725 7.91381 7.90476 7.72227 
28.4505 8.68424 30.8599 8.69645 7.80306 7.79853 7.70729 
28.7462 8.38404 30.4 9.13865 7.79374 7.79148 7.74586 
29.3731 8.22428 29.7161 9.24674 7.92913 7.76671 7.7439 
29.0199 8.44547 29.3581 9.4567 7.96457 7.88335 7.87195 
28.9836 8.1701 30.304 8.67572 8.09412 7.88905 7.88334 
27.981 8.4016 30.7995 9.01412 8.0039 7.90136 7.89851 
28.2278 8.0991 29.976 10.1003 7.90025 7.84898 7.84756 
26.2634 8.72245 29.6298 11.5922 8.15573 7.81857 7.81786 
25.304 8.85561 30.5452 11.4141 8.19772 7.84187 7.84151 
25.376 8.54967 29.9679 12.1587 8.22072 7.86359 7.86341 
25.4749 8.20926 28.9184 13.4564 8.20872 7.86622 7.86613 
26.345 8.21855 29.1744 12.4244 8.06006 7.88881 7.88876 
27.1181 8.02084 29.5532 11.3142 8.28173 7.85597 7.85595 
26.7995 8.36582 30.9787 10.361 7.97362 7.76074 7.76073 
26.3462 9.09363 29.4774 11.7281 7.85586 7.74942 7.74941 
26.1293 9.10886 31.3446 10.2436 7.76004 7.70682 7.70682 
26.2403 8.94632 29.6925 11.8786 7.76516 7.73855 7.73855 
23.9561 9.58152 29.8618 13.3696 7.75255 7.73924 7.73924 
26.2872 9.06708 29.2401 11.7835 7.98812 7.81699 7.81699 
26.3789 8.45511 28.9991 12.5911 7.91563 7.83006 7.83006 
26.7656 8.20106 29.0691 12.2558 7.93132 7.88854 7.88854 
25.0347 9.11528 28.6938 13.355 7.94796 7.92657 7.92657 
26.227 8.75119 28.7018 12.8066 7.84495 7.83425 7.83425 
24.5229 8.57023 29.4516 13.7858 8.11711 7.77619 7.77619 
26.949 8.19136 29.7258 11.5804 7.9648 7.79434 7.79434 
27.9399 9.12713 29.0138 10.35 7.91322 7.82799 7.82799 
27.6218 9.17107 29.524 10.1238 7.88152 7.83891 7.83891 
27.8041 9.36369 30.1204 9.15745 7.86568 7.84437 7.84437 
27.683 9.62884 30.0778 9.17237 7.81976 7.80911 7.80911 
28.225 8.92401 30.4499 8.86701 7.84824 7.84291 7.84291 
27.6357 9.08834 30.3495 8.70397 8.55045 7.83605 7.83605 
27.4681 8.68527 29.7453 10.0268 8.26296 7.90575 7.90575 
29.3078 8.60493 28.971 9.27571 8.0659 7.8873 7.8873 
26.8262 8.98411 30.2158 9.8813 8.34007 7.87624 7.87624 
26.3469 9.38165 29.7767 10.4612 8.27098 7.88134 7.88134 
26.3877 9.15511 30.7812 9.87343 8.06406 7.86924 7.86924 
28.9242 9.44647 29.061 8.8693 7.96462 7.8672 7.8672 
27.8057 9.32446 28.9477 10.1095 7.97004 7.92133 7.92133 
29.1895 9.75777 27.8496 9.35411 7.96591 7.94156 7.94156 
28.0947 9.21222 29.0915 9.67706 7.98296 7.97078 7.97078 
27.746 8.88693 29.1005 10.4892 7.92983 7.92375 7.92375 
25.4603 8.72918 29.9471 11.9113 8.0919 7.93013 7.93013 
24.1805 8.7539 30.8132 12.2533 8.43526 7.78186 7.78186 
24.673 8.35046 29.9762 13.0803 8.19114 7.86444 7.86444 
26.3688 8.0462 28.859 12.9918 8.12783 7.80319 7.80319 
28.5932 7.95392 28.266 11.5273 7.99473 7.83241 7.83241 
27.933 7.84901 29.7896 10.9825 7.86942 7.78826 7.78826 
27.2801 8.65823 28.8001 11.1126 8.37258 7.88821 7.88821 
27.3689 8.7359 29.1458 10.8105 8.25409 7.84241 7.84241 
26.805 8.62327 29.8211 11.079 8.02775 7.82191 7.82191 
27.2137 9.55639 28.8966 10.7843 8.03486 7.75711 7.75711 
26.691 9.76262 30.6477 9.28621 8.06727 7.77264 7.77264 
28.2322 9.57387 29.0779 9.65929 7.91713 7.76981 7.76981 
27.8172 9.23533 28.7738 9.81185 8.76284 7.7995 7.7995 
24.2365 8.87996 30.2885 12.283 8.64371 7.83417 7.83417 
24.0636 8.70619 30.332 12.9674 8.24677 7.842 7.842 
25.8832 9.08283 29.5241 11.7202 8.17744 7.80614 7.80614 
26.0645 9.5248 29.5461 11.0096 8.07543 7.88978 7.88978 
25.6173 9.0141 29.9091 11.2871 8.45948 7.85645 7.85645 
26.3437 8.48794 29.7635 11.376 8.21063 7.90912 7.90912 
28.7583 8.25632 29.5422 9.70037 8.11766 7.81258 7.81258 
27.4031 9.66708 29.2921 10.0897 7.95105 7.79851 7.79851 
26.2015 9.2856 29.2008 11.5517 8.08511 7.83761 7.83761 
27.0879 8.98363 29.713 10.7598 7.90108 7.77733 7.77733 
28.0699 8.62026 29.3825 10.2729 7.92607 7.8642 7.8642 
27.9694 8.24455 29.6093 10.5463 7.89746 7.86653 7.86653 
28.3915 8.35957 30.0589 9.67991 7.84704 7.83157 7.83157 
28.1179 8.8205 29.5504 10.0795 7.81573 7.808 7.808 
27.1687 8.67854 30.1715 10.3751 7.87128 7.86741 7.86741 
