5 2000 100 20
16 16 16 16 16 16 
16 13 18.6667 15.6667 20.3333 14.3333 
17.1085 12.5078 18.6357 15.9729 20.8256 13.9496 
16.5935 11.3519 19.1218 20.5355 18.8442 13.0532 
16.4999 10.5588 20.889 19.838 19.1877 12.7766 
16.1345 10.2794 24.0983 18.9575 18.44 11.9652 
15.8917 10.1015 26.9347 16.5398 17.9986 12.4712 
16.6911 9.99373 26.9654 15.6844 18.1248 12.5093 
17.1242 9.9587 25.6965 17.3842 17.6502 12.1707 
16.4165 9.96019 23.3846 18.6538 18.5952 12.9819 
17.2279 9.88206 24.2413 19.1308 17.729 11.7851 
17.3826 9.79177 24.9938 18.1475 17.8197 11.8627 
16.9217 9.83416 26.0771 18.333 17.7576 11.0754 
16.1237 9.89792 24.5328 20.086 17.4995 11.8595 
17.2573 9.9298 23.5691 20.5794 16.7957 11.8685 
15.7984 9.87056 26.3128 20.101 16.3224 11.5946 
14.7958 9.91612 26.758 20.9701 16.3987 11.1613 
14.321 9.95806 27.4174 18.9466 18.0071 11.3499 
16.8443 9.91974 26.3569 17.7737 17.6992 11.4062 
15.6177 9.94142 27.7541 17.5584 17.5212 11.6071 
16 16 16 16 16 16 
15.5758 12.9242 17.8485 19.7424 15.5758 16.3333 
15.8906 13.7744 18.8057 17.5787 16.6812 16.2694 
15.0882 13.8316 21.506 18.1148 17.0707 13.8887 
15.3092 12.2188 20.4121 19.474 17.8157 14.5201 
15.7627 11.1287 21.9821 19.3895 17.7881 13.8238 
15.3526 10.5452 23.6347 20.2312 17.5148 12.659 
15.3542 10.1415 25.4878 18.7298 17.9334 12.322 
16.3237 10.1459 24.774 18.1995 18.1772 12.364 
14.6257 10.0159 26.6455 16.5142 19.1647 13.0261 
14.1488 9.89078 28.5571 17.2415 17.9808 12.1771 
13.8837 9.8092 26.7299 17.3756 19.4962 12.7033 
14.724 9.76842 26.9836 18.61 17.7248 12.1882 
15.2985 9.84453 25.3966 20.0193 17.5925 11.8481 
15.7842 9.88258 24.0078 18.9382 18.7169 12.6701 
15.5996 11.0678 23.664 17.9671 19.4375 12.2639 
16.5396 10.4119 22.4011 18.1299 20.8976 11.6198 
15.6628 10.0698 23.2628 18.4035 20.371 12.2301 
15.6627 9.85417 23.4788 19.6435 19.2216 12.1392 
15.7771 10.1596 22.9797 18.7365 19.6883 12.6587 
16 16 16 16 16 16 
17.6154 13.1282 19.2179 18.8974 16.3333 12.8077 
16.2504 11.5259 20.6777 19.9449 17.327 13.2741 
16.11 11.4664 22.316 18.9078 18.9296 11.7701 
16.0231 12.3069 21.5166 17.8204 18.6282 13.4548 
15.8628 11.3187 23.9814 17.5879 17.7852 13.339 
18.0481 10.5232 23.4693 16.5761 18.6202 12.7006 
16.4385 10.7749 24.8525 17.4135 18.0554 12.434 
16.0437 10.3493 22.9224 19.0121 19.333 12.3238 
15.1932 10.1547 23.8118 20.8606 18.6307 11.3412 
15.1065 10.0181 24.1589 20.5094 18.4062 11.7971 
15.3353 9.87285 27.4491 17.6477 17.3743 12.3188 
12.6863 9.76914 29.7097 18.3034 16.4939 13.0367 
13.5401 9.80881 31.3321 16.3487 16.5803 12.3896 
13.6931 9.90441 30.6661 17.2128 16.1747 12.3486 
14.4111 9.93375 30.8312 17.4625 15.6519 11.7094 
15.3537 9.96688 32.0823 15.2127 15.6038 11.7806 
13.9033 10.2665 32.0789 14.5875 16.6698 12.4941 
13.671 10.0739 29.0829 15.9894 18.8092 12.3735 
14.7623 9.91502 26.3301 17.5475 18.9574 12.4876 
16 16 16 16 16 16 
16.8435 12.7619 20.2449 16.8435 17.1837 14.1224 
16.8173 11.2317 20.7568 16.6307 19.4127 14.1508 
15.773 11.6236 21.6187 17.0363 20.3653 13.0831 
15.17 11.9142 21.0456 17.5733 19.8283 14.2187 
15.9183 11.5772 19.8251 18.089 21.5421 12.9233 
15.4019 11.5138 22.1263 16.8689 21.2672 12.7594 
16.2375 10.635 23.055 16.5645 20.593 12.8838 
16.1106 11.2601 24.8472 16.6839 18.903 12.1796 
18.4068 10.9035 23.5564 16.5451 19.6078 10.9726 
17.4065 10.7252 25.0595 16.671 19.3742 10.7597 
16.5879 10.3626 26.7605 14.4893 20.8409 10.9568 
15.7846 10.0502 29.1106 15.4844 18.2856 11.2836 
15.9315 9.92707 27.6925 16.7618 17.9663 11.7203 
15.307 9.92385 25.1558 20.2857 16.9197 12.4077 
15.9269 9.81804 25.8873 18.2364 17.9922 12.1391 
15.671 10.245 22.825 18.6043 18.4823 14.1723 
14.3489 10.1033 22.7152 19.647 19.0113 14.1743 
14.7557 9.92531 23.8125 19.2098 18.8919 13.4048 
14.4389 9.92449 24.12 20.8644 18.0337 12.6184 
16 16 16 16 16 16 
14.6225 12.9669 23.894 15.2848 16.6093 14.6225 
15.9828 12.941 25.4157 14.469 16.6072 13.5843 
15.1068 11.4705 26.3617 17.0422 17.3421 12.1768 
15.5926 11.2254 27.1024 16.9525 17.6906 11.1864 
13.8569 10.7264 26.43 19.2717 18.315 11.275 
14.1254 10.2874 25.5256 21.3783 17.1121 11.5087 
13.5266 10.657 26.451 19.2443 18.0617 12.0281 
14.6479 10.3285 24.9563 17.8914 20.1847 11.9756 
15.6897 10.8063 23.7622 18.2842 19.4309 12.0189 
18.1215 10.3439 21.9601 17.4425 19.9921 12.1359 
17.5588 10.1126 21.4544 17.6145 20.8656 12.3921 
15.894 10.5899 24.1659 18.0958 19.5237 11.7296 
17.2063 10.2332 24.2229 17.2784 19.6384 11.4204 
15.5529 9.94287 23.5014 19.45 19.4717 12.0808 
15.701 9.8771 23.2601 20.1024 19.7359 11.3234 
15.6326 9.99691 24.8596 18.806 19.9847 10.7201 
16.1496 9.95877 25.7235 18.1332 19.3177 10.7172 
15.5647 9.83769 28.0439 16.7589 17.756 12.0388 
14.008 9.78266 28.4188 16.1615 18.9947 12.6342 
