5 2000 100 20
16 16 16 16 16 16 
15.0552 12.908 20.5767 16.589 19.6564 13.2147 
17.4197 12.0295 21.0797 17.4671 18.6412 12.3628 
16.0132 10.8837 21.214 18.8459 18.3093 14.2338 
16.2127 10.5945 21.4849 17.8199 19.6509 13.9871 
17.1448 10.2973 21.8963 16.9869 20.5947 12.9551 
17.1275 10.4718 23.3056 15.7178 20.9437 12.3711 
17.7945 10.6205 21.8451 17.6666 19.7026 12.3394 
17.9169 10.2122 20.1382 19.2254 20.2435 12.2481 
17.8732 9.95107 19.9528 20.0778 20.1993 11.938 
16.22 9.8968 20.2126 21.0625 20.7295 11.8745 
15.7272 9.83121 24.3641 19.711 19.5445 10.8201 
15.0065 9.86066 25.1857 19.7456 18.7466 11.454 
16.8658 9.91041 23.9474 18.6377 19.7319 10.9063 
16.3276 9.8135 26.7511 16.2015 19.785 11.1212 
15.7684 9.84972 27.8242 16.2756 19.7784 10.5035 
14.8881 9.78867 28.6981 15.5308 19.0332 12.0611 
14.8241 9.87589 27.6332 15.5145 20.0332 12.1191 
13.8574 9.82076 28.2697 17.5229 18.6103 11.9189 
14.6066 9.77929 26.4944 17.3757 19.6048 12.1392 
16 16 16 16 16 16 
17.4156 12.8701 17.4156 17.0909 17.7403 15.4675 
16.9812 11.8307 18.2402 19.157 19.1219 13.669 
17.0051 11.5313 17.2723 21.3538 19.5247 12.8128 
17.1492 10.6529 18.7865 23.4589 17.2812 12.4214 
15.7715 10.2507 19.8099 22.7143 19.8148 11.5137 
14.8817 10.2694 20.8103 21.0279 20.4012 12.547 
14.999 9.97965 23.1959 20.0101 19.6967 12.0875 
16.8112 9.84812 22.3267 19.1144 20.1723 11.7117 
15.8962 9.79298 26.7064 19.1077 16.6404 11.8484 
16.1542 9.85832 23.2769 19.4775 19.1981 12.0311 
15.2477 9.77412 25.3981 19.6225 18.32 11.6357 
15.3024 9.88706 26.9848 19.4541 17.5528 10.8178 
15.5267 9.88859 27.2287 20.1666 16.4687 10.7203 
14.1543 9.83151 27.9 21.7374 15.5652 10.8113 
13.9737 9.8966 26.9768 20.2557 16.0201 12.8769 
14.8609 9.86956 24.512 20.9546 17.4589 12.344 
13.415 9.76103 25.7695 22.6395 17.0306 11.3843 
14.8207 9.78618 24.3942 23.0178 17.0059 10.9752 
14.8178 9.89309 23.4934 22.4349 17.577 11.7839 
16 16 16 16 16 16 
12.9296 12.9296 19.9718 21.7324 15.7465 14.6901 
12.8705 11.447 22.9752 20.8306 17.1259 13.7508 
14.4938 10.6686 23.7587 20.8549 16.6216 13.1025 
14.7657 10.9734 24.2854 18.8861 18.4612 12.3783 
14.0495 10.4867 24.5501 19.0727 19.2306 12.4855 
13.7162 10.0761 24.171 20.5029 19.6525 11.8189 
13.5997 10.2815 24.6323 21.6747 18.6277 11.1529 
13.3453 10.0498 25.5889 21.9282 17.4957 11.5765 
13.897 9.96788 25.1519 21.4204 17.1129 12.4422 
13.783 9.84006 24.4464 22.221 18.2687 11.4369 
14.2445 9.88326 26.3776 21.4046 16.8549 11.2332 
14.8713 9.92318 23.8899 22.6949 17.099 11.5206 
15.3304 9.84881 25.2908 19.9941 17.76 11.7754 
15.8133 9.9244 25.238 19.2563 17.7689 11.9988 
17.5145 9.86416 24.3837 18.0595 18.6884 11.4896 
17.1589 10.055 25.3066 17.2265 18.1557 12.0973 
17.7852 9.90116 24.2057 17.2775 18.4641 12.3663 
16.6307 9.9109 24.6028 18.1626 19.1527 11.5403 
17.9744 9.87969 23.665 17.7934 19.6142 11.0732 
16 16 16 16 16 16 
17.8726 12.7771 18.5096 18.5096 16.9172 13.414 
17.7275 12.7988 19.5112 17.8628 17.7993 13.3004 
19.1634 11.4556 20.617 18.2947 18.4502 11.5191 
17.8192 12.2412 19.6955 18.7259 19.5699 11.6983 
16.8642 12.1812 19.8856 18.8326 20.391 11.7203 
16.509 11.0906 20.3274 19.6086 19.4263 12.9756 
17.1434 10.5453 21.8304 19.4339 19.528 11.4878 
17.0697 10.411 23.1682 17.6221 20.8312 10.8822 
17.247 10.1297 22.1901 18.4701 20.8323 11.1229 
16.6695 10.0457 22.7809 18.622 20.5694 11.3086 
16.2805 10.4492 22.2432 19.7761 18.618 12.631 
16.6904 10.0573 21.9022 21.784 17.4875 12.0776 
17.2035 9.94992 22.1716 20.5377 18.5862 11.5506 
14.8288 9.92001 23.3569 22.1736 18.6338 11.0867 
15.5276 9.86567 26.5841 19.5774 17.0527 11.3924 
15.2148 9.83479 24.6646 20.7691 18.5264 10.9903 
15.8751 9.83866 22.7654 21.2113 19.3026 11.007 
14.3329 9.95809 24.1734 19.908 19.535 12.0926 
13.7358 9.90605 24.8604 19.808 19.6215 12.0682 
16 16 16 16 16 16 
13.137 14.5068 15.5342 19.6438 18.274 16.9041 
14.2177 12.6639 18.7746 20.8294 17.9056 14.6088 
15.116 11.848 19.3517 21.0908 18.3834 13.7101 
15.0313 11.9738 21.4196 22.1113 16.843 12.3711 
14.8686 10.9501 22.1069 22.6365 17.9803 11.3326 
15.8902 10.4383 22.2667 23.083 16.3431 11.9163 
16.5329 10.181 20.8662 23.1827 16.3777 12.8284 
17.246 9.98845 21.0453 22.2036 17.5766 11.9244 
15.7152 9.95876 22.5794 23.6905 16.4124 11.636 
17.1599 9.82434 22.7238 19.791 18.8651 11.6319 
16.6508 9.83343 23.1729 19.9349 18.8814 11.5246 
16.6587 9.87703 20.9119 20.0865 20.7502 11.7147 
17.9885 9.86276 20.8726 21.0281 18.8978 11.3498 
16.8409 9.85839 21.5677 22.0104 18.208 11.5143 
16.3152 9.81641 22.25 22.4714 17.3747 11.7722 
16.7397 9.75895 22.8787 21.3103 17.456 11.8562 
15.692 9.69119 23.7825 21.5338 17.0962 12.2043 
15.7407 9.73281 23.7333 20.1654 18.1346 12.4931 
14.9585 9.84725 23.7441 21.0022 17.4964 12.9515 
