5 2000 100 20
16 16 16 16 16 16 
13.4622 14.7227 16.8235 16.4034 21.4454 15.1429 
12.6835 13.909 17.3403 20.7017 19.2544 15.1111 
13.0228 14.0666 17.5064 19.4026 19.972 15.5297 
12.8122 13.5373 18.5093 20.0671 19.9454 14.8787 
12.6822 13.254 21.8069 19.8662 17.7133 14.5523 
12.3895 11.4657 22.7986 21.6267 17.3244 14.3326 
13.3376 10.6308 23.032 22.8541 16.4173 13.6969 
13.0213 10.2334 23.6061 22.2877 17.225 13.6108 
13.2371 10.0495 26.3771 22.3546 15.5632 12.4108 
12.7161 9.90278 25.7902 24.1854 14.6922 12.7094 
12.7367 9.88966 26.6811 23.4096 15.3708 11.9103 
11.79 10.1657 26.1919 22.9498 15.1151 13.7865 
12.4256 10.1849 25.545 21.679 16.129 14.0361 
13.4815 10.1585 23.1249 21.1919 17.7561 14.2868 
13.3931 10.0149 23.365 19.8234 18.5347 14.8687 
12.789 10.8898 24.2876 19.7857 17.6707 14.5772 
12.888 10.6397 25.7801 18.5508 18.1427 13.9986 
11.7183 10.1722 25.7593 19.8239 17.9321 14.5942 
11.715 10.2663 22.5643 20.7228 19.5516 15.18 
16 16 16 16 16 16 
12.9296 12.9296 21.3803 21.0282 14.338 15.3944 
13.8418 11.7927 20.936 20.3502 16.8002 15.2792 
12.6656 11.8538 20.6808 21.6644 16.0597 16.5757 
13.5909 11.9753 20.8243 20.5096 16.6992 16.1508 
14.0295 11.9451 21.9015 20.4676 16.6475 14.8839 
13.6949 11.0333 23.5014 19.748 16.8258 15.1343 
13.804 10.5166 21.3159 20.5262 19.0651 14.741 
14.2753 11.9403 18.492 20.6317 19.6708 14.9742 
13.6399 10.9029 19.1115 23.5446 18.3556 14.4378 
13.5299 10.4298 18.6467 23.8935 18.2687 15.2275 
13.7785 10.871 18.8256 22.5802 18.6366 15.3061 
14.5647 10.2601 21.2549 23.1322 16.5551 14.232 
13.4552 10.0683 20.7098 23.9118 16.9195 14.9349 
12.6228 9.83765 23.4553 22.8729 16.7567 14.4544 
12.8792 10.0036 23.5921 22.0297 16.6411 14.8543 
13.496 9.84049 23.6912 21.7003 16.9899 14.282 
12.8662 9.98354 23.8709 21.3987 17.1447 14.7359 
13.5432 9.80828 22.9446 22.6259 17.5173 13.5606 
13.4239 9.83976 23.2749 23.1155 16.6986 13.6473 
16 16 16 16 16 16 
12.6512 12.6512 17.3023 19.2403 17.6899 18.4651 
12.0948 12.3085 16.5571 21.1586 19.7424 17.1385 
13.2526 12.2678 18.3222 21.0597 18.6048 15.9929 
12.5735 13.4026 18.6325 20.4417 18.5535 16.1462 
14.0454 12.3048 20.3076 20.1347 17.6819 15.4007 
13.2972 12.4269 22.5068 19.6752 16.8802 15.1513 
12.3689 11.9338 22.9059 20.2189 17.7621 14.7791 
11.2478 11.0302 25.588 18.5483 18.3747 15.1954 
11.6325 11.0945 23.7382 20.0038 18.4148 15.1084 
11.8403 10.5673 24.3189 20.4436 18.0428 14.7831 
10.9809 10.142 25.3173 21.5579 17.321 14.679 
10.4508 10.0313 25.1587 22.8821 16.7954 14.6808 
11.3928 10.0817 25.1344 20.9124 17.2083 15.2699 
11.2758 11.264 22.8676 21.8296 17.1878 15.5749 
11.2413 11.2355 20.9166 23.8458 17.8612 14.8995 
13.1428 10.9275 19.3078 23.6486 17.7801 15.1931 
12.6584 10.4637 19.0017 23.9982 18.4553 15.4226 
12.2364 10.2952 18.3616 23.3915 19.5652 16.1501 
13.3234 9.95107 18.3511 25.0145 18.5162 14.8436 
16 16 16 16 16 16 
13.4745 12.7445 21.5036 17.854 17.854 14.5693 
12.729 11.3309 22.3221 19.4642 18.4311 14.7227 
12.1414 12.04 23.3124 17.8994 18.5781 15.5287 
12.2409 11.9774 21.0179 21.2901 18.2252 14.9984 
12.6707 12.3206 22.2994 21.3438 16.7545 14.4861 
12.073 12.9226 24.6743 20.9178 15.5494 13.8004 
12.663 13.2886 25.7909 18.2902 16.4092 13.5267 
12.825 11.8391 26.7483 20.1841 15.3475 13.0404 
13.2709 11.4505 24.8786 21.3752 15.8596 13.1574 
13.0732 11.3047 23.1689 20.7734 17.5864 14.0894 
12.6591 10.5503 24.2375 21.2031 17.3646 13.9835 
14.5546 10.2535 22.7248 20.5582 17.9897 13.9181 
14.8531 10.1051 20.8862 21.5345 18.5187 14.1019 
14.1492 9.88449 20.5271 23.5824 17.0324 14.8241 
14.0994 9.90092 22.247 21.9152 18.0203 13.817 
14.4337 10.0138 23.5708 21.928 16.8161 13.2376 
13.9515 9.90483 22.8058 20.964 17.5917 14.7821 
13.3282 9.87045 22.6734 20.7279 18.8368 14.5632 
13.3155 10.2105 23.722 20.2263 18.134 14.3917 
16 16 16 16 16 16 
13.5556 12.7619 19.5079 17.127 19.1111 15.9365 
13.4444 12.4226 18.2956 19.8135 19.7639 15.2599 
14.3042 11.949 17.3445 20.7674 20.3328 14.8021 
14.4915 11.2497 20.1402 21.3929 17.9645 14.5111 
13.7498 11.1127 19.6229 22.0786 17.7221 15.5889 
13.2274 10.4744 20.2623 22.3098 18.2873 15.3764 
12.2778 11.4872 18.9202 22.483 18.3233 16.4773 
12.163 10.5629 19.7011 23.6913 18.1978 15.6684 
12.9363 10.725 19.1247 23.136 17.9699 16.1003 
13.097 10.2867 21.6836 22.3634 16.5607 16.0047 
13.5766 10.5651 19.0747 24.8363 16.7141 15.2313 
14.2669 10.1971 18.7254 25.2387 17.9724 13.5985 
14.7568 10.7039 19.6766 22.2606 18.4033 14.1984 
14.3048 10.3303 20.2279 22.1693 18.7254 14.242 
13.8488 10.0759 17.9265 23.3614 20.9699 13.8175 
13.9338 11.1127 19.01 20.0919 21.2326 14.619 
14.514 11.2167 20.1182 18.3007 21.9371 13.9133 
13.9237 10.6084 20.6841 18.942 21.1769 14.665 
13.6965 10.2021 20.9543 20.6955 19.9762 14.4753 
