5 80000 300 266
14 14 14 14 14 14 14 
16.7964 14.6336 16.0331 15.2697 13.9975 11.3257 10.944 
15.4858 16.3374 18.4547 16.2689 13.8286 9.6577 9.46686 
15.3259 16.1071 20.0093 16.9022 14.0233 8.7388 8.64338 
12.6291 15.9542 21.2913 18.4963 14.9123 8.31974 8.27203 
12.4789 15.1689 21.3763 19.7504 14.8763 8.1553 8.13145 
14.3476 15.9383 20.5161 18.8433 14.3177 8.00886 7.99693 
12.2106 13.7431 23.8944 20.7238 13.5471 7.93563 7.92967 
12.6321 14.2142 22.7864 20.968 13.5334 7.93052 7.92754 
12.3428 14.6964 22.1075 20.0822 15.0257 7.87151 7.87002 
11.2542 16.3316 21.2192 21.2704 14.2504 7.83646 7.83572 
10.1834 17.8781 20.8015 20.3474 15.0389 7.87507 7.87469 
10.0804 16.3086 22.0787 20.0377 15.6827 7.90579 7.9056 
10.4701 17.6566 22.4647 19.1817 14.4024 7.91217 7.91208 
9.45048 19.3669 20.9513 19.7782 14.5783 7.93735 7.9373 
8.6154 18.608 21.1164 21.1019 14.8406 7.85883 7.85881 
9.18009 18.3527 20.071 21.6879 14.9609 7.87373 7.87372 
10.2107 17.6073 19.9886 21.0313 15.3259 7.91813 7.91813 
10.1287 17.9158 20.1579 20.2119 15.7237 7.93103 7.93103 
10.873 18.7529 20.2156 20.2426 14.0122 7.95185 7.95185 
10.0482 18.357 21.2729 21.165 13.4381 7.85942 7.85942 
10.5671 19.5858 20.3649 20.311 13.3933 7.88899 7.88898 
11.0212 19.5118 18.7305 21.3967 13.4882 7.92576 7.92576 
10.4656 18.5397 19.9508 20.7209 14.5144 7.90432 7.90432 
10.9503 17.3416 20.0651 20.1138 15.7774 7.87593 7.87593 
10.1878 17.5214 20.2624 20.8615 15.4749 7.84601 7.84601 
10.0939 17.3321 20.3693 21.9784 14.5232 7.85158 7.85158 
9.61425 17.5603 20.5212 22.2873 14.2327 7.89213 7.89213 
10.0999 15.5369 23.0984 20.9409 14.5488 7.88751 7.88751 
11.0549 15.1214 22.7012 21.745 13.6469 7.86532 7.86532 
10.3998 14.9853 22.6035 22.0094 14.2481 7.87698 7.87698 
10.5397 14.2888 23.9231 22.0484 13.5561 7.82198 7.82198 
12.1873 14.9114 23.612 20.6116 13.0887 7.79449 7.79449 
10.3761 14.2844 25.2319 21.6484 12.7944 7.83243 7.83243 
10.1638 13.3315 27.0577 21.3824 12.4651 7.79971 7.79971 
10.9499 14.3675 24.8981 22.1827 11.9783 7.81184 7.81184 
10.353 14.9886 23.5466 22.7986 12.6965 7.80836 7.80836 
10.0309 15.6254 23.7879 22.6857 12.2948 7.78767 7.78767 
10.982 16.1659 23.2304 21.9634 11.9947 7.83178 7.83178 
10.7996 17.2188 21.8621 22.0928 12.2936 7.86651 7.86651 
9.85992 18.1164 22.316 20.2013 13.6586 7.92387 7.92387 
9.79614 17.0874 21.742 22.0228 13.6419 7.85488 7.85488 
9.80461 16.6045 23.6046 21.2918 12.8957 7.8994 7.8994 
9.68699 15.7185 24.0033 22.488 12.3091 7.89707 7.89707 
8.86241 17.1973 23.7038 22.9461 11.5919 7.84924 7.84924 
10.1689 16.4441 23.5615 22.363 11.6508 7.90589 7.90589 
10.667 15.625 24.4021 21.8611 11.772 7.83644 7.83644 
11.4911 14.709 24.8858 21.5217 11.6742 7.85911 7.85911 
12.4886 13.7158 25.42 22.5929 10.0356 7.87357 7.87357 
12.2109 14.0178 25.2398 22.5136 10.2684 7.87473 7.87473 
12.6325 13.7823 25.3046 22.8332 9.69084 7.87825 7.87825 
14.1402 13.4926 24.1438 22.6635 9.85764 7.85111 7.85111 
14.7157 12.6929 25.1787 22.2541 9.54047 7.80905 7.80905 
12.2388 12.4179 26.756 24.2223 8.69881 7.8331 7.8331 
12.5392 11.1472 26.5879 24.3334 9.65805 7.86717 7.86717 
11.7347 10.2248 27.7125 24.6085 9.9453 7.88707 7.88707 
12.508 11.3624 27.6584 23.5022 9.26953 7.84979 7.84979 
13.0722 11.9646 26.9308 23.5158 8.91284 7.8019 7.8019 
14.7861 12.2323 25.7154 23.0079 8.45642 7.90095 7.90095 
15.3506 12.0843 26.7834 21.7162 8.20699 7.92925 7.92925 
14.4285 11.3668 26.2489 22.6763 9.55804 7.86073 7.86073 
13.5822 11.4617 26.8037 21.1259 11.3828 7.82187 7.82187 
14.0855 11.8317 25.6034 20.6425 12.0574 7.88972 7.88972 
16.0271 11.3846 24.7809 20.6077 11.4975 7.85111 7.85111 
15.0649 10.9487 25.3392 21.5859 11.2616 7.89991 7.89991 
13.6048 10.2547 24.9435 23.4545 12.0907 7.82593 7.82593 
13.5306 10.5363 27.2475 22.5452 10.3989 7.87075 7.87075 
14.3371 10.8817 25.5036 23.4136 10.1603 7.85182 7.85182 
12.8414 11.1137 25.5486 23.5801 11.1488 7.88369 7.88369 
12.332 12.2071 25.4591 23.1201 11.1162 7.88273 7.88273 
12.4674 12.2679 26.2912 23.2039 9.94169 7.91397 7.91397 
14.1425 11.0938 26.2823 23.5322 9.26039 7.84438 7.84438 
14.3761 10.9625 27.3729 22.9752 8.66042 7.82647 7.82647 
14.6099 11.601 26.1864 22.9459 9.01771 7.81949 7.81949 
16.1132 11.8886 25.658 21.4471 9.3016 7.79575 7.79575 
15.1095 11.6118 25.5494 22.4364 9.68858 7.80216 7.80216 
13.9406 11.92 25.8182 21.9519 10.6867 7.8413 7.8413 
14.0164 11.3801 26.1882 22.9001 9.81489 7.85019 7.85019 
13.8447 12.1244 27.4373 21.6377 9.33104 7.81249 7.81249 
12.5388 12.5005 26.1844 23.4216 9.59702 7.87885 7.87885 
12.4232 12.0195 28.2204 22.7364 8.77287 7.91378 7.91378 
12.7714 12.4237 26.7924 23.4673 8.75961 7.89275 7.89275 
12.9683 12.0942 27.1217 23.7785 8.30138 7.86794 7.86794 
13.3523 12.2284 26.7477 23.7024 8.1342 7.91749 7.91749 
13.5333 11.5428 27.5167 23.1369 8.35282 7.95874 7.95874 
13.2481 10.7978 27.2504 23.341 9.46741 7.94763 7.94763 
12.929 10.2376 27.9947 23.4007 9.57242 7.93276 7.93276 
13.1585 10.7199 27.1121 23.7222 9.43102 7.92813 7.92813 
13.9032 10.4304 26.9363 23.2695 9.64509 7.90773 7.90773 
13.3619 9.34624 27.9981 24.3128 9.09605 7.94247 7.94247 
13.2712 9.68745 29.042 23.3312 8.98928 7.83943 7.83943 
14.0983 9.19696 29.1976 23.2328 8.47474 7.89981 7.89981 
15.8637 9.00577 26.3009 23.9264 9.10059 7.90127 7.90127 
15.1573 9.27167 27.4568 23.9574 8.45203 7.85237 7.85237 
14.3392 10.2696 27.2495 23.9505 8.45137 7.86985 7.86985 
13.7599 9.14628 28.9543 23.2933 9.24001 7.80312 7.80312 
13.3588 9.92525 29.5476 22.9143 8.56367 7.84522 7.84522 
14.6339 9.50808 28.5522 23.1049 8.40115 7.89988 7.89988 
13.7513 9.71383 27.1447 23.3487 10.3668 7.83734 7.83734 
15.9942 9.56816 28.618 20.033 10.0466 7.87004 7.87004 
17.4089 9.19584 27.5443 20.7518 9.28802 7.90561 7.90561 
17.9077 9.26825 29.7062 18.6177 8.62752 7.93632 7.93632 
18.4705 9.92113 28.1462 19.4297 8.24125 7.89565 7.89565 
18.5625 9.24191 28.2933 19.0421 9.01359 7.92336 7.92336 
19.5843 9.0149 27.9345 18.915 8.74922 7.90107 7.90107 
18.574 10.5981 26.4318 19.5141 9.04883 7.91654 7.91654 
19.6616 9.76591 28.3456 18.1144 8.41491 7.84876 7.84876 
20.0836 8.95599 28.6391 18.4673 8.14004 7.85696 7.85696 
20.8261 9.09984 28.7453 17.637 7.99159 7.85005 7.85005 
21.3412 9.49004 27.5463 17.6508 8.33711 7.81724 7.81724 
21.0936 8.67251 27.0662 18.6442 8.85133 7.83611 7.83611 
20.2059 8.73967 28.4479 18.2709 8.54499 7.89533 7.89533 
20.1329 8.56145 27.8467 18.5666 9.21261 7.83988 7.83988 
20.1568 8.19639 28.08 19.3737 8.52197 7.8356 7.8356 
20.5329 8.34062 27.2218 19.9899 8.20038 7.8572 7.8572 
18.9874 8.53077 28.1458 20.3147 8.31531 7.85302 7.85302 
18.099 8.56806 28.9097 20.3947 8.46032 7.78407 7.78407 
18.8418 8.1416 28.9949 20.2864 8.2361 7.7496 7.7496 
17.3724 9.32686 27.4355 22.2726 8.0264 7.78316 7.78316 
18.1018 8.72187 27.8411 21.8506 7.90931 7.78768 7.78768 
18.2149 9.02332 27.7469 21.697 7.81317 7.75236 7.75236 
18.4633 9.57301 28.7508 19.4375 8.04769 7.86391 7.86391 
18.4184 9.00337 28.8332 20.1103 7.93951 7.84762 7.84762 
21.1966 8.60263 28.6122 17.9416 7.91297 7.86703 7.86703 
22.3443 8.26957 28.1156 17.5422 7.92474 7.90177 7.90177 
20.0903 8.22835 27.3619 20.1746 8.34833 7.89825 7.89825 
20.1123 8.30881 29.4528 18.3088 8.20101 7.80819 7.80819 
20.6671 8.1737 29.3566 18.3184 7.95903 7.76261 7.76261 
19.4885 8.17136 30.3121 18.455 7.92318 7.82497 7.82497 
21.1007 8.34435 28.4053 18.5335 7.90481 7.8557 7.8557 
21.0265 8.45789 28.3296 18.1556 8.23812 7.89611 7.89611 
21.657 8.18789 29.7073 16.2626 8.37126 7.907 7.907 
20.8877 8.08803 29.2028 17.7467 8.17971 7.94758 7.94758 
21.2719 8.34338 27.9772 18.2682 8.22998 7.95468 7.95468 
22.3242 8.23013 27.7873 17.738 8.17343 7.87345 7.87345 
19.174 9.01121 28.2853 19.2548 8.68612 7.79429 7.79429 
22.0074 8.9642 27.5185 17.4299 8.32395 7.87804 7.87804 
22.9845 8.47571 28.296 15.7437 8.63482 7.93263 7.93263 
21.8526 8.44206 29.7636 15.98 8.22131 7.87022 7.87022 
20.5473 8.15689 29.0217 18.4856 8.04652 7.87097 7.87097 
21.2676 7.99411 26.8603 20.2368 7.93892 7.85115 7.85115 
20.2553 8.098 27.1525 20.213 8.54359 7.86879 7.86879 
19.6731 7.98839 27.9702 20.4095 8.21119 7.87379 7.87379 
20.2326 7.95459 26.8564 20.9308 8.23101 7.89729 7.89729 
22.6163 7.9773 27.0949 18.2988 8.1155 7.94865 7.94865 
23.9535 8.05842 26.9195 17.2889 7.98217 7.89874 7.89874 
23.5557 8.41517 29.4247 15.1357 7.85073 7.80902 7.80902 
24.8688 8.57122 28.1669 14.6588 7.92537 7.90451 7.90451 
24.1396 8.33185 28.5343 15.4219 7.86442 7.85399 7.85399 
23.7909 8.17186 28.6588 15.8712 7.93814 7.78456 7.78456 
23.1296 8.04163 28.5699 16.3217 8.24122 7.84798 7.84798 
26.3623 7.91489 27.6806 14.3914 8.01469 7.81807 7.81807 
25.199 8.11175 28.0836 15.2075 7.86491 7.7666 7.7666 
27.4688 7.97744 27.6039 13.4861 7.85403 7.80487 7.80487 
28.0201 7.88483 27.763 12.9119 7.82312 7.79854 7.79854 
27.1588 8.26767 28.9334 11.8193 8.06381 7.87851 7.87851 
27.1108 8.09423 30.4733 10.5301 7.9923 7.89965 7.89965 
27.3054 7.95337 29.9241 11.2025 7.9024 7.85608 7.85608 
27.5671 7.95222 29.3352 11.4117 7.92674 7.90357 7.90357 
25.0958 8.72724 30.0522 10.6832 8.48825 8.47667 8.47667 
25.7554 8.29444 29.806 11.4737 8.33218 8.16915 8.16915 
27.7033 8.94373 27.9844 11.2601 8.09051 8.009 8.009 
27.0504 8.66441 29.0543 11.5307 7.92724 7.88649 7.88649 
27.291 8.2879 29.5588 11.1451 7.91932 7.89894 7.89894 
26.7784 8.09965 29.0199 12.3763 7.91535 7.90517 7.90517 
26.7962 8.3085 29.6519 11.5509 7.90089 7.8958 7.8958 
25.653 8.07582 29.6952 12.8016 8.03541 7.86947 7.86947 
25.4581 8.24844 30.6371 12.1903 7.87736 7.79438 7.79438 
25.1129 7.99419 30.9532 12.5967 7.80865 7.76716 7.76716 
26.3496 7.91559 29.2697 13.0382 7.82282 7.80208 7.80208 
25.9797 8.37853 28.3544 13.6837 7.87482 7.86445 7.86445 
24.7545 9.58142 28.5563 12.7242 8.67597 7.85379 7.85379 
26.0136 8.70921 29.0117 12.3182 8.25648 7.84539 7.84539 
27.3617 8.22557 29.8284 10.9978 7.99921 7.79366 7.79366 
28.197 8.05544 29.6096 10.5168 7.94226 7.83948 7.83948 
28.2354 7.89677 30.4298 9.57389 8.2866 7.78879 7.78879 
29.7427 7.89575 29.6886 8.89879 8.09067 7.84176 7.84176 
27.6054 8.06773 32.0728 8.38198 8.16519 7.85347 7.85347 
28.0884 7.96972 31.1967 9.00148 8.01845 7.86259 7.86259 
26.4295 7.9604 29.054 12.7576 7.98476 7.90683 7.90683 
27.7717 7.93589 27.8181 12.7079 7.94808 7.90911 7.90911 
28.8391 7.86203 27.3047 12.4287 7.86812 7.84864 7.84864 
27.2448 8.39198 29.6375 11.233 7.83741 7.82766 7.82766 
27.5759 8.55646 29.499 10.849 7.84312 7.83825 7.83825 
27.4672 8.20905 28.9004 11.8711 7.85238 7.84994 7.84994 
26.2692 8.09313 29.5499 12.3458 7.91479 7.91358 7.91358 
26.3512 8.02746 29.7431 11.9054 8.09752 7.93768 7.93768 
26.5825 7.95695 29.6981 11.9464 7.99198 7.91206 7.91206 
25.8652 8.56427 29.9378 11.7424 7.99007 7.95011 7.95011 
27.1944 8.1412 30.4051 10.737 7.8541 7.83412 7.83412 
26.8218 9.50538 28.4272 11.5279 7.91256 7.90257 7.90257 
27.1304 9.02098 28.6953 11.4042 7.91969 7.9147 7.9147 
24.071 9.76341 32.0519 10.5659 7.8509 7.8484 7.8484 
24.7339 8.84996 30.6291 12.1084 7.8937 7.89245 7.89245 
24.6369 8.41271 29.2716 13.8763 7.93458 7.93396 7.93396 
24.6963 8.76662 28.9681 13.9414 7.87609 7.87577 7.87577 
24.5806 8.35884 28.2455 15.0747 7.91358 7.91342 7.91342 
25.5453 8.03848 28.8878 13.9132 7.98363 7.81577 7.81577 
23.9848 8.26167 30.656 13.4717 7.93121 7.84728 7.84728 
24.9374 8.9852 28.273 14.341 7.8491 7.80713 7.80713 
25.3258 8.77832 29.8508 12.3491 8.03169 7.83214 7.83214 
26.3128 8.24672 29.3171 12.406 8.17015 7.77364 7.77364 
26.599 8.54959 27.1176 14.0719 8.0195 7.82124 7.82124 
26.7016 8.22669 28.6791 12.706 7.96164 7.86251 7.86251 
28.1235 8.00945 28.6252 11.7102 7.87692 7.82736 7.82736 
28.0916 7.88532 29.3872 11.2282 7.81906 7.79428 7.79428 
26.2715 7.86116 29.2704 13.1376 7.82802 7.81563 7.81563 
27.353 7.92419 28.0537 12.9586 7.90762 7.90143 7.90143 
26.9533 7.9169 28.8574 12.5527 7.90861 7.90552 7.90552 
25.7438 8.30627 28.2486 14.1956 7.83629 7.83475 7.83475 
25.6305 8.29107 28.9519 13.4771 7.88366 7.88289 7.88289 
26.7687 8.506 28.5748 12.5525 7.86625 7.86586 7.86586 
24.6492 8.60083 30.4929 12.4027 8.08332 7.8855 7.8855 
24.2294 8.4274 30.1671 13.3442 8.00992 7.911 7.911 
23.137 8.20731 28.6618 16.097 7.99857 7.94911 7.94911 
21.4823 7.98296 28.9861 17.9623 7.87859 7.85387 7.85387 
21.5348 8.11847 28.62 18.0288 7.90755 7.89519 7.89519 
22.8792 8.25178 27.6641 17.71 7.83576 7.82958 7.82958 
21.5273 8.07326 28.0133 18.7965 7.86525 7.86216 7.86216 
21.29 8.24716 30.8488 16.2404 7.79227 7.79073 7.79073 
20.5798 8.19524 29.5938 18.055 7.9678 7.80416 7.80416 
21.3837 8.00387 30.5781 16.5275 7.89015 7.80833 7.80833 
22.4859 8.15476 27.4153 18.2305 7.93179 7.89088 7.89088 
23.058 8.18697 27.92 17.1632 7.90425 7.88379 7.88379 
22.0272 8.18601 28.9066 17.3005 7.86672 7.85649 7.85649 
22.5278 8.03622 28.3334 17.483 7.87658 7.87146 7.87146 
22.9144 7.90161 29.3771 16.3467 7.82178 7.81923 7.81923 
25.1696 7.96418 29.7387 13.859 7.75705 7.75577 7.75577 
26.1232 7.98209 28.8694 13.391 7.87852 7.87788 7.87788 
26.2969 7.91261 29.1406 13.0681 7.86083 7.86051 7.86051 
27.3229 7.85039 27.4986 13.8549 7.8245 7.82434 7.82434 
25.9064 7.83676 29.2255 13.5601 7.82381 7.82373 7.82373 
25.9339 7.76453 29.3563 13.6711 7.75806 7.75802 7.75802 
28.0613 7.81308 28.3574 12.3387 7.80985 7.80983 7.80983 
27.667 7.7527 29.7381 11.5889 7.75108 7.75107 7.75107 
26.0898 7.77607 30.0501 12.7582 7.77526 7.77526 7.77526 
27.4967 8.04086 28.9786 11.6947 8.04045 7.87434 7.87434 
27.8788 8.36826 29.7067 10.1952 8.00573 7.92268 7.92268 
26.2148 8.07634 30.4222 11.6844 7.89508 7.85355 7.85355 
25.8767 8.19202 29.5188 12.6114 7.94754 7.92678 7.92678 
25.5581 8.7286 29.2961 12.5358 7.96738 7.957 7.957 
26.3484 8.3466 28.0699 13.3475 7.96599 7.9608 7.9608 
27.247 8.14681 28.6045 12.1373 7.95651 7.95391 7.95391 
26.0846 7.96749 29.2555 13.078 7.87233 7.87104 7.87104 
26.2915 7.92696 28.3502 13.7945 7.87938 7.87874 7.87874 
25.865 7.91085 29.6722 12.7452 8.03326 7.88674 7.88674 
26.2659 8.04633 28.624 13.3423 7.95602 7.88276 7.88276 
27.4411 8.42568 27.9912 12.4888 7.90883 7.8722 7.8722 
26.0968 8.17324 29.5072 12.515 7.91481 7.8965 7.8965 
26.7637 8.4269 28.1216 12.8547 7.95046 7.9413 7.9413 
27.8923 8.58408 28.2217 11.6721 7.99621 7.81681 7.81681 
24.9525 8.22286 30.9347 11.8109 8.40062 7.83922 7.83922 
25.4732 8.69858 28.923 12.9391 8.17585 7.89515 7.89515 
25.3492 8.2532 28.5756 14.1272 7.99183 7.85148 7.85148 
25.6971 7.98512 28.5965 14.1376 8.01521 7.78426 7.78426 
23.3031 7.93195 28.3892 16.0082 8.70457 7.83152 7.83152 
25.5317 7.90919 27.6015 14.9441 8.2955 7.85898 7.85898 
24.3043 7.80075 28.3841 15.9657 7.99391 7.77564 7.77564 
25.5668 7.86379 28.064 14.8426 7.96037 7.85124 7.85124 
25.5594 7.87511 27.5967 15.3077 7.9234 7.86884 7.86884 
24.9821 8.10422 27.9352 15.5408 7.83075 7.80347 7.80347 
25.1399 8.21878 27.6581 15.6573 7.78442 7.77078 7.77078 
24.6667 7.98036 28.829 15.248 7.76318 7.75636 7.75636 
26.3085 7.87217 28.2344 14.301 7.76358 7.76017 7.76017 
27.2647 7.92381 27.9209 13.2855 7.86952 7.86781 7.86781 
26.8976 7.89777 28.8292 12.7652 7.87062 7.86977 7.86977 
26.5371 7.91947 28.5323 13.2944 7.9059 7.90547 7.90547 
14 14 14 14 14 14 14 
16.1026 13.9231 18.0256 15.8462 13.1538 10.9744 10.9744 
16.4659 17.2054 17.9153 16.3377 12.7964 9.38962 9.38962 
15.4423 19.0678 19.539 15.727 12.6773 8.6483 8.6483 
13.8412 19.5801 20.855 16.8704 12.2278 8.25025 8.25025 
11.7452 18.6716 22.2696 18.9615 12.1446 8.07249 8.07249 
11.8108 18.7182 21.3486 20.0508 12.1293 7.95549 7.95549 
11.2498 20.1667 20.2942 20.2392 12.2404 7.89698 7.89698 
11.9985 20.6328 19.1581 18.9108 13.4828 7.90454 7.90454 
9.9904 20.8486 19.0026 19.7658 14.502 7.9434 7.9434 
10.2761 21.0984 18.0406 19.9953 14.7791 7.90428 7.90428 
11.4028 18.587 19.1858 18.5083 16.6094 7.85285 7.85285 
11.1702 18.2221 21.4233 17.4015 16.1172 7.83268 7.83268 
10.8073 18.4444 20.2672 18.8118 15.8364 7.91634 7.91634 
10.0947 19.6341 20.6599 18.6737 15.2408 7.84833 7.84833 
10.2696 19.817 20.1077 19.0035 14.9538 7.92416 7.92416 
10.677 18.9447 19.5719 18.056 16.8745 7.93799 7.93799 
11.0462 18.4906 19.8316 19.6444 15.0582 7.96443 7.96443 
11.2208 19.2453 20.0321 18.078 15.5524 7.9357 7.9357 
10.2908 18.0701 20.4042 19.6555 15.6529 7.96328 7.96328 
10.6748 17.1527 21.9668 18.7689 15.4735 7.98164 7.98164 
9.85046 15.821 24.5226 19.1232 14.8626 7.91006 7.91006 
10.5942 15.5069 23.4858 20.2192 14.3474 7.92328 7.92328 
11.6055 14.7628 22.3737 19.9227 15.4681 7.9336 7.9336 
11.6247 15.0298 22.3741 18.9796 16.0674 7.96224 7.96224 
12.2313 13.8212 23.3492 19.2871 15.4661 7.92256 7.92256 
11.5935 15.0691 22.5138 21.4151 13.5606 7.92398 7.92398 
10.8692 15.7471 22.0057 20.8525 14.6305 7.9475 7.9475 
11.041 16.798 20.8427 20.9526 14.6379 7.86391 7.86391 
10.7137 17.6985 20.687 21.2251 13.8407 7.91746 7.91746 
10.6321 16.8768 20.5499 21.6217 14.6038 7.85781 7.85781 
9.6284 15.6645 21.3472 22.4659 15.1108 7.89161 7.89161 
9.92109 14.9581 21.0062 22.7531 15.6314 7.86505 7.86505 
10.568 16.0071 20.9003 21.5401 15.1755 7.90449 7.90449 
9.34434 15.7762 20.891 22.139 16.0564 7.89656 7.89656 
9.73099 16.1234 20.9161 21.7754 15.5576 7.94828 7.94828 
10.9335 16.1928 19.4386 21.2032 16.5167 7.85763 7.85763 
10.5711 18.0732 19.5801 19.8824 16.147 7.87313 7.87313 
9.92358 17.5208 21.2154 21.3665 14.1821 7.89584 7.89584 
9.31502 19.7056 21.9261 19.7629 13.4343 7.92802 7.92802 
10.0313 18.3809 22.6453 18.1758 14.8947 7.93597 7.93597 
11.7154 17.0068 22.4889 17.7728 15.1397 7.93821 7.93821 
11.7679 15.241 23.5376 18.9337 14.7802 7.86981 7.86981 
12.2369 16.0911 21.6512 19.8198 14.3313 7.93491 7.93491 
12.6043 17.9512 20.1416 19.5797 14.0053 7.85896 7.85896 
14.1185 16.792 19.0038 19.0951 15.1912 7.8997 7.8997 
12.8382 17.19 20.9341 17.9646 15.3846 7.84432 7.84432 
11.9329 17.4922 20.3668 19.3833 15.2111 7.80687 7.80687 
10.5004 18.4438 21.7703 18.5078 15.1622 7.80772 7.80772 
9.25507 18.5666 23.7492 18.9626 13.8918 7.78735 7.78735 
8.81473 18.5197 22.2194 21.7966 12.9804 7.83456 7.83456 
8.71575 18.4435 23.468 21.3291 12.2725 7.88554 7.88554 
8.3019 17.8732 22.421 23.5144 12.1159 7.88679 7.88679 
9.24804 17.9172 21.8901 22.4368 12.8541 7.82689 7.82689 
8.60953 19.2243 20.8484 23.2957 12.2241 7.89895 7.89895 
8.51268 17.7805 21.6866 23.9003 12.3002 7.90987 7.90987 
9.3056 16.2794 23.8975 22.5413 12.1846 7.89582 7.89582 
9.76229 15.074 23.6276 23.1928 12.6616 7.84086 7.84086 
10.7124 14.1127 24.0967 24.2515 11.0455 7.89065 7.89065 
10.4431 14.8727 24.0831 23.6642 11.1059 7.91555 7.91555 
11.6351 13.3264 24.8688 23.4813 10.9194 7.88448 7.88448 
11.3731 12.5975 26.197 23.4831 10.6365 7.85638 7.85638 
12.2757 11.9835 27.698 22.2067 10.2278 7.80416 7.80416 
13.6703 12.8749 25.4074 22.402 10.049 7.79818 7.79818 
13.5391 13.1414 24.9942 23.0725 9.63342 7.80971 7.80971 
12.7644 13.4584 26.1451 21.6128 10.3014 7.85893 7.85893 
12.419 14.9969 25.146 21.83 9.87511 7.86648 7.86648 
12.9803 15.1808 24.422 21.0713 10.6667 7.83949 7.83949 
12.2193 15.5331 24.0599 21.6033 10.9323 7.82599 7.82599 
10.7579 15.1786 24.0903 23.1132 11.2451 7.80747 7.80747 
11.6908 15.1388 23.6788 22.4477 11.3156 7.86413 7.86413 
11.5483 15.3943 24.5715 21.5687 11.0955 7.91085 7.91085 
12.5309 14.3188 25.2587 21.3249 10.818 7.87434 7.87434 
14.7332 12.5357 26.0702 20.3399 10.6509 7.83502 7.83502 
15.2477 11.1774 26.4718 20.635 10.881 7.79348 7.79348 
15.9159 10.5392 25.8597 20.8373 11.1336 7.85714 7.85714 
14.8913 12.6029 23.4632 21.4853 11.7001 7.92857 7.92857 
13.1304 11.9862 25.6851 21.4662 12.0516 7.84025 7.84025 
14.6081 12.1593 26.6495 19.8484 11.1196 7.80753 7.80753 
14.3721 11.4462 26.2829 21.8352 10.4028 7.83046 7.83046 
15.7613 11.0001 26.334 21.3398 9.81879 7.87302 7.87302 
15.0235 10.5421 25.9121 23.1349 9.6713 7.85808 7.85808 
14.3988 10.9184 26.1792 23.4132 9.24336 7.92353 7.92353 
13.8005 10.7963 28.3986 21.8189 9.39696 7.89435 7.89435 
13.2891 9.98148 28.9215 22.1595 9.97626 7.83606 7.83606 
13.1905 12.0938 27.4134 22.0825 9.58423 7.81775 7.81775 
13.6991 11.9212 26.8215 22.9265 8.89048 7.87063 7.87063 
13.8918 12.7212 27.3544 21.1816 9.09313 7.87897 7.87897 
14.7807 12.6284 25.0732 22.5566 9.10497 7.92809 7.92809 
14.6553 11.8698 25.4996 23.1017 8.96844 7.95265 7.95265 
15.5522 11.5485 26.0657 21.9947 9.05341 7.89277 7.89277 
15.2322 10.4526 28.6761 20.5003 9.35127 7.89376 7.89376 
16.3178 10.0605 29.1171 19.9186 8.9574 7.81428 7.81428 
16.3195 10.6002 28.03 20.7106 8.75331 7.79315 7.79315 
16.6066 10.0685 29.2739 20.0283 8.32761 7.84753 7.84753 
17.5101 9.56683 28.2347 20.779 8.12981 7.88977 7.88977 
18.6688 11.5363 27.6231 18.5792 7.94422 7.8242 7.8242 
17.1641 12.3616 26.7236 19.7291 8.23035 7.89561 7.89561 
17.7926 12.1749 25.7887 20.3909 8.06254 7.89518 7.89518 
18.1495 11.6069 27.3424 18.7993 8.41439 7.84369 7.84369 
18.0666 11.1168 27.1589 19.0727 8.83935 7.8728 7.8728 
19.9755 11.1815 27.8652 16.3753 8.82697 7.88777 7.88777 
19.54 10.3669 28.5595 17.5906 8.29408 7.82448 7.82448 
19.0186 10.9638 27.8635 17.1768 9.34935 7.81397 7.81397 
18.108 10.0997 28.5815 18.7795 8.65557 7.88788 7.88788 
18.2283 10.7074 26.9819 19.1757 9.06785 7.91947 7.91947 
18.3282 10.0962 26.6346 20.2924 8.86997 7.88928 7.88928 
19.1641 10.6542 27.1052 18.6311 8.67741 7.88403 7.88403 
17.8652 9.39335 28.4622 20.1589 8.40497 7.85768 7.85768 
18.063 9.33436 28.434 19.6447 8.84017 7.84188 7.84188 
18.3979 9.48812 28.5421 19.051 8.69006 7.91543 7.91543 
19.2936 9.63365 27.678 19.1469 8.44597 7.90093 7.90093 
18.4614 9.83202 28.5806 19.1479 8.17435 7.90183 7.90183 
19.5755 9.37003 27.7961 19.6314 7.96649 7.83023 7.83023 
20.0012 9.41063 27.4651 19.4194 7.94666 7.87853 7.87853 
20.2047 9.80735 27.1436 19.1849 7.90919 7.87512 7.87512 
19.1683 9.98609 26.6213 19.8947 8.48756 7.92108 7.92108 
17.3651 10.1804 28.1521 20.322 8.27836 7.85103 7.85103 
16.1749 10.1361 28.6021 21.1702 8.11472 7.90105 7.90105 
16.3153 9.81486 27.1175 22.9269 8.01305 7.90622 7.90622 
14.185 10.2499 28.6272 23.1073 7.97913 7.92571 7.92571 
15.6219 9.83083 27.2548 23.1713 8.25427 7.93344 7.93344 
17.3789 9.54505 27.362 21.4622 8.60244 7.82475 7.82475 
16.8584 9.13872 28.188 21.717 8.38573 7.85604 7.85604 
15.6547 9.62716 28.5449 22.4192 8.0946 7.82975 7.82975 
17.1521 9.31519 28.9027 21.1774 7.90582 7.7734 7.7734 
17.7065 8.57064 27.06 23.1974 7.86595 7.79974 7.79974 
18.6455 8.14289 28.8119 21.0943 7.79054 7.75744 7.75744 
19.1993 8.08379 28.4492 21.041 7.7533 7.73674 7.73674 
19.3084 8.0872 27.4932 21.8473 7.76014 7.75187 7.75187 
19.4782 8.73568 27.9695 20.3078 7.83902 7.83488 7.83488 
21.6367 8.2835 27.3883 19.1901 7.83517 7.8331 7.8331 
20.7255 8.01172 28.2453 18.883 8.56155 7.78652 7.78652 
22.1443 7.88517 27.9157 18.3495 8.16008 7.77257 7.77257 
21.1625 7.85825 27.3615 20.0181 7.9957 7.80195 7.80195 
21.7992 7.93553 27.4628 19.1437 8.16452 7.74713 7.74713 
23.2806 8.57094 26.5885 17.8258 8.05051 7.84182 7.84182 
21.9963 8.81622 27.8574 17.6508 8.07056 7.8044 7.8044 
20.6135 9.2158 28.6723 17.7997 8.20195 7.74836 7.74836 
21.7717 8.58879 28.0304 17.6578 8.2411 7.85507 7.85507 
22.3384 8.48434 28.9593 16.5105 8.03117 7.83815 7.83815 
23.8993 8.2299 27.9766 16.0773 8.00331 7.9068 7.9068 
23.776 8.30657 28.0602 16.2722 7.89387 7.84562 7.84562 
24.8938 8.05502 27.7584 15.506 8.13769 7.82454 7.82454 
22.9554 8.43429 29.9809 14.7022 8.30613 7.81058 7.81058 
23.0876 8.08711 28.7675 16.4842 8.02303 7.77526 7.77526 
24.4669 8.04356 27.6145 16.0883 8.01152 7.88763 7.88763 
24.2647 7.92803 28.651 15.5441 7.91201 7.85006 7.85006 
24.927 7.83607 28.8036 14.6744 8.16476 7.79709 7.79709 
25.6648 7.87843 28.9233 13.7729 8.04278 7.85894 7.85894 
25.3324 7.86363 28.9965 14.1539 7.94581 7.85389 7.85389 
26.9086 7.87121 28.5892 12.986 7.9123 7.86634 7.86634 
27.5483 7.79467 28.3885 12.8689 7.81521 7.79223 7.79223 
27.7572 7.85214 28.8835 11.9429 7.86241 7.85092 7.85092 
27.4237 7.93945 29.1575 12.1587 7.77736 7.77161 7.77161 
28.1381 7.90415 29.3328 10.9974 7.8231 7.98417 7.82023 
26.5691 8.01834 29.5761 11.824 8.27902 7.90775 7.82578 
27.1399 7.92483 28.9447 12.2373 8.05517 7.86954 7.82855 
28.7675 7.91378 28.6061 10.9819 7.97895 7.88614 7.86564 
27.7794 7.85097 28.3217 12.5003 7.88356 7.83715 7.8269 
25.5249 8.64247 27.9973 14.269 7.8726 7.84939 7.84427 
25.6413 8.4879 29.9078 12.2481 7.91357 7.90197 7.89941 
25.4769 8.30645 29.6414 12.9991 7.86304 7.85723 7.85595 
25.6722 8.09644 28.5431 14.0705 7.87474 7.87183 7.87119 
25.9508 7.98265 28.042 14.4123 7.87179 7.87034 7.87002 
26.3305 8.06299 27.5389 14.5351 7.84469 7.84397 7.84381 
25.4753 8.28681 29.119 13.4986 7.87371 7.87335 7.87327 
24.8688 8.4057 28.8218 14.2903 7.87128 7.8711 7.87106 
26.6038 8.27451 28.0917 13.4969 7.84444 7.84435 7.84433 
24.876 8.92121 28.3977 14.4645 7.78024 7.7802 7.78019 
24.9798 8.30676 29.0818 14.0884 8.07072 7.73625 7.73625 
24.9899 8.25786 30.2125 13.0144 7.95327 7.78604 7.78603 
25.3074 8.03518 30.4188 12.7572 7.88289 7.79927 7.79927 
23.7648 7.96496 30.1217 14.2733 8.18121 7.847 7.847 
24.6693 8.24477 29.1592 14.1858 8.02503 7.85793 7.85793 
26.0013 8.45572 28.5796 13.0929 8.01252 7.92896 7.92896 
25.3035 8.48654 28.4854 13.9597 7.94948 7.9077 7.9077 
24.6381 8.18162 30.3386 13.1442 7.91309 7.89221 7.89221 
26.8701 7.96078 29.5656 12.1449 7.82652 7.81607 7.81607 
27.8696 8.29587 29.3661 11.132 7.78231 7.77708 7.77708 
27.9219 8.00645 29.9564 10.8714 7.74967 7.74706 7.74706 
27.7705 7.97148 28.9464 11.7849 7.84309 7.84179 7.84179 
26.9146 7.89454 28.4797 13.2215 7.83034 7.82969 7.82969 
27.3462 9.19418 28.5917 11.549 7.77319 7.77287 7.77287 
27.545 8.56051 27.8629 12.4818 7.85001 7.84985 7.84985 
29.0268 8.17856 28.6772 10.6477 7.82331 7.82323 7.82323 
26.5343 8.44468 30.3665 10.8988 8.26706 7.74437 7.74437 
27.7326 8.15316 30.7493 9.69466 8.06435 7.803 7.803 
26.7946 7.97066 29.3933 12.1682 8.08202 7.79558 7.79558 
26.6177 7.88363 30.6289 11.3383 7.93931 7.7961 7.7961 
27.0052 7.90221 30.0009 11.2797 8.09507 7.85844 7.85844 
27.0246 8.35362 27.8935 13.0298 7.97835 7.86004 7.86004 
26.8456 8.2119 28.6836 12.6553 8.02426 7.78967 7.78967 
26.1794 8.06489 28.7113 13.3657 7.97108 7.85378 7.85378 
26.4966 7.97566 27.9203 13.9384 7.92876 7.87011 7.87011 
26.5817 8.02292 29.2233 12.5832 7.99947 7.7947 7.7947 
26.3211 8.10237 30.5208 11.4431 7.93913 7.83675 7.83675 
26.3104 8.02672 28.716 13.2139 7.9451 7.89391 7.89391 
27.4185 7.93186 28.3079 12.7198 7.89104 7.86545 7.86545 
25.5843 8.65343 29.7789 12.4537 7.85177 7.83897 7.83897 
26.5742 8.33312 29.7933 11.8358 7.9323 7.76564 7.76564 
26.9538 8.4999 29.3967 11.4179 7.96615 7.88282 7.88282 
26.1529 8.4753 30.0152 10.9906 8.7366 7.81465 7.81465 
24.7908 8.23765 29.1505 13.6382 8.3683 7.90732 7.90732 
25.2767 9.03408 28.643 13.2598 8.08245 7.85197 7.85197 
24.7544 8.44195 28.144 14.9917 7.96614 7.8509 7.8509 
24.0539 9.0114 28.7427 14.6815 7.87529 7.81766 7.81766 
24.8603 8.67236 28.2047 14.5074 7.93764 7.90883 7.90883 
25.6654 8.3803 30.095 12.4008 7.82912 7.81471 7.81471 
26.909 8.14909 28.6839 12.652 7.8735 7.8663 7.8663 
25.2925 8.43592 29.6067 13.1796 7.83083 7.82723 7.82723 
24.7205 8.08793 28.89 14.9489 7.78539 7.78358 7.78358 
25.3537 8.32028 27.6029 15.2047 7.84006 7.83916 7.83916 
26.2834 8.58637 28.8834 12.6843 7.85446 7.85401 7.85401 
27.4045 8.13934 29.3456 11.7909 7.77338 7.77316 7.77316 
28.589 7.95316 29.3977 10.7498 7.77019 7.77007 7.77007 
27.8203 7.92795 29.1365 11.4539 7.98844 7.8364 7.8364 
26.229 7.94948 31.0538 10.9806 7.97973 7.90371 7.90371 
25.9478 8.30807 28.5269 13.3236 7.98986 7.95185 7.95185 
26.0654 8.09725 29.0899 12.971 7.93815 7.91915 7.91915 
24.973 8.15311 31.8957 11.3362 7.88698 7.87748 7.87748 
25.4495 7.94861 30.426 12.7388 7.81555 7.8108 7.8108 
26.3153 8.16893 29.3069 12.7452 7.93462 7.76446 7.76446 
26.0838 8.06174 29.0001 13.1908 7.94458 7.8595 7.8595 
25.8672 8.12009 30.1134 12.3575 7.87564 7.8331 7.8331 
27.2884 7.93101 28.6051 12.7916 7.80879 7.78752 7.78752 
25.3056 7.95912 30.4367 12.4661 8.05775 7.88737 7.88737 
25.3487 8.21153 28.8547 13.9133 7.94737 7.86218 7.86218 
27.7537 8.07402 28.7131 11.7186 7.94194 7.89934 7.89934 
28.3384 8.03701 29.1258 10.6285 7.97097 7.94967 7.94967 
27.3091 8.28472 30.6038 10.0924 7.9104 7.89975 7.89975 
26.7536 8.77495 29.8387 10.797 7.94881 7.94349 7.94349 
27.9193 8.30904 29.135 10.9541 7.89597 7.89331 7.89331 
28.5107 8.02449 29.583 10.4306 7.81796 7.81662 7.81662 
27.7502 7.99148 30.1894 10.4056 7.88822 7.88755 7.88755 
27.9102 8.20627 29.8316 10.6414 7.80376 7.80342 7.80342 
28.3446 8.02755 29.0146 11.1347 7.8263 7.82613 7.82613 
27.3506 8.08354 30.5926 10.2185 7.98292 7.78903 7.98283 
25.6108 7.91274 31.9092 11.077 7.86243 7.76548 7.86238 
27.1804 7.86262 29.5483 11.9447 7.83746 7.78899 7.83744 
25.8853 7.86574 30.0201 12.6937 7.85316 7.82892 7.85315 
26.2239 8.15162 28.9163 13.2218 7.83283 7.82071 7.83282 
26.7195 8.03151 28.8569 12.7818 7.87211 7.86605 7.87211 
27.0092 8.3261 28.7963 12.4254 7.81537 7.81234 7.81536 
27.5173 8.14394 28.7293 11.9452 7.88857 7.88706 7.88857 
27.8612 7.91812 29.589 11.2611 7.79044 7.78968 7.79044 
26.0344 7.84955 29.7801 12.9792 7.78571 7.78533 7.78571 
27.3029 7.87614 28.1119 13.1765 7.84422 7.84403 7.84422 
26.8176 7.85657 27.8491 13.955 7.84061 7.84051 7.84061 
26.5261 7.78631 28.7394 13.6133 7.77833 7.77828 7.77833 
26.0462 7.77665 30.5509 12.3083 7.77266 7.77264 7.77266 
27.7196 7.88193 29.1732 11.5854 7.87994 7.87993 7.87994 
25.3858 8.32408 29.3593 13.4226 7.83607 7.83607 7.83607 
24.9378 8.38945 29.5485 13.5626 7.8539 7.85389 7.8539 
25.3088 8.42433 28.8226 13.881 7.85444 7.85444 7.85444 
26.498 8.12096 28.5807 13.2923 7.83602 7.83601 7.83602 
26.5078 8.37358 28.1881 12.7164 8.39085 7.91162 7.91162 
26.4614 8.14905 29.7544 11.4526 8.34637 7.91807 7.91807 
26.3455 8.00895 29.6313 12.1197 8.10761 7.89346 7.89346 
26.9498 8.33884 28.4379 12.5614 8.07857 7.8167 7.8167 
25.2931 8.89669 29.1281 12.6443 8.2211 7.90835 7.90835 
26.2531 8.38277 28.9903 12.5517 8.04498 7.8886 7.8886 
25.9599 8.19139 28.6618 13.2758 8.02249 7.9443 7.9443 
24.5928 7.96666 29.8148 14.0573 7.88221 7.84312 7.84312 
24.4759 8.15 28.8497 15.2017 7.78726 7.76771 7.76771 
24.3875 8.28061 28.132 15.8563 7.78771 7.77794 7.77794 
22.2547 8.25616 29.7672 16.1599 7.85727 7.85238 7.85238 
14 14 14 14 14 14 14 
15.7379 15.2524 17.4369 15.3738 13.432 10.8835 10.8835 
13.4114 17.1781 19.0958 17.0029 14.1453 9.33326 9.33326 
12.3277 15.7661 20.6723 17.8316 15.9243 8.614 8.614 
12.1105 15.286 19.5595 19.5954 16.9427 8.19049 8.19049 
11.4083 17.3241 19.1191 20.5039 15.419 8.08158 8.08158 
9.6724 17.5056 20.4439 20.7961 15.5326 8.00904 8.00904 
8.80446 18.6167 18.8387 21.8493 15.9296 7.97278 7.97278 
8.37048 18.492 19.5101 22.6027 15.1076 7.95464 7.95464 
8.62715 18.1298 20.5751 22.1214 14.6153 7.96365 7.96365 
8.24371 19.2178 22.1871 20.6677 13.8579 7.91196 7.91196 
9.79871 20.3076 20.7005 20.1592 13.2608 7.88611 7.88611 
9.48548 20.892 19.4107 19.923 14.5722 7.85804 7.85804 
8.64029 19.9115 19.5049 20.7633 15.5267 7.82657 7.82657 
8.48681 20.3724 18.7802 20.914 15.7494 7.84847 7.84847 
8.86234 20.0015 18.7435 22.1198 14.5722 7.85033 7.85033 
8.44903 20.157 18.4119 22.4438 14.8754 7.83142 7.83142 
8.1236 20.6289 18.839 22.3458 14.4331 7.81479 7.81479 
8.97047 21.0451 18.2094 22.5884 13.3809 7.90283 7.90283 
10.34 20.9441 19.9947 19.8422 13.0137 7.93268 7.93268 
10.2288 22.0015 19.8797 19.8035 12.1539 7.96634 7.96634 
9.95313 21.4846 19.6173 19.4639 13.6806 7.90022 7.90022 
9.32951 20.0364 20.8675 18.9084 14.958 7.95011 7.95011 
9.54847 20.5996 20.3174 19.1054 14.572 7.92854 7.92854 
9.95857 20.5533 20.0666 17.9628 15.6961 7.88132 7.88132 
9.69627 20.4181 18.6418 19.2408 16.3386 7.83217 7.83217 
10.7707 19.3207 19.9131 18.2765 15.9142 7.90242 7.90242 
10.098 19.4305 20.7612 17.2992 16.6927 7.85925 7.85925 
11.1936 17.7875 18.9348 19.011 17.262 7.90553 7.90553 
11.6727 17.5014 19.0877 19.2523 16.7323 7.87682 7.87682 
10.7789 17.3714 20.0036 19.2813 16.8719 7.84645 7.84645 
10.0698 18.7313 19.8192 18.5448 16.9976 7.91866 7.91866 
10.6555 19.2017 18.4576 20.3965 15.4075 7.9406 7.9406 
9.94861 20.3829 17.5226 20.1509 16.2345 7.88025 7.88025 
9.93799 18.3028 19.0519 20.366 16.4708 7.93528 7.93528 
9.39076 19.4689 17.6892 20.2737 17.3057 7.9359 7.9359 
9.20758 18.6369 19.3324 19.2832 17.7992 7.87039 7.87039 
8.8617 17.226 21.1017 20.2255 16.9288 7.82814 7.82814 
9.34485 17.2125 21.116 20.9236 15.7126 7.84527 7.84527 
9.89087 16.0092 21.4803 21.6268 15.3805 7.80613 7.80613 
10.8714 15.1651 23.4562 21.4307 13.3693 7.85368 7.85368 
10.34 15.5969 24.5271 20.8828 12.9047 7.87421 7.87421 
12.0875 15.9295 23.4286 20.3929 12.5203 7.8206 7.8206 
11.7794 15.3214 22.8116 22.1665 12.1205 7.90032 7.90032 
11.8279 16.3305 21.382 21.7721 12.9486 7.8694 7.8694 
13.0035 16.2498 20.7656 20.9607 13.1907 7.9148 7.9148 
12.7518 15.6004 22.8828 21.1421 11.865 7.87897 7.87897 
13.3707 15.5722 23.6176 20.6747 11.1138 7.82549 7.82549 
11.3082 14.4771 25.6774 21.1646 11.7613 7.80569 7.80569 
12.0013 15.6582 22.9423 22.2403 11.5801 7.78886 7.78886 
12.1281 15.3046 23.7261 21.4143 11.795 7.816 7.816 
13.1719 15.1278 22.5248 20.7562 12.7602 7.82957 7.82957 
12.5138 14.1361 22.3449 22.2338 12.9523 7.90963 7.90963 
11.7432 13.5518 25.3869 21.8401 11.5884 7.94484 7.94484 
12.5862 13.1308 26.0028 21.1119 11.3098 7.92925 7.92925 
11.996 12.5336 25.8661 21.4313 12.2862 7.94341 7.94341 
10.9473 12.7389 24.7351 23.0253 12.7421 7.90571 7.90571 
12.0458 14.488 23.7078 22.4662 11.3968 7.9477 7.9477 
11.6957 15.1596 23.9911 22.0511 11.2393 7.93163 7.93163 
13.2357 14.9676 23.8689 20.7881 11.2925 7.9236 7.9236 
12.8361 13.829 25.64 20.927 10.9762 7.89581 7.89581 
14.0517 14.0392 25.0338 20.8961 10.1955 7.89193 7.89193 
14.4925 13.9529 23.9835 22.448 9.23107 7.94596 7.94596 
13.0205 14.7192 24.3277 22.3789 9.73365 7.90999 7.90999 
13.7993 13.3699 25.2073 22.3148 9.4704 7.91919 7.91919 
14.5919 13.5815 25.3358 21.237 9.37711 7.93837 7.93837 
12.9989 13.8199 25.6652 21.0959 10.5241 7.94797 7.94797 
12.8113 13.9644 24.9613 20.449 11.9452 7.93438 7.93438 
12.2432 13.7081 26.0593 20.2499 11.9371 7.9012 7.9012 
13.6541 12.3086 26.1466 21.034 11.1633 7.8467 7.8467 
13.3321 12.5318 26.211 21.4864 10.6837 7.87743 7.87743 
13.3067 11.4743 26.1263 22.7224 10.6804 7.84497 7.84497 
12.364 10.6864 27.6571 23.7977 9.78182 7.85649 7.85649 
12.0644 11.6266 25.5932 25.2678 9.83744 7.80525 7.80525 
11.9516 11.4808 24.8873 25.7322 10.3343 7.80691 7.80691 
11.8824 12.1964 25.6305 24.6793 9.8375 7.88697 7.88697 
12.3514 10.9415 26.348 23.5932 10.9017 7.93209 7.93209 
12.5394 10.7954 27.4597 23.7446 9.73654 7.86215 7.86215 
13.019 11.1828 26.8153 24.269 8.86276 7.92556 7.92556 
14.5696 10.3728 27.7519 22.6536 8.80297 7.92453 7.92453 
14.177 10.199 29.2895 22.2291 8.41151 7.84698 7.84698 
14.6972 9.31143 28.2317 22.7993 9.23293 7.86371 7.86371 
15.0099 9.22561 28.7664 22.69 8.64872 7.8297 7.8297 
15.1457 8.63425 28.4583 23.9455 8.21176 7.80225 7.80225 
15.3734 8.53707 29.5744 22.2029 8.58158 7.86532 7.86532 
15.9747 9.02397 28.51 22.5145 8.23101 7.87288 7.87288 
15.897 9.173 27.8143 23.2629 8.07031 7.89124 7.89124 
15.7832 9.99961 27.8673 22.4577 8.02376 7.93422 7.93422 
13.9356 10.3569 26.7084 24.1409 8.95693 7.95063 7.95063 
13.7171 10.6881 26.5773 24.6049 8.47296 7.9698 7.9698 
13.4783 12.1046 24.6971 24.6968 9.16606 7.92856 7.92856 
14.3981 11.2546 25.2098 23.7646 9.64083 7.86602 7.86602 
13.5849 10.6545 26.056 24.2464 9.71172 7.87323 7.87323 
14.6003 11.6335 25.3403 23.9851 8.75976 7.84052 7.84052 
14.5239 12.0491 26.1262 23.1823 8.34589 7.88626 7.88626 
15.0206 11.9153 26.4252 22.6544 8.33961 7.82244 7.82244 
13.7422 10.8852 27.2706 23.2113 9.24227 7.82426 7.82426 
13.1211 10.9982 26.6908 24.2445 9.34336 7.80102 7.80102 
12.6613 9.74311 28.1995 24.987 8.65046 7.87929 7.87929 
13.9809 9.9262 28.0342 23.9689 8.28698 7.90139 7.90139 
14.1728 10.0736 28.5199 23.5867 8.01089 7.8181 7.8181 
14.7787 9.91846 27.5735 23.7756 8.14746 7.90313 7.90313 
15.2529 8.96516 27.7334 24.4991 7.9313 7.80913 7.80913 
15.6546 8.56709 27.8103 24.3622 7.90931 7.84823 7.84823 
16.0262 8.18139 27.4804 24.8155 7.8525 7.82196 7.82196 
15.3705 8.5952 27.7042 24.1195 8.58091 7.81489 7.81489 
16.6448 8.48835 27.7249 23.0424 8.4812 7.80918 7.80918 
17.1021 9.3037 26.6601 23.2771 8.10965 7.77364 7.77364 
17.1096 9.0062 28.1949 22.1491 7.95873 7.79072 7.79072 
18.3531 9.25815 28.6508 19.8642 8.30213 7.78585 7.78585 
18.6132 8.71358 28.269 20.3546 8.37642 7.83659 7.83659 
15.9955 9.20629 29.0175 21.0469 9.20493 7.76445 7.76445 
16.8935 8.74425 28.159 21.413 9.05032 7.86995 7.86995 
17.2364 8.83898 29.0651 20.6489 8.55974 7.82547 7.82547 
19.6072 8.54037 28.9556 18.8409 8.26339 7.89625 7.89625 
18.6545 10.0155 27.8319 19.0478 8.79008 7.83011 7.83011 
18.8814 9.6256 27.451 19.3965 8.85364 7.89595 7.89595 
19.2108 9.98521 27.9496 18.8937 8.30613 7.82728 7.82728 
19.2091 9.56578 27.8468 19.5078 8.11648 7.87706 7.87706 
20.2973 9.45156 27.4776 19.0913 7.9739 7.85419 7.85419 
20.9868 10.5061 27.0336 17.7826 8.03319 7.82883 7.82883 
21.3348 9.622 28.2417 17.1437 8.0619 7.79791 7.79791 
21.5765 9.20494 28.3633 16.7537 8.42489 7.83835 7.83835 
20.4147 9.20017 29.1242 17.5722 8.09176 7.79848 7.79848 
21.4318 8.53595 28.1189 17.9698 8.27328 7.8351 7.8351 
20.9498 8.80014 27.8022 18.4878 8.23021 7.86492 7.86492 
19.0376 8.98722 28.4271 19.6415 8.09064 7.90799 7.90799 
19.2289 8.40666 29.1411 19.5309 7.95836 7.86704 7.86704 
20.5901 9.23382 26.9181 19.5215 7.9426 7.89694 7.89694 
21.6065 8.55133 28.2131 17.9575 7.90572 7.88289 7.88289 
21.3048 8.3509 28.0564 18.3831 8.18484 7.85994 7.85994 
23.8974 8.14896 28.2666 15.8141 8.06593 7.90348 7.90348 
23.5243 7.933 30.2105 14.6595 8.05226 7.81026 7.81026 
25.9778 8.05147 30.4647 11.9049 7.9477 7.8267 7.8267 
26.1811 8.0974 31.519 10.5127 8.04551 7.82214 7.82214 
26.642 7.94278 30.4012 11.4869 7.91684 7.80515 7.80515 
23.9404 8.39617 30.3924 13.5606 7.94072 7.88488 7.88488 
25.4442 8.25653 29.9689 12.7868 7.86646 7.83854 7.83854 
24.7351 8.02437 29.4325 13.8609 8.31635 7.81538 7.81538 
23.7172 7.99991 28.8267 15.366 8.29928 7.89542 7.89542 
23.9752 7.98769 26.99 17.0388 8.13737 7.93544 7.93544 
26.3626 7.90009 26.62 15.3944 7.97493 7.87397 7.87397 
25.3475 8.54945 27.5533 15.1156 7.84503 7.79455 7.79455 
23.1601 8.22609 28.9742 16.0684 7.87388 7.84864 7.84864 
23.6744 8.24284 27.9089 16.4413 7.91924 7.90662 7.90662 
22.6604 8.08483 27.3691 18.1292 7.92304 7.91673 7.91673 
21.5257 7.95303 27.9304 18.9808 7.87213 7.86898 7.86898 
21.4771 8.52197 26.7899 19.7177 7.83217 7.83059 7.83059 
22.0847 8.10714 30.5103 15.6281 7.95455 7.95376 7.76145 
22.4459 8.00094 29.7288 16.1474 7.92464 7.92425 7.82809 
23.6472 7.93986 28.5008 16.2555 7.90171 7.90152 7.85344 
23.607 7.95082 28.4224 16.2488 7.93175 7.93165 7.90761 
25.0779 7.95771 28.223 14.909 7.94818 7.94813 7.93611 
23.2169 8.04665 29.3657 15.7596 7.87239 7.87237 7.86636 
24.0669 8.50838 29.633 14.026 7.92291 7.9229 7.91989 
25.7127 8.18501 28.0241 14.4029 7.89227 7.89227 7.89076 
22.2405 8.3447 29.2613 16.439 7.90508 7.90508 7.90433 
21.3054 8.1847 29.4455 17.6331 7.81056 7.81056 7.81019 
21.2138 8.05274 28.7491 18.3875 7.86568 7.86568 7.86549 
21.4892 7.99696 29.5216 16.9879 8.19755 7.90343 7.90333 
21.9722 8.3398 28.2339 17.7754 7.99099 7.84393 7.84388 
23.2588 8.10929 27.2988 17.6756 7.93489 7.86136 7.86134 
26.4093 7.98546 26.5425 15.4416 7.89826 7.8615 7.86149 
26.354 8.21351 29.018 12.9156 7.84523 7.82685 7.82685 
26.0751 8.08765 28.8402 13.1457 8.06274 7.89432 7.89431 
26.4445 8.77568 27.827 13.1975 7.97459 7.89038 7.89038 
26.329 9.0804 29.2857 11.7767 7.87079 7.82868 7.82868 
26.0217 8.50845 28.9286 12.8725 7.90365 7.8826 7.8826 
26.8997 8.11225 28.6618 12.9177 7.80985 7.79932 7.79932 
26.3836 8.63026 28.6842 12.4526 8.1636 7.84288 7.84288 
26.4731 8.22138 29.9671 11.695 7.98805 7.82769 7.82769 
26.8168 7.96871 29.0268 12.6376 8.00637 7.77187 7.77187 
26.0608 8.55753 28.2329 13.4835 7.9666 7.84935 7.84935 
26.2206 8.26649 27.6134 14.1037 7.97103 7.9124 7.9124 
25.6103 8.14559 29.7018 13.0704 7.84354 7.81423 7.81423 
26.3834 8.06641 29.7071 12.1262 7.91538 7.90072 7.90072 
27.8021 8.25398 29.4639 10.9332 7.85379 7.84647 7.84647 
26.6527 7.98605 31.1749 10.5002 8.12153 7.78229 7.78229 
26.3909 8.34786 29.6197 12.1856 7.93173 7.76211 7.76211 
27.4396 8.09835 27.6006 13.3602 7.89028 7.80548 7.80548 
28.0521 7.95797 28.784 11.729 7.85394 7.81153 7.81153 
26.1472 8.33505 30.4905 10.7887 8.47242 7.88304 7.88304 
26.4665 8.09609 30.4238 10.2158 8.7005 8.22723 7.87009 
26.167 8.30672 29.7229 11.5748 8.29347 8.05683 7.87826 
26.0014 8.10473 29.1472 12.7783 8.0981 7.97979 7.8905 
26.8372 7.98318 28.0956 13.3074 7.97987 7.92071 7.87607 
25.0362 8.99159 29.636 12.389 8.10758 7.93094 7.90862 
24.7438 8.41429 29.3948 13.718 7.97229 7.88397 7.87281 
26.9946 8.13796 28.8484 12.3621 7.91696 7.8728 7.86722 
27.8651 7.94829 26.9242 13.796 7.83779 7.81571 7.81292 
25.9664 7.87245 29.7333 12.9997 7.8172 7.80616 7.80477 
26.799 7.88359 29.0114 12.7499 7.85597 7.85045 7.84975 
26.7328 8.06878 28.7914 12.7241 7.89624 7.89348 7.89313 
27.031 7.91638 30.5448 11.0205 7.83011 7.82873 7.82855 
25.0679 7.92931 32.2399 10.9254 8.06668 7.88548 7.8854 
26.6677 7.91602 29.3418 12.3016 7.98471 7.89411 7.89407 
26.9561 7.82798 30.4604 11.2592 7.86232 7.81702 7.817 
28.0486 7.90172 28.5738 11.7645 7.91889 7.89624 7.89623 
25.6015 7.80992 30.2265 12.9293 7.81851 7.80718 7.80718 
26.9517 7.83578 30.6793 11.0244 7.84007 7.83441 7.83441 
26.3989 7.91789 29.955 11.9737 7.92004 7.9172 7.9172 
26.1995 7.95894 28.8108 13.1535 7.96002 7.9586 7.9586 
26.1114 7.92684 29.4639 12.7171 7.92738 7.92667 7.92667 
26.0304 8.07734 27.5484 14.5864 7.91938 7.91903 7.91903 
26.4258 8.01218 27.8471 13.9157 7.9332 7.93303 7.93303 
26.3302 7.86412 28.2754 14.0566 7.82463 7.82454 7.82454 
27.7239 8.0497 27.6671 12.9107 7.8829 7.88286 7.88286 
27.424 7.94642 29.0296 12.0109 7.86302 7.863 7.863 
27.7443 7.84418 27.2567 13.7474 7.80248 7.80247 7.80247 
25.3647 8.10119 29.3 13.8886 7.78184 7.78183 7.78183 
25.2201 7.97809 28.0941 14.4972 8.5737 7.81841 7.81841 
24.825 7.89784 28.0536 15.3919 8.19564 7.818 7.818 
24.9507 8.23027 29.1644 13.8122 8.07336 7.88453 7.88453 
25.3371 8.13443 29.534 13.4977 7.8952 7.80079 7.80079 
25.9038 7.98878 28.3291 14.2652 7.86917 7.82196 7.82196 
25.3344 7.91289 28.5846 14.6561 7.85308 7.82948 7.82948 
25.8329 7.95053 28.0497 14.4286 7.92062 7.90882 7.90882 
24.4296 8.25158 30.4722 13.1354 7.90768 7.90178 7.90178 
25.9528 8.27914 27.5364 14.3952 7.94745 7.9445 7.9445 
23.1279 8.68503 28.6167 15.8339 7.91312 7.91164 7.91164 
22.3999 8.83168 27.7758 17.5145 7.82653 7.82579 7.82579 
22.5712 8.93089 28.6036 16.6168 7.75942 7.75905 7.75905 
21.6459 8.36935 28.2658 18.3684 7.78361 7.78343 7.78343 
20.2914 8.3375 28.7508 18.9849 7.87852 7.87843 7.87843 
21.4262 8.13216 27.3327 19.401 7.90267 7.90263 7.90263 
20.7891 8.62882 28.8755 17.8754 7.94373 7.94371 7.94371 
20.3071 8.25027 29.015 18.7045 7.90773 7.90771 7.90771 
21.6422 8.00863 28.5852 18.2519 7.83736 7.83735 7.83735 
21.8435 7.99793 27.8709 18.5509 7.91229 7.91229 7.91229 
20.5313 8.20317 26.548 20.837 8.16035 7.86005 7.86005 
20.2991 8.11496 27.8225 20.2847 7.92633 7.77618 7.77618 
20.5342 8.28825 31.0266 16.6808 8.00163 7.73424 7.73424 
20.5964 8.03634 30.184 17.7715 7.89303 7.75934 7.75934 
20.4752 8.00047 29.2513 18.6203 7.92882 7.86197 7.86197 
20.4228 7.85826 28.5145 19.804 7.82243 7.78901 7.78901 
21.5907 8.41189 27.0159 19.3847 7.87673 7.86002 7.86002 
20.7673 8.41943 26.7102 20.507 7.87095 7.8626 7.8626 
21.8867 8.50419 28.079 17.7688 7.92321 7.91903 7.91903 
22.1276 8.19946 28.1842 17.766 7.90897 7.90688 7.90688 
21.5594 8.03559 28.3778 18.3582 7.89035 7.8893 7.8893 
21.4715 8.73478 27.3965 18.7703 7.87599 7.87547 7.87547 
22.7759 8.38077 27.7451 17.5791 7.95137 7.78389 7.78389 
23.5191 8.45268 28.2988 16.0027 8.07405 7.82637 7.82637 
22.6086 8.47162 29.5582 15.7057 7.96784 7.844 7.844 
23.2165 8.62453 28.4155 16.1601 7.90242 7.8405 7.8405 
23.4095 8.34953 28.1829 16.6204 7.8332 7.80224 7.80224 
23.3971 8.6363 27.6299 16.3102 8.22429 7.90112 7.90112 
22.4128 8.86361 28.9124 16.1096 8.00825 7.84666 7.84666 
21.6566 9.09418 28.1218 17.7011 7.86265 7.78185 7.78185 
22.5426 8.54709 27.2037 17.9934 7.93132 7.89093 7.89093 
25.0871 8.22091 27.5821 15.4112 7.91303 7.89283 7.89283 
26.0051 8.27712 28.2141 14.1158 7.80267 7.79257 7.79257 
26.9756 8.51567 28.4168 12.2768 8.27844 7.76834 7.76834 
26.583 8.50953 30.1948 11.0704 8.05078 7.79573 7.79573 
26.6249 8.25477 29.0974 12.2018 8.02539 7.89787 7.89787 
25.1545 8.4037 29.8448 12.8443 7.96006 7.8963 7.8963 
24.2732 8.29542 30.4195 13.2935 7.9274 7.89552 7.89552 
25.8174 8.21937 27.9133 14.4643 7.8725 7.85655 7.85655 
26.961 8.68485 28.1723 12.6243 7.85782 7.84985 7.84985 
26.4552 8.29812 28.6431 12.9577 7.8846 7.88062 7.88062 
27.905 8.02003 29.4829 11.1563 7.81327 7.81128 7.81128 
26.9619 7.92851 28.5345 13.1017 7.82513 7.82413 7.82413 
28.3746 7.91562 27.9451 12.1739 7.86393 7.86343 7.86343 
25.941 8.24886 30.9502 11.3108 7.84988 7.84963 7.84963 
25.4316 8.33004 29.1822 13.5993 7.81902 7.81889 7.81889 
25.9621 8.08293 29.5165 12.0236 8.76026 7.82736 7.82736 
24.3821 8.43707 30.6923 12.3305 8.36364 7.8972 7.8972 
14 14 14 14 14 14 14 
15.0292 15.2725 17.5839 16.1241 13.2044 10.8929 10.8929 
15.4158 16.6486 18.4216 16.704 13.5158 9.39709 9.39709 
14.8675 18.3008 20.7131 14.8074 13.6828 8.68915 8.68915 
13.2886 17.8155 21.3636 16.1859 14.5697 8.32584 8.32584 
13.0039 18.2279 21.3178 15.9877 15.1796 8.11029 8.11029 
12.3159 20.393 19.7286 16.8311 14.6828 8.00863 8.00863 
12.1299 19.5642 18.7636 18.0174 15.5381 7.98558 7.98558 
11.0878 19.1428 20.4549 17.7987 15.5316 7.98822 7.98822 
11.2386 17.8858 21.0475 18.5804 15.2829 7.98044 7.98044 
11.7394 18.4117 20.2235 18.5281 15.2627 7.91632 7.91632 
11.4253 17.7093 21.1095 18.9012 15.001 7.92641 7.92641 
12.1791 17.5151 21.7557 18.804 13.967 7.8893 7.8893 
11.7659 17.2117 21.8682 18.2184 15.0753 7.93016 7.93016 
10.9181 18.9103 20.0676 18.0085 16.2027 7.94634 7.94634 
10.1781 19.9046 21.045 18.2177 14.8429 7.90576 7.90576 
9.53351 20.7301 19.967 19.9978 13.8659 7.95288 7.95288 
9.31221 21.4373 20.5895 19.556 13.2267 7.93914 7.93914 
9.96085 21.1024 20.4528 19.5974 13.0467 7.91991 7.91991 
9.59581 21.1006 21.3253 18.48 13.6662 7.916 7.916 
9.55981 22.336 21.7341 17.5733 13.0236 7.88657 7.88657 
9.66086 21.049 21.2242 19.0248 13.2975 7.87186 7.87186 
10.0997 21.4144 20.7994 19.3484 12.5036 7.91719 7.91719 
10.9047 20.8946 20.7042 19.2761 12.3408 7.93986 7.93986 
11.3765 20.2814 21.2526 19.5907 11.7391 7.87988 7.87988 
11.8494 19.3824 21.7637 19.1555 12.1492 7.84989 7.84989 
12.2904 19.5292 22.1087 19.3 11.0514 7.86013 7.86013 
11.9705 20.4442 21.9767 19.3587 10.6228 7.81356 7.81356 
10.7196 20.1528 22.7666 20.5339 10.1613 7.83288 7.83288 
11.27 19.8873 22.3762 20.6688 10.1634 7.81715 7.81715 
11.8419 19.0241 23.487 19.9896 10.0242 7.81662 7.81662 
11.718 16.5169 22.7338 21.8305 11.4131 7.89382 7.89382 
11.1399 16.4607 23.1647 21.4771 11.9987 7.87949 7.87949 
11.3392 16.2832 23.7218 20.8347 12.009 7.90609 7.90609 
10.7564 16.0821 23.7715 22.2039 11.3395 7.92327 7.92327 
10.7146 17.0898 23.3707 22.3549 10.6581 7.90595 7.90595 
10.7273 15.5854 23.7379 22.6333 11.5343 7.89092 7.89092 
9.45792 16.2294 22.9111 23.8477 11.7225 7.91568 7.91568 
9.81371 16.4682 22.7146 23.425 11.6724 7.953 7.953 
9.97932 16.2051 22.5892 23.4275 11.8748 7.96201 7.96201 
10.0136 16.1169 22.8975 22.4793 12.636 7.92837 7.92837 
9.27036 16.198 22.5598 23.7719 12.5195 7.84015 7.84015 
10.0807 14.5346 25.0175 23.3959 11.2103 7.88047 7.88047 
11.2297 13.9421 25.2515 23.2271 10.7022 7.82373 7.82373 
11.8648 13.4614 24.5248 23.753 10.6396 7.87821 7.87821 
10.2448 13.2575 25.1995 25.2797 10.2149 7.90181 7.90181 
9.9018 12.8788 25.4674 24.5271 11.48 7.87247 7.87247 
9.66788 15.1658 24.4082 23.1126 11.99 7.82775 7.82775 
10.3752 14.9283 22.9 23.7986 12.1806 7.90872 7.90872 
11.0626 15.7141 23.325 22.2743 11.7153 7.95436 7.95436 
10.4063 14.9821 23.7875 23.2621 11.6076 7.97718 7.97718 
10.1293 16.4812 22.608 22.838 12.0846 7.92948 7.92948 
10.7963 14.5821 23.9869 23.3702 11.5301 7.86718 7.86718 
11.0912 15.2118 25.7311 21.9574 10.2205 7.89398 7.89398 
10.9072 15.3366 24.4616 22.9488 10.4718 7.93702 7.93702 
11.0226 15.1743 25.669 22.9756 9.23108 7.96367 7.96367 
12.4304 13.7229 26.281 21.9317 9.83747 7.89828 7.89828 
10.6795 12.7288 26.5334 24.2311 10.0208 7.90322 7.90322 
10.3259 14.1206 25.5935 24.1654 10.135 7.82973 7.82973 
10.5338 13.8378 26.3518 23.0802 10.4384 7.87906 7.87906 
11.4245 13.6923 24.7522 23.3627 11.0074 7.88042 7.88042 
11.1386 13.9521 25.942 22.9217 10.4132 7.81618 7.81618 
11.4887 12.7695 26.699 22.9218 10.4963 7.81237 7.81237 
11.5799 12.3529 28.071 22.7341 9.49218 7.88497 7.88497 
12.2243 11.0022 27.3063 25.04 8.76754 7.82988 7.82988 
12.6284 11.6414 26.1845 23.6729 10.2735 7.79965 7.79965 
11.0819 12.1777 27.8844 23.5724 9.65997 7.81181 7.81181 
11.6385 12.1864 27.6278 22.4908 10.3855 7.83544 7.83544 
12.0693 11.6783 27.6437 23.0805 9.71405 7.90708 7.90708 
14.0243 11.2515 26.4507 22.365 10.0117 7.94839 7.94839 
14.2681 11.4305 25.7583 23.7155 8.96362 7.93198 7.93198 
13.1443 10.3188 28.0966 23.4946 9.08539 7.93018 7.93018 
13.9646 11.2078 27.0859 23.3064 8.70936 7.86294 7.86294 
14.1857 10.9711 26.5373 23.0939 9.43943 7.88627 7.88627 
14.4099 12.2606 26.4123 21.9805 9.19126 7.87268 7.87268 
14.5348 11.4968 26.0334 23.4248 8.78411 7.86304 7.86304 
15.0422 11.9146 25.6172 22.7044 9.08374 7.81892 7.81892 
15.7403 11.4368 26.3703 22.1741 8.51447 7.88206 7.88206 
14.6821 11.8492 26.6729 22.2587 8.75315 7.89198 7.89198 
13.8451 13.1062 27.2931 21.563 8.44162 7.87553 7.87553 
14.1041 12.7861 27.8742 21.3506 8.15035 7.86731 7.86731 
14.0353 11.9797 27.6242 22.5468 8.12545 7.84427 7.84427 
14.1032 12.1396 27.7159 22.3697 8.07342 7.79914 7.79914 
14.6957 12.2101 26.5146 22.7137 8.29736 7.78428 7.78428 
13.165 11.6452 28.0772 23.5452 8.0268 7.77026 7.77026 
13.3052 11.705 26.7837 24.6577 7.93497 7.8067 7.8067 
13.9416 12.2463 26.819 22.9427 8.31531 7.86754 7.86754 
13.896 11.1093 27.5369 23.3827 8.45128 7.81189 7.81189 
13.2682 10.7513 26.6898 24.3318 9.28182 7.83853 7.83853 
12.7283 11.3313 27.0568 24.7698 8.51903 7.79738 7.79738 
12.6316 11.0974 26.7596 24.9197 8.99489 7.79841 7.79841 
13.2435 12.1752 27.0846 23.4538 8.41311 7.81487 7.81487 
14.9551 10.4592 27.6133 22.9291 8.30491 7.86918 7.86918 
16.8698 11.1688 27.757 20.5806 8.01986 7.80199 7.80199 
15.812 10.2292 27.6763 22.1755 8.38151 7.86275 7.86275 
15.7142 10.868 27.6738 21.7727 8.16336 7.90398 7.90398 
13.6093 11.3337 27.1112 23.5707 8.50646 7.93429 7.93429 
12.9811 9.78451 27.085 25.903 8.37088 7.93773 7.93773 
13.4199 10.1912 26.7219 25.0439 8.805 7.90908 7.90908 
13.1483 9.75312 26.6486 24.9877 9.60798 7.92714 7.92714 
12.8591 10.6028 26.5925 24.924 9.27326 7.87419 7.87419 
11.8893 9.75543 27.8077 26.2551 8.65962 7.8164 7.8164 
13.6491 9.5947 28.0548 24.7628 8.26063 7.83902 7.83902 
14.7697 10.0028 28.274 22.3814 8.78785 7.89211 7.89211 
16.5657 9.66243 27.8376 21.5014 8.63121 7.90086 7.90086 
18.6379 9.26909 27.3803 20.2182 8.60555 7.94451 7.94451 
19.1719 8.60513 28.249 19.3738 8.71454 7.94284 7.94284 
18.8296 8.92441 28.2701 19.911 8.27884 7.89299 7.89299 
18.2811 8.96802 29.106 19.1125 8.79058 7.87091 7.87091 
19.4007 9.2528 28.4258 18.9493 8.29702 7.83719 7.83719 
17.4146 9.91211 28.0701 20.3318 8.43423 7.9186 7.9186 
18.6158 9.52923 26.8399 20.9891 8.18053 7.92271 7.92271 
17.42 10.5168 26.8418 21.2615 8.07256 7.94366 7.94366 
17.8277 9.81724 26.8032 21.6602 8.00687 7.94242 7.94242 
19.0311 9.16082 26.7447 21.2406 7.96238 7.93015 7.93015 
20.2083 8.79728 27.0772 20.2589 7.89685 7.88074 7.88074 
17.6756 10.1129 26.3957 20.7009 9.23414 7.94037 7.94037 
16.7817 8.95054 27.8396 22.1884 8.51115 7.86427 7.86427 
18.6355 8.60371 26.9167 21.6447 8.38402 7.90767 7.90767 
17.676 9.22723 26.2942 22.7626 8.37111 7.83443 7.83443 
16.9647 9.15907 27.4722 22.2629 8.31779 7.91171 7.91171 
16.9179 9.48751 27.0796 22.1744 8.45337 7.94358 7.94358 
17.6777 8.65 27.4461 22.1809 8.28919 7.87804 7.87804 
18.1947 9.23298 26.1463 21.3665 9.20594 7.92675 7.92675 
18.4307 9.61649 27.5732 19.5166 8.9363 7.96338 7.96338 
20.6392 9.77513 27.3627 16.7119 9.6006 7.9552 7.9552 
19.397 9.94709 29.3064 16.9869 8.66935 7.84665 7.84665 
19.6041 9.21883 29.4331 17.7702 8.26549 7.85414 7.85414 
20.0395 9.35719 28.3664 18.6774 7.99031 7.78464 7.78464 
23.1295 9.4042 27.4454 16.3509 7.95857 7.85573 7.85573 
22.279 9.01758 29.1989 16.0623 7.84833 7.79691 7.79691 
21.7744 9.11196 28.8852 16.6026 7.89242 7.86671 7.86671 
22.1334 8.8113 28.4243 16.9639 7.89758 7.88472 7.88472 
22.3902 8.81742 27.8886 17.1584 7.91938 7.91295 7.91295 
23.6541 9.49067 28.0427 14.9727 8.05805 7.8909 7.8909 
23.3535 9.26247 27.7285 16.0533 7.92311 7.83953 7.83953 
24.2894 8.53514 28.8793 14.7834 7.86546 7.82367 7.82367 
26.3587 8.11372 29.3226 12.9101 7.77888 7.75799 7.75799 
25.8753 8.28884 28.6111 13.8218 7.80794 7.79749 7.79749 
25.8826 8.51335 29.8395 12.4125 7.78746 7.78224 7.78224 
25.249 8.87206 29.0736 13.1293 7.89373 7.89112 7.89112 
25.5127 8.62858 28.9778 13.2417 7.98413 7.82755 7.82755 
25.923 8.31429 28.1556 13.7875 7.99207 7.91377 7.91377 
24.271 8.02619 29.554 14.1854 8.31151 7.82593 7.82593 
24.8628 7.95249 28.7164 14.6685 8.09515 7.85236 7.85236 
25.7244 8.20585 27.6512 14.736 7.97507 7.85367 7.85367 
26.1635 8.10934 28.7295 13.4578 7.99394 7.77299 7.77299 
25.0271 8.32088 30.9176 12.1896 7.92189 7.81141 7.81141 
24.9741 8.10366 30.443 12.8772 7.90416 7.84892 7.84892 
26.3677 7.93243 27.4603 14.7968 7.83268 7.80506 7.80506 
23.6934 8.42481 28.6983 15.5194 7.89723 7.88342 7.88342 
22.702 9.14662 28.6584 15.8189 7.89598 7.88908 7.88908 
23.8902 8.4918 27.8088 16.2167 7.86649 7.86303 7.86303 
24.1929 9.00094 28.1695 14.8807 8.11192 7.82201 7.82201 
24.7547 8.45617 28.167 14.877 8.01166 7.8667 7.8667 
25.9257 8.09905 28.2771 14.2127 7.8768 7.80432 7.80432 
26.9095 7.90709 28.827 12.4476 8.38944 7.75973 7.75973 
27.392 7.7863 30.6156 10.5792 8.20169 7.71262 7.71262 
28.0253 7.85656 29.3322 11.0823 8.06426 7.81972 7.81972 
29.1014 7.92236 27.6838 11.4583 8.02621 7.90394 7.90394 
27.0507 7.80734 30.0278 11.4984 8.01952 7.79813 7.79813 
25.9838 7.89038 30.2963 12.0615 7.99647 7.88577 7.88577 
27.1833 7.90559 30.1647 10.9812 7.95863 7.90328 7.90328 
28.1622 7.94052 29.8063 10.2452 7.96705 7.93937 7.93937 
27.4029 8.29552 30.9931 9.44787 7.96276 7.94892 7.94892 
28.0765 8.05401 29.0903 11.1302 7.88763 7.88071 7.88071 
27.4339 7.92109 30.1215 10.861 7.99366 7.83444 7.83444 
28.3857 7.90376 29.7295 10.3201 7.94005 7.86044 7.86044 
28.0912 7.85019 29.78 10.7533 7.86833 7.82852 7.82852 
29.0616 7.9187 29.906 9.37025 7.92777 7.90787 7.90787 
27.3555 8.18013 31.5114 8.58123 8.67168 7.85004 7.85004 
27.4708 8.00856 30.3325 10.2467 8.25434 7.84352 7.84352 
26.4532 8.01125 31.5426 10.5241 7.95992 7.75451 7.75451 
24.8312 8.01709 31.8171 11.9956 7.84815 7.74545 7.74545 
25.3439 8.05839 29.3042 13.9417 7.81816 7.76681 7.76681 
26.2927 8.16712 29.4797 12.4881 7.8746 7.84892 7.84892 
26.1036 8.50429 29.2216 12.494 7.90071 7.88787 7.88787 
26.3497 8.86208 29.1498 12.0981 7.85107 7.84465 7.84465 
26.7463 8.89532 30.4677 10.3348 7.8541 7.85089 7.85089 
26.4526 9.24899 30.6312 9.9687 7.90056 7.89896 7.89896 
26.7494 8.53908 31.8637 9.07688 8.04281 7.86407 7.86407 
25.8337 8.53184 30.522 11.4237 7.95583 7.86646 7.86646 
25.0492 8.86151 30.3345 11.778 8.38968 7.79352 7.79352 
25.7599 8.40134 30.4614 11.4772 8.16543 7.86735 7.86735 
26.5017 9.00836 28.8525 12.1489 7.92887 7.77983 7.77983 
25.2947 9.06623 29.7547 12.6438 7.79655 7.72203 7.72203 
26.7887 9.07857 29.1871 11.7091 7.77033 7.73307 7.73307 
26.4102 8.50754 29.038 12.5212 7.85342 7.83479 7.83479 
26.8844 8.18459 28.8272 12.5499 7.85753 7.84821 7.84821 
25.2159 8.06783 28.4809 14.226 8.21011 7.89964 7.89964 
25.3911 8.40285 28.4799 14.0709 7.98855 7.83332 7.83332 
25.9506 8.06048 29.1728 13.4113 7.85334 7.77572 7.77572 
25.8587 8.01797 27.93 14.5277 7.9144 7.87559 7.87559 
26.0246 8.32446 28.1019 14.1091 7.82625 7.80684 7.80684 
27.785 8.05833 28.1743 12.4117 7.97156 7.79953 7.79953 
28.3662 7.97654 28.8898 11.1401 7.93315 7.84713 7.84713 
28.879 8.04232 29.6476 9.62408 8.18955 7.8087 7.8087 
25.5051 9.14411 31.832 9.11532 8.39805 8.00271 8.00271 
28.0008 8.82738 30.2777 8.99028 8.09974 7.90206 7.90206 
29.7289 8.3872 29.5428 8.46865 8.02338 7.92454 7.92454 
29.7683 8.52052 29.515 8.72151 7.85784 7.80842 7.80842 
28.2541 8.83902 30.6916 8.57321 8.14138 7.75037 7.75037 
24.2111 9.04136 31.7323 10.169 8.69254 8.07686 8.07686 
24.6447 9.53635 31.5402 9.78667 8.57824 7.95693 7.95693 
25.3031 9.41561 30.1932 11.3036 8.13528 7.82462 7.82462 
25.8348 8.56633 29.0837 13.0473 7.92616 7.77083 7.77083 
25.7532 9.80555 27.9747 13.0908 7.84368 7.76601 7.76601 
24.8766 8.90278 30.3207 12.2121 7.92184 7.88301 7.88301 
23.7188 8.4148 29.3372 14.7951 7.92433 7.90492 7.90492 
22.8866 8.28595 29.6233 15.5546 7.88966 7.87995 7.87995 
22.6708 8.18489 30.0811 15.5617 7.83705 7.83219 7.83219 
22.9483 7.96341 29.5567 15.5228 8.43465 7.78706 7.78706 
24.7292 7.84077 29.2079 14.6406 8.07639 7.75259 7.75259 
23.1518 8.58511 28.8896 15.7751 7.97405 7.81216 7.81216 
23.837 8.27345 28.1391 16.0086 7.96792 7.88697 7.88697 
22.9185 8.30339 28.0695 16.8376 7.98396 7.94348 7.94348 
21.6131 8.30554 28.9578 17.188 7.99198 7.97174 7.97174 
23.1794 8.39006 28.7162 16.0516 7.89429 7.88418 7.88418 
22.1339 8.95693 27.4533 17.7197 8.02878 7.85365 7.85365 
21.6498 8.4662 28.1439 17.9089 8.00212 7.91456 7.91456 
20.9648 8.77855 28.7572 17.6957 8.19686 7.80343 7.80343 
20.9201 8.59803 29.0251 17.9388 7.97049 7.77377 7.77377 
22.8804 8.43914 28.6845 16.2942 7.96613 7.86778 7.86778 
21.4702 8.11179 27.965 18.9256 7.87528 7.8261 7.8261 
20.1202 7.93939 28.222 20.1424 7.98295 7.79655 7.79655 
18.9417 7.91706 28.2557 21.2554 7.93884 7.84564 7.84564 
16.7172 9.031 28.9105 21.6422 8.02739 7.83586 7.83586 
18.0411 9.11867 27.7886 21.2973 7.98195 7.88619 7.88619 
18.1688 8.50255 28.4053 21.2165 7.93419 7.88631 7.88631 
18.2989 8.17877 27.7978 22.0886 7.89459 7.87065 7.87065 
17.973 8.01095 29.095 21.3384 7.86886 7.85689 7.85689 
18.0774 7.92397 28.3406 22.1112 7.85293 7.84694 7.84694 
19.9976 8.24281 28.3826 19.7885 7.86482 7.86183 7.86183 
19.4583 8.62591 27.855 19.9543 8.43691 7.83482 7.83482 
20.0128 8.74558 28.8211 18.6651 8.11917 7.81812 7.81812 
20.0713 8.43123 28.5339 19.3975 7.95569 7.80516 7.80516 
20.2524 8.08558 29.4372 18.8319 7.84781 7.77255 7.77255 
21.5813 7.91276 27.8765 19.3231 7.79388 7.75624 7.75624 
23.0056 7.86518 28.1076 17.642 7.80573 7.78692 7.78692 
24.7041 8.22302 27.0901 16.4118 7.86326 7.85385 7.85385 
24.0297 8.05888 28.3477 15.9361 7.879 7.8743 7.8743 
25.9683 8.01615 28.9579 13.2837 7.92621 7.92386 7.92386 
26.5918 7.96377 29.3524 12.338 7.9188 7.91763 7.91763 
25.7574 7.98189 29.1377 13.2459 7.9594 7.95881 7.95881 
24.6071 8.00329 29.8466 14.0304 7.83773 7.83743 7.83743 
25.4349 7.8737 29.5698 13.7492 7.79092 7.79077 7.79077 
23.2746 7.89579 29.8875 15.379 7.8544 7.85433 7.85433 
24.2587 7.9932 28.8596 15.4565 7.8107 7.81066 7.81066 
22.9708 8.36553 29.6402 15.657 7.78884 7.78882 7.78882 
23.3275 8.13014 27.649 17.368 7.84179 7.84178 7.84178 
23.2916 8.384 28.6086 15.993 7.90761 7.9076 7.9076 
21.9792 8.35867 29.471 16.3298 7.9538 7.9538 7.9538 
22.6289 8.44163 28.8338 16.3616 7.91133 7.91133 7.91133 
22.589 8.46918 29.613 15.6972 7.87723 7.87723 7.87723 
23.5782 8.55985 28.9933 14.942 7.91786 8.09087 7.91785 
23.7456 8.16191 29.0929 15.3903 7.84092 7.92742 7.84091 
22.7424 8.42878 29.4533 15.9249 7.80245 7.8457 7.80245 
22.0379 8.88106 27.2267 18.1291 7.90122 7.92285 7.90122 
23.2025 8.39623 27.2209 17.4506 7.90631 7.91712 7.90631 
23.1906 8.66831 27.1866 17.0035 8.09223 7.93207 7.92666 
22.1216 8.35892 29.8472 15.9321 8.07088 7.836 7.8333 
21.9304 8.02562 30.4754 16.16 7.88159 7.76416 7.7628 
23.3824 8.31744 27.4894 17.186 7.91431 7.85559 7.85491 
22.9915 8.02869 27.9862 17.5713 7.82712 7.79776 7.79743 
23.7031 7.8605 29.5449 15.6418 7.75972 7.74504 7.74487 
23.3764 7.83096 28.6022 16.8635 7.78057 7.77323 7.77314 
24.0814 8.04653 29.2584 14.6995 8.16379 7.87522 7.87518 
14 14 14 14 14 14 14 
14.6212 14.0439 17.5081 19.0092 11.9654 10.9261 10.9261 
14.0674 14.8843 20.302 18.5955 12.8623 9.39425 9.39425 
13.7311 13.3313 21.5828 20.0368 13.8214 8.62322 8.62322 
12.6218 13.0991 21.288 21.4179 14.9243 8.26195 8.26195 
10.7006 13.0806 23.0637 21.0944 15.8133 8.09243 8.09243 
10.2702 14.2062 24.1177 20.5014 15.0005 7.93638 7.93638 
10.9387 14.804 23.2196 21.0766 14.1967 7.87444 7.87444 
10.9017 14.1647 23.2506 21.9574 13.8611 7.92835 7.92835 
11.7754 13.5263 24.2745 21.4799 13.1358 7.90212 7.90212 
10.6549 14.0802 24.8867 22.3807 12.1111 7.94219 7.94219 
11.1386 12.4881 24.0656 23.7812 12.5931 7.96625 7.96625 
10.5582 14.2263 22.7867 22.6445 13.8354 7.97426 7.97426 
10.1898 14.3676 23.4469 21.4785 14.7302 7.89338 7.89338 
9.73854 13.2313 23.4945 23.0503 14.6005 7.94237 7.94237 
10.181 12.9667 23.9874 22.6106 14.4596 7.89728 7.89728 
9.9438 13.9326 23.8447 22.2534 14.2275 7.89898 7.89898 
10.5275 15.4769 22.4425 21.5286 14.3242 7.8502 7.8502 
10.0051 15.066 22.8592 22.2945 13.9509 7.91217 7.91217 
11.6305 13.6958 23.1738 23.3565 12.3243 7.90957 7.90957 
11.1641 13.127 21.9357 23.655 14.3017 7.90827 7.90827 
11.0789 14.0688 23.1243 21.447 14.5504 7.86534 7.86534 
10.5394 14.0582 21.9193 21.6759 16.0847 7.86124 7.86124 
11.2882 13.6263 21.6078 21.8333 15.9127 7.86581 7.86581 
11.1045 12.8089 21.0823 22.1586 17.057 7.89436 7.89436 
11.0822 12.3952 23.5596 20.7567 16.4778 7.86423 7.86423 
11.7316 12.7452 23.3274 20.0212 16.4532 7.86069 7.86069 
10.701 13.4056 24.6307 21.2194 14.2706 7.88639 7.88639 
11.4706 14.2086 23.5163 21.8106 13.2554 7.86929 7.86929 
11.1832 14.7314 23.8647 22.5276 11.8335 7.9298 7.9298 
10.928 12.9341 24.2293 23.2128 12.8773 7.90922 7.90922 
10.5684 14.5877 23.1355 23.6713 12.2391 7.89892 7.89892 
11.0354 14.4535 22.6006 23.4554 12.575 7.94007 7.94007 
10.3755 13.6248 23.5041 24.05 12.6856 7.87999 7.87999 
9.81063 12.5302 25.134 24.1904 12.6688 7.83294 7.83294 
9.90531 11.3787 25.2943 23.7998 13.8344 7.89374 7.89374 
9.42325 10.8658 25.5883 24.8411 13.3878 7.94687 7.94687 
8.99035 12.2789 26.1193 24.89 11.9506 7.88542 7.88542 
9.30999 12.8061 24.4177 26.1487 11.5309 7.89333 7.89333 
8.83107 12.8365 25.3014 25.264 11.9731 7.897 7.897 
8.33477 11.6439 26.3087 26.4087 11.5685 7.86774 7.86774 
8.13935 11.4294 25.7712 24.8866 13.9618 7.90583 7.90583 
10.7598 11.818 24.6227 24.8846 12.0279 7.94353 7.94353 
10.2145 12.9065 25.4157 24.4016 11.2302 7.91578 7.91578 
10.1073 15.5996 22.4639 22.8106 13.298 7.86033 7.86033 
10.1531 14.765 22.7991 23.9675 12.4948 7.91026 7.91026 
10.3336 15.56 21.6799 23.4323 13.1399 7.9271 7.9271 
9.73353 14.9229 21.4957 23.5429 14.4154 7.94481 7.94481 
8.82947 16.6689 21.1208 22.3775 15.1331 7.93511 7.93511 
9.35591 15.6286 22.2075 22.2476 14.6254 7.96756 7.96756 
10.3291 15.431 21.7917 22.1803 14.438 7.91498 7.91498 
10.958 15.5241 21.853 21.7954 14.1459 7.86177 7.86177 
10.8008 16.4254 21.9414 21.17 13.8799 7.89128 7.89128 
9.9347 16.1784 22.6128 20.5115 15.0282 7.86721 7.86721 
9.65871 16.8546 22.0472 20.9965 14.6746 7.88422 7.88422 
9.86533 15.5017 23.4936 21.6493 13.6922 7.89895 7.89895 
8.89686 14.4004 24.4066 22.2057 14.263 7.91367 7.91367 
9.81002 15.679 24.6722 20.5792 13.3659 7.94686 7.94686 
10.4606 15.4153 25.9724 20.3906 11.986 7.88757 7.88757 
12.0037 14.6042 24.4394 20.7864 12.3969 7.88467 7.88467 
13.4326 14.4809 22.5472 19.8391 14.007 7.84662 7.84662 
13.7475 14.0113 22.8621 20.9872 12.7327 7.82956 7.82956 
12.721 13.2109 24.6769 20.3982 13.2876 7.85273 7.85273 
12.3907 14.0175 22.7656 20.8775 14.3071 7.82084 7.82084 
11.9742 14.1696 23.3175 21.2428 13.6862 7.80489 7.80489 
11.094 15.6358 22.5851 22.6166 12.4251 7.82169 7.82169 
10.8034 14.6128 24.7541 22.4622 11.5971 7.8852 7.8852 
11.5898 14.1133 25.9909 20.7608 11.7392 7.903 7.903 
11.5014 14.8012 25.2237 21.9293 10.7609 7.89172 7.89172 
13.9301 14.1288 24.3533 20.5953 11.1852 7.90364 7.90364 
14.8739 15.3754 23.9729 19.681 10.4183 7.83922 7.83922 
14.9493 14.2148 25.6564 18.9538 10.5047 7.8605 7.8605 
14.4667 14.0995 25.4931 19.7671 10.3975 7.88803 7.88803 
15.5667 12.5224 25.3087 20.3313 10.4226 7.92412 7.92412 
15.6714 12.877 25.7587 19.4532 10.4276 7.90608 7.90608 
14.6832 11.6064 25.5408 21.2253 11.2861 7.82901 7.82901 
14.1283 13.2824 25.0973 21.2775 10.6292 7.79262 7.79262 
13.3624 12.1682 26.3019 20.2788 12.127 7.88089 7.88089 
12.3955 14.3958 24.9691 20.7888 11.7778 7.83655 7.83655 
12.4477 13.1762 25.1204 22.215 11.3237 7.85849 7.85849 
13.8575 11.5499 25.6645 22.3034 10.8781 7.87327 7.87327 
13.7969 12.6431 25.4696 22.2781 9.97203 7.92015 7.92015 
13.5735 13.3744 26.3368 22.0962 8.89029 7.86436 7.86436 
13.4797 13.7738 26.0293 21.8093 9.16956 7.86919 7.86919 
14.3602 13.7051 26.5173 21.3324 8.46178 7.8116 7.8116 
15.357 12.3485 26.9316 21.6582 8.11829 7.7932 7.7932 
15.6675 12.2349 26.5512 21.1597 8.6046 7.89109 7.89109 
14.2023 12.6215 26.2837 22.6395 8.50284 7.87508 7.87508 
13.8319 11.5305 26.8781 23.4076 8.50966 7.92106 7.92106 
14.6295 12.1014 27.9019 20.657 8.80029 7.95502 7.95502 
15.7181 12.4933 26.9761 20.6926 8.32171 7.89908 7.89908 
15.4187 11.0212 27.9443 21.6195 8.13964 7.92832 7.92832 
14.683 10.7737 27.3932 23.0466 8.28034 7.91153 7.91153 
14.5224 11.2379 27.2604 22.9595 8.12953 7.94513 7.94513 
14.7392 10.6043 27.7065 22.4768 8.61022 7.93151 7.93151 
16.2792 9.82343 28.082 21.4778 8.42745 7.95512 7.95512 
15.9144 9.20126 27.982 22.4011 8.77137 7.86496 7.86496 
15.7784 8.79057 28.5161 22.0944 9.13429 7.84309 7.84309 
14.3499 9.17057 27.8817 23.2663 9.62332 7.85413 7.85413 
15.4345 9.15756 26.0352 23.875 9.67892 7.90937 7.90937 
14.7173 9.72163 26.3033 24.0804 9.26803 7.95468 7.95468 
16.333 10.1315 26.6844 21.157 9.76222 7.96595 7.96595 
15.9251 10.2382 27.1353 21.3544 9.62249 7.86228 7.86228 
15.5803 9.68971 28.5261 21.896 8.68936 7.80926 7.80926 
15.9022 10.7446 26.3574 21.42 9.80191 7.88693 7.88693 
14.655 10.6795 27.7039 22.4418 8.81157 7.85408 7.85408 
15.4908 10.4418 27.263 22.5912 8.48742 7.8629 7.8629 
16.5443 9.55052 27.3187 22.1894 8.71298 7.84206 7.84206 
17.8163 10.6157 26.7647 20.4964 8.48755 7.90964 7.90964 
18.5992 10.0831 27.4273 19.3774 8.73815 7.8874 7.8874 
18.5183 8.94782 26.3699 21.72 8.74408 7.84995 7.84995 
17.8306 9.47391 26.7564 21.1457 8.94347 7.92498 7.92498 
17.9931 9.78018 26.2024 21.5239 8.7945 7.85298 7.85298 
18.2662 8.96312 27.0057 21.2956 8.75118 7.85907 7.85907 
19.1024 8.77604 26.693 20.9239 8.67007 7.91727 7.91727 
18.23 8.9217 27.9838 20.436 8.73918 7.84464 7.84464 
17.9721 8.60371 27.8491 21.3609 8.36959 7.92232 7.92232 
17.6886 10.1563 26.5828 21.5982 8.14049 7.91686 7.91686 
17.54 9.13611 26.1899 22.6831 8.70793 7.87147 7.87147 
16.1495 9.53794 27.5528 21.5825 9.47445 7.8514 7.8514 
16.3838 9.28792 28.6452 21.1411 8.81886 7.86156 7.86156 
17.6593 8.78597 28.6717 20.6297 8.40351 7.92486 7.92486 
18.7685 8.52143 27.7915 20.7124 8.3302 7.93797 7.93797 
20.2474 9.17143 28.6279 18.2431 8.03415 7.83803 7.83803 
20.3997 8.57344 28.4244 18.7841 8.0048 7.90675 7.90675 
20.2916 8.26226 27.8208 19.7896 7.97794 7.92891 7.92891 
21.7837 8.01044 29.2839 17.3661 7.86828 7.84376 7.84376 
22.9454 8.3207 29.8205 15.5283 7.80319 7.79093 7.79093 
21.5993 9.06541 28.5179 17.2578 7.85729 7.85116 7.85116 
21.6105 8.73691 27.4721 18.2385 8.283 7.82948 7.82948 
20.1712 8.25894 28.8658 18.9175 8.17608 7.80523 7.80523 
19.3044 8.03572 28.9641 19.7713 8.30679 7.80887 7.80887 
21.8102 7.96923 28.7678 17.6364 8.10476 7.8558 7.8558 
21.7884 8.08556 29.5258 16.8624 7.9956 7.87112 7.87112 
22.3362 7.96128 29.0262 17.0519 7.91629 7.85405 7.85405 
23.7781 7.93958 29.0293 15.5641 7.91709 7.88597 7.88597 
23.0001 8.75374 29.9467 14.8808 7.81657 7.80101 7.80101 
22.267 9.24413 28.1002 16.7324 7.89059 7.88281 7.88281 
22.6351 9.09491 29.0661 15.2352 8.09865 7.93501 7.93501 
23.9421 8.86639 28.1543 14.5944 8.53437 7.95422 7.95422 
25.6935 8.69187 27.7995 13.7641 8.2104 7.92033 7.92033 
25.4207 8.34002 28.2489 13.9826 8.09929 7.95425 7.95425 
25.0882 8.40454 28.4567 14.3203 7.95844 7.88592 7.88592 
24.4895 8.63913 29.5867 13.3035 8.24543 7.86787 7.86787 
25.4888 8.18861 28.7814 13.9434 7.99176 7.80298 7.80298 
22.6556 8.53218 29.6274 15.1078 8.28582 7.89558 7.89558 
22.5778 8.32859 28.72 16.6164 8.04916 7.85404 7.85404 
21.5874 8.04489 27.9421 18.9052 7.90518 7.80762 7.80762 
22.6509 8.02245 27.1139 18.4526 7.95259 7.90381 7.90381 
23.2147 7.92002 29.1921 16.0667 7.88509 7.8607 7.8607 
23.7868 8.28693 28.0576 16.3667 7.94895 7.7765 7.7765 
22.4048 8.12074 27.9493 17.8424 7.95175 7.86552 7.86552 
23.8983 7.97886 28.238 16.288 7.89437 7.85126 7.85126 
23.9804 7.89568 28.9627 15.3315 8.16594 7.83188 7.83188 
24.0215 7.85409 27.6064 16.8845 7.98922 7.82219 7.82219 
23.6721 8.71938 28.3399 15.471 7.98822 7.9047 7.9047 
24.913 8.51354 28.4777 14.197 7.99411 7.95235 7.95235 
25.4194 8.42343 29.3623 13.2714 7.85508 7.8342 7.8342 
27.5086 8.09103 28.7616 12.2391 7.80685 7.79641 7.79641 
26.8772 8.19834 28.8326 12.2657 8.05625 7.88492 7.88492 
26.8577 8.69476 30.409 10.5446 7.88842 7.80275 7.80275 
26.1482 9.17194 29.2396 11.8513 7.89158 7.84874 7.84874 
25.4535 8.92681 29.5716 12.5173 7.96508 7.78289 7.78289 
25.1823 8.37799 30.0883 12.8423 7.89713 7.80604 7.80604 
24.2073 8.2294 28.5121 15.512 7.98897 7.77507 7.77507 
22.2283 8.00878 29.9882 16.323 7.88857 7.78162 7.78162 
20.6097 8.45543 29.3858 18.2505 7.80185 7.74838 7.74838 
21.0431 8.42235 27.2768 19.8635 7.92777 7.73325 7.73325 
20.3942 8.19206 28.1288 19.6451 7.94478 7.84752 7.84752 
19.8434 8.11532 29.177 19.4689 7.83091 7.78228 7.78228 
21.1845 7.98258 29.4349 17.9256 7.84037 7.81605 7.81605 
19.3502 8.13142 29.0487 19.7908 7.90108 7.88892 7.88892 
19.3324 8.11555 29.3218 19.7085 7.84462 7.83854 7.83854 
18.2755 8.03129 27.906 22.1059 7.89582 7.89278 7.89278 
19.1056 7.87416 28.9047 20.6993 7.80643 7.80491 7.80491 
19.3629 8.20923 29.3258 19.5268 7.85891 7.85815 7.85815 
20.828 8.08551 28.3572 18.9991 7.91035 7.90997 7.90997 
22.3111 7.90128 27.8442 18.5028 7.81369 7.8135 7.8135 
21.4161 8.0223 29.2315 17.8833 7.81564 7.81555 7.81555 
23.0391 7.89628 30.1563 15.5295 7.79296 7.79291 7.79291 
23.4391 7.81811 29.6292 15.8143 7.76645 7.76642 7.76642 
24.2592 7.87731 28.7829 15.5262 7.85148 7.85147 7.85147 
24.1088 8.45254 30.0164 13.4923 8.09241 7.91879 7.91879 
24.7503 8.45825 29.1148 13.9562 7.9647 7.87789 7.87789 
24.6702 8.32748 30.2951 13.0437 7.91678 7.87337 7.87337 
24.9109 8.25465 29.996 13.1885 7.89778 7.87608 7.87608 
25.5324 8.12733 28.6903 13.825 7.94889 7.93804 7.93804 
24.5586 8.15171 28.4961 15.0886 7.90526 7.89984 7.89984 
21.533 7.95645 28.8749 18.1413 7.83323 7.83052 7.83052 
22.4548 7.87433 29.3725 16.8629 7.81272 7.81136 7.81136 
23.5692 8.05109 28.1356 16.6593 7.86206 7.86138 7.86138 
23.0429 7.99905 29.9619 15.2833 7.90454 7.9042 7.9042 
24.3201 8.26574 30.3393 13.4437 7.87718 7.87701 7.87701 
23.6616 8.28622 29.2272 15.0286 7.9322 7.93212 7.93212 
22.7785 8.06468 28.9927 16.5012 7.88767 7.88763 7.88763 
22.6652 8.03828 27.7011 17.301 8.69161 7.80138 7.80138 
23.4865 8.01914 27.5428 16.8044 8.3458 7.90069 7.90069 
22.5824 8.3802 29.156 16.2693 8.01906 7.7965 7.7965 
22.6007 8.05915 30.0542 15.8728 7.87858 7.7673 7.7673 
22.1235 7.99299 28.7466 17.54 7.9027 7.84706 7.84706 
23.1929 7.93092 28.6356 16.6389 7.88578 7.85796 7.85796 
21.8067 8.01951 28.1316 18.5296 7.84679 7.83288 7.83288 
21.5242 7.93133 28.6083 18.4151 7.84496 7.83801 7.83801 
23.1078 7.82369 27.8844 17.8496 7.78051 7.77703 7.77703 
22.8496 7.89855 27.3973 18.2271 7.87696 7.87523 7.87523 
22.552 7.85101 28.4386 17.6396 7.84022 7.83935 7.83935 
22.8385 7.83176 28.1255 17.726 7.82636 7.82592 7.82592 
23.3835 7.84445 29.5985 15.6487 7.84175 7.84153 7.84153 
22.1437 7.87703 29.0648 17.2876 7.87568 7.87557 7.87557 
22.9924 7.91202 28.7708 16.5908 7.91135 7.91129 7.91129 
23.0949 8.03125 27.5515 17.6998 7.87417 7.87414 7.87414 
23.682 7.96299 27.2261 17.4756 7.88445 7.88444 7.88444 
23.7457 8.2332 29.2593 15.0303 8.02386 7.85378 7.85378 
23.694 8.11021 28.8469 15.5024 8.00554 7.9205 7.9205 
24.5454 8.02336 27.2806 16.3226 7.97102 7.92851 7.92851 
23.8889 8.38878 28.7918 14.8953 8.36262 7.83631 7.83631 
23.2846 8.3181 29.688 14.836 8.1332 7.87004 7.87004 
24.6491 8.04419 28.3575 15.3572 7.95173 7.82016 7.82016 
22.3804 7.93271 28.0056 18.1534 7.88648 7.82069 7.82069 
23.0868 8.10428 28.3131 16.8353 7.90876 7.87586 7.87586 
21.5861 9.18035 29.3275 14.8279 8.65523 8.21144 8.21144 
24.3189 9.14944 29.1014 12.4292 8.88689 8.05709 8.05709 
25.3841 8.56023 29.587 11.4682 8.97243 8.01405 8.01405 
27.2616 8.25362 29.363 10.701 8.45972 7.98054 7.98054 
28.4035 8.02292 29.1296 10.5453 8.12597 7.88637 7.88637 
28.4219 8.44571 28.3262 10.9301 8.03852 7.91872 7.91872 
26.9696 8.70561 30.37 10.1202 7.98478 7.92488 7.92488 
26.3331 8.22278 30.5101 11.4069 7.86236 7.83241 7.83241 
24.6639 7.98839 30.0946 13.7248 7.94187 7.79321 7.79321 
25.1932 8.04044 28.9201 14.3769 7.87267 7.79834 7.79834 
26.5621 7.98574 28.9428 12.8781 7.90185 7.86469 7.86469 
28.4513 7.86284 29.1773 11.083 7.8209 7.80231 7.80231 
28.1576 8.73018 29.2945 10.4951 7.78042 7.77113 7.77113 
26.7878 8.21124 30.5336 11.2676 7.73636 7.73172 7.73172 
27.773 8.02719 29.9727 10.8626 7.78975 7.78743 7.78743 
26.9989 7.90409 29.9719 11.7713 7.78536 7.7842 7.7842 
26.9421 7.88647 29.2483 12.443 7.82711 7.82653 7.82653 
27.4133 7.78939 29.8485 11.6702 7.75971 7.75942 7.75942 
26.958 7.85644 29.815 11.846 7.8416 7.84146 7.84146 
27.066 7.91373 30.6683 10.6332 7.90631 7.90624 7.90624 
26.3813 7.82683 30.1949 12.1277 7.82312 7.82309 7.82309 
27.3719 7.86079 28.8401 12.3504 7.85893 7.85891 7.85891 
27.5123 7.78891 28.8895 12.4453 7.78799 7.78798 7.78798 
27.7973 7.83281 29.6845 11.0172 8.00358 7.83234 7.83234 
25.8217 7.76256 32.3422 10.3163 7.84794 8.14694 7.76233 
25.9856 8.47898 31.6884 10.3306 7.80328 7.95278 7.76047 
26.3884 8.13357 29.8629 12.1746 7.79572 7.87047 7.77432 
26.5493 7.97558 28.7751 13.2534 7.80666 7.84403 7.79595 
25.6053 7.91733 28.2087 14.7568 7.83287 7.85155 7.82752 
25.8389 8.08408 27.9657 14.4741 7.87683 7.88617 7.87415 
25.267 8.00545 27.7024 15.3163 7.90183 7.9065 7.90049 
24.7078 7.8727 27.7831 16.1721 7.82088 7.82322 7.82021 
23.9433 7.90986 28.7922 15.7019 7.88395 7.88512 7.88362 
24.305 8.6216 28.2294 15.0176 7.94198 7.94256 7.94181 
24.1778 8.74118 26.9312 16.3696 7.92668 7.92698 7.9266 
24.9506 8.22911 27.7743 15.5803 7.82186 7.82201 7.82182 
24.9753 8.15867 29.5121 14.0401 7.77123 7.7713 7.7712 
24.6752 7.98559 29.1311 14.8326 7.79186 7.7919 7.79185 
27.2766 7.95621 28.4375 12.7517 7.85935 7.85936 7.85934 
26.6676 7.8869 27.2481 14.682 7.83847 7.83848 7.83847 
26.2709 7.7896 29.5331 13.1102 7.76539 7.76539 7.76539 
25.8266 7.87034 28.9867 13.7417 7.85823 7.85823 7.85823 
25.704 8.08799 29.4435 13.017 7.91583 7.91583 7.91583 
27.409 7.99969 29.2787 11.5718 7.91361 7.91361 7.91361 
25.1987 8.59755 30.5397 11.9162 8.17136 7.78822 7.78822 
24.1813 8.25358 29.9591 13.8677 8.04048 7.84891 7.84891 
23.9029 8.01028 27.2773 17.2898 7.90374 7.80795 7.80795 
