5 80000 300 266
12 12 12 12 12 12 12 12 
13.312 13.0031 14.9598 12.9516 10.2225 8.98661 8.98661 15.5778 
13.5115 14.096 15.7311 13.9881 11.9257 7.49002 7.49002 14.7675 
15.227 15.714 14.3894 14.2969 12.0485 6.71483 6.71483 14.3945 
15.0515 16.9479 13.7546 15.5679 12.5842 6.35328 6.35328 13.1373 
13.8825 16.8231 14.6572 17.6985 13.1706 6.16526 6.16526 11.3125 
12.5939 17.3016 16.4756 16.4032 13.3171 6.0631 6.0631 11.72 
13.0564 17.1498 17.2835 15.0108 14.8593 6.01366 6.01366 10.5817 
11.411 16.4851 17.4796 16.5874 15.291 6.86425 5.98534 9.88067 
10.049 16.436 16.5878 18.2641 18.0107 6.68978 5.95417 8.00055 
11.5149 16.343 15.8901 19.1801 16.89 7.19104 5.95786 7.02912 
10.3387 18.0237 16.1716 17.7674 17.8539 7.43789 5.93459 6.47023 
10.2307 17.1407 16.0101 17.5749 19.2541 7.50217 5.93253 6.35372 
10.353 16.9603 16.4435 18.2443 19.1809 6.75788 5.92456 6.13515 
9.33903 15.6655 17.637 18.0419 19.1544 7.1946 5.93552 7.0319 
10.1367 16.4808 16.3732 17.669 18.1756 7.42434 5.94987 7.7903 
8.97782 15.905 18.4232 19.3798 17.1125 7.36443 5.95847 6.87869 
9.38022 18.0316 17.9567 17.8421 17.5483 6.89368 5.94366 6.40377 
9.17599 18.794 18.5549 18.8001 15.9314 6.42063 5.94562 6.37729 
9.70692 20.0485 19.2568 17.8282 14.7909 6.20928 5.97178 6.18761 
9.20559 20.2616 21.4978 17.0743 12.8356 6.46765 5.95325 6.70409 
10.4851 18.2681 20.7979 18.4881 12.8884 6.76324 5.96682 6.34224 
10.1598 18.399 19.1981 19.0784 14.7775 6.33193 5.93372 6.12143 
9.79218 19.7154 17.4364 17.4261 17.0118 6.58858 5.94305 6.08651 
9.25273 20.4453 15.9624 17.173 18.8909 6.28315 5.96038 6.03211 
8.66677 19.7176 16.8701 17.93 17.0717 7.78804 5.95999 5.99585 
8.46182 18.9312 17.6603 18.2412 16.5379 7.66568 5.93616 6.56571 
8.01879 18.102 17.6685 18.9186 17.0568 8.02476 5.94788 6.26266 
7.34948 19.8303 17.5387 18.0625 17.992 7.15003 5.95977 6.11716 
6.89111 20.7826 18.2236 18.6317 16.3059 7.18125 5.95259 6.03129 
6.42235 19.3721 18.6981 20.2644 15.9733 7.32423 5.95309 5.99244 
6.176 19.1333 19.952 20.1824 16.0269 6.62694 5.94137 5.96104 
6.41802 18.9603 19.4691 21.2741 15.419 6.54409 5.95279 5.96263 
6.16157 17.8538 20.4799 20.608 16.4704 6.56343 5.92896 5.93388 
6.57269 18.188 20.5132 19.0591 17.0409 6.72301 5.95031 5.95277 
7.71672 17.6627 20.0424 19.8995 15.8233 6.96423 5.94497 5.9462 
7.45758 17.9267 19.9434 19.6288 16.3747 6.78951 5.93941 5.94003 
9.16249 17.4878 18.0475 19.1364 17.8583 6.38578 5.96073 5.96104 
8.48195 18.6223 18.4462 17.9269 18.4023 6.18175 5.96922 5.96938 
8.29226 18.4394 19.4795 17.7839 17.2012 6.88574 5.95897 5.95905 
7.13802 19.311 19.4254 16.5492 17.7284 7.90535 5.97137 5.97141 
6.78478 18.9397 17.7521 18.4406 19.1858 7.01284 5.94212 5.94214 
6.36618 20.357 17.495 18.9481 18.1614 6.78263 5.94485 5.94486 
6.70841 19.8607 19.1745 19.4542 16.5286 6.37046 5.95157 5.95158 
6.32605 19.3673 18.6592 20.4153 16.9191 6.26135 5.94763 6.10405 
7.47596 18.5101 19.1591 19.4353 17.3863 6.08955 5.93269 6.0109 
7.32721 18.5272 20.5466 18.5412 16.6692 6.43461 5.95737 5.99648 
7.68146 19.6989 20.876 18.1434 15.5333 6.17489 5.93628 5.95583 
7.63462 21.401 20.2908 17.1125 15.6942 6.03195 5.91265 5.92242 
7.60972 19.3332 19.826 18.0373 17.2782 6.00999 5.95033 5.95522 
7.86736 17.4791 20.3818 18.0811 17.6495 5.97374 5.94392 6.62344 
8.12163 16.2472 20.7118 19.4594 16.6389 6.61302 5.93416 6.27393 
7.78266 16.1549 19.7095 19.9158 16.9874 7.37115 5.95435 6.12423 
8.64593 17.4844 20.2331 18.7513 15.4467 7.46881 5.94241 6.02735 
9.31792 17.168 19.5514 20.1224 15.1905 6.71119 5.948 5.99047 
8.54551 17.5126 18.9669 21.3532 14.0554 7.6098 5.9677 5.98893 
7.26862 20.2232 18.781 19.5093 13.4843 8.76358 5.97972 5.99033 
7.86712 19.6883 18.3852 17.797 15.5781 8.77332 5.95282 5.95813 
7.85221 19.9136 18.8652 17.1822 15.1303 9.14857 5.9526 5.95526 
9.03273 20.2823 18.5235 16.3913 14.4675 9.40032 5.95049 5.95181 
9.00354 20.077 18.984 15.9948 14.5521 9.45443 5.9667 5.96736 
9.29065 20.4917 18.2459 16.5453 14.2792 9.20713 5.96996 5.97029 
8.5308 19.7039 18.4276 17.7307 14.8594 8.84692 5.95022 5.95038 
8.85104 20.5702 17.1696 17.1527 15.1093 9.0091 5.95853 6.17961 
8.74322 20.1998 17.5933 17.6382 15.2838 7.80945 5.96434 6.76784 
9.05744 19.2586 18.3281 18.244 15.7356 7.04637 5.96407 6.36582 
9.64054 20.2257 18.6422 17.9612 14.5771 6.82457 5.96393 6.1648 
10.0409 19.693 19.7624 17.2153 14.1238 7.07213 5.94214 6.15022 
8.91588 21.2126 19.2195 17.519 13.7855 7.32475 5.95933 6.06337 
8.21185 20.5646 19.0988 18.5614 13.41 7.67698 5.95151 6.52491 
8.29095 20.9651 18.6353 19.2477 13.7534 6.92219 5.94932 6.23602 
8.92528 20.3107 17.9106 19.0223 14.9326 6.89826 5.92847 6.07182 
8.11343 19.9437 17.8442 20.0403 15.7203 6.41209 5.9272 5.99887 
7.10971 19.7069 16.9866 19.3519 16.3855 8.50559 5.95899 5.99483 
7.59311 19.2583 16.4635 19.7185 16.1098 8.92867 5.95505 5.97297 
8.04656 19.9292 17.3818 19.4092 14.9549 8.31433 5.97753 5.98649 
7.05699 18.7286 19.3089 18.8619 16.2977 7.80885 5.96629 5.97077 
6.78936 18.1687 19.2196 18.9418 17.3336 7.60008 5.97228 5.97452 
7.39954 19.2178 21.139 16.5704 16.9799 6.77334 5.95944 5.96056 
8.28122 19.7899 20.6939 15.525 17.3701 6.38441 5.97746 5.97802 
9.82623 18.5906 20.4919 16.2909 15.597 7.31706 5.94302 5.9433 
9.60406 18.622 20.6212 16.3132 15.5247 7.41129 5.95164 5.95178 
8.97786 18.4868 20.0359 16.6182 15.2349 8.76059 5.94285 5.94292 
8.74797 17.9949 19.8779 17.7607 15.7271 7.99756 5.94692 5.94696 
9.62538 18.1594 19.1568 18.9921 15.2379 6.95968 5.93436 5.93437 
10.2769 18.7154 19.1554 18.1329 14.9632 6.59382 5.96365 6.19868 
9.78258 18.0429 19.4088 20.2848 14.2367 6.25228 5.93719 6.05471 
9.07707 19.5719 19.2228 20.1768 13.8844 6.10779 5.95025 6.00901 
9.44482 19.9293 18.2663 20.9484 13.4472 6.03074 5.95197 5.98135 
9.07522 19.0139 20.6452 19.9816 12.9664 6.39452 5.95422 5.96891 
8.11742 20.0703 20.7686 21.8453 11.0607 6.19022 5.97007 5.97741 
7.9733 19.9403 21.357 21.3022 11.2836 6.23864 5.95063 5.95431 
7.14894 19.7553 21.0604 22.2263 11.7874 6.10262 5.95861 5.96045 
6.52207 20.9039 22.5935 19.4647 12.6623 5.99891 5.9269 5.92782 
6.24077 19.4507 19.938 20.6382 15.8663 5.97919 5.94319 5.94365 
6.69622 19.4664 19.0319 20.8 15.3314 6.44212 5.9309 6.30105 
6.45844 19.3576 20.3727 20.846 14.6493 6.21402 5.95841 6.14348 
7.30108 18.9603 18.4498 21.6805 15.4684 6.10102 5.97322 6.06575 
8.17907 18.5992 18.1579 21.2 15.7367 6.15225 5.96428 6.01054 
8.83713 18.5544 19.4155 19.314 15.5606 6.44151 5.92685 5.94998 
7.55896 18.6368 18.5132 21.0486 15.9084 6.4843 5.91909 5.93066 
6.74665 17.8411 19.0419 21.5092 16.7926 6.20932 5.92672 5.9325 
6.69436 19.6217 19.1766 20.2872 15.6534 6.17969 5.91539 6.47179 
6.66006 19.6268 19.7723 20.3276 15.3727 6.15733 5.90248 6.18068 
6.44008 19.7416 20.4723 20.4509 13.727 6.42795 5.94167 6.79847 
6.17974 19.3167 21.5712 21.1197 13.3497 6.17367 5.93053 6.35893 
7.53698 16.4492 22.2038 22.4589 13.2854 6.03155 5.90998 6.12418 
8.47146 15.3409 21.8074 23.7294 12.6452 5.98607 5.92529 6.09427 
8.73148 15.4469 22.3253 22.9826 12.3979 5.96995 5.93956 6.20631 
8.87502 15.2168 22.5685 24.8202 10.443 5.96906 5.95386 6.15355 
8.00894 17.0296 22.5527 24.8485 9.65499 5.94019 5.9326 6.03244 
8.18169 16.3629 22.6688 26.4749 8.43509 5.94478 5.94098 5.9909 
8.49135 16.1534 24.2808 24.8446 8.29918 5.96984 5.96794 5.9929 
7.80818 16.2642 23.3904 26.2348 8.21209 6.10992 5.98397 5.99645 
8.011 13.9339 23.9507 26.0248 9.58192 6.50998 5.99068 5.99692 
7.42045 13.7324 25.6352 25.448 9.62344 6.21891 5.95926 5.96238 
7.9561 13.2667 25.4285 27.4261 7.91691 6.08791 5.95808 5.95964 
7.38853 11.9318 27.087 28.6948 6.94262 6.02812 5.96321 5.96399 
7.32947 12.4072 28.3394 27.2938 6.66009 6.01151 5.97905 5.97944 
7.22754 12.3026 26.8509 27.717 8.04019 5.96469 5.94846 5.94866 
7.06854 10.9252 27.4958 29.0595 7.66331 5.93461 5.92649 5.92659 
9.19465 10.0448 26.5511 28.6807 7.74001 5.93226 5.92821 5.92825 
10.2776 9.77802 28.4011 26.8899 6.84226 5.93839 5.93636 5.93639 
10.3135 10.3871 25.9082 28.7748 6.78465 5.94462 5.9436 5.94361 
9.89286 9.32073 25.6063 30.9639 6.36932 5.9493 5.9488 5.9488 
9.3894 9.63384 26.6626 30.2697 6.16875 5.95874 5.95848 5.95849 
9.67451 9.72944 26.05 30.2762 6.44911 5.94034 5.94021 5.94021 
8.75089 8.71087 29.6917 28.8358 6.19352 5.93913 5.93907 5.93907 
8.91492 9.22386 28.7932 27.5758 7.70202 5.93009 5.93006 5.93006 
9.45106 9.60553 27.8409 28.0645 7.30812 5.90999 5.90997 5.90997 
7.78542 9.75068 29.4803 28.0296 7.10458 5.94979 5.94978 5.94978 
8.82138 9.93371 28.9425 27.828 6.60028 5.95803 5.95803 5.95803 
8.85931 10.7939 28.8823 26.8839 6.80891 5.92388 5.92388 5.92388 
9.1417 8.47288 29.5589 28.7561 6.34948 5.90697 5.90696 5.90696 
10.2922 8.02997 27.4038 30.2985 6.15982 5.93856 5.93856 5.93856 
11.8269 6.96857 28.8918 28.5107 6.03349 5.92287 5.92286 5.92286 
13.5801 6.75095 27.9126 27.5887 6.28341 5.96143 5.96143 5.96143 
11.6763 6.78913 28.6819 28.9884 6.08682 5.92583 5.92583 5.92583 
11.5153 7.01974 30.3464 27.4217 5.98459 5.90409 5.90409 5.90409 
10.3996 6.69289 29.0326 30.0239 6.04269 5.93613 5.93613 5.93613 
9.76276 7.13822 28.2695 30.6289 5.97764 5.92436 5.92436 6.37423 
10.6856 6.50617 28.1208 30.8389 5.92588 5.89924 5.89924 6.12418 
11.4388 6.88473 29.0409 28.7139 6.01093 5.93276 5.93276 6.04523 
11.6718 6.38354 28.8762 29.3429 5.94664 5.90756 5.90756 5.96379 
11.1596 7.36443 29.9777 27.8369 5.92296 5.90342 5.90342 5.93154 
12.2912 6.63524 30.0224 27.4084 5.9145 5.90473 5.90473 5.91879 
12.7828 6.28854 30.1819 27.0417 5.92817 5.92329 5.92329 5.93032 
11.8935 6.10163 29.3275 28.9954 5.92145 5.919 5.919 5.92252 
12.4768 6.764 26.9557 30.1827 5.90567 5.90444 5.90444 5.9062 
12.419 6.36811 28.5473 28.633 6.21672 5.93833 5.93833 5.93921 
10.5573 6.66232 30.5055 28.302 6.15184 5.94018 5.94018 5.94062 
11.4664 6.31836 29.4064 28.8736 6.06312 5.95729 5.95729 5.95751 
12.1943 6.09604 28.2862 29.7085 5.96842 5.9155 5.9155 5.91561 
12.4059 6.00104 26.7605 31.163 5.93723 5.91077 5.91077 5.91083 
12.8278 5.99912 25.1655 32.1784 5.96722 5.95399 5.95399 5.95402 
13.1293 6.32403 28.8726 27.7913 5.97563 5.96902 5.96902 5.96903 
12.0725 6.09478 30.03 28.1303 5.92058 5.91727 5.91727 5.91728 
12.35 6.04484 29.4283 28.3509 5.95774 5.95608 5.95608 5.95609 
12.9547 5.98852 31.6633 25.6161 5.94497 5.94414 5.94414 5.94415 
13.1351 7.25525 28.9475 26.7894 5.96849 5.96808 5.96808 5.96808 
11.8194 6.57726 29.15 28.7184 5.93389 5.93368 5.93368 5.93368 
12.8275 6.23384 25.8764 31.414 5.91215 5.91204 5.91204 5.91205 
13.0607 6.07113 29.5556 27.6716 5.91028 5.91023 5.91023 5.91023 
12.1446 6.00782 29.1107 29.0273 5.9274 5.92738 5.92738 5.92738 
13.1013 5.97493 27.164 30.0209 5.93471 5.9347 5.9347 5.9347 
14.2108 6.26044 26.0472 29.6344 5.96179 5.96178 5.96178 5.96178 
14.8817 6.40444 25.2337 29.824 5.91404 5.91404 5.91404 5.91404 
13.9829 6.94054 25.7788 29.6316 5.91652 5.91652 5.91652 5.91652 
12.8652 6.40713 25.7382 31.4091 5.89512 5.89512 5.89512 5.89512 
13.258 6.14007 25.5675 31.4982 5.88407 5.88407 5.88407 5.88407 
14.9981 6.0028 24.5148 30.9851 5.87479 5.87479 5.87479 5.87479 
13.1497 5.99797 26.2985 30.8179 5.93397 5.93397 5.93397 5.93397 
11.5519 6.36805 26.3958 31.8714 5.9532 5.9532 5.9532 5.9532 
11.7728 6.14353 26.1262 32.213 5.9361 5.9361 5.9361 5.9361 
12.6214 6.00002 25.069 32.7244 5.89631 5.89631 5.89631 5.89631 
12.5925 5.97115 29.4275 28.3316 5.91929 5.91929 5.91929 5.91929 
13.5268 5.91873 30.4709 26.2395 6.16565 5.8928 5.8928 5.8928 
14.1708 5.95082 27.3437 28.6468 6.07428 5.93785 5.93785 5.93785 
16.2722 5.91215 25.1929 28.9318 5.97389 5.90567 5.90567 5.90567 
17.8561 6.14426 24.5716 27.763 5.94184 5.90774 5.90774 5.90774 
16.3749 6.03565 27.0274 26.8754 5.93445 5.91739 5.91739 5.91739 
15.5177 5.94993 28.7915 26.1692 5.89932 5.8908 5.8908 5.8908 
17.0181 5.93793 26.1735 27.2327 5.91262 5.90836 5.90836 5.90836 
16.4001 5.90192 26.0756 28.0717 5.88927 5.88714 5.88714 5.88714 
16.4019 5.94781 25.735 28.1526 5.94148 5.94042 5.94042 5.94042 
19.5923 6.79999 24.5197 25.2067 6.10118 5.92673 5.92673 5.92673 
18.9886 6.40687 27.7237 23.0845 5.97155 5.88433 5.88433 6.05615 
19.4322 7.55126 26.5172 22.8 5.93609 5.89247 5.89247 5.97838 
20.9272 6.72162 25.6154 23.1021 5.91403 5.89223 5.89223 5.93518 
23.6425 7.91353 24.6288 20.1773 5.91229 5.90139 5.90139 5.92286 
25.7765 6.94184 25.8965 17.6259 5.94122 5.93577 5.93577 5.94651 
27.443 6.46749 24.9345 17.289 5.96718 5.96446 5.96446 5.96983 
28.1793 6.50397 30.0232 11.6565 5.90958 5.90822 5.90822 5.9109 
29.6251 6.19316 30.9241 9.67443 5.89597 5.89529 5.89529 5.89663 
29.4122 6.78575 32.0241 8.05542 5.93072 5.93037 5.93037 5.93105 
32.7402 6.33405 29.8665 7.43328 5.90653 5.90636 5.90636 5.9067 
32.8155 6.48561 28.7976 8.28891 5.90312 5.90303 5.90303 5.9032 
30.8794 6.22902 32.0098 7.13067 5.93778 5.93773 5.93773 5.93782 
32.6449 6.1032 30.8676 6.55403 5.95758 5.95756 5.95756 5.9576 
33.9922 5.9837 30.1714 6.20911 5.91089 5.91088 5.91088 5.9109 
30.3527 5.92891 34.1067 6.04162 5.89251 5.8925 5.8925 5.89251 
33.2319 6.43668 30.595 6.00692 5.93236 5.93236 5.93236 5.93237 
34.2544 6.20668 29.729 5.9918 5.95452 5.95452 5.95452 5.95452 
32.3101 6.04452 32.0346 5.93708 5.91844 5.91844 5.91844 5.91844 
34.2354 5.99845 30.0798 5.94473 5.93541 5.93541 5.93541 5.93541 
35.1143 5.97036 29.2165 5.9435 5.93884 5.93884 5.93884 5.93884 
34.6815 5.97387 29.5517 5.96044 5.95811 5.95811 5.95811 5.95811 
35.6709 5.96198 28.5954 5.95527 5.9541 5.9541 5.9541 5.9541 
34.1923 6.23378 29.8182 5.95161 5.95103 5.95103 5.95103 5.95103 
35.8962 6.07689 28.3491 5.93581 5.93551 5.93551 5.93551 5.93551 
36.5135 5.99203 27.8876 5.92149 5.92134 5.92134 5.92134 5.92134 
34.633 5.95769 29.7975 5.92242 5.92234 5.92234 5.92234 5.92234 
34.4928 6.93568 28.9275 5.92883 5.9288 5.9288 5.9288 5.9288 
30.4004 6.45738 33.3726 5.95395 5.95394 5.95394 5.95394 5.95394 
31.8927 6.179 32.2919 5.92729 5.92728 5.92728 5.92728 5.92728 
34.1549 6.02636 30.3163 5.9005 5.9005 5.9005 5.9005 5.9005 
32.4682 5.96374 31.1868 6.778 5.90081 5.90081 5.90081 5.90081 
34.4721 6.38218 29.2719 6.32563 5.88703 5.88703 5.88703 5.88703 
29.7559 6.12294 34.525 6.09467 5.87537 5.87537 5.87537 5.87537 
31.6511 6.89534 31.7993 6.00261 5.97283 5.89296 5.89296 5.89296 
35.3808 6.43847 28.2463 6.14548 5.97721 5.93728 5.93728 5.93728 
31.6748 6.65673 31.8575 6.04149 5.95736 5.93739 5.93739 5.93739 
33.0392 6.31002 30.837 6.0024 5.96033 5.95035 5.95035 5.95035 
30.544 6.35623 33.3301 5.97376 5.95273 5.94773 5.94773 5.94773 
32.6095 6.11929 31.6805 5.92806 5.91754 5.91504 5.91504 5.91504 
29.8017 6.05044 34.3985 5.95483 5.94957 5.94832 5.94832 5.94832 
30.3133 6.49845 33.48 5.94413 5.9415 5.94087 5.94087 5.94087 
28.35 6.24773 35.4057 6.12049 5.96925 5.96894 5.96894 5.96894 
32.3823 6.06504 31.8485 6.00142 5.9258 5.92565 5.92565 5.92565 
30.033 5.99862 34.2858 5.96681 5.929 5.92892 5.92892 5.92892 
29.1316 5.94875 34.348 6.91599 5.91394 5.9139 5.9139 5.9139 
32.6968 5.92965 31.3114 6.41327 5.91224 5.91222 5.91222 5.91222 
33.1919 6.87729 29.8467 6.32334 5.94021 5.9402 5.9402 5.9402 
29.6528 6.58765 32.0508 7.84677 5.96549 5.96549 5.96549 5.96549 
32.0117 6.47628 29.6039 8.09595 5.95304 5.95304 5.95304 5.95304 
35.0338 6.20355 27.9815 7.01338 5.94193 5.94192 5.94192 5.94192 
34.9523 6.0538 28.1974 6.45872 6.56875 5.92299 5.92299 5.92299 
33.5912 6.07568 30.1266 6.19103 6.24605 5.92317 5.92317 5.92317 
35.2654 5.97447 28.9736 6.03215 6.05965 5.89821 5.89821 5.89821 
36.5576 5.93274 27.8889 5.96158 5.97534 5.89462 5.89462 5.89462 
35.6913 5.88466 29.0223 5.89908 5.90596 5.8656 5.8656 5.8656 
31.3508 7.16913 31.2122 5.93923 6.56123 5.92249 5.92249 5.92249 
34.6553 6.51099 29.0676 5.89604 6.20703 5.88767 5.88767 5.88767 
31.2443 7.25549 31.6171 5.94802 6.10352 5.94383 5.94383 5.94383 
34.2865 6.62432 29.1647 5.97058 6.04833 5.96849 5.96849 5.96849 
33.2755 6.51857 30.7146 5.8911 5.92998 5.89006 5.89006 5.89006 
35.5366 6.23548 28.6014 5.92174 5.94118 5.92122 5.92122 5.92122 
36.2501 6.08804 27.9971 5.93117 5.94089 5.93091 5.93091 5.93091 
34.2025 7.5053 28.5608 5.91171 6.08492 5.91158 5.91158 5.91158 
35.6224 6.7104 28.0128 5.9136 6.00021 5.91354 5.91354 5.91354 
35.5364 6.60483 28.1866 5.91101 6.02817 5.91098 5.91098 5.91098 
35.8261 6.28367 28.1478 5.93677 5.99534 5.93675 5.93675 5.93675 
36.6442 6.08746 27.6691 5.914 5.94329 5.91399 5.91399 5.91399 
32.49 6.04223 31.6756 5.9555 5.97015 5.9555 5.9555 5.9555 
28.9886 6.39443 34.7284 5.97625 5.98357 5.97625 5.97625 5.97625 
31.0805 6.17628 32.9036 5.96719 5.97085 5.96719 5.96719 5.96719 
30.8604 6.97534 31.4671 5.95616 6.87262 5.95616 5.95616 5.95616 
35.0467 6.43752 28.4179 5.92793 6.38616 5.92793 5.92793 5.92793 
33.0745 6.17152 30.7444 5.91672 6.34269 5.91672 5.91672 5.91672 
32.7744 6.35036 31.2657 5.87932 6.09231 5.87932 5.87932 5.87932 
34.804 6.16387 29.2839 5.92835 6.03484 5.92835 5.92835 5.92835 
31.9181 6.71097 31.7118 5.92117 5.97441 5.92117 5.92117 5.92117 
33.8621 6.3512 29.9786 5.9563 5.98293 5.9563 5.9563 5.9563 
34.6601 6.69486 27.9375 5.9662 6.84272 5.9662 5.9662 5.9662 
30.6956 6.3265 32.7288 5.96217 6.40043 5.96217 5.96217 5.96217 
28.4662 6.4616 34.9551 5.97958 6.19871 5.97958 5.97958 5.97958 
31.8147 6.19816 32.0918 5.95715 6.06672 5.95715 5.95715 5.95715 
12 12 12 12 12 12 12 12 
15.0954 13.7038 13.9026 14.002 12.66 8.98211 8.98211 10.672 
15.1582 14.9124 14.8482 15.1843 12.5084 7.47796 7.47796 11.4325 
13.8783 16.0302 14.1607 16.7785 14.1282 6.71361 6.71361 11.0969 
12.6889 16.8007 16.234 16.1169 14.1018 6.34668 6.34668 11.1142 
11.0901 17.0109 17.4125 16.2776 14.9766 6.15769 6.15769 10.7919 
11.0005 16.9139 17.465 17.3981 14.9958 6.6324 6.0318 9.50007 
13.6337 18.6759 15.7189 15.5291 15.8399 6.86156 5.98774 7.72188 
11.8747 19.9834 16.6263 14.9418 16.5905 6.99533 5.98038 6.99196 
10.7488 20.1108 17.589 14.0681 18.0671 6.47385 5.96638 6.9682 
11.0303 19.6561 15.6386 15.1139 17.9214 7.89472 5.97749 6.76357 
10.7836 18.3894 15.8233 15.9156 19.1431 7.54412 5.9776 6.4213 
9.50768 19.0016 16.3974 15.8338 19.5309 7.53222 5.98677 6.20862 
9.8122 19.6175 15.7376 15.4558 20.5631 6.73304 5.96031 6.11987 
10.4561 19.3088 15.4688 15.5279 20.2816 6.36652 5.98015 6.60994 
10.1583 17.9711 17.4954 16.3297 19.6029 6.17131 5.97813 6.29302 
10.8047 17.9194 16.7931 17.0493 18.9328 6.44202 5.95056 6.10801 
9.2211 17.6664 17.5106 17.3841 19.3951 6.17417 5.92844 6.71999 
7.63635 19.2003 17.3366 17.4222 19.519 6.60891 5.94041 6.33619 
7.10697 19.9804 17.4042 17.8581 18.8037 6.74741 5.95068 6.14857 
7.72015 18.6927 19.4088 17.5261 18.3681 6.32729 5.92893 6.02787 
8.25511 20.1013 18.4428 16.9843 18.0775 6.16261 5.96343 6.0129 
8.2226 18.9485 18.0182 19.0584 17.5827 6.21579 5.96453 5.98926 
9.02021 18.0775 17.0556 19.7519 16.4837 7.66255 5.96809 5.98046 
8.23404 18.8699 17.4156 19.7568 16.4345 7.3566 5.96319 5.96938 
8.68071 17.8101 16.9826 18.4541 17.9966 7.99124 5.94047 6.14417 
8.13134 17.3067 18.0712 18.807 17.7073 7.99152 5.94155 6.04339 
7.34436 17.7662 18.2449 19.2878 18.2558 6.98515 5.96017 6.15574 
7.77208 17.884 17.7935 19.8701 17.5162 7.16835 5.94898 6.04677 
7.88214 19.4196 18.5459 19.3892 15.9218 6.89802 5.9472 5.99609 
7.93905 18.8697 18.1798 20.1197 15.7544 7.19395 5.95943 5.98388 
7.67323 19.9801 17.7833 20.6566 15.3875 6.58051 5.96325 5.97548 
7.47207 20.3486 18.7522 19.4916 14.8651 7.12492 5.96967 5.97579 
6.69788 20.7667 18.5127 19.7358 14.7619 7.57852 5.94668 5.99994 
6.78132 20.1169 16.7871 20.2162 15.7313 8.195 5.94465 6.22743 
6.37046 21.5231 15.2117 19.8051 16.3 8.59245 5.95212 6.24503 
6.38645 20.162 18.1242 18.4391 16.585 8.20883 5.97403 6.12048 
6.17905 18.0263 19.2341 19.4928 17.9585 7.09024 5.97284 6.04607 
7.52252 19.4771 18.8954 17.5815 17.7937 6.741 5.97611 6.01273 
8.67197 18.4191 20.5588 15.6856 18.123 6.59471 5.96425 5.98255 
8.10381 19.291 20.9719 16.4986 16.9536 6.30143 5.93528 5.94443 
7.71432 18.0319 20.3585 16.6888 18.1902 7.1316 5.94004 5.94462 
7.17011 18.7509 19.8123 17.3658 17.6578 7.33746 5.92619 5.97944 
6.83629 17.9469 19.8076 18.7814 17.3018 7.46184 5.91876 5.94539 
6.40244 18.607 18.8567 18.8148 16.8708 8.54767 5.94367 5.95699 
6.39594 18.8877 20.1789 18.6873 15.7376 8.1785 5.96372 5.97038 
6.18151 19.629 19.7088 19.0659 15.7906 7.43287 5.9654 6.22593 
7.67243 19.4759 18.7189 17.8995 17.0587 6.95349 5.97075 6.25042 
7.33776 20.2426 18.9372 18.682 16.2018 6.51485 5.97199 6.11182 
7.60263 19.5416 19.6653 18.813 15.6579 6.77709 5.9363 6.00622 
7.10667 18.6375 20.798 17.7486 16.6432 7.11363 5.95871 5.99367 
6.50398 17.0977 20.002 19.7649 18.2465 6.50746 5.93 5.94748 
6.92846 18.3905 19.6164 20.1765 16.7024 6.25147 5.96274 5.97148 
7.24574 18.4389 19.262 20.2773 16.1243 6.69716 5.97507 5.97944 
7.13969 18.4448 17.684 19.7207 17.6952 7.42605 5.9437 5.94588 
6.5479 17.7908 18.0896 19.944 17.5728 8.04949 5.94991 6.05549 
6.54648 18.0692 18.6478 19.4677 17.4237 7.18998 5.9256 6.72946 
6.24027 15.9027 18.5547 20.7778 18.9316 6.56202 5.92983 7.101 
6.12443 16.696 20.5434 20.6357 17.3521 6.23166 5.91556 6.50114 
6.05367 18.1771 18.4982 20.4674 18.5051 6.10728 5.94923 6.24202 
6.89336 17.5101 18.73 21.3566 16.8267 6.65534 5.94072 6.08711 
6.84732 19.8071 18.7168 20.03 15.9585 6.67517 5.94592 6.01911 
6.39606 19.67 19.3902 18.4014 17.0557 7.00001 5.94536 6.14119 
6.17675 19.835 18.7909 20.4241 15.6555 7.11702 5.9514 6.04932 
7.34614 19.2386 19.0042 18.7276 16.4008 7.29844 5.96765 6.0166 
7.82223 18.863 19.166 18.5025 14.6605 8.32359 5.97752 6.68477 
9.72507 17.4049 18.2762 19.1073 15.1929 7.98239 5.97879 6.33242 
7.84915 18.0742 19.2823 18.05 16.9682 7.64722 5.97601 6.15282 
8.82435 19.2821 17.4919 17.3769 18.2837 6.77461 5.93901 6.02741 
7.45839 19.1999 17.3594 17.617 18.5431 7.48395 5.9632 6.37505 
6.68743 18.5907 17.9604 17.2192 20.1764 6.81622 5.93984 6.6098 
7.93087 17.5522 18.2692 17.9559 18.9758 6.96316 5.95157 6.40123 
8.83696 17.9303 17.8605 17.0079 19.231 6.96123 5.97364 6.19847 
7.61804 17.5335 18.5832 18.3196 19.0515 6.84287 5.96947 6.08188 
8.07523 18.3799 18.9617 17.5785 18.115 6.94817 5.94264 5.99885 
7.83441 19.7247 17.9835 18.8962 16.8115 6.62917 5.96597 6.1545 
7.93599 18.9438 18.3341 19.4168 17.0697 6.28953 5.95793 6.0522 
8.20626 20.1821 19.1327 18.5285 15.8659 6.123 5.9572 6.00434 
7.78616 18.4058 18.9972 19.0857 17.3079 6.52132 5.93619 5.95976 
7.79498 17.1182 19.755 19.1861 17.7398 6.21495 5.92239 6.26862 
7.84938 17.4365 18.6977 19.5014 17.1746 6.08571 5.93943 7.31529 
8.95982 17.1492 20.1217 16.835 18.3063 6.0288 5.95566 6.6436 
9.6169 17.3075 18.9079 18.2919 17.6577 5.98244 5.94587 6.28983 
9.08096 16.7369 19.8465 19.4808 16.4501 6.39769 5.91751 6.08949 
9.5463 17.507 19.6439 19.5774 15.6174 6.16741 5.92732 6.01331 
9.66826 17.9027 18.4466 20.861 15.1513 6.05573 5.93569 5.97868 
10.8714 17.2389 18.4988 18.0595 17.1256 6.10141 5.93162 6.17266 
10.708 17.4839 17.5345 18.5894 16.9058 6.46901 5.92062 6.38876 
9.40351 19.0907 17.7661 18.9685 16.4394 6.21538 5.94119 6.17526 
8.4603 18.3153 18.9058 19.7348 16.3063 6.29676 5.93187 6.0489 
8.17159 18.5608 18.4056 19.721 16.3175 6.13261 5.95017 6.74067 
8.37788 16.8055 18.6231 21.1203 16.7987 6.0206 5.92938 6.32463 
7.17401 17.5712 18.9064 21.3277 16.9281 5.99537 5.94976 6.14739 
7.16262 17.4022 20.4145 19.515 17.0221 6.45607 5.96433 6.06314 
6.98653 17.4412 20.4797 20.2569 15.889 6.17923 5.93336 6.83407 
7.1275 18.5096 21.2598 19.2727 15.3888 6.07906 5.95613 6.40648 
9.39082 17.9014 19.4645 19.1601 16.0277 5.98439 5.92293 6.1481 
10.2034 16.6618 20.4422 19.9228 14.1338 6.23577 5.96024 6.44002 
9.80967 17.1509 20.8289 19.4966 14.4567 6.09762 5.95986 6.19975 
11.0462 16.1073 21.5385 19.8873 12.7324 6.29331 5.93474 6.46025 
10.8581 17.6691 20.5707 19.3729 12.5697 6.8067 5.94504 6.20779 
11.6867 17.0554 21.5124 19.073 11.1315 6.34814 5.9173 7.27567 
10.3321 18.8768 20.9183 19.8233 11.3014 6.16659 5.95117 6.63036 
10.0752 18.2869 21.1864 21.548 10.6204 6.05299 5.94528 6.28487 
8.628 18.6514 23.0932 21.1463 10.3634 6.01852 5.96466 6.13446 
10.6337 18.4335 20.3446 21.5397 10.634 5.98324 5.95631 6.47491 
9.71318 17.8782 20.4085 22.5153 11.4194 5.94437 5.93091 6.19021 
9.62809 18.2805 20.5537 22.6152 11.0188 5.92918 5.92244 6.0521 
10.7118 17.9869 21.0894 20.6785 11.2106 5.91347 5.91011 6.49918 
9.90727 16.2106 22.4433 21.1975 12.1072 5.94763 5.94595 6.24049 
8.97961 16.5469 24.0139 21.1182 11.3134 5.96083 5.95999 6.10726 
9.08678 18.0341 24.0976 20.8866 10.0018 5.94011 5.93969 6.01333 
10.5409 17.3504 23.7912 22.312 8.15745 5.93723 5.93702 5.97383 
10.4974 16.6532 24.4816 21.6787 8.89303 5.92597 5.92587 5.94428 
10.488 14.9243 25.1127 22.0942 9.55648 5.93841 5.93835 5.94756 
10.3195 15.4868 24.2848 21.5409 10.6081 5.91845 5.91842 5.92302 
8.96128 15.2176 23.8692 24.3658 9.81438 5.92314 5.92313 5.92543 
7.95107 14.4212 25.5593 25.6791 8.57043 5.91787 5.91786 5.98328 
8.20834 13.8905 27.5283 24.4797 8.05506 5.93513 5.93512 5.96783 
7.10145 13.8935 29.568 24.5015 7.0248 5.96484 5.96484 5.98119 
6.48814 14.418 30.0458 24.8305 6.44982 5.91984 5.91984 5.92802 
6.24152 15.6911 26.9489 26.701 6.54124 5.95737 5.95737 5.96146 
6.94626 14.2885 26.3604 27.78 6.82767 5.9317 5.9317 5.93375 
6.41816 14.7359 27.3163 27.4371 6.35886 5.91088 5.91088 5.9119 
7.67716 12.6871 26.1404 29.5342 6.15815 5.93416 5.93416 5.93467 
7.70124 12.7813 27.591 28.2149 6.01184 5.89984 5.89984 5.9001 
6.82513 12.623 26.8975 29.9006 5.98042 5.92443 5.92443 5.92455 
6.6576 10.6161 28.4818 30.447 5.97034 5.94235 5.94235 5.94241 
6.5546 11.2435 29.6603 28.7719 5.95291 5.93891 5.93891 5.93895 
7.47216 10.0873 30.7977 27.3765 6.42707 5.94645 5.94645 5.94647 
9.55505 8.70742 31.6345 26.1882 6.15894 5.91863 5.91863 5.91864 
10.4419 9.59847 30.013 25.8913 6.36618 5.89638 5.89638 5.89638 
11.6262 9.57048 27.817 27.194 6.12427 5.88937 5.88937 5.88937 
13.1568 9.16024 27.6585 26.2533 6.03088 5.91343 5.91343 5.91343 
13.7936 8.69404 27.9432 25.7849 5.99013 5.9314 5.9314 5.9314 
13.8939 8.13711 27.8929 26.2306 5.9834 5.95404 5.95404 5.95404 
16.6386 7.81305 24.7394 27.1388 5.92856 5.91388 5.91388 5.91388 
14.6541 7.30019 29.1872 25.2587 5.90546 5.89811 5.89811 5.89811 
14.2211 7.06083 30.4862 24.5307 5.92805 5.92438 5.92438 5.92438 
16.3802 7.7439 27.6729 24.5547 5.91347 5.91163 5.91163 5.91163 
15.6469 6.85468 27.1802 26.563 5.93946 5.93855 5.93855 5.93855 
17.6012 6.90882 25.6642 25.9482 6.08084 5.93224 5.93224 5.93224 
17.1848 7.03673 25.9419 26.0076 6.01298 5.93868 5.93868 5.93868 
16.9871 6.53751 26.8885 25.2277 6.61474 5.91485 5.91485 5.91485 
18.6421 6.23905 27.7182 23.1749 6.44268 5.92772 5.92772 5.92772 
18.7402 8.22157 26.3395 22.655 6.20407 5.94659 5.94659 5.94659 
17.2024 7.43357 28.6761 22.9572 6.02925 5.90051 5.90051 5.90051 
19.4297 7.56853 25.6026 23.1065 6.503 5.92991 5.92991 5.92991 
18.8057 7.24747 25.9326 24.0352 6.20965 5.92311 5.92311 5.92311 
19.1685 7.37373 26.2475 22.7989 6.62045 5.9303 5.9303 5.9303 
19.362 7.46464 26.9756 22.1402 6.27319 5.92811 5.92811 5.92811 
20.6916 7.27682 26.5346 21.7036 6.07777 5.90523 5.90523 5.90523 
21.1081 6.62795 25.8981 22.511 6.02842 5.94215 5.94215 5.94215 
19.1818 6.3031 25.517 25.1142 6.00334 5.96021 5.96021 5.96021 
17.6147 6.12332 26.1314 26.3015 5.97344 5.95187 5.95187 5.95187 
16.86 7.45405 24.3395 27.6456 5.98818 5.90419 5.90419 5.90419 
16.9646 6.7866 25.6963 26.7858 5.97316 5.93116 5.93116 5.93116 
17.6516 6.91995 25.8576 25.7753 5.96464 5.94364 5.94364 5.94364 
19.6954 6.43904 26.8579 23.1936 5.96138 5.95088 5.95088 5.95088 
19.6782 7.45681 26.0561 23.0375 5.94679 5.94154 5.94154 5.94154 
23.5355 6.6987 24.6617 21.3372 5.94369 5.94107 5.94107 5.94107 
25.4996 6.90347 24.2048 19.5539 5.96054 5.95923 5.95923 5.95923 
28.2062 7.08244 27.9738 13.0965 5.98857 5.88418 5.88418 5.88418 
27.2975 8.09369 30.4221 10.6377 5.92638 5.87419 5.87419 5.87419 
30.8718 7.15762 29.9303 8.42964 5.92222 5.89612 5.89612 5.89612 
30.9121 7.08021 30.5114 7.92631 5.90229 5.88924 5.88924 5.88924 
33.7305 6.52924 28.435 7.5637 5.94027 5.93375 5.93375 5.93375 
30.774 6.26034 31.7639 7.34818 5.96586 5.9626 5.9626 5.9626 
30.8832 6.10727 31.6071 7.56722 5.96003 5.9584 5.9584 5.9584 
31.8712 6.04083 30.4551 7.76654 5.96721 5.9664 5.9664 5.9664 
28.8144 5.98185 31.8942 9.53065 5.94504 5.94463 5.94463 5.94463 
31.7175 5.95644 29.1195 9.45498 5.93804 5.93783 5.93783 5.93783 
31.8132 5.96967 29.6595 8.71609 5.96047 5.96037 5.96037 5.96037 
33.7291 5.96681 26.9657 9.48981 5.96221 5.96215 5.96215 5.96215 
29.748 5.9742 32.0411 8.3492 5.9719 5.97187 5.97187 5.97187 
32.5421 5.91986 29.6829 8.18032 5.91871 5.9187 5.9187 5.9187 
34.9559 5.95472 27.9274 7.34537 5.95415 5.95414 5.95414 5.95414 
30.8849 5.97421 32.5757 6.66953 5.97392 5.97392 5.97392 5.97392 
32.2534 5.94526 31.728 6.29292 5.94511 5.94511 5.94511 5.94511 
34.8855 5.93455 28.1348 7.30725 5.93447 5.93447 5.93447 5.93447 
32.0542 5.92335 31.7194 6.60971 5.92332 5.92332 5.92332 5.92332 
34.3402 5.9252 29.7655 6.26838 5.92518 5.92518 5.92518 5.92518 
30.002 5.91245 34.3518 6.08404 5.91244 5.91244 5.91244 5.91244 
34.0828 5.8974 30.447 5.9832 5.8974 5.8974 5.8974 5.8974 
30.5773 5.91831 33.3865 6.44464 5.91831 5.91831 5.91831 5.91831 
33.724 5.95235 30.2987 6.21552 5.95235 5.95235 5.95235 5.95235 
35.4837 5.90873 27.5394 7.43327 5.90873 5.90873 5.90873 5.90873 
32.5538 5.93242 29.2086 8.57557 5.93242 5.93242 5.93242 5.93242 
33.049 5.89343 30.2688 7.215 5.89343 5.89343 5.89343 5.89343 
33.3349 5.89212 29.5022 7.70233 5.89212 5.89212 5.89212 5.89212 
34.7209 5.91783 28.867 6.82293 5.91783 5.91783 5.91783 5.91783 
30.9021 6.60475 31.621 7.1317 5.9351 5.9351 5.9351 5.9351 
32.4194 6.24355 28.7818 8.9203 5.90873 5.90873 5.90873 5.90873 
30.1288 6.30996 32.2758 7.64833 5.90926 5.90926 5.90926 5.90926 
27.4663 6.13771 35.8396 6.8069 5.93736 5.93736 5.93736 5.93736 
29.2043 6.02244 33.602 7.48221 5.92227 5.92227 5.92227 5.92227 
30.2899 5.94785 31.6387 8.53245 5.89776 5.89776 5.89776 5.89776 
32.0781 5.95358 27.956 10.2982 5.92853 5.92853 5.92853 5.92853 
29.5383 5.91796 31.8513 9.07067 5.90544 5.90544 5.90544 5.90544 
32.6475 5.92634 29.4271 8.31872 5.92008 5.92008 5.92008 5.92008 
34.2075 5.9438 27.3067 8.77933 5.94067 5.94067 5.94067 5.94067 
33.5717 5.95252 27.2152 9.45673 5.95096 5.95096 5.95096 5.95096 
30.6026 6.79306 30.7068 8.08714 5.95258 5.95258 5.95258 5.95258 
33.2479 6.31806 29.8776 6.96511 5.89783 5.89783 5.89783 5.89783 
31.461 6.41804 32.263 6.39851 5.86486 5.86486 5.86486 5.86486 
34.6417 6.14598 29.5985 6.13622 5.8694 5.8694 5.8694 5.8694 
31.9138 6.06838 32.234 6.0635 5.93009 5.93009 5.93009 5.93009 
34.7163 5.98427 29.5058 6.13311 5.91512 5.91512 5.91512 5.91512 
35.3334 6.91775 28.0449 6.02799 5.91899 5.91899 5.91899 5.91899 
32.2857 6.41378 31.6741 5.96889 5.9144 5.9144 5.9144 5.9144 
34.9312 6.19769 29.1039 5.97524 5.948 5.948 5.948 5.948 
30.4685 6.04424 33.0146 6.79509 5.9194 5.9194 5.9194 5.9194 
32.8479 6.9994 29.0073 7.37482 5.94265 5.94265 5.94265 5.94265 
30.3536 6.43225 32.9054 6.69327 5.90388 5.90388 5.90388 5.90388 
32.047 6.19322 29.9642 8.07946 5.92904 5.92904 5.92904 5.92904 
29.7085 6.23117 32.4133 7.86236 5.94617 5.94617 5.94617 5.94617 
32.7847 6.03818 30.7406 6.85377 5.89568 5.89568 5.89568 5.89568 
34.8984 5.98006 28.4928 6.99351 5.90881 5.90881 5.90881 5.90881 
35.6591 5.92213 27.7495 7.1233 5.8865 5.8865 5.8865 5.8865 
32.2865 5.92298 31.0115 7.15826 5.90517 5.90517 5.90517 5.90517 
34.7935 5.93682 29.0036 6.55446 5.92791 5.92791 5.92791 5.92791 
31.4369 5.90537 32.625 6.42909 5.90092 5.90092 5.90092 5.90092 
34.3638 5.92072 29.4784 6.5631 5.9185 5.9185 5.9185 5.9185 
31.394 6.20042 32.5595 6.22706 5.90476 5.90476 5.90476 5.90476 
30.977 6.06021 32.1998 7.11353 5.91238 5.91238 5.91238 5.91238 
28.4039 7.18418 34.1512 6.65344 5.90181 5.90181 5.90181 5.90181 
27.4349 6.52395 36.2515 6.25857 5.88276 5.88276 5.88276 5.88276 
28.316 6.25467 35.352 6.34097 5.93408 5.93408 5.93408 5.93408 
26.8867 6.0999 35.0541 8.20097 5.9396 5.9396 5.9396 5.9396 
27.6649 6.04396 31.3743 11.0616 5.96381 5.96381 5.96381 5.96381 
28.1816 5.98056 28.631 13.445 5.94049 5.94049 5.94049 5.94049 
27.7971 5.92734 26.2735 16.3728 5.90731 5.90731 5.90731 5.90731 
28.3083 5.91506 26.5048 15.6517 5.90504 5.90504 5.90504 5.90504 
27.499 5.9038 32.1432 10.8588 5.89879 5.89879 5.89879 5.89879 
30.108 5.9391 28.4471 11.7594 5.9366 5.9366 5.9366 5.9366 
27.7227 5.96805 33.4889 8.95316 5.9668 5.9668 5.9668 5.9668 
27.4712 5.96801 33.2656 9.42564 5.96739 5.96739 5.96739 5.96739 
29.0517 5.98239 29.5177 11.5199 5.98207 5.98207 5.98207 5.98207 
32.2678 5.92374 27.1489 10.9653 5.92359 5.92359 5.92359 5.92359 
29.9329 5.94313 31.8879 8.46389 5.94305 5.94305 5.94305 5.94305 
31.8907 7.14467 30.1634 7.16857 5.90816 5.90816 5.90816 5.90816 
33.0811 6.55247 29.9824 6.6472 5.93421 5.93421 5.93421 5.93421 
30.0442 6.26894 32.8744 6.97324 5.95981 5.95981 5.95981 5.95981 
31.8896 6.07121 31.9492 6.42336 5.91665 5.91665 5.91665 5.91665 
29.392 6.00738 34.3996 6.48063 5.93009 5.93009 5.93009 5.93009 
30.9515 5.97901 32.2216 7.08647 5.94037 5.94037 5.94037 5.94037 
33.3787 5.98523 28.8069 7.96549 5.96591 5.96591 5.96591 5.96591 
31.0511 5.95614 31.4247 7.78214 5.94648 5.94648 5.94648 5.94648 
33.6855 5.93807 29.7924 6.85107 5.93324 5.93324 5.93324 5.93324 
34.5351 5.96903 28.2808 7.34861 5.96662 5.96662 5.96662 5.96662 
30.8893 5.94926 32.65 6.71918 5.94805 5.94805 5.94805 5.94805 
31.1546 5.92025 32.9413 6.30521 5.91965 5.91965 5.91965 5.91965 
28.1812 5.93796 34.6147 7.51548 5.93766 5.93766 5.93766 5.93766 
30.8051 5.91016 31.2241 8.42058 5.91001 5.91001 5.91001 5.91001 
32.3584 5.95192 28.0726 9.80966 5.95185 5.95185 5.95185 5.95185 
28.7879 5.94698 31.2827 10.1947 5.94694 5.94694 5.94694 5.94694 
29.2632 5.91466 32.308 8.85551 5.91465 5.91465 5.91465 5.91465 
30.489 5.91636 29.6593 10.2699 5.91635 5.91635 5.91635 5.91635 
28.9613 6.20302 32.8238 8.37981 5.90803 5.90803 5.90803 5.90803 
30.8282 6.04702 30.6976 8.82908 5.89952 5.89952 5.89952 5.89952 
29.188 5.96937 33.5813 7.67887 5.89562 5.89562 5.89562 5.89562 
32.2578 5.97614 29.1126 8.89642 5.93926 5.93926 5.93926 5.93926 
32.7709 6.16854 29.1273 8.2204 5.92821 5.92821 5.92821 5.92821 
34.8553 6.0209 27.083 8.43786 5.90074 5.90074 5.90074 5.90074 
32.4677 5.97045 30.7415 7.17893 5.91037 5.91037 5.91037 5.91037 
32.5604 5.96796 31.1478 6.5722 5.93792 5.93792 5.93792 5.93792 
34.2884 5.91713 29.0801 7.10602 5.90211 5.90211 5.90211 5.90211 
12 12 12 12 12 12 12 12 
10.3407 13.967 14.022 14.7363 13.9121 8.96703 8.96703 13.0879 
10.166 15.1938 16.6113 14.9268 13.2984 7.48091 7.48091 13.842 
9.12287 14.9946 18.1693 17.5368 14.624 6.73101 6.73101 11.5904 
10.4228 14.6838 18.7177 19.2679 13.9379 6.32167 6.32167 10.0766 
10.2404 15.2723 17.9178 20.9009 13.4003 6.73917 6.1589 9.24525 
10.5971 14.6711 20.2904 21.7347 12.6491 6.34409 6.05396 7.59713 
11.3855 15.6447 20.3384 21.5437 12.0734 6.16721 6.02215 6.79373 
11.4638 16.7457 19.626 20.6651 12.1473 7.01183 5.96937 6.35516 
10.8907 16.0614 19.6345 21.4437 12.6708 6.58131 5.96087 6.74901 
9.87319 17.3342 21.26 20.5726 12.2558 6.37523 5.96551 6.35958 
8.99751 19.1747 20.0209 20.2355 12.7777 6.53787 5.97768 6.27624 
7.67651 20.6102 18.3024 20.8923 13.3898 6.49634 5.96799 6.66344 
7.45446 19.8036 20.048 20.3305 12.6737 7.15367 5.97339 6.56219 
8.44972 20.0771 18.69 20.0971 13.4449 6.54665 5.95651 6.73777 
8.1016 20.5753 19.4345 20.0386 12.4382 7.10036 5.96036 6.35099 
7.11593 19.4352 20.0142 20.6515 13.6425 6.51953 5.94953 6.67166 
7.73692 18.1738 20.774 22.4201 12.3276 6.25878 5.97378 6.33485 
7.15129 17.4202 20.7406 22.6242 13.6891 6.2607 5.96669 6.14722 
8.18949 18.2387 18.6451 21.944 14.4674 6.54058 5.94222 6.03249 
10.5269 19.0691 17.5638 20.4695 14.2186 6.23512 5.93593 5.98107 
9.26924 19.4766 18.4827 20.949 13.7695 6.10984 5.96025 5.98281 
9.08136 19.1489 18.9621 20.1436 12.831 7.8636 5.97909 5.99037 
10.3823 17.9903 19.7781 19.9728 12.4056 7.54566 5.95984 5.96548 
9.41054 19.7019 20.0156 19.5855 12.6901 6.72642 5.93351 5.93633 
9.18136 19.973 17.5867 19.9657 15.0938 6.31336 5.91691 5.96918 
9.47234 19.6019 16.7815 19.1545 15.4364 7.69317 5.91703 5.94317 
8.32183 18.1675 16.9067 20.2346 16.3338 8.12945 5.94656 5.95963 
7.32418 19.1858 18.4533 18.6377 15.4118 9.11575 5.93247 5.939 
8.20754 18.122 18.2154 18.9716 15.7753 8.84797 5.92844 5.93171 
7.30259 17.624 17.6215 19.5744 16.9428 9.09918 5.91698 5.91861 
6.63272 16.7299 19.0747 18.8781 17.8556 8.94842 5.93991 5.94073 
6.67343 16.5542 19.456 18.5438 17.7274 9.20463 5.92011 5.92052 
7.06501 16.3465 18.7167 19.18 17.6992 8.5349 5.92226 6.53534 
8.42162 15.0785 20.2455 17.9065 18.275 7.84608 5.93492 6.29186 
7.40339 16.3446 19.34 17.6556 18.7153 8.19698 5.95407 6.39001 
7.58275 17.1441 18.8434 17.4468 18.783 7.52591 5.95083 6.72323 
8.62003 16.9833 19.3905 17.4461 17.5431 7.76088 5.93491 6.32112 
7.69348 17.8364 18.6104 18.766 17.5256 7.04908 5.92127 6.59772 
7.85941 19.6363 18.2809 17.8307 17.1049 7.11482 5.91734 6.25557 
7.58292 18.106 18.4643 18.4028 16.9494 8.41019 5.95758 6.12669 
8.30923 16.718 19.3337 18.9984 17.2057 7.20002 5.97371 6.26132 
7.1284 18.0364 17.8322 20.1847 17.6754 7.07783 5.96065 6.10445 
6.54631 18.8095 16.9181 20.1818 17.9828 7.51506 5.96243 6.08403 
6.22572 18.456 18.5752 18.1257 19.3012 7.38773 5.93378 5.99458 
6.11286 18.178 18.7376 18.4629 19.6006 6.94387 5.96689 5.99729 
6.42945 19.1089 19.9839 17.416 18.2824 6.84495 5.95964 5.97484 
6.22186 19.4423 18.3508 19.1565 18.5704 6.37864 5.93599 5.94359 
6.7057 19.5795 17.2908 20.1447 18.1087 6.23943 5.96364 5.96744 
6.33026 21.6481 17.1156 19.2099 17.6786 6.09713 5.95923 5.96113 
6.14455 20.629 19.2295 18.2182 16.6399 7.21974 5.95903 5.95998 
6.38148 20.5007 18.198 17.8992 17.2652 7.79808 5.97848 5.97896 
6.45499 18.7996 19.2026 18.9496 17.3891 7.31873 5.94261 5.94285 
7.325 18.3728 19.3524 19.3814 16.5265 7.18634 5.92774 5.92785 
7.14719 17.3701 20.447 18.9304 17.7141 6.54987 5.92057 5.92063 
7.80193 18.6216 17.2531 19.4546 18.7936 6.23477 5.92012 5.92015 
8.56553 17.2249 16.9075 20.1047 19.1977 6.10481 5.94748 5.94749 
7.87558 18.3929 16.6873 19.4835 19.4791 6.14621 5.96775 5.96776 
8.10446 16.7819 16.9441 19.0366 19.622 7.34661 5.97533 6.18901 
7.73257 15.8568 19.3027 19.0346 18.8541 6.93303 5.98451 6.30165 
6.81987 16.5782 17.4573 19.5384 20.3448 6.4201 5.94584 6.89555 
6.39041 18.1041 17.002 19.8411 19.2166 6.24191 5.95339 7.25045 
6.62262 17.4694 18.2792 20.7573 18.2272 6.09475 5.95049 6.59901 
8.32154 18.4484 18.0353 20.757 16.0155 6.21711 5.94048 6.26474 
7.4941 19.9105 19.0667 20.1824 15.1646 6.09875 5.96044 6.12257 
7.90516 19.0928 20.3136 20.1528 14.3071 6.23213 5.95763 6.0387 
6.97203 20.8565 18.3963 21.796 13.2948 6.28904 5.94709 6.44821 
6.44218 19.8065 19.2389 21.6523 13.5791 6.45747 5.92971 6.89383 
6.63895 19.9363 18.6603 20.9695 13.6804 6.81197 5.9417 7.36092 
6.28205 20.4151 18.1659 21.4515 14.1687 6.36857 5.93343 7.21476 
6.11287 20.7915 19.1976 20.4233 13.9144 7.04247 5.93856 6.57923 
6.40394 19.7475 21.076 20.2542 13.8116 6.49679 5.94484 6.26517 
6.66143 19.8738 21.2947 20.019 12.9599 7.14029 5.94539 6.10556 
6.30311 20.0218 21.6346 19.0328 14.4948 6.54254 5.9451 6.02518 
6.98928 19.057 20.302 21.0844 14.4294 6.2318 5.93307 5.97312 
6.48799 19.6726 19.4082 19.1342 16.3056 6.8853 5.95989 6.1462 
6.195 19.2461 20.0604 20.3689 15.7809 6.39365 5.93094 6.0241 
6.13462 17.3846 19.3103 21.3768 17.508 6.34643 5.94635 5.99293 
6.05644 18.6923 18.4595 21.3949 16.3083 6.16235 5.96231 6.96386 
7.15417 17.8152 21.3362 18.7322 16.0803 6.44708 5.96704 6.46781 
7.90457 17.3287 20.3757 20.1263 15.8764 6.206 5.96597 6.21636 
8.0634 19.2754 18.7434 21.1187 14.5493 6.103 5.98299 6.16374 
7.90949 18.6271 20.7113 19.1375 15.5003 6.04797 5.98797 6.07834 
8.23728 19.2135 18.8651 21.749 14.0349 5.97171 5.9417 5.98689 
7.81582 19.7593 17.1203 22.7289 14.6466 5.97881 5.96381 5.9864 
7.51965 19.6991 19.5083 19.7166 15.619 5.98038 5.97288 5.98417 
7.0101 18.5169 20.6967 20.6384 15.2309 5.9696 5.96585 5.9715 
7.73667 17.9444 22.1524 18.8381 15.5219 5.9358 5.93393 5.93675 
8.50111 17.7293 19.6638 19.3626 16.857 5.96225 5.96131 5.96273 
9.08926 17.7356 18.7028 19.3011 17.1843 6.03412 5.97605 5.97676 
8.39496 18.7919 19.2213 19.6289 15.8047 5.99971 5.97067 6.18794 
9.56891 17.9102 19.3821 19.8716 14.7024 6.54271 5.95676 6.0654 
7.83394 20.29 19.9327 19.0842 14.1981 6.66606 5.97033 6.02464 
8.92293 20.5145 20.753 18.3025 13.0585 6.49155 5.9649 5.99206 
9.66481 19.3481 21.0822 17.4647 14.0053 6.23621 5.97288 6.2257 
9.7562 21.3974 20.799 17.6421 12.1023 6.22479 5.97589 6.1023 
9.55646 20.8741 22.0369 18.0023 10.5541 6.38725 5.9704 6.6184 
10.534 20.4952 21.3092 16.9663 12.2538 6.15874 5.95032 6.33246 
10.3792 20.7214 19.8815 18.8946 11.9249 6.07189 5.96768 6.15875 
10.9867 20.5056 20.1461 17.6599 12.7257 5.99488 5.94278 6.03831 
9.87047 21.0272 19.8373 19.2115 11.9745 5.97163 5.94557 6.16169 
11.6968 20.0035 20.0017 17.9094 12.4523 5.95141 5.93839 6.04644 
10.8235 18.8948 20.3864 18.8428 12.8182 6.27173 5.95427 6.0083 
9.5323 19.226 20.3408 19.692 13.1127 6.21089 5.92916 5.95618 
7.78748 19.7433 21.3078 19.8578 13.3691 6.06753 5.92667 5.94017 
7.45608 19.9226 20.832 19.8526 14.0001 6.02359 5.95316 5.95991 
7.21092 19.4064 22.1043 19.9617 13.4935 5.96339 5.92817 5.93155 
7.44161 19.3911 21.7804 19.1486 14.224 6.10263 5.95498 5.95667 
8.19575 20.3757 21.1527 18.6435 13.5559 6.03461 5.96079 6.08096 
9.26583 20.2008 20.3955 18.1073 13.8193 6.24728 5.95197 6.01206 
8.99701 19.5144 19.3 19.8392 13.7675 6.61491 5.9685 5.99855 
8.28262 19.9929 18.645 19.9692 14.7622 6.28512 5.96192 6.10101 
7.40502 19.7223 18.7873 21.4076 14.6918 6.0799 5.9183 5.98784 
7.69187 19.8346 20.4974 20.1453 13.8619 6.03197 5.95117 5.98594 
8.89064 17.5801 21.0405 20.9922 13.6998 5.95341 5.913 5.93039 
9.40027 19.3435 19.851 21.9504 11.6761 5.93681 5.91661 5.9253 
9.00725 20.1586 18.9767 22.2736 11.7057 5.96466 5.95456 5.9589 
7.49389 22.3881 17.8333 22.1243 12.1811 5.97259 5.96754 6.03926 
6.71137 20.812 19.7862 23.1175 11.69 5.95072 5.9482 5.98406 
6.34076 18.4284 22.9528 23.3125 11.0689 5.96044 5.95917 5.9771 
6.51684 20.7627 22.1719 22.483 10.2589 5.93297 5.93234 5.94131 
6.62769 18.1981 23.8892 25.1903 8.29654 5.93145 5.93113 5.93561 
6.8995 17.7976 25.3576 23.8833 8.19874 5.95377 5.95361 5.95585 
8.61754 15.476 26.7057 23.3511 8.0591 5.92991 5.92983 5.93095 
8.77305 12.2023 26.7457 26.5794 7.94439 5.91825 5.91821 5.91877 
7.46647 10.164 28.5105 28.886 7.24873 5.90801 5.90799 5.90827 
9.04123 10.0624 27.2959 29.3185 6.57325 5.90289 5.90288 5.90302 
8.99823 9.50879 28.5733 28.8384 6.2717 5.93652 5.93652 5.93659 
8.96452 9.21981 28.9407 28.8217 6.2805 5.92423 5.92423 5.92427 
7.7248 8.95491 31.137 27.381 6.96645 5.94526 5.94526 5.94527 
8.30537 7.59417 32.4783 27.2847 6.46731 5.95671 5.95671 5.95672 
9.71543 8.84236 29.1111 27.9373 6.53249 5.95378 5.95378 5.95378 
9.70699 9.33599 29.7587 26.8782 6.54279 5.92577 5.92577 5.92578 
9.70787 8.34345 29.2344 28.6263 6.25336 5.94486 5.94486 5.94486 
9.69655 8.71167 26.6027 31.0807 6.09278 5.93853 5.93853 5.93853 
8.89491 7.78519 30.1738 29.395 5.99564 5.91851 5.91851 5.91851 
9.7694 7.37486 28.3589 30.2034 6.54578 5.91589 5.91589 5.91589 
8.65708 7.07618 30.1002 30.1912 6.27801 5.89912 5.89912 5.89912 
8.58386 8.19234 28.5474 30.5211 6.33049 5.94158 5.94158 5.94158 
8.28408 7.6302 28.8025 30.9019 6.63383 5.91582 5.91582 5.91582 
8.69358 7.36262 28.5913 30.7789 6.86444 5.90302 5.90302 5.90302 
9.75951 7.47022 26.8802 31.6276 6.47687 5.92851 5.92851 5.92851 
9.78932 7.28808 27.652 30.8655 6.53301 5.93583 5.93583 6.00043 
10.6245 6.91826 27.9461 30.576 6.19966 5.90107 5.90107 5.93337 
11.076 6.41302 28.1661 30.5618 6.05372 5.90442 5.90442 5.92057 
9.58422 6.16894 28.7507 31.7549 5.98929 5.91464 5.91464 5.92271 
10.3725 6.35828 30.67 28.8239 5.97083 5.93351 5.93351 5.93755 
11.2341 6.97661 29.259 28.8282 5.939 5.92034 5.92034 5.92236 
10.3238 6.65188 28.3641 31.0808 5.9016 5.89227 5.89227 5.89328 
9.96417 6.29204 28.8713 29.7353 7.39995 5.91224 5.91224 5.91274 
11.797 6.0872 28.7829 28.9996 6.64115 5.89729 5.89729 5.89755 
11.3477 7.16731 28.309 28.7119 6.78155 5.89416 5.89416 5.89428 
11.1542 6.56065 26.4008 31.7443 6.36777 5.92407 5.92407 5.92414 
12.4207 6.21329 25.7702 31.7939 6.11685 5.895 5.895 5.89503 
11.5264 6.05205 30.5575 28.1815 6.00383 5.8929 5.8929 5.89292 
11.4481 8.16301 27.1281 29.6387 5.94712 5.89166 5.89166 5.89166 
11.3038 7.05252 30.0858 27.8628 5.94457 5.91684 5.91684 5.91685 
11.7228 6.45941 29.6404 28.5972 5.90544 5.89157 5.89157 5.89157 
12.4511 6.21884 29.0865 28.497 5.94185 5.93492 5.93492 5.93492 
12.6978 7.30572 30.2616 25.9128 5.95812 5.95466 5.95466 5.95466 
13.5711 6.63897 26.7975 29.1369 5.96517 5.96344 5.96344 5.96344 
13.8436 6.48571 26.4594 29.4102 5.95092 5.95006 5.95006 5.95006 
13.3389 6.18403 25.6629 31.1489 5.91664 5.91621 5.91621 5.91621 
14.5758 6.45951 27.9852 27.4339 5.88658 5.88636 5.88636 5.88636 
12.5085 6.17093 27.5955 30.1875 5.88446 5.88436 5.88436 5.88436 
14.9081 6.03876 27.1906 28.2806 5.89553 5.89548 5.89548 5.89548 
14.7429 6.01666 26.1975 29.2629 5.94504 5.94501 5.94501 5.94501 
16.7129 5.99455 23.6654 29.7923 5.95874 5.95872 5.95872 5.95872 
16.7921 6.67825 24.6394 28.0096 5.97017 5.97016 5.97016 5.97016 
14.8501 6.29403 24.2171 30.8788 5.93998 5.93998 5.93998 5.93998 
13.0227 6.17273 24.6653 32.4591 5.92007 5.92006 5.92006 5.92006 
12.9292 6.59383 25.9147 30.7818 5.94511 5.94511 5.94511 5.94511 
12.7047 6.21951 25.4376 32.0576 5.89514 5.89514 5.89514 5.89514 
11.6992 7.37276 24.8575 32.2137 6.12676 5.91 5.91 5.91 
10.8496 6.68638 29.4288 29.1069 6.06338 5.955 5.955 5.955 
11.0825 6.73781 28.8587 29.4756 6.00199 5.9478 5.9478 5.9478 
12.0367 6.54111 28.8553 28.8617 5.94661 5.91952 5.91952 5.91952 
12.0698 6.37192 27.2113 30.6941 5.92338 5.90983 5.90983 5.90983 
12.1256 6.16046 27.2034 30.7861 5.9362 5.92942 5.92942 5.92942 
11.1148 6.57206 29.3521 29.2118 5.93987 5.93648 5.93648 5.93648 
12.7717 6.28603 28.6046 28.463 5.96993 5.96824 5.96824 5.96824 
13.1259 6.10037 26.7507 30.2563 5.94233 5.94148 5.94148 5.94148 
13.2346 6.04869 30.3919 26.4475 5.96966 5.96924 5.96924 5.96924 
13.3394 5.96996 29.773 27.1965 5.93045 5.93024 5.93024 5.93024 
12.7603 5.95949 28.4842 29.0374 5.93973 5.93962 5.93962 5.93962 
13.7851 5.92863 25.6445 30.9669 5.91875 5.9187 5.9187 5.9187 
10.9508 5.95053 26.6048 32.7116 5.94559 5.94557 5.94557 5.94557 
10.6054 6.58798 27.7533 31.3125 5.93522 5.93521 5.93521 5.93521 
10.3731 6.25174 27.1161 32.2055 5.92536 5.92535 5.92535 6.27746 
11.7083 6.64911 25.7769 31.8449 5.96118 5.96118 5.96118 6.13723 
9.37739 6.6229 28.1059 31.8895 5.97909 5.97909 5.97909 6.06712 
10.4436 6.59994 27.8795 31.1166 5.97908 5.97908 5.97908 6.0231 
10.4491 6.25452 30.4549 29.0432 5.94409 5.94409 5.94409 5.96609 
12.1013 6.06422 30.1272 28.0603 5.90901 5.90901 5.90901 5.92001 
13.5849 5.97732 28.4882 28.3452 5.89971 5.89971 5.89971 5.90521 
15.9961 5.92599 29.453 25.0734 5.88719 5.88719 5.88719 5.88994 
15.8197 6.47177 27.9575 25.987 5.94067 5.94067 5.94067 5.94205 
16.5068 6.19324 27.6651 25.9233 5.92769 5.92769 5.92769 5.92838 
15.2628 6.21189 26.9946 27.4477 6.31276 5.92335 5.92335 5.92369 
15.7315 6.05145 27.2675 27.1259 6.10189 5.90718 5.90718 5.90735 
15.4483 5.95365 28.4236 26.5509 5.97887 5.88152 5.88152 5.88161 
17.013 5.95215 28.9433 24.3785 5.96476 5.91609 5.91609 5.91613 
15.3247 5.90863 26.8617 28.3183 5.91493 5.89059 5.89059 5.89062 
16.2855 6.43257 25.17 28.4345 5.92848 5.91631 5.91631 5.91632 
15.6314 6.16636 25.6712 28.7407 6.0656 5.90823 5.90823 5.90824 
16.6831 6.06381 24.9817 28.4538 6.01343 5.93474 5.93474 5.93474 
12.9583 5.99358 28.0832 29.2095 5.96839 5.92904 5.92904 5.92904 
10.7539 5.97389 31.0645 28.0399 6.34297 5.94162 5.94162 5.94162 
12.4192 5.94469 29.2646 28.4565 6.12923 5.92856 5.92856 5.92856 
12.3944 6.5491 30.2061 26.5979 6.41782 5.9449 5.9449 5.9449 
12.0041 6.21572 31.9205 25.9686 6.15009 5.91363 5.91363 5.91363 
14.1316 6.0575 29.7013 26.3656 6.02468 5.90645 5.90645 5.90645 
15.15 6.01788 26.1957 28.8078 6.00147 5.94236 5.94236 5.94236 
14.0291 5.96384 25.6173 30.6558 5.95564 5.92608 5.92608 5.92608 
12.5356 5.93682 29.2939 28.5472 5.93272 5.91794 5.91794 5.91794 
12.7275 5.90465 29.2443 28.5353 5.9026 5.89521 5.89521 5.89521 
10.6251 5.93528 29.1108 30.6029 5.93425 5.93056 5.93056 5.93056 
10.6934 5.94777 31.1117 28.4637 5.94726 5.94541 5.94541 5.94541 
11.6915 5.9394 30.3834 28.2319 5.93915 5.93822 5.93822 5.93822 
12.9565 6.33797 30.9851 25.8674 5.96359 5.96312 5.96312 5.96312 
13.7915 6.11016 28.4496 27.9576 5.92297 5.92274 5.92274 5.92274 
14.2612 7.51684 28.3891 26.0893 5.93599 5.93587 5.93587 5.93587 
13.6403 6.73626 26.7292 29.1111 5.94583 5.94578 5.94578 5.94578 
13.2078 6.59867 25.6994 30.1209 6.64399 5.90975 5.90975 5.90975 
12.15 6.28568 26.075 31.3574 6.30834 5.94122 5.94122 5.94122 
11.7603 7.27057 29.3926 27.6725 6.11367 5.93011 5.93011 5.93011 
10.8721 7.17796 27.8203 30.2614 6.0359 5.94412 5.94412 5.94412 
13.2229 7.68734 25.0577 30.2946 5.96877 5.92288 5.92288 5.92288 
12.2971 6.77009 27.8298 29.5286 5.91081 5.88786 5.88786 5.88786 
12.6106 7.98925 26.4351 29.1423 6.02487 5.93262 5.93262 5.93262 
11.2493 6.9797 26.0907 31.8286 5.99751 5.95139 5.95139 5.95139 
10.9265 7.07876 26.3406 31.9828 5.93513 5.91207 5.91207 5.91207 
10.5194 6.50888 26.7337 32.5243 5.93707 5.92554 5.92554 5.92554 
11.6474 6.77867 26.1422 31.8275 5.90539 5.89963 5.89963 5.89963 
11.025 6.32558 26.41 32.6923 5.88894 5.88605 5.88605 5.88605 
11.059 6.34386 28.1316 30.9465 5.88085 5.87941 5.87941 5.87941 
11.9028 6.13096 28.1781 30.1925 5.89945 5.89873 5.89873 5.89873 
12.9079 6.022 27.0456 30.4006 5.90625 5.90589 5.90589 5.90589 
12.7334 6.54318 26.3171 30.6634 5.93586 5.93568 5.93568 5.93568 
12.9857 7.20719 26.2176 29.9113 5.91963 5.91954 5.91954 5.91954 
13.9452 6.89649 25.2405 30.207 5.99274 5.90604 5.90604 5.90604 
13.1631 6.40063 27.2869 29.4844 5.94875 5.9054 5.9054 5.9054 
13.693 6.13286 27.1332 29.4783 5.90693 5.88525 5.88525 5.88525 
13.1909 6.01205 30.485 26.7482 5.89908 5.88825 5.88825 5.88825 
12.6205 5.97942 30.9702 26.7544 5.92294 5.91752 5.91752 5.91752 
12.0535 5.94579 29.0831 29.2556 5.91755 5.91484 5.91484 5.91484 
13.9719 5.9181 27.3498 29.1483 5.90398 5.90263 5.90263 5.90263 
14.341 5.92935 24.7781 31.2644 5.92229 5.92161 5.92161 5.92161 
13.5959 5.91888 28.6372 28.1876 5.91535 5.91501 5.91501 5.91501 
12.1443 6.12209 28.7011 29.4552 5.89442 5.89425 5.89425 5.89425 
13.0678 6.00655 28.1208 29.2342 5.89272 5.89264 5.89264 5.89264 
12.978 6.41943 30.0542 26.9618 5.89667 5.89663 5.89663 5.89663 
13.9853 6.1937 27.6909 28.4009 5.93232 5.9323 5.9323 5.9323 
12.4067 7.07774 27.4601 29.4074 5.91202 5.91201 5.91201 5.91201 
14.1838 6.47047 25.5379 30.2575 5.88761 5.8876 5.8876 5.8876 
12.4331 6.20259 28.7185 29.0011 5.91116 5.91116 5.91116 5.91116 
12.8391 6.08143 29.7566 27.58 5.93571 5.93571 5.93571 5.93571 
14.7284 5.98189 27.1577 28.4959 5.90903 5.90903 5.90903 5.90903 
16.0338 5.98048 26.0602 27.6261 5.94405 5.94405 5.94405 6.46722 
15.9036 5.97646 24.8218 29.2036 5.95824 5.95824 5.95824 6.21983 
16.2993 5.96949 24.847 28.9118 5.96038 5.96038 5.96038 6.09117 
15.7826 5.9007 27.1748 27.4919 5.89614 5.89614 5.89614 5.96154 
16.3775 5.932 27.196 26.7429 5.92972 5.92972 5.92972 5.96242 
15.1693 5.88808 26.9908 28.3877 5.88694 5.88694 5.88694 5.90329 
16.4423 5.92417 26.161 27.77 5.9236 5.9236 5.9236 5.93178 
13.8025 5.90782 28.1968 28.4586 5.90754 5.90754 5.90754 5.91162 
11.2719 5.92594 28.434 30.6629 5.9258 5.9258 5.9258 5.92784 
12 12 12 12 12 12 12 12 
14.6548 11.3412 14.7537 13.7646 12.9238 8.96736 8.96736 12.6271 
14.4767 12.4602 14.5711 15.0208 13.1616 7.45131 7.45131 14.4071 
13.8507 12.3442 16.4794 17.0213 12.6949 6.71478 6.71478 13.68 
14.6252 13.3291 15.3473 16.2105 13.1095 6.31889 6.31889 14.4905 
14.068 13.6172 16.3521 17.1289 13.4088 6.11803 6.11803 13.0638 
14.8163 11.9459 18.0947 18.7883 12.6047 6.56868 6.00917 11.1097 
12.7003 12.5331 18.8048 19.9234 13.8547 6.53682 5.98143 9.63425 
12.8243 13.6868 19.3128 18.3282 13.7501 6.50546 5.97876 9.598 
11.8731 17.0138 18.1734 19.6851 12.2859 7.26075 5.94529 7.75491 
10.9412 16.911 18.6712 20.9379 12.7529 6.98259 5.94715 6.85196 
9.78097 17.8369 20.4411 20.8645 11.9039 6.78744 5.96546 6.41787 
9.71807 18.9184 20.4668 19.7919 12.2573 6.74347 5.9384 6.1646 
8.09888 19.8557 19.9046 19.277 13.8656 6.95007 5.96726 6.08036 
8.28331 19.2525 19.4785 20.2736 14.1405 6.60004 5.95742 6.01397 
7.93029 19.9453 18.4631 19.7579 14.7971 7.1385 5.96974 5.99801 
6.94528 20.1902 19.0234 19.1032 14.7779 8.0158 5.965 5.97914 
6.43182 20.7074 19.1035 17.7659 15.042 9.05892 5.94168 5.94875 
6.19443 19.3381 19.9522 19.2833 14.6011 8.72868 5.94936 5.95289 
6.04737 19.7911 19.03 19.8655 15.7441 7.67054 5.92483 5.9266 
6.54181 20.29 19.6429 18.4082 16.4008 6.82035 5.94749 5.94837 
6.45272 19.943 18.8619 19.0526 17.2408 6.54149 5.95354 5.95398 
6.73427 20.1 18.1266 18.4196 17.9584 6.77865 5.9412 5.94142 
7.1658 19.974 17.7053 17.4244 18.9032 6.90309 5.96205 5.96216 
7.84686 19.3779 17.5328 18.0523 18.6394 6.59876 5.97595 5.97601 
7.94758 19.2966 16.9656 18.3823 18.7261 6.7199 5.95578 6.00611 
8.25077 20.6972 17.2914 16.9814 16.8478 8.04427 5.93105 5.95621 
7.52106 20.388 18.0453 18.1856 17.0361 6.97489 5.91828 5.93086 
7.48502 19.6838 19.4308 17.6642 17.4466 6.44663 5.91832 5.92461 
7.6245 19.9351 18.4628 18.563 16.7978 6.79474 5.90947 5.91262 
7.18798 19.4098 18.478 18.3324 16.8627 7.45804 5.93908 6.33204 
6.96761 17.5095 17.8996 17.8268 19.3578 8.36145 5.94034 6.13682 
6.99347 17.7578 17.9529 17.9673 18.9363 7.3852 5.92032 7.08672 
6.48642 18.2088 19.1311 18.4682 17.8702 7.35239 5.94985 6.53305 
7.34878 19.0751 18.2654 17.6896 18.417 6.99975 5.95635 6.24795 
7.18763 17.786 18.8069 19.1299 18.4244 6.6567 5.93133 6.07713 
6.57811 19.4689 19.0369 19.9838 16.4373 6.31264 5.94996 6.23228 
6.81306 20.5618 18.8137 20.9725 14.5006 6.32282 5.93719 6.07835 
7.44039 19.8427 18.8192 21.4922 13.8738 6.54786 5.95664 6.02722 
6.69399 19.0443 20.8511 21.6836 13.2373 6.55014 5.95211 5.9874 
6.31779 19.8444 21.6038 20.6605 12.9631 6.69904 5.94685 5.9645 
6.78427 18.9353 20.822 21.005 14.2358 6.32031 5.94422 5.95304 
7.26211 17.2076 21.5049 19.8936 14.961 6.66893 5.96489 6.53689 
6.98503 16.8597 21.1756 21.2987 14.9109 6.53364 5.97522 6.26122 
6.98938 17.9288 21.9135 20.3049 14.5536 6.24177 5.96256 6.10556 
7.64385 17.893 20.8832 20.184 14.2095 7.165 5.97498 6.04648 
7.76256 18.056 20.2676 20.8903 14.1672 6.90901 5.95576 5.99151 
7.40095 18.1377 20.8998 19.7102 15.1581 6.81889 5.92819 5.94606 
7.91544 19.817 20.0917 19.2861 14.5338 6.51798 5.91457 5.92351 
6.92338 21.8752 18.2664 19.8407 15.0192 6.22465 5.92295 5.92741 
7.70858 22.5458 19.2691 17.225 15.3805 6.05683 5.90598 5.90821 
7.48499 20.4534 18.8669 17.2743 18.1156 5.98485 5.90942 5.91054 
6.73219 20.6906 18.5056 18.6372 17.0475 6.49758 5.9444 5.94496 
6.39008 20.3036 19.5239 17.9213 17.1786 6.79415 5.94405 5.94433 
6.49061 18.8027 19.1852 18.7444 17.3432 7.51654 5.95863 5.95877 
6.62368 18.1331 18.7402 18.5718 18.7547 7.29257 5.9419 5.94197 
6.3024 18.9826 18.027 20.2513 17.8768 6.63684 5.9615 5.96154 
7.06152 17.8855 17.7205 21.7523 16.8112 6.75951 5.9526 6.05689 
6.96991 16.9851 18.4899 20.4529 17.7178 7.45383 5.93926 5.99141 
6.50894 19.0243 17.3263 20.654 17.4616 7.11586 5.94148 5.96755 
6.71982 18.8631 18.4541 20.778 16.0465 6.63824 5.94104 6.55913 
6.61018 19.3449 18.3278 19.0564 18.0991 6.35271 5.94993 6.25898 
6.25556 18.1551 19.3852 19.4334 18.0063 6.12683 5.92544 6.71221 
6.14601 19.1573 18.3486 20.0811 17.6023 6.42332 5.924 6.31738 
6.06765 18.723 19.6021 20.5753 16.0739 6.84802 5.95665 6.15334 
6.01572 19.0527 19.013 21.3633 16.1306 6.40591 5.96022 6.05857 
5.97489 18.3725 20.3856 20.5168 15.1532 6.27988 5.94714 7.36994 
6.05299 17.1672 20.8693 21.992 15.0819 6.09977 5.9334 6.80336 
6.99645 16.148 21.1643 23.1741 14.247 6.00053 5.91735 6.35233 
6.48104 16.163 20.2889 23.4677 14.7575 6.74142 5.94148 6.15897 
6.23943 15.2789 21.2677 22.8026 15.3395 6.36962 5.96965 6.7327 
7.16502 13.8422 20.7201 23.2136 14.2501 8.47068 5.95138 6.38685 
6.90157 14.4158 21.1738 22.474 15.6368 7.2332 5.97355 6.19128 
7.01048 16.6821 20.2802 22.3542 15.0473 6.57388 5.94406 6.10769 
7.19467 16.3807 20.4375 21.8599 15.6734 6.26051 5.9456 6.24768 
7.72481 15.9751 21.3473 20.8046 15.8827 6.2128 5.95086 6.1019 
6.82993 16.9461 21.3679 19.9768 15.7241 6.07393 5.94295 7.13829 
7.29846 17.5143 21.4849 20.668 14.5368 6.01026 5.94478 6.54245 
8.06619 18.71 20.1653 19.8746 15.1011 5.94977 5.91703 6.21586 
8.20503 19.9113 19.3747 19.735 14.8199 5.94581 5.92944 6.07886 
7.21284 19.9909 17.8446 21.3699 15.6259 5.96586 5.95768 6.03239 
8.13624 19.2271 18.842 19.8019 14.1776 6.88201 5.96049 6.97261 
7.78397 19.2857 20.186 20.6113 13.0997 6.66505 5.93106 6.43713 
6.87212 19.8525 22.5654 19.4116 12.5653 6.5886 5.94566 6.1987 
6.66186 20.2489 23.0569 18.8456 12.5192 6.25129 5.92982 6.48644 
8.67401 19.5732 22.1021 19.3216 12.0526 6.10652 5.94579 6.2241 
9.81893 18.0396 22.9185 19.3596 11.448 6.00507 5.9247 6.48554 
9.86815 16.5169 23.974 19.302 11.5091 6.66251 5.91394 6.2534 
9.35268 17.5608 21.7545 20.4649 11.1034 6.29637 5.92209 7.5453 
9.17461 17.3156 21.0272 20.5554 11.3764 6.2047 5.95989 8.38626 
8.70785 17.6369 21.4607 21.7783 10.6082 6.36188 5.93197 7.51416 
9.75933 16.1946 21.2033 21.3621 12.6239 6.16518 5.95022 6.74132 
10.3809 15.4322 21.4819 21.6224 12.6689 6.0777 5.97022 6.36577 
9.83204 15.0017 22.5506 21.5045 12.915 6.03532 5.98159 6.17936 
10.7948 13.8645 24.0632 21.8432 11.306 5.98736 5.96049 6.18059 
10.244 13.6194 23.688 23.3756 10.3156 6.79736 5.92503 6.03508 
10.6435 13.4968 24.2366 22.1786 11.2314 6.34347 5.9073 5.96233 
10.6293 11.2719 26.292 24.5995 9.23452 6.1271 5.90902 5.93653 
10.5879 11.5445 24.0736 25.8322 10.0175 6.04957 5.94053 5.95429 
9.85667 12.2361 24.4576 25.4002 10.1418 6.00324 5.94872 5.9556 
10.7408 11.6181 25.5413 23.5751 10.5709 6.00162 5.97436 5.9778 
8.33759 10.7964 25.2706 25.6133 12.1036 5.96798 5.95435 5.95607 
7.88627 10.2929 25.0269 28.0483 10.8845 5.95797 5.95115 5.95201 
9.18004 9.38584 26.4785 26.3059 10.7415 5.9715 5.9681 5.96853 
9.10082 11.8721 23.9127 27.4478 9.7545 5.97177 5.97007 5.97029 
8.0031 12.202 24.3604 27.4707 10.1202 5.92706 5.92621 5.99026 
9.05991 11.5485 24.1128 26.9649 10.4427 5.94667 5.94624 5.97827 
9.61352 11.206 25.7751 25.6691 9.81746 5.96776 5.96755 5.98356 
8.77502 10.5633 27.1071 25.9298 9.73677 5.96007 5.95997 5.96797 
8.54876 9.44291 25.3221 26.684 12.0856 5.97093 5.97088 5.97488 
9.35593 10.0539 24.518 27.6456 10.6224 5.93402 5.934 5.936 
9.13869 10.8858 24.0433 26.0732 11.969 5.96302 5.963 5.964 
8.72407 11.5317 23.2681 27.5781 11.1421 5.91847 5.91846 5.91897 
8.67358 11.2596 26.2376 27.0019 8.97856 5.9495 5.9495 5.94975 
9.60998 11.2842 25.19 25.6356 9.826 5.96077 5.96077 6.53269 
8.18161 11.2914 25.582 27.2334 9.52339 5.9674 5.9674 6.25336 
9.75882 9.89673 28.5805 25.4251 8.33794 5.95266 5.95266 6.09564 
11.4721 7.8857 27.1492 28.052 7.6285 5.91367 5.91367 5.98516 
10.8208 6.90895 28.3345 26.9497 9.18148 5.92294 5.92294 5.95868 
9.78796 6.39565 31.2671 26.9495 7.87392 5.90264 5.90264 5.92052 
10.7647 6.49598 29.2219 28.0526 7.69685 5.91966 5.91966 5.9286 
11.319 6.54614 27.078 30.4511 6.81676 5.92817 5.92817 5.93264 
10.3043 6.75668 28.0199 29.7064 7.50674 5.90124 5.90124 5.90348 
10.4223 6.34277 30.2813 28.2919 6.7178 5.91505 5.91505 6.11379 
10.9875 6.46331 31.6003 26.6926 6.34027 5.93889 5.93889 6.03826 
10.3784 7.84495 28.6902 29.0179 6.15521 5.95452 5.95452 6.00421 
10.4524 7.13885 27.3568 30.8101 6.29398 5.97434 5.97434 5.99918 
11.3073 6.9478 28.4757 28.0402 7.33618 5.96014 5.96014 5.97256 
9.9663 7.04533 30.1408 28.3058 6.70043 5.94503 5.94503 5.95124 
11.2156 8.07449 27.8855 28.5787 6.50148 5.91369 5.91369 5.9168 
12.7202 7.59343 26.6739 28.9408 6.23794 5.94404 5.94404 5.9456 
13.2636 7.41602 25.7364 29.2827 6.06803 5.92108 5.92108 6.39103 
11.8433 8.08867 26.0857 29.1429 6.88598 5.90616 5.90616 6.14113 
9.06032 8.78886 27.9334 29.6079 6.50868 5.94578 5.94578 6.20925 
9.08251 8.26393 28.1549 30.2061 6.36512 5.93192 5.93192 6.06366 
9.96817 9.12473 28.2598 28.6342 6.14927 5.93267 5.93267 5.99854 
9.45818 7.5451 29.122 29.8587 6.13586 5.94907 5.94907 5.982 
8.74631 7.57456 27.7604 32.146 6.00911 5.91571 5.91571 5.93218 
9.67726 6.75758 29.5804 30.2173 5.97485 5.92815 5.92815 5.93639 
10.0036 6.31996 28.9222 31.1058 5.9286 5.90525 5.90525 5.90937 
10.3115 6.10983 31.7177 27.8685 5.91415 5.90248 5.90248 6.27327 
11.6184 6.86444 28.648 28.356 6.49449 5.94444 5.94444 6.12983 
10.7367 6.40324 29.1791 29.5403 6.21826 5.94323 5.94323 6.03593 
9.8939 6.4133 29.772 27.9089 8.07263 5.96432 5.96432 6.01067 
10.9498 6.17275 27.8097 30.1974 7.00242 5.94826 5.94826 5.97143 
11.3374 6.05133 29.8752 28.441 6.46617 5.93909 5.93909 5.95068 
10.6764 5.95325 30.0378 29.4747 6.16067 5.89713 5.89713 5.90292 
12.6502 5.97105 30.757 26.7151 6.07476 5.94299 5.94299 5.94589 
12.6874 5.97954 30.1989 27.2048 6.03139 5.96551 5.96551 5.96696 
12.8683 5.98577 29.2805 27.9167 6.0117 5.97876 5.97876 5.97948 
13.5169 5.93819 28.5253 28.2641 5.95115 5.93468 5.93468 5.93504 
15.8159 5.9146 25.6028 29.0069 5.92108 5.91285 5.91285 5.91303 
16.1082 6.0052 24.9204 29.2349 5.93587 5.93175 5.93175 5.93184 
15.0113 5.98425 25.1513 30.0609 5.94959 5.94753 5.94753 5.94757 
15.7795 5.98785 24.3446 30.009 5.97051 5.96948 5.96948 5.96951 
20.1587 5.9351 24.8614 25.3407 5.92643 5.92592 5.92592 5.92593 
23.2054 6.85356 27.2839 18.6289 6.24474 5.89906 5.89906 5.98542 
24.2181 6.42678 28.2573 17.0837 6.12237 5.94953 5.94953 5.99271 
26.8948 6.21339 27.7715 15.1133 6.06118 5.97476 5.97476 5.99635 
29.705 6.09749 26.9993 13.2315 6.02139 5.97818 5.97818 5.98897 
30.8692 6.04318 26.2434 12.8831 6.00512 5.98352 5.98352 5.98892 
32.5873 5.93754 27.5299 9.44329 6.77615 5.90771 5.90771 5.91041 
29.4997 5.94587 32.6963 7.69874 6.36517 5.93095 5.93095 5.9323 
28.7557 6.67395 33.4744 6.8247 6.44819 5.9408 5.9408 5.94148 
30.7796 6.94969 31.1881 7.09732 6.18652 5.93283 5.93283 5.93317 
31.4019 6.42047 29.2647 9.13778 6.03888 5.91203 5.91203 5.9122 
32.4455 6.16973 30.1308 7.52839 5.97894 5.91552 5.91552 5.9156 
33.0573 6.03451 29.2381 8.0088 5.93911 5.9074 5.9074 5.90744 
31.746 6.68573 30.7875 6.99353 5.95869 5.94283 5.94283 5.94285 
35.0544 6.31237 28.3954 6.46627 5.94885 5.94092 5.94092 5.94093 
33.5307 6.52989 30.1146 6.17431 5.9156 5.91164 5.91164 5.91164 
35.2865 6.22269 28.7897 6.0449 5.91555 5.91356 5.91356 5.91357 
35.4246 6.04772 28.9952 5.95883 5.89415 5.89316 5.89316 5.89316 
35.1578 5.98336 29.2951 5.93892 5.90658 5.90608 5.90608 5.90608 
30.8872 5.92401 33.7453 5.90179 5.88562 5.88537 5.88537 5.88537 
32.9741 6.16323 31.2781 5.92346 5.91537 5.91525 5.91525 5.91525 
36.0653 6.01836 28.4403 5.89847 5.89443 5.89437 5.89437 5.89437 
31.2115 5.98931 33.1605 5.92937 5.92735 5.92732 5.92732 5.92732 
34.2211 5.99466 29.9649 5.96468 5.96367 5.96366 5.96366 5.96366 
35.7491 5.99571 28.3536 5.98072 5.98022 5.98021 5.98021 5.98021 
33.0885 5.92971 31.3717 5.92222 5.92196 5.92196 5.92196 5.92196 
35.946 5.95631 28.3354 5.95256 5.95243 5.95243 5.95243 5.95243 
35.2932 6.24613 28.8736 5.91746 5.91739 5.91739 5.91739 5.91739 
35.6781 6.11519 28.4525 5.95085 5.95082 5.95082 5.95082 5.95082 
31.8689 6.1173 32.2113 5.9605 5.96049 5.96049 5.96049 5.96049 
34.9208 6.00872 29.4188 5.93033 5.93032 5.93032 5.93032 5.93032 
34.7914 6.03729 29.6141 5.91144 5.91143 5.91143 5.91143 5.91143 
33.7295 6.15702 29.643 6.66471 5.95144 5.95144 5.95144 5.95144 
30.0791 6.07851 33.6072 6.33235 5.97572 5.97572 5.97572 5.97572 
31.4703 6.02668 32.2124 6.1536 6.21113 5.97528 5.97528 5.97528 
32.8256 5.97944 30.0893 7.17284 6.07167 5.95374 5.95374 5.95374 
30.75 6.88021 30.5345 8.05328 5.98972 5.93076 5.93076 5.93076 
34.4263 6.395 28.4866 6.98154 5.94976 5.92028 5.92028 5.92028 
32.2938 6.74589 30.6949 6.47464 5.95875 5.94401 5.94401 5.94401 
34.1376 6.33245 29.5998 6.19682 5.93888 5.93151 5.93151 5.93151 
33.7354 6.25823 30.1845 6.19042 5.91062 5.90693 5.90693 5.90693 
30.6938 6.08564 33.527 6.05173 5.91183 5.90999 5.90999 5.90999 
30.2435 6.00834 32.6946 7.37069 5.92143 5.92051 5.92051 5.92051 
30.8817 5.96417 30.8273 8.64535 5.92072 5.92026 5.92026 5.92026 
28.6422 6.52994 32.1628 8.94314 5.93066 5.93042 5.93042 5.93042 
30.5484 6.23037 30.1671 9.33153 5.93073 5.93062 5.93062 5.93062 
32.6003 6.04834 27.4301 10.3274 5.89852 5.89846 5.89846 5.89846 
30.5859 6.0069 30.3555 9.32384 5.93199 5.93196 5.93196 5.93196 
29.7472 5.9533 33.0244 7.61177 5.91585 5.91583 5.91583 5.91583 
33.0071 5.93568 28.8794 8.50998 5.91695 5.91695 5.91695 5.91695 
29.6171 5.95864 31.6176 9.00959 5.94927 5.94927 5.94927 5.94927 
31.3757 6.71066 30.5849 7.48987 5.95971 5.95971 5.95971 5.95971 
31.6909 6.34155 28.003 10.1002 5.96607 5.96607 5.96607 5.96607 
30.7355 6.13186 30.5836 8.01119 6.70554 5.94412 5.94412 5.94412 
34.6523 6.02083 28.2778 6.9605 6.30767 5.92696 5.92696 5.92696 
36.2718 5.97582 27.4008 6.44565 6.11924 5.92888 5.92888 5.92888 
32.5132 5.91831 31.7407 6.15323 5.99002 5.89484 5.89484 5.89484 
31.9473 5.88708 32.6121 6.00454 5.92294 5.87535 5.87535 5.87535 
33.7514 5.88005 30.9092 5.93878 5.89798 5.87418 5.87418 5.87418 
34.9411 5.92722 28.8259 6.5967 5.93619 5.92429 5.92429 5.92429 
31.0999 5.92311 31.8584 7.42608 5.92759 5.92165 5.92165 5.92165 
31.5032 5.87984 32.4662 6.63133 5.88209 5.87911 5.87911 5.87911 
34.2501 5.8811 30.0876 6.25684 5.88222 5.88073 5.88073 5.88073 
33.9412 5.93009 29.3188 7.08956 5.93065 5.9299 5.9299 5.9299 
31.438 6.22418 32.068 6.64494 5.9065 5.90613 5.90613 5.90613 
34.7143 6.09482 29.1423 6.3052 5.93598 5.9358 5.9358 5.9358 
34.779 6.01616 29.3368 6.12135 5.93674 5.93665 5.93665 5.93665 
33.6037 5.94926 30.8072 6.00185 5.90955 5.9095 5.9095 5.9095 
32.5823 5.89058 31.5271 6.51722 5.87073 5.8707 5.8707 5.8707 
33.2613 5.92542 30.9125 6.23874 5.9155 5.91548 5.91548 5.91548 
34.855 5.92221 28.9298 6.62404 5.91725 5.91724 5.91724 5.91724 
34.961 5.89735 29.3139 6.24826 5.89487 5.89486 5.89486 5.89486 
36.6153 5.94368 27.5521 6.11914 5.94244 5.94244 5.94244 5.94244 
36.0607 6.05932 28.3558 5.97552 5.88717 5.88717 5.88717 5.88717 
36.2486 5.99916 28.1426 5.95726 5.91309 5.91309 5.91309 5.91309 
35.9348 5.94076 28.6138 5.91981 5.89772 5.89772 5.89772 5.89772 
36.4475 5.90648 28.2102 5.896 5.88496 5.88496 5.88496 5.88496 
35.6003 6.44557 28.33 5.92926 5.92374 5.92374 5.92374 5.92374 
32.2556 6.19308 31.8878 5.93493 5.93217 5.93217 5.93217 5.93217 
34.3367 6.15624 29.7498 5.95254 5.95116 5.95116 5.95116 5.95116 
31.4436 6.00638 33.0301 5.90453 5.90384 5.90384 5.90384 5.90384 
33.4014 5.9728 31.0178 5.92188 5.92153 5.92153 5.92153 5.92153 
35.6342 5.92303 28.9556 5.89757 5.8974 5.8974 5.8974 5.8974 
36.3715 5.94214 28.0396 5.92941 5.92932 5.92932 5.92932 5.92932 
31.9112 5.91225 32.044 6.5092 5.90584 5.90584 5.90584 5.90584 
31.5145 5.90174 32.6383 6.35128 5.89854 5.89854 5.89854 5.89854 
29.0397 6.30965 34.7924 6.15274 5.92637 5.92637 5.92637 5.92637 
27.4338 6.13496 35.4426 7.21544 5.94332 5.94332 5.94332 5.94332 
29.274 6.03419 33.7126 7.22567 5.93837 5.93837 5.93837 5.93837 
29.552 5.95373 32.4668 8.40418 5.90582 5.90582 5.90582 5.90582 
31.8105 5.94238 29.1989 9.3745 5.91843 5.91843 5.91843 5.91843 
30.6962 5.94547 31.6413 7.98307 5.93349 5.93349 5.93349 5.93349 
31.7704 5.90528 31.803 6.92409 5.8993 5.8993 5.8993 5.8993 
29.6544 5.95264 34.1323 6.46204 5.94965 5.94965 5.94965 5.94965 
30.8933 6.27962 31.5556 7.66045 5.90275 5.90275 5.90275 5.90275 
32.6583 6.0658 28.5145 9.25191 5.87737 5.87737 5.87737 5.87737 
30.9421 5.95549 30.371 9.2863 5.86127 5.86127 5.86127 5.86127 
33.1002 5.94127 29.7752 7.60668 5.89416 5.89416 5.89416 5.89416 
34.234 5.94403 29.3633 6.77673 5.92048 5.92048 5.92048 5.92048 
31.2366 5.96205 32.6219 6.3784 5.95027 5.95027 5.95027 5.95027 
35.6647 5.9222 28.6174 6.13038 5.91631 5.91631 5.91631 5.91631 
32.5487 6.59585 30.9754 5.99072 6.2383 5.88369 5.88369 5.88369 
35.4708 6.24435 28.6127 5.94179 6.06558 5.88827 5.88827 5.88827 
32.5963 6.05044 31.8759 5.89915 5.96105 5.87239 5.87239 5.87239 
28.5869 6.02061 35.6768 5.94497 5.97591 5.93159 5.93159 5.93159 
27.018 6.00432 37.1498 5.9665 5.98197 5.95981 5.95981 5.95981 
32.6595 5.98278 31.5406 5.96387 5.97161 5.96053 5.96053 5.96053 
32.8207 6.37995 30.6799 6.44579 5.92255 5.91701 5.91701 5.91701 
33.98 6.13115 28.9623 7.32506 5.90245 5.89968 5.89968 5.89968 
31.6737 6.15292 32.0263 6.59928 5.88797 5.88659 5.88659 5.88659 
33.9065 6.05179 30.0915 6.27497 5.91931 5.91862 5.91862 5.91862 
33.9119 6.05137 30.0139 6.40181 5.90552 5.90517 5.90517 5.90517 
12 12 12 12 12 12 12 12 
14.4978 13.3465 15.0461 12.1952 14.6075 8.96053 8.96053 10.386 
15.2506 12.9016 14.9625 14.7049 15.8245 7.46469 7.46469 10.4265 
16.51 14.0595 16.8385 14.7721 14.4812 6.70966 6.70966 9.41932 
16.9044 13.6903 17.0224 14.6941 15.6125 6.31505 6.31505 9.19625 
16.5616 14.8586 17.1964 15.0726 15.6277 6.13257 6.13257 8.29294 
14.7451 15.5586 17.1682 15.4207 17.8041 6.05355 6.05355 7.13374 
13.7004 17.2232 15.9187 17.346 15.997 5.99897 5.99897 7.78547 
12.479 15.7617 17.4421 17.3951 17.3798 6.19421 5.99137 7.34101 
9.981 17.9877 16.1555 19.5819 17.6306 6.06115 5.95973 6.63455 
9.12474 18.7701 17.7567 18.789 17.327 5.9975 5.94679 6.2842 
10.1503 17.9371 17.8191 18.9669 17.0697 5.96279 5.93744 6.15473 
9.87167 18.3193 17.4851 18.6404 17.2073 5.93682 5.92415 6.61419 
8.42189 17.9246 18.0055 19.878 17.02 6.50427 5.95012 6.29514 
7.20197 18.733 17.926 19.6598 17.2837 7.09062 5.96609 6.1386 
8.16041 18.8952 18.6454 18.9488 15.8652 7.48998 5.95436 6.04061 
8.36592 16.5904 18.4179 19.4268 17.3136 7.88785 5.97718 6.02031 
7.7892 18.0418 17.3474 19.6062 17.7698 6.96537 5.9613 6.51892 
9.85968 17.9928 17.6456 18.8235 16.8869 6.63496 5.93894 6.21776 
8.25675 18.3985 18.032 18.8138 17.7973 6.30687 5.95886 6.43578 
7.12837 18.7993 18.116 20.0069 17.1987 6.55344 5.97943 6.21789 
7.34133 18.9369 17.7454 18.5965 18.7032 6.62894 5.96422 6.08345 
8.38857 19.2934 17.6276 16.7399 18.5928 7.0596 5.94904 6.34912 
7.43456 20.3147 18.6842 15.698 18.4689 7.26859 5.96554 6.16559 
8.92335 19.9187 16.4462 17.0138 18.7789 6.61694 5.96542 6.33659 
10.3223 17.2983 16.7764 17.2714 18.682 6.26518 5.93941 7.44496 
8.84372 18.3483 16.4276 16.6751 20.2331 6.08902 5.92614 7.45692 
8.92544 18.5396 14.3551 18.9824 19.7378 6.83161 5.93134 6.69673 
8.20009 18.2092 15.2583 18.1781 20.0204 6.3956 5.94547 7.79281 
7.09801 18.8099 15.2511 18.5403 21.2399 6.19577 5.9707 6.89437 
6.67401 19.1272 15.066 17.4547 21.1854 7.66138 5.96154 6.86981 
6.67034 19.8161 16.4724 18.3738 19.3301 6.962 5.96057 6.4147 
6.37908 20.0877 18.2661 18.2188 18.0982 6.72451 5.9743 6.25126 
6.56316 18.4527 19.8581 17.5686 18.5657 6.93728 5.95794 6.09643 
6.76643 18.5698 19.4745 17.9257 16.8586 7.81208 5.95877 6.63407 
6.34271 18.6826 17.2139 18.9317 18.7616 7.12514 5.93889 7.00343 
6.29636 20.0483 18.6992 18.7384 16.3992 6.53388 5.94075 7.34393 
6.49483 19.7144 17.9909 17.4112 16.2915 8.3119 5.96738 7.81782 
7.41843 18.1992 18.5888 18.1946 16.4878 8.17055 5.95554 6.98503 
6.85717 19.3829 18.4759 18.9084 15.9564 7.96775 5.96832 6.48307 
7.26339 17.9511 19.1691 19.2871 16.4836 7.22871 5.98318 6.63387 
7.68709 17.9271 19.3274 17.507 17.9846 7.32356 5.95895 6.28429 
7.36755 18.1055 18.9078 17.0273 18.7472 7.59436 5.94168 6.30864 
6.87082 19.7111 19.5898 17.8658 17.0016 6.87973 5.9489 6.13238 
7.10656 18.4905 20.1878 19.2741 16.4119 6.43883 5.97341 6.11686 
6.53375 17.7242 21.3478 19.5035 16.6849 6.19989 5.96718 6.0389 
6.69574 18.4322 19.8346 19.4754 17.0425 6.57999 5.95186 5.98772 
6.7558 19.2873 18.0048 19.0459 17.8295 7.20657 5.92608 5.94401 
6.3779 19.2226 19.3182 18.7861 17.02 7.34013 5.96304 5.97201 
6.1577 17.7363 18.5133 19.3931 17.6767 8.61798 5.95027 5.95475 
6.97698 17.7559 18.5082 19.156 16.6346 9.0907 5.93771 5.93995 
7.68104 17.5218 18.7779 19.2053 15.9778 8.94493 5.91917 5.97205 
7.18081 19.7213 16.8002 20.3542 16.6006 7.44741 5.93453 5.96097 
8.99726 19.9784 16.9119 20.402 15.0455 6.72157 5.96512 5.97834 
8.17897 18.7694 19.0238 19.7173 15.9875 6.35763 5.97941 5.98602 
7.08004 19.7205 19.7952 18.7778 14.8143 7.84828 5.98026 5.98356 
7.11145 20.2727 19.2537 18.7451 15.6064 7.04285 5.95794 6.00989 
6.57687 19.9047 20.7044 18.1339 15.205 7.54962 5.94976 5.97574 
6.94042 20.5324 20.3952 16.8005 16.7325 6.72862 5.9287 5.94168 
7.21753 19.7951 19.4588 17.8221 17.4133 6.36217 5.96221 5.9687 
6.71151 20.9352 17.8169 19.1857 16.5398 6.94507 5.93126 5.9345 
7.16578 18.9749 19.1903 20.3444 15.9943 6.44748 5.94058 5.9422 
6.56336 19.9191 19.3588 20.2442 15.8081 6.20421 5.95076 5.95157 
6.52982 21.7274 18.6783 20.0262 14.4003 6.72298 5.95728 5.95768 
6.2185 19.7772 19.413 20.0342 15.6917 7.00073 5.93222 5.93243 
6.37012 19.4642 18.4022 20.4208 16.4897 7.02003 5.91642 5.91652 
8.36668 17.6915 19.8848 19.6655 15.5098 6.98224 5.94966 5.94972 
7.57774 19.0289 19.4791 18.8845 16.214 6.45448 5.93819 6.42313 
6.78887 19.57 19.4618 19.1645 16.1625 6.67169 5.9691 6.21157 
6.39334 18.8363 19.3274 20.76 15.3877 7.20716 5.98346 6.10469 
6.48254 18.7829 19.357 21.4972 15.3609 6.56086 5.94901 6.00963 
6.62346 18.7488 20.4451 21.4025 14.1066 6.43714 5.96211 6.27426 
7.71676 17.498 21.4926 19.8546 15.1769 6.1934 5.95588 6.11196 
7.16927 18.2327 19.8372 21.0945 15.4448 6.23924 5.95213 6.03017 
6.6286 17.7409 19.8961 21.0884 16.5724 6.10722 5.96366 6.00268 
6.30625 16.2353 19.902 20.9009 18.3553 6.10309 5.97378 6.22344 
6.15013 16.8089 18.6423 20.89 18.0188 6.04855 5.98389 7.45737 
6.65042 17.3154 19.6622 19.6859 18.0303 5.99457 5.96224 6.69898 
6.71504 17.3017 18.3622 20.7469 18.2242 6.33062 5.97547 6.34384 
6.98788 18.2218 18.752 21.0995 16.7029 6.13561 5.95803 6.14222 
7.0851 18.1164 19.597 19.721 16.8045 6.65896 5.96244 6.05453 
8.00373 16.8218 20.4011 19.9996 15.123 6.57398 5.93603 7.14082 
7.42572 16.4393 22.243 18.9726 16.2392 6.23858 5.91961 6.52201 
8.64074 15.972 23.922 17.7195 15.5715 6.064 5.90452 6.20571 
7.66485 15.5111 22.1617 21.4573 15.2551 5.98629 5.90655 6.05715 
7.78432 15.4875 21.8483 22.0689 14.9013 5.97138 5.93151 6.00681 
9.19519 14.3871 20.0733 22.6312 15.8423 5.95772 5.93778 5.97543 
10.9274 14.4526 18.0506 20.6652 17.4449 5.94053 5.93056 6.58818 
9.72276 15.511 19.0603 19.3174 18.2324 5.94576 5.94078 6.26959 
9.21678 18.615 18.7055 18.3695 17.1301 5.93455 5.93206 6.09647 
10.1179 18.1345 18.7722 18.6634 16.385 5.92936 5.92812 6.06956 
11.1826 18.223 18.1257 17.0606 17.5266 5.93733 5.93671 6.00743 
11.797 16.381 18.2827 16.4499 18.1014 6.63297 5.92344 6.43161 
10.2915 16.0518 19.546 16.7221 19.0507 6.26446 5.9097 6.16378 
11.2871 17.0641 19.5644 14.7342 17.9842 6.37673 5.90966 7.07957 
11.5191 17.8063 21.4758 14.798 15.0981 6.18376 5.95022 7.16882 
11.165 19.4789 18.9635 16.3884 15.2459 6.20586 5.97158 6.58088 
11.905 18.4402 19.5746 16.1988 15.6276 6.06117 5.94403 6.24868 
13.635 18.439 17.8539 16.9342 14.856 5.97553 5.91696 6.38938 
13.1636 20.3093 17.8372 15.6466 14.7998 6.19289 5.9072 6.14341 
12.5937 19.3808 20.4662 14.6685 14.8404 6.07264 5.92979 6.0479 
12.087 17.7121 22.3561 15.8385 14.115 5.99169 5.92026 5.97932 
12.3161 17.5412 23.4217 16.6647 12.1842 6.01152 5.9155 5.94503 
12.3773 15.4209 23.6567 19.2314 11.5108 5.96143 5.91341 5.92818 
14.3267 15.232 21.6927 18.7402 12.2289 5.94002 5.91602 5.9234 
14.8557 14.93 20.7455 19.9628 11.726 5.93344 5.92144 5.92513 
14.8258 15.2456 21.087 18.91 12.0492 5.96417 5.95817 5.96001 
13.7651 14.1637 21.6127 20.5871 12.0624 5.93806 5.93506 5.93598 
13.8673 12.0611 22.7704 21.8426 11.6328 5.94275 5.94125 5.94171 
12.0883 10.5409 26.8491 20.7151 11.551 5.93529 5.93454 6.3858 
12.0775 11.4322 24.4643 22.5527 11.4879 5.92015 5.91977 6.14541 
13.8693 11.8778 23.4645 22.1878 10.7504 5.91258 5.91239 6.02521 
14.5026 13.4422 21.9522 22.3487 9.90301 5.93171 5.93162 5.98802 
15.2981 14.0113 20.7423 22.0409 10.1097 5.92321 5.92317 5.95137 
12.9233 13.1941 22.7481 23.96 9.06328 5.91519 5.91517 6.28089 
11.8052 13.4673 22.9516 25.466 8.28482 5.94742 5.94741 6.13027 
12.7434 12.2063 21.9858 25.5439 9.3041 5.95878 5.95878 6.29896 
10.6518 10.9021 24.3522 25.9367 10.0347 5.96253 5.96253 6.19747 
11.4936 11.1397 23.733 26.2618 9.14907 5.97528 5.97528 6.27239 
11.4932 11.5804 24.5481 26.473 7.87705 5.9599 5.9599 6.10845 
10.0262 11.9956 26.9674 26.0753 6.93424 5.97567 5.97567 6.04995 
10.4115 12.0389 25.9515 27.305 6.42342 5.94413 5.94413 5.98127 
10.5308 11.0679 26.4612 26.6539 7.43024 5.94579 5.94579 5.96436 
9.79891 10.0017 27.9481 27.1903 6.80316 5.92953 5.92953 6.39874 
9.25019 9.21774 26.5577 29.057 7.95312 5.90988 5.90988 6.14448 
10.0867 8.31498 26.5428 30.1332 6.96746 5.94584 5.94584 6.06314 
8.86329 10.2966 26.3001 30.0052 6.75794 5.90607 5.90607 5.96472 
8.20787 9.06441 28.185 29.8977 6.94541 5.8901 5.8901 5.91942 
9.96552 7.63955 27.8637 29.7087 6.4388 5.91115 5.91115 6.56141 
9.03339 8.6299 29.3116 28.462 6.44725 5.93026 5.93026 6.25539 
9.65754 7.2727 28.7403 30.2169 6.18137 5.92288 5.92288 6.08544 
10.1933 7.55657 29.0194 28.6573 6.7358 5.9188 5.9188 6.00008 
10.4685 6.73972 29.7301 28.516 6.74256 5.92083 5.92083 5.96147 
12.387 6.42541 28.5456 28.4247 6.35739 5.94653 5.94653 5.96685 
13.763 7.37937 28.8561 25.9484 6.16481 5.95937 5.95937 5.96953 
13.7988 6.77239 28.6386 27.0344 6.01473 5.91202 5.91202 5.9171 
11.6858 7.80446 28.3841 28.4656 5.95287 5.90152 5.90152 5.90406 
12.8429 7.90223 26.4063 29.0185 5.97644 5.95076 5.95076 5.95203 
13.1173 8.26901 28.4097 26.2114 6.24229 5.91656 5.91656 5.91719 
12.0169 7.70593 27.1428 29.2782 6.0861 5.92324 5.92324 5.92355 
13.2187 7.49178 26.5094 28.9922 6.00801 5.92658 5.92658 5.92674 
13.3223 6.67799 29.5356 26.8418 5.9361 5.89539 5.89539 5.89547 
12.3622 7.73037 28.5582 27.5195 6.2038 5.87527 5.87527 5.87531 
11.1302 6.84917 28.0346 30.1353 6.08589 5.92163 5.92163 5.92165 
13.5985 6.38088 24.6857 31.5844 5.99924 5.91711 5.91711 5.91712 
14.7818 6.23834 24.3893 30.8139 5.97495 5.93388 5.93388 5.93389 
14.0687 6.0407 27.8875 28.4287 5.90901 5.88848 5.88848 5.88848 
14.8936 6.68802 29.2132 25.4419 5.94852 5.93825 5.93825 5.93825 
15.5709 6.29822 27.2358 27.1966 5.92847 5.92333 5.92333 5.92334 
16.5883 7.16319 25.7306 26.6969 6.06283 5.91941 5.91941 5.91941 
18.7006 6.50843 26.1986 24.9745 5.95824 5.88654 5.88654 5.88654 
19.9042 6.24823 28.2939 21.3944 6.34738 5.93728 5.93728 5.93728 
21.2303 6.05644 26.4778 22.4265 6.10602 5.90097 5.90097 5.90097 
22.7982 7.04231 25.2107 20.7907 6.43329 5.90823 5.90823 5.90823 
21.0426 6.51953 23.7075 24.6579 6.21503 5.9525 5.9525 5.9525 
18.6803 8.21095 24.9639 23.4866 6.73373 5.97485 5.97485 5.97485 
18.2908 7.03757 25.6764 24.9377 6.29897 5.91953 5.91953 5.91953 
18.0106 7.34857 24.1857 26.0859 6.55374 5.93849 5.93849 5.93849 
18.8478 6.66641 26.6598 23.6729 6.26899 5.96137 5.96137 5.96137 
20.2113 7.03399 26.0858 22.6238 6.12662 5.97281 5.97281 5.97281 
20.3191 6.48956 27.2197 22.0589 6.03587 5.95897 5.95897 5.95897 
20.3208 6.79317 25.4647 23.5294 6.00181 5.96335 5.96335 5.96335 
19.9833 6.37565 26.0174 23.7615 5.97997 5.96074 5.96074 5.96074 
18.7437 7.72591 25.8936 23.1449 6.55563 5.97875 5.97875 5.97875 
17.2536 7.80384 26.4936 24.3803 6.23348 5.94504 5.94504 5.94504 
16.9731 7.10005 28.2234 23.8126 6.08086 5.93664 5.93664 5.93664 
15.8267 7.47444 27.1931 25.6418 6.02008 5.94797 5.94797 5.94797 
17.8977 6.70134 27.2471 24.3654 5.97416 5.9381 5.9381 5.9381 
19.2015 6.39673 27.368 23.2525 5.95885 5.94082 5.94082 5.94082 
21.095 6.15403 25.3424 23.6952 5.93509 5.92608 5.92608 5.92608 
20.1435 6.03517 26.7405 23.3916 5.9257 5.92119 5.92119 5.92119 
21.0762 5.97179 26.1472 23.1434 5.91706 5.9148 5.9148 5.9148 
21.9357 5.98091 25.8024 22.4702 5.95354 5.95241 5.95241 5.95241 
20.4917 6.93391 23.3179 25.4464 5.95296 5.9524 5.9524 5.9524 
21.0225 6.37957 26.8046 22.2378 5.8891 5.88882 5.88882 5.88882 
22.0255 6.18663 27.7556 20.2671 5.9414 5.94126 5.94126 5.94126 
19.0772 6.06445 29.5824 21.5088 5.94184 5.94177 5.94177 5.94177 
21.4822 5.99959 27.1799 21.5853 5.93828 5.93824 5.93824 5.93824 
20.818 5.99979 26.1284 23.1772 5.96914 5.96912 5.96912 5.96912 
21.8469 5.94107 27.4433 21.0657 5.92575 5.92574 5.92574 5.92574 
21.4619 5.97054 28.6447 20.0713 5.96287 5.96287 5.96287 5.96287 
22.3457 5.95977 29.1241 18.7467 5.95594 5.95594 5.95594 5.95594 
23.4874 5.94725 27.1733 19.6107 5.94533 5.94533 5.94533 5.94533 
23.4624 5.94237 26.3992 20.4304 5.94141 5.94141 5.94141 5.94141 
23.5907 7.6564 25.2054 19.9516 5.89897 5.89896 5.89896 5.89896 
25.5768 6.76938 26.3842 17.7069 5.89066 5.89066 5.89066 5.89066 
26.7578 6.36595 25.4579 17.7121 5.92659 5.92659 5.92659 5.92659 
30.1238 6.15637 25.3267 14.6463 5.93669 5.93669 5.93669 5.93669 
28.8934 6.41682 30.3899 10.2643 6.30698 5.90952 5.90952 5.90952 
32.1276 6.16894 29.7509 8.0927 6.11402 5.91529 5.91529 5.91529 
33.4905 6.5861 29.2891 6.97794 5.9886 5.88924 5.88924 5.88924 
34.0735 6.88083 28.843 6.46607 5.9714 5.92172 5.92172 5.92172 
35.5798 6.42055 27.9977 6.21317 5.96583 5.94099 5.94099 5.94099 
35.5519 6.141 28.6525 6.03731 5.91364 5.90122 5.90122 5.90122 
32.8979 6.89164 30.5864 5.94549 6.04625 5.87744 5.87744 5.87744 
34.5524 6.42388 29.3214 5.9508 6.00118 5.91678 5.91678 5.91678 
36.5416 6.21044 27.4043 5.9739 5.99909 5.95689 5.95689 5.95689 
36.0039 6.30449 28.1446 5.912 5.92459 5.90349 5.90349 5.90349 
35.3129 6.09342 29.1143 5.89717 5.90347 5.89292 5.89292 5.89292 
31.0212 6.03413 33.032 5.93601 6.17501 5.93388 5.93388 5.93388 
33.4012 5.98582 30.8129 5.93675 6.05625 5.93569 5.93569 5.93569 
34.2759 5.93408 30.1841 5.90955 5.9693 5.90902 5.90902 5.90902 
30.6674 5.90822 33.9156 5.89595 5.92583 5.89569 5.89569 5.89569 
28.7238 6.35968 35.4562 5.88915 5.90409 5.88902 5.88902 5.88902 
29.1035 6.14337 35.2053 5.9081 5.91557 5.90804 5.90804 5.90804 
32.9652 6.05567 30.6303 6.59306 5.94177 5.93801 5.93801 5.93801 
28.7064 5.97334 33.1355 8.52481 5.9164 5.91451 5.91451 5.91451 
30.9944 5.96377 32.0639 7.2395 5.9353 5.93435 5.93435 5.93435 
29.148 5.91839 34.7621 6.55626 5.90416 5.90369 5.90369 5.90369 
31.9407 5.94789 30.5475 7.80155 5.94077 5.94053 5.94053 5.94053 
33.1823 5.96114 28.076 8.95056 5.95758 5.95746 5.95746 5.95746 
34.4536 5.97011 27.9393 7.76377 5.96833 5.96827 5.96827 5.96827 
31.607 6.62142 31.0771 6.85709 5.95937 5.95934 5.95934 5.95934 
34.4205 6.27423 29.1404 6.39207 5.94321 5.9432 5.9432 5.9432 
34.3789 6.22447 29.6304 6.13278 5.90835 5.90835 5.90835 5.90835 
35.4801 6.10369 28.5759 6.05784 5.94563 5.94563 5.94563 5.94563 
36.1074 6.04504 27.9614 6.02212 5.96601 5.96601 5.96601 5.96601 
36.6066 5.99098 27.6171 5.97952 5.95147 5.95147 5.95147 5.95147 
31.3403 6.25475 32.6974 5.95272 5.9387 5.9387 5.9387 5.9387 
33.0743 6.07723 31.2455 5.92621 5.9192 5.9192 5.9192 5.9192 
31.1271 6.03546 33.0518 5.95995 5.95645 5.95645 5.95645 5.95645 
32.9155 5.97826 31.4107 5.9405 5.93875 5.93875 5.93875 5.93875 
34.577 5.97078 29.6962 5.9519 5.95103 5.95103 5.95103 5.95103 
31.5742 5.96812 32.666 5.95868 5.95824 5.95824 5.95824 5.95824 
31.4883 5.95662 32.7964 5.9519 5.95168 5.95168 5.95168 5.95168 
31.0532 6.55977 32.7606 5.92539 5.92528 5.92528 5.92528 5.92528 
28.913 6.2466 35.1936 5.92941 5.92935 5.92935 5.92935 5.92935 
31.0232 6.1218 32.7392 6.26306 5.96318 5.96318 5.96318 5.96318 
30.2645 6.04055 33.5208 6.3292 5.96124 5.96124 5.96124 5.96124 
31.2567 5.99057 32.8141 6.1349 5.95092 5.95092 5.95092 5.95092 
28.5861 5.95303 34.5057 7.22238 5.93321 5.93321 5.93321 5.93321 
31.2456 5.94485 31.9626 7.10723 5.93494 5.93494 5.93494 5.93494 
32.2236 5.93685 31.0669 7.04505 5.9319 5.9319 5.9319 5.9319 
28.288 5.9477 34.2511 7.73237 5.94522 5.94522 5.94522 5.94522 
30.6396 5.97972 32.2282 7.53187 5.90516 5.90516 5.90516 5.90516 
29.4502 5.94017 33.7383 7.25973 5.90289 5.90289 5.90289 5.90289 
33.8107 5.94541 29.9316 6.60519 5.92677 5.92677 5.92677 5.92677 
30.5485 5.97121 33.3316 6.3011 5.96189 5.96189 5.96189 5.96189 
32.0769 5.92198 32.2449 6.08693 5.91732 5.91732 5.91732 5.91732 
31.046 5.90217 33.4679 5.98464 5.89984 5.89984 5.89984 5.89984 
28.9317 5.93978 34.5853 6.78877 5.93861 5.93861 5.93861 5.93861 
31.1087 5.96989 30.3641 8.6801 5.96931 5.96931 5.96931 5.96931 
33.6021 5.93438 27.8225 8.90466 5.93409 5.93409 5.93409 5.93409 
30.6819 5.94684 30.8444 8.74012 5.9467 5.9467 5.9467 5.9467 
32.5902 5.93695 30.3918 7.33359 5.93687 5.93687 5.93687 5.93687 
34.5572 5.91398 28.9661 6.90685 5.91395 5.91395 5.91395 5.91395 
34.2083 5.89817 29.7628 6.53807 5.89815 5.89815 5.89815 5.89815 
31.9217 5.94178 31.6697 6.69969 5.94178 5.94178 5.94178 5.94178 
31.8202 5.93964 32.163 6.3186 5.93964 5.93964 5.93964 5.93964 
34.1514 5.94947 28.6542 7.44709 5.94947 5.94947 5.94947 5.94947 
33.6214 6.38548 28.1152 8.07768 5.95006 5.95006 5.95006 5.95006 
29.1811 6.1557 32.0576 8.85366 5.93799 5.93799 5.93799 5.93799 
32.4899 6.03643 29.8602 7.90316 5.92758 5.92758 5.92758 5.92758 
33.9597 6.00901 28.8871 7.32581 5.95459 5.95459 5.95459 5.95459 
35.183 6.28576 28.1154 6.63166 5.94604 5.94604 5.94604 5.94604 
35.4424 6.08915 28.5291 6.2621 5.9193 5.9193 5.9193 5.9193 
33.8242 6.13281 30.3675 6.07223 5.90082 5.90082 5.90082 5.90082 
33.4933 6.05786 30.6538 6.02757 5.94187 5.94187 5.94187 5.94187 
35.1215 5.95719 29.3826 5.94204 5.89919 5.89919 5.89919 5.89919 
31.6258 5.90542 33.0653 5.89785 5.87642 5.87642 5.87642 5.87642 
31.6646 5.94956 32.6998 5.94577 5.93506 5.93506 5.93506 5.93506 
27.6895 5.97478 34.1356 8.33003 5.96753 5.96753 5.96753 5.96753 
29.253 5.91497 30.1649 11.0217 5.91135 5.91135 5.91135 5.91135 
31.0767 5.91564 29.8732 9.47911 5.91383 5.91383 5.91383 5.91383 
30.1482 5.95237 32.3595 7.73411 5.95147 5.95147 5.95147 5.95147 
30.5941 6.01619 32.8197 6.82706 5.93573 5.93573 5.93573 5.93573 
34.1924 5.98774 29.2006 6.82923 5.94752 5.94752 5.94752 5.94752 
