5 2000 100 20
16 16 16 16 16 16 
14.3492 12.7619 17.7884 18.8466 18.8466 15.4074 
15.5079 12.9286 18.0212 18.7487 19.3439 14.4497 
15.7306 11.5227 16.209 21.242 20.5669 14.2288 
14.9218 11.6081 16.9755 21.7097 20.1625 14.3724 
13.6084 11.1319 17.914 22.3303 19.9173 14.9731 
14.4965 10.4243 16.8517 22.0963 20.8898 15.1789 
14.5653 10.6999 16.3527 22.6335 21.2173 14.5 
14.0584 11.1911 13.5502 23.2326 22.9918 14.9603 
15.0033 10.5524 12.3785 22.3922 23.9959 15.6698 
17.0017 10.2762 11.1893 21.1961 24.748 15.5849 
17.021 10.0708 11.8727 22.4815 22.9121 15.64 
17.0211 9.92904 12.3193 21.879 22.0943 16.7562 
16.5463 10.3217 11.5168 21.877 23.324 16.4138 
16.8446 10.3989 10.7584 24.0337 22.8525 15.1117 
17.3434 10.1787 10.7734 25.5023 21.1773 15.0247 
16.7074 10.0001 11.6367 23.4655 22.419 15.7713 
16.9064 9.8246 12.3973 22.0397 22.8323 15.9997 
16.6307 9.81884 11.3388 22.7021 23.5657 15.9438 
15.4875 9.82745 12.2268 24.2609 22.4386 15.7588 
16 16 16 16 16 16 
19.5152 12.8485 13.7576 18.9091 18.6061 14.3636 
18.5922 12.0633 14.9615 18.6651 20.2053 14.5126 
16.2131 10.9724 13.8049 21.1902 22.9485 14.3709 
15.8149 10.9029 13.3608 24.3451 21.4742 13.8521 
17.3091 10.5796 13.0906 22.6426 22.4893 13.7637 
16.7054 10.5864 13.5368 23.3976 21.2023 14.509 
16.6188 10.7368 15.6394 23.594 19.4721 13.9077 
15.1276 10.8229 15.547 25.2061 19.9633 13.3175 
15.937 10.1962 15.6682 24.3255 20.0295 13.8358 
15.5116 10.055 16.0238 23.5852 20.5751 14.2455 
15.3378 9.94552 16.6184 23.6778 20.3285 14.09 
16.0705 9.89079 14.8666 24.134 21.0249 14.0122 
16.0998 10.2449 14.3457 23.5877 21.5724 14.149 
14.7022 10.0581 13.6106 26.1716 20.2282 15.229 
13.8552 9.90709 12.6996 27.7199 20.0735 15.7446 
15.2225 10.0227 12.3406 24.459 21.7879 16.1672 
15.3981 9.92937 12.3178 24.3197 20.9349 17.1 
15.3586 9.8583 12.9674 24.5003 20.2547 17.0606 
15.8043 9.92915 13.567 23.5001 20.9607 16.2387 
16 16 16 16 16 16 
15.6705 13.6818 19.6477 18.5114 17.6591 12.8295 
14.015 12.0844 20.6853 20.3044 18.9419 12.9691 
13.1378 11.5977 19.7296 22.2212 19.6242 13.1895 
13.9841 10.8836 18.7631 23.1868 19.9816 12.9507 
13.4437 11.2886 20.6719 22.6821 18.8618 12.927 
12.6742 10.6046 19.2645 25.8252 18.9547 12.6143 
14.1371 10.5023 18.2323 24.1126 19.0773 13.9071 
13.8771 10.3575 18.9034 22.4818 20.3897 13.9748 
14.1402 10.117 19.7397 21.529 20.4829 13.9833 
15.5484 10.0585 14.8699 23.1558 20.6762 15.6873 
16.5186 9.962 13.0403 23.6855 21.3247 15.467 
16.843 9.91662 13.3871 21.4994 22.4649 15.888 
16.9121 9.91114 14.0049 20.8912 23.2608 15.0195 
18.5028 9.86211 12.8436 20.726 22.6117 15.4537 
18.7421 10.0236 11.9773 19.8537 24.2688 15.1342 
17.7781 10.1003 12.6258 21.2101 22.9751 15.3105 
17.3673 10.0502 14.5738 21.4746 22.3571 14.177 
16.4243 9.8368 15.6551 21.1975 22.4756 14.4107 
17.3445 9.71292 13.9919 20.1878 24.0232 14.7396 
16 16 16 16 16 16 
18.2564 12.8077 13.1282 15.6923 21.7821 16.3333 
17.4286 11.9374 14.2716 15.7513 23.7369 15.8742 
18.9553 11.9928 13.3607 16.3094 24.3182 14.5636 
17.4458 11.9725 14.4493 17.7164 23.5137 14.6523 
16.6176 10.8108 15.9966 18.7266 22.7218 15.0016 
15.2054 10.3862 16.619 21.2407 22.2804 14.2058 
18.4633 10.7259 14.8669 20.2515 20.9763 14.6849 
18.2513 11.2453 16.257 20.3218 20.096 13.813 
16.851 10.5583 16.4976 22.1781 20.563 13.3443 
16.3325 10.3954 15.2255 20.3914 23.5373 14.114 
15.9852 10.3417 15.8432 21.3068 22.0567 14.4644 
15.8744 10.097 13.8329 21.9834 23.5899 14.6214 
14.9192 10.0034 14.1237 22.253 23.2815 15.4188 
15.3414 9.92783 12.9732 21.4713 24.9412 15.3449 
17.1301 10.1441 13.6938 22.4474 22.831 13.7535 
16.8175 9.92642 15.0993 21.6606 22.5805 13.9156 
16.4805 9.89594 14.5003 21.1442 22.9495 15.0295 
15.4142 9.94797 13.1197 22.0938 23.4313 15.993 
14.4462 9.97399 14.6033 23.2208 22.1504 15.6052 
16 16 16 16 16 16 
13.625 13 17.6875 22.0625 14.5625 17.0625 
13.6752 11.7941 18.4516 23.7763 14.3401 16.9626 
13.0406 11.7241 19.5641 22.6025 16.9445 15.6242 
14.09 11.2405 18.547 21.859 18.6316 15.3818 
13.9488 11.0596 20.3614 22.2266 17.8932 14.3855 
14.5058 10.9691 17.5029 21.7827 20.6621 14.5149 
16.2487 11.3423 16.2828 22.8161 19.1177 14.1612 
16.3888 10.6298 17.4389 21.3254 20.3026 13.8988 
16.3617 10.295 18.082 20.8221 19.3147 15.1167 
17.432 9.99331 15.8692 20.1027 21.7719 14.8271 
17.5532 9.88038 13.9811 20.9816 22.0487 15.5531 
15.9505 9.94019 14.8166 20.9256 21.8939 16.4722 
15.8265 9.92877 13.8133 23.6859 21.0709 15.6741 
16.6632 9.96439 15.0316 22.8846 19.7021 15.7537 
13.737 9.93715 14.723 23.154 20.8871 17.5615 
13.3 9.94783 16.0752 22.1579 21.4394 17.0795 
14.489 9.84679 15.4529 22.7315 21.5248 15.955 
15.8031 9.87835 15.3841 22.627 20.6723 15.6352 
16.3837 9.84989 14.8349 19.7956 22.1665 16.9694 
