5 10000 300 33
12 12 12 12 12 12 12 12 
7.94354 15.0661 14.8053 9.4734 14.4046 7.94354 13.6808 16.9381 
7.49573 14.0326 17.1035 7.49573 14.5679 16.5932 7.49573 15.7367 
7.65992 17.0106 24.0732 10.9158 9.17756 7.65992 7.65992 18.1477 
10.5514 16.0461 23.797 7.30841 7.64182 7.30841 7.30841 22.3595 
7.14412 16.2553 18.8964 7.63025 8.46295 7.63025 7.63025 28.2299 
7.66667 13.5483 18.9132 7.66667 18.8796 7.66667 7.66667 20.8557 
12.7723 14.5819 18.706 7.43137 16.8823 7.43137 7.43137 15.896 
9.91869 14.7316 19.3535 10.1729 10.4937 8.25714 10.4666 19.566 
7.84496 18.0426 27.1705 10.9902 7.84496 7.84496 7.84496 13.9118 
8.5984 15.9045 28.0417 7.88119 7.88119 7.88119 7.88119 21.0313 
8.03125 9.96982 32.3142 7.71429 7.71429 7.71429 7.71429 24.0399 
11.1213 9.47549 20.4239 8.04494 13.6972 8.04494 8.04494 23.9576 
10.1149 8.35274 31.028 8.47312 14.5325 8.47312 8.47312 16.6533 
8.16167 19.2313 23.1049 8.29167 13.9466 8.29167 8.29167 16.1141 
8.5 18.3154 20.2538 8.5 16.1451 8.5 8.5 14.8453 
8.04396 16.5275 19.1205 8.04396 11.3129 8.04396 8.04396 23.1418 
9.09677 16.7604 18.2999 9.09677 12.789 9.09677 9.09677 23.6255 
14.3487 17.1821 19.7208 9.22581 10.3137 9.22581 9.22581 19.0528 
14.3487 17.1821 19.7208 9.22581 10.3137 9.22581 9.22581 19.0528 
13.0443 15.6201 20.7252 8.3871 15.4367 8.3871 8.3871 17.3207 
13.0443 15.6201 20.7252 8.3871 15.4367 8.3871 8.3871 17.3207 
13.0443 15.6201 20.7252 8.3871 15.4367 8.3871 8.3871 17.3207 
13.0443 15.6201 20.7252 8.3871 15.4367 8.3871 8.3871 17.3207 
13.0443 15.6201 20.7252 8.3871 15.4367 8.3871 8.3871 17.3207 
13.0443 15.6201 20.7252 8.3871 15.4367 8.3871 8.3871 17.3207 
13.0443 15.6201 20.7252 8.3871 15.4367 8.3871 8.3871 17.3207 
13.0443 15.6201 20.7252 8.3871 15.4367 8.3871 8.3871 17.3207 
13.0443 15.6201 20.7252 8.3871 15.4367 8.3871 8.3871 17.3207 
13.0443 15.6201 20.7252 8.3871 15.4367 8.3871 8.3871 17.3207 
13.0443 15.6201 20.7252 8.3871 15.4367 8.3871 8.3871 17.3207 
13.0443 15.6201 20.7252 8.3871 15.4367 8.3871 8.3871 17.3207 
13.0443 15.6201 20.7252 8.3871 15.4367 8.3871 8.3871 17.3207 
13.0443 15.6201 20.7252 8.3871 15.4367 8.3871 8.3871 17.3207 
12 12 12 12 12 12 12 12 
10.4657 11.78 19.3202 8.08598 11.8401 13.944 12.5554 12.3422 
10.5918 15.8405 19.703 11.2032 15.5432 7.94004 7.94004 11.7901 
14.5406 11.734 22.1376 8.16901 12.9497 7.7324 9.68859 15.0916 
9.46193 15.6667 16.8839 13.9766 17.1221 8.55767 7.98206 11.7918 
10.7773 15.0206 20.6754 11.6377 9.46987 7.95643 12.3074 13.1681 
14.6837 9.73242 27.4064 7.98312 15.6489 10.9085 7.68889 7.64662 
9.01917 13.1155 27.281 10.5613 16.5969 7.91608 7.91608 10.4437 
9.63409 9.54185 28.5106 7.68293 12.0957 7.68293 7.68293 20.2572 
7.38667 6.99014 23.5386 7.38667 20.2481 7.38667 7.38667 21.2452 
7.58621 9.30695 25.3581 8.29425 13.6562 7.58621 7.58621 22.2008 
7.22013 7.8302 21.7044 8.73434 16.1211 8.19608 8.19608 25.8379 
7.89381 17.624 26.7319 7.89381 14.5078 7.89381 7.89381 14.2874 
7.6042 13.9555 23.9299 8.04301 9.99434 8.04301 8.04301 23.9733 
7.96078 11.1035 25.9389 14.8359 9.35551 7.96078 7.96078 17.5187 
10.4103 22.1836 25.5868 9.27244 10.0139 8.65 8.65 10.9492 
8.43902 18.3405 25.9366 8.43902 8.43902 8.43902 8.43902 20.2265 
8.90909 17.2613 23.214 8.90909 8.90909 8.90909 8.90909 23.2976 
8.90909 17.2613 23.214 8.90909 8.90909 8.90909 8.90909 23.2976 
8.96774 16.5218 21.3224 8.96774 8.96774 8.96774 8.96774 23.0328 
9.15076 16.859 21.7576 9.15076 9.15076 9.15076 9.15076 23.5029 
9.33751 17.2031 22.2016 9.33751 9.33751 9.33751 9.33751 23.9825 
9.33751 17.2031 22.2016 9.33751 9.33751 9.33751 9.33751 23.9825 
9.33751 17.2031 22.2016 9.33751 9.33751 9.33751 9.33751 23.9825 
9.33751 17.2031 22.2016 9.33751 9.33751 9.33751 9.33751 23.9825 
9.33751 17.2031 22.2016 9.33751 9.33751 9.33751 9.33751 23.9825 
9.33751 17.2031 22.2016 9.33751 9.33751 9.33751 9.33751 23.9825 
9.33751 17.2031 22.2016 9.33751 9.33751 9.33751 9.33751 23.9825 
9.33751 17.2031 22.2016 9.33751 9.33751 9.33751 9.33751 23.9825 
9.33751 17.2031 22.2016 9.33751 9.33751 9.33751 9.33751 23.9825 
9.33751 17.2031 22.2016 9.33751 9.33751 9.33751 9.33751 23.9825 
9.33751 17.2031 22.2016 9.33751 9.33751 9.33751 9.33751 23.9825 
9.33751 17.2031 22.2016 9.33751 9.33751 9.33751 9.33751 23.9825 
9.33751 17.2031 22.2016 9.33751 9.33751 9.33751 9.33751 23.9825 
12 12 12 12 12 12 12 12 
9.99597 14.1002 14.7069 10.2288 15.0389 10.6353 11.2695 14.5125 
7.94239 12.7185 27.0096 11.6952 9.94563 7.94239 11.1617 12.4521 
7.32164 18.7136 24.2718 7.32164 7.32164 7.32164 7.32164 22.7593 
7.79145 9.4389 28.6222 12.4823 13.7183 7.54229 7.54229 14.4637 
7.44395 8.30159 26.7037 7.44395 25.4974 7.44395 8.82522 10.7168 
9.95213 14.2322 16.3713 7.61818 16.6456 13.5847 8.17178 15.0854 
9.54976 19.3125 19.5875 7.40984 10.2401 7.40984 7.40984 21.6361 
8.4129 11.1852 30.597 7.79412 13.1916 7.79412 7.79412 16.8287 
7.7686 18.0238 23.7865 7.7686 7.57017 7.7686 7.7686 22.4499 
12.849 12.1527 23.0902 7.49254 12.153 7.49254 7.49254 18.949 
8.03883 10.2144 23.4984 8.49152 19.7692 8.03883 8.03883 16.8132 
7.9633 9.64458 28.1786 7.9633 15.4395 7.9633 7.9633 19.9449 
8.11538 15.5634 20.0443 9.17039 7.42282 8.11538 8.11538 27.0714 
7.96342 14.4399 22.4353 8.33333 11.4211 8.33333 8.33333 22.1672 
8.35897 14.4892 27.4194 8.35897 7.32125 8.35897 8.35897 22.3498 
8.90909 14.4202 27.4323 12.9202 8.90909 8.90909 8.90909 16.9316 
8.74286 13.2763 28.2004 12.9881 10.4453 8.74286 8.74286 12.094 
9.26667 11.0636 28.1299 15.7254 8.70439 9.26667 9.26667 15.8255 
9.08497 10.8467 32.3608 15.417 8.53372 9.08497 9.08497 15.5152 
8.73555 10.4295 33.0987 14.8241 8.2055 8.73555 8.73555 14.9184 
7.94141 9.48136 35.8924 13.4764 9.67273 7.94141 7.94141 13.5622 
8.63196 10.3058 39.0135 14.6483 10.5138 8.63196 8.63196 14.7415 
9.31034 8.88434 33.6323 12.6278 9.06365 9.31034 9.31034 12.7082 
9.69828 9.25452 35.0337 13.154 9.4413 9.69828 9.69828 13.2377 
9.8962 9.44338 35.7486 13.4224 9.63398 9.8962 9.8962 13.5079 
10.0982 9.63611 36.4782 13.6964 9.83059 10.0982 10.0982 13.7836 
9.52657 9.09067 34.4134 12.9211 9.27414 9.52657 9.52657 13.0034 
9.72099 9.27619 35.1157 13.1848 9.46341 9.72099 9.72099 13.2687 
9.91938 9.4655 35.8324 13.4539 9.65654 9.91938 9.91938 13.5395 
10.1218 9.65867 36.5636 13.7284 9.85362 10.1218 10.1218 13.8158 
9.54888 9.11196 34.494 12.9514 9.29586 9.54888 9.54888 13.0338 
9.74375 9.29791 35.1979 13.2157 9.48558 9.74375 9.74375 13.2998 
9.94261 9.48767 35.9163 13.4854 9.67916 9.94261 9.94261 13.5712 
12 12 12 12 12 12 12 12 
11.9057 16.5513 18.2814 11.378 15.6271 8.03188 7.91234 10.756 
8.04975 9.10672 19.6867 9.23322 13.6775 8.04975 19.3135 13.7756 
8.04938 22.4499 19.0152 8.04938 18.6421 8.04938 8.04938 9.26453 
7.49495 19.4095 29.5493 7.49495 16.3318 7.49495 7.49495 7.39003 
7.35196 14.5634 21.76 7.35196 11.2659 7.35196 7.35196 24.4106 
7.38667 12.791 17.7797 7.38667 13.2791 14.1173 7.38667 21.4702 
7.58025 13.8244 29.6421 7.58025 9.38949 7.58025 7.58025 18.0578 
7.73333 15.9226 23.0371 9.86217 15.1735 7.73333 7.73333 14.9185 
9.53003 12.4656 26.3441 10.155 13.1286 7.81699 7.81699 15.4742 
12.0002 13.1642 22.7965 7.49333 10.1733 7.49333 7.49333 21.0311 
10.0484 10.8115 24.7293 7.46541 13.9284 8.18868 8.18868 21.5059 
7.73585 13.186 26.9256 7.73585 8.76393 7.73585 7.73585 23.247 
8.14118 10.9361 29.2414 13.2651 8.14118 8.14118 8.14118 20.6984 
8.32941 12.625 31.3752 7.803 8.35399 8.32941 8.32941 18.3675 
12.7009 17.3259 25.1092 8.34146 8.34146 8.34146 8.34146 17.9748 
12.98 14.3132 25.9793 8.71233 10.437 8.71233 8.71233 15.7361 
18.1483 11.5429 27.4898 9.22581 8.41693 9.22581 9.22581 12.6904 
18.5186 11.7785 28.0508 9.41409 8.58871 9.41409 9.41409 12.9494 
18.5186 11.7785 28.0508 9.41409 8.58871 9.41409 9.41409 12.9494 
15.9643 10.1539 26.119 8.11559 9.58621 8.11559 8.11559 21.3053 
14.7818 9.40173 24.1842 9.40741 8.87612 9.40741 9.40741 19.7271 
15.3977 9.79347 25.1919 9.79938 9.24596 9.79938 9.79938 20.5491 
15.7119 9.99334 25.706 9.99937 9.43465 9.99937 9.99937 20.9684 
16.0326 10.1973 26.2307 10.2034 9.62719 10.2034 10.2034 21.3964 
14.5751 9.27026 23.846 9.27585 8.75199 9.27585 9.27585 19.4512 
15.5054 9.86198 25.3681 9.86793 9.31063 9.86793 9.86793 20.6928 
15.8219 10.0632 25.8859 10.0693 9.50064 10.0693 10.0693 21.1151 
14.9263 9.49362 24.4206 9.49935 8.96287 9.49935 9.49935 19.9199 
15.5482 9.88919 25.4381 9.89516 9.33632 9.89516 9.89516 20.7499 
15.8655 10.091 25.9573 10.0971 9.52686 10.0971 10.0971 21.1734 
14.9675 9.51982 24.488 9.52557 8.98761 9.52557 9.52557 19.9749 
15.5911 9.91648 25.5083 9.92247 9.36209 9.92247 9.92247 20.8072 
15.9093 10.1189 26.0289 10.125 9.55315 10.125 10.125 21.2318 
12 12 12 12 12 12 12 12 
9.27662 15.335 14.9477 17.6486 12.3152 8.00598 8.00598 14.9103 
15.6618 10.8229 19.5536 7.73231 14.4146 7.73231 11.061 13.8718 
7.70592 19.5248 32.1267 7.44898 10.3904 7.44898 7.44898 10.1936 
7.575 16.6947 22.7823 10.8505 12.1756 7.575 7.575 16.7724 
13.5768 12.2001 23.8532 10.7984 9.02209 7.73494 7.73494 18.2627 
13.4793 13.9164 23.9929 7.84141 7.84141 12.3372 7.84141 14.7797 
14.5882 15.6806 26.7452 7.57447 7.57447 7.57447 7.57447 15.6199 
7.92208 10.0861 22.2116 7.92208 18.693 7.92208 10.5761 16.6669 
11.0825 13.9206 19.776 7.61765 12.4218 7.61765 7.61765 22.8388 
7.6 11.3872 29.5842 7.6 15.4614 7.6 7.6 17.6114 
7.6161 10.3868 25.7993 7.63025 14.6948 7.63025 7.63025 20.7687 
9.6712 9.80134 21.4991 14.3522 10.8355 8.19231 8.19231 20.8703 
7.81481 9.54266 32.766 10.3482 7.81481 7.81481 7.81481 18.5653 
8.51429 14.335 30.9231 7.39158 8.51429 8.51429 8.51429 20.914 
8.14634 11.8678 25.5561 8.14634 8.14634 8.14634 8.14634 28.6591 
8.5 8.24153 27.0066 8.5 10.1375 8.5 8.5 24.1757 
8.96774 8.96774 27.278 8.96774 13.063 8.96774 8.96774 22.3262 
8.00691 8.00691 30.4431 8.00691 11.6634 8.00691 8.00691 24.2895 
8.98361 8.98361 31.025 8.98361 9.56013 8.98361 8.98361 22.5969 
8.02108 8.02108 32.2217 8.02108 13.4961 8.02108 8.02108 20.1758 
9.03448 9.03448 29.5548 9.03448 11.6346 9.03448 9.03448 17.3929 
9.41092 9.41092 33.0507 9.41092 12.1194 9.41092 9.41092 18.1176 
9.04896 9.04896 33.6835 9.04896 11.6533 9.04896 9.04896 17.4208 
9.23363 9.23363 34.371 9.23363 11.8911 9.23363 9.23363 17.7763 
9.23363 9.23363 34.371 9.23363 11.8911 9.23363 9.23363 17.7763 
9.23363 9.23363 34.371 9.23363 11.8911 9.23363 9.23363 17.7763 
9.23363 9.23363 34.371 9.23363 11.8911 9.23363 9.23363 17.7763 
9.23363 9.23363 34.371 9.23363 11.8911 9.23363 9.23363 17.7763 
9.23363 9.23363 34.371 9.23363 11.8911 9.23363 9.23363 17.7763 
9.23363 9.23363 34.371 9.23363 11.8911 9.23363 9.23363 17.7763 
9.23363 9.23363 34.371 9.23363 11.8911 9.23363 9.23363 17.7763 
9.23363 9.23363 34.371 9.23363 11.8911 9.23363 9.23363 17.7763 
9.23363 9.23363 34.371 9.23363 11.8911 9.23363 9.23363 17.7763 
