5 2000 100 20
16 16 16 16 16 16 
12.7368 13.2632 12.7368 20.1053 18.5263 20.6316 
11.5858 13.3707 11.3684 25.27 16.8719 20.5332 
12.3967 12.8174 10.637 24.1916 17.634 21.8232 
12.8193 12.5731 10.113 25.3378 17.2645 21.6422 
12.5183 13.3001 10.0339 24.8861 17.682 21.4546 
12.7696 12.1188 10.2253 27.0264 17.4348 20.3627 
12.3656 12.758 9.89733 28.3457 16.3729 20.2292 
12.4029 11.8814 9.73335 29.7231 16.5596 19.684 
13.4931 11.9303 10.075 29.1845 17.134 18.1753 
12.9004 12.119 10.1657 29.2076 17.2849 18.3184 
12.5182 12.8556 9.93722 28.9242 16.8949 18.868 
12.8305 12.1421 10.6829 26.4621 18.1617 19.7197 
13.2334 12.8892 11.0233 25.1629 19.3081 18.3826 
12.7744 11.617 10.4377 27.6061 18.2748 19.2898 
12.5727 11.9941 10.3735 28.4938 17.9003 18.6655 
12.4994 13.0976 11.1039 26.9688 18.1217 18.2085 
12.9164 12.9125 11.6126 26.5147 19.0609 16.983 
12.1232 11.3823 10.7324 28.282 18.3974 19.0827 
12.5293 12.4076 10.3413 27.3251 18.1539 19.2428 
16 16 16 16 16 16 
15.0796 14.1947 12.8673 22.6018 14.6372 18.6195 
13.853 13.663 11.4841 24.6847 15.6519 19.6633 
13.9687 13.639 10.6716 25.7226 16.7461 18.7518 
13.3295 13.1647 10.412 27.3283 17.5101 18.0054 
12.8849 13.0417 9.99067 27.5398 17.6067 18.8113 
15.1266 13.3629 10.2585 23.5067 19.5928 18.0899 
14.7826 13.366 10.4768 24.3202 19.1547 17.8685 
15.3913 12.683 10.2384 24.6601 18.8274 18.1842 
14.1313 12.7771 10.0697 24.9538 18.3246 19.7357 
15.3103 11.9737 10.354 23.6471 20.0665 18.6444 
14.3218 11.8202 10.7326 22.3791 21.6999 19.0444 
14.3774 12.0957 10.5209 23.8184 20.3861 18.8006 
14.773 12.2276 10.8784 21.7407 21.1481 19.2317 
14.6838 12.8706 10.8446 20.8703 20.574 20.1564 
14.3071 12.1567 10.3974 23.868 19.491 19.7797 
14.2157 12.293 10.8484 24.0809 19.6325 18.9294 
14.17 12.3612 11.0739 26.4472 18.5733 17.3743 
13.9999 12.0317 10.8561 26.5215 19.393 17.1978 
13.4432 12.7169 10.5827 27.9515 18.2017 17.104 
16 16 16 16 16 16 
12.5977 12.5977 12.5977 21.2184 19.4943 19.4943 
12.644 13.6593 11.375 23.0457 18.6304 19.6456 
13.703 13.2582 10.6875 25.3324 18.1247 18.3942 
13.8407 12.5431 10.7201 26.1071 19.2774 17.2616 
14.2068 12.3017 10.3852 27.3751 18.6839 16.9223 
14.5014 12.2733 10.2946 27.7182 18.7807 16.3693 
14.3585 12.5092 10.0493 25.1336 20.1747 17.7435 
14.6659 12.4043 10.3722 25.6684 18.6435 18.23 
14.6363 12.6628 10.8041 24.0702 19.715 18.1038 
13.4758 11.7501 10.3282 26.5671 17.9856 19.8893 
14.5414 11.9444 10.9444 23.6882 18.2413 20.6383 
13.9373 12.3611 11.0278 25.733 17.1762 19.7636 
13.9999 11.3889 10.7222 26.929 16.9214 20.038 
13.0465 11.5084 10.2448 28.1157 17.0654 20.019 
12.7088 11.4243 10.2771 29.5217 17.5533 18.5147 
12.4714 11.2973 10.4577 28.3247 18.3511 19.0978 
13.7829 11.9379 11.5181 25.7976 19.8674 17.096 
13.7596 12.2876 11.2536 26.0856 19.2744 17.3392 
13.53 12.0552 10.5529 26.8359 18.9968 18.0292 
16 16 16 16 16 16 
12.8077 13.2885 12.8077 21.4615 18.0962 19.5385 
12.7419 14.6255 11.3334 23.6416 17.4988 19.1589 
13.4775 13.4041 10.7429 26.7954 17.125 17.9551 
13.0178 13.2137 10.2551 27.3512 18.0974 17.8148 
14.6722 14.0048 10.2296 26.4307 17.9773 16.5604 
16.6044 13.1 9.99286 25.4105 19.4764 15.3534 
14.6797 12.9275 10.0985 27.5012 18.9219 15.84 
14.4153 11.8883 10.0021 29.3166 17.0081 17.3539 
14.4993 13.7566 10.2094 25.5958 17.8791 18.052 
13.1775 12.8062 10.2593 27.4886 17.4447 18.8198 
13.6509 12.3353 10.7794 27.5861 17.1969 18.4494 
14.3399 12.526 11.17 26.5098 17.558 17.8952 
13.1159 13.5603 10.9904 26.4982 18.2385 17.5963 
13.7436 13.0676 11.4832 25.8239 17.8019 18.0796 
13.1876 13.3759 11.0048 25.8067 17.322 19.3029 
12.5938 12.9379 10.5024 27.9034 17.161 18.9015 
13.1752 12.5536 10.5422 26.9146 17.3107 19.5036 
12.869 11.8045 10.2962 27.2764 17.198 20.5558 
12.7797 11.7398 10.2243 28.1052 17.4823 19.6688 
16 16 16 16 16 16 
17.596 14.5657 12.5455 21.1313 17.0909 15.0707 
17.5785 15.0877 11.1508 21.2974 18.0576 15.828 
16.6175 13.857 10.6259 21.5073 19.6349 17.2575 
14.134 14.21 10.1673 22.8896 20.0116 18.3375 
14.7798 13.754 10.4028 22.8809 20.1122 17.9453 
13.8899 13.627 10.2014 24.9405 19.0561 18.2227 
13.2607 13.9188 10.3639 25.8913 17.4228 19.1113 
13.9833 13.0868 10.0839 26.426 17.5349 18.8694 
14.3215 12.5644 10.2775 26.0402 17.4062 19.3823 
14.226 11.9887 10.5736 26.8788 17.3988 18.9303 
13.0938 11.2575 10.0715 30.6643 16.5941 18.3168 
13.1126 11.9419 10.0862 28.4635 17.1354 19.2594 
12.7419 11.8988 10.1978 28.407 16.8151 19.939 
13.629 11.5946 10.4752 27.1067 17.8162 19.3781 
14.1062 11.0056 10.4459 27.095 18.0227 19.3245 
14.3031 12.0028 10.223 27.2975 17.2613 18.9122 
14.6258 12.9602 10.2661 27.5663 17.1358 17.4458 
14.5668 12.6977 10.3144 25.7002 18.4125 18.3084 
13.7834 12.5988 10.1572 26.1001 18.4562 18.9042 
