5 80000 300 266
14 14 14 14 14 14 14 
17.8333 14.9167 16.5833 13.3542 13.9792 11.375 10.9583 
16.3922 14.8113 18.3407 14.7653 16.1808 9.60907 9.40074 
14.6246 15.0247 18.337 17.2636 17.138 8.73311 8.62894 
13.3172 17.0712 18.3597 17.5779 17.0249 8.28812 8.23604 
12.9639 17.1639 20.9055 16.3111 16.3664 8.12636 8.10032 
12.4961 16.8367 20.1226 16.1744 18.4426 7.95469 7.94167 
11.2939 18.2807 20.0383 16.1147 18.5103 7.87643 7.86992 
10.4893 19.0503 17.9021 17.0664 19.7281 7.87966 7.8764 
9.98603 20.1932 19.0803 16.5073 18.377 7.9269 7.92527 
9.42192 21.6351 19.0973 16.6453 17.347 7.92615 7.92534 
9.98569 19.389 18.9992 17.6633 18.1241 7.91912 7.91871 
10.5732 20.8552 18.8746 16.3093 17.6558 7.86581 7.86561 
9.82148 20.5439 19.7861 16.4105 17.6651 7.88639 7.88629 
10.0244 21.6356 18.984 16.6143 16.9007 7.92047 7.92042 
10.2183 22.423 19.0365 17.0924 15.5003 7.86479 7.86476 
9.63349 21.8844 19.495 18.175 15.0587 7.87671 7.8767 
10.2397 20.2697 20.0512 17.8727 15.8808 7.84291 7.8429 
10.0325 20.6152 20.2876 16.5783 16.7832 7.85159 7.85158 
11.4751 21.2207 19.7206 16.1956 15.7413 7.82334 7.82334 
11.565 20.284 18.0188 17.4218 16.9615 7.87438 7.87437 
11.2391 19.1621 18.0295 19.29 16.6099 7.83474 7.83474 
11.3932 18.8189 19.6383 17.9591 16.5036 7.84347 7.84347 
12.2376 19.4981 19.3535 17.1835 15.9015 7.91286 7.91286 
11.5016 17.5242 20.9208 18.4004 15.8455 7.9038 7.9038 
10.6707 17.9154 21.1011 19.7265 14.9021 7.84206 7.84206 
10.9407 18.9353 19.7434 20.1772 14.5138 7.8448 7.8448 
10.2939 19.2323 19.9893 19.3827 15.2569 7.9224 7.9224 
10.0421 19.9891 20.3676 18.8988 14.8546 7.9239 7.9239 
10.4483 20.2717 19.7681 19.7265 14.0093 7.88805 7.88805 
10.0019 19.247 21.7729 19.641 13.4491 7.94402 7.94402 
9.82449 20.3294 20.5335 19.5852 13.7834 7.97201 7.97201 
9.60708 20.8454 19.6564 20.356 13.5818 7.97662 7.97662 
10.0909 19.1583 20.173 21.3274 13.4576 7.89635 7.89635 
10.0228 20.552 18.2313 19.9397 15.4392 7.90745 7.90745 
9.72406 20.1611 19.4605 20.3147 14.6161 7.86177 7.86177 
10.2109 20.4294 18.8 20.0411 14.7499 7.88437 7.88437 
9.97782 20.4235 20.1889 19.8813 13.7555 7.8865 7.8865 
9.54472 21.6013 20.8006 18.7106 13.4837 7.92958 7.92958 
9.81931 20.0729 21.6679 18.0407 14.4883 7.9554 7.9554 
11.0129 19.074 22.2189 18.8795 12.878 7.96831 7.96831 
10.6085 18.4656 23.0993 18.8785 13.0716 7.93824 7.93824 
10.4807 18.7622 21.432 19.5569 13.8299 7.96912 7.96912 
9.51288 20.4666 20.4158 19.8246 13.9588 7.91066 7.91066 
9.81526 20.8215 19.6196 20.5006 13.3324 7.95533 7.95533 
10.4632 19.3754 20.2896 20.3513 13.7369 7.89181 7.89181 
10.6795 17.3148 22.4935 20.2241 13.406 7.94106 7.94106 
10.2122 17.7061 21.1075 21.1329 14.0116 7.91485 7.91485 
9.27275 17.6626 20.9109 22.8284 13.5534 7.88599 7.88599 
9.50573 16.6698 21.6193 22.6968 13.7838 7.86224 7.86224 
10.3219 16.3252 22.0688 21.639 13.7926 7.92628 7.92628 
11.2215 13.8736 23.039 22.7076 13.3066 7.92584 7.92584 
11.2342 14.7607 22.3997 22.8452 13.0103 7.8749 7.8749 
10.2934 15.1741 21.9912 22.8135 13.9392 7.89429 7.89429 
9.6243 15.5473 22.0653 23.3471 13.5616 7.92724 7.92724 
9.9629 14.8088 24.098 22.8544 12.5597 7.85809 7.85809 
10.922 16.1915 23.3114 21.3282 12.468 7.88944 7.88944 
11.4713 14.8733 23.804 21.6615 12.3721 7.90892 7.90892 
12.8435 14.9121 23.1765 21.6151 11.7008 7.87603 7.87603 
11.1053 14.6713 24.7528 21.6936 12.0529 7.86206 7.86206 
11.3408 14.8479 25.0611 21.5611 11.4452 7.87192 7.87192 
11.4493 14.836 25.5959 20.9564 11.5015 7.83043 7.83043 
12.8151 14.1417 23.8004 21.4807 12.1077 7.8272 7.8272 
11.9766 13.2452 24.9753 21.3941 12.5914 7.90876 7.90876 
13.1843 15.0593 21.0484 21.6152 13.2436 7.9246 7.9246 
11.73 16.051 20.9252 21.4592 14.1406 7.84701 7.84701 
11.4206 16.4851 20.8161 22.7246 12.8784 7.83765 7.83765 
10.5103 16.1092 23.4747 23.0956 10.9725 7.91882 7.91882 
9.65612 15.5118 24.3291 23.5282 11.232 7.87139 7.87139 
10.8707 14.8649 23.5389 23.257 11.7771 7.84565 7.84565 
11.6536 13.9045 23.5715 23.3036 11.853 7.85683 7.85683 
12.2044 14.2227 22.6276 23.5141 11.6663 7.8825 7.8825 
10.974 14.9319 24.2625 24.0647 9.93572 7.91561 7.91561 
11.2613 12.9777 24.336 25.5494 10.086 7.89481 7.89481 
11.9614 11.9152 24.4419 25.953 10.0817 7.82338 7.82338 
11.5943 13.1378 24.7536 23.5509 11.3072 7.82814 7.82814 
12.194 12.8352 26.0844 22.611 10.6144 7.83052 7.83052 
11.1772 11.7652 26.2775 25.744 9.4516 7.79226 7.79226 
10.3322 11.6518 26.3439 25.4361 10.495 7.87049 7.87049 
10.3661 11.5592 26.3719 24.5847 11.2475 7.93525 7.93525 
11.0143 12.9757 24.4763 24.079 11.5791 7.93785 7.93785 
11.2252 13.2697 25.1371 23.0767 11.3747 7.95828 7.95828 
11.6072 13.7193 24.8301 22.5738 11.4094 7.9301 7.9301 
12.1748 13.9234 25.573 21.3977 11.2449 7.84316 7.84316 
12.918 13.3825 24.8083 22.1743 10.9503 7.88333 7.88333 
12.8302 12.9239 24.0385 21.7519 12.8159 7.81978 7.81978 
13.1433 13.0583 23.7607 21.9578 12.3446 7.86767 7.86767 
13.505 13.7291 24.4137 20.4456 12.039 7.93384 7.93384 
13.8146 12.7968 24.6362 21.5222 11.3867 7.92172 7.92172 
14.4831 11.7703 25.2658 21.3672 11.203 7.95535 7.95535 
15.9739 12.0823 24.7456 19.8385 11.517 7.92134 7.92134 
17.6944 10.8284 26.7345 18.5629 10.2798 7.95003 7.95003 
16.7043 11.5571 25.5101 20.4243 9.85417 7.97502 7.97502 
16.1953 12.2211 25.3601 20.5763 9.82905 7.90908 7.90908 
15.1379 11.714 26.0421 22.0698 9.36855 7.83385 7.83385 
17.4885 10.6827 27.3642 20.0161 8.83977 7.80432 7.80432 
17.3402 11.072 26.8626 20.0367 9.14768 7.77036 7.77036 
15.8524 12.1658 28.0722 19.5487 8.85561 7.75258 7.75258 
17.6172 13.6672 26.6765 18.0609 8.36039 7.80888 7.80888 
17.0219 12.7414 26.0184 19.6933 8.93524 7.79493 7.79493 
17.3006 11.2698 26.842 19.9331 9.07857 7.78795 7.78795 
16.7898 11.5942 28.5373 18.8328 8.60905 7.8184 7.8184 
16.531 12.0101 26.3988 20.0673 9.18618 7.90328 7.90328 
16.936 10.1958 26.3497 21.5943 9.21737 7.85337 7.85337 
16.1385 10.3536 27.6635 21.3085 8.728 7.90396 7.90396 
16.0327 10.1376 29.4975 20.3148 8.28045 7.86843 7.86843 
16.712 9.88248 29.1898 19.94 8.64333 7.8162 7.8162 
18.3864 8.89261 28.2727 20.4563 8.27303 7.85947 7.85947 
17.244 9.38981 27.2719 21.9513 8.3738 7.88454 7.88454 
17.2323 9.22663 26.778 22.7581 8.26545 7.86976 7.86976 
16.6043 8.75532 28.034 22.3258 8.42267 7.92896 7.92896 
16.8865 8.74513 26.9688 23.5123 8.127 7.88014 7.88014 
17.2421 9.26083 26.6129 21.1137 10.0691 7.85069 7.85069 
18.8194 9.72957 28.179 18.4889 9.00055 7.89135 7.89135 
20.739 9.24545 28.2889 17.5526 8.42777 7.87317 7.87317 
21.0229 8.6 28.6331 17.7252 8.19116 7.91386 7.91386 
20.7316 8.23082 27.8386 19.3972 8.0264 7.88775 7.88775 
22.1036 8.07882 28.2485 17.7779 7.97661 7.90729 7.90729 
23.0888 8.20608 27.8588 17.3766 7.84633 7.81167 7.81167 
23.5444 8.10304 28.8525 15.7652 7.92317 7.90583 7.90583 
24.2722 8.02211 29.5733 13.912 8.37335 7.92351 7.92351 
23.9373 8.35888 29.2276 14.72 8.06866 7.84374 7.84374 
24.1522 8.13514 28.0632 15.9043 7.99003 7.87757 7.87757 
24.321 8.00343 28.3173 15.6781 7.93087 7.87464 7.87464 
22.78 8.57399 27.5805 16.9836 8.24272 7.91962 7.91962 
23.6256 8.21449 28.896 15.4404 8.04885 7.8873 7.8873 
23.9839 8.71251 27.7704 15.7794 7.9718 7.89102 7.89102 
22.7291 8.68318 29.1095 15.7423 8.15256 7.79166 7.79166 
23.4128 9.16087 28.5608 15.2507 7.99194 7.81149 7.81149 
22.3218 8.58043 28.4342 16.8561 7.99597 7.90575 7.90575 
22.8873 8.85048 27.735 16.8971 7.90678 7.86167 7.86167 
21.4755 8.7246 27.8803 18.1619 7.93428 7.91173 7.91173 
20.0936 8.35003 28.0506 19.6638 7.95487 7.94359 7.94359 
22.464 8.31409 28.7604 16.62 7.95095 7.94531 7.94531 
22.1441 8.06584 27.8981 18.2448 7.88427 7.88145 7.88145 
22.4868 7.89144 28.2577 17.8041 7.96143 7.79924 7.79924 
23.0374 8.09854 27.9162 17.2077 7.96742 7.88633 7.88633 
23.1854 8.71594 28.9581 15.2705 7.98371 7.94317 7.94317 
24.8739 8.26422 28.6978 14.5103 7.89811 7.87783 7.87783 
23.3136 8.02821 29.1216 15.5343 8.33217 7.83502 7.83502 
23.5616 7.98236 27.8941 16.6561 8.13434 7.88576 7.88576 
23.3849 8.25739 28.2815 16.3485 7.99208 7.8678 7.8678 
21.1677 8.06456 28.4265 18.6699 7.9319 7.86976 7.86976 
21.6062 8.50512 27.7915 18.2806 7.95956 7.92849 7.92849 
21.6423 8.27354 28.9307 17.7067 7.82593 7.8104 7.8104 
23.0823 8.11766 28.3189 16.8152 7.89386 7.88609 7.88609 
24.6364 8.14046 29.2955 14.36 7.85849 7.85461 7.85461 
24.1643 8.07023 29.2631 14.7184 7.92925 7.92731 7.92731 
24.3044 8.32083 28.4411 15.137 7.93288 7.93191 7.93191 
24.9608 8.4814 28.5724 14.5129 7.82446 7.82398 7.82398 
26.0859 8.15227 29.2522 13.0388 7.8238 7.82355 7.82355 
27.9931 8.06284 28.9118 11.3367 7.89861 7.89849 7.89849 
28.0104 8.01066 28.8158 11.3777 7.92854 7.92848 7.92848 
28.1262 7.89582 29.3935 11.0203 7.85476 7.85473 7.85473 
27.0743 8.40888 30.496 10.5287 7.83073 7.83071 7.83071 
27.5436 8.11323 31.5346 9.33602 7.82416 7.82415 7.82415 
26.7111 8.05023 31.2625 9.62009 8.54467 7.90569 7.90569 
28.2927 7.95593 29.7822 9.99872 8.20315 7.88366 7.88366 
27.845 7.91632 28.9322 11.5062 8.03993 7.88019 7.88019 
28.116 7.82913 29.3048 11.237 7.89093 7.81106 7.81106 
27.0717 8.19539 30.7483 10.2418 8.05506 7.84389 7.84389 
26.5793 7.94385 31.0932 10.9737 7.87368 7.7681 7.7681 
27.6478 8.70165 29.9047 10.3855 7.82198 7.76918 7.76918 
26.5512 9.19931 29.8008 10.6473 8.15341 7.82399 7.82399 
24.8998 8.58055 29.3909 13.2854 8.0576 7.89288 7.89288 
25.9311 8.21519 28.6886 13.298 8.12436 7.87136 7.87136 
25.5809 8.41529 28.3443 13.7259 8.06218 7.93568 7.93568 
25.0421 8.18115 28.245 14.6444 8.0046 7.94135 7.94135 
25.7903 8.89827 29.5071 11.9376 8.04076 8.00914 7.81683 
25.6712 8.55008 30.5264 11.4893 7.9636 7.94779 7.85163 
26.2584 8.30189 30.5317 11.4493 7.84086 7.83295 7.78488 
26.6806 8.04502 28.6615 13.2013 7.81451 7.81056 7.78652 
26.0989 7.98803 28.9859 13.3248 7.87277 7.8708 7.85878 
25.3932 8.05651 30.2742 12.1311 8.46764 7.84165 7.83564 
26.4329 7.87441 29.9723 12.1095 8.07997 7.76698 7.76397 
26.9621 7.8891 31.1373 10.3503 7.99188 7.83538 7.83388 
28.0828 8.51682 30.3179 9.15745 8.12573 7.89999 7.89924 
29.7822 8.11643 29.0479 9.517 7.92089 7.80802 7.80764 
29.448 8.01391 28.2897 10.6129 7.91614 7.85971 7.85952 
28.6481 7.96265 29.8094 9.89507 7.91377 7.88555 7.88546 
28.6098 8.03977 29.6774 10.1423 7.85299 7.83888 7.83883 
28.6361 8.00078 28.8515 10.8037 7.90739 7.90033 7.90031 
29.1665 7.93978 27.9106 11.3109 7.89309 7.88956 7.88955 
28.2775 8.74696 27.968 10.751 8.40514 7.92567 7.92567 
27.7588 8.67456 29.3962 10.2142 8.14522 7.90549 7.90549 
25.8873 9.25854 30.0524 10.8158 8.20647 7.88975 7.88975 
25.6499 8.58966 31.6929 10.1934 8.06363 7.90527 7.90527 
26.798 8.16689 30.1562 11.3256 7.90387 7.82469 7.82469 
27.1174 8.05456 30.0601 11.078 7.92305 7.88346 7.88346 
27.2243 7.8858 30.3033 11.166 7.82005 7.80025 7.80025 
27.2028 7.96975 29.9168 11.6233 7.76908 7.75919 7.75919 
27.9826 7.83103 29.0052 11.9989 7.7307 7.72575 7.72575 
27.7722 7.97912 29.8736 11.1231 7.75227 7.7498 7.7498 
24.4658 7.9026 30.7339 13.5326 7.78918 7.78794 7.78794 
24.5786 7.80933 28.9472 15.4083 7.75261 7.752 7.752 
25.3961 7.78816 27.5804 15.9566 7.7598 7.75949 7.75949 
24.4372 7.80712 29.0076 15.3696 7.79294 7.79279 7.79279 
24.4408 7.79245 28.9482 15.4626 7.78536 7.78528 7.78528 
24.6376 7.86974 28.547 15.3472 7.86619 7.86615 7.86615 
26.7633 7.90312 26.8132 14.8164 7.90135 7.90133 7.90133 
22.6409 8.49702 28.7264 16.3308 8.15943 7.82272 7.82272 
23.5753 8.17008 27.5985 16.9889 8.00128 7.83293 7.83293 
23.9139 8.07175 28.5833 15.6373 7.98735 7.90317 7.90317 
23.4275 8.00646 28.5564 16.201 7.96426 7.92218 7.92218 
25.6027 7.9248 28.4939 14.3097 7.9037 7.88266 7.88266 
26.2961 7.94164 28.6068 13.3832 7.93109 7.92057 7.92057 
26.333 8.25164 29.0294 12.6848 7.9039 7.89864 7.89864 
26.9122 8.07771 29.2913 12.0125 7.90384 7.90121 7.90121 
27.925 7.88501 29.1145 11.6839 7.79807 7.79676 7.79676 
27.3645 8.7535 28.1312 12.1993 7.85093 7.85027 7.85027 
26.6823 8.37675 29.0656 12.0997 7.92546 7.92513 7.92513 
26.4899 8.16761 27.6816 13.8353 7.94197 7.94181 7.94181 
26.9668 8.40712 28.3145 12.5567 7.91835 7.91827 7.91827 
26.9019 8.19717 27.5758 13.4669 7.95279 7.95275 7.95275 
28.8896 8.13367 28.7002 10.7685 7.83604 7.83602 7.83602 
26.9902 8.43047 29.6228 11.2024 7.91802 7.91801 7.91801 
26.2252 8.35634 29.8421 11.7362 7.94674 7.94674 7.94674 
26.4243 8.07427 29.6938 12.1993 7.86947 7.86947 7.86947 
26.5695 8.00826 30.3703 11.3343 7.90586 7.90585 7.90585 
26.2421 7.96754 29.5144 12.5269 7.91634 7.91634 7.91634 
27.7815 7.8418 28.1831 12.7449 7.8162 7.8162 7.8162 
28.0287 7.88642 29.6088 10.8552 7.87362 7.87362 7.87362 
26.4679 7.84655 30.7895 11.3756 7.84015 7.84015 7.84015 
25.6608 8.89404 31.1842 10.6585 7.86745 7.86745 7.86745 
26.7024 8.41043 28.8543 12.3415 7.89714 7.89714 7.89714 
24.9214 8.54406 30.9561 11.336 8.0808 8.0808 8.0808 
23.6676 8.40996 31.6849 12.2197 8.00592 8.00592 8.00592 
23.385 8.16538 29.8689 14.6907 7.96335 7.96335 7.96335 
24.3154 8.01711 28.8689 15.0503 7.9161 7.9161 7.9161 
22.7405 9.37666 28.6982 14.8871 8.4059 7.94578 7.94578 
22.428 8.53448 28.6119 16.7384 8.04911 7.81904 7.81904 
24.1392 8.17881 27.5713 16.5325 7.93612 7.82109 7.82109 
24.5217 9.07025 29.686 13.4387 7.79948 7.74196 7.74196 
25.2238 8.52373 30.3701 12.2749 7.88834 7.85958 7.85958 
26.5463 8.19629 28.9555 12.6948 7.8786 7.86422 7.86422 
25.9716 8.38386 28.6047 13.3315 7.90755 7.90036 7.90036 
25.1396 8.34578 28.3024 14.3581 7.95378 7.95018 7.95018 
25.3249 8.25452 29.2872 13.4716 7.88845 7.88666 7.88666 
23.8694 8.09278 29.4712 14.8392 7.90974 7.90884 7.90884 
23.4101 8.14475 30.3094 14.4688 7.8893 7.88885 7.88885 
25.0274 8.01974 28.4771 14.8002 7.89202 7.89179 7.89179 
25.5856 7.93144 27.6372 15.2432 7.86758 7.86747 7.86747 
25.2928 8.51117 29.3489 13.114 7.91106 7.91101 7.91101 
25.6522 8.15732 29.1253 13.4934 7.85726 7.85724 7.85724 
23.758 8.37974 30.6917 13.1983 8.22971 7.87127 7.87127 
24.8548 8.51513 31.0898 11.6165 8.09409 7.91487 7.91487 
25.3413 8.72776 28.7899 13.2586 8.02056 7.93095 7.93095 
24.8615 8.42749 28.8826 14.2265 7.8972 7.8524 7.8524 
24.8457 8.29538 28.5569 14.7663 7.86017 7.83776 7.83776 
25.5326 8.26354 27.3882 15.0051 8.04594 7.8823 7.8823 
24.1138 8.919 29.4743 13.8855 7.92368 7.84186 7.84186 
25.0137 8.77844 28.6906 13.7534 7.94855 7.90764 7.90764 
25.0069 8.44327 29.548 13.4645 7.85941 7.83896 7.83896 
25.7342 8.22164 28.3125 13.963 7.92971 7.91948 7.91948 
26.2692 8.06271 28.9329 12.9953 7.91674 7.91163 7.91163 
25.9253 8.01807 27.9216 14.3049 7.94508 7.94253 7.94253 
27.1602 8.9473 28.1583 12.2451 7.83057 7.82929 7.82929 
28.2059 8.38522 29.2152 10.7144 7.82685 7.82621 7.82621 
27.723 8.49368 29.4822 10.7335 7.85608 7.85576 7.85576 
27.8938 9.08555 28.612 11.0119 7.79901 7.79885 7.79885 
27.3527 8.8906 29.8857 10.2161 7.88501 7.88493 7.88493 
26.2763 8.4453 31.3429 10.1081 7.94251 7.94247 7.94247 
26.7288 8.2495 30.9399 10.5909 7.83031 7.83029 7.83029 
28.3052 8.11883 28.4877 11.3606 7.90924 7.90923 7.90923 
25.7805 8.32298 31.6857 10.719 7.83059 7.83058 7.83058 
25.9128 8.02001 30.4731 12.1119 7.93459 7.77381 7.77381 
25.3417 8.59716 29.7625 12.6309 7.94283 7.86244 7.86244 
14 14 14 14 14 14 14 
14.7528 13.8539 17.2247 15.6517 15.6517 10.9326 10.9326 
15.1889 13.9582 19.9963 16.4196 15.1919 9.37254 9.37254 
15.8695 15.7204 18.2732 17.0676 15.5214 8.64898 8.64898 
14.0188 16.3779 18.9817 16.7196 17.1633 8.30679 8.30679 
12.4148 16.7475 19.626 19.058 15.9015 8.09484 8.09484 
11.0775 16.5989 20.6355 19.5939 16.1759 7.94352 7.94352 
12.2893 16.3086 20.0432 19.1791 16.4403 7.86192 7.86192 
11.9307 18.6346 19.0827 19.1965 15.4254 7.86109 7.86109 
11.217 18.3983 21.2481 19.3357 14.0584 7.86928 7.86928 
12.4578 16.8475 22.1538 19.8277 12.8511 7.93007 7.93007 
12.3209 16.9295 21.4217 19.4541 14.1267 7.87308 7.87308 
12.3376 16.8564 20.7342 19.1676 15.1053 7.89924 7.89924 
12.0058 17.3489 19.0675 19.716 16.0328 7.91438 7.91438 
11.9714 19.4853 18.4302 18.4165 15.8993 7.89863 7.89863 
10.7261 20.2392 17.4544 20.1563 15.6246 7.89965 7.89965 
9.99058 19.8262 20.0139 19.559 14.81 7.90017 7.90017 
10.2107 19.8904 20.211 20.5505 13.3007 7.91834 7.91834 
10.3626 18.8937 19.9489 20.7898 14.2566 7.87416 7.87416 
10.2603 17.4604 19.9067 21.343 15.2547 7.88742 7.88742 
9.67561 16.1166 21.0897 22.2624 15.0137 7.92098 7.92098 
10.2224 17.6187 19.5559 21.351 15.4189 7.91653 7.91653 
9.52982 17.9954 21.5221 20.0941 15.0351 7.91176 7.91176 
8.67486 17.41 22.9648 20.1181 15.1005 7.86583 7.86583 
10.1569 17.8499 22.4088 19.204 14.6761 7.85216 7.85216 
10.7306 18.0554 22.5087 18.8411 14.1859 7.83912 7.83912 
11.4573 17.7633 22.2889 18.9608 13.8746 7.82761 7.82761 
10.4435 17.4343 21.89 20.555 13.9548 7.86117 7.86117 
9.49144 18.2677 20.4956 22.0752 13.9437 7.86317 7.86317 
9.48013 18.0253 21.5642 21.3148 13.9003 7.85768 7.85768 
9.50751 19.2452 22.6426 20.7737 12.0664 7.88233 7.88233 
9.24937 18.7235 21.9572 22.1193 12.1736 7.88853 7.88853 
10.4599 18.0574 21.6194 20.213 13.9815 7.83443 7.83443 
9.37743 19.9734 20.6023 21.2816 13.0967 7.83426 7.83426 
8.65697 20.0774 19.4848 22.9991 13.011 7.88539 7.88539 
9.00474 20.2305 19.0949 21.9312 13.9395 7.89953 7.89953 
10.018 18.8683 20.6985 20.3181 14.2839 7.9066 7.9066 
8.90192 20.383 19.2301 19.8914 15.9011 7.84624 7.84624 
8.4013 20.3495 19.0958 20.7809 15.6255 7.87346 7.87346 
8.78678 19.4589 19.615 21.1287 15.3071 7.85172 7.85172 
8.599 19.3089 19.8542 20.8447 15.5975 7.89782 7.89782 
8.35042 19.1452 21.2697 19.5659 15.9006 7.8841 7.8841 
8.09898 18.5412 23.8636 18.9758 14.7889 7.86581 7.86581 
7.97559 16.43 25.7886 19.5341 14.5538 7.859 7.859 
8.5116 17.3816 22.8943 20.7194 14.7769 7.85807 7.85807 
10.166 16.6104 22.3219 21.589 13.6532 7.82975 7.82975 
10.708 15.6802 21.4109 21.5445 14.8266 7.91487 7.91487 
11.354 15.6048 20.9408 22.0664 14.1192 7.95744 7.95744 
11.2326 16.1357 20.253 21.782 14.6683 7.96423 7.96423 
10.5459 15.9317 22.0983 20.7501 14.7285 7.97272 7.97272 
9.73302 16.4166 21.6125 21.8774 14.4065 7.97697 7.97697 
10.21 15.8419 23.4017 21.4985 13.1829 7.93251 7.93251 
10.2145 15.3419 22.0415 21.5765 15.1073 7.8592 7.8592 
9.88666 15.8817 23.0305 22.1853 13.3134 7.85117 7.85117 
9.72274 14.6811 23.0349 24.3279 12.5391 7.84715 7.84715 
10.0577 14.9618 22.6029 23.134 13.5444 7.84967 7.84967 
10.6398 14.5881 22.5234 23.7864 12.6325 7.91486 7.91486 
10.3199 15.0441 23.1367 22.5182 13.0663 7.95743 7.95743 
9.81682 15.3652 24.0683 22.6562 12.2929 7.90028 7.90028 
9.75535 16.101 23.2587 22.1699 12.9067 7.90422 7.90422 
10.827 15.772 25.8065 20.9584 10.8837 7.87616 7.87616 
10.7618 16.4681 24.8436 21.0513 11.0389 7.91818 7.91818 
11.5167 15.5447 23.2573 22.1445 11.7858 7.87554 7.87554 
11.4094 15.0205 23.0537 21.883 12.8953 7.86897 7.86897 
10.9156 14.21 23.9338 22.7281 12.403 7.90471 7.90471 
11.0688 13.2147 25.1839 23.4588 11.189 7.94238 7.94238 
12.5236 13.4622 23.8823 23.0197 11.3741 7.86904 7.86904 
12.5591 13.1543 24.2837 22.3411 11.9843 7.8388 7.8388 
12.2055 13.1203 23.3764 23.2693 12.2884 7.87002 7.87002 
11.8099 13.0118 23.847 23.9175 11.6033 7.90523 7.90523 
11.155 14.5059 24.2985 22.5838 11.5516 7.95262 7.95262 
11.7471 14.3224 24.103 22.6029 11.3028 7.96088 7.96088 
11.6576 15.1303 24.5194 22.2269 10.5357 7.96502 7.96502 
10.6634 15.4532 24.6006 22.9455 10.4841 7.92653 7.92653 
10.5878 15.5433 24.1602 23.3326 10.6329 7.87162 7.87162 
10.1408 15.4247 22.6668 24.549 11.4389 7.88989 7.88989 
11.2401 12.7252 23.8013 24.9994 11.375 7.92952 7.92952 
10.9035 12.677 25.4316 24.6131 10.4555 7.95961 7.95961 
10.6874 11.8359 26.721 24.0867 10.856 7.9065 7.9065 
10.8382 12.5114 27.5089 23.0323 10.2357 7.93677 7.93677 
10.2708 11.5117 27.2315 24.7237 10.5087 7.87674 7.87674 
11.8294 10.4007 26.4573 26.2963 9.21609 7.90012 7.90012 
11.3094 10.9898 26.1234 25.6481 10.1344 7.89743 7.89743 
11.381 9.68485 26.7488 26.2319 10.2348 7.85933 7.85933 
10.8629 10.2801 27.3002 25.9807 9.7593 7.90844 7.90844 
10.812 11.833 25.986 25.9825 9.60406 7.89123 7.89123 
10.3925 11.7116 26.7396 26.064 9.38424 7.85397 7.85397 
10.7372 11.9244 25.507 26.4885 9.57339 7.88477 7.88477 
11.5862 11.1436 25.8364 25.9385 9.83851 7.82839 7.82839 
12.5158 10.8939 25.9434 26.1345 8.84082 7.83577 7.83577 
12.7223 11.3836 24.8451 25.3364 9.96131 7.87567 7.87567 
12.1783 11.3705 25.3034 25.1336 10.3823 7.81595 7.81595 
14.0344 11.1647 26.7613 22.5668 9.71171 7.88058 7.88058 
12.5727 10.3046 27.4084 23.0889 10.967 7.82918 7.82918 
11.8419 10.569 27.0375 23.9056 11.039 7.80348 7.80348 
12.5971 9.54584 28.2915 23.0323 10.7752 7.87901 7.87901 
12.6954 10.517 27.07 23.5266 10.479 7.85595 7.85595 
13.6334 11.5442 27.3922 21.3347 10.2395 7.92798 7.92798 
13.407 10.2134 27.8795 23.5614 9.27447 7.83218 7.83218 
12.4781 11.0222 28.4468 23.7525 8.5809 7.85975 7.85975 
13.6186 9.87856 27.627 24.2257 8.95912 7.84554 7.84554 
13.3122 8.98552 27.9754 24.6851 9.39286 7.8245 7.8245 
13.3421 8.56253 26.197 25.86 10.365 7.83667 7.83667 
12.6234 8.77862 27.1197 26.4221 9.28305 7.88659 7.88659 
12.9685 8.38339 29.832 24.3057 8.63561 7.93738 7.93738 
14.1212 8.80265 28.7489 24.2566 8.35238 7.85918 7.85918 
15.5376 8.28063 29.317 23.0478 8.19918 7.8089 7.8089 
15.45 8.05336 28.4266 24.2775 8.15756 7.81749 7.81749 
14.8678 9.88382 27.6419 23.7102 8.07878 7.90875 7.90875 
14.8901 10.4975 28.4408 22.2352 8.13296 7.90174 7.90174 
13.9857 9.46385 29.1913 23.6176 7.9909 7.87529 7.87529 
13.7002 9.00022 28.3152 25.2234 7.95886 7.90106 7.90106 
14.0147 8.46352 28.4869 25.1117 8.09529 7.91394 7.91394 
12.9954 8.12398 29.6626 25.5798 7.93986 7.84919 7.84919 
13.5336 8.70271 28.9032 25.3648 7.86214 7.81681 7.81681 
14.5889 8.49246 29.3289 23.8787 7.9188 7.89613 7.89613 
13.6504 8.20103 28.6475 25.7812 7.9142 7.90287 7.90287 
13.4154 7.96871 28.5071 26.6442 7.8253 7.81963 7.81963 
14.9899 8.27883 29.1309 23.9049 7.90038 7.89754 7.89754 
15.8283 8.15727 28.5535 24.006 7.81924 7.81782 7.81782 
17.3569 8.7226 27.5895 22.5293 8.24398 7.77888 7.77888 
17.7261 8.80574 29.0328 20.471 8.24898 7.85769 7.85769 
18.3107 9.05403 28.6152 20.2646 8.04891 7.85327 7.85327 
17.6763 9.1894 27.9732 21.0648 8.52606 7.78515 7.78515 
17.727 8.56295 27.9549 21.6435 8.39001 7.86083 7.86083 
19.2195 8.97403 28.0551 20.045 8.0785 7.81391 7.81391 
19.6401 10.566 28.6172 17.0134 8.44655 7.85832 7.85832 
18.2082 9.72381 28.6178 19.5264 8.17064 7.87653 7.87653 
19.1624 9.6724 28.7404 18.6553 8.02118 7.87413 7.87413 
20.6242 9.13068 28.634 17.7633 7.99832 7.92479 7.92479 
21.2993 9.02394 28.9667 16.8434 7.98005 7.94329 7.94329 
22.8332 8.46767 27.1416 17.7571 7.94572 7.92734 7.92734 
20.9911 8.64113 27.4006 19.2129 7.92423 7.91504 7.91504 
21.7568 8.52477 28.5652 17.2641 8.16632 7.86142 7.86142 
23.2967 8.18395 28.8251 15.985 8.00473 7.85228 7.85228 
23.7062 7.9505 28.882 16.0311 7.86088 7.78466 7.78466 
24.237 8.46441 28.2181 15.7555 7.80041 7.7623 7.7623 
23.9197 8.11419 30.1028 14.5548 7.78219 7.76314 7.76314 
22.8659 8.08394 30.3199 15.4989 7.75016 7.74063 7.74063 
23.933 8.50626 28.7314 15.428 7.80365 7.79889 7.79889 
25.0028 8.70857 28.3921 14.3147 7.86222 7.85984 7.85984 
26.4158 8.32982 28.5691 12.9677 7.90665 7.90545 7.90545 
26.3745 8.33158 29.7846 11.4839 8.11999 7.95273 7.95273 
25.8517 8.11316 30.3528 11.663 8.17184 7.92373 7.92373 
26.2386 7.92655 29.7275 12.4878 7.95589 7.83184 7.83184 
25.3415 7.93153 29.1495 13.228 8.58112 7.88417 7.88417 
25.6216 7.90019 28.6731 13.8271 8.22499 7.87651 7.87651 
26.9587 7.80862 28.4845 13.1837 7.97101 7.79678 7.79678 
25.406 8.95018 28.7682 13.1668 7.96104 7.87392 7.87392 
24.6225 8.34506 29.7092 13.8589 7.85049 7.80693 7.80693 
27.2463 8.06863 28.491 12.7736 7.82135 7.79957 7.79957 
25.8145 8.04666 28.5973 14.2572 7.7687 7.75781 7.75781 
24.2248 8.07739 28.8257 15.5745 7.76948 7.76404 7.76404 
26.5819 7.89721 28.0784 14.2181 7.74326 7.74054 7.74054 
25.9035 8.67834 28.0032 12.064 8.37614 8.6 8.37477 
26.1737 9.65832 27.5274 12.111 8.13944 8.25137 8.13876 
26.0376 8.76358 27.0424 14.0883 8.00414 8.06011 8.0038 
26.8898 8.25276 27.5535 13.6571 7.87304 7.90102 7.87287 
26.3628 8.07775 29.1263 12.4516 8.19184 7.90188 7.8878 
26.3663 7.97723 29.6316 12.219 8.03428 7.8893 7.88226 
26.8818 7.92697 30.9117 10.5615 7.95549 7.883 7.87948 
27.3728 7.83345 30.4713 10.8535 7.84772 7.81147 7.80971 
26.3144 8.52424 30.9353 10.7169 7.84877 7.83065 7.82977 
28.4905 8.26212 29.301 10.1918 7.92439 7.91533 7.91489 
26.2018 8.11657 30.9548 10.893 7.9477 7.94317 7.94295 
27.0649 7.96219 30.7927 10.5516 7.87775 7.87549 7.87538 
28.784 7.91191 28.7611 10.9362 7.86969 7.86856 7.86851 
26.7026 7.93323 30.6685 10.9605 7.91212 7.91155 7.91153 
22.8908 7.91398 32.604 12.8816 7.90343 7.90315 7.90313 
24.8639 7.9506 29.2413 14.1085 7.94532 7.94518 7.94518 
24.8893 7.90022 29.979 13.5389 7.89758 7.89751 7.8975 
24.9829 8.23145 29.0568 13.6502 8.23013 7.92429 7.92429 
25.2033 8.01403 29.6131 13.4353 8.01337 7.86045 7.86045 
26.0568 7.99373 29.7567 12.3655 7.9934 7.91694 7.91694 
25.9655 7.84302 31.3119 11.4275 7.84285 7.80462 7.80462 
26.8716 7.84308 30.0351 11.7595 7.84299 7.82388 7.82388 
27.8876 7.90825 28.971 11.5276 7.90821 7.89865 7.89865 
27.0524 7.88671 28.3432 13.0672 7.88669 7.88191 7.88191 
27.2877 8.07179 28.3918 12.4969 7.91888 7.91649 7.91649 
27.9783 8.47276 28.8717 11.0266 7.88435 7.88316 7.88316 
28.8406 8.19677 28.9573 10.2988 7.90257 7.90198 7.90198 
27.5044 8.14823 30.678 10.1338 7.84537 7.84507 7.84507 
26.9189 8.07412 31.1723 10.0669 7.92268 7.92253 7.92253 
28.3663 7.91905 29.5613 10.6235 7.84333 7.84325 7.84325 
28.9741 7.81804 28.7678 11.0995 7.78019 7.78015 7.78015 
27.3852 9.00456 28.0782 11.9192 7.87098 7.87097 7.87097 
28.6078 8.40059 29.4628 10.0274 7.8338 7.83379 7.83379 
29.3701 8.1738 28.4731 10.3117 7.89041 7.8904 7.8904 
27.1475 8.29111 29.702 11.312 7.84911 7.84911 7.84911 
26.9071 8.11381 28.6605 12.6401 7.89281 7.89281 7.89281 
28.339 8.25538 28.2616 11.0911 8.52656 7.7632 7.7632 
27.5161 8.51016 29.071 10.1272 9.04415 7.86566 7.86566 
26.4317 8.42175 30.3341 10.4455 8.51513 7.92589 7.92589 
27.3184 8.05703 27.9876 12.9151 8.10372 7.8091 7.8091 
25.9197 8.0515 28.9363 13.3541 8.26642 7.73597 7.73597 
26.0623 8.09202 28.6248 13.6048 8.04887 7.78365 7.78365 
25.2034 9.10219 29.6682 12.2331 8.14429 7.82441 7.82441 
26.4631 8.51149 27.7054 13.5423 8.03254 7.8726 7.8726 
26.4846 8.17141 28.4611 13.247 7.93193 7.85196 7.85196 
26.6443 8.03759 28.6636 12.9809 7.91786 7.87787 7.87787 
26.6315 8.15549 30.1591 11.3466 7.91576 7.89577 7.89577 
26.4737 7.94771 31.0238 11.0912 7.82785 7.81785 7.81785 
26.4767 7.86794 29.3748 12.8665 7.80801 7.80301 7.80301 
26.8272 7.76672 28.7989 13.4019 7.73676 7.73426 7.73426 
26.2849 7.84376 29.0859 13.3016 7.82877 7.82752 7.82752 
26.7207 8.23498 29.3992 11.9224 7.908 7.90737 7.90737 
25.7787 8.03906 29.5689 12.9873 7.87557 7.87525 7.87525 
25.2249 8.13137 28.2713 14.7173 7.88515 7.885 7.885 
23.8823 8.51013 28.1039 15.4539 8.22829 7.91075 7.91075 
23.0707 8.24178 28.836 15.8665 8.10086 7.94209 7.94209 
23.873 8.17933 29.1907 15.0761 7.94653 7.86715 7.86715 
26.9036 8.03703 28.7401 12.6367 7.92063 7.88094 7.88094 
26.5905 7.85063 29.6985 12.3403 7.97492 7.77259 7.77259 
27.0137 7.89644 29.4702 11.9463 7.95858 7.85741 7.85741 
27.5419 7.80787 29.8228 11.4117 7.83894 7.78836 7.78836 
27.4346 8.40844 30.0766 10.6608 7.82337 7.79808 7.79808 
28.9632 8.13865 28.8088 10.5763 7.84611 7.83347 7.83347 
28.4748 8.16489 29.2508 10.5783 7.84797 7.84165 7.84165 
27.9527 8.42272 30.5976 9.28219 7.91704 7.91388 7.91388 
26.9588 8.07101 32.6672 8.85162 7.81817 7.81659 7.81659 
28.4 8.00376 31.0955 8.87025 7.87734 7.87655 7.87655 
27.1393 7.99549 32.0014 9.06771 7.93228 7.93188 7.93188 
27.4416 7.96116 29.8727 10.9363 7.92955 7.92936 7.92936 
28.4061 8.00156 29.9713 10.1884 7.81093 7.81083 7.81083 
28.2876 7.87402 30.1265 10.3759 7.7787 7.77866 7.77866 
28.1736 7.81761 30.2871 10.4118 7.76995 7.76992 7.76992 
27.8452 7.76786 31.0832 10.0717 7.74404 7.74402 7.74402 
28.107 8.13925 30.7898 9.64577 7.77273 7.77272 7.77272 
26.5908 7.95022 30.9173 11.2408 7.76696 7.76696 7.76696 
27.2039 8.02441 28.6629 12.8387 7.75672 7.75672 7.75672 
26.4309 7.95957 30.1209 12.0115 7.82573 7.82573 7.82573 
28.4192 7.89828 28.8536 11.3349 7.83136 7.83136 7.83136 
27.5109 7.79529 29.8114 11.5969 7.76183 7.76183 7.76183 
28.6905 7.79375 28.3797 11.805 7.77702 7.77702 7.77702 
28.7782 7.84877 29.1383 10.7135 7.8404 7.8404 7.8404 
27.9405 7.97423 29.834 10.8085 7.81428 7.81428 7.81428 
25.6369 7.98711 29.5836 13.0709 7.90714 7.90714 7.90714 
27.202 7.93191 28.4905 12.6998 7.89193 7.89193 7.89193 
26.8142 7.86986 28.059 13.7073 7.84987 7.84987 7.84987 
25.7601 8.24866 29.7158 11.9517 8.43474 7.8465 8.04258 
24.9423 8.59904 32.3676 10.256 8.10842 7.8143 7.91234 
25.2162 8.87468 32.1969 10.03 7.97578 7.82872 7.87774 
26.6858 8.32084 30.0143 11.4875 7.87138 7.79785 7.82236 
26.3497 8.04555 29.5342 12.6694 7.82083 7.78406 7.79632 
27.2688 8.04962 28.3577 13.0461 7.76947 7.75109 7.75722 
27.3392 7.94047 29.0885 12.2459 7.8004 7.79121 7.79427 
26.268 9.08835 29.7017 11.2411 8.03406 7.83261 7.83414 
26.026 8.37693 31.2272 10.6728 8.19821 7.74906 7.74982 
27.3635 8.11596 30.1151 10.7745 8.0266 7.80202 7.8024 
29.0663 7.90413 29.1601 10.5154 7.85945 7.74716 7.74736 
29.398 7.8372 29.276 10.1564 7.81486 7.75872 7.75881 
25.8101 7.79065 32.3148 10.1287 8.45289 7.75141 7.75146 
25.2054 7.88894 30.8539 11.9334 8.3798 7.86932 7.86934 
26.1063 7.95907 32.2153 9.98128 8.02202 7.94926 7.76679 
27.509 7.8911 31.0736 9.92261 7.92257 7.88619 7.79496 
27.1999 8.14723 29.5424 11.5439 7.88285 7.86467 7.81905 
26.5194 7.93268 29.8719 12.3156 7.80049 7.79139 7.76858 
27.7648 7.89125 28.2465 12.6424 7.82516 7.82061 7.80921 
26.2743 8.26839 28.9648 13.0936 7.80307 7.8008 7.79509 
25.4828 7.99222 28.8342 14.4171 7.75956 7.75842 7.75557 
25.373 7.85576 30.2066 13.3489 7.73943 7.73886 7.73743 
25.8285 8.30854 29.9069 12.5657 7.79721 7.79692 7.79621 
25.0937 8.32094 30.3381 13.0136 7.74476 7.74462 7.74426 
25.7048 8.10784 29.6427 13.0858 7.81975 7.81968 7.8195 
24.6945 8.43988 30.8301 11.1481 8.29584 8.2958 8.29571 
26.2027 8.1356 29.4211 12.05 8.06358 8.06356 8.06352 
27.0939 7.98571 29.8225 11.2489 7.9497 7.94969 7.94967 
14 14 14 14 14 14 14 
14.7007 13.9414 15.7852 17.0868 15.6768 10.9046 10.9046 
14.5421 14.9616 17.1392 17.2192 16.7425 9.44771 9.44771 
11.9301 15.549 17.4332 19.405 18.0303 8.70113 8.70113 
10.8262 17.1495 19.249 18.1516 17.9272 8.28575 8.28575 
11.0975 18.0875 18.0932 17.3125 19.1724 8.08719 8.08719 
10.2999 18.3198 19.3407 15.6698 20.3328 8.00287 8.00287 
11.1402 17.8396 20.0616 15.4144 19.7019 7.91342 7.91342 
12.4031 17.5966 20.6598 15.4078 18.2023 7.86126 7.86126 
12.5089 18.89 20.4217 16.3048 16.2113 7.82971 7.82971 
11.6372 20.2106 20.4979 16.5256 15.4023 7.86223 7.86223 
11.3374 19.8183 19.7412 18.1966 15.0963 7.90462 7.90462 
12.9746 19.384 20.1446 17.4316 14.1691 7.94775 7.94775 
12.7802 18.0444 20.4842 17.6403 15.3226 7.86403 7.86403 
13.8614 17.2981 22.0812 16.9811 14.0981 7.84006 7.84006 
12.2235 18.3337 21.0631 18.4004 14.2562 7.86147 7.86147 
10.8953 17.5951 20.5543 20.362 14.7591 7.91707 7.91707 
11.091 19.407 19.9837 20.0004 13.7001 7.90887 7.90887 
11.6776 18.7837 20.9588 19.0804 13.8076 7.84595 7.84595 
11.7828 18.8324 18.1717 19.6801 15.7616 7.88568 7.88568 
11.3739 17.0916 19.1736 19.8181 16.7624 7.89021 7.89021 
12.1938 16.1942 20.0891 19.8406 15.8013 7.94054 7.94054 
10.6527 15.3864 19.0423 20.5125 18.4929 7.9566 7.9566 
10.3377 16.3492 19.2022 19.0262 19.1553 7.96463 7.96463 
10.2942 17.1723 19.6239 18.283 18.6893 7.96865 7.96865 
10.7026 16.1825 20.4695 18.4386 18.3016 7.95258 7.95258 
10.0493 16.4805 19.9663 17.9441 19.7772 7.89128 7.89128 
10.2451 16.3609 20.888 18.9489 17.7772 7.88995 7.88995 
11.3302 16.6455 19.3605 19.0681 17.8051 7.89532 7.89532 
11.9293 15.0426 21.1837 18.304 17.6725 7.93399 7.93399 
13.1417 14.8179 21.9555 16.9271 17.3291 7.91436 7.91436 
13.5802 16.6379 20.2067 16.6411 17.0757 7.92914 7.92914 
12.1219 18.7455 18.7526 17.0883 17.5426 7.87452 7.87452 
11.7852 19.5363 18.4885 17.189 17.1825 7.90923 7.90923 
11.3705 20.2577 18.3351 17.1027 17.0994 7.91732 7.91732 
11.3174 20.9334 18.248 16.3674 17.4003 7.8667 7.8667 
11.2942 19.5794 19.4358 17.1765 16.7337 7.89019 7.89019 
10.8507 19.8576 18.5414 18.0905 16.851 7.90437 7.90437 
11.1765 20.6095 19.482 18.787 14.0593 7.94279 7.94279 
10.6226 20.9455 19.0087 19.1189 14.5811 7.86156 7.86156 
9.25274 20.27 20.0899 20.0324 14.6104 7.87222 7.87222 
9.29607 19.1327 20.7511 20.6085 14.3667 7.92244 7.92244 
9.84434 18.1114 20.7682 20.235 15.2665 7.88732 7.88732 
8.88852 19.2721 21.8024 19.6127 14.6044 7.91001 7.91001 
8.46317 21.5746 20.7121 21.5085 12.0303 7.85571 7.85571 
8.72036 20.7623 21.578 21.3527 11.7508 7.91788 7.91788 
9.45277 21.2608 21.0899 20.3986 12.0097 7.89413 7.89413 
9.39469 21.6869 21.1101 19.6588 12.393 7.87827 7.87827 
11.2244 21.3114 20.0378 18.8195 12.8468 7.88002 7.88002 
11.2372 21.1557 19.2689 18.7848 13.6734 7.94001 7.94001 
10.8349 20.6287 18.1586 19.9522 14.5975 7.91403 7.91403 
10.2033 18.7527 19.2808 20.0517 15.9889 7.86129 7.86129 
10.2614 19.5729 18.977 19.6081 15.8569 7.86185 7.86185 
10.096 17.9851 20.2275 19.6193 16.358 7.85702 7.85702 
10.06 16.7491 19.183 19.7142 18.5609 7.86646 7.86646 
11.4309 18.1572 19.2533 19.6397 15.6814 7.91874 7.91874 
10.2277 16.2737 21.4559 20.9174 15.4017 7.86181 7.86181 
10.955 15.8471 21.4756 20.155 15.7616 7.90287 7.90287 
10.2686 15.0489 22.7771 20.7654 15.3746 7.88264 7.88264 
11.0602 16.043 23.117 20.5062 13.4898 7.89194 7.89194 
11.6878 16.519 22.5191 19.7358 13.7646 7.88685 7.88685 
12.0786 18.8952 20.6727 19.2811 13.3615 7.85541 7.85541 
11.5531 18.0942 21.2386 19.1644 14.3249 7.81242 7.81242 
12.9377 17.9985 23.1513 17.3827 12.789 7.8704 7.8704 
13.2528 17.1651 22.8822 18.7416 12.299 7.82967 7.82967 
12.8453 17.1646 21.8888 19.1967 13.1147 7.89494 7.89494 
12.0599 19.1215 21.116 19.5248 12.4397 7.86904 7.86904 
11.9413 19.9056 22.2575 17.8905 12.2543 7.87541 7.87541 
11.0727 17.7334 25.1594 17.1085 13.1425 7.89178 7.89178 
12.4917 16.2158 23.997 19.4466 12.083 7.8829 7.8829 
11.7253 16.3271 23.3684 22.0521 10.6991 7.91405 7.91405 
11.5474 16.6907 24.0873 20.9744 11.0343 7.833 7.833 
11.4776 16.355 24.1796 20.9241 11.4637 7.79999 7.79999 
11.4018 16.4648 24.3826 21.0974 11.1186 7.7674 7.7674 
12.3498 15.8122 23.7604 21.8519 10.4795 7.87306 7.87306 
12.8587 15.3611 23.1913 23.0082 9.73847 7.92111 7.92111 
12.1172 14.6911 24.1618 23.5411 9.63114 7.92881 7.92881 
12.011 15.2821 22.9274 23.4108 10.5034 7.93266 7.93266 
11.795 14.8779 23.8321 24.4685 9.19907 7.9137 7.9137 
12.0817 13.2284 24.4161 25.129 9.33638 7.90422 7.90422 
11.0841 14.8275 23.8795 23.9478 10.576 7.8426 7.8426 
11.2563 14.2968 24.9268 23.0129 10.8724 7.8174 7.8174 
10.9059 14.7873 24.13 23.5898 10.9918 7.79759 7.79759 
11.9046 13.3076 25.9091 23.4884 9.79695 7.79664 7.79664 
12.9471 13.5191 25.6489 23.4022 8.91402 7.78433 7.78433 
12.7908 13.2112 24.7868 24.7388 8.89249 7.79002 7.79002 
12.8743 13.2253 24.2244 24.0595 9.9392 7.83867 7.83867 
11.8319 13.4548 25.5332 24.0034 9.44329 7.8667 7.8667 
11.8225 12.9087 26.3655 23.6775 9.39197 7.91687 7.91687 
13.2976 11.8521 27.1032 22.7763 9.0994 7.93571 7.93571 
15.996 10.5254 25.2727 23.9994 8.55563 7.82542 7.82542 
15.5452 10.7883 27.4611 21.838 8.72526 7.82107 7.82107 
15.1748 11.1204 27.8367 21.9525 8.27324 7.82115 7.82115 
16.6652 10.6034 28.6158 20.1982 8.3153 7.80106 7.80106 
15.74 10.3282 27.9322 22.1361 8.1259 7.86879 7.86879 
15.6825 10.2777 27.3184 22.8578 8.04022 7.91167 7.91167 
16.5118 9.90765 27.0985 22.5561 8.21086 7.85757 7.85757 
18.0016 9.89733 24.8487 22.86 8.62521 7.88359 7.88359 
16.4936 10.5683 26.1131 22.9574 8.20309 7.83228 7.83228 
16.4621 10.9499 27.5041 20.9688 8.35084 7.88215 7.88215 
17.5878 10.2995 28.2258 19.6949 8.41519 7.88844 7.88844 
18.6446 10.5229 27.098 19.2504 8.83446 7.82482 7.82482 
20.3194 10.54 27.0387 17.8364 8.5228 7.87135 7.87135 
20.0668 9.75918 27.2964 17.7417 9.52456 7.80565 7.80565 
21.5941 10.2264 27.5211 14.6512 10.3981 7.80456 7.80456 
20.7664 10.1746 28.9446 14.9943 9.34016 7.89001 7.89001 
20.6551 9.46794 28.9738 16.5606 8.59757 7.8725 7.8725 
18.4012 10.2581 27.943 19.3285 8.26479 7.90225 7.90225 
18.6518 11.5315 26.6239 19.2679 8.09581 7.91454 7.91454 
18.5127 12.2416 26.565 18.9713 7.96357 7.87293 7.87293 
19.5203 10.2264 26.6256 19.4563 8.38061 7.89541 7.89541 
18.7414 9.00059 28.9964 19.1115 8.47985 7.8351 7.8351 
19.4597 8.80297 29.335 18.7546 8.09749 7.77512 7.77512 
19.9466 8.27145 28.5994 19.7488 7.91871 7.75753 7.75753 
20.0008 8.25661 31.3327 16.7425 7.94287 7.86228 7.86228 
20.794 8.09656 29.1584 18.2125 7.93969 7.89939 7.89939 
20.7215 8.03058 27.5585 19.8732 7.95215 7.932 7.932 
20.4199 8.00937 28.868 18.6644 8.11809 7.96008 7.96008 
21.6805 8.12233 28.2575 18.0087 8.02963 7.95063 7.95063 
22.723 7.91919 28.9436 16.7204 8.02716 7.83334 7.83334 
23.4097 8.17646 28.6284 16.1915 7.92924 7.83233 7.83233 
25.6345 8.92694 27.6573 14.1075 7.92357 7.87511 7.87511 
25.6531 8.79183 28.3063 13.7702 7.84238 7.81815 7.81815 
25.4014 9.33603 27.3268 14.5198 7.81341 7.80129 7.80129 
23.8614 9.28111 29.4372 14.1051 7.77575 7.76969 7.76969 
20.9497 10.0203 29.2756 16.2298 7.84357 7.84054 7.84054 
23.4141 9.32325 28.6953 14.5047 8.23488 7.91388 7.91388 
24.4978 9.14668 29.7961 12.4018 8.27027 7.94365 7.94365 
24.2681 8.41949 29.8019 13.8932 7.98129 7.81798 7.81798 
24.0208 8.54937 28.8632 14.8711 7.95291 7.87125 7.87125 
25.5052 8.25392 28.6185 13.6639 8.1287 7.91487 7.91487 
24.7839 8.50196 30.0905 12.9257 7.9706 7.86368 7.86368 
23.5721 8.75409 29.6415 14.5374 7.86729 7.81383 7.81383 
23.4847 8.86422 29.8849 14.4802 7.7798 7.75307 7.75307 
24.4486 8.39251 28.6388 14.9959 7.8503 7.83693 7.83693 
24.0938 8.05382 28.266 16.2517 7.78271 7.77603 7.77603 
23.8849 7.92099 28.9305 15.914 7.78544 7.7821 7.7821 
23.1802 7.86929 28.9604 16.5889 7.80151 7.79984 7.79984 
23.1657 7.79317 30.3966 15.3684 7.75928 7.75844 7.75844 
24.5516 7.80283 29.2608 15.028 7.78589 7.78547 7.78547 
25.5755 7.94182 29.2769 13.9113 7.765 7.76479 7.76479 
24.5702 7.8984 27.6294 16.4723 7.80999 7.80989 7.80989 
23.0788 8.55238 27.7829 16.9663 7.87325 7.8732 7.8732 
23.9123 8.51348 29.1457 14.9238 7.83493 7.8349 7.8349 
24.2917 8.862 28.8821 14.3698 7.86483 7.86482 7.86482 
25.8485 8.94995 29.1641 12.4327 7.86828 7.86827 7.86827 
25.0965 8.96936 31.2487 10.898 8.05399 7.86672 7.86672 
24.888 8.33083 29.7269 13.6221 7.87315 7.77951 7.77951 
24.8347 8.24705 29.1492 13.6624 8.45552 7.82562 7.82562 
24.6722 8.04509 30.5877 12.8769 8.14933 7.83438 7.83438 
25.521 8.13214 30.1911 12.4316 8.01302 7.85554 7.85554 
26.1385 7.91222 29.4768 13.072 7.85266 7.77393 7.77393 
26.1434 8.01972 31.1695 11.3063 7.81326 7.77389 7.77389 
26.2662 8.00291 29.6473 12.424 7.89968 7.88 7.88 
25.5444 7.90217 29.8945 13.1269 7.85055 7.84071 7.84071 
25.6205 7.97585 30.4272 12.291 8.10484 7.79032 7.79032 
27.096 7.97464 28.5026 12.4578 8.20525 7.88187 7.88187 
26.0041 7.84697 29.5145 13.071 7.96227 7.80059 7.80059 
26.1514 7.81959 29.53 13.029 7.87724 7.7964 7.7964 
25.5353 7.79329 29.3281 13.9579 7.82212 7.78169 7.78169 
26.5093 7.87015 28.9025 13.1048 7.88457 7.86436 7.86436 
25.8364 7.85665 28.9937 13.7419 7.86385 7.85375 7.85375 
24.2085 7.79929 30.142 14.4516 7.80289 7.79784 7.79784 
26.4399 8.27027 28.8822 13.1699 7.7476 7.74507 7.74507 
27.8816 8.08251 28.7268 11.8481 7.82117 7.81991 7.81991 
27.3337 7.9103 30.5836 10.8348 7.77963 7.779 7.779 
27.66 7.88006 29.7969 11.2194 7.81473 7.81441 7.81441 
28.1864 7.90043 29.4199 10.8902 7.86776 7.8676 7.8676 
28.227 7.90158 30.2115 10.0044 7.88525 7.88517 7.88517 
28.1813 7.8491 30.36 10.0869 7.84093 7.84089 7.84089 
28.8364 7.82285 29.7563 10.1282 7.81877 7.81875 7.81875 
29.1339 7.9248 30.5972 9.07749 7.75554 7.75553 7.75553 
28.6245 7.95601 31.273 8.53235 7.87138 7.87137 7.87137 
27.5165 7.85125 31.1295 10.076 7.80893 7.80893 7.80893 
26.6834 7.83719 30.3607 11.6707 7.81603 7.81603 7.81603 
28.299 7.9072 29.7102 10.3937 7.89662 7.89662 7.89662 
29.0996 7.94031 28.6425 10.5125 7.93502 7.93502 7.93502 
28.8098 7.94127 30.2057 9.22736 7.93863 7.93863 7.93863 
28.584 8.14974 30.9238 8.79279 7.84991 7.84991 7.84991 
27.9992 7.96895 31.6613 8.91353 7.81904 7.81904 7.81904 
24.9191 8.00746 34.2214 9.43761 7.93251 7.74094 7.74094 
26.2527 7.96925 32.4555 9.7188 7.93177 7.83599 7.83599 
26.0713 7.86812 30.4673 12.141 7.84938 7.80149 7.80149 
26.2659 7.88595 31.213 11.0533 7.87658 7.85263 7.85263 
26.6378 7.8015 29.7544 12.4398 7.79681 7.78484 7.78484 
24.8573 7.90075 29.1849 14.3738 7.89841 7.89242 7.89242 
25.9099 7.87529 29.4389 13.1596 7.87412 7.87112 7.87112 
25.8689 7.91115 28.9578 13.5334 7.91057 7.90907 7.90907 
26.2678 7.92383 28.7646 13.2747 7.92354 7.92279 7.92279 
27.4695 7.80807 30.2914 11.008 7.80792 7.80755 7.80755 
27.327 7.78753 29.547 11.9765 7.78746 7.78727 7.78727 
27.748 7.767 29.9143 11.2699 7.76697 7.76687 7.76687 
25.8932 7.72966 32.5854 10.6029 7.72964 7.72959 7.72959 
26.0614 7.79925 31.0468 11.6949 7.79925 7.79922 7.79922 
26.6525 7.74578 29.1452 13.2192 7.74578 7.74576 7.74576 
25.9039 7.75488 30.1005 12.9761 7.75488 7.75487 7.75487 
25.3373 7.85297 29.1176 14.1333 7.85297 7.85297 7.85297 
25.9577 7.9132 28.5123 13.8773 7.9132 7.9132 7.9132 
24.7801 8.14915 29.4735 14.0815 7.83859 7.83859 7.83859 
25.9036 7.95971 29.7705 12.9529 7.80443 7.80443 7.80443 
26.7176 8.09378 28.8093 12.8056 7.85791 7.85791 7.85791 
26.4287 7.99826 27.9305 14.0016 7.88032 7.88032 7.88032 
25.6723 8.20788 30.2952 12.388 7.81222 7.81222 7.81222 
26.6348 8.00005 29.758 12.2005 7.80221 7.80221 7.80221 
26.7321 7.83278 29.5131 12.7205 7.73386 7.73386 7.73386 
26.7506 7.91639 29.2181 12.5141 7.86693 7.86693 7.86693 
24.5722 8.01225 31.9836 11.6624 8.18057 7.79447 7.79447 
26.2354 7.99163 30.4845 11.4472 8.07579 7.88274 7.88274 
25.8506 8.34364 30.4597 11.7795 7.91988 7.82336 7.82336 
26.667 8.47646 27.647 13.5056 7.93345 7.88519 7.88519 
25.6931 9.10714 28.6175 12.9326 7.89931 7.87518 7.87518 
27.203 8.844 27.6751 12.5719 7.91005 7.89799 7.89799 
27.0695 9.30415 29.4941 10.6631 7.82708 7.82105 7.82105 
28.2307 8.53721 29.6119 10.2302 7.79867 7.79566 7.79566 
28.1664 8.83065 29.9519 9.67713 7.91394 7.72995 7.72995 
28.6092 8.39086 30.4194 8.96701 7.9325 7.84051 7.84051 
28.1093 8.40418 29.6878 10.3758 7.83831 7.79231 7.79231 
29.6998 8.07306 29.1987 9.70401 7.79012 7.76712 7.76712 
27.6197 8.17322 30.4267 10.2477 7.85189 7.8404 7.8404 
28.4963 8.04701 30.3949 9.41427 7.88634 7.88059 7.88059 
28.8383 7.95793 29.2958 10.2809 7.8776 7.87472 7.87472 
28.1649 7.93085 30.4555 9.77963 7.89069 7.88925 7.88925 
28.9142 7.94096 29.1421 10.2415 7.92088 7.92016 7.92016 
28.1826 8.08813 29.8652 10.2188 7.88201 7.88165 7.88165 
27.9902 8.01518 29.373 10.8856 7.91212 7.91194 7.91194 
27.0866 9.05491 29.9862 10.1746 7.89928 7.89919 7.89919 
26.4097 8.76198 29.6511 11.602 7.85843 7.85839 7.85839 
27.5371 8.28979 29.4835 11.1756 7.83801 7.83799 7.83799 
28.6292 8.01486 29.138 10.8509 7.78898 7.78896 7.78896 
28.1743 7.86708 30.0076 10.3378 8.10501 7.75413 7.75413 
26.2493 8.56674 31.7992 9.99513 7.91351 7.73807 7.73807 
25.9645 8.96615 30.25 11.342 7.88425 7.79653 7.79653 
24.6542 8.42629 30.1092 13.242 7.88534 7.84148 7.84148 
25.7951 8.0852 29.196 13.5233 7.81472 7.79279 7.79279 
27.0485 7.97342 28.2773 13.2082 7.83818 7.82721 7.82721 
25.9544 8.03699 28.5241 14.0063 7.8297 7.82422 7.82422 
25.7161 7.99939 28.2748 14.328 7.89574 7.893 7.893 
25.7918 8.25837 27.3866 14.8927 7.89109 7.88972 7.88972 
25.154 8.48402 29.0159 13.898 7.81651 7.81583 7.81583 
26.3757 8.30045 28.1443 13.7672 7.80436 7.80402 7.80402 
25.1332 8.07514 29.2599 14.0508 7.82709 7.82692 7.82692 
26.4639 7.96506 28.2251 13.823 7.84104 7.84095 7.84095 
24.9583 8.54279 27.7933 15.2177 7.82931 7.82927 7.82927 
24.1849 8.95367 29.2813 14.2978 7.76081 7.76079 7.76079 
25.7437 8.4242 29.6077 12.741 7.82777 7.82776 7.82776 
26.1649 8.13959 29.4564 12.7149 7.84138 7.84137 7.84137 
25.7514 8.29277 29.762 12.7764 7.80582 7.80582 7.80582 
26.2744 8.06795 28.4431 13.7411 7.82448 7.82448 7.82448 
25.0274 9.06446 29.6179 12.6632 7.87566 7.87565 7.87565 
26.1804 8.53223 28.1423 13.3316 7.93783 7.93783 7.93783 
25.233 8.55183 29.6069 12.9158 7.89749 7.89749 7.89749 
26.857 8.23161 28.7275 12.4706 7.90444 7.90444 7.90444 
24.8416 8.10131 32.4797 10.7643 7.93773 7.93773 7.93773 
25.7335 7.92063 31.1005 11.7289 7.83883 7.83883 7.83883 
25.8475 7.80647 29.8131 13.2362 7.76557 7.76557 7.76557 
25.0776 7.90323 29.0604 14.3104 7.88279 7.88279 7.88279 
27.7349 7.87319 28.5825 12.2206 7.86296 7.86296 7.86296 
27.0932 7.80756 29.6138 12.078 7.80245 7.80245 7.80245 
26.5376 7.83127 29.4595 12.6855 7.82872 7.82872 7.82872 
23.9596 7.863 29.8613 14.7309 7.86173 7.86173 7.86173 
24.3195 7.77766 28.5525 16.0193 7.77702 7.77702 7.77702 
24.6598 7.79508 28.9637 15.1972 7.79476 7.79476 7.79476 
23.441 7.75556 29.914 15.6233 7.7554 7.7554 7.7554 
24.0951 7.72394 29.8399 15.1695 7.72386 7.72386 7.72386 
25.9931 7.77353 29.7159 13.0269 7.94356 7.77349 7.77349 
24.8555 7.73292 29.922 14.2058 7.81793 7.7329 7.7329 
26.3733 7.77802 29.927 12.5451 7.82053 7.77801 7.77801 
14 14 14 14 14 14 14 
17.4348 14.6087 16.1304 16.4565 12.5435 10.913 10.913 
16.0703 16.4672 18.1331 16.4862 13.5116 9.4158 9.4158 
14.8086 19.0711 17.9335 17.2332 13.406 8.64879 8.64879 
13.8329 17.8689 18.6096 19.3309 13.7268 8.25296 8.25296 
12.2573 18.9344 19.7594 19.8927 12.8861 8.10375 8.10375 
11.5434 19.4903 20.0179 19.9694 13.0099 7.96893 7.96893 
9.83421 20.9951 21.3631 19.1514 12.7549 7.9428 7.9428 
9.9171 21.0531 20.2371 18.3535 14.4886 7.9714 7.9714 
10.4255 20.2077 19.7997 18.2883 15.3309 7.97203 7.97203 
10.7926 19.9507 18.3243 19.4286 15.6523 7.92475 7.92475 
10.9151 19.0261 19.4271 19.0962 15.6628 7.93588 7.93588 
10.6377 18.4094 18.9478 20.922 15.2638 7.90938 7.90938 
9.55227 17.6715 19.7714 20.4152 16.8996 7.84485 7.84485 
9.8437 18.7457 19.3451 20.3427 15.9949 7.86387 7.86387 
8.89181 18.7076 19.1146 21.0083 16.4738 7.90189 7.90189 
8.39624 17.3673 18.5867 22.5809 17.2663 7.90128 7.90128 
8.13956 19.044 17.5141 21.9886 17.5295 7.89208 7.89208 
8.27433 20.0902 18.3025 19.6307 17.8557 7.92331 7.92331 
8.67256 19.669 17.0052 20.4348 18.3305 7.94396 7.94396 
8.31755 20.3731 18.3387 20.9902 16.0739 7.95324 7.95324 
9.0289 19.2775 19.5589 19.586 16.8032 7.87273 7.87273 
10.5099 19.3672 18.603 19.8609 15.8677 7.89564 7.89564 
9.88459 19.0586 20.0654 19.3054 15.9199 7.883 7.883 
9.70974 18.0177 20.7304 19.769 15.9832 7.89499 7.89499 
10.054 17.8584 21.759 19.1765 15.2925 7.9298 7.9298 
11.2331 18.9995 21.1839 18.3705 14.3207 7.94616 7.94616 
11.8803 17.3019 21.1414 18.6358 15.1823 7.92913 7.92913 
12.1338 19.2365 20.4806 18.2143 14.1227 7.906 7.906 
13.7504 18.3339 19.5293 18.6255 14.0568 7.85208 7.85208 
12.31 17.5003 20.9965 18.9746 14.3955 7.91155 7.91155 
12.7404 17.4087 19.7666 19.3653 15.0026 7.85821 7.85821 
12.4482 19.0254 17.6814 18.857 16.3316 7.82819 7.82819 
12.625 17.8461 18.5026 18.8488 16.3784 7.8996 7.8996 
11.7795 18.9458 18.5907 19.675 15.1368 7.93613 7.93613 
12.0802 20.0681 17.8668 19.2422 14.9493 7.89664 7.89664 
12.2012 19.2758 19.3599 18.7443 14.7022 7.85827 7.85827 
10.8853 18.2503 21.2828 18.9415 14.887 7.8765 7.8765 
10.5949 20.6006 20.2433 18.8385 13.8838 7.91952 7.91952 
10.2858 21.5532 21.3745 17.8879 13.0904 7.90407 7.90407 
11.1429 20.6589 21.0402 18.8263 12.4275 7.95204 7.95204 
11.3909 20.8995 21.5652 18.3205 12.0332 7.89526 7.89526 
11.564 20.5437 20.9939 19.1368 11.8852 7.93824 7.93824 
12.361 20.6785 19.8271 19.0182 12.2823 7.91649 7.91649 
11.6961 20.8908 19.1462 20.0606 12.3762 7.91508 7.91508 
10.1177 19.8836 20.2472 20.3674 13.6038 7.89012 7.89012 
10.3675 18.8307 20.1236 21.0479 13.8389 7.89568 7.89568 
10.8328 19.6317 18.3551 20.8605 14.4916 7.91419 7.91419 
9.65368 20.2275 19.1049 20.2365 14.8729 7.95225 7.95225 
10.1618 21.5281 18.6095 20.0438 13.764 7.94635 7.94635 
10.2331 21.654 19.4921 19.9751 12.7368 7.95444 7.95444 
10.1646 19.7212 20.8037 21.0452 12.378 7.94357 7.94357 
9.72269 20.0694 21.7708 20.3834 12.2215 7.9161 7.9161 
9.62907 19.4479 21.7656 19.9717 13.4457 7.87003 7.87003 
10.4365 18.0972 21.2895 19.6748 14.7372 7.88238 7.88238 
9.95128 18.8787 21.3244 20.0316 14.1647 7.82469 7.82469 
9.29219 18.4321 20.6142 22.246 13.6771 7.86918 7.86918 
9.07193 17.8285 18.9195 22.2474 16.1687 7.88196 7.88196 
9.19592 17.9823 19.9132 21.3252 15.8929 7.84526 7.84526 
9.59796 19.2292 19.1233 20.7817 15.5655 7.8512 7.8512 
9.5667 18.5388 19.5861 21.1488 15.4845 7.83758 7.83758 
9.98137 18.0565 20.9317 18.8665 16.4056 7.87919 7.87919 
10.0631 18.5693 20.2484 19.3366 15.9323 7.9251 7.9251 
11.5533 17.0852 20.0986 19.7706 15.6388 7.92674 7.92674 
12.2161 17.1284 20.0241 19.2287 15.6477 7.87751 7.87751 
12.9501 16.8537 19.4857 20.5354 14.4028 7.88613 7.88613 
12.6464 15.9835 22.4633 19.5876 13.6246 7.84734 7.84734 
14.1689 15.3056 21.338 18.8364 14.525 7.91303 7.91303 
13.1942 15.3835 22.0156 19.2686 14.2451 7.94654 7.94654 
12.6073 15.4922 20.9822 20.1202 14.923 7.93747 7.93747 
12.4076 14.1098 22.1794 21.0991 14.4745 7.86484 7.86484 
13.0048 13.1002 23.9361 22.1364 12.1491 7.8367 7.8367 
13.5919 12.2715 24.779 21.516 12.0447 7.89845 7.89845 
13.6791 11.5903 24.3375 22.9658 11.7366 7.84533 7.84533 
12.7717 11.7274 24.3964 24.3158 10.9531 7.91782 7.91782 
13.566 11.6078 25.6447 21.949 11.4818 7.87536 7.87536 
12.4678 11.7471 25.4838 22.6024 12.0716 7.81365 7.81365 
13.157 11.0017 25.0496 22.8397 12.1897 7.88118 7.88118 
13.4084 11.6864 24.2516 23.1466 11.6361 7.93544 7.93544 
12.7298 11.8689 23.1514 23.6246 12.7411 7.94208 7.94208 
11.4154 13.0051 22.5606 23.8073 13.4413 7.88518 7.88518 
12.4537 13.5131 22.1268 23.0147 13.0698 7.91084 7.91084 
12.5271 13.8611 22.5916 23.5717 11.7628 7.84282 7.84282 
12.3322 13.7907 22.5095 23.2634 12.3458 7.87919 7.87919 
10.8328 14.2287 22.8548 24.4317 11.7729 7.9396 7.9396 
11.5962 13.7155 23.506 23.8732 11.5044 7.90238 7.90238 
11.3839 12.8523 23.7421 24.0619 12.1555 7.90215 7.90215 
11.3417 13.4883 23.3117 24.3191 11.7275 7.90587 7.90587 
12.7297 14.2441 24.3029 21.7184 11.1578 7.92353 7.92353 
12.8982 13.6554 25.0848 21.3925 11.0456 7.96176 7.96176 
12.3314 13.9706 25.2875 23.0212 9.58442 7.90245 7.90245 
12.0812 12.9008 26.1649 23.7641 9.29925 7.89489 7.89489 
11.7627 12.9899 26.4339 23.8712 9.14554 7.8984 7.8984 
11.3099 13.2092 26.7884 23.9356 8.85848 7.9492 7.9492 
13.8902 11.4576 26.4824 23.2913 8.98807 7.94519 7.94519 
14.6603 10.9217 26.8911 22.6249 9.24181 7.83016 7.83016 
15.4298 10.4453 28.0873 21.1255 9.2938 7.80916 7.80916 
14.2014 9.81722 30.2599 21.2384 8.83609 7.8235 7.8235 
15.0186 9.30744 28.7663 22.3494 8.81687 7.87069 7.87069 
13.3167 9.04465 30.1055 22.3645 9.36594 7.90135 7.90135 
13.8012 9.77014 29.4842 22.5525 8.61883 7.88654 7.88654 
14.232 9.2839 28.3785 24.0329 8.26836 7.90221 7.90221 
14.3763 9.1625 28.7098 22.9753 8.9287 7.92371 7.92371 
16.1218 8.47174 27.7555 22.7269 9.21939 7.85234 7.85234 
17.2159 8.17953 27.1172 22.9127 8.83505 7.86983 7.86983 
18.2853 7.96073 27.5908 21.1338 9.41752 7.80588 7.80588 
18.9094 8.35354 26.3319 20.0421 10.6854 7.8388 7.8388 
17.0571 8.85513 27.3472 20.4012 10.6059 7.86677 7.86677 
16.9901 8.58141 29.6736 18.816 10.0722 7.93338 7.93338 
16.3353 9.17236 27.8546 21.5382 9.1781 7.96078 7.96078 
18.1944 9.53271 27.6973 20.2611 8.59974 7.85739 7.85739 
17.4813 9.18708 27.5682 20.9537 9.02548 7.89211 7.89211 
16.8876 8.7469 27.6819 21.02 9.78431 7.93967 7.93967 
17.7681 8.96804 27.7598 20.9154 8.81107 7.88875 7.88875 
18.9145 9.34724 27.8617 19.1203 8.96481 7.89574 7.89574 
17.5569 9.96957 28.5726 19.8405 8.37648 7.84195 7.84195 
18.5308 8.85475 28.5278 20.4466 8.05821 7.79095 7.79095 
18.5191 8.60648 28.5922 20.2233 8.50672 7.77607 7.77607 
18.2785 9.05008 27.1126 21.0294 8.84197 7.84373 7.84373 
18.5143 9.62372 28.3589 18.9028 8.86177 7.86923 7.86923 
18.3206 9.34358 28.3789 19.8744 8.35838 7.86211 7.86211 
19.0308 9.36435 27.7817 19.6459 8.54812 7.81455 7.81455 
21.3277 8.72748 27.8067 17.59 8.96662 7.79077 7.79077 
23.3092 8.28816 27.8568 16.4985 8.40773 7.8198 7.8198 
21.911 8.15049 29.4733 16.9031 8.05002 7.75606 7.75606 
22.6322 8.56626 28.2097 17.1342 7.91722 7.77024 7.77024 
22.7255 8.47776 28.5344 16.6208 8.15324 7.74418 7.74418 
19.4624 9.37907 29.532 18.1235 7.9707 7.76617 7.76617 
20.5155 8.6111 29.1451 18.2121 7.90692 7.80465 7.80465 
19.3924 8.95299 28.3546 19.8432 7.95987 7.74848 7.74848 
19.9129 8.50126 28.5736 19.6739 7.8499 7.74421 7.74421 
18.6521 8.2879 29.1936 20.5512 7.80694 7.75409 7.75409 
19.1923 8.15733 29.1453 20.3091 7.74962 7.7232 7.7232 
21.3521 8.39414 27.8167 19.2319 7.74386 7.73065 7.73065 
21.2106 8.28512 28.2165 18.7355 7.95998 7.79614 7.79614 
20.6053 8.42827 28.0765 19.209 7.94824 7.86632 7.86632 
21.7033 8.44866 29.3477 16.9335 7.88292 7.84196 7.84196 
24.2388 8.0953 29.0287 15.2409 7.81243 7.79195 7.79195 
25.8318 7.8938 29.3973 13.6405 7.75237 7.74213 7.74213 
26.5213 8.02853 29.3245 12.6026 7.95782 7.78263 7.78263 
26.317 7.87183 29.7958 12.6811 7.83647 7.74888 7.74888 
25.4614 7.87913 30.0398 13.1229 7.86146 7.81766 7.81766 
25.2725 8.12017 28.8995 14.421 7.77688 7.75498 7.75498 
25.5395 8.01903 27.7929 15.1284 7.84738 7.83644 7.83644 
25.6218 8.05881 29.3894 13.5501 7.79693 7.79146 7.79146 
25.9422 8.06981 30.5196 11.8256 8.10722 7.76778 7.76778 
24.5888 8.00549 30.848 12.8245 8.0242 7.85448 7.85448 
25.3307 7.96314 30.7706 12.1878 7.9725 7.88764 7.88764 
25.7478 7.92422 30.7975 11.8287 7.9289 7.88647 7.88647 
26.9262 7.88368 30.4314 11.1431 7.88602 7.8648 7.8648 
26.0829 7.93545 31.3499 10.8431 7.93662 7.92601 7.92601 
26.6615 8.08959 29.6534 11.8732 7.91096 7.90566 7.90566 
26.5383 8.00706 30.6758 11.0309 7.91775 7.91509 7.91509 
28.3718 7.96247 29.854 10.0609 7.91782 7.91649 7.91649 
26.6859 7.92861 29.7296 11.9384 7.90628 7.90561 7.90561 
28.2896 8.23477 29.2776 10.5955 7.86773 7.8674 7.8674 
28.2023 8.59023 29.3353 10.0901 7.92747 7.92731 7.92731 
25.3389 8.52964 29.9771 12.5369 7.87253 7.87245 7.87245 
26.5935 8.22052 27.6468 13.8634 7.89196 7.89192 7.89192 
24.303 8.19831 29.3894 14.4789 7.8768 7.87678 7.87678 
25.4543 8.07469 28.3033 14.426 7.91393 7.91392 7.91392 
27.0375 8.00286 28.9792 12.213 7.92248 7.92248 7.92248 
27.1388 8.12329 30.9771 10.0491 7.90389 7.90389 7.90389 
27.8978 9.28553 29.6676 9.65144 7.83254 7.83254 7.83254 
27.7363 8.62947 29.2856 10.6397 7.90298 7.90298 7.90298 
26.6304 9.03502 30.5519 10.3898 7.79765 7.79765 7.79765 
26.3587 8.53089 31.9984 9.87716 7.74498 7.74498 7.74498 
27.1328 8.33521 30.9217 10.1711 7.74846 7.94226 7.74846 
27.775 8.12444 30.3889 10.1215 7.83106 7.92796 7.83106 
27.3767 8.01905 29.7628 10.996 8.05222 7.92082 7.87237 
27.5937 8.00361 29.0826 11.4152 8.02019 7.95449 7.93027 
26.9547 8.03689 28.9273 12.3743 8.04518 7.83689 7.82478 
27.5399 7.9247 29.8933 11.0699 7.92884 7.8247 7.81864 
27.5736 7.95008 28.7503 11.9767 7.95215 7.90008 7.89705 
29.5675 7.96175 28.6609 9.97505 7.96279 7.93675 7.93524 
28.2874 7.81299 29.8414 10.6445 7.81351 7.80049 7.79973 
27.1719 8.13185 31.8221 9.19547 8.13211 7.77349 7.77311 
26.2869 7.92444 31.0236 11.3501 7.92457 7.74526 7.74507 
27.5665 7.80838 28.781 12.5982 7.80844 7.71879 7.71869 
24.439 8.6173 29.9643 12.8565 8.00258 8.16267 7.95771 
25.1426 8.30865 28.6744 13.8128 8.00129 8.08134 7.97885 
25.8329 8.09698 29.2118 12.9996 7.9433 7.98332 7.93208 
28.3599 8.02402 28.2145 11.5457 7.94718 7.9672 7.94157 
26.8097 8.68329 29.1591 11.1362 8.29885 7.96284 7.95003 
26.0328 8.60786 30.6205 10.8582 8.07434 7.90633 7.89993 
27.0452 8.44062 30.2383 10.4651 7.994 7.91 7.9068 
27.1449 8.09028 31.6826 9.5669 7.86697 7.82497 7.82337 
26.0724 8.03819 29.9038 12.2487 7.92654 7.90554 7.90474 
27.0362 8.0191 28.7701 12.3062 7.96327 7.95277 7.95237 
26.7324 7.93812 27.9565 13.6531 7.91021 7.90496 7.90476 
26.7731 7.91228 28.9625 12.6625 7.89832 7.8957 7.8956 
28.073 7.91653 28.8377 11.4468 7.90956 7.90824 7.90819 
26.492 7.87286 30.7889 11.2394 7.86937 7.86871 7.86869 
25.3866 7.93004 31.3689 11.5302 7.92829 7.92797 7.92795 
26.955 7.82408 30.6173 11.1342 7.82321 7.82304 7.82304 
26.4059 7.80612 30.7292 11.6419 7.80568 7.8056 7.8056 
27.714 7.84628 28.9293 11.9724 7.84606 7.84602 7.84602 
27.2845 7.81006 30.5424 10.9332 7.80996 7.80994 7.80993 
27.3433 7.81962 30.5737 10.8047 7.81957 7.81956 7.81956 
25.9233 7.88332 30.1875 12.356 7.88329 7.88329 7.88329 
26.4875 7.89303 28.9235 13.0169 7.89301 7.89301 7.89301 
25.9174 7.93957 27.4826 14.8418 7.93956 7.93956 7.93956 
26.2454 7.81594 29.3007 13.1901 7.81594 7.81593 7.81593 
25.1815 7.87856 29.9445 13.3598 7.87856 7.87856 7.87856 
26.2432 8.01729 29.5113 12.7083 7.83999 7.83999 7.83999 
26.955 8.00865 27.4223 13.8541 7.91999 7.91999 7.91999 
25.5464 8.14225 29.2284 13.3064 7.92551 7.92551 7.92551 
24.2458 8.00948 28.4841 15.5573 7.90111 7.90111 7.90111 
25.1664 7.88673 27.4408 16.0085 7.83254 7.83254 7.83254 
24.2151 7.93642 27.6093 16.164 8.25655 7.90933 7.90933 
23.7852 8.08005 28.6073 15.3188 8.40459 7.90203 7.90203 
23.9841 7.96159 29.3363 14.849 8.12386 7.87258 7.87258 
26.049 7.89539 29.081 13.2964 7.97652 7.85088 7.85088 
26.1059 8.30816 28.93 13.0435 7.91268 7.84986 7.84986 
24.5191 8.10145 30.4425 13.2887 7.90371 7.8723 7.8723 
25.9719 7.89688 28.7664 14.0022 7.79801 7.7823 7.7823 
26.3731 8.30328 28.2542 13.7753 7.76997 7.76212 7.76212 
25.6394 8.49126 30.1648 12.1707 7.84725 7.84332 7.84332 
27.5565 8.10528 30.3456 10.6467 7.78327 7.78131 7.78131 
26.0459 9.07123 31.9014 9.41259 7.98086 7.794 7.794 
26.0949 8.78398 31.1468 10.4252 7.912 7.81857 7.81857 
25.9982 8.32642 29.9996 12.0979 7.89042 7.84371 7.84371 
26.2344 8.57497 29.338 12.4828 7.80551 7.78215 7.78215 
26.1203 9.24105 30.9229 10.4209 7.77272 7.76104 7.76104 
26.9585 8.51883 29.5292 11.6512 7.78467 7.77883 7.77883 
25.8344 8.31347 28.6642 13.5476 8.13944 7.75042 7.75042 
27.3468 8.68694 28.4261 11.9751 8.09656 7.73427 7.73427 
27.2622 8.17622 30.2409 10.5172 8.40368 7.69989 7.69989 
26.6908 8.00602 30.9787 10.4825 8.30632 7.76785 7.76785 
26.7682 7.86207 31.4289 10.4426 8.01222 7.74299 7.74299 
27.2105 7.78956 30.3447 11.3306 7.86463 7.73001 7.73001 
26.9603 7.80357 31.1333 10.7142 7.84111 7.7738 7.7738 
27.4872 7.8025 30.1056 11.2081 7.82126 7.78761 7.78761 
25.2821 8.63498 31.6209 10.7816 7.90472 7.88789 7.88789 
25.2336 8.76193 31.7364 10.7612 7.84125 7.83283 7.83283 
26.7013 8.25421 29.7766 11.8947 7.79386 7.78966 7.78966 
25.5168 8.42977 30.0218 12.6239 7.90287 7.75239 7.75239 
26.7195 8.11099 28.8096 12.9678 7.84754 7.7723 7.7723 
27.3529 7.98041 27.7154 13.4805 7.84868 7.81107 7.81107 
26.0618 7.96574 27.925 14.3855 7.89988 7.88107 7.88107 
25.0584 7.93476 29.4264 13.8938 7.90183 7.89242 7.89242 
26.4181 7.88895 27.2949 14.79 7.87248 7.86778 7.86778 
26.9345 8.06212 29.7259 11.7087 7.85781 7.85546 7.85546 
27.6648 7.88909 29.9864 11.1013 7.78693 7.78575 7.78575 
27.8055 7.8166 29.1346 11.9479 7.76552 7.76493 7.76493 
26.0596 8.22202 31.234 11.072 7.80433 7.80403 7.80403 
26.3425 8.29058 31.0969 10.954 7.77213 7.77199 7.77199 
26.4471 8.28322 30.2036 11.5115 7.85158 7.85151 7.85151 
27.3499 8.4167 30.1576 10.5884 7.82914 7.8291 7.8291 
27.2201 8.05451 30.9651 10.4782 7.76072 7.7607 7.7607 
26.7511 7.87341 29.9056 12.2904 7.72652 7.72651 7.72651 
26.7329 7.90782 30.1153 11.7409 7.83438 7.83437 7.83437 
26.2069 8.23407 31.2055 10.9288 7.80824 7.80824 7.80824 
25.8254 8.25905 29.8039 12.4171 7.8982 7.8982 7.8982 
25.5443 7.98917 29.4634 13.577 7.80875 7.80875 7.80875 
25.844 7.91615 28.4572 14.3048 7.82594 7.82594 7.82594 
26.705 7.91702 28.1582 13.604 7.87192 7.87192 7.87192 
26.7087 7.89687 27.949 13.8226 7.87431 7.87431 7.87431 
25.8111 7.92767 29.7184 12.7936 7.9164 7.9164 7.9164 
27.2348 7.92725 28.8836 12.1895 7.92161 7.92161 7.92161 
26.6893 8.70219 29.8013 11.1601 7.88237 7.88237 7.88237 
26.4092 8.22206 29.9006 12.0317 7.81216 7.81216 7.81216 
28.2531 7.99453 28.7044 11.6793 7.78957 7.78957 7.78957 
29.2209 7.92808 29.1321 10.2421 7.8256 7.8256 7.8256 
27.5382 8.52678 30.9158 9.30358 7.9052 7.9052 7.9052 
27.1494 8.13663 31.1269 9.75743 8.17795 7.82584 7.82584 
25.7369 7.97222 31.1791 11.4853 7.99288 7.81682 7.81682 
14 14 14 14 14 14 14 
15.2969 15.1878 17.8079 16.7162 12.131 10.9301 10.9301 
14.0315 17.523 17.2964 19.7056 12.2121 9.36577 9.36577 
14.2587 18.6914 17.1762 19.3154 12.9986 8.65485 8.65485 
13.5887 18.6758 18.1575 18.7486 14.1548 8.27479 8.27479 
12.6963 19.4715 19.4351 17.8376 14.4271 8.03495 8.03495 
11.2907 19.5059 21.5566 16.8498 14.9147 7.92552 7.92552 
11.3272 18.3893 22.0283 17.6295 14.7301 7.94003 7.94003 
10.7975 20.0205 19.4963 18.4129 15.5124 7.87627 7.87627 
10.7799 19.6515 21.7437 17.9509 14.1463 7.8619 7.8619 
11.1677 19.4924 22.7607 18.4199 12.2954 7.93095 7.93095 
10.6441 18.0595 21.7418 18.728 14.9429 7.94138 7.94138 
9.32206 19.7666 20.8709 19.0482 15.0504 7.97069 7.97069 
10.6785 19.8395 18.9694 18.9333 15.7309 7.92408 7.92408 
10.9437 20.0297 18.6056 18.6974 15.8874 7.91808 7.91808 
11.0274 18.952 18.3608 19.9767 15.794 7.94455 7.94455 
10.3917 18.7887 18.8256 19.8553 16.2118 7.9634 7.9634 
9.12846 19.0572 19.9746 20.6018 15.4093 7.91429 7.91429 
8.90721 19.9963 21.3459 19.5437 14.4975 7.85469 7.85469 
9.66425 19.3108 20.5399 19.4171 15.231 7.91848 7.91848 
11.2986 17.1612 20.8935 19.4083 15.4677 7.88534 7.88534 
11.3605 16.878 20.2528 19.5102 16.139 7.92974 7.92974 
10.316 19.4765 19.9498 19.5785 14.8024 7.93838 7.93838 
10.9363 20.7052 19.4089 19.6949 13.5333 7.8607 7.8607 
11.9161 20.1943 18.8673 20.1416 13.1015 7.88963 7.88963 
11.3152 19.859 18.9575 21.1422 12.9793 7.87338 7.87338 
11.9076 20.5064 18.9739 20.4269 12.3791 7.90304 7.90304 
11.2705 20.6605 19.8942 19.9419 12.4113 7.9108 7.9108 
9.82079 19.38 20.1281 21.3963 13.4454 7.91467 7.91467 
9.12452 19.485 19.6312 21.9738 13.8981 7.94367 7.94367 
9.42008 17.4439 21.664 22.0058 13.7026 7.88179 7.88179 
9.82632 17.7917 21.1808 21.468 13.9443 7.89438 7.89438 
10.5735 17.8581 20.614 20.0501 15.2269 7.8387 7.8387 
9.94877 19.4186 20.2138 20.2814 14.3733 7.88205 7.88205 
8.96072 20.5293 19.3324 21.0747 14.2482 7.92736 7.92736 
9.87942 20.3586 18.8211 20.5139 14.5185 7.95429 7.95429 
9.98779 20.9966 18.7856 19.6319 14.7112 7.94349 7.94349 
9.99389 21.0797 20.0905 18.5369 14.4486 7.92523 7.92523 
9.2223 21.1032 20.3739 19.0102 14.3839 7.95323 7.95323 
8.5775 21.4891 19.0812 19.7215 15.2448 7.94296 7.94296 
9.16403 21.1754 19.9714 20.0648 13.7449 7.93973 7.93973 
9.05061 21.4573 20.6137 18.1242 14.8435 7.95537 7.95537 
9.32826 21.6892 19.9128 18.2986 14.934 7.91857 7.91857 
9.51047 20.7737 19.4127 18.6055 15.9777 7.86 7.86 
9.79036 20.2229 18.8398 18.9046 16.4197 7.91126 7.91126 
9.38827 21.517 19.2125 18.6689 15.4679 7.87268 7.87268 
8.95479 22.2873 19.2554 19.1089 14.7515 7.82105 7.82105 
8.68412 21.4802 19.1229 20.3718 14.5873 7.87687 7.87687 
8.37794 19.8208 20.3238 21.1724 14.5806 7.8622 7.8622 
8.52065 19.6876 21.4243 21.2298 13.3547 7.8915 7.8915 
8.50561 18.4523 22.2687 22.1715 12.9273 7.83726 7.83726 
10.4256 16.8805 24.8381 21.3327 10.7847 7.86925 7.86925 
9.35916 15.8793 24.8581 23.8371 10.3923 7.83706 7.83706 
8.58763 16.3304 24.3831 23.6427 11.4031 7.82658 7.82658 
10.5589 14.7917 24.4807 23.0262 11.3642 7.88919 7.88919 
10.7363 13.8679 26.1997 23.0613 10.3775 7.87861 7.87861 
9.63355 14.5169 24.7112 25.1562 10.2835 7.84926 7.84926 
9.69482 16.4048 23.819 24.7732 9.65397 7.82707 7.82707 
10.403 16.6565 23.9868 22.1692 10.9864 7.89904 7.89904 
11.0243 16.1764 23.1326 22.8568 11.0628 7.87357 7.87357 
10.7753 16.6095 22.4686 23.5838 10.9199 7.8215 7.8215 
11.322 15.628 23.608 22.6505 11.1418 7.82489 7.82489 
10.7988 14.4556 22.9569 24.2325 11.9619 7.79716 7.79716 
10.2024 14.2475 23.5474 23.2 13.1238 7.83947 7.83947 
10.918 12.5693 23.4074 23.4812 13.8639 7.88013 7.88013 
10.0045 12.6244 23.4262 23.9415 14.2286 7.88743 7.88743 
9.90173 12.3423 24.4015 23.2773 14.4007 7.83819 7.83819 
11.2162 12.1908 24.6086 23.9237 12.3601 7.8503 7.8503 
10.4209 12.2451 25.9407 23.3255 12.4635 7.80215 7.80215 
10.766 11.2813 27.1238 23.9643 11.1259 7.86933 7.86933 
11.3041 12.4828 26.9829 22.3769 11.0893 7.88203 7.88203 
12.5288 11.399 26.8153 23.9392 9.69936 7.80921 7.80921 
12.333 10.3169 26.7322 25.0303 9.86287 7.86239 7.86239 
11.3252 9.92035 27.3872 26.404 9.16424 7.89945 7.89945 
11.0535 9.9467 27.0359 27.6225 8.62525 7.85808 7.85808 
11.1133 10.5599 27.3448 26.3811 8.92156 7.83965 7.83965 
11.3053 11.296 26.774 26.5595 8.47148 7.79683 7.79683 
10.15 10.4099 27.1436 26.9041 9.65902 7.86667 7.86667 
10.1282 10.3911 27.9335 26.218 9.48376 7.9227 7.9227 
11.2469 9.36223 27.4076 26.5499 9.715 7.8592 7.8592 
11.9871 8.70709 28.1194 26.7814 8.7536 7.8257 7.8257 
12.5998 8.62816 29.2151 25.6964 8.26281 7.79886 7.79886 
12.2227 8.99727 27.2797 27.5865 8.1259 7.89392 7.89392 
11.9697 9.67575 28.0813 25.9186 8.55886 7.89791 7.89791 
12.4945 9.54702 27.1985 26.5327 8.57306 7.82707 7.82707 
11.1084 11.3013 27.0715 26.7386 8.17542 7.80243 7.80243 
11.9542 11.384 27.6691 24.9693 8.22104 7.90121 7.90121 
12.5231 10.8452 26.6479 25.298 8.98517 7.85033 7.85033 
12.2787 13.0157 27.7939 22.9642 8.36078 7.79336 7.79336 
12.3365 12.705 28.6857 21.9046 8.68743 7.84034 7.84034 
11.8663 12.0505 27.5907 23.6304 9.04457 7.90877 7.90877 
12.2181 11.1929 27.4825 24.1057 9.27089 7.865 7.865 
12.3772 9.82384 26.1319 25.9012 10.029 7.86836 7.86836 
13.6957 10.1527 25.6722 25.6985 8.98052 7.90019 7.90019 
12.8753 9.5969 25.9868 26.4109 9.28478 7.9227 7.9227 
12.191 10.9628 25.0482 25.9452 9.98486 7.93395 7.93395 
12.383 10.8706 25.2486 25.8468 9.93255 7.85919 7.85919 
12.6887 11.085 26.0424 25.494 8.92108 7.8844 7.8844 
12.4777 10.6092 27.8212 24.2137 8.99387 7.9422 7.9422 
13.4812 10.1792 27.2811 24.3631 8.95376 7.87082 7.87082 
12.9204 9.584 26.4214 26.5074 8.83081 7.86799 7.86799 
13.2784 9.07008 26.0449 25.9542 10.0304 7.811 7.811 
13.0599 9.04324 27.0935 25.2722 9.79661 7.86725 7.86725 
12.9068 9.44915 27.3149 25.8245 8.81135 7.84667 7.84667 
13.4956 10.2175 25.6293 26.5742 8.34934 7.867 7.867 
14.509 9.88489 26.546 24.7796 8.65228 7.8141 7.8141 
14.0412 9.37458 27.4004 25.4092 8.20426 7.78516 7.78516 
14.0542 9.27444 26.3913 25.5486 8.99509 7.86812 7.86812 
13.5986 10.3515 27.1957 23.4886 9.49755 7.93406 7.93406 
13.8374 10.4543 28.114 22.5947 9.1476 7.92597 7.92597 
15.0977 9.8568 28.1002 22.8714 8.43183 7.82101 7.82101 
16.0104 8.9284 28.5116 22.5126 8.21591 7.91051 7.91051 
16.6817 9.02302 28.0793 21.9916 8.37266 7.92584 7.92584 
16.5687 8.46721 28.122 22.3882 8.61671 7.91862 7.91862 
17.4797 9.11866 27.423 21.2516 9.04973 7.83862 7.83862 
17.5545 9.1186 28.1492 20.9601 8.47624 7.87068 7.87068 
18.8734 8.72597 28.4977 19.6147 8.7253 7.78149 7.78149 
17.5364 8.56859 29.5136 20.0877 8.72402 7.78483 7.78483 
16.1076 9.02436 28.6712 22.1234 8.33754 7.86795 7.86795 
16.8862 9.0032 28.2578 22.1395 8.06099 7.82619 7.82619 
16.7512 8.73121 28.6304 22.097 8.10904 7.84059 7.84059 
16.6339 8.56981 27.8287 23.3608 7.95843 7.8242 7.8242 
16.7809 8.2034 29.1181 22.3387 7.89771 7.83059 7.83059 
18.0367 7.96022 29.1893 21.298 7.96815 7.77382 7.77382 
18.4936 8.06174 29.3177 20.5615 7.91993 7.82277 7.82277 
18.6895 8.98443 29.6743 19.2591 7.82994 7.78135 7.78135 
18.5114 8.65888 28.6705 20.4629 7.91497 7.89068 7.89068 
18.6403 8.32944 28.7968 19.7699 8.57287 7.94534 7.94534 
19.61 8.07776 29.181 19.1603 8.19948 7.88571 7.88571 
18.7919 8.61405 27.499 20.8547 8.5115 7.86442 7.86442 
16.4247 8.30063 28.446 22.2484 8.7286 7.92582 7.92582 
15.7881 8.55803 29.2368 22.1435 8.35879 7.9574 7.9574 
15.8149 8.56944 28.9748 22.6229 8.13979 7.9391 7.9391 
16.2686 8.13088 29.7048 22.3482 7.91605 7.8157 7.8157 
14.9814 8.68327 28.3874 24.2314 7.93892 7.88874 7.88874 
13.9907 8.34164 27.3604 26.4491 7.96946 7.94437 7.94437 
15.0812 8.29623 28.6967 24.1156 7.94513 7.93258 7.93258 
16.2985 8.12901 27.5649 24.1597 7.95345 7.94718 7.94718 
15.1985 8.8186 28.0447 24.211 7.91115 7.90802 7.90802 
15.9326 8.661 26.7775 24.6905 8.20728 7.86557 7.86557 
14.7564 8.65149 27.7406 25.3082 7.96166 7.79081 7.79081 
14.954 8.26514 28.2642 24.7753 8.07174 7.8348 7.8348 
15.8962 8.25628 27.5342 24.587 7.98776 7.86929 7.86929 
18.0474 8.10165 27.0121 22.8895 8.13295 7.90815 7.90815 
17.0237 8.05083 27.0445 23.9063 8.06648 7.95408 7.95408 
18.3125 8.01212 26.9774 22.7505 8.01995 7.96375 7.96375 
18.3796 7.88956 28.5372 21.5694 7.89347 7.86537 7.86537 
18.6913 7.83886 26.7297 23.2458 7.84082 7.82677 7.82677 
16.9263 8.43556 29.1713 22.1068 7.79138 7.78435 7.78435 
18.3947 8.15614 28.9692 20.8137 8.00528 7.83053 7.83053 
18.4566 8.79187 28.2893 21.0129 7.87469 7.78732 7.78732 
18.5939 8.32343 28.9483 20.6273 7.86484 7.82115 7.82115 
20.6108 8.72376 28.8902 17.9779 8.31198 7.74269 7.74269 
22.595 8.23393 29.765 15.8913 8.02804 7.7434 7.7434 
22.9074 7.98694 30.672 15.0664 7.88399 7.74167 7.74167 
23.0856 7.98652 28.1832 17.0818 7.93505 7.86389 7.86389 
23.9554 7.83942 27.9028 16.9325 7.81368 7.7781 7.7781 
23.5549 7.77877 30.3943 14.6743 8.10147 7.74811 7.74811 
25.205 7.77631 28.6247 14.9343 7.93766 7.76098 7.76098 
25.5989 7.85927 29.2943 13.6043 7.93995 7.85161 7.85161 
26.1865 7.8006 28.0343 14.5441 7.84094 7.79677 7.79677 
26.324 7.9003 28.7864 13.2721 7.92047 7.89839 7.89839 
25.7387 7.93788 27.5834 14.9182 7.94797 7.93692 7.93692 
27.4595 7.90337 27.7261 13.1968 7.90841 7.90289 7.90289 
28.3639 8.06754 28.6496 11.1716 7.91762 7.91486 7.91486 
27.6011 8.07789 29.5822 11.1005 8.00293 7.81772 7.81772 
26.2519 7.92999 31.5226 10.4141 8.08707 7.79991 7.99446 
27.1743 7.89249 30.4139 10.7962 7.97103 7.82745 7.92472 
26.4753 7.82823 30.269 11.9198 7.8675 7.79571 7.84435 
25.4195 7.91412 28.5891 14.3235 7.93375 7.89786 7.92218 
26.191 7.88197 28.1171 14.1584 7.89179 7.87384 7.886 
25.4352 7.9474 28.6419 14.6112 7.79205 7.78308 7.78915 
26.1792 7.81985 29.0645 13.7159 7.74218 7.73769 7.74073 
25.2164 8.20097 30.7636 12.0818 8.16213 7.78676 7.78828 
25.3411 7.98247 30.4439 12.7179 7.96305 7.77537 7.77613 
26.5415 7.8622 28.9316 13.2944 7.8525 7.75865 7.75903 
24.441 8.00912 30.246 13.9167 7.82696 7.78003 7.78022 
24.284 7.97281 29.0912 15.0536 7.88173 7.85827 7.85837 
23.6099 8.42066 28.0013 16.2424 7.9164 7.90467 7.90472 
23.4826 8.1577 28.9677 15.687 7.90557 7.8997 7.89973 
23.3059 7.99041 27.409 17.7074 7.86435 7.86142 7.86143 
23.5357 8.47052 27.9021 16.2611 8.25316 7.78873 7.78874 
24.9785 8.08141 28.6667 14.8195 7.97273 7.74052 7.74052 
26.4548 8.00622 28.8161 13.0994 7.95188 7.83578 7.83578 
26.2642 8.91109 28.3651 12.6847 7.96367 7.90562 7.90562 
27.1027 8.68348 28.7046 12.0409 7.84213 7.8131 7.8131 
27.4027 8.56472 29.3861 11.2569 7.8062 7.79169 7.79169 
27.5997 8.35015 30.2863 10.2047 7.9709 7.79415 7.79415 
26.7127 8.67958 30.1581 10.9582 7.88935 7.80098 7.80098 
27.0527 8.30019 29.2705 11.7497 7.90507 7.86089 7.86089 
26.8944 8.49037 29.2186 11.604 7.94559 7.9235 7.9235 
26.1383 8.67944 29.8998 11.4595 7.94833 7.93728 7.93728 
26.4996 8.22321 29.3512 12.3641 7.85766 7.85214 7.85214 
28.2498 8.07712 28.8135 11.182 7.89435 7.89159 7.89159 
28.9333 8.39396 29.3893 9.94642 7.77993 7.77855 7.77855 
27.8469 8.77445 31.0679 9.0225 7.7632 7.76251 7.76251 
29.2101 8.36811 29.7059 9.12909 7.86249 7.86215 7.86215 
29.4535 8.578 28.1863 10.1706 7.87064 7.87047 7.87047 
28.8537 8.25725 28.6963 10.4821 7.90357 7.90349 7.90349 
29.7394 8.03488 28.5669 10.0848 7.85804 7.85799 7.85799 
28.1676 7.91815 31.1274 9.12042 8.00703 7.82971 7.82971 
27.8579 7.95356 30.0265 10.3453 7.99801 7.90934 7.90934 
28.456 8.19975 28.8646 10.9159 7.88414 7.83981 7.83981 
28.2544 8.06027 29.4488 10.5735 7.90247 7.8803 7.8803 
27.4378 8.29635 31.1067 9.3823 8.0468 7.86506 7.86506 
28.7189 8.01914 30.7146 9.04599 7.89437 7.8035 7.8035 
29.2966 8.09762 29.98 9.08274 7.878 7.83257 7.83257 
29.9978 8.00018 28.9717 9.40459 7.89037 7.86765 7.86765 
28.4664 8.17966 29.037 10.5846 8.12475 7.80379 7.80379 
28.0263 8.00832 28.4683 11.8754 7.98087 7.82039 7.82039 
28.2237 8.03925 29.8482 10.4991 7.85008 7.76985 7.76985 
26.2014 8.945 29.9987 11.5182 7.80564 7.76552 7.76552 
27.1386 8.73117 29.6681 10.9642 7.84604 7.82598 7.82598 
27.9821 8.81399 29.6027 10.1084 7.83761 7.82758 7.82758 
26.0878 8.76183 30.9304 10.6994 7.95106 7.78476 7.78476 
27.4805 8.43021 31.3103 9.39898 7.84877 7.76562 7.76562 
28.1173 8.20872 29.0737 10.9295 7.918 7.87642 7.87642 
25.8697 8.82877 30.088 10.7797 8.28971 8.26892 7.87522 
26.0467 8.43536 29.3797 12.0332 8.34066 7.98061 7.78376 
27.4069 8.15604 28.5597 12.0098 8.10868 7.92866 7.83024 
25.6265 8.11648 31.3952 11.1972 8.0928 7.81049 7.76127 
24.2418 8.05824 30.6976 13.17 8.0464 7.90524 7.88064 
25.8497 7.92743 29.9251 12.6867 7.92151 7.85093 7.83862 
25.5583 7.8783 30.9768 12.0373 7.87534 7.84005 7.8339 
24.641 8.29351 29.6025 13.9766 7.84158 7.82393 7.82086 
26.3934 8.12026 28.0463 13.7764 7.8943 7.88548 7.88394 
26.1791 7.91978 28.9354 13.5549 7.8068 7.80239 7.80162 
27.1521 8.12656 29.2247 11.6385 8.07007 7.89425 7.89386 
26.8018 7.93425 29.1285 12.5935 7.906 7.81809 7.8179 
26.5689 7.97476 30.7856 11.2586 7.96063 7.72584 7.72574 
26.7271 7.9218 31.1305 10.7112 7.91474 7.79735 7.7973 
26.0828 8.49307 30.1851 11.6422 7.90474 7.84604 7.84602 
26.266 8.23204 29.0418 12.7051 7.93788 7.90853 7.90852 
26.4789 8.25136 28.9946 12.5556 7.91631 7.90163 7.90163 
24.4237 9.22436 29.6289 12.8567 8.07 7.89818 7.89818 
25.8194 8.56788 28.7385 13.0739 7.99069 7.90479 7.90479 
26.8272 8.57947 27.4277 13.4098 7.94724 7.90428 7.90428 
25.3854 8.51509 30.6152 11.9866 7.84686 7.82538 7.82538 
26.0478 8.49207 30.1285 11.8565 7.83222 7.82149 7.82149 
26.4467 8.1051 29.326 12.8074 7.77517 7.7698 7.7698 
27.1122 8.0456 29.0727 12.1329 7.88064 7.87796 7.87796 
26.1301 8.75653 29.773 11.5398 7.9344 7.93306 7.93306 
26.4671 8.33015 27.6013 13.8455 7.91909 7.91842 7.91842 
25.2817 8.18114 30.0657 12.5452 7.97561 7.97527 7.97527 
25.2271 8.2285 30.0329 12.4795 8.12574 7.95315 7.95315 
25.6135 8.11425 29.6831 12.5731 8.06287 7.97658 7.97658 
25.6732 7.96592 28.5223 14.1041 7.94023 7.89708 7.89708 
27.0322 7.92618 28.299 13.0458 7.91333 7.89176 7.89176 
26.9655 7.91879 28.2318 13.1684 7.91236 7.90158 7.90158 
26.8045 8.11164 29.3408 11.9475 7.93542 7.93003 7.93003 
26.18 7.94471 30.9667 11.3441 7.8566 7.8539 7.8539 
26.1335 8.17525 30.7007 11.4692 7.84134 7.83999 7.83999 
25.7677 7.94615 29.4983 13.4516 7.77919 7.77852 7.77852 
26.1141 7.92496 29.0103 13.4268 7.84149 7.84115 7.84115 
24.9906 8.64526 29.6109 13.2089 7.84824 7.84807 7.84807 
26.1007 8.57433 29.2612 12.5568 7.83568 7.8356 7.8356 
26.1903 8.21208 29.477 12.5924 7.84276 7.84271 7.84271 
24.4101 8.08158 29.4174 14.4002 7.89691 7.89689 7.89689 
24.8348 8.19304 29.2416 13.9475 7.9277 7.92768 7.92768 
26.363 8.00808 28.2262 13.7765 7.87541 7.87541 7.87541 
24.6569 7.93847 29.6869 14.1013 7.87213 7.87213 7.87213 
23.7057 7.86145 29.6638 15.2842 7.82828 7.82828 7.82828 
23.7234 7.88756 28.6808 16.0953 7.87098 7.87097 7.87097 
24.3617 7.93684 28.0557 15.8602 7.92854 7.92854 7.92854 
23.8865 7.81457 28.7436 15.6224 8.3121 7.81043 7.81043 
22.8553 7.81608 28.8669 16.7689 8.06484 7.81401 7.81401 
24.9169 7.86487 30.2608 13.2405 7.98926 7.86384 7.86384 
