5 2000 100 20
16 16 16 16 16 16 
15.9545 12.8295 18.2273 16.8068 19.0795 15.1023 
14.9003 12.7609 18.3444 18.0188 19.5398 15.4358 
15.0773 11.6771 17.8586 18.5433 20.9987 15.345 
16.9504 10.7405 17.1646 18.4873 21.6758 14.7313 
16.8443 11.3788 15.8784 20.1879 21.9967 13.5888 
17.0585 10.6894 14.9847 20.5485 22.5893 14.0671 
18.3546 10.1482 13.6059 19.6629 23.3034 14.8938 
19.0807 11.1127 11.8754 18.5271 25.4198 13.9687 
19.8852 10.4825 11.849 17.6379 25.5178 14.6198 
18.9734 10.3073 13.854 18.5106 24.2126 14.1381 
17.82 10.1086 15.0351 19.3904 23.3676 14.2763 
17.8472 9.88523 13.7978 21.0479 23.0364 14.3845 
17.9712 9.94261 12.8513 21.2382 23.6611 14.3351 
18.6554 9.92414 12.3219 21.704 22.9154 14.4789 
18.6579 9.98599 12.6203 22.096 22.7017 13.938 
17.6971 9.80471 13.6323 22.5543 20.5559 15.7556 
15.9597 9.79124 13.705 21.9438 22.5002 16.1 
15.3872 9.75673 13.797 24.1664 22.1297 14.763 
15.9886 9.71708 12.4284 23.8343 23.7377 14.2939 
16 16 16 16 16 16 
12.7904 12.7904 16.6826 23.2695 18.7784 13.6886 
15.5789 12.1095 15.8923 20.4102 20.4096 14.5994 
15.1665 14.0466 15.1183 18.1969 21.4753 15.4964 
16.6558 12.87 14.414 17.163 23.036 15.6111 
17.5329 11.6652 12.8555 19.2509 23.8611 14.7093 
18.1807 12.3179 13.1223 17.1569 24.2737 14.886 
17.6489 11.7896 13.7684 18.2631 23.1729 15.3259 
18.3897 11.1122 13.8407 18.6968 23.1082 14.8369 
18.4054 10.6 15.2537 17.6817 22.519 15.5325 
18.4947 10.1672 15.3702 19.2391 21.879 14.8459 
17.9232 10.1064 12.9362 20.3501 22.5833 16.0987 
18.4854 10.0316 14.4768 19.4824 21.0319 16.4909 
18.6313 9.81928 13.3519 20.2216 21.6513 16.3241 
18.9216 10.0821 11.6021 21.1945 22.6483 15.5512 
17.5889 10.2134 12.205 23.4051 21.9153 14.6721 
16.642 10.0395 13.2774 23.586 21.72 14.7352 
16.6901 9.95535 13.9348 24.4539 20.9458 14.0199 
16.545 9.97768 15.1674 23.627 19.6729 15.01 
17.5398 9.94573 15.7734 20.8652 20.6123 15.2636 
16 16 16 16 16 16 
16.1081 12.8649 14.4865 18.8108 19.8919 15.8378 
16.451 11.5851 14.1135 20.6649 20.4421 15.7433 
16.3283 11.7214 12.9856 21.3997 22.6717 14.3934 
16.9094 11.7542 14.6677 21.7264 21.602 13.0902 
17.124 11.5223 13.3822 21.1455 23.301 13.4 
15.8307 10.8272 15.5017 21.8062 22.6637 13.3079 
15.6426 10.4136 15.4781 21.5849 22.6955 14.154 
16.1547 10.0679 15.8409 22.598 22.2274 13.0955 
17.0326 10.5066 13.8906 21.7468 22.3077 14.5079 
17.4682 10.0568 14.1505 22.0088 22.5076 13.8042 
16.9788 10.8795 12.9263 22.7065 21.8921 14.6149 
15.9521 10.4149 12.1846 23.7911 21.145 16.5114 
15.5191 10.1643 13.2043 23.9645 20.7018 16.4454 
14.8716 10.0391 13.0677 23.4047 21.7733 16.8434 
14.254 10.0195 15.3975 23.066 20.6594 16.6035 
14.4492 9.82148 14.3933 23.8761 20.9992 16.4607 
16.4174 9.84348 13.4747 22.9246 21.9346 15.4053 
16.6532 9.81063 13.1818 22.129 22.5228 15.7026 
16.5041 9.81186 13.1329 22.0458 22.71 15.7952 
16 16 16 16 16 16 
16.642 13.2469 15.716 17.2593 18.8025 16.3333 
16.2575 12.179 14.4056 20.1376 20.1155 15.9048 
15.7287 12.0895 14.0028 20.2688 21.2578 16.1524 
16.0189 11.4096 13.6538 20.2202 21.3585 17.0891 
16.0663 11.629 12.988 20.2997 23.0015 15.8905 
16.1183 10.9209 14.1536 21.852 22.3518 14.541 
14.4572 11.8585 13.2379 21.8265 23.4982 15.0904 
15.1115 10.8842 12.2496 21.2736 24.5869 15.8785 
15.8891 10.4421 11.601 21.113 24.4363 16.5107 
16.7428 10.1567 12.6674 21.5007 23.377 15.5515 
18.2813 10.0333 11.2887 20.8855 22.9497 16.5595 
18.5827 9.95227 10.58 21.6015 23.0629 16.2197 
17.5892 9.86975 11.2474 22.7157 21.957 16.6205 
16.5532 9.89177 11.4427 23.2113 23.0474 15.8533 
16.1279 9.90456 12.5395 24.0023 22.2675 15.1581 
17.5761 10.3181 11.6356 22.9768 22.5972 14.8961 
17.2663 10.1591 12.3395 21.271 24.1247 14.8394 
16.7612 10.2519 12.0811 21.7192 24.6239 14.5625 
17.3168 10.0196 12.6363 21.7107 23.3758 14.9408 
16 16 16 16 16 16 
15.0588 13 15.6471 20.9412 18 15.3529 
15.3652 12.4701 17.3385 22.784 17.5821 13.4601 
15.8266 11.5381 19.2753 21.0511 18.2607 13.5482 
14.5171 11.2408 19.6376 22.035 17.9983 14.3213 
13.7291 10.5223 18.0541 23.5665 19.9795 14.0234 
15.1615 10.938 16.669 22.4819 20.4701 14.2169 
15.4239 10.9592 14.8051 24.1821 20.039 14.5594 
16.4839 10.9621 14.6394 21.5209 22.0809 14.2973 
17.518 10.4584 15.2382 22.5252 20.9952 13.2572 
16.9749 10.3935 13.7224 23.9386 21.5305 13.4361 
15.9535 10.1741 15.2322 23.0553 22.3037 13.2791 
15.6691 10.0644 15.0822 22.3874 22.6903 14.1056 
17.3467 10.642 12.9069 21.1937 22.8086 15.1016 
17.2319 10.2759 12.7598 22.5338 22.6655 14.5328 
16.9086 10.5038 11.9896 21.2669 24.0157 15.3152 
18.5528 10.4243 11.9062 20.732 24.0768 14.3078 
18.6066 9.99685 11.2162 21.1315 24.7178 14.3309 
20.0176 9.90914 10.9653 20.3872 24.4125 14.3083 
18.414 9.91147 12.3792 20.9695 23.1976 15.1283 
