1 1 [[0: 0, 1, ], ] 0
1 2 [[0: 0, 2, ], [1: 1, ], ] 1
1 3 [[0: 0, 2, ], [1: 1, ], [2: 3, ], ] 2
1 4 [[0: 0, 1, ], [1: 4, ], [2: 2, ], [3: 3, ], ] 3
1 5 [[0: 0, 1, ], [1: 4, ], [2: 3, ], [3: 2, ], [4: 5, ], ] 4
1 6 [[0: 0, 1, ], [1: 3, ], [2: 5, ], [3: 6, ], [4: 2, ], [5: 4, ], ] 5
1 7 [[0: 0, 1, ], [1: 4, ], [2: 3, ], [3: 6, ], [4: 5, ], [5: 7, ], [6: 2, ], ] 6
1 8 [[0: 0, 1, ], [1: 6, ], [2: 5, ], [3: 7, ], [4: 8, ], [5: 2, ], [6: 3, ], [7: 4, ], ] 7
1 9 [[0: 0, 3, ], [1: 4, ], [2: 8, ], [3: 1, ], [4: 6, ], [5: 5, ], [6: 7, ], [7: 2, ], [8: 9, ], ] 8
1 10 [[0: 0, 1, ], [1: 3, ], [2: 4, ], [3: 6, ], [4: 5, ], [5: 8, ], [6: 10, ], [7: 9, ], [8: 7, ], [9: 2, ], ] 9
1 11 [[0: 0, 1, ], [1: 9, ], [2: 7, ], [3: 10, ], [4: 5, ], [5: 11, ], [6: 2, ], [7: 4, ], [8: 6, ], [9: 8, ], [10: 3, ], ] 10
1 12 [[0: 0, 7, ], [1: 8, ], [2: 11, ], [3: 12, ], [4: 1, ], [5: 10, ], [6: 9, ], [7: 6, ], [8: 5, ], [9: 2, ], [10: 3, ], [11: 4, ], ] 11
1 13 [[0: 0, 11, ], [1: 1, ], [2: 7, ], [3: 12, ], [4: 13, ], [5: 2, ], [6: 4, ], [7: 9, ], [8: 5, ], [9: 10, ], [10: 6, ], [11: 8, ], [12: 3, ], ] 12
1 14 [[0: 0, 9, ], [1: 1, ], [2: 7, ], [3: 5, ], [4: 11, ], [5: 6, ], [6: 13, ], [7: 2, ], [8: 3, ], [9: 4, ], [10: 14, ], [11: 8, ], [12: 12, ], [13: 10, ], ] 13
1 15 [[0: 0, 8, ], [1: 3, ], [2: 4, ], [3: 1, ], [4: 10, ], [5: 5, ], [6: 12, ], [7: 15, ], [8: 6, ], [9: 14, ], [10: 11, ], [11: 13, ], [12: 7, ], [13: 2, ], [14: 9, ], ] 14
1 16 [[0: 0, 1, ], [1: 15, ], [2: 4, ], [3: 6, ], [4: 7, ], [5: 11, ], [6: 13, ], [7: 9, ], [8: 2, ], [9: 3, ], [10: 16, ], [11: 14, ], [12: 8, ], [13: 12, ], [14: 10, ], [15: 5, ], ] 15
1 17 [[0: 0, 8, ], [1: 15, ], [2: 13, ], [3: 10, ], [4: 6, ], [5: 5, ], [6: 1, ], [7: 7, ], [8: 16, ], [9: 3, ], [10: 14, ], [11: 11, ], [12: 17, ], [13: 2, ], [14: 4, ], [15: 9, ], [16: 12, ], ] 16
1 18 [[0: 0, 7, ], [1: 13, ], [2: 11, ], [3: 2, ], [4: 18, ], [5: 9, ], [6: 15, ], [7: 3, ], [8: 1, ], [9: 6, ], [10: 16, ], [11: 14, ], [12: 8, ], [13: 12, ], [14: 10, ], [15: 17, ], [16: 4, ], [17: 5, ], ] 17
1 19 [[0: 0, 15, ], [1: 13, ], [2: 3, ], [3: 10, ], [4: 8, ], [5: 5, ], [6: 17, ], [7: 1, ], [8: 2, ], [9: 19, ], [10: 7, ], [11: 11, ], [12: 14, ], [13: 4, ], [14: 9, ], [15: 6, ], [16: 18, ], [17: 16, ], [18: 12, ], ] 18
1 20 [[0: 0, 1, ], [1: 15, ], [2: 6, ], [3: 14, ], [4: 3, ], [5: 11, ], [6: 12, ], [7: 7, ], [8: 18, ], [9: 2, ], [10: 20, ], [11: 13, ], [12: 8, ], [13: 10, ], [14: 9, ], [15: 19, ], [16: 16, ], [17: 17, ], [18: 4, ], [19: 5, ], ] 19
2 2 [[0: 0, 2, ], [1: 1, 3, ], ] 2
2 3 [[0: 0, 2, ], [1: 4, ], [2: 1, 3, ], ] 4
2 4 [[0: 0, 1, 2, 5, ], [1: 0, 1, 3, 4, ], ] 5
2 5 [[0: 0, 1, 2, 6, ], [1: 0, 1, 3, 5, ], [2: 4, ], ] 7
2 6 [[0: 0, 1, 4, 7, ], [1: 0, 1, 2, 6, ], [2: 0, 1, 3, 5, ], ] 8
2 7 [[0: 0, 1, 2, 5, ], [1: 0, 1, 4, 8, ], [2: 0, 1, 6, 7, ], [3: 3, ], ] 10
2 8 [[0: 0, 1, 2, 8, ], [1: 0, 1, 4, 6, ], [2: 0, 1, 5, 9, ], [3: 0, 1, 3, 7, ], ] 11
2 9 [[0: 0, 1, 5, 7, ], [1: 0, 1, 2, 10, ], [2: 0, 1, 8, 9, ], [3: 6, ], [4: 3, ], [5: 4, ], ] 14
2 10 [[0: 0, 1, 8, 9, ], [1: 3, ], [2: 0, 1, 5, 11, ], [3: 0, 1, 2, 4, ], [4: 0, 1, 6, 10, ], [5: 7, ], ] 15
2 11 [[0: 0, 1, 8, 11, ], [1: 0, 1, 7, 9, ], [2: 0, 1, 2, 10, ], [3: 0, 1, 4, 5, ], [4: 3, ], [5: 12, ], [6: 6, ], ] 17
2 12 [[0: 0, 1, 9, 11, ], [1: 0, 1, 6, 7, ], [2: 0, 1, 10, 12, ], [3: 13, ], [4: 0, 1, 4, 8, ], [5: 0, 1, 2, 3, ], [6: 5, ], ] 18
2 13 [[0: 13, ], [1: 0, 1, 8, 9, ], [2: 7, ], [3: 0, 1, 5, 10, ], [4: 0, 1, 11, 14, ], [5: 0, 1, 2, 12, ], [6: 3, ], [7: 0, 1, 4, 6, ], ] 20
2 14 [[0: 0, 1, 4, 10, ], [1: 0, 1, 5, 7, ], [2: 0, 1, 6, 9, ], [3: 0, 1, 2, 14, ], [4: 0, 1, 8, 15, ], [5: 0, 1, 11, 13, ], [6: 3, ], [7: 12, ], ] 21
2 15 [[0: 16, ], [1: 0, 1, 3, 15, ], [2: 0, 1, 6, 11, ], [3: 0, 1, 8, 12, ], [4: 0, 1, 7, 13, ], [5: 14, ], [6: 0, 1, 4, 5, ], [7: 9, ], [8: 2, ], [9: 10, ], ] 24
2 16 [[0: 0, 1, 5, 7, ], [1: 0, 1, 10, 15, ], [2: 0, 1, 3, 11, ], [3: 0, 1, 2, 17, ], [4: 0, 1, 9, 14, ], [5: 6, ], [6: 8, ], [7: 13, ], [8: 4, ], [9: 16, ], [10: 12, ], ] 26
2 17 [[0: 0, 1, 2, 16, ], [1: 0, 1, 6, 15, ], [2: 0, 1, 4, 13, ], [3: 14, ], [4: 0, 1, 11, 18, ], [5: 0, 1, 8, 10, ], [6: 0, 1, 12, 17, ], [7: 3, ], [8: 7, ], [9: 9, ], [10: 5, ], ] 27
2 18 [[0: 0, 1, 10, 11, ], [1: 3, ], [2: 0, 1, 14, 16, ], [3: 0, 1, 5, 15, ], [4: 0, 1, 18, 19, ], [5: 0, 1, 8, 12, ], [6: 0, 1, 4, 13, ], [7: 0, 1, 2, 6, ], [8: 7, ], [9: 9, ], [10: 17, ], ] 28
2 19 [[0: 0, 1, 7, 20, ], [1: 0, 1, 6, 12, ], [2: 0, 1, 11, 15, ], [3: 0, 1, 9, 14, ], [4: 0, 1, 4, 17, ], [5: 10, ], [6: 0, 1, 13, 19, ], [7: 0, 1, 3, 5, ], [8: 2, ], [9: 16, ], [10: 18, ], [11: 8, ], ] 30
2 20 [[0: 0, 1, 5, 20, ], [1: 21, ], [2: 0, 1, 4, 17, ], [3: 0, 1, 3, 13, ], [4: 0, 1, 2, 7, ], [5: 0, 1, 15, 18, ], [6: 14, ], [7: 8, ], [8: 0, 1, 12, 19, ], [9: 0, 1, 6, 11, ], [10: 10, ], [11: 9, ], [12: 16, ], ] 32
3 3 [[0: 0, 4, ], [1: 2, 3, ], [2: 1, 5, ], ] 6
3 4 [[0: 0, 1, 2, 5, 6, ], [1: 0, 1, 2, 3, 4, ], ] 8
3 5 [[0: 0, 5, ], [1: 1, 4, ], [2: 7, ], [3: 6, ], [4: 2, 3, ], ] 12
3 6 [[0: 0, 1, 2, 4, 7, ], [1: 0, 1, 2, 6, 8, ], [2: 0, 1, 2, 3, 5, ], ] 12
3 7 [[0: 0, 1, 2, 5, 6, ], [1: 0, 1, 2, 4, 9, ], [2: 0, 1, 2, 3, 7, 8, ], ] 14
3 8 [[0: 0, 1, 2, 3, 7, ], [1: 0, 1, 2, 4, 5, 10, ], [2: 0, 1, 2, 6, 8, 9, ], ] 16
3 9 [[0: 0, 1, 2, 3, 4, ], [1: 0, 1, 2, 5, 8, 10, ], [2: 0, 1, 2, 6, 7, ], [3: 0, 1, 2, 9, 11, ], ] 18
3 10 [[0: 0, 1, 2, 4, 5, 7, ], [1: 0, 1, 2, 9, 11, 12, ], [2: 0, 1, 2, 6, 10, ], [3: 0, 1, 2, 3, 8, ], ] 20
3 11 [[0: 0, 1, 2, 3, 4, 13, ], [1: 0, 1, 2, 5, 7, 8, ], [2: 0, 1, 2, 6, 9, 11, ], [3: 0, 1, 2, 10, 12, ], ] 22
3 12 [[0: 0, 1, 2, 9, 12, 14, ], [1: 0, 1, 2, 4, 7, 10, ], [2: 0, 1, 2, 3, 6, 8, ], [3: 0, 1, 2, 5, 11, 13, ], ] 24
3 13 [[0: 0, 1, 2, 4, 10, 14, ], [1: 0, 1, 2, 6, 11, ], [2: 0, 1, 2, 3, 5, 9, ], [3: 0, 1, 2, 7, 8, 13, ], [4: 0, 1, 2, 12, 15, ], ] 26
3 14 [[0: 0, 1, 2, 6, 7, 9, ], [1: 0, 1, 2, 10, 11, 16, ], [2: 0, 1, 2, 4, 8, 12, ], [3: 0, 1, 2, 3, 5, ], [4: 0, 1, 2, 13, 14, 15, ], ] 28
3 15 [[0: 0, 1, 2, 8, 11, 12, ], [1: 0, 1, 2, 10, 15, 16, ], [2: 0, 1, 2, 4, 5, ], [3: 0, 1, 2, 3, 6, 9, ], [4: 0, 1, 2, 7, 17, ], [5: 0, 1, 2, 13, 14, ], ] 30
3 16 [[0: 0, 1, 2, 4, 16, 18, ], [1: 0, 1, 2, 9, 10, ], [2: 0, 1, 2, 6, 8, 17, ], [3: 0, 1, 2, 5, 11, 14, ], [4: 0, 1, 2, 3, 7, 15, ], [5: 0, 1, 2, 12, 13, ], ] 32
3 17 [[0: 0, 1, 2, 8, 10, 18, ], [1: 0, 1, 2, 7, 9, 12, ], [2: 0, 1, 2, 11, 13, 17, ], [3: 0, 1, 2, 5, 14, 19, ], [4: 0, 1, 2, 3, 4, 15, ], [5: 0, 1, 2, 6, 16, ], ] 34
3 18 [[0: 0, 1, 2, 8, 15, 20, ], [1: 0, 1, 2, 4, 5, 10, ], [2: 0, 1, 2, 6, 9, ], [3: 0, 1, 2, 12, 18, 19, ], [4: 0, 1, 2, 7, 11, 17, ], [5: 0, 1, 2, 3, 16, ], [6: 0, 1, 2, 13, 14, ], ] 36
3 19 [[0: 0, 1, 2, 9, 16, 17, ], [1: 0, 1, 2, 4, 5, 11, ], [2: 0, 1, 2, 3, 6, 13, ], [3: 0, 1, 2, 15, 18, ], [4: 0, 1, 2, 10, 19, 21, ], [5: 0, 1, 2, 8, 12, 14, ], [6: 0, 1, 2, 7, 20, ], ] 38
3 20 [[0: 0, 1, 2, 17, 21, ], [1: 0, 1, 2, 7, 13, 18, ], [2: 0, 1, 2, 14, 16, 19, ], [3: 0, 1, 2, 4, 10, 15, ], [4: 0, 1, 2, 5, 9, 12, ], [5: 0, 1, 2, 3, 8, 20, ], [6: 0, 1, 2, 6, 11, 22, ], ] 40
4 4 [[0: 1, 2, 3, 4, 7, ], [1: 1, 2, 3, 5, 6, ], [2: 0, ], ] 12
4 5 [[0: 0, 1, 2, 3, 4, 7, 8, ], [1: 0, 1, 2, 3, 5, 6, ], ] 14
4 6 [[0: 0, 1, 2, 3, 6, 7, 8, ], [1: 0, 1, 2, 3, 4, 5, 9, ], ] 16
4 7 [[0: 0, 1, 2, 3, 5, 6, 9, ], [1: 0, 1, 2, 3, 8, 10, ], [2: 0, 1, 2, 3, 4, 7, ], ] 19
4 8 [[0: 0, 1, 2, 3, 6, 9, ], [1: 0, 1, 2, 3, 5, 7, 11, ], [2: 0, 1, 2, 3, 4, 8, 10, ], ] 21
4 9 [[0: 0, 1, 2, 3, 5, 7, 11, ], [1: 0, 1, 2, 3, 4, 6, 10, ], [2: 0, 1, 2, 3, 8, 9, 12, ], ] 23
4 10 [[0: 0, 1, 2, 3, 6, 8, 9, 11, ], [1: 0, 1, 2, 3, 5, 10, 12, ], [2: 0, 1, 2, 3, 4, 7, 13, ], ] 26
4 11 [[0: 0, 1, 2, 3, 7, 11, 12, ], [1: 0, 1, 2, 3, 5, 10, ], [2: 0, 1, 2, 3, 4, 9, 13, ], [3: 0, 1, 2, 3, 6, 8, 14, ], ] 28
4 12 [[0: 0, 1, 2, 3, 6, 11, 15, ], [1: 0, 1, 2, 3, 7, 10, 12, ], [2: 0, 1, 2, 3, 5, 9, 13, ], [3: 0, 1, 2, 3, 4, 8, 14, ], ] 30
4 13 [[0: 0, 1, 2, 3, 5, 7, 8, 9, ], [1: 0, 1, 2, 3, 10, 14, 15, ], [2: 0, 1, 2, 3, 6, 12, 16, ], [3: 0, 1, 2, 3, 4, 11, 13, ], ] 33
4 14 [[0: 0, 1, 2, 3, 7, 8, 13, ], [1: 0, 1, 2, 3, 6, 14, ], [2: 0, 1, 2, 3, 4, 5, 12, ], [3: 0, 1, 2, 3, 10, 15, 17, ], [4: 0, 1, 2, 3, 9, 11, 16, ], ] 35
4 15 [[0: 0, 1, 2, 3, 5, 8, 15, ], [1: 0, 1, 2, 3, 9, 13, 18, ], [2: 0, 1, 2, 3, 7, 12, 14, ], [3: 0, 1, 2, 3, 4, 16, 17, ], [4: 0, 1, 2, 3, 6, 10, 11, ], ] 37
4 16 [[0: 0, 1, 2, 3, 9, 15, 16, 18, ], [1: 0, 1, 2, 3, 11, 13, 17, ], [2: 0, 1, 2, 3, 4, 5, 14, ], [3: 0, 1, 2, 3, 6, 7, 10, ], [4: 0, 1, 2, 3, 8, 12, 19, ], ] 40
4 17 [[0: 0, 1, 2, 3, 8, 10, 16, ], [1: 0, 1, 2, 3, 7, 9, 14, ], [2: 0, 1, 2, 3, 11, 17, 19, ], [3: 0, 1, 2, 3, 4, 5, 6, ], [4: 0, 1, 2, 3, 12, 18, 20, ], [5: 0, 1, 2, 3, 13, 15, ], ] 42
4 18 [[0: 0, 1, 2, 3, 6, 11, 21, ], [1: 0, 1, 2, 3, 7, 16, 17, ], [2: 0, 1, 2, 3, 8, 9, 10, ], [3: 0, 1, 2, 3, 5, 12, 13, ], [4: 0, 1, 2, 3, 14, 19, 20, ], [5: 0, 1, 2, 3, 4, 15, 18, ], ] 44
4 19 [[0: 0, 1, 2, 3, 13, 16, 19, 20, ], [1: 0, 1, 2, 3, 7, 8, 18, ], [2: 0, 1, 2, 3, 14, 17, 21, ], [3: 0, 1, 2, 3, 4, 12, 15, ], [4: 0, 1, 2, 3, 9, 10, 11, ], [5: 0, 1, 2, 3, 5, 6, 22, ], ] 47
4 20 [[0: 0, 1, 2, 3, 5, 16, 17, 23, ], [1: 0, 1, 2, 3, 6, 7, 18, 20, ], [2: 0, 1, 2, 3, 8, 10, 19, ], [3: 0, 1, 2, 3, 4, 12, 14, ], [4: 0, 1, 2, 3, 11, 15, 22, ], [5: 0, 1, 2, 3, 9, 13, 21, ], ] 50
5 5 [[0: 0, 3, 8, 9, ], [1: 0, 3, 5, 7, ], [2: 1, 2, 4, 5, 7, ], [3: 1, 2, 4, 6, 8, 9, ], ] 19
5 6 [[0: 7, ], [1: 1, 2, 4, 5, 8, 10, ], [2: 1, 2, 4, 6, 9, ], [3: 0, 3, 5, 8, 10, ], ] 23
5 7 [[0: 0, 1, 2, 3, 4, 5, 6, 8, 10, ], [1: 0, 1, 2, 3, 4, 7, 9, 11, ], ] 24
5 8 [[0: 0, 1, 2, 3, 4, 6, 10, 12, ], [1: 0, 1, 2, 3, 4, 7, 9, ], [2: 0, 1, 2, 3, 4, 5, 8, 11, ], ] 27
5 9 [[0: 0, 1, 2, 3, 4, 6, 7, 13, ], [1: 0, 1, 2, 3, 4, 5, 11, 12, ], [2: 0, 1, 2, 3, 4, 8, 9, 10, ], ] 29
5 10 [[0: 0, 1, 2, 3, 4, 5, 12, 13, 14, ], [1: 0, 1, 2, 3, 4, 6, 7, 11, ], [2: 0, 1, 2, 3, 4, 8, 9, 10, ], ] 32
5 11 [[0: 0, 1, 2, 3, 4, 6, 10, 12, ], [1: 0, 1, 2, 3, 4, 7, 9, 11, 13, ], [2: 0, 1, 2, 3, 4, 5, 8, 14, 15, ], ] 35
5 12 [[0: 0, 1, 2, 3, 4, 11, 12, 13, ], [1: 0, 1, 2, 3, 4, 6, 14, 15, ], [2: 0, 1, 2, 3, 4, 8, 10, 16, ], [3: 0, 1, 2, 3, 4, 5, 7, 9, ], ] 37
5 13 [[0: 0, 1, 2, 3, 4, 6, 8, 10, 17, ], [1: 0, 1, 2, 3, 4, 9, 13, 15, ], [2: 0, 1, 2, 3, 4, 5, 11, 12, ], [3: 0, 1, 2, 3, 4, 7, 14, 16, ], ] 40
5 14 [[0: 0, 1, 2, 3, 4, 8, 10, 14, ], [1: 0, 1, 2, 3, 4, 11, 12, 15, 18, ], [2: 0, 1, 2, 3, 4, 6, 7, 9, 16, ], [3: 0, 1, 2, 3, 4, 5, 13, 17, ], ] 43
5 15 [[0: 0, 1, 2, 3, 4, 9, 12, 14, 17, ], [1: 0, 1, 2, 3, 4, 5, 10, 11, 13, ], [2: 0, 1, 2, 3, 4, 8, 16, 18, ], [3: 0, 1, 2, 3, 4, 6, 7, 15, 19, ], ] 46
5 16 [[0: 0, 1, 2, 3, 4, 8, 9, 17, ], [1: 0, 1, 2, 3, 4, 10, 11, 12, 16, ], [2: 0, 1, 2, 3, 4, 7, 13, 18, ], [3: 0, 1, 2, 3, 4, 5, 14, 19, ], [4: 0, 1, 2, 3, 4, 6, 15, 20, ], ] 48
5 17 [[0: 0, 1, 2, 3, 4, 8, 13, 17, 20, ], [1: 0, 1, 2, 3, 4, 7, 11, 14, 19, ], [2: 0, 1, 2, 3, 4, 6, 9, 21, ], [3: 0, 1, 2, 3, 4, 5, 15, 16, ], [4: 0, 1, 2, 3, 4, 10, 12, 18, ], ] 51
5 18 [[0: 0, 1, 2, 3, 4, 13, 14, 19, 20, ], [1: 0, 1, 2, 3, 4, 9, 15, 17, ], [2: 0, 1, 2, 3, 4, 5, 6, 7, 16, ], [3: 0, 1, 2, 3, 4, 8, 10, 18, 22, ], [4: 0, 1, 2, 3, 4, 11, 12, 21, ], ] 54
5 19 [[0: 0, 1, 2, 3, 4, 10, 12, 18, 22, ], [1: 0, 1, 2, 3, 4, 6, 14, 20, 21, ], [2: 0, 1, 2, 3, 4, 9, 11, 13, ], [3: 0, 1, 2, 3, 4, 5, 7, 16, 17, ], [4: 0, 1, 2, 3, 4, 8, 15, 19, 23, ], ] 57
5 20 [[0: 0, 1, 2, 3, 4, 8, 12, 17, 24, ], [1: 0, 1, 2, 3, 4, 10, 11, 15, 21, ], [2: 0, 1, 2, 3, 4, 5, 7, 13, 16, ], [3: 0, 1, 2, 3, 4, 6, 14, 19, 20, ], [4: 0, 1, 2, 3, 4, 9, 18, 22, 23, ], ] 60
6 6 [[0: 0, 2, 5, 6, 9, 10, ], [1: 1, 3, 4, 7, 8, 11, ], [2: 1, 3, 4, 6, 9, 10, ], [3: 0, 2, 5, 7, 8, 11, ], ] 24
6 7 [[0: 1, 2, 5, 11, 12, ], [1: 0, 3, 4, 7, 8, 10, ], [2: 1, 2, 5, 6, 9, ], [3: 0, 3, 4, 6, 9, ], [4: 1, 2, 5, 7, 8, 10, ], [5: 0, 3, 4, 11, 12, ], ] 30
6 8 [[0: 2, 3, 5, 6, 8, 11, 13, ], [1: 0, 1, 4, 6, 8, 11, 13, ], [2: 0, 1, 4, 7, 9, 10, 12, ], [3: 2, 3, 5, 7, 9, 10, 12, ], ] 32
6 9 [[0: 0, 1, 2, 3, 4, 5, 8, 12, 13, ], [1: 0, 1, 2, 3, 4, 5, 6, 7, 11, ], [2: 0, 1, 2, 3, 4, 5, 9, 10, 14, ], ] 36
6 10 [[0: 0, 1, 2, 3, 4, 5, 7, 12, 13, 14, ], [1: 0, 1, 2, 3, 4, 5, 6, 9, 11, ], [2: 0, 1, 2, 3, 4, 5, 8, 10, 15, ], ] 39
6 11 [[0: 0, 1, 2, 3, 4, 5, 8, 13, 15, 16, ], [1: 0, 1, 2, 3, 4, 5, 6, 7, 11, ], [2: 0, 1, 2, 3, 4, 5, 9, 10, 12, 14, ], ] 42
6 12 [[0: 0, 1, 2, 3, 4, 5, 11, 13, 16, 17, ], [1: 0, 1, 2, 3, 4, 5, 8, 10, 12, 15, ], [2: 0, 1, 2, 3, 4, 5, 6, 7, 9, 14, ], ] 45
6 13 [[0: 0, 1, 2, 3, 4, 5, 7, 10, 12, 17, ], [1: 0, 1, 2, 3, 4, 5, 6, 9, 11, ], [2: 0, 1, 2, 3, 4, 5, 13, 14, 15, ], [3: 0, 1, 2, 3, 4, 5, 8, 16, 18, ], ] 48
6 14 [[0: 0, 1, 2, 3, 4, 5, 7, 10, 12, 15, 19, ], [1: 0, 1, 2, 3, 4, 5, 6, 9, 17, 18, ], [2: 0, 1, 2, 3, 4, 5, 8, 11, 13, 14, 16, ], ] 53
6 15 [[0: 0, 1, 2, 3, 4, 5, 11, 12, 16, ], [1: 0, 1, 2, 3, 4, 5, 6, 9, 14, 20, ], [2: 0, 1, 2, 3, 4, 5, 10, 13, 15, 19, ], [3: 0, 1, 2, 3, 4, 5, 7, 8, 17, 18, ], ] 54
6 16 [[0: 0, 1, 2, 3, 4, 5, 10, 11, 14, 21, ], [1: 0, 1, 2, 3, 4, 5, 6, 7, 8, 13, ], [2: 0, 1, 2, 3, 4, 5, 12, 15, 17, 18, ], [3: 0, 1, 2, 3, 4, 5, 9, 16, 19, 20, ], ] 57
6 17 [[0: 0, 1, 2, 3, 4, 5, 6, 7, 10, 11, 19, ], [1: 0, 1, 2, 3, 4, 5, 8, 9, 14, 15, ], [2: 0, 1, 2, 3, 4, 5, 13, 18, 20, 21, ], [3: 0, 1, 2, 3, 4, 5, 12, 16, 17, 22, ], ] 61
6 18 [[0: 0, 1, 2, 3, 4, 5, 12, 17, 18, 20, ], [1: 0, 1, 2, 3, 4, 5, 7, 8, 10, 11, ], [2: 0, 1, 2, 3, 4, 5, 9, 15, 23, ], [3: 0, 1, 2, 3, 4, 5, 6, 14, 16, 22, ], [4: 0, 1, 2, 3, 4, 5, 13, 19, 21, ], ] 63
6 19 [[0: 0, 1, 2, 3, 4, 5, 12, 19, 20, 21, ], [1: 0, 1, 2, 3, 4, 5, 6, 15, 23, 24, ], [2: 0, 1, 2, 3, 4, 5, 9, 17, 22, ], [3: 0, 1, 2, 3, 4, 5, 7, 8, 10, 11, ], [4: 0, 1, 2, 3, 4, 5, 13, 14, 16, 18, ], ] 66
6 20 [[0: 0, 1, 2, 3, 4, 5, 8, 15, 19, 24, ], [1: 0, 1, 2, 3, 4, 5, 12, 14, 17, 20, ], [2: 0, 1, 2, 3, 4, 5, 6, 9, 10, 21, ], [3: 0, 1, 2, 3, 4, 5, 7, 16, 18, 25, ], [4: 0, 1, 2, 3, 4, 5, 11, 13, 22, 23, ], ] 69
7 7 [[0: 0, 1, 5, 9, 10, 13, ], [1: 0, 1, 5, 7, 8, 11, 12, ], [2: 2, 3, 4, 6, 7, 8, 11, 12, ], [3: 2, 3, 4, 6, 9, 10, 13, ], ] 32
7 8 [[0: 1, 2, 4, 6, 8, 9, 12, 13, ], [1: 1, 2, 4, 6, 7, 10, 11, 14, ], [2: 0, 3, 5, 7, 10, 11, 14, ], [3: 0, 3, 5, 8, 9, 12, 13, ], ] 36
7 9 [[0: 4, 5, 6, 8, 10, 15, ], [1: 0, 1, 2, 3, 8, 10, 15, ], [2: 4, 5, 6, 9, 12, 14, ], [3: 0, 1, 2, 3, 9, 12, 14, ], [4: 4, 5, 6, 7, 11, 13, ], [5: 0, 1, 2, 3, 7, 11, 13, ], ] 41
7 10 [[0: 0, 2, 3, 4, 8, 13, 14, 15, ], [1: 0, 2, 3, 4, 9, 10, 16, ], [2: 1, 5, 6, 8, 13, 14, 15, ], [3: 1, 5, 6, 7, 11, 12, ], [4: 0, 2, 3, 4, 7, 11, 12, ], [5: 1, 5, 6, 9, 10, 16, ], ] 45
7 11 [[0: 0, 1, 2, 3, 4, 5, 6, 7, 9, 10, 11, ], [1: 0, 1, 2, 3, 4, 5, 6, 13, 14, 15, ], [2: 0, 1, 2, 3, 4, 5, 6, 8, 12, 16, 17, ], ] 50
7 12 [[0: 0, 1, 2, 3, 4, 5, 6, 7, 8, 11, 13, ], [1: 0, 1, 2, 3, 4, 5, 6, 9, 10, 14, 18, ], [2: 0, 1, 2, 3, 4, 5, 6, 12, 15, 16, 17, ], ] 53
7 13 [[0: 0, 1, 2, 3, 4, 5, 6, 10, 16, 17, ], [1: 0, 1, 2, 3, 4, 5, 6, 13, 14, 18, 19, ], [2: 0, 1, 2, 3, 4, 5, 6, 7, 11, 15, ], [3: 0, 1, 2, 3, 4, 5, 6, 8, 9, 12, ], ] 57
7 14 [[0: 0, 1, 2, 3, 4, 5, 6, 8, 10, 14, ], [1: 0, 1, 2, 3, 4, 5, 6, 11, 13, 18, 20, ], [2: 0, 1, 2, 3, 4, 5, 6, 9, 12, 15, 16, ], [3: 0, 1, 2, 3, 4, 5, 6, 7, 17, 19, ], ] 60
7 15 [[0: 0, 1, 2, 3, 4, 5, 6, 7, 9, 11, ], [1: 0, 1, 2, 3, 4, 5, 6, 8, 13, 14, 16, ], [2: 0, 1, 2, 3, 4, 5, 6, 10, 18, 19, 21, ], [3: 0, 1, 2, 3, 4, 5, 6, 12, 15, 17, 20, ], ] 63
7 16 [[0: 0, 1, 2, 3, 4, 5, 6, 10, 14, 19, 21, ], [1: 0, 1, 2, 3, 4, 5, 6, 7, 8, 9, 15, ], [2: 0, 1, 2, 3, 4, 5, 6, 12, 16, 17, 22, ], [3: 0, 1, 2, 3, 4, 5, 6, 11, 13, 18, 20, ], ] 66
7 17 [[0: 0, 1, 2, 3, 4, 5, 6, 9, 11, 13, 20, 21, ], [1: 0, 1, 2, 3, 4, 5, 6, 12, 14, 18, 19, ], [2: 0, 1, 2, 3, 4, 5, 6, 8, 15, 16, 17, ], [3: 0, 1, 2, 3, 4, 5, 6, 7, 10, 22, 23, ], ] 70
7 18 [[0: 0, 1, 2, 3, 4, 5, 6, 10, 15, 18, 22, 23, ], [1: 0, 1, 2, 3, 4, 5, 6, 8, 11, 13, 19, ], [2: 0, 1, 2, 3, 4, 5, 6, 12, 14, 16, 17, 20, ], [3: 0, 1, 2, 3, 4, 5, 6, 7, 9, 21, 24, ], ] 74
7 19 [[0: 0, 1, 2, 3, 4, 5, 6, 8, 17, 23, 24, ], [1: 0, 1, 2, 3, 4, 5, 6, 12, 15, 21, 22, ], [2: 0, 1, 2, 3, 4, 5, 6, 18, 20, 25, ], [3: 0, 1, 2, 3, 4, 5, 6, 9, 10, 11, 16, ], [4: 0, 1, 2, 3, 4, 5, 6, 7, 13, 14, 19, ], ] 76
7 20 [[0: 0, 1, 2, 3, 4, 5, 6, 14, 19, 23, 24, 25, ], [1: 0, 1, 2, 3, 4, 5, 6, 10, 17, 18, 21, 22, ], [2: 0, 1, 2, 3, 4, 5, 6, 11, 12, 13, 16, 26, ], [3: 0, 1, 2, 3, 4, 5, 6, 7, 8, 9, 15, 20, ], ] 82
8 8 [[0: 0, 2, 6, 7, 10, 12, 14, 15, ], [1: 1, 3, 4, 5, 8, 9, 11, 13, ], [2: 1, 3, 4, 5, 10, 12, 14, 15, ], [3: 0, 2, 6, 7, 8, 9, 11, 13, ], ] 40
8 9 [[0: 1, 2, 4, 5, 9, 11, 12, 16, ], [1: 0, 3, 6, 7, 9, 11, 12, 16, ], [2: 0, 3, 6, 7, 8, 10, 13, 14, 15, ], [3: 1, 2, 4, 5, 8, 10, 13, 14, 15, ], ] 45
8 10 [[0: 0, 1, 4, 5, 8, 14, 16, ], [1: 0, 1, 4, 5, 9, 10, 11, 12, ], [2: 2, 3, 6, 7, 9, 10, 11, 12, ], [3: 2, 3, 6, 7, 13, 15, 17, ], [4: 0, 1, 4, 5, 13, 15, 17, ], [5: 2, 3, 6, 7, 8, 14, 16, ], ] 50
8 11 [[0: 0, 1, 2, 3, 4, 5, 6, 7, 9, 11, 15, 16, ], [1: 0, 1, 2, 3, 4, 5, 6, 7, 8, 10, 13, 17, ], [2: 0, 1, 2, 3, 4, 5, 6, 7, 12, 14, 18, ], ] 59
8 12 [[0: 0, 1, 2, 3, 4, 5, 6, 7, 10, 11, 17, 19, ], [1: 0, 1, 2, 3, 4, 5, 6, 7, 8, 9, 14, 15, ], [2: 0, 1, 2, 3, 4, 5, 6, 7, 12, 13, 16, 18, ], ] 62
8 13 [[0: 0, 1, 2, 3, 4, 5, 6, 7, 13, 14, 16, 20, ], [1: 0, 1, 2, 3, 4, 5, 6, 7, 10, 11, 12, 18, 19, ], [2: 0, 1, 2, 3, 4, 5, 6, 7, 8, 9, 15, 17, ], ] 66
8 14 [[0: 0, 1, 2, 3, 4, 5, 6, 7, 8, 16, 19, 21, ], [1: 0, 1, 2, 3, 4, 5, 6, 7, 9, 14, 15, ], [2: 0, 1, 2, 3, 4, 5, 6, 7, 11, 12, 17, 20, ], [3: 0, 1, 2, 3, 4, 5, 6, 7, 10, 13, 18, ], ] 70
8 15 [[0: 0, 1, 2, 3, 4, 5, 6, 7, 9, 11, 13, 22, ], [1: 0, 1, 2, 3, 4, 5, 6, 7, 14, 17, 18, 21, ], [2: 0, 1, 2, 3, 4, 5, 6, 7, 8, 15, 20, ], [3: 0, 1, 2, 3, 4, 5, 6, 7, 10, 12, 16, 19, ], ] 73
8 16 [[0: 0, 1, 2, 3, 4, 5, 6, 7, 12, 16, 18, 20, ], [1: 0, 1, 2, 3, 4, 5, 6, 7, 9, 13, 19, 22, ], [2: 0, 1, 2, 3, 4, 5, 6, 7, 8, 14, 17, 21, ], [3: 0, 1, 2, 3, 4, 5, 6, 7, 10, 11, 15, 23, ], ] 76
8 17 [[0: 0, 1, 2, 3, 4, 5, 6, 7, 11, 13, 15, 19, 22, ], [1: 0, 1, 2, 3, 4, 5, 6, 7, 9, 20, 23, 24, ], [2: 0, 1, 2, 3, 4, 5, 6, 7, 10, 17, 18, 21, ], [3: 0, 1, 2, 3, 4, 5, 6, 7, 8, 12, 14, 16, ], ] 80
8 18 [[0: 0, 1, 2, 3, 4, 5, 6, 7, 9, 14, 19, 24, ], [1: 0, 1, 2, 3, 4, 5, 6, 7, 13, 15, 16, 17, 18, ], [2: 0, 1, 2, 3, 4, 5, 6, 7, 11, 12, 21, 22, 23, ], [3: 0, 1, 2, 3, 4, 5, 6, 7, 8, 10, 20, 25, ], ] 84
8 19 [[0: 0, 1, 2, 3, 4, 5, 6, 7, 8, 19, 20, 21, ], [1: 0, 1, 2, 3, 4, 5, 6, 7, 16, 18, 22, 24, 25, ], [2: 0, 1, 2, 3, 4, 5, 6, 7, 9, 13, 14, 23, 26, ], [3: 0, 1, 2, 3, 4, 5, 6, 7, 10, 11, 12, 15, 17, ], ] 88
8 20 [[0: 0, 1, 2, 3, 4, 5, 6, 7, 9, 11, 16, 20, 24, ], [1: 0, 1, 2, 3, 4, 5, 6, 7, 13, 15, 22, 23, 27, ], [2: 0, 1, 2, 3, 4, 5, 6, 7, 14, 18, 21, 25, 26, ], [3: 0, 1, 2, 3, 4, 5, 6, 7, 8, 10, 12, 17, 19, ], ] 92
9 9 [[0: 1, 2, 3, 6, 7, 9, 10, 11, 16, ], [1: 0, 4, 5, 8, 9, 10, 11, 16, ], [2: 1, 2, 3, 6, 7, 12, 13, 14, 15, 17, ], [3: 0, 4, 5, 8, 12, 13, 14, 15, 17, ], ] 50
9 10 [[0: 0, 4, 6, 7, 8, 9, 11, 12, 13, ], [1: 1, 2, 3, 5, 10, 16, 18, ], [2: 1, 2, 3, 5, 9, 11, 12, 13, ], [3: 0, 4, 6, 7, 8, 10, 16, 18, ], [4: 0, 4, 6, 7, 8, 14, 15, 17, ], [5: 1, 2, 3, 5, 14, 15, 17, ], ] 56
9 11 [[0: 0, 1, 3, 5, 9, 10, 11, ], [1: 0, 1, 3, 5, 13, 14, 15, 18, ], [2: 2, 4, 6, 7, 8, 13, 14, 15, 18, ], [3: 2, 4, 6, 7, 8, 9, 10, 11, ], [4: 2, 4, 6, 7, 8, 12, 16, 17, 19, ], [5: 0, 1, 3, 5, 12, 16, 17, 19, ], ] 60
9 12 [[0: 0, 3, 4, 5, 8, 9, 15, 17, 20, ], [1: 1, 2, 6, 7, 9, 15, 17, 20, ], [2: 1, 2, 6, 7, 11, 12, 13, 14, ], [3: 1, 2, 6, 7, 10, 16, 18, 19, ], [4: 0, 3, 4, 5, 8, 10, 16, 18, 19, ], [5: 0, 3, 4, 5, 8, 11, 12, 13, 14, ], ] 64
9 13 [[0: 0, 5, 6, 7, 17, 18, 20, 21, ], [1: 1, 2, 3, 4, 8, 12, 13, 14, 16, ], [2: 1, 2, 3, 4, 8, 9, 10, 11, 15, 19, ], [3: 0, 5, 6, 7, 9, 10, 11, 15, 19, ], [4: 1, 2, 3, 4, 8, 17, 18, 20, 21, ], [5: 0, 5, 6, 7, 12, 13, 14, 16, ], ] 69
9 14 [[0: 0, 1, 2, 3, 4, 5, 6, 7, 8, 13, 17, 20, 22, ], [1: 0, 1, 2, 3, 4, 5, 6, 7, 8, 12, 14, 16, 19, 21, ], [2: 0, 1, 2, 3, 4, 5, 6, 7, 8, 9, 10, 11, 15, 18, ], ] 80
9 15 [[0: 0, 2, 3, 6, 7, 8, 9, 10, 11, 18, 21, ], [1: 1, 4, 5, 15, 16, 19, 22, 23, ], [2: 0, 2, 3, 6, 7, 8, 15, 16, 19, 22, 23, ], [3: 0, 2, 3, 6, 7, 8, 12, 13, 14, 17, 20, ], [4: 1, 4, 5, 12, 13, 14, 17, 20, ], [5: 1, 4, 5, 9, 10, 11, 18, 21, ], ] 81
9 16 [[0: 0, 1, 2, 3, 4, 5, 6, 7, 8, 12, 18, 19, 22, ], [1: 0, 1, 2, 3, 4, 5, 6, 7, 8, 11, 17, 21, 24, ], [2: 0, 1, 2, 3, 4, 5, 6, 7, 8, 9, 10, 13, 14, ], [3: 0, 1, 2, 3, 4, 5, 6, 7, 8, 15, 16, 20, 23, ], ] 87
9 17 [[0: 0, 1, 2, 3, 4, 5, 6, 7, 8, 11, 14, 16, 23, ], [1: 0, 1, 2, 3, 4, 5, 6, 7, 8, 9, 10, 15, 19, 25, ], [2: 0, 1, 2, 3, 4, 5, 6, 7, 8, 12, 20, 21, 24, ], [3: 0, 1, 2, 3, 4, 5, 6, 7, 8, 13, 17, 18, 22, ], ] 91
9 18 [[0: 0, 1, 2, 3, 4, 5, 6, 7, 8, 9, 13, 14, 16, 19, ], [1: 0, 1, 2, 3, 4, 5, 6, 7, 8, 10, 12, 15, 24, ], [2: 0, 1, 2, 3, 4, 5, 6, 7, 8, 11, 17, 21, 25, 26, ], [3: 0, 1, 2, 3, 4, 5, 6, 7, 8, 18, 20, 22, 23, ], ] 95
9 19 [[0: 0, 1, 2, 3, 4, 5, 6, 7, 8, 9, 16, 18, 22, ], [1: 0, 1, 2, 3, 4, 5, 6, 7, 8, 10, 12, 14, 21, 23, ], [2: 0, 1, 2, 3, 4, 5, 6, 7, 8, 17, 19, 24, 25, 27, ], [3: 0, 1, 2, 3, 4, 5, 6, 7, 8, 11, 13, 15, 20, 26, ], ] 99
9 20 [[0: 0, 1, 2, 3, 4, 5, 6, 7, 8, 11, 23, 25, 26, ], [1: 0, 1, 2, 3, 4, 5, 6, 7, 8, 9, 12, 21, 22, ], [2: 0, 1, 2, 3, 4, 5, 6, 7, 8, 14, 16, 17, 18, ], [3: 0, 1, 2, 3, 4, 5, 6, 7, 8, 10, 13, 19, 28, ], [4: 0, 1, 2, 3, 4, 5, 6, 7, 8, 15, 20, 24, 27, ], ] 102
10 10 [[0: 0, 4, 5, 6, 8, 10, 11, 15, 16, 18, ], [1: 1, 2, 3, 7, 9, 12, 13, 14, 17, 19, ], [2: 0, 4, 5, 6, 8, 12, 13, 14, 17, 19, ], [3: 1, 2, 3, 7, 9, 10, 11, 15, 16, 18, ], ] 60
10 11 [[0: 0, 1, 5, 6, 7, 12, 13, 18, ], [1: 2, 3, 4, 8, 9, 12, 13, 18, ], [2: 0, 1, 5, 6, 7, 14, 16, 17, 19, ], [3: 2, 3, 4, 8, 9, 14, 16, 17, 19, ], [4: 0, 1, 5, 6, 7, 10, 11, 15, 20, ], [5: 2, 3, 4, 8, 9, 10, 11, 15, 20, ], ] 66
10 12 [[0: 0, 1, 2, 7, 8, 12, 14, 15, 21, ], [1: 3, 4, 5, 6, 9, 12, 14, 15, 21, ], [2: 0, 1, 2, 7, 8, 10, 13, 17, 19, ], [3: 3, 4, 5, 6, 9, 10, 13, 17, 19, ], [4: 3, 4, 5, 6, 9, 11, 16, 18, 20, ], [5: 0, 1, 2, 7, 8, 11, 16, 18, 20, ], ] 70
10 13 [[0: 0, 1, 2, 4, 7, 10, 11, 13, 15, 21, ], [1: 0, 1, 2, 4, 7, 12, 16, 17, 18, ], [2: 0, 1, 2, 4, 7, 14, 19, 20, 22, ], [3: 3, 5, 6, 8, 9, 14, 19, 20, 22, ], [4: 3, 5, 6, 8, 9, 12, 16, 17, 18, ], [5: 3, 5, 6, 8, 9, 10, 11, 13, 15, 21, ], ] 75
10 14 [[0: 0, 1, 2, 3, 4, 5, 6, 7, 8, 9, 11, 17, 18, 19, 20, ], [1: 0, 1, 2, 3, 4, 5, 6, 7, 8, 9, 15, 16, 21, 22, ], [2: 0, 1, 2, 3, 4, 5, 6, 7, 8, 9, 10, 12, 13, 14, 23, ], ] 91
10 15 [[0: 3, 5, 6, 8, 9, 14, 15, 20, 21, 23, ], [1: 3, 5, 6, 8, 9, 10, 11, 12, 19, 22, ], [2: 0, 1, 2, 4, 7, 13, 16, 17, 18, 24, ], [3: 0, 1, 2, 4, 7, 10, 11, 12, 19, 22, ], [4: 0, 1, 2, 4, 7, 14, 15, 20, 21, 23, ], [5: 3, 5, 6, 8, 9, 13, 16, 17, 18, 24, ], ] 85
10 16 [[0: 0, 1, 2, 3, 4, 5, 6, 7, 8, 9, 14, 15, 16, 17, 23, 24, ], [1: 0, 1, 2, 3, 4, 5, 6, 7, 8, 9, 10, 11, 20, 21, 22, ], [2: 0, 1, 2, 3, 4, 5, 6, 7, 8, 9, 12, 13, 18, 19, 25, ], ] 100
10 17 [[0: 0, 1, 2, 3, 4, 5, 6, 7, 8, 9, 16, 21, 23, 25, ], [1: 0, 1, 2, 3, 4, 5, 6, 7, 8, 9, 15, 20, 22, 24, 26, ], [2: 0, 1, 2, 3, 4, 5, 6, 7, 8, 9, 10, 14, 18, 19, ], [3: 0, 1, 2, 3, 4, 5, 6, 7, 8, 9, 11, 12, 13, 17, ], ] 103
10 18 [[0: 0, 1, 2, 3, 4, 5, 6, 7, 8, 9, 15, 22, 23, 24, 25, 27, ], [1: 0, 1, 2, 3, 4, 5, 6, 7, 8, 9, 11, 12, 16, 17, 19, 21, ], [2: 0, 1, 2, 3, 4, 5, 6, 7, 8, 9, 10, 13, 14, 18, 20, 26, ], ] 110
10 19 [[0: 0, 1, 2, 3, 4, 5, 6, 7, 8, 9, 11, 13, 18, 19, 20, ], [1: 0, 1, 2, 3, 4, 5, 6, 7, 8, 9, 16, 17, 26, 28, ], [2: 0, 1, 2, 3, 4, 5, 6, 7, 8, 9, 10, 12, 14, 21, 23, ], [3: 0, 1, 2, 3, 4, 5, 6, 7, 8, 9, 15, 22, 24, 25, 27, ], ] 111
10 20 [[0: 0, 1, 2, 3, 4, 5, 6, 7, 8, 9, 14, 19, 25, 26, 28, ], [1: 0, 1, 2, 3, 4, 5, 6, 7, 8, 9, 10, 18, 22, 24, 27, ], [2: 0, 1, 2, 3, 4, 5, 6, 7, 8, 9, 11, 15, 16, 17, 29, ], [3: 0, 1, 2, 3, 4, 5, 6, 7, 8, 9, 12, 13, 20, 21, 23, ], ] 115
11 11 [[0: 3, 4, 5, 7, 8, 10, 12, 15, 16, 19, 20, ], [1: 3, 4, 5, 7, 8, 10, 11, 13, 14, 17, 18, 21, ], [2: 0, 1, 2, 6, 9, 12, 15, 16, 19, 20, ], [3: 0, 1, 2, 6, 9, 11, 13, 14, 17, 18, 21, ], ] 72
11 12 [[0: 5, 6, 7, 9, 10, 12, 13, 15, 18, ], [1: 5, 6, 7, 9, 10, 11, 14, 20, 22, ], [2: 5, 6, 7, 9, 10, 16, 17, 19, 21, ], [3: 0, 1, 2, 3, 4, 8, 11, 14, 20, 22, ], [4: 0, 1, 2, 3, 4, 8, 16, 17, 19, 21, ], [5: 0, 1, 2, 3, 4, 8, 12, 13, 15, 18, ], ] 77
11 13 [[0: 3, 5, 7, 8, 10, 19, 20, 21, 22, 23, ], [1: 3, 5, 7, 8, 10, 11, 12, 17, 18, ], [2: 0, 1, 2, 4, 6, 9, 11, 12, 17, 18, ], [3: 3, 5, 7, 8, 10, 13, 14, 15, 16, ], [4: 0, 1, 2, 4, 6, 9, 13, 14, 15, 16, ], [5: 0, 1, 2, 4, 6, 9, 19, 20, 21, 22, 23, ], ] 82
11 14 [[0: 2, 5, 6, 9, 10, 16, 17, 19, 23, ], [1: 0, 1, 3, 4, 7, 8, 15, 18, 20, 21, 24, ], [2: 0, 1, 3, 4, 7, 8, 11, 12, 13, 14, 22, ], [3: 2, 5, 6, 9, 10, 11, 12, 13, 14, 22, ], [4: 2, 5, 6, 9, 10, 15, 18, 20, 21, 24, ], [5: 0, 1, 3, 4, 7, 8, 16, 17, 19, 23, ], ] 87
11 15 [[0: 1, 3, 4, 6, 8, 11, 15, 20, 21, 24, ], [1: 0, 2, 5, 7, 9, 10, 12, 16, 22, 23, 25, ], [2: 0, 2, 5, 7, 9, 10, 13, 14, 17, 18, 19, ], [3: 0, 2, 5, 7, 9, 10, 11, 15, 20, 21, 24, ], [4: 1, 3, 4, 6, 8, 13, 14, 17, 18, 19, ], [5: 1, 3, 4, 6, 8, 12, 16, 22, 23, 25, ], ] 92
11 16 [[0: 0, 1, 2, 3, 4, 5, 6, 7, 8, 9, 10, 15, 20, 21, 23, 25, ], [1: 0, 1, 2, 3, 4, 5, 6, 7, 8, 9, 10, 12, 16, 18, 22, 24, 26, ], [2: 0, 1, 2, 3, 4, 5, 6, 7, 8, 9, 10, 11, 13, 14, 17, 19, ], ] 112
11 17 [[0: 0, 1, 2, 3, 4, 5, 6, 7, 8, 9, 10, 13, 14, 19, 22, 24, ], [1: 0, 1, 2, 3, 4, 5, 6, 7, 8, 9, 10, 17, 20, 23, 25, 26, 27, ], [2: 0, 1, 2, 3, 4, 5, 6, 7, 8, 9, 10, 11, 12, 15, 16, 18, 21, ], ] 117
11 18 [[0: 0, 1, 2, 3, 4, 5, 6, 7, 8, 9, 10, 11, 14, 17, 20, 26, ], [1: 0, 1, 2, 3, 4, 5, 6, 7, 8, 9, 10, 13, 15, 16, 18, 23, ], [2: 0, 1, 2, 3, 4, 5, 6, 7, 8, 9, 10, 19, 22, 24, 25, ], [3: 0, 1, 2, 3, 4, 5, 6, 7, 8, 9, 10, 12, 21, 27, 28, ], ] 120
11 19 [[0: 0, 1, 2, 3, 4, 5, 6, 7, 8, 9, 10, 13, 14, 16, 23, 29, ], [1: 0, 1, 2, 3, 4, 5, 6, 7, 8, 9, 10, 11, 17, 18, 21, 24, ], [2: 0, 1, 2, 3, 4, 5, 6, 7, 8, 9, 10, 12, 19, 25, 26, ], [3: 0, 1, 2, 3, 4, 5, 6, 7, 8, 9, 10, 15, 20, 22, 27, 28, ], ] 124
11 20 [[0: 0, 1, 2, 3, 4, 5, 6, 7, 8, 9, 10, 12, 16, 21, 22, 24, 26, ], [1: 0, 1, 2, 3, 4, 5, 6, 7, 8, 9, 10, 14, 19, 20, 27, 28, 29, 30, ], [2: 0, 1, 2, 3, 4, 5, 6, 7, 8, 9, 10, 11, 13, 15, 17, 18, 23, 25, ], ] 134
12 12 [[0: 2, 3, 4, 5, 6, 9, 10, 14, 15, 19, 21, ], [1: 2, 3, 4, 5, 6, 9, 10, 13, 16, 20, 22, ], [2: 0, 1, 7, 8, 11, 14, 15, 19, 21, ], [3: 0, 1, 7, 8, 11, 12, 17, 18, 23, ], [4: 2, 3, 4, 5, 6, 9, 10, 12, 17, 18, 23, ], [5: 0, 1, 7, 8, 11, 13, 16, 20, 22, ], ] 85
12 13 [[0: 0, 5, 6, 7, 9, 10, 14, 15, 17, 19, 23, ], [1: 0, 5, 6, 7, 9, 10, 12, 18, 20, 21, ], [2: 0, 5, 6, 7, 9, 10, 13, 16, 22, 24, ], [3: 1, 2, 3, 4, 8, 11, 12, 18, 20, 21, ], [4: 1, 2, 3, 4, 8, 11, 14, 15, 17, 19, 23, ], [5: 1, 2, 3, 4, 8, 11, 13, 16, 22, 24, ], ] 89
12 14 [[0: 1, 4, 6, 7, 8, 10, 13, 18, 20, 21, 23, ], [1: 0, 2, 3, 5, 9, 11, 14, 15, 19, 22, ], [2: 1, 4, 6, 7, 8, 10, 14, 15, 19, 22, ], [3: 1, 4, 6, 7, 8, 10, 12, 16, 17, 24, 25, ], [4: 0, 2, 3, 5, 9, 11, 12, 16, 17, 24, 25, ], [5: 0, 2, 3, 5, 9, 11, 13, 18, 20, 21, 23, ], ] 94
12 15 [[0: 0, 2, 3, 6, 7, 9, 14, 18, 19, 23, 25, ], [1: 0, 2, 3, 6, 7, 9, 13, 17, 20, 22, 24, ], [2: 1, 4, 5, 8, 10, 11, 13, 17, 20, 22, 24, ], [3: 0, 2, 3, 6, 7, 9, 12, 15, 16, 21, 26, ], [4: 1, 4, 5, 8, 10, 11, 12, 15, 16, 21, 26, ], [5: 1, 4, 5, 8, 10, 11, 14, 18, 19, 23, 25, ], ] 99
12 16 [[0: 0, 2, 3, 7, 8, 11, 13, 14, 15, 17, 25, 27, ], [1: 1, 4, 5, 6, 9, 10, 13, 14, 15, 17, 25, 27, ], [2: 0, 2, 3, 7, 8, 11, 16, 20, 22, 23, 26, ], [3: 1, 4, 5, 6, 9, 10, 16, 20, 22, 23, 26, ], [4: 0, 2, 3, 7, 8, 11, 12, 18, 19, 21, 24, ], [5: 1, 4, 5, 6, 9, 10, 12, 18, 19, 21, 24, ], ] 105
12 17 [[0: 4, 5, 6, 8, 10, 11, 12, 13, 16, 17, 21, 26, ], [1: 4, 5, 6, 8, 10, 11, 15, 23, 24, 25, 27, ], [2: 0, 1, 2, 3, 7, 9, 15, 23, 24, 25, 27, ], [3: 4, 5, 6, 8, 10, 11, 14, 18, 19, 20, 22, 28, ], [4: 0, 1, 2, 3, 7, 9, 14, 18, 19, 20, 22, 28, ], [5: 0, 1, 2, 3, 7, 9, 12, 13, 16, 17, 21, 26, ], ] 111
12 18 [[0: 0, 1, 2, 3, 4, 5, 6, 9, 11, 13, 25, 28, 29, ], [1: 0, 1, 2, 3, 4, 5, 6, 9, 11, 12, 18, 19, 21, 26, ], [2: 0, 1, 2, 3, 4, 5, 6, 9, 11, 15, 23, 27, ], [3: 7, 8, 10, 14, 16, 17, 20, 22, 24, ], [4: 7, 8, 10, 12, 18, 19, 21, 26, ], [5: 0, 1, 2, 3, 4, 5, 6, 9, 11, 14, 16, 17, 20, 22, 24, ], [6: 7, 8, 10, 13, 25, 28, 29, ], ] 130
12 19 [[0: 0, 1, 2, 3, 4, 5, 6, 7, 8, 9, 10, 11, 13, 17, 18, 22, 24, 25, 30, ], [1: 0, 1, 2, 3, 4, 5, 6, 7, 8, 9, 10, 11, 14, 16, 21, 23, 26, 29, ], [2: 0, 1, 2, 3, 4, 5, 6, 7, 8, 9, 10, 11, 12, 15, 19, 20, 27, 28, ], ] 141
12 20 [[0: 0, 1, 2, 3, 4, 5, 6, 7, 8, 9, 10, 11, 13, 15, 18, 19, 24, ], [1: 0, 1, 2, 3, 4, 5, 6, 7, 8, 9, 10, 11, 14, 16, 21, 27, 29, ], [2: 0, 1, 2, 3, 4, 5, 6, 7, 8, 9, 10, 11, 17, 23, 25, 26, 30, ], [3: 0, 1, 2, 3, 4, 5, 6, 7, 8, 9, 10, 11, 12, 20, 22, 28, 31, ], ] 142
13 13 [[0: 1, 3, 5, 7, 8, 10, 12, 13, 16, 17, 24, 25, ], [1: 1, 3, 5, 7, 8, 10, 12, 14, 15, 19, 20, ], [2: 0, 2, 4, 6, 9, 11, 14, 15, 19, 20, ], [3: 0, 2, 4, 6, 9, 11, 18, 21, 22, 23, ], [4: 0, 2, 4, 6, 9, 11, 13, 16, 17, 24, 25, ], [5: 1, 3, 5, 7, 8, 10, 12, 18, 21, 22, 23, ], ] 97
13 14 [[0: 2, 3, 4, 5, 6, 7, 8, 16, 19, 20, 25, 26, ], [1: 0, 1, 9, 10, 11, 12, 13, 15, 17, 18, 22, ], [2: 0, 1, 9, 10, 11, 12, 16, 19, 20, 25, 26, ], [3: 2, 3, 4, 5, 6, 7, 8, 13, 15, 17, 18, 22, ], [4: 0, 1, 9, 10, 11, 12, 14, 21, 23, 24, ], [5: 2, 3, 4, 5, 6, 7, 8, 14, 21, 23, 24, ], ] 102
13 15 [[0: 1, 3, 4, 5, 6, 10, 12, 17, 20, 21, 24, 27, ], [1: 0, 2, 7, 8, 9, 11, 17, 20, 21, 24, 27, ], [2: 1, 3, 4, 5, 6, 10, 12, 15, 22, 23, 25, 26, ], [3: 1, 3, 4, 5, 6, 10, 12, 13, 14, 16, 18, 19, ], [4: 0, 2, 7, 8, 9, 11, 15, 22, 23, 25, 26, ], [5: 0, 2, 7, 8, 9, 11, 13, 14, 16, 18, 19, ], ] 107
13 16 [[0: 2, 4, 5, 8, 9, 10, 15, 17, 19, 24, 28, ], [1: 0, 1, 3, 6, 7, 11, 12, 14, 16, 20, 21, 25, ], [2: 0, 1, 3, 6, 7, 11, 12, 15, 17, 19, 24, 28, ], [3: 2, 4, 5, 8, 9, 10, 13, 18, 22, 23, 26, 27, ], [4: 2, 4, 5, 8, 9, 10, 14, 16, 20, 21, 25, ], [5: 0, 1, 3, 6, 7, 11, 12, 13, 18, 22, 23, 26, 27, ], ] 113
13 17 [[0: 2, 3, 4, 5, 8, 10, 12, 17, 22, 26, 27, 28, 29, ], [1: 2, 3, 4, 5, 8, 10, 12, 13, 16, 18, 19, 25, ], [2: 0, 1, 6, 7, 9, 11, 13, 16, 18, 19, 25, ], [3: 0, 1, 6, 7, 9, 11, 14, 15, 20, 21, 23, 24, ], [4: 2, 3, 4, 5, 8, 10, 12, 14, 15, 20, 21, 23, 24, ], [5: 0, 1, 6, 7, 9, 11, 17, 22, 26, 27, 28, 29, ], ] 119
13 18 [[0: 0, 1, 2, 3, 4, 5, 6, 7, 8, 9, 10, 11, 12, 13, 19, 24, 28, 29, 30, ], [1: 0, 1, 2, 3, 4, 5, 6, 7, 8, 9, 10, 11, 12, 15, 16, 17, 22, 23, 26, ], [2: 0, 1, 2, 3, 4, 5, 6, 7, 8, 9, 10, 11, 12, 14, 18, 20, 21, 25, 27, ], ] 149
13 19 [[0: 0, 1, 2, 3, 4, 5, 6, 7, 8, 11, 13, 14, 21, 23, 26, 31, ], [1: 0, 1, 2, 3, 4, 5, 6, 7, 8, 11, 16, 20, 28, 29, 30, ], [2: 0, 1, 2, 3, 4, 5, 6, 7, 8, 11, 15, 18, 19, 25, ], [3: 9, 10, 12, 15, 18, 19, 25, ], [4: 9, 10, 12, 13, 14, 21, 23, 26, 31, ], [5: 0, 1, 2, 3, 4, 5, 6, 7, 8, 11, 17, 22, 24, 27, ], [6: 9, 10, 12, 16, 20, 28, 30, ], ] 150
13 20 [[0: 0, 1, 2, 3, 4, 5, 6, 7, 8, 9, 23, 28, 29, 31, 32, ], [1: 0, 1, 2, 3, 4, 5, 6, 7, 8, 9, 20, 21, 25, 26, 27, ], [2: 0, 1, 2, 3, 4, 5, 6, 7, 8, 9, 13, 14, 15, 17, 22, 24, ], [3: 0, 1, 2, 3, 4, 5, 6, 7, 8, 9, 16, 18, 19, 30, ], [4: 10, 11, 12, 20, 21, 25, 26, 27, ], [5: 10, 11, 12, 23, 28, 29, 31, 32, ], [6: 10, 11, 12, 13, 14, 15, 17, 22, 24, ], ] 153
14 14 [[0: 0, 1, 2, 6, 7, 9, 11, 16, 23, 25, 26, ], [1: 3, 4, 5, 8, 10, 12, 13, 16, 23, 25, 26, ], [2: 0, 1, 2, 6, 7, 9, 11, 14, 18, 19, 21, 22, ], [3: 3, 4, 5, 8, 10, 12, 13, 14, 18, 19, 21, 22, ], [4: 0, 1, 2, 6, 7, 9, 11, 15, 17, 20, 24, 27, ], [5: 3, 4, 5, 8, 10, 12, 13, 15, 17, 20, 24, 27, ], ] 110
14 15 [[0: 2, 5, 6, 9, 11, 12, 13, 14, 16, 17, 19, 23, 25, ], [1: 0, 1, 3, 4, 7, 8, 10, 14, 16, 17, 19, 23, 25, ], [2: 0, 1, 3, 4, 7, 8, 10, 15, 18, 20, 26, 28, ], [3: 2, 5, 6, 9, 11, 12, 13, 21, 22, 24, 27, ], [4: 2, 5, 6, 9, 11, 12, 13, 15, 18, 20, 26, 28, ], [5: 0, 1, 3, 4, 7, 8, 10, 21, 22, 24, 27, ], ] 116
14 16 [[0: 0, 1, 4, 5, 7, 8, 10, 21, 22, 23, 24, 27, 28, ], [1: 0, 1, 4, 5, 7, 8, 10, 15, 16, 25, 26, 29, ], [2: 0, 1, 4, 5, 7, 8, 10, 14, 17, 18, 19, 20, ], [3: 2, 3, 6, 9, 11, 12, 13, 21, 22, 23, 24, 27, 28, ], [4: 2, 3, 6, 9, 11, 12, 13, 14, 17, 18, 19, 20, ], [5: 2, 3, 6, 9, 11, 12, 13, 15, 16, 25, 26, 29, ], ] 121
14 17 [[0: 0, 1, 2, 3, 4, 5, 6, 7, 8, 11, 12, 13, 16, 17, 18, 21, 27, ], [1: 0, 1, 2, 3, 4, 5, 6, 7, 8, 11, 12, 13, 19, 23, 24, 28, 29, 30, ], [2: 0, 1, 2, 3, 4, 5, 6, 7, 8, 11, 12, 13, 14, 15, 20, 22, 25, 26, ], [3: 9, 10, 16, 18, 21, 27, ], [4: 9, 10, 14, 15, 20, 22, 25, 26, ], ] 157
14 18 [[0: 0, 6, 7, 10, 12, 13, 14, 15, 19, 20, 27, 29, ], [1: 1, 2, 3, 4, 5, 8, 9, 11, 16, 18, 23, 25, 26, 30, ], [2: 0, 6, 7, 10, 12, 13, 17, 21, 22, 24, 28, 31, ], [3: 0, 6, 7, 10, 12, 13, 16, 18, 23, 25, 26, 30, ], [4: 1, 2, 3, 4, 5, 8, 9, 11, 17, 21, 22, 24, 28, 31, ], [5: 1, 2, 3, 4, 5, 8, 9, 11, 14, 15, 19, 20, 27, 29, ], ] 134
14 19 [[0: 0, 3, 7, 9, 10, 11, 12, 15, 19, 20, 22, 25, 26, ], [1: 0, 3, 7, 9, 10, 11, 12, 17, 18, 23, 28, 30, 31, ], [2: 1, 2, 4, 5, 6, 8, 13, 14, 16, 21, 24, 27, 29, 32, ], [3: 0, 3, 7, 9, 10, 11, 12, 14, 16, 21, 24, 27, 29, 32, ], [4: 1, 2, 4, 5, 6, 8, 13, 15, 19, 20, 22, 25, 26, ], [5: 1, 2, 4, 5, 6, 8, 13, 17, 18, 23, 28, 30, 31, ], ] 140
14 20 [[0: 4, 5, 6, 7, 8, 10, 11, 18, 23, 27, 29, 30, 31, ], [1: 0, 1, 2, 3, 9, 12, 13, 20, 21, 22, 24, 25, 26, 32, ], [2: 0, 1, 2, 3, 9, 12, 13, 14, 15, 16, 17, 19, 28, 33, ], [3: 4, 5, 6, 7, 8, 10, 11, 14, 15, 16, 17, 19, 28, 33, ], [4: 4, 5, 6, 7, 8, 10, 11, 20, 21, 22, 24, 25, 26, 32, ], [5: 0, 1, 2, 3, 9, 12, 13, 18, 23, 27, 29, 30, 31, ], ] 147
15 15 [[0: 1, 2, 5, 8, 10, 11, 12, 14, 18, 19, 20, 23, 28, ], [1: 0, 3, 4, 6, 7, 9, 13, 16, 17, 24, 25, 29, ], [2: 0, 3, 4, 6, 7, 9, 13, 15, 21, 22, 26, 27, ], [3: 1, 2, 5, 8, 10, 11, 12, 14, 15, 21, 22, 26, 27, ], [4: 1, 2, 5, 8, 10, 11, 12, 14, 16, 17, 24, 25, 29, ], [5: 0, 3, 4, 6, 7, 9, 13, 18, 19, 20, 23, 28, ], ] 124
15 16 [[0: 0, 1, 2, 3, 5, 10, 12, 13, 20, 23, 25, 29, 30, ], [1: 0, 1, 2, 3, 5, 10, 12, 13, 16, 17, 18, 24, 27, ], [2: 0, 1, 2, 3, 5, 10, 12, 13, 15, 19, 21, 22, 26, 28, ], [3: 4, 6, 7, 8, 9, 11, 14, 20, 23, 25, 29, 30, ], [4: 4, 6, 7, 8, 9, 11, 14, 15, 19, 21, 22, 26, 28, ], [5: 4, 6, 7, 8, 9, 11, 14, 16, 17, 18, 24, 27, ], ] 130
15 17 [[0: 1, 4, 6, 7, 8, 10, 11, 12, 20, 21, 23, 24, 30, ], [1: 0, 2, 3, 5, 9, 13, 14, 20, 21, 23, 24, 30, ], [2: 1, 4, 6, 7, 8, 10, 11, 12, 19, 22, 25, 26, 27, 28, ], [3: 1, 4, 6, 7, 8, 10, 11, 12, 15, 16, 17, 18, 29, 31, ], [4: 0, 2, 3, 5, 9, 13, 14, 15, 16, 17, 18, 29, 31, ], [5: 0, 2, 3, 5, 9, 13, 14, 19, 22, 25, 26, 27, 28, ], ] 136
15 18 [[0: 1, 2, 3, 4, 6, 8, 12, 13, 19, 22, 23, 29, 30, 32, ], [1: 1, 2, 3, 4, 6, 8, 12, 13, 20, 21, 24, 25, 26, 27, ], [2: 1, 2, 3, 4, 6, 8, 12, 13, 15, 16, 17, 18, 28, 31, ], [3: 0, 5, 7, 9, 10, 11, 14, 15, 16, 17, 18, 28, 31, ], [4: 0, 5, 7, 9, 10, 11, 14, 20, 21, 24, 25, 26, 27, ], [5: 0, 5, 7, 9, 10, 11, 14, 19, 22, 23, 29, 30, 32, ], ] 142
15 19 [[0: 1, 2, 3, 4, 6, 10, 11, 14, 16, 20, 22, 23, 25, 30, ], [1: 1, 2, 3, 4, 6, 10, 11, 14, 15, 17, 21, 26, 27, 28, 29, ], [2: 0, 5, 7, 8, 9, 12, 13, 16, 20, 22, 23, 25, 30, ], [3: 1, 2, 3, 4, 6, 10, 11, 14, 18, 19, 24, 31, 32, 33, ], [4: 0, 5, 7, 8, 9, 12, 13, 18, 19, 24, 31, 32, 33, ], [5: 0, 5, 7, 8, 9, 12, 13, 15, 17, 21, 26, 27, 28, 29, ], ] 149
15 20 [[0: 0, 1, 2, 3, 4, 5, 12, 13, 20, 21, 25, 26, 28, 29, 34, ], [1: 0, 1, 2, 3, 4, 5, 12, 13, 15, 22, 24, 27, 30, 31, 33, ], [2: 0, 1, 2, 3, 4, 5, 12, 13, 16, 17, 18, 19, 23, 32, ], [3: 6, 7, 8, 9, 10, 11, 14, 15, 22, 24, 27, 30, 31, 33, ], [4: 6, 7, 8, 9, 10, 11, 14, 20, 21, 25, 26, 28, 29, 34, ], [5: 6, 7, 8, 9, 10, 11, 14, 16, 17, 18, 19, 23, 32, ], ] 156
16 16 [[0: 2, 3, 4, 7, 12, 13, 14, 15, 25, 27, 28, 30, 31, ], [1: 0, 1, 5, 6, 8, 9, 10, 11, 19, 21, 22, 24, 26, ], [2: 2, 3, 4, 7, 12, 13, 14, 15, 16, 17, 18, 20, 23, 29, ], [3: 0, 1, 5, 6, 8, 9, 10, 11, 25, 27, 28, 30, 31, ], [4: 2, 3, 4, 7, 12, 13, 14, 15, 19, 21, 22, 24, 26, ], [5: 0, 1, 5, 6, 8, 9, 10, 11, 16, 17, 18, 20, 23, 29, ], ] 139
16 17 [[0: 0, 1, 2, 4, 5, 6, 7, 13, 17, 18, 21, 23, 26, 31, ], [1: 0, 1, 2, 4, 5, 6, 7, 13, 16, 22, 24, 27, 29, 32, ], [2: 3, 8, 9, 10, 11, 12, 14, 15, 16, 22, 24, 27, 29, 32, ], [3: 3, 8, 9, 10, 11, 12, 14, 15, 19, 20, 25, 28, 30, ], [4: 0, 1, 2, 4, 5, 6, 7, 13, 19, 20, 25, 28, 30, ], [5: 3, 8, 9, 10, 11, 12, 14, 15, 17, 18, 21, 23, 26, 31, ], ] 145
16 18 [[0: 1, 3, 4, 5, 7, 8, 9, 14, 18, 20, 26, 30, 31, 32, ], [1: 0, 2, 6, 10, 11, 12, 13, 15, 22, 23, 24, 27, 28, 29, ], [2: 1, 3, 4, 5, 7, 8, 9, 14, 16, 17, 19, 21, 25, 33, ], [3: 0, 2, 6, 10, 11, 12, 13, 15, 16, 17, 19, 21, 25, 33, ], [4: 1, 3, 4, 5, 7, 8, 9, 14, 22, 23, 24, 27, 28, 29, ], [5: 0, 2, 6, 10, 11, 12, 13, 15, 18, 20, 26, 30, 31, 32, ], ] 151
16 19 [[0: 2, 3, 4, 5, 7, 8, 9, 10, 12, 16, 19, 22, 26, 27, 28, ], [1: 2, 3, 4, 5, 7, 8, 9, 10, 12, 18, 21, 23, 25, 33, 34, ], [2: 0, 1, 6, 11, 13, 14, 15, 16, 19, 22, 26, 27, 28, ], [3: 0, 1, 6, 11, 13, 14, 15, 17, 20, 24, 29, 30, 31, 32, ], [4: 2, 3, 4, 5, 7, 8, 9, 10, 12, 17, 20, 24, 29, 30, 31, 32, ], [5: 0, 1, 6, 11, 13, 14, 15, 18, 21, 23, 25, 33, 34, ], ] 159
16 20 [[0: 3, 5, 6, 7, 10, 12, 13, 15, 28, 30, 31, 32, 33, 34, 35, ], [1: 3, 5, 6, 7, 10, 12, 13, 15, 17, 18, 19, 23, 24, 26, ], [2: 3, 5, 6, 7, 10, 12, 13, 15, 16, 20, 21, 22, 25, 27, 29, ], [3: 0, 1, 2, 4, 8, 9, 11, 14, 28, 30, 31, 32, 33, 34, 35, ], [4: 0, 1, 2, 4, 8, 9, 11, 14, 17, 18, 19, 23, 24, 26, ], [5: 0, 1, 2, 4, 8, 9, 11, 14, 16, 20, 21, 22, 25, 27, 29, ], ] 165
17 17 [[0: 4, 8, 9, 12, 13, 17, 18, 20, 27, 28, 29, 30, 33, ], [1: 0, 1, 2, 3, 5, 15, 17, 18, 20, 27, 28, 29, 30, 33, ], [2: 6, 7, 10, 11, 14, 16, 17, 18, 20, 27, 28, 29, 30, 33, ], [3: 0, 1, 2, 3, 5, 15, 19, 21, 22, 23, 24, 25, 26, 31, 32, ], [4: 6, 7, 10, 11, 14, 16, 19, 21, 22, 23, 24, 25, 26, 31, 32, ], [5: 4, 8, 9, 12, 13, 19, 21, 22, 23, 24, 25, 26, 31, 32, ], ] 155
17 18 [[0: 3, 5, 6, 7, 8, 10, 11, 13, 15, 18, 21, 25, 27, 28, 32, ], [1: 3, 5, 6, 7, 8, 10, 11, 13, 15, 22, 23, 30, 31, 33, 34, ], [2: 3, 5, 6, 7, 8, 10, 11, 13, 15, 17, 19, 20, 24, 26, 29, ], [3: 0, 1, 2, 4, 9, 12, 14, 16, 17, 19, 20, 24, 26, 29, ], [4: 0, 1, 2, 4, 9, 12, 14, 16, 22, 23, 30, 31, 33, 34, ], [5: 0, 1, 2, 4, 9, 12, 14, 16, 18, 21, 25, 27, 28, 32, ], ] 161
17 19 [[0: 1, 2, 5, 7, 10, 11, 14, 15, 23, 25, 31, 32, 33, 35, ], [1: 0, 3, 4, 6, 8, 9, 12, 13, 16, 17, 22, 26, 28, 29, 34, ], [2: 0, 3, 4, 6, 8, 9, 12, 13, 16, 18, 19, 20, 21, 24, 27, 30, ], [3: 0, 3, 4, 6, 8, 9, 12, 13, 16, 23, 25, 31, 32, 33, 35, ], [4: 1, 2, 5, 7, 10, 11, 14, 15, 18, 19, 20, 21, 24, 27, 30, ], [5: 1, 2, 5, 7, 10, 11, 14, 15, 17, 22, 26, 28, 29, 34, ], ] 168
17 20 [[0: 0, 1, 2, 3, 6, 7, 8, 9, 11, 14, 16, 20, 21, 22, 24, 36, ], [1: 0, 1, 2, 3, 6, 7, 8, 9, 11, 14, 16, 25, 26, 27, 28, 34, ], [2: 0, 1, 2, 3, 6, 7, 8, 9, 11, 14, 16, 18, 19, 23, 30, 35, ], [3: 4, 5, 10, 12, 13, 15, 25, 26, 27, 28, 34, ], [4: 4, 5, 10, 12, 13, 15, 18, 19, 23, 30, 35, ], [5: 0, 1, 2, 3, 6, 7, 8, 9, 11, 14, 16, 17, 29, 31, 32, 33, ], [6: 4, 5, 10, 12, 13, 15, 20, 21, 22, 24, 36, ], [7: 4, 5, 10, 12, 13, 15, 17, 29, 31, 32, 33, ], ] 181
18 18 [[0: 0, 3, 4, 5, 6, 7, 8, 12, 15, 23, 24, 28, 33, 34, 35, ], [1: 0, 3, 4, 5, 6, 7, 8, 12, 15, 22, 25, 26, 27, 30, 32, ], [2: 0, 3, 4, 5, 6, 7, 8, 12, 15, 18, 19, 20, 21, 29, 31, ], [3: 1, 2, 9, 10, 11, 13, 14, 16, 17, 22, 25, 26, 27, 30, 32, ], [4: 1, 2, 9, 10, 11, 13, 14, 16, 17, 23, 24, 28, 33, 34, 35, ], [5: 1, 2, 9, 10, 11, 13, 14, 16, 17, 18, 19, 20, 21, 29, 31, ], ] 171
18 19 [[0: 0, 1, 2, 3, 4, 5, 6, 10, 11, 23, 24, 25, 28, 34, 36, ], [1: 0, 1, 2, 3, 4, 5, 6, 10, 11, 19, 21, 22, 26, 27, 29, 32, ], [2: 7, 8, 9, 12, 13, 14, 15, 16, 17, 18, 20, 30, 31, 33, 35, ], [3: 7, 8, 9, 12, 13, 14, 15, 16, 17, 23, 24, 25, 28, 34, 36, ], [4: 0, 1, 2, 3, 4, 5, 6, 10, 11, 18, 20, 30, 31, 33, 35, ], [5: 7, 8, 9, 12, 13, 14, 15, 16, 17, 19, 21, 22, 26, 27, 29, 32, ], ] 178
18 20 [[0: 4, 6, 7, 8, 10, 12, 13, 15, 17, 30, 31, 32, 33, 34, 35, 37, ], [1: 4, 6, 7, 8, 10, 12, 13, 15, 17, 21, 22, 24, 28, 29, 36, ], [2: 0, 1, 2, 3, 5, 9, 11, 14, 16, 18, 19, 20, 23, 25, 26, 27, ], [3: 4, 6, 7, 8, 10, 12, 13, 15, 17, 18, 19, 20, 23, 25, 26, 27, ], [4: 0, 1, 2, 3, 5, 9, 11, 14, 16, 21, 22, 24, 28, 29, 36, ], [5: 0, 1, 2, 3, 5, 9, 11, 14, 16, 30, 31, 32, 33, 34, 35, 37, ], ] 185
19 19 [[0: 0, 3, 5, 7, 8, 10, 12, 14, 15, 16, 21, 22, 28, 29, 33, 36, ], [1: 1, 2, 4, 6, 9, 11, 13, 17, 18, 19, 24, 26, 31, 32, 37, ], [2: 1, 2, 4, 6, 9, 11, 13, 17, 18, 21, 22, 28, 29, 33, 36, ], [3: 1, 2, 4, 6, 9, 11, 13, 17, 18, 20, 23, 25, 27, 30, 34, 35, ], [4: 0, 3, 5, 7, 8, 10, 12, 14, 15, 16, 19, 24, 26, 31, 32, 37, ], [5: 0, 3, 5, 7, 8, 10, 12, 14, 15, 16, 20, 23, 25, 27, 30, 34, 35, ], ] 189
19 20 [[0: 0, 1, 2, 3, 6, 8, 9, 13, 14, 15, 18, 23, 25, 26, 31, 33, 35, 36, ], [1: 0, 1, 2, 3, 6, 8, 9, 13, 14, 15, 18, 21, 22, 27, 28, 29, 34, ], [2: 4, 5, 7, 10, 11, 12, 16, 17, 23, 25, 26, 31, 33, 35, 36, ], [3: 0, 1, 2, 3, 6, 8, 9, 13, 14, 15, 18, 19, 20, 24, 30, 32, 37, 38, ], [4: 4, 5, 7, 10, 11, 12, 16, 17, 21, 22, 27, 28, 29, 34, ], [5: 4, 5, 7, 10, 11, 12, 16, 17, 19, 20, 24, 30, 32, 37, 38, ], ] 198
20 20 [[0: 6, 8, 10, 12, 15, 16, 17, 20, 21, 22, 23, 24, 25, 26, 27, 29, 31, 35, ], [1: 6, 8, 10, 12, 15, 16, 17, 28, 30, 32, 33, 34, 36, 37, 38, 39, ], [2: 4, 5, 9, 11, 13, 14, 20, 21, 22, 23, 24, 25, 26, 27, 29, 31, 35, ], [3: 0, 1, 2, 3, 7, 18, 19, 20, 21, 22, 23, 24, 25, 26, 27, 29, 31, 35, ], [4: 0, 1, 2, 3, 7, 18, 19, 28, 30, 32, 33, 34, 36, 37, 38, 39, ], [5: 4, 5, 9, 11, 13, 14, 28, 30, 32, 33, 34, 36, 37, 38, 39, ], ] 208
