23 33 
4 22 147 165 179 286 
176 277 
72 80 82 98 103 115 184 238 239 248 251 278 301 
3 12 14 16 27 29 34 41 64 65 72 81 88 92 96 106 112 133 144 150 157 158 165 175 190 230 236 247 258 276 282 299 300 
24 49 54 183 210 212 222 243 255 267 
32 51 86 125 131 135 172 209 278 279 288 300 
93 114 199 
2 3 9 10 11 13 37 39 42 64 68 70 73 74 78 79 85 90 96 99 101 102 108 117 123 138 139 143 153 155 156 162 163 164 175 180 186 187 188 193 202 213 214 226 235 237 242 244 246 254 256 258 275 279 280 288 291 293 302 307 
11 36 53 86 100 101 104 107 120 126 152 157 169 178 216 218 229 249 271 
46 50 67 122 124 127 134 145 200 206 208 260 273 283 311 
310 
28 31 41 52 84 100 136 184 191 256 265 273 281 294 
2 14 15 18 45 58 76 95 108 162 166 171 176 210 211 221 230 255 261 262 
0 55 59 116 146 268 293 
26 130 252 
203 
5 8 17 21 28 44 57 61 63 78 83 87 91 94 105 111 118 159 181 182 190 205 224 241 284 285 298 312 
12 18 19 30 34 40 48 68 82 83 87 89 109 113 119 120 122 128 130 137 141 150 159 161 167 174 179 182 198 204 206 233 237 239 240 242 257 259 260 272 290 309 311 
1 22 37 43 45 47 56 69 75 90 110 129 192 207 228 231 251 274 275 283 289 
4 13 94 97 99 110 121 143 144 145 173 185 195 262 
23 50 135 183 
75 154 267 
263 
62 132 266 286 287 
95 217 
77 97 121 155 212 243 295 299 308 
5 6 25 35 71 80 128 141 164 180 195 197 215 220 225 227 236 263 268 282 
24 60 151 160 168 197 201 208 232 233 246 269 298 302 
26 125 158 177 189 223 261 305 
1 6 7 8 25 32 33 36 38 54 65 67 73 88 89 98 102 107 109 112 115 127 140 142 148 149 151 170 178 185 189 193 194 196 198 207 215 216 217 219 227 234 238 240 245 250 253 264 265 270 280 281 285 292 296 297 303 304 306 312 
20 21 35 66 
