27 76 126 133 139 198 227 241 253 267 
16 25 36 39 74 80 114 172 180 194 230 258 278 282 285 
6 13 61 148 155 164 216 295 302 317 
44 45 134 163 202 349 388 
12 51 60 62 97 121 
19 28 31 64 91 118 
20 29 32 58 74 102 144 154 185 191 217 289 375 387 
49 149 181 246 283 328 345 368 
34 82 92 108 219 264 268 342 353 
1 26 87 161 197 219 355 
123 133 136 232 330 
25 39 42 72 102 
102 113 122 145 150 161 174 185 218 245 257 268 299 410 
157 159 169 177 208 270 314 334 340 
103 190 239 291 297 370 393 
68 69 94 121 129 140 235 242 270 294 328 364 
29 45 62 74 104 112 122 
26 57 103 176 281 305 320 374 
11 18 40 55 170 
12 95 112 139 158 205 220 238 256 310 363 
23 65 94 204 330 354 
15 28 70 75 91 103 127 156 173 195 223 243 253 263 272 
35 45 79 87 98 116 154 227 243 273 296 302 327 
39 51 81 97 156 194 199 200 232 241 247 290 318 322 330 355 
149 160 244 249 317 
6 54 66 106 131 147 155 203 248 252 269 373 382 
96 153 180 199 220 225 266 312 314 
35 92 105 139 141 149 152 212 254 282 291 
6 13 34 38 50 58 61 85 86 130 148 155 164 187 188 200 205 224 225 
186 224 300 304 313 347 
2 20 61 67 114 115 127 134 210 215 268 279 306 321 
148 164 187 305 307 323 
10 52 54 62 78 130 191 217 222 265 293 301 
1 16 38 46 67 72 74 83 87 89 90 98 124 161 175 192 197 204 248 258 
22 46 81 86 93 135 190 192 195 196 202 207 215 220 236 260 348 
128 136 146 166 168 193 226 254 264 318 327 
28 46 48 71 73 86 99 110 118 170 171 174 237 284 299 307 
27 39 76 102 108 126 133 139 146 155 162 165 179 180 191 198 199 267 
204 214 252 255 
87 89 175 229 278 
14 29 186 220 292 336 
3 96 173 184 230 323 337 344 383 
32 79 95 170 239 290 291 297 309 
0 8 30 40 55 59 60 79 88 94 114 116 129 142 179 197 218 253 263 266 
157 160 212 229 271 329 
4 54 72 88 
2 224 309 316 397 
0 10 11 16 36 43 51 61 64 85 86 92 95 97 98 100 111 116 118 121 125 126 127 131 138 139 142 157 168 176 219 
2 127 149 268 323 
33 46 48 99 107 
71 109 186 228 398 
12 162 213 323 326 420 
8 11 17 31 44 47 71 77 111 135 210 216 240 244 249 250 262 299 
19 30 34 92 129 133 
56 66 198 212 
5 18 27 71 149 
7 50 52 54 60 70 102 110 137 140 146 184 250 258 302 311 312 332 
34 72 87 92 367 
4 37 41 83 87 118 143 166 175 207 214 277 290 382 
15 88 107 152 171 183 202 226 252 268 301 
29 96 162 277 
43 76 90 91 125 133 154 235 249 275 301 305 313 336 
61 85 138 170 198 242 271 
15 93 94 269 349 
64 74 246 288 299 358 
19 23 41 50 57 66 110 117 121 131 151 172 183 194 197 204 224 262 
3 14 23 49 57 63 65 83 94 105 112 127 132 172 189 204 219 279 318 
43 72 74 92 116 170 
60 75 84 173 176 
0 85 97 116 142 212 296 
13 54 57 72 93 
0 2 25 62 65 161 
43 51 64 92 125 131 170 189 211 219 
4 19 49 72 75 80 84 182 200 203 240 272 287 
12 18 22 34 39 
51 72 204 236 271 286 405 
5 53 65 106 113 114 124 129 171 206 214 231 296 302 311 
24 132 167 181 216 233 238 255 265 267 298 304 351 
89 100 144 230 271 315 324 326 347 
88 91 93 101 123 126 138 152 188 223 259 262 
36 61 160 211 242 
72 184 210 213 
27 65 152 251 295 393 
16 43 97 100 118 126 157 189 274 
133 214 218 223 333 380 
8 77 96 116 
103 136 157 170 176 
0 2 104 123 161 248 306 325 348 
25 37 58 78 89 100 144 181 193 230 271 291 
38 67 72 89 197 204 219 267 278 
88 98 161 169 296 
31 70 138 151 170 210 266 302 398 
47 60 77 93 124 150 236 244 303 341 
102 155 179 180 198 227 241 295 319 
30 55 66 197 218 292 307 
40 60 97 161 257 
188 213 264 315 318 338 
7 17 22 24 42 52 104 105 109 112 113 120 122 123 141 143 149 162 176 187 196 246 247 258 279 296 
12 48 90 104 109 186 209 211 225 228 262 277 282 
14 20 41 81 122 202 205 207 228 256 257 259 295 337 
67 124 229 384 
11 160 229 233 257 
1 69 82 112 142 165 175 222 245 256 293 300 313 349 354 
33 40 43 118 210 229 238 253 260 282 283 306 
10 44 56 60 62 130 135 141 163 172 231 235 280 285 289 293 
19 25 28 88 115 134 184 208 242 246 329 331 
41 57 117 121 151 172 236 255 259 364 
13 59 62 106 109 122 123 156 219 261 266 278 281 316 319 
140 145 169 211 311 323 340 347 
5 23 25 54 70 71 85 90 95 114 128 132 136 137 143 146 156 157 166 168 193 226 254 264 269 
12 18 33 36 45 55 63 80 96 108 111 153 161 178 180 183 192 199 201 224 257 
4 6 19 41 49 72 75 80 84 125 182 205 248 287 
2 5 52 86 135 
273 327 375 388 397 
1 82 222 360 369 380 
3 7 14 17 21 33 42 47 
63 78 162 230 234 
18 99 310 399 
111 160 198 221 229 
56 82 120 161 246 269 311 
20 25 26 30 48 78 119 
5 6 22 41 66 70 
107 252 374 401 
117 183 224 255 276 401 
51 131 198 211 255 
21 73 151 205 262 
10 61 126 189 195 257 
41 82 236 239 337 
50 117 151 236 252 307 346 
50 64 74 99 164 
8 11 111 210 315 361 
22 65 69 70 94 
46 69 150 175 224 
38 74 161 267 275 325 
36 125 274 346 
23 28 109 197 
4 20 53 154 
44 151 246 258 
0 92 94 152 242 
17 71 128 376 426 
10 12 36 77 114 
9 40 135 159 208 
21 24 31 104 
219 233 255 271 329 
24 98 300 
12 17 49 52 80 176 203 
20 21 38 90 
13 116 134 257 
15 27 47 171 
132 409 
96 153 221 328 407 414 
34 50 69 85 165 
32 40 65 141 246 
15 20 125 127 186 347 
4 181 324 383 
139 165 180 292 317 336 
46 52 112 123 149 181 
73 99 110 174 237 284 345 346 348 364 
46 58 66 81 87 
17 71 72 73 179 
31 65 154 300 
5 15 60 113 223 
239 286 291 297 304 309 363 
3 28 45 50 95 
74 175 197 267 333 
12 17 48 55 81 113 
17 18 36 96 153 178 183 199 201 203 225 279 
10 11 72 90 156 
7 22 141 149 251 327 363 
55 122 162 178 184 
32 33 37 72 178 
75 133 149 173 
36 44 149 163 
191 198 319 331 336 
11 55 133 167 200 
51 54 71 151 168 
185 186 211 257 
2 110 173 
95 113 121 133 136 
7 22 26 44 176 
64 67 78 81 96 103 
10 86 100 126 139 160 168 356 
192 194 205 275 293 298 358 
18 66 151 172 278 
35 87 243 273 343 363 375 379 
105 137 138 162 318 
3 25 66 83 326 
105 109 122 196 251 338 
72 159 166 181 
34 195 259 271 
21 35 65 76 106 
64 160 233 236 
16 121 127 160 233 242 
173 200 209 216 
70 102 184 250 312 340 358 
110 117 236 278 280 
82 120 311 337 406 413 
0 8 59 292 296 307 
8 11 54 62 
32 83 102 392 
7 52 196 288 417 
91 93 143 258 
3 12 20 34 74 
101 134 169 234 
4 14 23 394 
17 108 161 192 199 201 221 225 
75 177 193 200 
151 317 391 
51 63 199 215 
225 305 317 
77 124 389 390 
35 212 291 320 372 
58 144 164 216 331 343 
44 51 87 142 240 
58 70 100 332 377 
11 15 22 34 
21 47 48 167 
68 129 242 386 395 
161 325 337 418 
117 147 151 235 
13 39 46 132 
134 210 323 347 
63 94 189 326 329 366 
2 95 129 134 167 242 
138 142 175 352 354 
18 31 41 224 262 
114 307 381 
9 37 140 165 181 
19 26 181 208 
8 79 284 304 321 365 
46 87 275 333 
63 178 192 201 220 266 
36 221 261 
135 190 207 215 260 346 348 370 
88 124 145 195 
99 189 238 357 377 
104 186 369 380 
5 14 53 106 359 
26 127 189 354 
26 38 229 
12 23 142 
11 86 204 212 
7 109 187 288 338 
67 83 258 267 275 278 301 
14 19 49 66 84 
194 314 415 
51 62 81 144 
13 36 99 195 263 
2 7 63 259 
127 143 381 
39 97 100 118 165 
18 49 78 96 102 
55 312 403 
16 83 89 301 333 355 367 
50 61 71 157 216 
48 72 350 
80 314 427 
27 58 78 325 
6 11 60 72 135 
49 110 129 
98 140 234 
26 74 99 161 219 
54 178 315 317 370 
14 16 38 51 94 175 
88 114 118 142 253 284 
154 164 305 392 
76 105 162 181 
0 17 45 50 63 94 
222 300 352 354 369 
10 34 177 
94 193 262 364 
28 75 103 243 263 272 321 359 
212 282 291 310 383 
28 70 75 96 429 
92 149 212 254 308 310 361 372 
153 173 213 
26 34 37 48 
29 71 128 136 364 
136 142 149 
26 90 138 225 
114 249 431 
140 358 408 
36 70 170 266 424 
23 39 43 
229 277 378 380 
17 31 47 250 315 351 361 
0 104 111 170 
35 47 57 188 
130 163 280 285 289 293 349 374 
2 26 344 359 
49 72 114 128 254 
55 59 79 88 129 240 262 
253 396 
144 202 294 365 
14 55 151 172 197 
7 371 394 
49 111 314 332 
169 334 439 
191 222 265 419 
234 370 385 417 
39 416 432 
25 147 324 428 
412 443 
48 225 362 398 
168 318 425 
266 400 
13 24 103 109 162 
81 129 136 
198 211 229 339 
22 247 251 422 
122 421 
24 104 251 258 296 
275 448 
435 437 
73 217 231 339 
2 32 239 289 
7 442 
19 28 115 134 184 208 341 401 
277 423 
104 438 
47 96 153 201 382 
402 411 
41 282 446 
104 436 
184 430 
182 347 366 
225 398 433 
249 440 
292 300 304 
278 404 
445 
162 273 319 
43 260 282 283 306 322 335 
95 108 144 
447 
449 
387 434 
441 
444 
